NbNodes = 105;
NbNDDs = 5;
NbPairs = 95;
NbTerminals = 5;
K = 0;
L = 97;
Wt = [
[-9999, -9999, -9999, -9999, -9999, 28, -9999, -9999, -9999, 60, -9999, -9999, -9999, 46, 76, -9999, -9999, -9999, -9999, -9999, -9999, -9999, -9999, -9999, -9999, -9999, -9999, -9999, -9999, -9999, -9999, -9999, -9999, -9999, 76, 93, 48, 6, -9999, -9999, -9999, -9999, -9999, 61, -9999, -9999, -9999, -9999, -9999, -9999, -9999, -9999, 92, -9999, -9999, -9999, -9999, -9999, -9999, -9999, -9999, -9999, -9999, -9999, -9999, -9999, 69, -9999, -9999, -9999, -9999, 88, -9999, -9999, -9999, 96, -9999, -9999, -9999, -9999, -9999, -9999, -9999, -9999, -9999, 73, -9999, -9999, 45, -9999, -9999, -9999, -9999, -9999, -9999, -9999, -9999, -9999, 97, 15, 1, 1, 1, 1, 1],
[-9999, -9999, -9999, -9999, -9999, -9999, -9999, -9999, 39, 59, -9999, -9999, -9999, 48, -9999, -9999, -9999, -9999, -9999, -9999, -9999, -9999, -9999, -9999, -9999, -9999, -9999, 38, -9999, -9999, -9999, -9999, -9999, -9999, -9999, 25, 55, -9999, -9999, -9999, -9999, -9999, -9999, -9999, -9999, -9999, -9999, -9999, -9999, -9999, -9999, -9999, -9999, -9999, -9999, -9999, -9999, -9999, -9999, -9999, -9999, -9999, -9999, -9999, -9999, 65, -9999, -9999, -9999, 62, -9999, -9999, -9999, -9999, -9999, 78, -9999, -9999, -9999, -9999, -9999, -9999, -9999, -9999, -9999, -9999, -9999, -9999, 96, -9999, -9999, 54, -9999, -9999, -9999, -9999, -9999, -9999, -9999, 92, 1, 1, 1, 1, 1],
[-9999, -9999, -9999, -9999, -9999, -9999, 70, 74, 58, 21, -9999, -9999, 11, 100, 31, -9999, 13, 39, -9999, -9999, -9999, 91, -9999, -9999, -9999, 43, -9999, 24, 33, -9999, -9999, -9999, -9999, -9999, -9999, 38, 3, -9999, -9999, -9999, 42, -9999, -9999, 61, -9999, -9999, 41, -9999, -9999, -9999, 41, 99, -9999, -9999, 25, -9999, -9999, -9999, -9999, -9999, -9999, -9999, 71, -9999, -9999, -9999, -9999, 53, -9999, 44, -9999, -9999, -9999, -9999, 62, 86, -9999, -9999, 54, 54, 29, -9999, 7, 28, -9999, 77, 1, 83, 14, -9999, -9999, 29, -9999, -9999, -9999, -9999, -9999, -9999, -9999, -9999, 1, 1, 1, 1, 1],
[-9999, -9999, -9999, -9999, -9999, -9999, -9999, -9999, 80, 19, -9999, -9999, -9999, 86, 77, -9999, -9999, -9999, -9999, -9999, -9999, -9999, -9999, -9999, -9999, -9999, -9999, -9999, -9999, -9999, -9999, -9999, -9999, -9999, -9999, 51, 3, 100, -9999, -9999, -9999, -9999, -9999, 91, -9999, -9999, -9999, -9999, -9999, -9999, -9999, -9999, -9999, -9999, -9999, -9999, -9999, -9999, -9999, -9999, -9999, -9999, -9999, -9999, -9999, -9999, -9999, -9999, -9999, 12, -9999, -9999, -9999, -9999, -9999, 50, -9999, -9999, -9999, 62, -9999, -9999, -9999, -9999, -9999, 35, -9999, -9999, -9999, -9999, -9999, -9999, -9999, -9999, -9999, -9999, -9999, -9999, -9999, 58, 1, 1, 1, 1, 1],
[-9999, -9999, -9999, -9999, -9999, -9999, -9999, -9999, 1, 79, -9999, -9999, -9999, 74, 67, -9999, -9999, -9999, -9999, -9999, -9999, -9999, -9999, -9999, -9999, -9999, -9999, 99, -9999, -9999, -9999, -9999, -9999, -9999, -9999, -9999, -9999, 35, -9999, -9999, -9999, -9999, -9999, 38, -9999, -9999, -9999, -9999, -9999, -9999, -9999, -9999, -9999, -9999, -9999, -9999, -9999, -9999, -9999, -9999, 90, -9999, -9999, -9999, -9999, 74, -9999, -9999, -9999, -9999, -9999, -9999, -9999, -9999, -9999, -9999, -9999, -9999, -9999, 9, -9999, -9999, -9999, -9999, -9999, -9999, -9999, -9999, 55, -9999, -9999, -9999, -9999, -9999, -9999, -9999, -9999, -9999, -9999, 81, 1, 1, 1, 1, 1],
[-9999, -9999, -9999, -9999, -9999, -9999, 37, -9999, -9999, 57, -9999, -9999, -9999, -9999, 21, -9999, -9999, 95, -9999, -9999, -9999, -9999, -9999, -9999, -9999, 63, -9999, 20, -9999, -9999, -9999, -9999, 2, -9999, -9999, -9999, 52, -9999, -9999, -9999, 66, 82, -9999, 18, -9999, -9999, 14, -9999, -9999, -9999, 51, -9999, -9999, 35, 47, -9999, -9999, -9999, -9999, -9999, -9999, -9999, -9999, -9999, -9999, -9999, -9999, 1, -9999, -9999, 52, -9999, 73, -9999, 27, 16, -9999, -9999, 56, 48, 19, 28, 98, -9999, -9999, 66, -9999, -9999, 63, -9999, -9999, 5, -9999, -9999, -9999, -9999, -9999, -9999, -9999, -9999, 1, 1, 1, 1, 1],
[-9999, -9999, -9999, -9999, -9999, -9999, -9999, -9999, 36, 32, -9999, -9999, -9999, -9999, 93, -9999, -9999, -9999, -9999, -9999, -9999, -9999, -9999, -9999, -9999, -9999, -9999, 34, 80, -9999, -9999, -9999, -9999, -9999, -9999, 16, -9999, -9999, -9999, -9999, -9999, -9999, -9999, 85, -9999, -9999, -9999, -9999, -9999, -9999, -9999, -9999, -9999, -9999, -9999, -9999, -9999, -9999, -9999, -9999, -9999, -9999, -9999, -9999, -9999, -9999, -9999, -9999, -9999, -9999, -9999, -9999, -9999, -9999, -9999, 13, -9999, -9999, -9999, -9999, -9999, -9999, -9999, -9999, -9999, -9999, -9999, -9999, 81, -9999, -9999, 14, -9999, -9999, -9999, -9999, -9999, -9999, -9999, 38, 1, 1, 1, 1, 1],
[-9999, -9999, -9999, -9999, -9999, -9999, -9999, -9999, -9999, 30, -9999, -9999, -9999, 88, 30, -9999, -9999, -9999, -9999, -9999, -9999, -9999, -9999, -9999, -9999, -9999, -9999, 41, -9999, -9999, -9999, -9999, -9999, -9999, -9999, 85, 75, 50, -9999, -9999, -9999, -9999, -9999, 37, -9999, -9999, -9999, -9999, -9999, -9999, -9999, -9999, -9999, -9999, -9999, -9999, -9999, -9999, -9999, -9999, 2, -9999, -9999, -9999, -9999, 64, -9999, -9999, -9999, 31, -9999, -9999, -9999, -9999, -9999, -9999, -9999, -9999, -9999, -9999, -9999, -9999, -9999, -9999, -9999, -9999, -9999, -9999, -9999, -9999, -9999, 99, -9999, -9999, -9999, -9999, -9999, -9999, -9999, 54, 1, 1, 1, 1, 1],
[-9999, -9999, -9999, -9999, -9999, -9999, 36, 59, -9999, 41, 20, -9999, -9999, 82, 2, 45, -9999, 96, 69, -9999, -9999, 3, -9999, -9999, -9999, 3, 91, -9999, 65, -9999, 73, -9999, 83, -9999, -9999, 14, -9999, -9999, -9999, -9999, 59, -9999, 40, 12, -9999, 16, 84, -9999, -9999, 95, -9999, -9999, -9999, 6, 95, -9999, -9999, -9999, -9999, 98, -9999, -9999, -9999, 58, 72, -9999, 59, 1, -9999, -9999, 64, -9999, 6, -9999, 41, 24, -9999, -9999, 59, -9999, 38, 93, 18, 22, -9999, -9999, -9999, 33, 36, -9999, -9999, 10, -9999, -9999, 95, -9999, -9999, 92, -9999, 9, 1, 1, 1, 1, 1],
[-9999, -9999, -9999, -9999, -9999, -9999, -9999, -9999, -9999, -9999, -9999, -9999, -9999, -9999, -9999, -9999, -9999, -9999, -9999, -9999, -9999, -9999, -9999, -9999, -9999, -9999, -9999, -9999, -9999, -9999, -9999, -9999, -9999, -9999, -9999, -9999, 6, -9999, -9999, -9999, -9999, -9999, -9999, 67, -9999, -9999, -9999, -9999, -9999, -9999, -9999, -9999, -9999, -9999, -9999, -9999, -9999, -9999, -9999, -9999, -9999, -9999, -9999, -9999, -9999, -9999, -9999, -9999, -9999, 75, -9999, -9999, -9999, -9999, -9999, 79, -9999, -9999, -9999, -9999, -9999, -9999, -9999, -9999, -9999, -9999, -9999, -9999, -9999, -9999, -9999, -9999, -9999, -9999, -9999, -9999, -9999, -9999, -9999, 33, 1, 1, 1, 1, 1],
[-9999, -9999, -9999, -9999, -9999, -9999, 80, 76, -9999, 38, -9999, -9999, 84, 58, -9999, -9999, -9999, 66, 15, -9999, -9999, 44, -9999, -9999, 2, 44, 58, 100, -9999, -9999, 79, 84, 87, 34, -9999, 8, 58, 45, -9999, -9999, -9999, -9999, -9999, 60, 72, 46, 63, 47, -9999, -9999, 29, 45, -9999, 65, 65, -9999, -9999, -9999, -9999, -9999, -9999, -9999, -9999, -9999, 71, 52, -9999, 38, -9999, 37, -9999, -9999, 58, -9999, 36, 46, -9999, -9999, 60, 65, 12, -9999, 20, -9999, -9999, 12, -9999, -9999, 54, -9999, -9999, 19, -9999, -9999, -9999, -9999, -9999, 44, 81, -9999, 1, 1, 1, 1, 1],
[-9999, -9999, -9999, -9999, -9999, -9999, -9999, -9999, 68, 63, -9999, -9999, -9999, 54, 56, -9999, -9999, -9999, -9999, -9999, -9999, -9999, -9999, -9999, -9999, -9999, -9999, 77, -9999, -9999, -9999, -9999, -9999, -9999, -9999, 65, 81, -9999, -9999, -9999, -9999, -9999, -9999, 86, -9999, -9999, -9999, -9999, -9999, -9999, -9999, -9999, -9999, -9999, -9999, -9999, -9999, -9999, -9999, -9999, 71, -9999, -9999, -9999, -9999, 4, -9999, -9999, -9999, -9999, -9999, -9999, -9999, -9999, -9999, 5, -9999, -9999, -9999, -9999, -9999, -9999, -9999, -9999, -9999, 26, -9999, -9999, -9999, -9999, -9999, -9999, -9999, -9999, -9999, -9999, -9999, -9999, -9999, -9999, 1, 1, 1, 1, 1],
[-9999, -9999, -9999, -9999, -9999, -9999, 62, -9999, 83, 57, -9999, -9999, -9999, 10, 33, -9999, -9999, 67, -9999, -9999, -9999, 45, -9999, -9999, -9999, 7, -9999, 61, -9999, -9999, -9999, -9999, 65, -9999, -9999, 27, -9999, -9999, -9999, 36, -9999, 53, -9999, 38, -9999, 64, 78, -9999, -9999, -9999, 4, -9999, -9999, 9, -9999, -9999, -9999, 60, -9999, -9999, -9999, -9999, -9999, 81, -9999, 2, -9999, 5, -9999, -9999, 88, -9999, 26, -9999, 69, 17, -9999, -9999, 1, 37, 14, -9999, 93, 62, -9999, -9999, 3, -9999, 9, -9999, -9999, 21, -9999, -9999, -9999, -9999, -9999, -9999, -9999, -9999, 1, 1, 1, 1, 1],
[-9999, -9999, -9999, -9999, -9999, -9999, -9999, -9999, -9999, 2, -9999, -9999, -9999, -9999, -9999, -9999, -9999, -9999, -9999, -9999, -9999, -9999, -9999, -9999, -9999, -9999, -9999, 34, -9999, -9999, -9999, -9999, -9999, -9999, -9999, 64, -9999, 71, -9999, -9999, -9999, -9999, -9999, 6, -9999, -9999, -9999, -9999, -9999, -9999, -9999, -9999, -9999, -9999, -9999, -9999, -9999, -9999, -9999, -9999, 21, -9999, -9999, -9999, -9999, 58, -9999, -9999, -9999, -9999, -9999, -9999, -9999, -9999, -9999, -9999, -9999, -9999, -9999, 76, -9999, -9999, -9999, -9999, -9999, -9999, -9999, -9999, 47, -9999, -9999, 13, -9999, -9999, -9999, -9999, -9999, -9999, -9999, 78, 1, 1, 1, 1, 1],
[-9999, -9999, -9999, -9999, -9999, -9999, -9999, -9999, -9999, 39, 65, -9999, -9999, 61, -9999, -9999, -9999, 20, -9999, -9999, -9999, 80, -9999, -9999, -9999, -9999, -9999, -9999, -9999, -9999, -9999, -9999, -9999, -9999, -9999, 85, 80, -9999, -9999, -9999, 53, -9999, -9999, 68, -9999, 28, 56, 49, -9999, -9999, 10, 24, -9999, 30, -9999, 45, -9999, -9999, -9999, -9999, -9999, -9999, 26, 59, -9999, 51, -9999, 65, -9999, 62, 65, -9999, 48, 75, -9999, 25, -9999, -9999, -9999, -9999, 63, -9999, 84, -9999, 15, 93, 22, 7, 10, 60, -9999, 92, -9999, -9999, -9999, -9999, -9999, -9999, -9999, -9999, 1, 1, 1, 1, 1],
[-9999, -9999, -9999, -9999, -9999, -9999, -9999, -9999, 73, 43, -9999, -9999, -9999, 75, 32, -9999, -9999, -9999, -9999, -9999, -9999, -9999, -9999, -9999, -9999, -9999, -9999, -9999, -9999, -9999, -9999, -9999, -9999, -9999, -9999, 73, 60, 100, -9999, -9999, -9999, -9999, -9999, 28, -9999, -9999, -9999, -9999, -9999, -9999, -9999, -9999, -9999, -9999, -9999, -9999, -9999, -9999, -9999, -9999, -9999, -9999, -9999, -9999, -9999, 32, -9999, -9999, -9999, 99, -9999, -9999, -9999, -9999, -9999, 63, -9999, -9999, -9999, 36, -9999, -9999, -9999, -9999, -9999, 41, -9999, -9999, 38, -9999, -9999, -9999, -9999, -9999, -9999, -9999, -9999, -9999, -9999, 89, 1, 1, 1, 1, 1],
[-9999, -9999, -9999, -9999, -9999, -9999, 51, 47, 9, 8, 3, 91, 27, 10, -9999, -9999, -9999, 79, -9999, -9999, -9999, 86, -9999, -9999, -9999, 83, -9999, 72, -9999, -9999, -9999, -9999, -9999, -9999, -9999, 53, 34, -9999, -9999, -9999, -9999, -9999, -9999, 5, -9999, -9999, 74, -9999, -9999, -9999, -9999, 89, -9999, -9999, -9999, 9, 86, 47, -9999, 3, -9999, -9999, 91, -9999, -9999, 47, -9999, 74, -9999, 21, -9999, -9999, -9999, -9999, 12, 64, -9999, -9999, -9999, 57, 74, -9999, 38, 59, -9999, -9999, -9999, 26, -9999, -9999, -9999, -9999, -9999, -9999, -9999, -9999, -9999, -9999, -9999, -9999, 1, 1, 1, 1, 1],
[-9999, -9999, -9999, -9999, -9999, -9999, 52, -9999, -9999, 26, 98, -9999, 7, -9999, 65, -9999, -9999, -9999, -9999, -9999, -9999, -9999, -9999, -9999, -9999, 12, -9999, 22, -9999, -9999, -9999, -9999, -9999, -9999, -9999, 72, -9999, 30, -9999, -9999, 79, 57, -9999, 29, -9999, 71, 90, 38, -9999, -9999, -9999, -9999, -9999, 82, 83, -9999, -9999, -9999, -9999, -9999, 44, -9999, 36, -9999, -9999, -9999, -9999, 57, -9999, 6, 45, -9999, 14, -9999, 14, 4, -9999, -9999, 56, -9999, -9999, 94, -9999, 18, -9999, -9999, 76, -9999, -9999, -9999, -9999, -9999, -9999, -9999, -9999, -9999, -9999, -9999, -9999, -9999, 1, 1, 1, 1, 1],
[-9999, -9999, -9999, -9999, -9999, -9999, 42, 95, 77, 70, 9, -9999, 56, -9999, 13, 22, 53, 38, -9999, -9999, -9999, 46, -9999, -9999, -9999, -9999, 24, -9999, -9999, -9999, 74, -9999, 23, -9999, 83, 48, 50, 58, -9999, -9999, 37, -9999, -9999, 57, -9999, 48, 70, 9, 89, -9999, 26, -9999, -9999, -9999, 36, 47, -9999, 26, 99, 91, -9999, -9999, -9999, -9999, 46, -9999, -9999, 14, -9999, 20, 87, 52, 86, -9999, 9, -9999, -9999, -9999, 23, 90, -9999, 26, 55, 71, -9999, 10, -9999, 63, -9999, -9999, 38, 28, -9999, -9999, 6, 13, -9999, 44, 98, -9999, 1, 1, 1, 1, 1],
[-9999, -9999, -9999, -9999, -9999, 8, -9999, -9999, 82, -9999, -9999, -9999, -9999, 79, -9999, -9999, -9999, -9999, -9999, -9999, -9999, -9999, -9999, -9999, -9999, -9999, -9999, 24, -9999, -9999, -9999, -9999, -9999, -9999, -9999, 9, -9999, 23, -9999, -9999, -9999, -9999, 17, 13, -9999, -9999, -9999, -9999, -9999, -9999, -9999, -9999, 71, -9999, -9999, -9999, -9999, -9999, -9999, -9999, -9999, -9999, -9999, -9999, 25, 72, -9999, -9999, -9999, 41, -9999, 82, -9999, -9999, -9999, -9999, -9999, -9999, -9999, 85, -9999, -9999, -9999, -9999, -9999, 89, -9999, -9999, 3, -9999, -9999, -9999, -9999, -9999, 57, -9999, -9999, -9999, 99, 67, 1, 1, 1, 1, 1],
[-9999, -9999, -9999, -9999, -9999, 34, 61, 81, -9999, 27, 7, -9999, -9999, -9999, 41, -9999, -9999, 24, -9999, -9999, -9999, -9999, -9999, -9999, -9999, 93, 11, -9999, -9999, -9999, 54, -9999, -9999, -9999, 25, 30, 76, 68, -9999, -9999, 27, -9999, 29, 54, -9999, 96, 71, -9999, -9999, -9999, 85, -9999, 24, 46, 57, 16, -9999, 81, 47, 37, 67, -9999, 26, 45, 12, -9999, 61, 93, 74, -9999, -9999, 25, 41, -9999, 72, 90, -9999, 80, 84, 12, -9999, 22, -9999, 54, -9999, 11, 40, 30, -9999, -9999, 100, 65, -9999, -9999, -9999, -9999, -9999, 93, -9999, -9999, 1, 1, 1, 1, 1],
[-9999, -9999, -9999, -9999, -9999, -9999, 13, -9999, 24, 96, 91, -9999, 2, -9999, 33, -9999, -9999, 37, -9999, -9999, -9999, -9999, -9999, -9999, -9999, -9999, -9999, -9999, -9999, -9999, -9999, -9999, 79, 7, -9999, 44, -9999, -9999, -9999, -9999, -9999, -9999, -9999, 16, -9999, -9999, 7, -9999, -9999, -9999, 12, 78, -9999, -9999, -9999, 54, -9999, -9999, -9999, 22, 9, -9999, -9999, -9999, -9999, 71, -9999, 89, -9999, -9999, 80, -9999, 88, -9999, 37, -9999, -9999, -9999, 1, -9999, 62, 82, 85, -9999, -9999, 86, -9999, 47, -9999, -9999, -9999, -9999, -9999, -9999, -9999, -9999, -9999, -9999, -9999, 35, 1, 1, 1, 1, 1],
[-9999, -9999, -9999, -9999, -9999, -9999, -9999, -9999, 61, 62, 88, -9999, 60, 60, -9999, -9999, -9999, 30, -9999, -9999, -9999, 90, -9999, -9999, -9999, -9999, -9999, 29, -9999, -9999, -9999, -9999, -9999, -9999, -9999, -9999, 74, 19, -9999, -9999, -9999, -9999, -9999, 3, -9999, 86, 26, 91, -9999, -9999, 15, 47, -9999, 22, 22, -9999, -9999, -9999, -9999, -9999, -9999, -9999, 81, -9999, -9999, -9999, -9999, 67, -9999, 87, 84, -9999, 71, -9999, 76, -9999, -9999, -9999, -9999, 36, -9999, 28, -9999, 18, -9999, -9999, -9999, 72, -9999, -9999, -9999, 91, -9999, -9999, -9999, -9999, -9999, -9999, -9999, -9999, 1, 1, 1, 1, 1],
[-9999, -9999, -9999, -9999, -9999, -9999, 27, -9999, 47, 31, -9999, -9999, 47, -9999, -9999, 43, -9999, 91, 63, -9999, -9999, 41, -9999, -9999, -9999, 23, -9999, -9999, -9999, -9999, -9999, 50, 47, -9999, 50, 28, 25, 56, 96, -9999, 7, -9999, 98, 79, -9999, -9999, 16, -9999, 34, -9999, -9999, 97, -9999, 25, 81, 82, -9999, -9999, 26, -9999, -9999, -9999, 80, -9999, 39, -9999, -9999, 23, -9999, 46, -9999, 28, -9999, -9999, 21, -9999, -9999, 18, -9999, 84, 70, 2, -9999, -9999, -9999, 73, 26, -9999, 32, -9999, -9999, 5, -9999, -9999, -9999, 69, -9999, 78, 59, 12, 1, 1, 1, 1, 1],
[-9999, -9999, -9999, -9999, -9999, -9999, 89, 81, -9999, 52, 90, -9999, 47, -9999, 31, -9999, 30, 10, -9999, -9999, -9999, -9999, -9999, -9999, -9999, 41, -9999, -9999, -9999, -9999, -9999, -9999, 81, -9999, -9999, -9999, 67, -9999, -9999, -9999, -9999, -9999, -9999, 45, 37, -9999, 30, 91, -9999, -9999, -9999, 83, -9999, 41, -9999, -9999, -9999, 50, -9999, -9999, -9999, -9999, -9999, 98, -9999, 63, -9999, 92, -9999, 92, 93, -9999, -9999, -9999, 75, -9999, -9999, -9999, 74, 81, -9999, -9999, 28, -9999, -9999, -9999, 24, 41, 28, -9999, -9999, -9999, -9999, -9999, -9999, -9999, -9999, -9999, -9999, -9999, 1, 1, 1, 1, 1],
[-9999, -9999, -9999, -9999, -9999, -9999, 61, 47, 82, 93, 59, -9999, 99, 88, -9999, -9999, -9999, 5, -9999, -9999, -9999, -9999, -9999, -9999, -9999, -9999, -9999, 94, -9999, -9999, -9999, -9999, 84, 31, -9999, -9999, -9999, -9999, -9999, 65, 79, -9999, -9999, -9999, -9999, -9999, -9999, -9999, -9999, -9999, -9999, 99, -9999, 64, -9999, 65, -9999, -9999, -9999, -9999, 68, -9999, 77, -9999, -9999, 19, -9999, 67, -9999, 50, -9999, -9999, 86, -9999, 92, 81, -9999, -9999, 86, 26, 42, -9999, -9999, 59, -9999, -9999, 91, 63, 4, -9999, -9999, -9999, -9999, -9999, -9999, -9999, -9999, -9999, -9999, 91, 1, 1, 1, 1, 1],
[-9999, -9999, -9999, -9999, -9999, -9999, -9999, 67, -9999, -9999, -9999, -9999, -9999, -9999, -9999, -9999, -9999, -9999, -9999, -9999, -9999, -9999, -9999, -9999, -9999, -9999, -9999, -9999, -9999, -9999, -9999, -9999, -9999, -9999, -9999, -9999, -9999, -9999, -9999, -9999, -9999, -9999, -9999, -9999, -9999, -9999, -9999, -9999, -9999, -9999, -9999, -9999, -9999, -9999, -9999, -9999, -9999, -9999, -9999, -9999, -9999, -9999, -9999, -9999, -9999, -9999, -9999, -9999, -9999, -9999, 90, -9999, -9999, -9999, 10, -9999, -9999, -9999, -9999, -9999, -9999, -9999, -9999, -9999, -9999, -9999, -9999, 66, -9999, -9999, -9999, -9999, -9999, -9999, -9999, -9999, -9999, -9999, -9999, -9999, 1, 1, 1, 1, 1],
[-9999, -9999, -9999, -9999, -9999, -9999, -9999, 49, 48, 46, 100, -9999, 96, -9999, -9999, -9999, 60, 49, -9999, -9999, -9999, -9999, -9999, -9999, -9999, -9999, -9999, -9999, -9999, -9999, -9999, -9999, 55, -9999, -9999, 44, 93, 76, -9999, -9999, 23, -9999, -9999, 57, -9999, 90, 92, -9999, -9999, -9999, 76, 50, -9999, 4, -9999, -9999, -9999, 99, -9999, -9999, -9999, -9999, 76, 18, -9999, 62, -9999, 7, -9999, 61, 12, -9999, 55, -9999, 82, -9999, -9999, -9999, 57, 79, -9999, 36, -9999, -9999, -9999, 48, 21, -9999, -9999, -9999, -9999, 88, -9999, -9999, -9999, -9999, -9999, -9999, -9999, 59, 1, 1, 1, 1, 1],
[-9999, -9999, -9999, -9999, -9999, -9999, -9999, -9999, 60, 47, -9999, -9999, -9999, -9999, 3, -9999, -9999, -9999, -9999, -9999, -9999, -9999, -9999, -9999, -9999, -9999, -9999, 4, -9999, -9999, -9999, -9999, -9999, -9999, -9999, 31, -9999, -9999, -9999, -9999, -9999, -9999, -9999, 29, -9999, -9999, -9999, -9999, -9999, -9999, -9999, -9999, -9999, -9999, -9999, -9999, -9999, -9999, -9999, -9999, -9999, -9999, -9999, -9999, -9999, 95, -9999, -9999, -9999, 53, -9999, -9999, -9999, -9999, -9999, 76, -9999, -9999, -9999, 95, -9999, -9999, -9999, -9999, -9999, 4, -9999, -9999, -9999, -9999, -9999, 1, -9999, -9999, -9999, -9999, -9999, -9999, -9999, -9999, 1, 1, 1, 1, 1],
[-9999, -9999, -9999, -9999, -9999, -9999, 81, 77, -9999, 59, 81, -9999, 31, 36, -9999, -9999, -9999, 51, -9999, 53, -9999, -9999, -9999, 33, -9999, 23, -9999, -9999, -9999, -9999, -9999, -9999, 84, 39, -9999, 41, 80, -9999, -9999, -9999, 31, -9999, -9999, 43, -9999, -9999, 58, 53, -9999, -9999, -9999, -9999, -9999, 79, 22, -9999, -9999, 70, -9999, 25, -9999, -9999, -9999, 22, -9999, 85, -9999, 49, -9999, 36, 13, -9999, 43, -9999, 14, 29, -9999, -9999, 2, -9999, 88, -9999, -9999, 1, -9999, 13, -9999, 10, 71, -9999, -9999, -9999, 65, -9999, -9999, -9999, -9999, -9999, -9999, -9999, 1, 1, 1, 1, 1],
[-9999, -9999, -9999, -9999, -9999, -9999, -9999, 34, -9999, -9999, -9999, -9999, -9999, -9999, -9999, -9999, -9999, -9999, -9999, -9999, -9999, -9999, -9999, -9999, -9999, -9999, -9999, -9999, -9999, -9999, -9999, -9999, -9999, -9999, -9999, -9999, -9999, -9999, -9999, -9999, -9999, -9999, -9999, -9999, -9999, -9999, -9999, -9999, -9999, -9999, -9999, -9999, -9999, -9999, -9999, -9999, -9999, -9999, -9999, -9999, -9999, -9999, -9999, -9999, -9999, -9999, -9999, -9999, -9999, -9999, 95, -9999, -9999, -9999, 50, -9999, -9999, -9999, -9999, -9999, -9999, -9999, -9999, -9999, -9999, -9999, -9999, 98, -9999, -9999, -9999, -9999, -9999, -9999, -9999, -9999, -9999, -9999, -9999, -9999, 1, 1, 1, 1, 1],
[-9999, -9999, -9999, -9999, -9999, -9999, -9999, -9999, 36, 75, -9999, -9999, -9999, 5, -9999, -9999, -9999, -9999, -9999, -9999, 22, -9999, -9999, -9999, -9999, -9999, -9999, -9999, -9999, -9999, -9999, -9999, -9999, -9999, -9999, -9999, 49, -9999, -9999, 51, -9999, -9999, -9999, 60, -9999, -9999, -9999, -9999, -9999, -9999, -9999, -9999, 2, -9999, -9999, -9999, -9999, -9999, -9999, -9999, 25, -9999, -9999, -9999, 31, 33, 49, -9999, -9999, -9999, -9999, -9999, -9999, -9999, -9999, 84, -9999, -9999, -9999, -9999, -9999, -9999, -9999, -9999, -9999, -9999, -9999, -9999, -9999, -9999, -9999, -9999, -9999, -9999, -9999, -9999, -9999, -9999, 83, 7, 1, 1, 1, 1, 1],
[-9999, -9999, -9999, -9999, -9999, -9999, -9999, -9999, 42, 19, -9999, -9999, -9999, 87, -9999, -9999, -9999, -9999, -9999, -9999, -9999, -9999, -9999, -9999, -9999, -9999, -9999, 73, -9999, -9999, -9999, -9999, -9999, -9999, -9999, 1, 32, 2, -9999, -9999, -9999, -9999, -9999, 72, -9999, -9999, -9999, -9999, -9999, -9999, -9999, -9999, -9999, -9999, -9999, -9999, -9999, -9999, -9999, -9999, 87, -9999, -9999, -9999, -9999, 12, -9999, -9999, -9999, 13, -9999, -9999, -9999, -9999, -9999, 28, -9999, -9999, -9999, 53, -9999, -9999, -9999, -9999, -9999, -9999, -9999, -9999, 100, -9999, -9999, -9999, -9999, -9999, -9999, -9999, -9999, -9999, -9999, -9999, 1, 1, 1, 1, 1],
[-9999, -9999, -9999, -9999, -9999, -9999, 20, 19, -9999, 65, -9999, -9999, 29, 33, -9999, -9999, -9999, 94, -9999, -9999, -9999, 2, -9999, -9999, -9999, 43, -9999, 32, -9999, -9999, -9999, -9999, 60, -9999, -9999, -9999, -9999, 47, -9999, -9999, 77, -9999, -9999, 75, -9999, 96, 36, -9999, -9999, -9999, -9999, 71, -9999, 24, 75, 87, -9999, 4, -9999, 19, -9999, -9999, -9999, -9999, -9999, 8, -9999, 20, -9999, 60, -9999, -9999, 47, -9999, 83, 95, -9999, -9999, 26, -9999, -9999, 52, -9999, 6, -9999, 65, 73, -9999, -9999, -9999, -9999, -9999, 2, -9999, -9999, -9999, -9999, -9999, -9999, 17, 1, 1, 1, 1, 1],
[-9999, -9999, -9999, -9999, -9999, -9999, 18, 7, 100, 80, -9999, 91, 58, -9999, 82, -9999, -9999, 66, -9999, -9999, -9999, -9999, -9999, -9999, -9999, 16, -9999, 3, -9999, -9999, -9999, -9999, -9999, 92, -9999, 76, 45, -9999, -9999, -9999, -9999, -9999, -9999, 82, -9999, -9999, 88, -9999, -9999, -9999, 92, 73, -9999, 16, 40, -9999, 44, 32, -9999, 73, 17, -9999, 57, -9999, -9999, -9999, -9999, 94, -9999, 34, 98, -9999, -9999, -9999, 20, -9999, -9999, -9999, -9999, -9999, -9999, -9999, 17, -9999, -9999, 34, -9999, -9999, -9999, -9999, -9999, -9999, -9999, -9999, -9999, -9999, -9999, -9999, -9999, -9999, 1, 1, 1, 1, 1],
[-9999, -9999, -9999, -9999, -9999, -9999, -9999, 53, 65, 52, 45, -9999, 97, 20, -9999, -9999, -9999, 39, -9999, -9999, -9999, -9999, -9999, -9999, -9999, 38, -9999, -9999, -9999, -9999, -9999, -9999, 12, -9999, -9999, -9999, -9999, -9999, -9999, -9999, 50, -9999, -9999, 69, -9999, -9999, 86, -9999, -9999, -9999, -9999, 60, -9999, 11, 80, 47, -9999, 37, -9999, 7, -9999, -9999, -9999, 2, -9999, -9999, -9999, 46, -9999, 84, 55, -9999, 5, -9999, 18, -9999, -9999, -9999, 84, 13, 3, -9999, -9999, 54, -9999, -9999, -9999, -9999, -9999, -9999, -9999, -9999, -9999, -9999, -9999, -9999, -9999, -9999, -9999, 60, 1, 1, 1, 1, 1],
[-9999, -9999, -9999, -9999, -9999, -9999, -9999, 25, -9999, -9999, -9999, -9999, -9999, -9999, -9999, -9999, -9999, -9999, -9999, -9999, -9999, -9999, -9999, -9999, -9999, -9999, -9999, -9999, -9999, -9999, -9999, -9999, -9999, -9999, -9999, -9999, -9999, -9999, -9999, -9999, -9999, -9999, -9999, -9999, -9999, -9999, -9999, -9999, -9999, -9999, -9999, -9999, -9999, -9999, -9999, -9999, -9999, -9999, -9999, -9999, -9999, -9999, -9999, -9999, -9999, -9999, -9999, -9999, -9999, -9999, 29, -9999, -9999, -9999, 45, -9999, -9999, -9999, -9999, -9999, -9999, -9999, -9999, -9999, -9999, -9999, -9999, 46, -9999, -9999, -9999, -9999, -9999, -9999, -9999, -9999, -9999, -9999, -9999, -9999, 1, 1, 1, 1, 1],
[-9999, -9999, -9999, -9999, -9999, -9999, -9999, 3, -9999, 3, -9999, -9999, 4, 88, -9999, -9999, -9999, 11, 82, 77, -9999, 74, -9999, -9999, -9999, -9999, -9999, 93, -9999, -9999, 40, 9, -9999, 98, -9999, 28, 32, -9999, -9999, -9999, 99, -9999, 37, 6, -9999, -9999, 12, 6, -9999, -9999, 30, 98, -9999, 65, -9999, 26, -9999, 81, -9999, -9999, 94, -9999, 77, -9999, 12, -9999, -9999, 24, -9999, 60, -9999, -9999, -9999, -9999, 24, 4, -9999, -9999, -9999, 4, -9999, 32, 27, 42, 48, 99, 71, 81, 35, -9999, 31, 69, -9999, -9999, 99, -9999, 55, 81, 17, 19, 1, 1, 1, 1, 1],
[-9999, -9999, -9999, -9999, -9999, -9999, -9999, -9999, 36, 86, -9999, -9999, -9999, -9999, -9999, -9999, -9999, -9999, -9999, -9999, -9999, -9999, -9999, -9999, -9999, -9999, -9999, -9999, -9999, -9999, -9999, -9999, -9999, -9999, -9999, -9999, 9, -9999, -9999, -9999, -9999, -9999, -9999, 50, -9999, -9999, -9999, -9999, -9999, -9999, -9999, -9999, -9999, -9999, -9999, -9999, -9999, -9999, -9999, -9999, 16, -9999, -9999, -9999, -9999, 98, -9999, -9999, -9999, -9999, -9999, -9999, -9999, -9999, -9999, 17, -9999, -9999, -9999, 33, -9999, -9999, -9999, -9999, -9999, -9999, -9999, -9999, 24, -9999, -9999, 1, -9999, -9999, -9999, -9999, -9999, -9999, -9999, 9, 1, 1, 1, 1, 1],
[-9999, -9999, -9999, -9999, -9999, -9999, 80, 57, 65, 40, 65, -9999, 45, 39, 79, -9999, -9999, 10, -9999, -9999, -9999, -9999, -9999, -9999, -9999, 64, -9999, -9999, -9999, -9999, -9999, -9999, 86, 48, -9999, -9999, 61, 95, -9999, -9999, 85, -9999, -9999, 64, -9999, 5, 23, 35, -9999, -9999, 74, -9999, -9999, 39, 21, 53, -9999, 32, -9999, -9999, -9999, -9999, 32, -9999, -9999, 61, -9999, 58, -9999, -9999, 18, -9999, 35, -9999, 13, 26, -9999, -9999, -9999, 96, -9999, -9999, -9999, 46, 98, 51, -9999, -9999, 3, -9999, -9999, -9999, -9999, -9999, -9999, -9999, -9999, -9999, -9999, 62, 1, 1, 1, 1, 1],
[-9999, -9999, -9999, -9999, -9999, -9999, -9999, -9999, -9999, -9999, -9999, -9999, -9999, -9999, -9999, -9999, -9999, -9999, -9999, -9999, -9999, -9999, -9999, -9999, -9999, -9999, -9999, -9999, -9999, -9999, -9999, -9999, -9999, -9999, -9999, -9999, -9999, -9999, -9999, -9999, -9999, -9999, -9999, -9999, -9999, -9999, -9999, -9999, -9999, -9999, -9999, -9999, -9999, -9999, -9999, -9999, -9999, -9999, -9999, -9999, -9999, -9999, -9999, -9999, -9999, -9999, -9999, -9999, -9999, -9999, -9999, -9999, -9999, -9999, -9999, -9999, -9999, -9999, -9999, -9999, -9999, -9999, -9999, -9999, -9999, -9999, -9999, -9999, -9999, -9999, -9999, -9999, -9999, -9999, -9999, -9999, -9999, -9999, -9999, -9999, 1, 1, 1, 1, 1],
[-9999, -9999, -9999, -9999, -9999, -9999, -9999, -9999, -9999, 72, -9999, -9999, -9999, -9999, 83, -9999, -9999, -9999, -9999, -9999, -9999, -9999, -9999, -9999, -9999, -9999, -9999, 22, -9999, -9999, -9999, -9999, -9999, -9999, -9999, 71, 36, 50, -9999, -9999, -9999, -9999, -9999, 76, -9999, -9999, -9999, -9999, -9999, -9999, -9999, -9999, -9999, -9999, -9999, -9999, -9999, -9999, -9999, -9999, 79, -9999, -9999, -9999, -9999, -9999, -9999, -9999, -9999, 70, -9999, -9999, -9999, -9999, -9999, -9999, -9999, -9999, -9999, 65, -9999, -9999, -9999, -9999, -9999, -9999, -9999, -9999, 87, -9999, -9999, 8, -9999, -9999, -9999, -9999, -9999, -9999, -9999, 29, 1, 1, 1, 1, 1],
[-9999, -9999, -9999, -9999, -9999, -9999, -9999, -9999, 46, 97, -9999, -9999, -9999, -9999, 99, -9999, -9999, 67, -9999, -9999, -9999, 58, -9999, -9999, -9999, -9999, -9999, 77, -9999, -9999, -9999, -9999, 31, 62, -9999, 40, 97, 15, -9999, -9999, -9999, -9999, -9999, 61, -9999, 34, 93, 23, -9999, -9999, -9999, 33, -9999, -9999, 71, 45, -9999, -9999, -9999, -9999, 84, -9999, -9999, 62, -9999, 88, -9999, 24, -9999, 94, 5, -9999, 17, -9999, 52, -9999, -9999, -9999, -9999, 92, 69, 18, -9999, 8, -9999, -9999, -9999, 45, 8, -9999, -9999, 97, -9999, -9999, -9999, -9999, -9999, -9999, -9999, -9999, 1, 1, 1, 1, 1],
[-9999, -9999, -9999, -9999, -9999, -9999, -9999, -9999, -9999, 68, -9999, -9999, -9999, -9999, -9999, -9999, -9999, -9999, -9999, -9999, -9999, -9999, -9999, -9999, -9999, -9999, -9999, 1, -9999, -9999, -9999, -9999, -9999, -9999, -9999, 51, 22, 61, -9999, -9999, -9999, -9999, -9999, -9999, -9999, -9999, -9999, -9999, -9999, -9999, -9999, -9999, -9999, -9999, -9999, -9999, -9999, -9999, -9999, -9999, -9999, -9999, -9999, -9999, -9999, 56, -9999, -9999, -9999, 8, -9999, -9999, -9999, -9999, -9999, -9999, -9999, -9999, -9999, 55, -9999, -9999, -9999, -9999, -9999, -9999, -9999, -9999, -9999, -9999, -9999, 3, -9999, -9999, -9999, -9999, -9999, -9999, -9999, 35, 1, 1, 1, 1, 1],
[-9999, -9999, -9999, -9999, -9999, -9999, -9999, -9999, -9999, 82, -9999, 82, -9999, -9999, 28, -9999, -9999, -9999, -9999, -9999, -9999, -9999, -9999, -9999, -9999, -9999, -9999, 47, -9999, -9999, -9999, -9999, -9999, -9999, -9999, -9999, -9999, 58, -9999, -9999, -9999, -9999, -9999, 92, -9999, -9999, -9999, -9999, -9999, -9999, -9999, -9999, -9999, -9999, -9999, -9999, -9999, -9999, -9999, -9999, -9999, -9999, -9999, -9999, -9999, 7, -9999, -9999, -9999, 53, -9999, -9999, -9999, -9999, -9999, -9999, -9999, -9999, -9999, -9999, -9999, -9999, -9999, -9999, -9999, -9999, -9999, -9999, 93, -9999, -9999, -9999, -9999, -9999, -9999, -9999, -9999, -9999, -9999, 33, 1, 1, 1, 1, 1],
[-9999, -9999, -9999, -9999, -9999, -9999, -9999, 60, -9999, 11, 10, -9999, -9999, 86, -9999, -9999, -9999, 59, -9999, -9999, -9999, 69, -9999, -9999, -9999, -9999, -9999, 41, -9999, -9999, -9999, -9999, -9999, 8, -9999, 41, 31, -9999, -9999, -9999, 73, -9999, -9999, 25, -9999, -9999, 75, -9999, -9999, -9999, 18, -9999, -9999, 93, -9999, -9999, -9999, 63, -9999, -9999, -9999, -9999, -9999, 21, -9999, 50, -9999, 84, -9999, -9999, -9999, -9999, -9999, -9999, 76, -9999, -9999, -9999, -9999, 55, 73, 87, 91, 86, -9999, -9999, 90, 13, -9999, -9999, -9999, 100, -9999, -9999, -9999, -9999, -9999, -9999, -9999, 20, 1, 1, 1, 1, 1],
[-9999, -9999, -9999, -9999, -9999, -9999, 70, 31, -9999, 71, -9999, -9999, -9999, 43, -9999, -9999, -9999, 22, -9999, -9999, -9999, -9999, -9999, -9999, -9999, 79, -9999, 43, -9999, -9999, -9999, -9999, 37, -9999, -9999, -9999, -9999, 47, -9999, -9999, 44, -9999, -9999, 47, -9999, 59, -9999, 92, -9999, -9999, 1, -9999, -9999, -9999, 58, 12, -9999, -9999, -9999, 67, 45, -9999, 69, 89, -9999, 93, -9999, 6, -9999, 18, 93, -9999, 42, -9999, 56, 75, -9999, -9999, -9999, -9999, 20, -9999, 94, 72, -9999, 25, 95, -9999, 73, -9999, -9999, -9999, -9999, -9999, -9999, -9999, -9999, -9999, -9999, -9999, 1, 1, 1, 1, 1],
[-9999, -9999, -9999, -9999, -9999, -9999, -9999, 53, 53, 45, 92, -9999, 51, -9999, -9999, 50, -9999, 35, 57, -9999, -9999, 47, -9999, -9999, -9999, -9999, 28, 34, -9999, -9999, 35, -9999, 8, 65, 83, 53, 46, 30, -9999, 92, 97, -9999, 99, 50, -9999, 40, 85, -9999, -9999, -9999, -9999, -9999, -9999, -9999, -9999, -9999, -9999, 14, 87, 84, 82, 44, 31, 95, 12, 69, 40, 12, -9999, 96, -9999, 46, 57, 69, 90, -9999, -9999, -9999, 79, -9999, 88, 73, -9999, 58, -9999, -9999, 21, 98, -9999, -9999, 87, -9999, -9999, -9999, -9999, -9999, -9999, 5, -9999, 56, 1, 1, 1, 1, 1],
[-9999, -9999, -9999, -9999, -9999, -9999, -9999, -9999, 80, 97, -9999, -9999, -9999, -9999, 80, -9999, -9999, -9999, -9999, -9999, -9999, -9999, -9999, -9999, -9999, -9999, -9999, 32, -9999, -9999, -9999, -9999, -9999, -9999, -9999, -9999, -9999, 86, -9999, -9999, -9999, -9999, -9999, 13, -9999, -9999, -9999, -9999, -9999, -9999, -9999, -9999, -9999, -9999, -9999, -9999, -9999, -9999, -9999, -9999, 69, -9999, -9999, -9999, -9999, 33, -9999, -9999, 88, 93, -9999, -9999, -9999, -9999, -9999, 57, -9999, -9999, -9999, 38, -9999, -9999, -9999, -9999, -9999, 48, -9999, -9999, 3, -9999, -9999, -9999, -9999, -9999, -9999, -9999, -9999, -9999, -9999, -9999, 1, 1, 1, 1, 1],
[-9999, -9999, -9999, -9999, -9999, -9999, -9999, -9999, 95, 64, -9999, -9999, -9999, -9999, -9999, -9999, -9999, -9999, -9999, -9999, -9999, -9999, -9999, -9999, -9999, -9999, -9999, 93, -9999, -9999, -9999, -9999, -9999, -9999, -9999, 74, -9999, 26, -9999, -9999, -9999, -9999, -9999, 78, -9999, -9999, -9999, -9999, -9999, -9999, -9999, -9999, -9999, -9999, -9999, -9999, -9999, -9999, -9999, -9999, 61, -9999, -9999, -9999, -9999, -9999, -9999, -9999, -9999, 99, -9999, -9999, -9999, -9999, -9999, 88, -9999, -9999, -9999, -9999, -9999, -9999, -9999, -9999, -9999, 42, -9999, -9999, -9999, -9999, -9999, 95, -9999, -9999, -9999, -9999, -9999, -9999, -9999, -9999, 1, 1, 1, 1, 1],
[-9999, -9999, -9999, -9999, -9999, -9999, -9999, -9999, -9999, -9999, -9999, -9999, -9999, -9999, -9999, -9999, -9999, -9999, -9999, -9999, -9999, -9999, 46, -9999, -9999, -9999, -9999, -9999, -9999, -9999, -9999, -9999, -9999, -9999, -9999, -9999, -9999, -9999, -9999, -9999, -9999, -9999, -9999, -9999, -9999, -9999, -9999, -9999, -9999, -9999, -9999, -9999, -9999, -9999, -9999, -9999, -9999, -9999, -9999, -9999, -9999, -9999, -9999, -9999, -9999, -9999, -9999, -9999, -9999, -9999, 84, -9999, -9999, -9999, 94, -9999, -9999, -9999, -9999, -9999, -9999, -9999, -9999, -9999, -9999, -9999, -9999, 70, -9999, -9999, -9999, -9999, -9999, -9999, -9999, -9999, -9999, -9999, -9999, -9999, 1, 1, 1, 1, 1],
[-9999, -9999, -9999, -9999, -9999, -9999, -9999, 19, -9999, 43, 8, -9999, 1, 36, -9999, -9999, -9999, 52, -9999, -9999, -9999, -9999, -9999, -9999, -9999, -9999, -9999, 69, -9999, -9999, -9999, -9999, 73, 22, -9999, 95, 76, 11, -9999, -9999, 61, -9999, -9999, 90, -9999, 65, 40, 69, -9999, -9999, 82, -9999, -9999, -9999, 23, -9999, 57, -9999, -9999, -9999, 88, -9999, -9999, -9999, -9999, 97, -9999, 55, -9999, 94, 20, -9999, 89, -9999, 45, 27, -9999, -9999, 20, 44, 87, -9999, 94, 1, -9999, 71, 91, 33, -9999, -9999, -9999, 18, -9999, -9999, -9999, -9999, -9999, -9999, -9999, 28, 1, 1, 1, 1, 1],
[-9999, -9999, -9999, -9999, -9999, -9999, -9999, -9999, -9999, -9999, -9999, -9999, -9999, -9999, -9999, -9999, -9999, -9999, -9999, -9999, -9999, -9999, -9999, -9999, -9999, -9999, -9999, -9999, -9999, -9999, -9999, -9999, -9999, -9999, -9999, -9999, -9999, -9999, -9999, -9999, -9999, -9999, 22, -9999, -9999, -9999, -9999, -9999, -9999, -9999, -9999, -9999, -9999, -9999, -9999, -9999, -9999, -9999, -9999, -9999, -9999, -9999, -9999, -9999, -9999, -9999, -9999, -9999, -9999, -9999, -9999, -9999, -9999, -9999, -9999, -9999, -9999, -9999, -9999, -9999, -9999, -9999, -9999, -9999, -9999, -9999, -9999, -9999, -9999, -9999, -9999, -9999, -9999, -9999, -9999, -9999, -9999, -9999, -9999, -9999, 1, 1, 1, 1, 1],
[-9999, -9999, -9999, -9999, -9999, -9999, -9999, -9999, 61, 90, -9999, -9999, -9999, -9999, 22, -9999, -9999, -9999, -9999, -9999, -9999, -9999, -9999, -9999, -9999, -9999, -9999, 92, -9999, -9999, -9999, -9999, -9999, -9999, -9999, -9999, -9999, 91, -9999, -9999, -9999, -9999, -9999, 58, -9999, -9999, -9999, -9999, -9999, -9999, -9999, -9999, -9999, -9999, -9999, -9999, -9999, -9999, -9999, -9999, 48, -9999, -9999, -9999, -9999, -9999, -9999, -9999, -9999, 8, -9999, -9999, -9999, -9999, -9999, 93, -9999, -9999, -9999, 67, -9999, -9999, -9999, -9999, -9999, 54, -9999, -9999, 84, -9999, -9999, -9999, -9999, -9999, -9999, -9999, -9999, -9999, -9999, -9999, 1, 1, 1, 1, 1],
[-9999, -9999, -9999, -9999, -9999, -9999, -9999, -9999, -9999, 39, -9999, 59, -9999, -9999, 42, -9999, -9999, -9999, -9999, -9999, -9999, -9999, -9999, -9999, -9999, -9999, -9999, -9999, -9999, -9999, -9999, -9999, -9999, -9999, -9999, 10, 53, 87, -9999, -9999, -9999, -9999, -9999, 78, -9999, -9999, -9999, -9999, -9999, -9999, -9999, -9999, -9999, -9999, -9999, -9999, -9999, -9999, -9999, -9999, 91, -9999, -9999, -9999, -9999, 88, -9999, -9999, -9999, -9999, -9999, -9999, -9999, -9999, -9999, 16, -9999, -9999, -9999, 16, -9999, -9999, -9999, -9999, -9999, 85, -9999, -9999, 36, -9999, -9999, 29, -9999, -9999, -9999, -9999, -9999, -9999, -9999, 44, 1, 1, 1, 1, 1],
[-9999, -9999, -9999, -9999, -9999, -9999, -9999, -9999, -9999, 32, -9999, -9999, -9999, 16, 47, -9999, -9999, -9999, -9999, -9999, -9999, -9999, -9999, -9999, -9999, -9999, -9999, -9999, -9999, -9999, -9999, -9999, -9999, -9999, -9999, 62, -9999, -9999, -9999, -9999, -9999, -9999, -9999, 53, -9999, -9999, -9999, -9999, -9999, -9999, -9999, -9999, -9999, -9999, -9999, -9999, -9999, -9999, -9999, -9999, 98, -9999, -9999, -9999, -9999, 22, -9999, -9999, -9999, 81, -9999, -9999, -9999, -9999, -9999, -9999, -9999, -9999, -9999, -9999, -9999, -9999, -9999, -9999, -9999, 23, -9999, -9999, -9999, -9999, -9999, 49, -9999, -9999, -9999, -9999, -9999, -9999, -9999, -9999, 1, 1, 1, 1, 1],
[-9999, -9999, -9999, -9999, -9999, -9999, 81, -9999, -9999, 83, 85, -9999, 51, -9999, 28, -9999, 40, 59, -9999, -9999, -9999, 83, -9999, -9999, -9999, 37, -9999, -9999, -9999, -9999, -9999, -9999, -9999, -9999, -9999, -9999, 30, 65, -9999, -9999, 3, -9999, -9999, 18, -9999, 69, 80, 58, -9999, -9999, 27, 15, -9999, 45, 28, 83, -9999, 15, -9999, 86, -9999, -9999, 48, 37, -9999, 81, -9999, 30, 83, 27, 68, -9999, -9999, -9999, 42, -9999, -9999, -9999, -9999, 38, -9999, 52, -9999, -9999, -9999, 21, 81, -9999, 66, -9999, -9999, -9999, -9999, -9999, -9999, -9999, -9999, -9999, -9999, 74, 1, 1, 1, 1, 1],
[-9999, -9999, -9999, -9999, -9999, -9999, -9999, -9999, 35, 25, -9999, -9999, -9999, -9999, -9999, -9999, -9999, -9999, -9999, -9999, -9999, -9999, -9999, -9999, -9999, -9999, -9999, -9999, -9999, -9999, -9999, -9999, -9999, -9999, -9999, -9999, 35, 95, -9999, -9999, -9999, -9999, -9999, 19, -9999, -9999, -9999, -9999, -9999, -9999, -9999, -9999, -9999, -9999, -9999, -9999, -9999, -9999, -9999, -9999, -9999, -9999, -9999, -9999, -9999, 21, -9999, -9999, -9999, 39, -9999, -9999, -9999, -9999, -9999, 75, -9999, -9999, -9999, 94, -9999, -9999, -9999, -9999, -9999, 75, -9999, -9999, -9999, -9999, -9999, -9999, -9999, -9999, -9999, -9999, -9999, -9999, -9999, 25, 1, 1, 1, 1, 1],
[-9999, -9999, -9999, -9999, -9999, -9999, -9999, -9999, 73, 3, -9999, -9999, -9999, -9999, 16, -9999, -9999, -9999, -9999, -9999, -9999, -9999, -9999, -9999, -9999, -9999, -9999, -9999, -9999, -9999, -9999, -9999, -9999, -9999, -9999, -9999, -9999, 66, -9999, -9999, -9999, -9999, 13, 30, -9999, -9999, -9999, -9999, -9999, -9999, -9999, -9999, 50, -9999, -9999, -9999, -9999, -9999, -9999, -9999, 17, -9999, -9999, -9999, 99, 95, 84, -9999, -9999, 25, -9999, -9999, -9999, -9999, -9999, 35, -9999, -9999, -9999, -9999, -9999, -9999, -9999, -9999, -9999, -9999, -9999, -9999, -9999, -9999, -9999, 22, -9999, -9999, 81, -9999, -9999, -9999, -9999, 69, 1, 1, 1, 1, 1],
[-9999, -9999, -9999, -9999, -9999, -9999, -9999, -9999, 2, 29, -9999, -9999, -9999, -9999, -9999, -9999, -9999, -9999, -9999, -9999, -9999, -9999, -9999, -9999, -9999, -9999, -9999, 17, -9999, -9999, -9999, -9999, -9999, -9999, 14, -9999, 81, -9999, 69, -9999, -9999, -9999, -9999, 3, -9999, -9999, -9999, -9999, -9999, -9999, -9999, -9999, 78, -9999, -9999, -9999, -9999, -9999, -9999, -9999, 60, -9999, -9999, -9999, 56, -9999, -9999, -9999, -9999, -9999, -9999, 20, -9999, -9999, -9999, -9999, -9999, -9999, -9999, -9999, -9999, -9999, -9999, -9999, -9999, 66, -9999, -9999, 75, -9999, -9999, 30, -9999, 92, -9999, -9999, -9999, -9999, 13, 54, 1, 1, 1, 1, 1],
[-9999, -9999, -9999, -9999, -9999, -9999, -9999, 72, -9999, -9999, -9999, -9999, -9999, -9999, -9999, -9999, -9999, -9999, -9999, -9999, -9999, -9999, -9999, -9999, -9999, -9999, -9999, -9999, -9999, -9999, -9999, -9999, -9999, -9999, -9999, -9999, -9999, -9999, -9999, -9999, -9999, -9999, -9999, -9999, -9999, -9999, -9999, -9999, -9999, -9999, -9999, -9999, -9999, -9999, -9999, -9999, -9999, -9999, -9999, -9999, -9999, -9999, -9999, -9999, -9999, -9999, -9999, -9999, -9999, -9999, 29, -9999, -9999, -9999, 100, -9999, -9999, -9999, -9999, -9999, -9999, -9999, -9999, -9999, -9999, -9999, -9999, -9999, -9999, -9999, -9999, -9999, -9999, -9999, -9999, -9999, -9999, -9999, -9999, -9999, 1, 1, 1, 1, 1],
[-9999, -9999, -9999, -9999, -9999, -9999, -9999, -9999, -9999, 8, -9999, -9999, -9999, 100, 1, -9999, -9999, -9999, -9999, -9999, -9999, -9999, -9999, -9999, -9999, -9999, -9999, -9999, -9999, -9999, -9999, -9999, -9999, -9999, -9999, 4, 80, 79, -9999, -9999, -9999, -9999, -9999, 59, -9999, -9999, -9999, -9999, -9999, -9999, -9999, -9999, -9999, -9999, -9999, -9999, -9999, -9999, -9999, -9999, 96, -9999, -9999, -9999, -9999, 34, -9999, -9999, -9999, -9999, -9999, -9999, -9999, -9999, -9999, -9999, -9999, -9999, -9999, 98, -9999, -9999, -9999, -9999, -9999, -9999, -9999, -9999, 27, -9999, -9999, -9999, -9999, -9999, -9999, -9999, -9999, -9999, -9999, -9999, 1, 1, 1, 1, 1],
[-9999, -9999, -9999, -9999, -9999, -9999, 97, 50, 50, 87, 84, -9999, 10, -9999, 93, -9999, -9999, 88, -9999, -9999, -9999, -9999, 23, -9999, -9999, 79, -9999, 7, -9999, -9999, -9999, -9999, 86, -9999, -9999, -9999, 36, -9999, -9999, -9999, 11, -9999, -9999, 37, -9999, -9999, 43, -9999, -9999, -9999, 95, -9999, -9999, 64, -9999, -9999, -9999, 75, -9999, 100, -9999, -9999, -9999, -9999, -9999, 68, -9999, 24, 88, -9999, -9999, -9999, 63, -9999, 10, -9999, -9999, -9999, -9999, 19, 80, -9999, 31, 50, -9999, 81, 80, 34, -9999, -9999, -9999, -9999, -9999, -9999, -9999, -9999, -9999, -9999, -9999, -9999, 1, 1, 1, 1, 1],
[-9999, -9999, -9999, -9999, -9999, -9999, -9999, 65, -9999, 99, -9999, -9999, 5, 28, 25, -9999, -9999, 46, -9999, -9999, -9999, -9999, -9999, -9999, -9999, 54, -9999, -9999, 94, -9999, -9999, -9999, -9999, 57, -9999, 16, 24, -9999, -9999, 88, -9999, 63, -9999, 14, -9999, -9999, 76, 7, -9999, -9999, 65, -9999, -9999, 33, 36, -9999, -9999, 77, -9999, 68, -9999, -9999, 38, -9999, -9999, 34, -9999, 7, -9999, 44, -9999, -9999, -9999, -9999, 72, -9999, -9999, -9999, 76, -9999, -9999, 16, 91, 7, -9999, 1, -9999, 46, -9999, -9999, -9999, -9999, -9999, -9999, -9999, -9999, -9999, -9999, -9999, -9999, 1, 1, 1, 1, 1],
[-9999, -9999, -9999, -9999, -9999, -9999, -9999, -9999, -9999, 70, -9999, -9999, -9999, 60, 20, -9999, -9999, -9999, -9999, -9999, -9999, -9999, -9999, -9999, -9999, -9999, -9999, -9999, -9999, -9999, -9999, -9999, -9999, -9999, -9999, -9999, -9999, 85, -9999, -9999, -9999, -9999, -9999, 90, -9999, -9999, -9999, -9999, -9999, -9999, -9999, -9999, -9999, -9999, -9999, -9999, -9999, -9999, -9999, -9999, -9999, -9999, -9999, -9999, -9999, 47, -9999, -9999, -9999, 23, -9999, -9999, -9999, -9999, -9999, -9999, -9999, -9999, -9999, 67, -9999, -9999, -9999, -9999, -9999, -9999, -9999, -9999, -9999, -9999, -9999, 14, -9999, -9999, -9999, -9999, -9999, -9999, -9999, 14, 1, 1, 1, 1, 1],
[-9999, -9999, -9999, -9999, -9999, -9999, -9999, -9999, 60, 6, 41, -9999, -9999, -9999, 28, -9999, -9999, 22, -9999, 20, -9999, -9999, -9999, -9999, -9999, 51, 20, -9999, -9999, -9999, 51, 7, -9999, 84, 16, -9999, 58, -9999, -9999, -9999, 4, -9999, -9999, 2, -9999, -9999, 79, 70, -9999, -9999, 92, -9999, -9999, 87, 61, -9999, -9999, -9999, 73, 27, 44, -9999, -9999, -9999, 58, -9999, 53, 15, -9999, 87, -9999, 22, -9999, -9999, 67, 76, -9999, -9999, 58, -9999, 44, -9999, 100, -9999, 54, 19, 47, -9999, -9999, -9999, 5, 74, -9999, -9999, -9999, -9999, 58, -9999, 87, 21, 1, 1, 1, 1, 1],
[-9999, -9999, -9999, -9999, -9999, -9999, 74, 85, 52, 10, -9999, -9999, -9999, 37, -9999, 4, -9999, 7, 8, -9999, -9999, 100, -9999, -9999, -9999, 77, -9999, 24, -9999, -9999, 4, 37, 38, 73, -9999, 63, 43, 94, -9999, -9999, 12, -9999, 61, 39, -9999, 73, 17, 87, -9999, -9999, 18, 18, -9999, -9999, -9999, 49, -9999, -9999, 24, 8, 21, -9999, 44, 67, 72, 21, -9999, 87, -9999, 50, 80, -9999, 20, 10, 57, 89, -9999, -9999, 81, 10, 36, 48, -9999, 56, -9999, 5, -9999, 65, -9999, -9999, -9999, -9999, -9999, -9999, 90, -9999, -9999, -9999, -9999, -9999, 1, 1, 1, 1, 1],
[-9999, -9999, -9999, -9999, -9999, -9999, -9999, -9999, 49, 88, -9999, -9999, -9999, 83, 34, -9999, -9999, -9999, -9999, -9999, -9999, -9999, -9999, -9999, -9999, -9999, -9999, -9999, -9999, -9999, -9999, -9999, -9999, -9999, 27, -9999, -9999, 85, -9999, 61, -9999, -9999, 25, 41, -9999, -9999, -9999, -9999, -9999, -9999, -9999, -9999, -9999, -9999, -9999, -9999, -9999, -9999, -9999, -9999, 25, -9999, -9999, -9999, 16, -9999, 88, -9999, -9999, -9999, -9999, 24, -9999, -9999, -9999, 98, -9999, -9999, -9999, 98, -9999, -9999, -9999, -9999, -9999, -9999, -9999, -9999, 30, -9999, -9999, 56, -9999, -9999, 26, -9999, -9999, -9999, -9999, 9, 1, 1, 1, 1, 1],
[-9999, -9999, -9999, -9999, -9999, -9999, 80, 9, 2, 19, -9999, -9999, 68, -9999, 89, -9999, -9999, 77, -9999, -9999, -9999, 92, -9999, 73, -9999, 84, -9999, -9999, -9999, -9999, -9999, -9999, -9999, 92, -9999, 81, 59, 21, -9999, -9999, 86, -9999, -9999, 61, -9999, 73, 52, -9999, -9999, -9999, -9999, -9999, -9999, 53, -9999, -9999, 26, -9999, -9999, 84, 72, -9999, -9999, 62, -9999, 15, -9999, 12, -9999, 44, -9999, -9999, 100, -9999, 68, -9999, -9999, -9999, -9999, 88, -9999, 41, 5, -9999, -9999, -9999, -9999, 100, -9999, -9999, -9999, -9999, -9999, -9999, -9999, -9999, -9999, -9999, -9999, -9999, 1, 1, 1, 1, 1],
[-9999, -9999, -9999, -9999, -9999, -9999, -9999, 52, -9999, -9999, -9999, -9999, -9999, -9999, -9999, -9999, -9999, -9999, -9999, -9999, -9999, -9999, -9999, -9999, -9999, -9999, -9999, -9999, -9999, -9999, -9999, -9999, -9999, -9999, -9999, -9999, -9999, -9999, -9999, -9999, -9999, -9999, -9999, -9999, -9999, -9999, -9999, -9999, -9999, -9999, -9999, -9999, -9999, -9999, -9999, -9999, -9999, -9999, -9999, -9999, -9999, -9999, -9999, -9999, -9999, -9999, -9999, -9999, -9999, -9999, 15, -9999, -9999, -9999, 20, -9999, -9999, -9999, -9999, -9999, -9999, -9999, -9999, -9999, -9999, -9999, -9999, -9999, -9999, -9999, -9999, -9999, -9999, -9999, -9999, -9999, -9999, -9999, -9999, -9999, 1, 1, 1, 1, 1],
[-9999, -9999, -9999, -9999, -9999, -9999, -9999, -9999, 92, 71, -9999, -9999, -9999, -9999, 5, -9999, -9999, -9999, -9999, -9999, -9999, -9999, -9999, -9999, -9999, -9999, -9999, -9999, -9999, -9999, -9999, -9999, -9999, -9999, -9999, -9999, 79, 14, -9999, -9999, -9999, -9999, -9999, 22, -9999, -9999, -9999, -9999, -9999, -9999, -9999, -9999, -9999, -9999, -9999, -9999, -9999, -9999, -9999, -9999, -9999, -9999, -9999, -9999, -9999, 44, -9999, -9999, 70, -9999, -9999, -9999, -9999, -9999, -9999, 13, -9999, -9999, -9999, 18, -9999, -9999, -9999, -9999, -9999, -9999, -9999, -9999, -9999, -9999, -9999, -9999, -9999, -9999, -9999, -9999, -9999, -9999, -9999, 16, 1, 1, 1, 1, 1],
[-9999, -9999, -9999, -9999, -9999, -9999, 16, -9999, 100, 1, -9999, -9999, -9999, 73, 50, -9999, 72, 48, -9999, -9999, -9999, 23, -9999, -9999, -9999, 24, -9999, 68, -9999, -9999, -9999, -9999, -9999, 12, -9999, -9999, 99, 13, -9999, -9999, 31, -9999, -9999, 43, -9999, -9999, 44, 28, -9999, -9999, -9999, -9999, -9999, 93, -9999, 82, -9999, 23, -9999, -9999, -9999, -9999, -9999, -9999, -9999, 31, -9999, 82, -9999, -9999, -9999, -9999, -9999, -9999, 57, 17, -9999, -9999, -9999, -9999, -9999, -9999, 46, 30, -9999, 22, 42, 66, 55, -9999, -9999, -9999, -9999, -9999, -9999, -9999, -9999, -9999, -9999, -9999, 1, 1, 1, 1, 1],
[-9999, -9999, -9999, -9999, -9999, 77, 40, 50, -9999, 81, 14, -9999, -9999, 26, -9999, -9999, -9999, 54, 88, -9999, -9999, 18, -9999, -9999, -9999, 3, -9999, -9999, -9999, -9999, -9999, 67, 83, -9999, -9999, -9999, 100, 80, -9999, -9999, 64, -9999, 87, 40, -9999, 31, 30, -9999, -9999, -9999, -9999, -9999, 57, -9999, -9999, 72, -9999, 27, 54, -9999, -9999, -9999, 65, -9999, 51, 10, -9999, 31, -9999, 25, -9999, -9999, -9999, -9999, 68, 50, -9999, -9999, 58, 12, -9999, 88, -9999, -9999, -9999, -9999, 59, 44, 92, -9999, 49, 34, -9999, -9999, -9999, -9999, -9999, -9999, 82, -9999, 1, 1, 1, 1, 1],
[-9999, -9999, -9999, -9999, -9999, -9999, -9999, 4, 12, 84, 62, 66, 60, 50, -9999, -9999, -9999, 53, -9999, -9999, -9999, -9999, -9999, -9999, -9999, 72, -9999, -9999, -9999, -9999, -9999, -9999, -9999, -9999, -9999, 64, 84, 69, -9999, -9999, 10, -9999, -9999, 23, -9999, 91, 80, -9999, -9999, -9999, 93, 70, -9999, 54, 99, -9999, -9999, -9999, -9999, -9999, 97, 32, -9999, 71, -9999, -9999, -9999, 53, -9999, 45, 83, -9999, 27, -9999, 55, 67, -9999, -9999, 26, -9999, 83, 1, -9999, 46, -9999, 65, 23, 93, 23, 80, -9999, 92, -9999, -9999, -9999, -9999, -9999, -9999, -9999, -9999, 1, 1, 1, 1, 1],
[-9999, -9999, -9999, -9999, -9999, -9999, -9999, 29, 35, 70, 90, 29, -9999, -9999, 64, -9999, -9999, 74, -9999, -9999, -9999, 99, -9999, 19, -9999, -9999, -9999, -9999, -9999, -9999, -9999, -9999, -9999, -9999, -9999, 88, -9999, -9999, -9999, -9999, -9999, -9999, -9999, 37, -9999, 68, 3, 79, -9999, -9999, 26, -9999, -9999, 10, 90, -9999, -9999, -9999, -9999, -9999, -9999, 40, 4, -9999, -9999, 72, -9999, 38, -9999, 17, 84, -9999, -9999, -9999, -9999, 30, -9999, -9999, -9999, 97, 62, 98, 19, 6, -9999, 5, 18, -9999, 59, -9999, -9999, 63, -9999, -9999, -9999, -9999, -9999, -9999, -9999, 15, 1, 1, 1, 1, 1],
[-9999, -9999, -9999, -9999, -9999, -9999, 83, 40, -9999, 95, 80, -9999, 18, 84, 3, -9999, -9999, 66, -9999, -9999, -9999, -9999, 55, -9999, -9999, 82, -9999, 89, -9999, -9999, -9999, -9999, 87, 19, -9999, 19, 56, 3, -9999, -9999, -9999, -9999, -9999, 49, -9999, 17, 11, -9999, -9999, -9999, -9999, -9999, -9999, 83, 14, -9999, -9999, -9999, -9999, -9999, -9999, 84, -9999, -9999, -9999, -9999, -9999, 10, -9999, -9999, 28, -9999, -9999, -9999, 70, -9999, -9999, -9999, 14, 36, -9999, 52, 39, -9999, 14, 22, 41, 91, 54, -9999, -9999, 39, -9999, -9999, -9999, -9999, -9999, -9999, -9999, 66, 1, 1, 1, 1, 1],
[-9999, -9999, -9999, -9999, -9999, -9999, -9999, 11, 60, 62, -9999, -9999, -9999, -9999, 48, -9999, 57, 11, -9999, -9999, -9999, 27, -9999, -9999, -9999, 96, -9999, 28, -9999, 53, -9999, -9999, -9999, 84, -9999, 19, 75, 58, -9999, -9999, -9999, -9999, -9999, 55, -9999, 58, 84, -9999, -9999, -9999, -9999, 23, -9999, -9999, 18, 33, -9999, 51, -9999, 20, 49, -9999, -9999, 6, -9999, 71, -9999, 56, -9999, 84, 30, -9999, -9999, -9999, 79, -9999, -9999, -9999, 8, 2, -9999, 33, 60, 38, -9999, 71, -9999, 20, 48, -9999, -9999, 36, -9999, -9999, -9999, -9999, -9999, -9999, -9999, -9999, 1, 1, 1, 1, 1],
[-9999, -9999, -9999, -9999, -9999, -9999, 30, 68, -9999, 71, -9999, -9999, -9999, -9999, 97, -9999, -9999, 34, 1, -9999, -9999, -9999, -9999, -9999, -9999, 59, 81, 30, -9999, -9999, 47, -9999, 16, 24, 45, -9999, -9999, 7, 73, -9999, -9999, -9999, -9999, 4, -9999, 91, 27, 37, -9999, 36, 49, -9999, -9999, 13, 8, 41, -9999, -9999, -9999, 100, -9999, -9999, 89, 31, -9999, 18, 44, 77, -9999, 78, 10, 74, -9999, -9999, 9, -9999, -9999, -9999, 80, 48, -9999, 10, 3, -9999, -9999, -9999, 43, 79, -9999, -9999, -9999, 74, -9999, -9999, -9999, -9999, -9999, 26, 87, -9999, 1, 1, 1, 1, 1],
[-9999, -9999, -9999, -9999, -9999, -9999, 50, -9999, -9999, 14, -9999, -9999, -9999, 85, 96, -9999, -9999, 57, -9999, -9999, -9999, -9999, -9999, -9999, -9999, -9999, -9999, 94, -9999, -9999, -9999, -9999, 59, 40, -9999, -9999, -9999, -9999, -9999, -9999, 65, -9999, -9999, -9999, -9999, 16, 7, 90, -9999, -9999, 18, 43, -9999, 98, 5, 9, -9999, -9999, -9999, 78, 95, -9999, -9999, -9999, -9999, 2, -9999, 18, -9999, 84, -9999, -9999, 30, 84, 90, -9999, -9999, -9999, -9999, 43, 34, -9999, 39, 38, -9999, 42, -9999, -9999, 57, 85, -9999, 81, -9999, -9999, -9999, -9999, -9999, -9999, -9999, -9999, 1, 1, 1, 1, 1],
[-9999, -9999, -9999, -9999, -9999, -9999, -9999, 8, -9999, -9999, -9999, -9999, -9999, -9999, -9999, -9999, -9999, -9999, -9999, -9999, -9999, -9999, 30, -9999, -9999, -9999, -9999, -9999, -9999, -9999, -9999, -9999, -9999, -9999, -9999, -9999, -9999, -9999, -9999, -9999, -9999, -9999, -9999, -9999, -9999, -9999, -9999, -9999, -9999, -9999, -9999, -9999, -9999, -9999, -9999, -9999, -9999, -9999, -9999, -9999, -9999, -9999, -9999, -9999, -9999, -9999, -9999, -9999, -9999, -9999, 21, -9999, -9999, -9999, 49, -9999, -9999, -9999, -9999, -9999, -9999, -9999, -9999, -9999, -9999, -9999, -9999, 82, -9999, -9999, -9999, -9999, -9999, -9999, -9999, -9999, -9999, -9999, -9999, -9999, 1, 1, 1, 1, 1],
[-9999, -9999, -9999, -9999, -9999, -9999, -9999, -9999, 100, 95, -9999, -9999, -9999, 21, 44, -9999, -9999, -9999, -9999, -9999, -9999, -9999, -9999, -9999, -9999, -9999, -9999, -9999, -9999, -9999, -9999, -9999, -9999, -9999, -9999, 7, 68, -9999, -9999, -9999, -9999, -9999, -9999, 5, -9999, -9999, -9999, -9999, -9999, -9999, -9999, -9999, -9999, -9999, -9999, -9999, -9999, -9999, -9999, -9999, 38, -9999, -9999, -9999, -9999, 17, -9999, -9999, -9999, 87, -9999, -9999, -9999, -9999, -9999, 27, -9999, -9999, -9999, 17, -9999, -9999, -9999, -9999, -9999, -9999, -9999, -9999, 99, -9999, -9999, -9999, -9999, -9999, -9999, -9999, -9999, -9999, -9999, 47, 1, 1, 1, 1, 1],
[-9999, -9999, -9999, -9999, -9999, -9999, 27, 94, 86, 74, 12, -9999, -9999, 5, 39, -9999, -9999, 37, -9999, -9999, -9999, 72, -9999, -9999, -9999, -9999, -9999, -9999, -9999, -9999, -9999, -9999, -9999, 86, -9999, 21, -9999, -9999, -9999, 52, -9999, -9999, -9999, 34, -9999, -9999, 46, -9999, -9999, -9999, -9999, 30, -9999, -9999, -9999, 62, -9999, 52, -9999, -9999, 94, 66, 30, -9999, -9999, 54, -9999, 51, -9999, -9999, -9999, -9999, -9999, -9999, 91, 63, -9999, -9999, -9999, -9999, 74, -9999, -9999, -9999, -9999, 92, -9999, 99, -9999, -9999, -9999, -9999, -9999, -9999, -9999, -9999, -9999, -9999, -9999, -9999, 1, 1, 1, 1, 1],
[-9999, -9999, -9999, -9999, -9999, -9999, -9999, -9999, -9999, 68, -9999, -9999, -9999, 52, 73, -9999, -9999, -9999, -9999, -9999, -9999, -9999, -9999, -9999, -9999, -9999, -9999, 42, -9999, -9999, -9999, -9999, -9999, -9999, -9999, 41, -9999, 79, -9999, -9999, -9999, -9999, -9999, 69, -9999, -9999, -9999, -9999, -9999, -9999, -9999, -9999, -9999, -9999, -9999, -9999, -9999, -9999, -9999, -9999, 8, -9999, -9999, -9999, -9999, 42, -9999, -9999, -9999, 2, -9999, -9999, -9999, -9999, -9999, -9999, -9999, -9999, -9999, -9999, -9999, -9999, -9999, -9999, -9999, -9999, -9999, -9999, -9999, -9999, -9999, -9999, -9999, -9999, -9999, -9999, -9999, -9999, -9999, -9999, 1, 1, 1, 1, 1],
[-9999, -9999, -9999, -9999, -9999, -9999, -9999, 33, -9999, -9999, -9999, -9999, -9999, -9999, -9999, -9999, -9999, -9999, -9999, -9999, -9999, -9999, -9999, -9999, -9999, -9999, -9999, -9999, -9999, -9999, -9999, -9999, -9999, -9999, -9999, -9999, -9999, -9999, -9999, -9999, -9999, -9999, -9999, -9999, -9999, -9999, -9999, -9999, -9999, -9999, -9999, -9999, -9999, -9999, -9999, -9999, -9999, -9999, -9999, -9999, -9999, -9999, -9999, -9999, -9999, -9999, -9999, -9999, -9999, -9999, -9999, -9999, -9999, -9999, 36, -9999, -9999, -9999, -9999, -9999, -9999, -9999, -9999, -9999, -9999, -9999, -9999, 4, -9999, -9999, -9999, -9999, -9999, -9999, -9999, -9999, -9999, -9999, -9999, -9999, 1, 1, 1, 1, 1],
[-9999, -9999, -9999, -9999, -9999, -9999, -9999, -9999, -9999, 6, -9999, -9999, -9999, -9999, 1, -9999, -9999, -9999, -9999, -9999, -9999, -9999, -9999, -9999, -9999, -9999, -9999, 6, -9999, -9999, -9999, -9999, -9999, -9999, -9999, -9999, 7, 24, -9999, -9999, -9999, -9999, -9999, 41, -9999, -9999, -9999, -9999, -9999, -9999, -9999, -9999, -9999, -9999, -9999, -9999, -9999, -9999, -9999, -9999, 71, -9999, -9999, -9999, -9999, -9999, -9999, -9999, -9999, -9999, -9999, -9999, -9999, -9999, -9999, -9999, -9999, -9999, -9999, -9999, -9999, -9999, -9999, -9999, -9999, 57, -9999, -9999, 60, -9999, -9999, 97, -9999, -9999, -9999, -9999, -9999, -9999, -9999, 65, 1, 1, 1, 1, 1],
[-9999, -9999, -9999, -9999, -9999, -9999, -9999, -9999, 16, 51, 7, -9999, -9999, 95, 33, -9999, -9999, 58, 55, -9999, -9999, -9999, -9999, -9999, 37, 89, 73, -9999, -9999, -9999, 70, 20, 8, 19, -9999, -9999, 86, 59, -9999, -9999, -9999, -9999, 48, 12, -9999, 25, 19, -9999, -9999, -9999, 36, -9999, 56, 55, 84, 93, -9999, -9999, -9999, -9999, 12, -9999, 1, -9999, 83, -9999, 30, 15, 27, -9999, -9999, -9999, -9999, -9999, 58, -9999, -9999, -9999, -9999, -9999, 41, 7, -9999, 3, -9999, -9999, 14, 50, -9999, -9999, -9999, 47, -9999, -9999, 42, -9999, -9999, -9999, 65, -9999, 1, 1, 1, 1, 1],
[-9999, -9999, -9999, -9999, -9999, -9999, -9999, -9999, 2, 15, -9999, -9999, 89, 18, 13, -9999, -9999, 12, -9999, 81, -9999, 19, 46, -9999, -9999, 39, -9999, 52, -9999, -9999, -9999, -9999, 92, 94, -9999, 80, -9999, -9999, -9999, -9999, 30, -9999, -9999, 85, 74, 71, 36, 86, -9999, -9999, 71, -9999, -9999, 26, -9999, 87, -9999, -9999, -9999, 48, 71, -9999, 28, 43, -9999, -9999, -9999, 75, -9999, 58, -9999, -9999, 19, 2, 67, 83, -9999, -9999, -9999, 81, 10, -9999, -9999, -9999, -9999, 84, -9999, 63, 97, -9999, -9999, -9999, -9999, -9999, -9999, -9999, -9999, -9999, -9999, 21, 1, 1, 1, 1, 1],
[-9999, -9999, -9999, -9999, -9999, -9999, -9999, -9999, 34, 12, -9999, -9999, -9999, 81, 71, -9999, -9999, -9999, -9999, -9999, -9999, -9999, -9999, -9999, -9999, -9999, -9999, 38, 32, -9999, -9999, -9999, -9999, -9999, -9999, 46, -9999, 23, -9999, -9999, -9999, -9999, 40, 44, -9999, -9999, -9999, -9999, -9999, -9999, -9999, -9999, 98, -9999, -9999, -9999, -9999, -9999, -9999, -9999, 53, -9999, -9999, -9999, -9999, -9999, 22, -9999, -9999, 71, -9999, -9999, -9999, -9999, -9999, 77, -9999, -9999, -9999, 86, -9999, -9999, -9999, -9999, -9999, -9999, -9999, -9999, 54, -9999, -9999, 49, -9999, -9999, -9999, -9999, -9999, -9999, 36, 59, 1, 1, 1, 1, 1],
[-9999, -9999, -9999, -9999, -9999, -9999, -9999, -9999, 71, 79, -9999, 12, -9999, -9999, 5, -9999, -9999, -9999, -9999, -9999, -9999, -9999, -9999, -9999, -9999, -9999, -9999, 3, -9999, -9999, -9999, -9999, -9999, -9999, -9999, 61, 98, -9999, -9999, -9999, -9999, -9999, -9999, 3, -9999, -9999, -9999, -9999, -9999, -9999, -9999, -9999, -9999, -9999, -9999, -9999, -9999, -9999, -9999, -9999, -9999, -9999, -9999, -9999, -9999, 89, -9999, -9999, -9999, -9999, -9999, -9999, -9999, -9999, -9999, 58, -9999, -9999, -9999, -9999, -9999, -9999, -9999, -9999, -9999, 37, -9999, -9999, -9999, -9999, -9999, 55, -9999, -9999, -9999, -9999, -9999, -9999, -9999, -9999, 1, 1, 1, 1, 1],
[-9999, -9999, -9999, -9999, -9999, -9999, -9999, -9999, 64, 82, -9999, -9999, -9999, -9999, 95, -9999, -9999, -9999, -9999, -9999, -9999, -9999, -9999, -9999, -9999, -9999, -9999, -9999, -9999, -9999, -9999, -9999, -9999, -9999, -9999, -9999, -9999, -9999, -9999, -9999, -9999, -9999, -9999, 17, -9999, -9999, -9999, -9999, -9999, -9999, -9999, -9999, -9999, -9999, -9999, -9999, -9999, -9999, -9999, -9999, 50, -9999, -9999, -9999, -9999, 20, -9999, -9999, 94, 62, -9999, -9999, -9999, -9999, -9999, 77, -9999, -9999, -9999, -9999, -9999, -9999, -9999, -9999, -9999, 9, -9999, -9999, -9999, -9999, -9999, -9999, -9999, -9999, -9999, -9999, -9999, -9999, -9999, 1, 1, 1, 1, 1, 1],
[-9999, -9999, -9999, -9999, -9999, -9999, -9999, -9999, -9999, 25, -9999, -9999, -9999, -9999, 26, -9999, -9999, -9999, -9999, -9999, -9999, -9999, -9999, -9999, -9999, -9999, -9999, -9999, 30, -9999, -9999, -9999, -9999, -9999, -9999, 30, -9999, 71, -9999, -9999, -9999, -9999, -9999, 91, -9999, -9999, -9999, -9999, -9999, -9999, -9999, -9999, -9999, -9999, -9999, -9999, -9999, -9999, -9999, -9999, -9999, -9999, -9999, -9999, -9999, -9999, -9999, -9999, -9999, -9999, -9999, -9999, -9999, -9999, -9999, 40, -9999, -9999, -9999, 33, -9999, -9999, -9999, -9999, -9999, 100, -9999, -9999, -9999, -9999, -9999, 28, -9999, -9999, -9999, -9999, -9999, -9999, -9999, -9999, 1, 1, 1, 1, 1],
[-9999, -9999, -9999, -9999, -9999, -9999, 57, 86, 92, 51, -9999, -9999, 14, 20, -9999, -9999, -9999, 53, -9999, -9999, -9999, -9999, -9999, -9999, -9999, 39, -9999, 89, -9999, -9999, -9999, -9999, 38, 99, -9999, 26, -9999, 46, -9999, -9999, 12, -9999, -9999, 5, -9999, -9999, 87, 31, -9999, -9999, 56, 33, -9999, 41, 26, 54, -9999, 48, -9999, -9999, 93, -9999, 86, 7, -9999, 13, -9999, 2, -9999, -9999, -9999, -9999, -9999, -9999, 87, -9999, -9999, -9999, 89, -9999, -9999, 43, -9999, 77, -9999, -9999, -9999, -9999, 34, -9999, -9999, -9999, -9999, -9999, -9999, -9999, -9999, -9999, -9999, -9999, 1, 1, 1, 1, 1],
[-9999, -9999, -9999, -9999, -9999, -9999, 72, 75, 58, 36, 27, -9999, -9999, 72, -9999, -9999, -9999, 86, -9999, -9999, -9999, 76, -9999, -9999, -9999, -9999, -9999, 57, -9999, -9999, -9999, -9999, -9999, -9999, -9999, 29, -9999, -9999, -9999, -9999, 71, -9999, -9999, 81, 22, 61, 85, -9999, -9999, -9999, 21, 35, -9999, -9999, -9999, -9999, 39, 85, -9999, 86, 58, -9999, 96, -9999, -9999, -9999, -9999, 54, -9999, 34, 11, -9999, -9999, -9999, 11, -9999, -9999, -9999, -9999, -9999, 92, -9999, 60, -9999, -9999, 40, 38, -9999, -9999, -9999, -9999, 37, -9999, -9999, -9999, -9999, -9999, -9999, -9999, 60, 1, 1, 1, 1, 1],
[-9999, -9999, -9999, -9999, -9999, -9999, 45, 83, -9999, 27, -9999, -9999, 41, -9999, 2, -9999, -9999, 85, -9999, -9999, -9999, 49, -9999, -9999, -9999, -9999, -9999, 77, -9999, -9999, -9999, -9999, -9999, -9999, -9999, -9999, -9999, 71, -9999, -9999, 42, 16, -9999, 15, -9999, 73, 64, -9999, -9999, -9999, 48, -9999, -9999, -9999, -9999, 59, -9999, -9999, -9999, -9999, 28, -9999, -9999, 53, -9999, 26, -9999, 49, -9999, 19, -9999, -9999, 56, -9999, 3, 83, -9999, -9999, 88, 19, 35, -9999, 45, -9999, -9999, 22, 67, -9999, 82, -9999, -9999, 4, -9999, -9999, -9999, -9999, -9999, -9999, -9999, 12, 1, 1, 1, 1, 1],
[-9999, -9999, -9999, -9999, -9999, -9999, -9999, 30, -9999, -9999, -9999, -9999, -9999, -9999, -9999, -9999, -9999, -9999, 97, -9999, -9999, -9999, -9999, -9999, -9999, -9999, -9999, -9999, -9999, -9999, -9999, -9999, -9999, -9999, -9999, -9999, -9999, -9999, -9999, -9999, -9999, -9999, -9999, -9999, -9999, -9999, -9999, -9999, -9999, -9999, -9999, -9999, -9999, -9999, -9999, -9999, -9999, -9999, -9999, -9999, -9999, -9999, -9999, -9999, -9999, -9999, -9999, -9999, -9999, -9999, -9999, -9999, -9999, -9999, 42, -9999, -9999, -9999, -9999, -9999, -9999, -9999, -9999, -9999, -9999, -9999, -9999, 29, -9999, -9999, -9999, -9999, -9999, -9999, -9999, -9999, -9999, -9999, -9999, -9999, 1, 1, 1, 1, 1],
[-9999, -9999, -9999, -9999, -9999, -9999, -9999, -9999, 57, 36, -9999, -9999, -9999, 95, 84, -9999, -9999, -9999, -9999, -9999, -9999, -9999, -9999, -9999, -9999, -9999, -9999, -9999, -9999, -9999, -9999, -9999, -9999, -9999, -9999, -9999, -9999, -9999, -9999, -9999, -9999, -9999, -9999, 11, -9999, -9999, -9999, -9999, -9999, -9999, -9999, -9999, -9999, -9999, -9999, -9999, -9999, -9999, -9999, -9999, -9999, -9999, -9999, -9999, -9999, 86, -9999, -9999, -9999, 6, -9999, -9999, -9999, -9999, -9999, 10, -9999, -9999, -9999, -9999, -9999, -9999, -9999, -9999, -9999, 60, -9999, -9999, 5, -9999, -9999, -9999, -9999, -9999, -9999, -9999, -9999, -9999, -9999, -9999, 1, 1, 1, 1, 1],
[-9999, -9999, -9999, -9999, -9999, -9999, 88, 27, 32, 44, -9999, 63, 3, 85, -9999, -9999, -9999, 42, -9999, 80, -9999, 12, -9999, 4, -9999, 26, -9999, 92, -9999, -9999, -9999, -9999, -9999, 20, -9999, -9999, 91, 30, -9999, -9999, 45, -9999, -9999, 77, -9999, -9999, 100, 14, -9999, -9999, 90, 72, -9999, 24, 84, 1, -9999, -9999, -9999, -9999, -9999, -9999, -9999, 19, -9999, -9999, -9999, 55, -9999, 87, -9999, -9999, 98, -9999, 35, 70, -9999, -9999, 97, 25, 72, 61, 42, 52, -9999, -9999, 75, 90, 70, -9999, -9999, 53, -9999, -9999, -9999, -9999, -9999, -9999, -9999, 12, 1, 1, 1, 1, 1],
[-9999, -9999, -9999, -9999, -9999, -9999, -9999, -9999, -9999, 19, -9999, 20, -9999, 94, -9999, -9999, -9999, -9999, -9999, -9999, -9999, -9999, -9999, -9999, -9999, -9999, -9999, 6, 4, -9999, -9999, -9999, -9999, -9999, -9999, 70, -9999, -9999, -9999, -9999, -9999, -9999, -9999, 99, -9999, -9999, -9999, -9999, -9999, -9999, -9999, -9999, -9999, -9999, -9999, -9999, -9999, -9999, -9999, -9999, 66, 48, -9999, -9999, -9999, -9999, -9999, -9999, -9999, -9999, -9999, -9999, -9999, -9999, -9999, 14, -9999, -9999, -9999, 69, -9999, -9999, -9999, -9999, -9999, -9999, -9999, -9999, 63, -9999, -9999, -9999, -9999, -9999, -9999, -9999, -9999, -9999, -9999, -9999, 1, 1, 1, 1, 1],
[-9999, -9999, -9999, -9999, -9999, -9999, -9999, -9999, -9999, -9999, -9999, -9999, -9999, -9999, -9999, -9999, -9999, -9999, -9999, -9999, -9999, -9999, -9999, -9999, -9999, -9999, -9999, -9999, -9999, -9999, -9999, -9999, -9999, -9999, -9999, -9999, -9999, -9999, -9999, -9999, -9999, -9999, 54, -9999, -9999, -9999, -9999, -9999, -9999, -9999, -9999, -9999, -9999, -9999, -9999, -9999, -9999, -9999, -9999, -9999, -9999, -9999, -9999, -9999, -9999, -9999, -9999, -9999, -9999, -9999, -9999, -9999, -9999, -9999, -9999, -9999, -9999, -9999, -9999, -9999, -9999, -9999, -9999, -9999, -9999, -9999, -9999, -9999, -9999, -9999, -9999, -9999, -9999, -9999, -9999, -9999, -9999, -9999, -9999, -9999, 1, 1, 1, 1, 1],
[-9999, -9999, -9999, -9999, -9999, -9999, 50, 46, 26, 14, -9999, -9999, 99, 18, -9999, -9999, -9999, 2, -9999, -9999, -9999, -9999, -9999, 10, -9999, -9999, -9999, 5, 10, -9999, -9999, -9999, -9999, -9999, -9999, -9999, 73, 54, -9999, -9999, 66, -9999, -9999, 60, -9999, 82, 75, 3, -9999, -9999, 38, 34, -9999, 83, 52, -9999, -9999, 24, -9999, -9999, 73, -9999, 44, -9999, -9999, -9999, -9999, 46, -9999, 28, -9999, -9999, 75, -9999, 45, -9999, -9999, -9999, 39, -9999, 33, -9999, -9999, 50, -9999, 82, -9999, 3, 7, -9999, -9999, 45, 14, -9999, -9999, -9999, -9999, -9999, -9999, -9999, 1, 1, 1, 1, 1],
[-9999, -9999, -9999, -9999, -9999, -9999, -9999, -9999, -9999, -9999, -9999, -9999, -9999, -9999, -9999, -9999, -9999, -9999, -9999, -9999, -9999, -9999, -9999, -9999, -9999, -9999, -9999, -9999, -9999, -9999, -9999, -9999, -9999, -9999, -9999, -9999, -9999, -9999, -9999, -9999, -9999, -9999, -9999, -9999, -9999, -9999, -9999, -9999, -9999, -9999, -9999, -9999, -9999, -9999, -9999, -9999, -9999, -9999, -9999, -9999, -9999, -9999, -9999, -9999, -9999, -9999, -9999, -9999, -9999, -9999, -9999, -9999, -9999, -9999, -9999, -9999, -9999, -9999, -9999, -9999, -9999, -9999, -9999, -9999, -9999, -9999, -9999, -9999, -9999, -9999, -9999, -9999, -9999, -9999, -9999, -9999, -9999, -9999, -9999, -9999, -9999, -9999, -9999, -9999, -9999],
[-9999, -9999, -9999, -9999, -9999, -9999, -9999, -9999, -9999, -9999, -9999, -9999, -9999, -9999, -9999, -9999, -9999, -9999, -9999, -9999, -9999, -9999, -9999, -9999, -9999, -9999, -9999, -9999, -9999, -9999, -9999, -9999, -9999, -9999, -9999, -9999, -9999, -9999, -9999, -9999, -9999, -9999, -9999, -9999, -9999, -9999, -9999, -9999, -9999, -9999, -9999, -9999, -9999, -9999, -9999, -9999, -9999, -9999, -9999, -9999, -9999, -9999, -9999, -9999, -9999, -9999, -9999, -9999, -9999, -9999, -9999, -9999, -9999, -9999, -9999, -9999, -9999, -9999, -9999, -9999, -9999, -9999, -9999, -9999, -9999, -9999, -9999, -9999, -9999, -9999, -9999, -9999, -9999, -9999, -9999, -9999, -9999, -9999, -9999, -9999, -9999, -9999, -9999, -9999, -9999],
[-9999, -9999, -9999, -9999, -9999, -9999, -9999, -9999, -9999, -9999, -9999, -9999, -9999, -9999, -9999, -9999, -9999, -9999, -9999, -9999, -9999, -9999, -9999, -9999, -9999, -9999, -9999, -9999, -9999, -9999, -9999, -9999, -9999, -9999, -9999, -9999, -9999, -9999, -9999, -9999, -9999, -9999, -9999, -9999, -9999, -9999, -9999, -9999, -9999, -9999, -9999, -9999, -9999, -9999, -9999, -9999, -9999, -9999, -9999, -9999, -9999, -9999, -9999, -9999, -9999, -9999, -9999, -9999, -9999, -9999, -9999, -9999, -9999, -9999, -9999, -9999, -9999, -9999, -9999, -9999, -9999, -9999, -9999, -9999, -9999, -9999, -9999, -9999, -9999, -9999, -9999, -9999, -9999, -9999, -9999, -9999, -9999, -9999, -9999, -9999, -9999, -9999, -9999, -9999, -9999],
[-9999, -9999, -9999, -9999, -9999, -9999, -9999, -9999, -9999, -9999, -9999, -9999, -9999, -9999, -9999, -9999, -9999, -9999, -9999, -9999, -9999, -9999, -9999, -9999, -9999, -9999, -9999, -9999, -9999, -9999, -9999, -9999, -9999, -9999, -9999, -9999, -9999, -9999, -9999, -9999, -9999, -9999, -9999, -9999, -9999, -9999, -9999, -9999, -9999, -9999, -9999, -9999, -9999, -9999, -9999, -9999, -9999, -9999, -9999, -9999, -9999, -9999, -9999, -9999, -9999, -9999, -9999, -9999, -9999, -9999, -9999, -9999, -9999, -9999, -9999, -9999, -9999, -9999, -9999, -9999, -9999, -9999, -9999, -9999, -9999, -9999, -9999, -9999, -9999, -9999, -9999, -9999, -9999, -9999, -9999, -9999, -9999, -9999, -9999, -9999, -9999, -9999, -9999, -9999, -9999],
[-9999, -9999, -9999, -9999, -9999, -9999, -9999, -9999, -9999, -9999, -9999, -9999, -9999, -9999, -9999, -9999, -9999, -9999, -9999, -9999, -9999, -9999, -9999, -9999, -9999, -9999, -9999, -9999, -9999, -9999, -9999, -9999, -9999, -9999, -9999, -9999, -9999, -9999, -9999, -9999, -9999, -9999, -9999, -9999, -9999, -9999, -9999, -9999, -9999, -9999, -9999, -9999, -9999, -9999, -9999, -9999, -9999, -9999, -9999, -9999, -9999, -9999, -9999, -9999, -9999, -9999, -9999, -9999, -9999, -9999, -9999, -9999, -9999, -9999, -9999, -9999, -9999, -9999, -9999, -9999, -9999, -9999, -9999, -9999, -9999, -9999, -9999, -9999, -9999, -9999, -9999, -9999, -9999, -9999, -9999, -9999, -9999, -9999, -9999, -9999, -9999, -9999, -9999, -9999, -9999]
];
