NbNodes = 105;
NbNDDs = 5;
NbPairs = 95;
NbTerminals = 5;
K = 0;
L = 97;
Wt = [
[-9999, -9999, -9999, -9999, -9999, 73, -9999, 87, -9999, -9999, -9999, 79, -9999, -9999, -9999, -9999, -9999, -9999, 100, 11, 43, -9999, -9999, -9999, -9999, -9999, 57, -9999, -9999, -9999, -9999, -9999, -9999, -9999, -9999, -9999, 42, 85, 48, 3, -9999, -9999, 70, 89, 36, 22, 36, -9999, 50, 15, 31, 44, -9999, 84, 100, -9999, -9999, 8, 37, 10, 13, -9999, -9999, -9999, -9999, 67, 38, -9999, -9999, 15, -9999, -9999, -9999, 54, -9999, 54, -9999, -9999, -9999, -9999, 31, 25, -9999, -9999, -9999, -9999, -9999, -9999, -9999, 17, -9999, 38, -9999, -9999, 24, 36, -9999, 12, -9999, 62, 1, 1, 1, 1, 1],
[-9999, -9999, -9999, -9999, -9999, -9999, -9999, 44, -9999, -9999, 76, 92, -9999, 6, 19, -9999, -9999, -9999, 89, 22, 21, -9999, -9999, -9999, 38, -9999, -9999, -9999, -9999, -9999, -9999, -9999, -9999, 51, -9999, -9999, 76, 93, 55, 84, 85, 61, 11, 29, 55, -9999, -9999, 1, 48, 28, -9999, 67, -9999, 36, -9999, -9999, 95, 79, -9999, 92, 23, -9999, -9999, -9999, -9999, -9999, 23, -9999, -9999, 5, 24, -9999, -9999, 60, -9999, 40, -9999, -9999, 98, -9999, 68, -9999, -9999, -9999, -9999, -9999, 51, 57, 12, 39, -9999, 91, -9999, -9999, -9999, -9999, -9999, 85, -9999, 29, 1, 1, 1, 1, 1],
[-9999, -9999, -9999, -9999, -9999, 57, 69, 11, 1, -9999, -9999, 10, -9999, -9999, 29, -9999, -9999, -9999, 83, -9999, -9999, -9999, -9999, -9999, 46, -9999, -9999, -9999, -9999, -9999, -9999, -9999, 43, -9999, -9999, 58, 8, 7, 96, 88, 36, 72, 42, 100, 38, 98, 64, 92, 81, 39, -9999, 30, -9999, 10, 75, 31, -9999, 18, 90, -9999, -9999, 35, -9999, -9999, -9999, 96, -9999, -9999, -9999, 99, -9999, 39, -9999, 53, 14, -9999, 63, -9999, 86, -9999, -9999, 44, -9999, -9999, -9999, -9999, 24, 77, 91, 27, -9999, 46, -9999, -9999, 10, 41, -9999, 83, -9999, 13, 1, 1, 1, 1, 1],
[-9999, -9999, -9999, -9999, -9999, -9999, -9999, 47, -9999, 60, -9999, 90, -9999, 87, 15, -9999, -9999, -9999, 36, -9999, 92, -9999, -9999, -9999, -9999, -9999, -9999, -9999, -9999, -9999, -9999, -9999, 81, -9999, -9999, -9999, 45, -9999, 10, 11, -9999, 35, 38, -9999, 78, 66, 43, -9999, -9999, 68, -9999, 4, -9999, 11, -9999, 34, -9999, 35, 43, 3, 74, -9999, -9999, -9999, -9999, 62, -9999, 19, -9999, 60, -9999, 62, -9999, -9999, 4, 46, 15, -9999, 62, 47, -9999, -9999, -9999, -9999, -9999, -9999, -9999, 68, -9999, 72, -9999, 11, -9999, -9999, 45, 77, -9999, 50, -9999, 16, 1, 1, 1, 1, 1],
[-9999, -9999, -9999, -9999, -9999, -9999, 40, 44, -9999, 13, 47, 53, -9999, -9999, 44, -9999, -9999, -9999, 32, 73, -9999, 94, -9999, -9999, 79, -9999, -9999, -9999, -9999, -9999, -9999, -9999, -9999, 6, -9999, -9999, 99, -9999, 10, 13, 5, 75, 96, 44, 71, 98, -9999, 11, -9999, 50, 44, 53, -9999, 50, -9999, 57, -9999, -9999, -9999, 38, -9999, -9999, -9999, -9999, -9999, 97, 14, 75, -9999, 5, 22, 3, -9999, 54, 24, 62, 48, -9999, 59, -9999, 55, 29, -9999, -9999, -9999, -9999, -9999, 49, -9999, 46, -9999, 73, -9999, -9999, -9999, -9999, -9999, 95, -9999, 64, 1, 1, 1, 1, 1],
[-9999, -9999, -9999, -9999, -9999, -9999, -9999, -9999, -9999, -9999, -9999, -9999, -9999, -9999, 25, -9999, -9999, -9999, -9999, -9999, -9999, -9999, -9999, -9999, -9999, -9999, -9999, -9999, -9999, -9999, -9999, -9999, 44, -9999, -9999, -9999, -9999, -9999, -9999, -9999, 34, -9999, -9999, -9999, -9999, -9999, -9999, -9999, -9999, -9999, -9999, 69, -9999, 49, -9999, -9999, -9999, -9999, -9999, -9999, -9999, 90, -9999, -9999, -9999, 35, -9999, -9999, -9999, 70, -9999, -9999, -9999, -9999, -9999, -9999, -9999, -9999, -9999, -9999, 42, 13, -9999, -9999, -9999, -9999, -9999, -9999, -9999, 60, -9999, -9999, -9999, -9999, 80, -9999, -9999, -9999, -9999, -9999, 1, 1, 1, 1, 1],
[-9999, -9999, -9999, -9999, -9999, -9999, -9999, 42, 3, -9999, -9999, -9999, -9999, -9999, 98, -9999, -9999, -9999, -9999, -9999, -9999, -9999, -9999, -9999, -9999, -9999, -9999, -9999, -9999, -9999, -9999, -9999, -9999, -9999, -9999, 26, -9999, -9999, 98, -9999, -9999, -9999, -9999, -9999, -9999, -9999, -9999, -9999, -9999, -9999, -9999, -9999, -9999, -9999, -9999, -9999, -9999, -9999, -9999, -9999, -9999, -9999, -9999, -9999, -9999, -9999, -9999, -9999, -9999, -9999, -9999, -9999, -9999, 59, 85, -9999, -9999, -9999, -9999, -9999, -9999, -9999, -9999, -9999, -9999, -9999, -9999, -9999, -9999, -9999, -9999, -9999, -9999, -9999, -9999, -9999, -9999, -9999, -9999, -9999, 1, 1, 1, 1, 1],
[-9999, -9999, -9999, -9999, -9999, -9999, -9999, -9999, 52, -9999, -9999, -9999, -9999, -9999, 15, -9999, -9999, -9999, -9999, -9999, -9999, -9999, -9999, -9999, -9999, -9999, -9999, -9999, -9999, -9999, -9999, -9999, 13, 36, -9999, -9999, -9999, -9999, 63, -9999, -9999, -9999, -9999, -9999, -9999, -9999, -9999, -9999, -9999, -9999, -9999, 3, -9999, 42, -9999, -9999, -9999, -9999, -9999, -9999, -9999, -9999, -9999, -9999, -9999, -9999, -9999, -9999, -9999, 20, -9999, -9999, -9999, -9999, -9999, -9999, -9999, -9999, -9999, -9999, 83, -9999, -9999, -9999, -9999, -9999, -9999, -9999, -9999, 72, -9999, -9999, -9999, -9999, 76, -9999, -9999, -9999, -9999, -9999, 1, 1, 1, 1, 1],
[-9999, -9999, -9999, -9999, -9999, 30, 13, 44, -9999, -9999, 41, 92, -9999, 73, 66, 83, -9999, 23, 75, 82, -9999, -9999, 42, -9999, -9999, -9999, -9999, -9999, 84, -9999, -9999, 84, -9999, 55, -9999, -9999, -9999, -9999, 9, 77, 41, 5, 20, -9999, 92, 62, -9999, 15, 29, 54, -9999, -9999, -9999, 89, -9999, 65, -9999, -9999, 95, -9999, -9999, 8, -9999, -9999, -9999, 53, 20, -9999, -9999, 96, 19, -9999, -9999, 65, -9999, 40, 5, -9999, -9999, -9999, -9999, 95, 63, -9999, -9999, -9999, -9999, 70, 99, 72, -9999, 44, -9999, -9999, 7, 8, 84, 57, 78, 62, 1, 1, 1, 1, 1],
[-9999, -9999, -9999, -9999, -9999, 83, 31, 96, 1, -9999, -9999, -9999, -9999, 70, 43, -9999, -9999, -9999, 55, -9999, 57, -9999, -9999, -9999, 57, -9999, -9999, -9999, -9999, -9999, -9999, -9999, -9999, -9999, -9999, -9999, 77, 61, 4, 82, -9999, 88, 73, -9999, 20, 14, -9999, 42, 19, 9, 69, 58, -9999, 58, 65, 49, -9999, 7, 74, 85, -9999, 70, -9999, 97, -9999, -9999, -9999, -9999, -9999, 97, -9999, -9999, -9999, 80, -9999, 7, 34, -9999, -9999, 4, -9999, -9999, -9999, -9999, -9999, -9999, 35, -9999, 85, 98, -9999, 90, -9999, -9999, 9, 17, -9999, 6, -9999, 5, 1, 1, 1, 1, 1],
[-9999, -9999, -9999, -9999, -9999, 16, -9999, 66, -9999, 55, -9999, -9999, -9999, -9999, -9999, -9999, -9999, -9999, 67, -9999, 94, -9999, -9999, -9999, 9, -9999, -9999, -9999, -9999, -9999, -9999, -9999, -9999, 36, -9999, -9999, 31, 45, 52, -9999, 91, 15, 92, 18, 83, 68, 92, -9999, -9999, -9999, 27, 77, -9999, 1, 77, -9999, -9999, 59, 23, -9999, -9999, 97, 35, -9999, -9999, -9999, -9999, -9999, -9999, 95, -9999, -9999, -9999, 80, -9999, 77, -9999, -9999, 66, -9999, -9999, -9999, -9999, -9999, -9999, -9999, -9999, 13, 57, 33, -9999, 53, -9999, -9999, -9999, -9999, -9999, 59, -9999, 62, 1, 1, 1, 1, 1],
[-9999, -9999, -9999, -9999, -9999, -9999, -9999, -9999, -9999, -9999, -9999, -9999, -9999, -9999, -9999, -9999, -9999, -9999, -9999, -9999, -9999, -9999, -9999, 42, -9999, -9999, -9999, -9999, -9999, -9999, -9999, -9999, -9999, -9999, -9999, -9999, -9999, -9999, 76, -9999, 19, -9999, -9999, 10, -9999, -9999, -9999, -9999, -9999, -9999, -9999, 100, -9999, 70, -9999, -9999, -9999, -9999, -9999, -9999, -9999, 58, -9999, -9999, -9999, 41, -9999, -9999, -9999, 22, -9999, -9999, -9999, -9999, -9999, -9999, -9999, -9999, -9999, -9999, 79, 46, -9999, -9999, -9999, -9999, -9999, -9999, -9999, 95, -9999, -9999, -9999, -9999, -9999, -9999, -9999, -9999, -9999, -9999, 1, 1, 1, 1, 1],
[-9999, -9999, -9999, -9999, -9999, -9999, 20, 46, 30, -9999, -9999, -9999, -9999, -9999, -9999, -9999, -9999, -9999, -9999, -9999, -9999, -9999, -9999, -9999, -9999, -9999, -9999, -9999, -9999, -9999, -9999, -9999, -9999, -9999, -9999, -9999, -9999, -9999, 47, -9999, -9999, -9999, -9999, -9999, -9999, -9999, -9999, -9999, -9999, -9999, -9999, -9999, -9999, -9999, -9999, -9999, -9999, -9999, 87, -9999, -9999, -9999, -9999, -9999, -9999, -9999, -9999, -9999, -9999, -9999, -9999, -9999, -9999, 51, -9999, -9999, -9999, -9999, -9999, -9999, -9999, -9999, -9999, -9999, -9999, -9999, -9999, -9999, -9999, -9999, -9999, -9999, -9999, -9999, -9999, -9999, -9999, -9999, -9999, -9999, 1, 1, 1, 1, 1],
[-9999, -9999, -9999, -9999, -9999, 23, 22, 2, -9999, 23, 95, 44, 15, -9999, 47, 76, 30, 12, 9, -9999, 26, -9999, 60, -9999, 56, -9999, -9999, -9999, 84, -9999, -9999, 63, 83, -9999, -9999, 90, 88, -9999, 48, 28, -9999, -9999, 3, -9999, 83, 54, 98, 10, -9999, 54, 9, 36, 83, 27, 16, -9999, -9999, 41, -9999, 39, -9999, -9999, -9999, -9999, -9999, 91, -9999, -9999, -9999, 94, -9999, 52, 37, -9999, 21, -9999, 80, -9999, -9999, -9999, -9999, 50, 7, 98, -9999, 72, 43, -9999, -9999, 24, 97, 83, -9999, 72, -9999, -9999, 20, 59, -9999, 58, 1, 1, 1, 1, 1],
[-9999, -9999, -9999, -9999, -9999, -9999, -9999, -9999, 36, -9999, -9999, -9999, -9999, -9999, -9999, -9999, -9999, -9999, -9999, -9999, -9999, -9999, -9999, -9999, -9999, -9999, -9999, -9999, -9999, -9999, -9999, -9999, 34, 64, -9999, -9999, -9999, -9999, 13, -9999, 15, -9999, -9999, -9999, -9999, -9999, -9999, -9999, -9999, -9999, -9999, -9999, -9999, 46, -9999, -9999, -9999, -9999, -9999, -9999, -9999, -9999, -9999, -9999, -9999, -9999, -9999, -9999, -9999, 63, -9999, -9999, -9999, -9999, -9999, -9999, -9999, -9999, -9999, -9999, 89, 89, -9999, -9999, -9999, -9999, -9999, -9999, -9999, 11, -9999, -9999, -9999, -9999, -9999, -9999, -9999, -9999, -9999, -9999, 1, 1, 1, 1, 1],
[-9999, -9999, -9999, -9999, -9999, -9999, -9999, -9999, 96, 90, -9999, 23, -9999, -9999, 35, -9999, -9999, -9999, 100, 8, -9999, -9999, -9999, -9999, 36, -9999, -9999, -9999, -9999, -9999, -9999, -9999, -9999, -9999, -9999, 96, -9999, 11, 18, 25, -9999, 91, 11, 65, 98, 23, 43, 41, 21, 80, 19, 6, -9999, 59, -9999, -9999, -9999, 49, -9999, 48, 68, 11, -9999, -9999, -9999, -9999, -9999, -9999, -9999, 79, -9999, 67, -9999, 97, -9999, 14, 52, -9999, 40, -9999, 31, 11, -9999, -9999, -9999, -9999, 41, 44, -9999, 45, -9999, 69, -9999, -9999, 79, -9999, -9999, 2, -9999, 73, 1, 1, 1, 1, 1],
[-9999, -9999, -9999, -9999, -9999, -9999, 40, 23, -9999, -9999, 91, 32, -9999, -9999, 17, -9999, -9999, -9999, 64, 50, 25, -9999, -9999, -9999, 46, -9999, -9999, -9999, -9999, -9999, 50, -9999, 100, 29, -9999, -9999, 7, 3, 55, -9999, 5, -9999, 3, -9999, 29, -9999, 40, 29, -9999, -9999, -9999, 59, -9999, 61, 96, 4, -9999, -9999, 5, -9999, -9999, -9999, -9999, -9999, -9999, -9999, -9999, -9999, -9999, 38, 70, 79, -9999, 92, 67, -9999, 92, -9999, 28, -9999, -9999, 27, -9999, -9999, -9999, -9999, -9999, 61, 25, 81, -9999, 66, -9999, -9999, -9999, 78, -9999, 77, -9999, 43, 1, 1, 1, 1, 1],
[-9999, -9999, -9999, -9999, -9999, -9999, -9999, -9999, 23, -9999, -9999, -9999, -9999, -9999, -9999, -9999, -9999, -9999, -9999, -9999, -9999, -9999, -9999, -9999, -9999, -9999, -9999, -9999, -9999, -9999, -9999, -9999, 14, -9999, -9999, -9999, -9999, -9999, 71, -9999, 25, -9999, -9999, -9999, -9999, -9999, -9999, -9999, -9999, -9999, -9999, 63, -9999, 93, -9999, -9999, -9999, -9999, -9999, -9999, -9999, 2, -9999, 95, -9999, 30, -9999, -9999, -9999, 94, -9999, -9999, -9999, -9999, -9999, -9999, -9999, -9999, -9999, -9999, 72, 32, -9999, -9999, -9999, -9999, -9999, -9999, -9999, 96, -9999, -9999, -9999, -9999, 5, -9999, -9999, -9999, -9999, -9999, 1, 1, 1, 1, 1],
[-9999, -9999, -9999, -9999, -9999, 13, 88, -9999, -9999, 1, 34, 59, -9999, 74, -9999, -9999, -9999, -9999, -9999, -9999, -9999, 4, -9999, -9999, 91, -9999, -9999, -9999, -9999, -9999, -9999, -9999, 51, -9999, -9999, -9999, -9999, -9999, 61, 6, -9999, 5, 65, 68, -9999, 10, -9999, 30, -9999, 47, 59, 20, -9999, 6, 41, -9999, -9999, 34, -9999, 2, 80, -9999, -9999, -9999, -9999, -9999, -9999, -9999, -9999, 92, 93, -9999, -9999, 70, -9999, 57, 29, -9999, 70, -9999, 95, -9999, -9999, -9999, -9999, -9999, -9999, 14, -9999, 19, -9999, 97, -9999, -9999, 99, -9999, -9999, 19, -9999, 64, 1, 1, 1, 1, 1],
[-9999, -9999, -9999, -9999, -9999, -9999, -9999, 4, -9999, 28, 76, 31, -9999, -9999, 96, -9999, -9999, -9999, 55, -9999, -9999, -9999, -9999, -9999, -9999, -9999, -9999, -9999, -9999, -9999, -9999, -9999, -9999, -9999, -9999, 10, -9999, 13, 59, -9999, 44, -9999, 84, 61, 87, -9999, -9999, -9999, -9999, 37, -9999, 68, -9999, 68, 5, -9999, -9999, -9999, -9999, -9999, 45, -9999, -9999, -9999, -9999, 45, -9999, -9999, -9999, 31, 15, -9999, -9999, 78, -9999, -9999, -9999, -9999, -9999, 92, 5, 22, -9999, -9999, -9999, -9999, 87, -9999, -9999, 11, -9999, 95, -9999, -9999, 1, 61, -9999, 14, -9999, 51, 1, 1, 1, 1, 1],
[-9999, -9999, -9999, -9999, -9999, -9999, -9999, -9999, 2, -9999, -9999, -9999, -9999, -9999, 49, -9999, 2, -9999, -9999, -9999, -9999, -9999, -9999, -9999, -9999, -9999, -9999, -9999, -9999, -9999, -9999, -9999, -9999, 44, -9999, -9999, -9999, -9999, 10, -9999, -9999, -9999, -9999, 16, -9999, -9999, -9999, -9999, -9999, -9999, -9999, 74, -9999, 9, 39, -9999, 69, -9999, -9999, -9999, -9999, 8, -9999, 91, -9999, -9999, -9999, -9999, -9999, 26, -9999, -9999, -9999, -9999, -9999, -9999, -9999, -9999, -9999, -9999, -9999, 86, -9999, -9999, -9999, -9999, -9999, -9999, -9999, 33, -9999, -9999, -9999, -9999, 16, -9999, -9999, -9999, -9999, -9999, 1, 1, 1, 1, 1],
[-9999, -9999, -9999, -9999, -9999, 71, -9999, 37, -9999, 44, -9999, 98, -9999, 38, -9999, -9999, -9999, -9999, 2, 49, 17, -9999, -9999, -9999, 61, -9999, -9999, -9999, -9999, -9999, -9999, -9999, -9999, 14, 11, 84, 43, -9999, 85, -9999, 17, -9999, 23, -9999, 57, 97, 27, -9999, 23, 93, 43, 96, -9999, 7, 21, 72, -9999, -9999, 97, 29, 65, -9999, 24, -9999, -9999, -9999, 5, -9999, -9999, 35, -9999, -9999, -9999, -9999, -9999, -9999, 82, -9999, -9999, -9999, 62, 77, -9999, -9999, -9999, -9999, -9999, -9999, -9999, 69, -9999, 17, -9999, -9999, -9999, 16, -9999, 1, -9999, 54, 1, 1, 1, 1, 1],
[-9999, -9999, -9999, -9999, -9999, -9999, -9999, -9999, -9999, -9999, -9999, -9999, -9999, -9999, -9999, -9999, -9999, -9999, -9999, -9999, -9999, -9999, -9999, -9999, -9999, -9999, -9999, -9999, -9999, -9999, -9999, -9999, 27, -9999, -9999, -9999, -9999, -9999, 84, -9999, -9999, -9999, -9999, 56, -9999, -9999, -9999, -9999, -9999, -9999, -9999, 75, -9999, 5, -9999, -9999, -9999, -9999, -9999, -9999, -9999, -9999, -9999, 34, -9999, 28, -9999, -9999, -9999, 26, -9999, -9999, -9999, -9999, -9999, -9999, -9999, -9999, -9999, -9999, 40, -9999, -9999, -9999, -9999, -9999, -9999, -9999, -9999, 61, -9999, -9999, -9999, -9999, -9999, -9999, -9999, -9999, -9999, -9999, 1, 1, 1, 1, 1],
[-9999, -9999, -9999, -9999, -9999, 81, -9999, -9999, -9999, -9999, 7, 78, -9999, -9999, -9999, -9999, -9999, -9999, 96, -9999, -9999, -9999, -9999, -9999, 72, -9999, -9999, -9999, -9999, -9999, -9999, -9999, -9999, -9999, 43, 8, -9999, 34, 71, 62, 93, 14, 42, -9999, 26, -9999, 98, -9999, 21, -9999, 19, 18, -9999, 74, -9999, 15, -9999, 34, -9999, -9999, 86, -9999, -9999, 5, -9999, -9999, 86, -9999, -9999, 19, 13, 54, -9999, 2, 91, 98, -9999, -9999, 53, -9999, 77, 69, -9999, -9999, -9999, -9999, 48, -9999, -9999, 84, -9999, 59, -9999, -9999, -9999, -9999, -9999, 37, -9999, 9, 1, 1, 1, 1, 1],
[-9999, -9999, -9999, -9999, -9999, -9999, 6, 55, 32, -9999, -9999, -9999, -9999, -9999, 52, -9999, -9999, -9999, -9999, -9999, -9999, -9999, -9999, -9999, -9999, -9999, -9999, -9999, -9999, -9999, -9999, -9999, -9999, -9999, -9999, 32, -9999, -9999, 84, -9999, -9999, -9999, -9999, -9999, -9999, -9999, -9999, -9999, -9999, -9999, -9999, -9999, -9999, -9999, -9999, -9999, -9999, -9999, 15, -9999, -9999, -9999, -9999, -9999, -9999, -9999, -9999, -9999, -9999, -9999, -9999, -9999, -9999, 26, 92, -9999, -9999, -9999, -9999, -9999, -9999, -9999, 22, -9999, -9999, -9999, -9999, -9999, -9999, -9999, -9999, -9999, -9999, -9999, -9999, -9999, -9999, -9999, -9999, -9999, 1, 1, 1, 1, 1],
[-9999, -9999, -9999, -9999, -9999, -9999, -9999, -9999, -9999, -9999, -9999, -9999, -9999, -9999, 87, -9999, -9999, -9999, -9999, -9999, -9999, -9999, -9999, -9999, -9999, -9999, -9999, -9999, -9999, -9999, -9999, -9999, -9999, -9999, -9999, -9999, -9999, -9999, 2, -9999, -9999, -9999, -9999, -9999, -9999, -9999, -9999, -9999, -9999, -9999, -9999, -9999, -9999, -9999, -9999, -9999, -9999, -9999, -9999, -9999, -9999, -9999, -9999, -9999, -9999, -9999, -9999, -9999, -9999, -9999, -9999, -9999, -9999, -9999, -9999, -9999, -9999, -9999, -9999, -9999, -9999, -9999, -9999, -9999, -9999, -9999, -9999, -9999, -9999, -9999, -9999, -9999, -9999, -9999, -9999, -9999, -9999, -9999, -9999, -9999, 1, 1, 1, 1, 1],
[-9999, -9999, -9999, -9999, -9999, -9999, -9999, 63, -9999, -9999, -9999, -9999, -9999, -9999, 35, -9999, -9999, -9999, -9999, -9999, -9999, -9999, -9999, -9999, -9999, -9999, -9999, -9999, -9999, -9999, -9999, -9999, -9999, -9999, -9999, 21, -9999, -9999, 24, -9999, -9999, -9999, -9999, -9999, -9999, -9999, -9999, -9999, -9999, -9999, -9999, -9999, -9999, -9999, -9999, -9999, -9999, -9999, -9999, -9999, -9999, -9999, -9999, -9999, -9999, -9999, -9999, -9999, -9999, -9999, -9999, -9999, -9999, 50, 17, -9999, -9999, -9999, -9999, -9999, -9999, -9999, -9999, -9999, -9999, -9999, -9999, -9999, -9999, -9999, -9999, -9999, -9999, -9999, -9999, -9999, -9999, -9999, -9999, -9999, 1, 1, 1, 1, 1],
[-9999, -9999, -9999, -9999, -9999, -9999, 86, 52, -9999, -9999, 34, -9999, -9999, 61, 26, -9999, -9999, -9999, 87, -9999, 49, -9999, -9999, -9999, 77, -9999, -9999, -9999, -9999, -9999, -9999, -9999, 35, -9999, -9999, -9999, 99, 25, 48, 33, -9999, 71, 27, 55, 100, 77, -9999, -9999, -9999, 56, 90, 67, -9999, 50, 41, -9999, -9999, -9999, 3, -9999, -9999, -9999, -9999, -9999, -9999, -9999, 90, -9999, -9999, 44, -9999, -9999, -9999, 20, 98, -9999, 21, -9999, 5, -9999, -9999, 10, -9999, -9999, 97, -9999, -9999, 71, -9999, 55, -9999, 81, -9999, -9999, -9999, 70, -9999, 66, -9999, 3, 1, 1, 1, 1, 1],
[-9999, -9999, -9999, -9999, -9999, -9999, 35, 97, 24, -9999, -9999, -9999, -9999, -9999, 92, -9999, -9999, -9999, -9999, -9999, -9999, -9999, -9999, -9999, -9999, -9999, -9999, -9999, -9999, -9999, -9999, -9999, -9999, -9999, -9999, 94, -9999, -9999, 30, -9999, -9999, -9999, -9999, -9999, -9999, -9999, -9999, -9999, -9999, -9999, -9999, -9999, -9999, -9999, -9999, -9999, -9999, -9999, -9999, -9999, -9999, -9999, -9999, -9999, -9999, -9999, -9999, -9999, -9999, -9999, -9999, -9999, -9999, -9999, 80, -9999, -9999, -9999, -9999, -9999, -9999, -9999, -9999, -9999, -9999, -9999, -9999, -9999, -9999, -9999, -9999, -9999, -9999, -9999, -9999, -9999, -9999, -9999, -9999, -9999, 1, 1, 1, 1, 1],
[-9999, -9999, -9999, -9999, -9999, -9999, 77, 81, -9999, 26, 25, -9999, -9999, -9999, -9999, -9999, -9999, -9999, 8, 50, 63, -9999, -9999, -9999, 51, -9999, 1, -9999, -9999, -9999, 12, -9999, -9999, -9999, -9999, 58, -9999, -9999, 15, -9999, -9999, 51, 61, -9999, 66, -9999, 10, -9999, 92, 48, -9999, 61, -9999, 54, 64, -9999, -9999, -9999, -9999, 32, 18, -9999, -9999, -9999, -9999, -9999, -9999, -9999, -9999, 13, 79, 48, -9999, -9999, -9999, 27, -9999, -9999, -9999, -9999, -9999, -9999, -9999, -9999, -9999, -9999, 75, 85, -9999, 55, -9999, 33, -9999, -9999, 12, -9999, -9999, 73, -9999, 57, 1, 1, 1, 1, 1],
[-9999, -9999, -9999, -9999, -9999, -9999, -9999, -9999, 44, -9999, -9999, -9999, -9999, -9999, 98, -9999, -9999, -9999, -9999, -9999, -9999, -9999, -9999, -9999, -9999, -9999, -9999, -9999, -9999, -9999, -9999, -9999, 41, -9999, -9999, -9999, -9999, -9999, 55, -9999, 79, -9999, -9999, 10, -9999, -9999, -9999, -9999, -9999, -9999, -9999, 73, -9999, 71, 40, -9999, -9999, -9999, -9999, -9999, -9999, 92, -9999, -9999, -9999, 54, -9999, -9999, -9999, 94, -9999, -9999, -9999, -9999, -9999, -9999, -9999, -9999, -9999, -9999, 71, 82, -9999, -9999, -9999, -9999, -9999, -9999, -9999, 68, -9999, -9999, -9999, -9999, -9999, -9999, -9999, -9999, -9999, -9999, 1, 1, 1, 1, 1],
[-9999, -9999, -9999, -9999, -9999, -9999, -9999, -9999, 4, -9999, -9999, -9999, -9999, -9999, 19, -9999, 20, -9999, -9999, -9999, -9999, -9999, 46, -9999, -9999, -9999, -9999, -9999, -9999, -9999, -9999, -9999, 88, 61, -9999, -9999, -9999, -9999, 75, -9999, 62, -9999, -9999, 52, -9999, -9999, -9999, -9999, -9999, -9999, -9999, 89, -9999, 8, -9999, -9999, 72, -9999, -9999, -9999, -9999, 69, -9999, -9999, -9999, 54, -9999, -9999, -9999, 21, -9999, -9999, -9999, -9999, -9999, -9999, -9999, 62, -9999, -9999, -9999, 47, -9999, -9999, -9999, -9999, -9999, -9999, -9999, 53, -9999, -9999, -9999, -9999, 55, -9999, -9999, -9999, -9999, -9999, 1, 1, 1, 1, 1],
[-9999, -9999, -9999, -9999, -9999, -9999, -9999, -9999, 5, -9999, -9999, -9999, -9999, -9999, -9999, -9999, -9999, -9999, -9999, -9999, -9999, -9999, -9999, -9999, -9999, -9999, -9999, -9999, -9999, -9999, -9999, -9999, -9999, 76, -9999, -9999, -9999, -9999, 92, -9999, 26, -9999, -9999, 91, -9999, -9999, -9999, -9999, -9999, -9999, -9999, 37, -9999, 16, 67, -9999, -9999, -9999, -9999, -9999, -9999, -9999, -9999, -9999, -9999, 50, -9999, -9999, -9999, 58, -9999, -9999, -9999, -9999, -9999, -9999, -9999, -9999, -9999, -9999, -9999, 34, -9999, -9999, -9999, -9999, -9999, -9999, -9999, 65, -9999, -9999, -9999, -9999, 49, -9999, -9999, -9999, -9999, -9999, 1, 1, 1, 1, 1],
[-9999, -9999, -9999, -9999, -9999, 38, -9999, 79, 56, -9999, -9999, 91, -9999, 85, 91, -9999, -9999, 27, 86, 32, -9999, -9999, 62, -9999, 69, 28, -9999, -9999, 89, 22, 58, -9999, 96, -9999, -9999, -9999, -9999, 61, 47, -9999, 93, 35, 96, -9999, 98, 59, 69, -9999, 95, 52, 23, 6, -9999, 79, -9999, -9999, -9999, 16, 69, -9999, -9999, 16, -9999, -9999, -9999, -9999, 96, -9999, 75, 4, -9999, -9999, -9999, 51, 80, 19, 38, -9999, 46, -9999, 49, -9999, 90, -9999, -9999, 18, -9999, 51, -9999, 75, 55, 92, -9999, -9999, 63, 40, -9999, 88, -9999, 83, 1, 1, 1, 1, 1],
[-9999, -9999, -9999, -9999, -9999, 37, -9999, 19, 15, 41, -9999, -9999, -9999, -9999, -9999, -9999, -9999, -9999, 20, 33, -9999, -9999, -9999, 31, 80, -9999, -9999, -9999, -9999, -9999, -9999, -9999, 56, 15, -9999, 61, 21, 28, 5, -9999, -9999, 92, 40, -9999, 73, -9999, 32, 89, 35, 47, 95, 96, -9999, 50, -9999, -9999, -9999, 82, -9999, 7, -9999, 23, -9999, -9999, -9999, 46, -9999, -9999, -9999, 77, -9999, -9999, -9999, -9999, 74, -9999, 82, -9999, -9999, -9999, 62, 76, -9999, -9999, -9999, -9999, -9999, 90, -9999, 75, -9999, 34, -9999, -9999, -9999, 23, -9999, 71, -9999, 50, 1, 1, 1, 1, 1],
[-9999, -9999, -9999, -9999, -9999, 70, -9999, 28, -9999, 38, -9999, 56, -9999, 11, 30, -9999, -9999, -9999, 32, 84, 66, 96, -9999, -9999, 8, -9999, -9999, -9999, -9999, -9999, -9999, -9999, -9999, -9999, 83, -9999, 12, -9999, 71, 59, 41, 47, 58, -9999, 18, -9999, -9999, 40, 67, 14, 58, 89, -9999, 83, -9999, -9999, -9999, 56, 28, 5, 94, 15, -9999, -9999, -9999, -9999, 72, 96, -9999, 49, 87, -9999, -9999, 66, 95, 23, -9999, -9999, 93, -9999, -9999, 24, -9999, -9999, -9999, -9999, -9999, -9999, 65, 29, -9999, 88, -9999, -9999, 77, 10, -9999, 50, -9999, 69, 1, 1, 1, 1, 1],
[-9999, -9999, -9999, -9999, -9999, -9999, -9999, 12, -9999, 18, 8, 72, -9999, 18, 13, -9999, -9999, -9999, 26, -9999, -9999, -9999, -9999, -9999, 26, -9999, -9999, -9999, -9999, -9999, -9999, -9999, 36, 53, 42, -9999, -9999, 48, 75, -9999, 39, 77, 2, -9999, 11, -9999, 60, 68, 46, -9999, 28, 53, -9999, 69, 42, -9999, -9999, -9999, 85, -9999, -9999, -9999, 3, -9999, -9999, 64, -9999, 3, -9999, 92, 34, 77, -9999, 19, 8, 72, -9999, -9999, -9999, -9999, -9999, -9999, -9999, -9999, -9999, -9999, -9999, -9999, 15, 86, -9999, 93, -9999, -9999, 55, 3, -9999, 12, -9999, 37, 1, 1, 1, 1, 1],
[-9999, -9999, -9999, -9999, -9999, -9999, -9999, -9999, 17, -9999, -9999, -9999, 99, -9999, -9999, -9999, -9999, 86, -9999, -9999, -9999, -9999, 64, -9999, -9999, -9999, -9999, -9999, -9999, -9999, -9999, -9999, 82, 16, -9999, -9999, -9999, -9999, 22, -9999, 55, -9999, -9999, -9999, -9999, -9999, -9999, -9999, -9999, -9999, -9999, 95, -9999, -9999, 86, -9999, -9999, -9999, -9999, -9999, -9999, 84, -9999, -9999, 24, 37, -9999, -9999, -9999, 17, -9999, -9999, -9999, -9999, -9999, -9999, -9999, -9999, -9999, -9999, 69, 94, -9999, -9999, -9999, 91, -9999, -9999, -9999, 86, -9999, -9999, -9999, -9999, -9999, -9999, -9999, -9999, -9999, -9999, 1, 1, 1, 1, 1],
[-9999, -9999, -9999, -9999, -9999, -9999, -9999, -9999, 44, -9999, -9999, -9999, -9999, -9999, 43, -9999, -9999, -9999, -9999, -9999, -9999, -9999, -9999, -9999, -9999, -9999, -9999, -9999, -9999, 71, -9999, -9999, -9999, -9999, -9999, -9999, -9999, -9999, -9999, -9999, 77, -9999, -9999, -9999, -9999, -9999, -9999, -9999, -9999, -9999, -9999, 15, -9999, 53, 36, -9999, -9999, -9999, -9999, -9999, -9999, 5, -9999, -9999, -9999, -9999, -9999, -9999, -9999, 33, -9999, -9999, -9999, -9999, -9999, -9999, -9999, -9999, -9999, -9999, -9999, 30, -9999, -9999, -9999, -9999, -9999, -9999, -9999, 37, -9999, -9999, -9999, -9999, 72, -9999, -9999, -9999, -9999, -9999, 1, 1, 1, 1, 1],
[-9999, -9999, -9999, -9999, -9999, -9999, -9999, 71, -9999, 45, 52, 49, -9999, -9999, -9999, -9999, -9999, -9999, 35, -9999, -9999, -9999, -9999, -9999, -9999, -9999, -9999, -9999, -9999, -9999, -9999, -9999, -9999, 52, 35, 25, 45, -9999, 28, -9999, -9999, 97, 10, 2, 42, 59, 32, 10, 66, 7, 70, 6, -9999, 100, -9999, 74, -9999, -9999, 70, 94, 67, -9999, -9999, -9999, -9999, -9999, 34, -9999, -9999, 17, 81, 72, -9999, 59, 39, -9999, -9999, -9999, 44, -9999, 37, 81, -9999, -9999, -9999, -9999, 45, 40, -9999, 21, -9999, 58, -9999, -9999, 95, 13, -9999, 98, -9999, 46, 1, 1, 1, 1, 1],
[-9999, -9999, -9999, -9999, -9999, -9999, -9999, -9999, 99, -9999, -9999, -9999, -9999, -9999, 30, -9999, -9999, -9999, -9999, -9999, -9999, -9999, -9999, -9999, -9999, -9999, -9999, -9999, -9999, -9999, -9999, -9999, 5, 59, 29, -9999, -9999, -9999, 93, -9999, -9999, -9999, -9999, -9999, -9999, -9999, -9999, -9999, -9999, -9999, -9999, 54, -9999, 41, -9999, -9999, -9999, -9999, -9999, -9999, -9999, -9999, -9999, -9999, -9999, 66, -9999, -9999, -9999, 85, -9999, -9999, -9999, -9999, -9999, -9999, -9999, -9999, -9999, -9999, -9999, 9, -9999, -9999, -9999, -9999, -9999, -9999, -9999, 13, -9999, -9999, -9999, -9999, 26, -9999, -9999, -9999, -9999, -9999, 1, 1, 1, 1, 1],
[-9999, -9999, -9999, -9999, -9999, 85, 55, 27, 4, -9999, -9999, 57, -9999, 49, 95, -9999, -9999, -9999, 90, 45, 2, -9999, -9999, -9999, 29, -9999, -9999, -9999, -9999, 18, -9999, -9999, 55, 48, -9999, 72, 2, 84, 26, 94, -9999, -9999, 66, 15, 62, -9999, -9999, 91, 54, -9999, -9999, 37, -9999, 10, 10, -9999, -9999, -9999, -9999, -9999, 87, -9999, 39, -9999, -9999, -9999, 29, 15, -9999, 41, -9999, -9999, -9999, 38, 14, -9999, 61, -9999, 44, -9999, 30, -9999, -9999, -9999, 56, -9999, -9999, 62, -9999, 18, -9999, 28, -9999, -9999, 25, -9999, -9999, 21, -9999, 25, 1, 1, 1, 1, 1],
[-9999, -9999, -9999, -9999, -9999, -9999, -9999, -9999, 96, -9999, -9999, -9999, -9999, -9999, -9999, -9999, -9999, -9999, -9999, -9999, -9999, -9999, -9999, -9999, -9999, -9999, -9999, -9999, -9999, -9999, -9999, -9999, 90, 71, -9999, -9999, -9999, -9999, 19, -9999, 1, -9999, -9999, 1, -9999, -9999, -9999, -9999, -9999, -9999, -9999, 80, -9999, 55, 25, -9999, -9999, -9999, -9999, -9999, -9999, -9999, -9999, -9999, -9999, -9999, -9999, -9999, -9999, 71, -9999, -9999, -9999, -9999, -9999, -9999, -9999, -9999, -9999, -9999, -9999, 45, -9999, -9999, -9999, -9999, -9999, -9999, -9999, 70, -9999, -9999, -9999, -9999, 16, -9999, -9999, -9999, -9999, -9999, 1, 1, 1, 1, 1],
[-9999, -9999, -9999, -9999, -9999, -9999, -9999, -9999, -9999, -9999, -9999, -9999, -9999, -9999, 67, -9999, -9999, -9999, -9999, -9999, -9999, -9999, -9999, -9999, -9999, -9999, -9999, -9999, -9999, -9999, -9999, -9999, -9999, 26, -9999, -9999, -9999, -9999, 33, -9999, 32, -9999, -9999, -9999, -9999, -9999, -9999, -9999, -9999, -9999, -9999, 33, -9999, 87, -9999, -9999, -9999, -9999, -9999, -9999, -9999, 95, -9999, -9999, -9999, 9, -9999, -9999, -9999, 38, -9999, -9999, -9999, -9999, -9999, -9999, -9999, -9999, -9999, -9999, 95, -9999, -9999, -9999, -9999, -9999, -9999, -9999, -9999, 62, -9999, -9999, -9999, -9999, -9999, -9999, -9999, -9999, -9999, -9999, 1, 1, 1, 1, 1],
[-9999, -9999, -9999, -9999, -9999, 89, 80, 41, 57, -9999, 7, -9999, -9999, -9999, 37, -9999, -9999, -9999, 9, 89, -9999, -9999, -9999, -9999, 100, -9999, -9999, -9999, -9999, -9999, -9999, -9999, -9999, 78, -9999, 35, -9999, 93, 77, 78, 100, -9999, 21, 72, -9999, -9999, -9999, -9999, 77, -9999, 20, 98, -9999, 74, -9999, 80, -9999, 4, 69, 1, 66, 21, -9999, -9999, -9999, -9999, -9999, -9999, -9999, 88, 2, 18, -9999, -9999, 37, -9999, -9999, -9999, 64, -9999, 95, 77, -9999, -9999, -9999, -9999, -9999, 52, -9999, 85, -9999, 81, -9999, -9999, -9999, -9999, -9999, 75, -9999, 92, 1, 1, 1, 1, 1],
[-9999, -9999, -9999, -9999, -9999, -9999, 62, 22, 76, -9999, -9999, -9999, -9999, -9999, -9999, -9999, -9999, -9999, -9999, -9999, -9999, -9999, -9999, -9999, -9999, -9999, -9999, -9999, -9999, -9999, -9999, -9999, -9999, -9999, -9999, -9999, -9999, -9999, 73, -9999, -9999, -9999, -9999, -9999, -9999, -9999, -9999, -9999, -9999, -9999, -9999, -9999, -9999, -9999, -9999, -9999, -9999, -9999, 59, -9999, -9999, -9999, -9999, -9999, -9999, -9999, -9999, -9999, -9999, -9999, -9999, -9999, -9999, 7, 89, -9999, -9999, -9999, -9999, -9999, -9999, -9999, -9999, -9999, -9999, -9999, -9999, -9999, -9999, -9999, -9999, -9999, -9999, -9999, -9999, -9999, -9999, -9999, -9999, -9999, 1, 1, 1, 1, 1],
[-9999, -9999, -9999, -9999, -9999, -9999, 40, 14, -9999, -9999, -9999, -9999, -9999, -9999, 67, -9999, -9999, -9999, -9999, -9999, -9999, -9999, -9999, -9999, -9999, -9999, -9999, -9999, -9999, -9999, -9999, -9999, -9999, -9999, -9999, 80, -9999, -9999, 35, -9999, -9999, -9999, -9999, -9999, -9999, -9999, -9999, -9999, -9999, -9999, -9999, -9999, -9999, -9999, -9999, -9999, -9999, -9999, -9999, -9999, -9999, -9999, -9999, -9999, -9999, -9999, -9999, -9999, -9999, -9999, -9999, -9999, -9999, 28, 31, -9999, -9999, -9999, -9999, -9999, -9999, -9999, -9999, -9999, -9999, -9999, -9999, -9999, -9999, -9999, -9999, -9999, -9999, -9999, -9999, -9999, -9999, -9999, -9999, -9999, 1, 1, 1, 1, 1],
[-9999, -9999, -9999, -9999, -9999, -9999, -9999, -9999, 28, -9999, -9999, -9999, -9999, -9999, -9999, -9999, -9999, 43, -9999, -9999, -9999, -9999, -9999, -9999, -9999, -9999, -9999, -9999, 16, -9999, -9999, 61, 14, 48, -9999, -9999, -9999, -9999, 67, -9999, -9999, -9999, -9999, -9999, -9999, -9999, -9999, -9999, -9999, -9999, -9999, 46, -9999, 57, 38, -9999, -9999, -9999, -9999, -9999, -9999, 56, -9999, -9999, 53, 29, -9999, -9999, -9999, 7, -9999, -9999, -9999, -9999, -9999, -9999, -9999, 95, -9999, -9999, -9999, 99, -9999, -9999, -9999, -9999, -9999, -9999, -9999, 50, -9999, -9999, -9999, 82, -9999, -9999, -9999, -9999, -9999, -9999, 1, 1, 1, 1, 1],
[-9999, -9999, -9999, -9999, -9999, 49, -9999, 34, 8, -9999, 39, 76, -9999, 26, 49, -9999, -9999, -9999, 92, 4, 89, -9999, -9999, -9999, 57, -9999, -9999, -9999, -9999, -9999, -9999, -9999, 41, 57, -9999, 97, 86, -9999, 88, 56, 28, -9999, 57, -9999, 89, 87, 28, 50, -9999, -9999, -9999, 55, -9999, 52, -9999, -9999, -9999, -9999, 38, 94, 69, 94, -9999, -9999, -9999, 98, 45, -9999, -9999, 50, 61, 76, -9999, 84, -9999, -9999, -9999, -9999, -9999, -9999, -9999, -9999, -9999, -9999, -9999, -9999, 75, 85, 26, 84, -9999, 36, -9999, -9999, -9999, 32, -9999, 51, -9999, 46, 1, 1, 1, 1, 1],
[-9999, -9999, -9999, -9999, -9999, -9999, -9999, 42, 6, -9999, 18, 14, -9999, 24, 32, -9999, -9999, -9999, 41, -9999, 98, -9999, -9999, -9999, 61, -9999, -9999, -9999, -9999, -9999, -9999, -9999, -9999, -9999, -9999, 49, 33, 71, 81, 30, -9999, -9999, 67, -9999, 27, 85, -9999, 86, -9999, -9999, 47, 19, -9999, 18, 78, -9999, -9999, 86, 36, -9999, 61, 58, -9999, -9999, -9999, -9999, 21, -9999, -9999, 20, 18, 84, -9999, -9999, 19, -9999, -9999, -9999, 16, -9999, 10, 95, -9999, -9999, -9999, -9999, 92, 65, 99, 40, -9999, 97, -9999, -9999, 24, 56, -9999, 35, -9999, 64, 1, 1, 1, 1, 1],
[-9999, -9999, -9999, -9999, -9999, 80, 1, 6, -9999, -9999, -9999, 16, -9999, 48, 75, -9999, -9999, -9999, 42, -9999, -9999, -9999, -9999, -9999, 73, -9999, 34, -9999, -9999, -9999, -9999, -9999, 99, 73, -9999, -9999, -9999, 51, 100, 62, 66, -9999, 77, 56, 7, 56, 16, -9999, 9, -9999, -9999, 89, -9999, 16, -9999, -9999, -9999, -9999, -9999, -9999, -9999, 41, -9999, -9999, -9999, 32, 90, -9999, -9999, 15, -9999, -9999, -9999, 35, -9999, 22, 12, -9999, -9999, -9999, 47, 79, -9999, -9999, -9999, -9999, 43, 75, 83, 62, -9999, 71, -9999, -9999, -9999, 55, -9999, 81, -9999, 56, 1, 1, 1, 1, 1],
[-9999, -9999, -9999, -9999, -9999, 78, 72, 58, -9999, -9999, 30, -9999, -9999, -9999, -9999, -9999, -9999, -9999, 22, 20, 85, -9999, -9999, -9999, 83, -9999, -9999, -9999, -9999, -9999, -9999, -9999, 30, 55, -9999, 96, 24, -9999, 75, 42, 33, -9999, 76, -9999, 76, 10, -9999, -9999, 57, -9999, 41, -9999, -9999, 56, 14, -9999, -9999, -9999, -9999, -9999, -9999, -9999, -9999, -9999, -9999, 42, -9999, 90, -9999, 28, 100, 24, -9999, 17, 67, 61, -9999, -9999, 44, -9999, -9999, -9999, -9999, -9999, -9999, -9999, -9999, 94, 98, 55, -9999, 5, -9999, -9999, 96, 71, -9999, 7, -9999, 88, 1, 1, 1, 1, 1],
[-9999, -9999, -9999, -9999, -9999, 34, -9999, 35, 24, 15, 38, -9999, -9999, -9999, 21, -9999, -9999, -9999, 76, -9999, -9999, -9999, -9999, -9999, 42, -9999, -9999, -9999, -9999, -9999, 54, 67, 64, 94, -9999, 26, 66, -9999, 39, -9999, 57, 93, 63, -9999, 2, 100, -9999, -9999, -9999, -9999, -9999, 4, -9999, 80, 89, 87, -9999, 43, 40, -9999, -9999, 79, -9999, -9999, -9999, 34, 57, -9999, -9999, 24, -9999, 75, -9999, 26, -9999, 89, 86, -9999, 78, -9999, 95, 96, -9999, -9999, -9999, -9999, -9999, 97, 52, 97, -9999, 28, -9999, -9999, -9999, 58, -9999, 50, -9999, 100, 1, 1, 1, 1, 1],
[-9999, -9999, -9999, -9999, -9999, -9999, -9999, -9999, 7, -9999, -9999, -9999, -9999, -9999, 89, -9999, -9999, -9999, -9999, -9999, -9999, -9999, -9999, 71, -9999, -9999, -9999, -9999, -9999, -9999, -9999, -9999, 60, -9999, -9999, -9999, -9999, -9999, 41, -9999, 87, -9999, -9999, 75, -9999, -9999, -9999, -9999, -9999, -9999, -9999, 80, -9999, -9999, 11, -9999, -9999, -9999, -9999, -9999, -9999, 9, -9999, -9999, -9999, 4, -9999, -9999, -9999, 75, -9999, -9999, -9999, -9999, -9999, -9999, -9999, -9999, -9999, -9999, 38, 76, -9999, -9999, -9999, -9999, -9999, -9999, -9999, 28, -9999, -9999, -9999, -9999, -9999, -9999, -9999, -9999, -9999, -9999, 1, 1, 1, 1, 1],
[-9999, -9999, -9999, -9999, -9999, -9999, -9999, -9999, 78, -9999, -9999, -9999, -9999, -9999, 23, -9999, -9999, -9999, -9999, -9999, -9999, -9999, -9999, -9999, -9999, -9999, -9999, -9999, -9999, -9999, -9999, -9999, -9999, 98, 59, -9999, -9999, -9999, 87, -9999, -9999, -9999, -9999, -9999, -9999, -9999, -9999, -9999, -9999, -9999, -9999, 54, -9999, 100, -9999, -9999, -9999, -9999, -9999, -9999, -9999, 28, -9999, -9999, -9999, 3, -9999, -9999, -9999, 70, -9999, -9999, -9999, -9999, -9999, -9999, -9999, -9999, -9999, -9999, -9999, 74, -9999, -9999, -9999, -9999, -9999, -9999, -9999, 39, -9999, -9999, -9999, -9999, 86, -9999, -9999, -9999, -9999, -9999, 1, 1, 1, 1, 1],
[-9999, -9999, -9999, -9999, -9999, -9999, 36, 32, 30, -9999, 38, 50, -9999, 66, -9999, -9999, -9999, -9999, 74, 28, 93, -9999, -9999, 17, -9999, -9999, -9999, -9999, -9999, -9999, -9999, -9999, -9999, 69, -9999, -9999, 98, -9999, 48, -9999, -9999, 85, 83, -9999, 14, 100, 79, 64, 77, -9999, 38, 5, -9999, 25, 18, -9999, -9999, 45, 92, 98, 29, -9999, -9999, -9999, -9999, -9999, 66, -9999, -9999, 90, -9999, 30, -9999, 94, 67, 59, -9999, -9999, -9999, -9999, 13, 89, -9999, -9999, -9999, -9999, -9999, 63, 61, 18, -9999, 82, -9999, -9999, -9999, 85, -9999, 33, -9999, 92, 1, 1, 1, 1, 1],
[-9999, -9999, -9999, -9999, -9999, -9999, -9999, -9999, 96, -9999, -9999, -9999, -9999, -9999, 31, -9999, 29, -9999, -9999, -9999, -9999, -9999, -9999, -9999, -9999, -9999, -9999, -9999, -9999, -9999, -9999, 43, -9999, -9999, -9999, -9999, -9999, -9999, 56, -9999, 87, -9999, -9999, 37, -9999, -9999, -9999, -9999, -9999, -9999, -9999, 48, -9999, 67, 3, -9999, -9999, -9999, -9999, -9999, -9999, 31, -9999, -9999, -9999, -9999, -9999, -9999, -9999, 67, -9999, -9999, -9999, -9999, -9999, -9999, -9999, -9999, -9999, -9999, -9999, -9999, -9999, -9999, -9999, -9999, -9999, -9999, -9999, 28, -9999, -9999, -9999, -9999, 24, -9999, -9999, -9999, -9999, -9999, 1, 1, 1, 1, 1],
[-9999, -9999, -9999, -9999, -9999, -9999, -9999, -9999, -9999, -9999, -9999, -9999, -9999, -9999, 74, -9999, -9999, -9999, -9999, -9999, -9999, -9999, -9999, -9999, -9999, -9999, -9999, -9999, -9999, -9999, -9999, -9999, 64, -9999, -9999, -9999, -9999, -9999, 92, -9999, 89, -9999, -9999, 100, -9999, -9999, -9999, -9999, -9999, -9999, -9999, 75, -9999, 12, 16, -9999, -9999, -9999, -9999, -9999, -9999, -9999, -9999, 88, -9999, -9999, -9999, -9999, -9999, 72, -9999, -9999, -9999, -9999, -9999, -9999, -9999, -9999, -9999, -9999, 65, 1, -9999, -9999, -9999, -9999, -9999, -9999, -9999, 100, -9999, -9999, -9999, -9999, 83, -9999, -9999, -9999, -9999, -9999, 1, 1, 1, 1, 1],
[-9999, -9999, -9999, -9999, -9999, -9999, -9999, -9999, 24, -9999, -9999, -9999, -9999, -9999, -9999, -9999, -9999, -9999, -9999, -9999, -9999, -9999, -9999, -9999, -9999, -9999, -9999, -9999, -9999, -9999, -9999, -9999, 90, 34, -9999, -9999, -9999, -9999, 20, -9999, 25, -9999, -9999, -9999, -9999, -9999, -9999, -9999, -9999, -9999, -9999, 49, -9999, 18, 58, -9999, -9999, -9999, -9999, -9999, -9999, 69, -9999, -9999, -9999, 80, -9999, -9999, -9999, 60, -9999, -9999, -9999, -9999, -9999, -9999, -9999, -9999, -9999, -9999, -9999, 15, -9999, -9999, -9999, -9999, -9999, -9999, -9999, 22, -9999, -9999, -9999, -9999, -9999, -9999, -9999, -9999, -9999, -9999, 1, 1, 1, 1, 1],
[-9999, -9999, -9999, -9999, -9999, -9999, -9999, -9999, -9999, -9999, -9999, -9999, -9999, -9999, 84, -9999, -9999, 87, -9999, -9999, -9999, -9999, -9999, -9999, -9999, -9999, -9999, -9999, 84, -9999, -9999, -9999, 28, -9999, -9999, -9999, -9999, -9999, 47, -9999, -9999, -9999, -9999, -9999, -9999, -9999, -9999, -9999, -9999, -9999, -9999, 91, -9999, 23, 4, -9999, -9999, -9999, -9999, -9999, -9999, 61, -9999, -9999, -9999, -9999, -9999, -9999, -9999, 72, -9999, -9999, -9999, -9999, -9999, -9999, -9999, 85, -9999, -9999, -9999, -9999, -9999, -9999, -9999, 98, -9999, -9999, -9999, 75, -9999, -9999, -9999, -9999, -9999, -9999, -9999, -9999, -9999, -9999, 1, 1, 1, 1, 1],
[-9999, -9999, -9999, -9999, -9999, 62, -9999, 63, 70, 31, -9999, 33, 24, 62, 35, -9999, -9999, 48, 87, -9999, -9999, -9999, 30, 78, -9999, -9999, -9999, -9999, 24, -9999, -9999, -9999, 38, 55, 33, 12, 9, 77, 21, 50, 20, -9999, 86, 57, 85, 50, 18, 68, 18, 27, 69, 35, -9999, 48, 19, -9999, -9999, 89, 37, -9999, -9999, 48, -9999, -9999, -9999, 21, 16, -9999, -9999, 11, -9999, 2, -9999, 25, 50, 17, 89, 27, 68, -9999, 40, 26, -9999, 54, -9999, -9999, 34, 8, 16, 77, 88, 10, -9999, 72, 61, -9999, 68, 9, -9999, 24, 1, 1, 1, 1, 1],
[-9999, -9999, -9999, -9999, -9999, -9999, -9999, -9999, 98, -9999, -9999, -9999, -9999, -9999, 1, -9999, -9999, -9999, -9999, -9999, -9999, -9999, -9999, -9999, -9999, -9999, -9999, -9999, -9999, -9999, -9999, -9999, 73, 44, -9999, -9999, -9999, -9999, 4, -9999, -9999, -9999, -9999, 53, -9999, -9999, -9999, -9999, -9999, -9999, -9999, 55, -9999, 56, -9999, -9999, -9999, -9999, -9999, -9999, -9999, -9999, -9999, -9999, -9999, -9999, -9999, -9999, -9999, 42, -9999, -9999, -9999, -9999, -9999, -9999, -9999, -9999, -9999, -9999, -9999, -9999, -9999, -9999, -9999, -9999, -9999, -9999, -9999, 81, -9999, -9999, -9999, -9999, 8, -9999, -9999, -9999, -9999, -9999, 1, 1, 1, 1, 1],
[-9999, -9999, -9999, -9999, -9999, -9999, 18, 65, 6, -9999, 61, -9999, -9999, 75, 1, -9999, -9999, -9999, 6, 58, 12, -9999, -9999, -9999, 1, -9999, 60, -9999, -9999, -9999, -9999, -9999, 93, 71, -9999, -9999, 44, 27, -9999, -9999, 3, 51, 51, 84, 1, 68, 9, 44, -9999, -9999, 66, 71, -9999, 9, -9999, 37, -9999, -9999, -9999, -9999, -9999, -9999, -9999, -9999, -9999, 35, 81, -9999, -9999, 73, 12, -9999, -9999, 78, -9999, 1, 50, -9999, -9999, -9999, 45, -9999, -9999, -9999, 9, -9999, 7, -9999, 1, 11, -9999, 72, -9999, -9999, 15, -9999, -9999, 53, -9999, 31, 1, 1, 1, 1, 1],
[-9999, -9999, -9999, -9999, -9999, 52, -9999, 56, -9999, 91, 17, 18, -9999, -9999, 91, -9999, 14, -9999, 46, 40, 24, -9999, -9999, 51, 22, -9999, -9999, -9999, -9999, -9999, -9999, -9999, -9999, 23, -9999, 11, 23, 30, 59, 8, 78, -9999, 39, -9999, 29, 82, 91, 40, 55, -9999, 86, 62, -9999, 16, 37, 64, -9999, -9999, 94, -9999, 61, -9999, -9999, -9999, -9999, 38, 61, -9999, -9999, 31, 92, -9999, -9999, 99, -9999, -9999, -9999, -9999, 7, 16, 5, 56, -9999, -9999, -9999, -9999, 20, 28, -9999, 8, -9999, 41, -9999, -9999, -9999, 7, -9999, 8, -9999, 100, 1, 1, 1, 1, 1],
[-9999, -9999, -9999, -9999, -9999, -9999, -9999, -9999, 56, -9999, -9999, -9999, -9999, -9999, -9999, -9999, -9999, -9999, -9999, -9999, -9999, -9999, -9999, -9999, -9999, -9999, -9999, -9999, -9999, -9999, -9999, -9999, -9999, -9999, -9999, -9999, -9999, -9999, 85, -9999, -9999, -9999, -9999, -9999, -9999, -9999, -9999, -9999, -9999, -9999, -9999, -9999, -9999, -9999, -9999, -9999, -9999, -9999, -9999, -9999, -9999, -9999, -9999, -9999, -9999, -9999, -9999, -9999, -9999, -9999, -9999, -9999, -9999, -9999, -9999, -9999, -9999, -9999, -9999, -9999, -9999, -9999, -9999, -9999, -9999, -9999, -9999, -9999, -9999, -9999, -9999, -9999, -9999, -9999, -9999, -9999, -9999, -9999, -9999, -9999, 1, 1, 1, 1, 1],
[-9999, -9999, -9999, -9999, -9999, -9999, -9999, -9999, 65, -9999, -9999, -9999, -9999, -9999, 34, -9999, -9999, -9999, -9999, -9999, -9999, -9999, -9999, -9999, -9999, -9999, -9999, -9999, -9999, -9999, -9999, -9999, -9999, 51, -9999, -9999, -9999, -9999, 92, -9999, 36, -9999, -9999, 22, -9999, -9999, -9999, -9999, -9999, -9999, -9999, 37, -9999, 27, 3, -9999, -9999, -9999, -9999, -9999, -9999, -9999, -9999, -9999, -9999, -9999, -9999, -9999, -9999, 48, -9999, -9999, -9999, -9999, -9999, -9999, -9999, -9999, -9999, -9999, 64, 18, -9999, -9999, -9999, -9999, -9999, -9999, -9999, 28, -9999, -9999, -9999, -9999, 21, -9999, -9999, -9999, -9999, -9999, 1, 1, 1, 1, 1],
[-9999, -9999, -9999, -9999, -9999, -9999, 46, 95, -9999, -9999, -9999, -9999, -9999, -9999, 45, -9999, -9999, -9999, -9999, -9999, -9999, -9999, -9999, -9999, -9999, -9999, -9999, -9999, -9999, -9999, -9999, -9999, -9999, -9999, -9999, 61, -9999, -9999, 4, -9999, -9999, -9999, -9999, -9999, -9999, -9999, -9999, -9999, -9999, -9999, -9999, -9999, -9999, -9999, -9999, -9999, -9999, -9999, -9999, -9999, -9999, -9999, -9999, -9999, -9999, -9999, -9999, -9999, -9999, -9999, -9999, -9999, -9999, 52, 71, -9999, -9999, -9999, -9999, -9999, -9999, -9999, -9999, -9999, -9999, -9999, -9999, -9999, -9999, -9999, -9999, -9999, -9999, -9999, -9999, -9999, -9999, -9999, -9999, -9999, 1, 1, 1, 1, 1],
[-9999, -9999, -9999, -9999, -9999, 76, -9999, 28, 2, 58, -9999, 40, -9999, 38, 98, 6, -9999, 9, 46, 86, -9999, -9999, 56, -9999, 44, 17, -9999, -9999, 15, -9999, -9999, -9999, 18, 80, -9999, 53, 54, -9999, 61, -9999, 58, -9999, 30, -9999, 47, 35, -9999, 63, -9999, 59, 29, 84, 38, 1, 29, 17, -9999, 45, 35, -9999, -9999, 49, -9999, -9999, -9999, -9999, 24, -9999, 28, 1, -9999, 68, -9999, -9999, -9999, 56, 6, -9999, -9999, 74, 44, -9999, 49, 93, -9999, -9999, 68, -9999, -9999, 69, 57, 78, -9999, -9999, 47, 32, -9999, 42, -9999, 46, 1, 1, 1, 1, 1],
[-9999, -9999, -9999, -9999, -9999, -9999, -9999, 64, -9999, -9999, -9999, -9999, -9999, -9999, 23, -9999, -9999, -9999, -9999, -9999, -9999, -9999, -9999, -9999, -9999, -9999, -9999, -9999, -9999, -9999, -9999, -9999, -9999, -9999, -9999, 70, -9999, -9999, 69, -9999, -9999, -9999, -9999, -9999, -9999, -9999, -9999, -9999, -9999, -9999, -9999, -9999, -9999, -9999, -9999, -9999, -9999, -9999, 72, -9999, -9999, -9999, -9999, -9999, -9999, -9999, -9999, -9999, -9999, -9999, -9999, -9999, -9999, 50, 21, -9999, -9999, -9999, -9999, -9999, -9999, -9999, -9999, -9999, -9999, -9999, -9999, -9999, -9999, -9999, -9999, -9999, -9999, -9999, -9999, -9999, -9999, -9999, -9999, -9999, 1, 1, 1, 1, 1],
[-9999, -9999, -9999, -9999, -9999, -9999, 26, 17, 9, -9999, -9999, -9999, 99, -9999, 94, -9999, -9999, 96, 72, -9999, 38, -9999, -9999, -9999, 81, 92, -9999, 96, 12, -9999, -9999, -9999, 26, 99, -9999, 49, 10, 90, 64, -9999, 73, 98, 4, 53, 39, 2, 44, -9999, 48, 83, 83, 59, 98, 36, 52, -9999, -9999, 74, -9999, -9999, 39, -9999, 71, -9999, -9999, 76, 67, -9999, 17, -9999, -9999, -9999, -9999, -9999, -9999, 9, 33, 91, 10, -9999, 71, 63, -9999, 84, -9999, -9999, 52, 46, -9999, 31, 5, 80, -9999, 15, 80, 91, -9999, 44, -9999, 73, 1, 1, 1, 1, 1],
[-9999, -9999, -9999, -9999, -9999, -9999, -9999, -9999, 31, -9999, -9999, -9999, -9999, -9999, 4, -9999, -9999, -9999, -9999, -9999, -9999, -9999, -9999, -9999, -9999, -9999, -9999, -9999, -9999, -9999, -9999, -9999, 88, 87, -9999, -9999, -9999, -9999, 59, -9999, -9999, -9999, -9999, 32, -9999, -9999, -9999, -9999, -9999, -9999, -9999, 5, -9999, 12, 33, -9999, -9999, -9999, -9999, -9999, -9999, -9999, -9999, -9999, -9999, -9999, -9999, -9999, -9999, 23, -9999, -9999, -9999, -9999, -9999, -9999, -9999, -9999, -9999, -9999, 33, 50, -9999, -9999, -9999, -9999, -9999, -9999, -9999, 42, -9999, -9999, -9999, -9999, -9999, -9999, -9999, -9999, -9999, -9999, 1, 1, 1, 1, 1],
[-9999, -9999, -9999, -9999, -9999, 80, -9999, -9999, -9999, 39, -9999, -9999, -9999, 35, 28, -9999, -9999, -9999, 69, 1, 47, -9999, -9999, -9999, 78, -9999, -9999, -9999, -9999, -9999, -9999, -9999, -9999, -9999, -9999, -9999, -9999, -9999, 92, -9999, 38, 26, 53, 53, 96, 22, -9999, -9999, -9999, 4, 83, 38, -9999, 88, 79, 2, -9999, 33, 12, -9999, -9999, 49, -9999, 25, -9999, -9999, 46, -9999, -9999, 47, -9999, -9999, -9999, -9999, 72, 23, -9999, -9999, 37, -9999, -9999, -9999, -9999, -9999, -9999, -9999, 11, 70, 59, 69, -9999, 65, -9999, -9999, -9999, 64, -9999, 34, -9999, 56, 1, 1, 1, 1, 1],
[-9999, -9999, -9999, -9999, -9999, -9999, -9999, -9999, -9999, -9999, -9999, -9999, -9999, -9999, -9999, -9999, 54, -9999, -9999, -9999, -9999, -9999, -9999, -9999, -9999, -9999, -9999, -9999, -9999, -9999, -9999, -9999, -9999, 51, -9999, -9999, -9999, -9999, 94, -9999, 5, -9999, -9999, 69, -9999, -9999, -9999, -9999, -9999, -9999, -9999, 59, -9999, 47, -9999, -9999, -9999, -9999, -9999, -9999, -9999, -9999, -9999, -9999, -9999, -9999, -9999, -9999, -9999, 24, -9999, -9999, -9999, -9999, -9999, -9999, -9999, -9999, -9999, -9999, -9999, -9999, -9999, -9999, -9999, -9999, -9999, -9999, -9999, 64, -9999, -9999, -9999, -9999, -9999, -9999, -9999, -9999, -9999, -9999, 1, 1, 1, 1, 1],
[-9999, -9999, -9999, -9999, -9999, -9999, 36, 31, 22, 67, -9999, 13, -9999, -9999, -9999, -9999, -9999, -9999, 63, -9999, 50, -9999, -9999, -9999, 15, -9999, 74, -9999, -9999, -9999, -9999, -9999, 48, 91, -9999, -9999, 99, -9999, 10, 4, 84, 36, 60, 32, 83, -9999, 57, -9999, 29, -9999, -9999, -9999, -9999, 95, -9999, -9999, -9999, 27, 59, 41, 12, 92, -9999, -9999, -9999, 99, -9999, 64, -9999, 69, 72, -9999, -9999, -9999, 19, 29, 49, -9999, -9999, -9999, 3, 56, -9999, -9999, -9999, -9999, -9999, 38, -9999, 47, -9999, 78, -9999, -9999, 89, 17, -9999, 7, -9999, 82, 1, 1, 1, 1, 1],
[-9999, -9999, -9999, -9999, -9999, -9999, 38, 45, 35, -9999, -9999, -9999, -9999, -9999, 91, -9999, -9999, -9999, -9999, -9999, -9999, -9999, -9999, -9999, -9999, -9999, -9999, -9999, -9999, -9999, -9999, -9999, -9999, -9999, -9999, 67, -9999, -9999, 84, -9999, -9999, -9999, -9999, -9999, -9999, -9999, -9999, -9999, -9999, -9999, -9999, -9999, -9999, -9999, -9999, -9999, -9999, -9999, 94, -9999, -9999, -9999, -9999, -9999, -9999, -9999, -9999, -9999, -9999, -9999, -9999, -9999, -9999, 19, -9999, -9999, -9999, -9999, -9999, -9999, -9999, -9999, -9999, -9999, -9999, -9999, -9999, -9999, -9999, -9999, -9999, -9999, -9999, -9999, -9999, -9999, -9999, -9999, -9999, -9999, 1, 1, 1, 1, 1],
[-9999, -9999, -9999, -9999, -9999, 64, 49, 100, -9999, 66, 92, 35, -9999, 26, -9999, -9999, -9999, -9999, 1, -9999, 76, -9999, -9999, -9999, 83, -9999, -9999, -9999, -9999, -9999, -9999, -9999, 40, 88, -9999, 63, -9999, -9999, 77, -9999, -9999, -9999, 53, 63, 64, -9999, 38, -9999, 52, 75, 84, 75, -9999, 49, 67, 73, -9999, 36, 86, -9999, -9999, 69, -9999, -9999, -9999, 73, 89, -9999, -9999, 16, 100, -9999, -9999, 98, 76, -9999, 84, -9999, -9999, 11, 55, -9999, -9999, -9999, -9999, -9999, 96, -9999, 52, 84, -9999, 66, -9999, -9999, 13, -9999, -9999, 19, -9999, 75, 1, 1, 1, 1, 1],
[-9999, -9999, -9999, -9999, -9999, -9999, -9999, -9999, 54, -9999, -9999, -9999, -9999, -9999, 70, -9999, -9999, -9999, -9999, -9999, -9999, -9999, -9999, -9999, -9999, -9999, -9999, -9999, -9999, -9999, -9999, -9999, -9999, 82, -9999, -9999, -9999, -9999, 85, -9999, 55, -9999, -9999, 89, -9999, -9999, -9999, -9999, -9999, -9999, -9999, 96, -9999, 17, 20, -9999, -9999, -9999, -9999, -9999, -9999, 98, -9999, -9999, -9999, 82, -9999, -9999, -9999, 56, -9999, -9999, -9999, -9999, -9999, -9999, -9999, -9999, -9999, -9999, 81, 57, -9999, -9999, -9999, -9999, -9999, -9999, -9999, 68, -9999, -9999, -9999, -9999, 94, -9999, -9999, -9999, -9999, -9999, 1, 1, 1, 1, 1],
[-9999, -9999, -9999, -9999, -9999, -9999, 10, 84, 54, -9999, -9999, -9999, -9999, -9999, 78, -9999, -9999, -9999, -9999, -9999, -9999, -9999, -9999, -9999, -9999, -9999, -9999, -9999, -9999, -9999, -9999, -9999, -9999, -9999, -9999, 62, -9999, -9999, 20, -9999, -9999, -9999, -9999, -9999, -9999, -9999, -9999, -9999, -9999, -9999, -9999, -9999, -9999, -9999, -9999, -9999, -9999, -9999, -9999, -9999, -9999, -9999, -9999, -9999, -9999, -9999, -9999, -9999, -9999, -9999, -9999, -9999, -9999, 96, 42, -9999, -9999, -9999, -9999, -9999, -9999, -9999, -9999, -9999, -9999, -9999, -9999, -9999, -9999, -9999, -9999, -9999, -9999, -9999, -9999, -9999, -9999, -9999, -9999, -9999, 1, 1, 1, 1, 1],
[-9999, -9999, -9999, -9999, -9999, -9999, -9999, -9999, 40, -9999, -9999, -9999, -9999, -9999, 66, -9999, -9999, -9999, -9999, -9999, -9999, -9999, -9999, -9999, -9999, -9999, -9999, -9999, -9999, -9999, -9999, 87, 72, -9999, -9999, -9999, -9999, -9999, 13, -9999, 67, -9999, -9999, -9999, -9999, -9999, -9999, -9999, -9999, -9999, -9999, 47, -9999, 46, 65, -9999, -9999, -9999, -9999, -9999, -9999, 66, -9999, -9999, -9999, -9999, -9999, -9999, -9999, 2, -9999, -9999, -9999, -9999, -9999, -9999, -9999, -9999, -9999, -9999, 7, 92, -9999, -9999, -9999, -9999, -9999, -9999, -9999, 51, -9999, -9999, -9999, -9999, 30, -9999, -9999, -9999, -9999, -9999, 1, 1, 1, 1, 1],
[-9999, -9999, -9999, -9999, -9999, -9999, -9999, 73, 36, -9999, -9999, -9999, -9999, -9999, -9999, -9999, -9999, -9999, -9999, -9999, -9999, -9999, -9999, -9999, -9999, -9999, -9999, -9999, -9999, -9999, -9999, -9999, -9999, -9999, -9999, -9999, -9999, -9999, 19, -9999, -9999, -9999, -9999, -9999, -9999, -9999, -9999, -9999, -9999, -9999, -9999, -9999, -9999, -9999, -9999, -9999, -9999, -9999, 19, -9999, -9999, -9999, -9999, -9999, -9999, -9999, -9999, -9999, -9999, -9999, -9999, -9999, -9999, -9999, -9999, -9999, -9999, -9999, -9999, -9999, -9999, -9999, -9999, -9999, -9999, -9999, -9999, -9999, -9999, -9999, -9999, -9999, -9999, -9999, -9999, -9999, -9999, -9999, -9999, -9999, 1, 1, 1, 1, 1],
[-9999, -9999, -9999, -9999, -9999, 35, -9999, 42, 6, 55, 5, -9999, -9999, -9999, -9999, -9999, -9999, -9999, 79, 39, 96, -9999, -9999, -9999, 39, -9999, -9999, -9999, -9999, 21, -9999, -9999, 66, 99, -9999, 72, 39, -9999, 94, 42, 23, -9999, 4, 89, 56, 68, -9999, 92, -9999, -9999, 30, 29, -9999, 44, 61, 98, -9999, -9999, 58, -9999, 36, -9999, -9999, -9999, -9999, -9999, -9999, -9999, -9999, 31, 66, 16, -9999, 27, 70, -9999, 84, -9999, 22, -9999, -9999, 21, -9999, -9999, -9999, -9999, -9999, 47, 6, 64, -9999, 86, -9999, -9999, 6, 12, -9999, 54, -9999, 4, 1, 1, 1, 1, 1],
[-9999, -9999, -9999, -9999, -9999, 32, -9999, 93, 80, -9999, 17, -9999, -9999, 42, -9999, -9999, -9999, -9999, 30, -9999, 100, -9999, -9999, -9999, -9999, -9999, -9999, -9999, -9999, -9999, -9999, -9999, -9999, 48, -9999, 35, -9999, 36, 66, -9999, 15, -9999, 100, -9999, 60, 94, 30, 42, 30, -9999, 10, 26, -9999, 93, 21, 61, -9999, 31, 67, 20, 51, 48, -9999, -9999, -9999, 10, -9999, -9999, -9999, 25, 95, 87, -9999, 81, 32, 26, 31, -9999, -9999, 64, -9999, -9999, -9999, -9999, -9999, -9999, -9999, -9999, -9999, 30, -9999, 3, -9999, -9999, 5, -9999, -9999, 10, -9999, 68, 1, 1, 1, 1, 1],
[-9999, -9999, -9999, -9999, -9999, -9999, 52, -9999, 84, 98, -9999, -9999, -9999, -9999, 45, -9999, -9999, -9999, 66, 46, 62, -9999, -9999, -9999, 10, -9999, -9999, -9999, -9999, -9999, -9999, -9999, 36, -9999, -9999, 85, -9999, -9999, 31, 34, -9999, 15, 46, 15, 61, -9999, 50, -9999, -9999, 64, 7, 52, -9999, 43, 36, -9999, -9999, -9999, -9999, -9999, -9999, 36, -9999, -9999, -9999, 29, 21, -9999, -9999, 57, 65, -9999, -9999, 61, 67, 41, -9999, -9999, 72, -9999, 23, 57, -9999, -9999, -9999, -9999, -9999, 90, -9999, 22, -9999, 43, -9999, -9999, 39, 29, -9999, 75, -9999, 39, 1, 1, 1, 1, 1],
[-9999, -9999, -9999, -9999, -9999, -9999, -9999, -9999, -9999, -9999, -9999, -9999, 37, -9999, -9999, -9999, -9999, -9999, -9999, -9999, -9999, -9999, 74, -9999, -9999, -9999, -9999, -9999, -9999, -9999, -9999, -9999, 30, 13, -9999, -9999, -9999, -9999, 57, -9999, 34, -9999, -9999, -9999, -9999, -9999, -9999, -9999, -9999, -9999, -9999, 61, -9999, 45, -9999, -9999, 85, -9999, -9999, -9999, -9999, -9999, -9999, -9999, -9999, -9999, -9999, -9999, -9999, 3, -9999, -9999, -9999, -9999, -9999, -9999, -9999, 100, -9999, -9999, -9999, -9999, -9999, -9999, -9999, 87, -9999, -9999, -9999, 31, -9999, -9999, -9999, -9999, 18, -9999, -9999, -9999, -9999, -9999, 1, 1, 1, 1, 1],
[-9999, -9999, -9999, -9999, -9999, -9999, -9999, -9999, 58, -9999, -9999, -9999, -9999, -9999, -9999, -9999, -9999, -9999, -9999, -9999, -9999, -9999, -9999, -9999, -9999, -9999, -9999, -9999, -9999, -9999, -9999, -9999, -9999, 4, -9999, -9999, -9999, -9999, 12, -9999, 91, -9999, -9999, 55, -9999, -9999, -9999, -9999, -9999, -9999, -9999, 43, -9999, 26, 8, -9999, -9999, -9999, -9999, -9999, -9999, -9999, -9999, -9999, -9999, 50, -9999, -9999, -9999, 1, -9999, -9999, -9999, -9999, -9999, -9999, -9999, -9999, -9999, -9999, 51, -9999, -9999, -9999, -9999, -9999, -9999, -9999, -9999, 91, -9999, -9999, -9999, -9999, 79, -9999, -9999, -9999, -9999, -9999, 1, 1, 1, 1, 1],
[-9999, -9999, -9999, -9999, -9999, -9999, -9999, 27, -9999, -9999, 40, 90, -9999, 47, -9999, -9999, -9999, -9999, 41, 19, -9999, -9999, -9999, -9999, -9999, -9999, -9999, -9999, -9999, -9999, -9999, -9999, 39, 4, -9999, -9999, 58, 97, 42, -9999, 16, 72, 87, -9999, 90, -9999, 42, -9999, -9999, -9999, -9999, 10, -9999, 47, -9999, 84, -9999, -9999, -9999, 27, -9999, 1, -9999, -9999, -9999, 72, 86, -9999, -9999, 92, 92, 34, -9999, 26, 81, -9999, 35, -9999, 58, -9999, -9999, 53, -9999, -9999, -9999, -9999, 64, 73, 61, 84, -9999, 60, -9999, -9999, -9999, 63, -9999, 56, -9999, 70, 1, 1, 1, 1, 1],
[-9999, -9999, -9999, -9999, -9999, -9999, -9999, -9999, 39, -9999, -9999, -9999, -9999, -9999, 64, -9999, -9999, -9999, -9999, -9999, -9999, -9999, -9999, -9999, -9999, -9999, -9999, -9999, -9999, -9999, -9999, -9999, -9999, 42, -9999, -9999, -9999, -9999, 73, -9999, 77, -9999, -9999, 25, -9999, -9999, -9999, -9999, -9999, -9999, -9999, 62, -9999, 28, 24, -9999, -9999, -9999, -9999, -9999, -9999, 10, -9999, 7, -9999, 74, -9999, -9999, -9999, 32, -9999, -9999, -9999, -9999, -9999, -9999, -9999, -9999, -9999, -9999, -9999, -9999, -9999, -9999, -9999, -9999, -9999, -9999, -9999, 6, -9999, -9999, -9999, -9999, 66, -9999, -9999, -9999, -9999, -9999, 1, 1, 1, 1, 1],
[-9999, -9999, -9999, -9999, -9999, -9999, -9999, 5, 79, 85, 60, -9999, -9999, 54, 90, -9999, -9999, -9999, 59, 88, -9999, -9999, -9999, -9999, -9999, -9999, -9999, -9999, -9999, -9999, -9999, -9999, -9999, 97, -9999, 53, 77, -9999, 25, -9999, 29, -9999, 17, -9999, 77, 39, -9999, 77, -9999, 68, 47, 49, -9999, 72, 76, 45, -9999, 90, -9999, -9999, 21, 11, -9999, -9999, -9999, 89, -9999, -9999, -9999, 52, 68, -9999, -9999, -9999, 46, 64, -9999, -9999, -9999, -9999, 27, -9999, -9999, -9999, -9999, -9999, 55, -9999, -9999, 1, -9999, 81, -9999, -9999, 60, -9999, -9999, 32, -9999, 93, 1, 1, 1, 1, 1],
[-9999, -9999, -9999, -9999, -9999, -9999, 44, 46, 94, 63, 69, 90, -9999, 24, 17, -9999, -9999, -9999, 31, -9999, -9999, -9999, -9999, -9999, -9999, -9999, 88, -9999, -9999, -9999, -9999, -9999, -9999, 18, -9999, 59, 66, 71, 27, 46, 77, -9999, 41, 53, 90, 95, 52, -9999, 36, 84, 52, 79, -9999, 56, -9999, 13, -9999, 41, 67, 23, 23, -9999, -9999, -9999, -9999, 16, -9999, -9999, -9999, 87, -9999, 22, -9999, -9999, -9999, 86, -9999, -9999, -9999, -9999, 82, -9999, -9999, -9999, -9999, -9999, -9999, -9999, -9999, 62, -9999, 52, -9999, -9999, 32, -9999, -9999, 76, -9999, 94, 1, 1, 1, 1, 1],
[-9999, -9999, -9999, -9999, -9999, -9999, -9999, -9999, 36, -9999, -9999, -9999, -9999, -9999, 41, -9999, -9999, -9999, -9999, -9999, -9999, -9999, -9999, -9999, -9999, -9999, -9999, -9999, -9999, -9999, -9999, -9999, -9999, -9999, -9999, -9999, -9999, -9999, 90, -9999, 51, -9999, -9999, -9999, -9999, -9999, -9999, -9999, -9999, -9999, -9999, 81, -9999, 72, 44, -9999, -9999, -9999, -9999, -9999, -9999, 53, -9999, -9999, -9999, 94, -9999, -9999, -9999, 19, -9999, -9999, -9999, -9999, -9999, -9999, -9999, -9999, -9999, -9999, -9999, -9999, -9999, -9999, -9999, -9999, -9999, -9999, -9999, -9999, -9999, -9999, -9999, -9999, 18, -9999, -9999, -9999, -9999, -9999, 1, 1, 1, 1, 1],
[-9999, -9999, -9999, -9999, -9999, 83, -9999, 79, 25, 45, 98, 35, -9999, -9999, -9999, -9999, -9999, -9999, 72, 11, -9999, 88, -9999, -9999, 80, -9999, -9999, -9999, -9999, -9999, -9999, -9999, 53, -9999, -9999, -9999, 98, 98, 28, 1, -9999, -9999, 61, 82, -9999, -9999, -9999, 5, -9999, 6, -9999, 53, -9999, 23, -9999, 81, -9999, -9999, -9999, -9999, 99, 95, -9999, -9999, -9999, -9999, -9999, -9999, -9999, 100, 70, -9999, -9999, 16, -9999, -9999, 1, -9999, 39, -9999, 21, 12, -9999, -9999, -9999, -9999, -9999, -9999, -9999, 37, -9999, 56, -9999, -9999, 56, 40, -9999, 79, -9999, 66, 1, 1, 1, 1, 1],
[-9999, -9999, -9999, -9999, -9999, -9999, -9999, -9999, 32, -9999, -9999, -9999, -9999, -9999, 25, -9999, -9999, 89, -9999, -9999, -9999, -9999, -9999, 60, -9999, -9999, -9999, -9999, 97, -9999, -9999, -9999, 46, 66, -9999, -9999, -9999, -9999, 96, -9999, 31, -9999, -9999, -9999, -9999, -9999, -9999, -9999, -9999, -9999, -9999, 11, -9999, 87, 59, -9999, 12, -9999, -9999, -9999, -9999, -9999, -9999, -9999, -9999, 10, -9999, -9999, -9999, 81, -9999, -9999, -9999, -9999, -9999, -9999, -9999, 1, -9999, -9999, 79, -9999, -9999, -9999, -9999, -9999, -9999, -9999, -9999, 29, -9999, -9999, -9999, -9999, -9999, -9999, -9999, -9999, -9999, -9999, 1, 1, 1, 1, 1],
[-9999, -9999, -9999, -9999, -9999, -9999, -9999, -9999, 16, -9999, -9999, -9999, -9999, -9999, 91, -9999, 14, -9999, -9999, -9999, -9999, -9999, -9999, -9999, -9999, -9999, -9999, -9999, -9999, -9999, -9999, -9999, 52, -9999, -9999, -9999, -9999, -9999, 64, -9999, -9999, -9999, -9999, 64, -9999, -9999, -9999, -9999, -9999, -9999, -9999, 12, -9999, 61, -9999, -9999, -9999, -9999, -9999, -9999, -9999, 93, -9999, -9999, -9999, -9999, -9999, -9999, -9999, 79, -9999, -9999, -9999, -9999, -9999, -9999, -9999, -9999, -9999, -9999, 18, 80, -9999, -9999, -9999, -9999, -9999, -9999, -9999, 57, -9999, -9999, -9999, -9999, 64, -9999, -9999, -9999, -9999, -9999, 1, 1, 1, 1, 1],
[-9999, -9999, -9999, -9999, -9999, -9999, -9999, -9999, 46, -9999, -9999, -9999, -9999, -9999, 27, -9999, -9999, -9999, -9999, -9999, -9999, -9999, -9999, -9999, -9999, -9999, -9999, -9999, -9999, -9999, -9999, -9999, -9999, -9999, -9999, -9999, -9999, -9999, 12, -9999, -9999, -9999, -9999, -9999, -9999, -9999, -9999, -9999, -9999, -9999, -9999, -9999, -9999, -9999, -9999, -9999, -9999, -9999, -9999, -9999, -9999, -9999, -9999, -9999, -9999, -9999, -9999, -9999, -9999, -9999, -9999, -9999, -9999, -9999, -9999, -9999, -9999, -9999, -9999, -9999, -9999, -9999, -9999, -9999, -9999, -9999, -9999, -9999, -9999, -9999, -9999, -9999, -9999, -9999, -9999, -9999, -9999, -9999, -9999, -9999, 1, 1, 1, 1, 1],
[-9999, -9999, -9999, -9999, -9999, -9999, 64, 56, 12, 35, 92, -9999, -9999, 77, 8, -9999, -9999, -9999, 36, -9999, 32, -9999, -9999, 37, 66, -9999, -9999, -9999, -9999, -9999, -9999, -9999, -9999, -9999, -9999, 19, -9999, -9999, 100, -9999, 96, 21, 14, 38, 84, 75, -9999, -9999, 69, 52, 24, 25, -9999, 98, -9999, 22, 72, 78, -9999, -9999, 94, 24, -9999, 11, -9999, -9999, 39, -9999, -9999, 89, 86, 44, -9999, 98, 52, -9999, 87, -9999, -9999, -9999, -9999, -9999, -9999, -9999, -9999, -9999, -9999, -9999, 22, 87, -9999, 66, -9999, -9999, -9999, -9999, -9999, 27, -9999, 91, 1, 1, 1, 1, 1],
[-9999, -9999, -9999, -9999, -9999, 43, 42, 35, 39, -9999, -9999, -9999, -9999, 91, -9999, -9999, -9999, -9999, 65, -9999, 92, -9999, -9999, -9999, -9999, -9999, -9999, -9999, -9999, -9999, -9999, -9999, 58, 42, -9999, 35, 89, 72, 54, -9999, -9999, -9999, 75, 40, 89, 73, 53, 58, -9999, -9999, 62, -9999, -9999, 72, -9999, -9999, -9999, -9999, -9999, -9999, -9999, -9999, 21, -9999, -9999, 23, -9999, -9999, -9999, 49, -9999, 24, -9999, -9999, -9999, -9999, -9999, -9999, 59, -9999, -9999, -9999, -9999, -9999, -9999, -9999, -9999, 26, 76, 8, -9999, 32, -9999, -9999, 98, -9999, -9999, 13, -9999, 2, 1, 1, 1, 1, 1],
[-9999, -9999, -9999, -9999, -9999, 84, 59, 10, 93, 56, 15, 43, -9999, 27, -9999, -9999, -9999, -9999, 48, 58, -9999, -9999, -9999, -9999, 10, -9999, -9999, -9999, -9999, -9999, 29, 82, 38, 100, -9999, 63, -9999, -9999, 79, 64, -9999, -9999, 74, 69, 97, 74, -9999, -9999, 62, 21, 12, 79, -9999, 53, 3, 58, -9999, 35, 47, -9999, -9999, -9999, -9999, 50, -9999, -9999, -9999, -9999, -9999, 4, -9999, 60, -9999, 15, 90, -9999, 68, -9999, 76, -9999, 53, 54, -9999, -9999, -9999, -9999, -9999, -9999, 40, 51, -9999, 16, -9999, -9999, -9999, 32, -9999, 5, -9999, 24, 1, 1, 1, 1, 1],
[-9999, -9999, -9999, -9999, -9999, -9999, 3, 7, 22, -9999, -9999, -9999, -9999, -9999, 64, -9999, -9999, -9999, -9999, -9999, -9999, -9999, -9999, -9999, -9999, -9999, -9999, -9999, -9999, -9999, -9999, -9999, -9999, -9999, -9999, 40, -9999, -9999, 63, -9999, -9999, -9999, -9999, -9999, -9999, -9999, -9999, -9999, -9999, -9999, -9999, -9999, -9999, -9999, -9999, -9999, -9999, -9999, -9999, -9999, -9999, -9999, -9999, -9999, -9999, -9999, -9999, -9999, -9999, -9999, -9999, -9999, -9999, -9999, 46, -9999, -9999, -9999, -9999, -9999, -9999, -9999, -9999, -9999, -9999, -9999, -9999, -9999, -9999, -9999, -9999, -9999, -9999, -9999, -9999, -9999, -9999, -9999, -9999, -9999, 1, 1, 1, 1, 1],
[-9999, -9999, -9999, -9999, -9999, -9999, -9999, -9999, 42, -9999, -9999, -9999, -9999, -9999, -9999, -9999, -9999, -9999, -9999, -9999, -9999, -9999, -9999, -9999, -9999, -9999, -9999, -9999, -9999, -9999, -9999, -9999, 97, 71, -9999, -9999, -9999, -9999, 25, -9999, -9999, -9999, -9999, -9999, -9999, -9999, -9999, -9999, -9999, -9999, -9999, 72, -9999, 4, 83, -9999, -9999, -9999, -9999, -9999, -9999, 38, -9999, -9999, -9999, 69, -9999, -9999, -9999, 4, -9999, -9999, -9999, -9999, -9999, -9999, -9999, -9999, -9999, -9999, 17, -9999, -9999, -9999, -9999, -9999, -9999, -9999, -9999, 80, -9999, -9999, -9999, -9999, 85, -9999, -9999, -9999, -9999, -9999, 1, 1, 1, 1, 1],
[-9999, -9999, -9999, -9999, -9999, -9999, -9999, -9999, 66, -9999, -9999, -9999, -9999, -9999, 28, -9999, -9999, -9999, -9999, -9999, -9999, -9999, -9999, -9999, -9999, -9999, -9999, -9999, -9999, -9999, -9999, -9999, -9999, -9999, -9999, -9999, -9999, -9999, 96, -9999, 83, -9999, -9999, 7, -9999, -9999, -9999, -9999, -9999, -9999, -9999, 39, -9999, 92, -9999, -9999, 81, -9999, -9999, -9999, -9999, -9999, -9999, -9999, -9999, -9999, -9999, -9999, -9999, 99, -9999, -9999, -9999, -9999, -9999, -9999, -9999, -9999, -9999, -9999, 84, 88, -9999, -9999, -9999, -9999, -9999, -9999, -9999, 27, -9999, -9999, -9999, -9999, -9999, -9999, -9999, -9999, -9999, -9999, 1, 1, 1, 1, 1],
[-9999, -9999, -9999, -9999, -9999, -9999, -9999, -9999, -9999, -9999, -9999, -9999, -9999, -9999, -9999, -9999, -9999, -9999, -9999, -9999, -9999, -9999, -9999, -9999, -9999, -9999, -9999, -9999, -9999, -9999, -9999, -9999, -9999, -9999, -9999, -9999, -9999, -9999, -9999, -9999, -9999, -9999, -9999, -9999, -9999, -9999, -9999, -9999, -9999, -9999, -9999, -9999, -9999, -9999, -9999, -9999, -9999, -9999, -9999, -9999, -9999, -9999, -9999, -9999, -9999, -9999, -9999, -9999, -9999, -9999, -9999, -9999, -9999, -9999, -9999, -9999, -9999, -9999, -9999, -9999, -9999, -9999, -9999, -9999, -9999, -9999, -9999, -9999, -9999, -9999, -9999, -9999, -9999, -9999, -9999, -9999, -9999, -9999, -9999, -9999, -9999, -9999, -9999, -9999, -9999],
[-9999, -9999, -9999, -9999, -9999, -9999, -9999, -9999, -9999, -9999, -9999, -9999, -9999, -9999, -9999, -9999, -9999, -9999, -9999, -9999, -9999, -9999, -9999, -9999, -9999, -9999, -9999, -9999, -9999, -9999, -9999, -9999, -9999, -9999, -9999, -9999, -9999, -9999, -9999, -9999, -9999, -9999, -9999, -9999, -9999, -9999, -9999, -9999, -9999, -9999, -9999, -9999, -9999, -9999, -9999, -9999, -9999, -9999, -9999, -9999, -9999, -9999, -9999, -9999, -9999, -9999, -9999, -9999, -9999, -9999, -9999, -9999, -9999, -9999, -9999, -9999, -9999, -9999, -9999, -9999, -9999, -9999, -9999, -9999, -9999, -9999, -9999, -9999, -9999, -9999, -9999, -9999, -9999, -9999, -9999, -9999, -9999, -9999, -9999, -9999, -9999, -9999, -9999, -9999, -9999],
[-9999, -9999, -9999, -9999, -9999, -9999, -9999, -9999, -9999, -9999, -9999, -9999, -9999, -9999, -9999, -9999, -9999, -9999, -9999, -9999, -9999, -9999, -9999, -9999, -9999, -9999, -9999, -9999, -9999, -9999, -9999, -9999, -9999, -9999, -9999, -9999, -9999, -9999, -9999, -9999, -9999, -9999, -9999, -9999, -9999, -9999, -9999, -9999, -9999, -9999, -9999, -9999, -9999, -9999, -9999, -9999, -9999, -9999, -9999, -9999, -9999, -9999, -9999, -9999, -9999, -9999, -9999, -9999, -9999, -9999, -9999, -9999, -9999, -9999, -9999, -9999, -9999, -9999, -9999, -9999, -9999, -9999, -9999, -9999, -9999, -9999, -9999, -9999, -9999, -9999, -9999, -9999, -9999, -9999, -9999, -9999, -9999, -9999, -9999, -9999, -9999, -9999, -9999, -9999, -9999],
[-9999, -9999, -9999, -9999, -9999, -9999, -9999, -9999, -9999, -9999, -9999, -9999, -9999, -9999, -9999, -9999, -9999, -9999, -9999, -9999, -9999, -9999, -9999, -9999, -9999, -9999, -9999, -9999, -9999, -9999, -9999, -9999, -9999, -9999, -9999, -9999, -9999, -9999, -9999, -9999, -9999, -9999, -9999, -9999, -9999, -9999, -9999, -9999, -9999, -9999, -9999, -9999, -9999, -9999, -9999, -9999, -9999, -9999, -9999, -9999, -9999, -9999, -9999, -9999, -9999, -9999, -9999, -9999, -9999, -9999, -9999, -9999, -9999, -9999, -9999, -9999, -9999, -9999, -9999, -9999, -9999, -9999, -9999, -9999, -9999, -9999, -9999, -9999, -9999, -9999, -9999, -9999, -9999, -9999, -9999, -9999, -9999, -9999, -9999, -9999, -9999, -9999, -9999, -9999, -9999],
[-9999, -9999, -9999, -9999, -9999, -9999, -9999, -9999, -9999, -9999, -9999, -9999, -9999, -9999, -9999, -9999, -9999, -9999, -9999, -9999, -9999, -9999, -9999, -9999, -9999, -9999, -9999, -9999, -9999, -9999, -9999, -9999, -9999, -9999, -9999, -9999, -9999, -9999, -9999, -9999, -9999, -9999, -9999, -9999, -9999, -9999, -9999, -9999, -9999, -9999, -9999, -9999, -9999, -9999, -9999, -9999, -9999, -9999, -9999, -9999, -9999, -9999, -9999, -9999, -9999, -9999, -9999, -9999, -9999, -9999, -9999, -9999, -9999, -9999, -9999, -9999, -9999, -9999, -9999, -9999, -9999, -9999, -9999, -9999, -9999, -9999, -9999, -9999, -9999, -9999, -9999, -9999, -9999, -9999, -9999, -9999, -9999, -9999, -9999, -9999, -9999, -9999, -9999, -9999, -9999]
];
