NbNodes = 105;
NbNDDs = 5;
NbPairs = 95;
NbTerminals = 5;
K = 0;
L = 97;
Wt = [
[-9999, -9999, -9999, -9999, -9999, -9999, -9999, -9999, -9999, -9999, -9999, -9999, -9999, -9999, -9999, -9999, -9999, -9999, 49, -9999, -9999, -9999, 100, -9999, -9999, -9999, -9999, -9999, 68, -9999, -9999, 54, -9999, -9999, -9999, -9999, -9999, -9999, -9999, -9999, -9999, -9999, -9999, 34, -9999, -9999, -9999, -9999, -9999, -9999, -9999, 81, -9999, -9999, 55, 75, -9999, -9999, 23, -9999, -9999, 72, 44, -9999, -9999, -9999, -9999, -9999, 53, -9999, 76, -9999, 81, -9999, 27, -9999, -9999, -9999, -9999, -9999, -9999, -9999, 92, -9999, -9999, 50, -9999, -9999, -9999, -9999, -9999, -9999, -9999, 34, -9999, -9999, -9999, -9999, -9999, -9999, 1, 1, 1, 1, 1],
[-9999, -9999, -9999, -9999, -9999, -9999, -9999, -9999, -9999, 26, -9999, -9999, -9999, -9999, -9999, -9999, -9999, -9999, -9999, -9999, -9999, -9999, 81, 58, -9999, -9999, -9999, -9999, 11, -9999, -9999, -9999, -9999, -9999, -9999, -9999, -9999, -9999, -9999, -9999, -9999, -9999, 42, 56, -9999, -9999, -9999, -9999, -9999, -9999, -9999, 16, -9999, -9999, 51, 63, -9999, -9999, 61, -9999, -9999, 15, 1, -9999, -9999, -9999, -9999, -9999, 20, -9999, 90, -9999, 13, -9999, 29, -9999, -9999, -9999, -9999, -9999, -9999, -9999, 5, -9999, -9999, -9999, 94, -9999, -9999, -9999, -9999, -9999, 1, 40, -9999, -9999, -9999, -9999, -9999, -9999, 1, 1, 1, 1, 1],
[-9999, -9999, -9999, -9999, -9999, -9999, -9999, -9999, -9999, -9999, -9999, -9999, -9999, -9999, -9999, -9999, -9999, -9999, 74, -9999, -9999, -9999, 49, -9999, -9999, -9999, -9999, -9999, 88, -9999, -9999, 17, -9999, -9999, -9999, -9999, -9999, -9999, -9999, -9999, -9999, -9999, 55, 60, -9999, -9999, -9999, -9999, -9999, -9999, -9999, 22, -9999, -9999, 83, -9999, -9999, -9999, -9999, -9999, -9999, 77, 76, -9999, -9999, -9999, 27, -9999, 41, -9999, 52, -9999, 94, -9999, 28, -9999, -9999, -9999, -9999, -9999, -9999, -9999, -9999, -9999, -9999, -9999, -9999, -9999, -9999, -9999, -9999, -9999, 60, 49, -9999, -9999, -9999, -9999, -9999, -9999, 1, 1, 1, 1, 1],
[-9999, -9999, -9999, -9999, -9999, -9999, -9999, -9999, -9999, 55, -9999, -9999, -9999, -9999, -9999, -9999, -9999, -9999, 50, -9999, -9999, -9999, 18, -9999, -9999, -9999, -9999, -9999, 17, -9999, -9999, -9999, -9999, -9999, -9999, -9999, -9999, -9999, -9999, -9999, -9999, -9999, -9999, -9999, -9999, -9999, -9999, 27, -9999, -9999, -9999, 70, -9999, -9999, 35, 45, -9999, -9999, 42, -9999, -9999, 6, 54, -9999, -9999, -9999, -9999, -9999, -9999, -9999, 51, -9999, 26, -9999, 87, -9999, -9999, -9999, -9999, -9999, -9999, -9999, 92, -9999, -9999, 73, 52, -9999, -9999, -9999, -9999, -9999, 89, 40, 24, -9999, -9999, 24, -9999, -9999, 1, 1, 1, 1, 1],
[-9999, -9999, -9999, -9999, -9999, -9999, 34, 30, 43, 83, -9999, 9, 92, -9999, 16, 26, 91, 99, 41, -9999, 63, -9999, 83, 92, -9999, 50, -9999, 53, -9999, -9999, -9999, 20, -9999, -9999, -9999, 87, -9999, -9999, -9999, -9999, -9999, -9999, 45, 59, 50, 68, 19, -9999, -9999, 36, -9999, 75, 30, -9999, 27, 93, 60, 85, -9999, -9999, -9999, -9999, 69, 89, -9999, -9999, 59, 11, 32, 53, -9999, 29, 6, 84, 83, 67, -9999, 58, -9999, 5, -9999, 55, 74, -9999, 34, -9999, 12, 74, -9999, -9999, 9, -9999, 87, 29, -9999, -9999, 95, -9999, -9999, 82, 1, 1, 1, 1, 1],
[-9999, -9999, -9999, -9999, -9999, -9999, -9999, -9999, -9999, -9999, -9999, -9999, -9999, -9999, -9999, -9999, -9999, -9999, -9999, -9999, -9999, -9999, 74, 55, -9999, -9999, -9999, -9999, -9999, -9999, -9999, -9999, -9999, -9999, -9999, -9999, -9999, -9999, -9999, -9999, -9999, -9999, 57, 50, -9999, -9999, -9999, -9999, -9999, -9999, -9999, 27, -9999, -9999, -9999, 54, -9999, -9999, 34, -9999, -9999, 66, 23, -9999, -9999, -9999, -9999, -9999, 87, -9999, -9999, -9999, 92, -9999, 14, -9999, -9999, -9999, -9999, -9999, -9999, -9999, -9999, -9999, -9999, 84, 79, -9999, -9999, -9999, -9999, -9999, -9999, 54, -9999, -9999, -9999, 92, -9999, -9999, 1, 1, 1, 1, 1],
[-9999, -9999, -9999, -9999, -9999, -9999, -9999, 20, 98, 5, 82, 45, 74, 22, -9999, 6, -9999, -9999, -9999, -9999, 31, -9999, 59, 29, -9999, 96, 57, 6, -9999, 71, 97, -9999, -9999, -9999, -9999, -9999, -9999, 7, 92, -9999, -9999, -9999, 41, 95, 36, 53, 38, -9999, -9999, 5, -9999, 13, 16, -9999, -9999, -9999, -9999, 13, -9999, -9999, -9999, 29, 67, -9999, -9999, 81, 52, 57, -9999, 43, 75, -9999, 49, 20, 90, 29, -9999, -9999, 74, 14, -9999, -9999, 62, -9999, 16, 6, -9999, -9999, -9999, -9999, 48, 5, 5, -9999, -9999, -9999, -9999, 69, -9999, 65, 1, 1, 1, 1, 1],
[-9999, -9999, -9999, -9999, -9999, -9999, -9999, -9999, -9999, -9999, -9999, -9999, -9999, -9999, -9999, -9999, -9999, -9999, -9999, -9999, -9999, -9999, 94, -9999, -9999, -9999, -9999, -9999, 94, -9999, -9999, -9999, -9999, -9999, -9999, -9999, -9999, -9999, -9999, -9999, -9999, -9999, 16, -9999, -9999, -9999, -9999, -9999, -9999, -9999, -9999, 66, -9999, -9999, 67, -9999, -9999, -9999, 96, -9999, -9999, 80, 10, -9999, -9999, -9999, 26, -9999, 6, -9999, -9999, -9999, 50, -9999, 82, -9999, -9999, -9999, -9999, -9999, -9999, -9999, 26, -9999, -9999, 19, -9999, 57, -9999, -9999, -9999, -9999, 48, 53, -9999, -9999, -9999, 21, -9999, -9999, 1, 1, 1, 1, 1],
[-9999, -9999, -9999, -9999, -9999, -9999, 25, -9999, -9999, 11, 55, 14, 65, -9999, 85, 49, 44, 7, -9999, -9999, 24, -9999, 84, -9999, -9999, 16, 98, 83, -9999, -9999, 36, 7, -9999, 48, -9999, -9999, -9999, -9999, -9999, -9999, -9999, -9999, -9999, -9999, 6, 21, -9999, -9999, -9999, 4, -9999, 44, 29, 33, 11, 66, -9999, 19, 68, -9999, -9999, 60, 62, 99, -9999, 61, -9999, 61, 15, 46, 53, 90, 54, 28, 10, 54, -9999, -9999, 5, 15, -9999, 8, 94, -9999, 65, 14, 19, -9999, 77, -9999, -9999, -9999, -9999, 50, -9999, -9999, -9999, 93, -9999, 24, 1, 1, 1, 1, 1],
[-9999, -9999, -9999, -9999, -9999, -9999, -9999, -9999, -9999, -9999, -9999, -9999, -9999, -9999, -9999, -9999, -9999, -9999, 26, -9999, -9999, -9999, -9999, 21, -9999, -9999, -9999, -9999, 44, -9999, -9999, 52, -9999, -9999, -9999, -9999, -9999, -9999, -9999, -9999, -9999, -9999, 28, 87, -9999, -9999, -9999, -9999, -9999, -9999, -9999, 33, -9999, -9999, 65, 24, -9999, -9999, -9999, -9999, -9999, 21, 89, -9999, -9999, -9999, 64, -9999, 33, -9999, 47, -9999, 27, -9999, 21, -9999, -9999, -9999, -9999, -9999, -9999, -9999, -9999, -9999, -9999, -9999, 35, -9999, -9999, -9999, -9999, -9999, -9999, 73, -9999, -9999, -9999, 72, -9999, -9999, 1, 1, 1, 1, 1],
[-9999, -9999, -9999, -9999, -9999, -9999, 91, 30, 73, 21, -9999, 77, 24, -9999, -9999, -9999, 86, -9999, 19, -9999, 3, -9999, 61, -9999, -9999, 70, -9999, 76, 59, -9999, 15, -9999, -9999, 46, 68, 83, -9999, 70, -9999, -9999, -9999, -9999, 75, -9999, -9999, -9999, -9999, -9999, -9999, 13, -9999, 95, 40, -9999, -9999, -9999, 32, 30, -9999, 60, 18, 19, 43, -9999, -9999, 56, 1, -9999, -9999, 38, -9999, 52, 39, 68, 64, 20, -9999, 22, -9999, 83, -9999, -9999, 35, -9999, 14, 28, 20, -9999, 40, -9999, 17, -9999, 5, -9999, -9999, -9999, -9999, -9999, 46, 100, 1, 1, 1, 1, 1],
[-9999, -9999, -9999, -9999, -9999, -9999, 2, 91, 42, 49, -9999, -9999, 71, -9999, 46, 93, -9999, -9999, -9999, -9999, 37, -9999, -9999, 94, -9999, -9999, -9999, 10, 98, 84, 96, 32, -9999, -9999, -9999, -9999, -9999, 60, -9999, -9999, -9999, -9999, 26, -9999, -9999, -9999, -9999, -9999, -9999, 29, -9999, 80, 10, -9999, 60, 31, 30, 30, 32, -9999, -9999, 79, 20, 100, -9999, -9999, 53, -9999, -9999, 6, 47, 27, 98, -9999, 59, 62, -9999, 11, -9999, 89, -9999, 30, 26, -9999, 99, 29, -9999, -9999, 55, -9999, 41, 56, 52, 21, -9999, -9999, 36, 81, -9999, 28, 1, 1, 1, 1, 1],
[-9999, -9999, -9999, -9999, -9999, -9999, -9999, 95, -9999, -9999, 100, -9999, -9999, -9999, -9999, -9999, -9999, -9999, -9999, -9999, -9999, -9999, -9999, -9999, -9999, -9999, -9999, -9999, -9999, -9999, 68, -9999, 4, -9999, -9999, -9999, -9999, -9999, -9999, -9999, -9999, -9999, -9999, -9999, -9999, -9999, 82, -9999, -9999, -9999, -9999, -9999, -9999, -9999, -9999, -9999, -9999, -9999, -9999, -9999, -9999, 14, -9999, -9999, -9999, -9999, -9999, -9999, -9999, -9999, -9999, -9999, -9999, 90, -9999, -9999, -9999, -9999, -9999, -9999, -9999, -9999, -9999, -9999, -9999, -9999, -9999, -9999, -9999, -9999, -9999, -9999, -9999, -9999, -9999, -9999, -9999, -9999, -9999, -9999, 1, 1, 1, 1, 1],
[-9999, -9999, -9999, -9999, -9999, -9999, -9999, -9999, -9999, -9999, -9999, -9999, -9999, -9999, -9999, -9999, -9999, -9999, -9999, -9999, -9999, -9999, -9999, 85, -9999, -9999, -9999, -9999, -9999, -9999, -9999, -9999, -9999, -9999, -9999, -9999, -9999, -9999, -9999, -9999, -9999, -9999, -9999, 86, -9999, -9999, -9999, 33, -9999, -9999, -9999, 94, -9999, -9999, 7, -9999, -9999, -9999, 67, -9999, -9999, 22, 55, -9999, -9999, -9999, 84, -9999, 99, -9999, 60, -9999, 21, -9999, 42, -9999, -9999, -9999, -9999, -9999, -9999, -9999, -9999, -9999, -9999, -9999, -9999, 31, -9999, -9999, -9999, -9999, 79, 41, 33, -9999, -9999, -9999, -9999, -9999, 1, 1, 1, 1, 1],
[-9999, -9999, -9999, -9999, -9999, -9999, -9999, 22, 63, -9999, 53, 13, 47, 1, -9999, -9999, 87, 28, -9999, 66, 99, 34, -9999, 7, -9999, 95, 62, 85, -9999, 30, 55, -9999, 34, -9999, -9999, -9999, -9999, 93, 26, -9999, 42, 84, 5, 3, 98, 4, 90, -9999, -9999, 93, -9999, 33, -9999, -9999, 83, 35, 12, 11, 66, 2, -9999, 34, 54, 89, -9999, 16, 27, -9999, -9999, -9999, 27, 70, 23, 6, 4, 46, -9999, -9999, -9999, 20, -9999, -9999, 13, 22, 17, -9999, -9999, -9999, -9999, 65, 81, -9999, -9999, 66, -9999, -9999, -9999, 84, 93, -9999, 1, 1, 1, 1, 1],
[-9999, -9999, -9999, -9999, -9999, -9999, -9999, -9999, 30, -9999, 70, 11, 35, 20, 6, -9999, 27, 12, 12, 90, 24, -9999, -9999, 30, -9999, 2, 10, -9999, 47, 8, -9999, 5, -9999, 18, 45, 94, -9999, 3, 81, -9999, -9999, -9999, 36, 85, -9999, 30, 1, -9999, -9999, 96, -9999, 46, 31, -9999, -9999, -9999, -9999, 56, 61, -9999, -9999, 46, 89, 68, -9999, -9999, 5, 63, 66, -9999, -9999, 68, 51, 30, 21, 31, -9999, 83, 31, 84, 46, 58, 95, 79, 12, 19, 77, -9999, -9999, -9999, 64, 79, -9999, -9999, -9999, -9999, -9999, -9999, -9999, -9999, 1, 1, 1, 1, 1],
[-9999, -9999, -9999, -9999, -9999, -9999, -9999, -9999, -9999, -9999, -9999, -9999, -9999, -9999, -9999, -9999, -9999, -9999, 92, -9999, -9999, -9999, 55, -9999, -9999, -9999, -9999, -9999, 92, -9999, -9999, -9999, -9999, -9999, -9999, -9999, -9999, -9999, -9999, -9999, -9999, -9999, -9999, 47, -9999, -9999, -9999, -9999, -9999, -9999, -9999, 81, -9999, -9999, 35, 49, -9999, -9999, -9999, -9999, -9999, 39, 60, -9999, -9999, -9999, 47, -9999, 22, -9999, 38, -9999, 54, -9999, 82, -9999, -9999, -9999, -9999, -9999, -9999, -9999, 74, -9999, -9999, 42, -9999, -9999, -9999, -9999, -9999, -9999, 80, -9999, 39, -9999, -9999, 22, -9999, -9999, 1, 1, 1, 1, 1],
[-9999, -9999, -9999, -9999, -9999, -9999, 23, -9999, 33, -9999, -9999, 15, 81, -9999, -9999, -9999, -9999, -9999, 19, 28, 100, -9999, 53, 41, -9999, -9999, 70, -9999, 62, 11, 36, -9999, -9999, -9999, 61, 29, -9999, 40, -9999, -9999, -9999, -9999, -9999, 80, -9999, 79, 85, -9999, -9999, 90, -9999, 48, -9999, 61, 22, 85, -9999, 74, 61, 32, -9999, 35, 41, -9999, -9999, -9999, -9999, 82, 36, -9999, 43, 68, 79, 77, 63, 55, -9999, -9999, -9999, 21, -9999, -9999, -9999, -9999, 32, 28, -9999, -9999, 13, -9999, -9999, 67, -9999, -9999, -9999, -9999, -9999, 100, -9999, 88, 1, 1, 1, 1, 1],
[-9999, -9999, -9999, -9999, -9999, -9999, 56, 96, 83, 32, -9999, 15, 98, 87, -9999, 14, 25, 77, -9999, 33, 91, -9999, 62, -9999, -9999, -9999, -9999, -9999, 53, 62, -9999, -9999, -9999, -9999, 90, 31, -9999, 7, 50, -9999, -9999, -9999, 33, 39, -9999, 29, 51, -9999, -9999, 10, -9999, 29, 7, 97, -9999, -9999, 88, 85, -9999, 18, 50, 41, 11, -9999, -9999, -9999, 8, 10, 48, -9999, 75, 78, 13, 27, 20, 18, -9999, 54, 46, 73, -9999, 48, 4, 41, 23, 2, 17, -9999, 89, -9999, 48, -9999, -9999, 10, -9999, -9999, 1, 44, -9999, 25, 1, 1, 1, 1, 1],
[-9999, -9999, -9999, -9999, -9999, -9999, -9999, -9999, 90, -9999, -9999, 70, 18, 57, 12, -9999, 47, 22, -9999, -9999, 12, -9999, 70, 69, 32, 96, -9999, -9999, 55, 21, 44, 45, -9999, 25, -9999, -9999, -9999, 28, 30, -9999, -9999, -9999, -9999, 28, -9999, 35, 13, -9999, -9999, 20, -9999, 65, -9999, 91, 40, 19, 74, -9999, -9999, 43, -9999, 90, 83, -9999, -9999, 77, -9999, 35, 86, -9999, 90, 33, 88, 67, 1, 68, -9999, 62, -9999, 95, -9999, 25, -9999, 20, 32, 62, 87, -9999, -9999, -9999, -9999, 36, 64, -9999, -9999, -9999, -9999, -9999, 93, -9999, 1, 1, 1, 1, 1],
[-9999, -9999, -9999, -9999, -9999, -9999, -9999, -9999, -9999, -9999, -9999, -9999, -9999, -9999, -9999, -9999, -9999, -9999, -9999, -9999, -9999, -9999, -9999, -9999, -9999, -9999, -9999, -9999, -9999, -9999, -9999, -9999, -9999, -9999, -9999, -9999, -9999, -9999, -9999, -9999, -9999, -9999, -9999, -9999, -9999, -9999, -9999, -9999, -9999, -9999, -9999, -9999, -9999, -9999, -9999, -9999, -9999, -9999, -9999, -9999, -9999, 61, -9999, -9999, -9999, -9999, -9999, -9999, -9999, -9999, -9999, -9999, -9999, -9999, -9999, -9999, -9999, -9999, -9999, -9999, -9999, -9999, -9999, -9999, -9999, 52, -9999, -9999, -9999, -9999, -9999, -9999, -9999, -9999, -9999, -9999, -9999, -9999, -9999, -9999, 1, 1, 1, 1, 1],
[-9999, -9999, -9999, -9999, -9999, -9999, -9999, 11, 73, -9999, 32, 26, 2, 76, 39, 84, 80, 11, 54, 23, 27, -9999, 23, 56, 12, 55, -9999, 13, 37, -9999, -9999, 26, -9999, -9999, -9999, 85, -9999, 87, 48, -9999, -9999, -9999, 66, -9999, -9999, -9999, -9999, -9999, -9999, 43, -9999, 78, 59, -9999, 39, 86, 28, 74, 88, -9999, -9999, 36, 96, -9999, -9999, 28, 40, -9999, -9999, 26, 49, 96, 89, 45, 40, 61, -9999, -9999, -9999, 3, -9999, -9999, -9999, 95, 75, 17, 41, -9999, -9999, -9999, 57, -9999, 49, -9999, -9999, -9999, -9999, -9999, 31, 78, 1, 1, 1, 1, 1],
[-9999, -9999, -9999, -9999, -9999, -9999, -9999, 43, 26, 86, 26, 14, 5, -9999, 3, -9999, -9999, -9999, 69, -9999, 98, -9999, -9999, 7, 24, 16, 41, 38, -9999, 67, -9999, 76, -9999, 63, 17, -9999, -9999, -9999, 77, -9999, -9999, -9999, 10, 66, 14, -9999, 4, -9999, -9999, 85, -9999, 98, 53, 26, -9999, 67, -9999, 85, 51, 35, 22, 24, 13, 53, 8, 60, 30, 18, 25, 89, 8, 20, 23, 48, 42, 8, -9999, 46, 18, 63, -9999, 36, -9999, 85, 39, -9999, 13, -9999, -9999, -9999, 70, -9999, 44, 1, -9999, 75, -9999, 100, -9999, 62, 1, 1, 1, 1, 1],
[-9999, -9999, -9999, -9999, -9999, -9999, -9999, -9999, -9999, 70, -9999, -9999, -9999, -9999, -9999, -9999, -9999, -9999, 74, -9999, -9999, -9999, -9999, -9999, -9999, -9999, -9999, -9999, -9999, -9999, -9999, -9999, -9999, -9999, -9999, -9999, -9999, -9999, -9999, -9999, -9999, -9999, 12, 16, -9999, -9999, -9999, -9999, -9999, -9999, -9999, 100, -9999, -9999, 56, 24, -9999, -9999, -9999, -9999, -9999, 41, 17, -9999, -9999, -9999, 3, -9999, 90, -9999, 20, -9999, 6, -9999, 8, -9999, -9999, -9999, -9999, -9999, -9999, -9999, 30, -9999, -9999, -9999, 94, -9999, -9999, -9999, -9999, -9999, 89, 53, -9999, -9999, -9999, 81, -9999, -9999, 1, 1, 1, 1, 1],
[-9999, -9999, -9999, -9999, -9999, -9999, -9999, -9999, -9999, -9999, -9999, -9999, -9999, -9999, -9999, -9999, -9999, -9999, -9999, -9999, -9999, -9999, -9999, -9999, -9999, -9999, -9999, -9999, -9999, -9999, -9999, -9999, -9999, -9999, -9999, -9999, -9999, -9999, -9999, -9999, -9999, -9999, -9999, -9999, -9999, -9999, -9999, -9999, -9999, -9999, -9999, -9999, -9999, -9999, -9999, -9999, -9999, -9999, -9999, -9999, -9999, 30, -9999, -9999, -9999, -9999, -9999, -9999, -9999, -9999, -9999, -9999, -9999, -9999, -9999, -9999, -9999, -9999, -9999, -9999, -9999, -9999, -9999, -9999, -9999, -9999, -9999, -9999, -9999, -9999, -9999, -9999, -9999, -9999, -9999, -9999, -9999, -9999, -9999, -9999, 1, 1, 1, 1, 1],
[-9999, -9999, -9999, -9999, -9999, -9999, -9999, 74, 2, 35, -9999, 34, 73, 65, -9999, 23, 86, 65, -9999, -9999, 19, -9999, 34, 50, 78, -9999, 59, -9999, 93, -9999, 82, -9999, -9999, 13, 65, 81, -9999, 34, 65, -9999, -9999, -9999, 13, 83, 55, 96, 90, -9999, -9999, 42, -9999, 47, -9999, 7, 91, 65, 78, 17, 27, -9999, -9999, 31, 50, 77, -9999, 48, 16, -9999, 21, 35, -9999, 45, 29, -9999, 48, 36, -9999, 6, 2, 59, -9999, -9999, 39, 96, 24, 53, -9999, -9999, 78, -9999, 92, 85, 62, 1, -9999, -9999, -9999, -9999, 94, 36, 1, 1, 1, 1, 1],
[-9999, -9999, -9999, -9999, -9999, -9999, -9999, -9999, -9999, 32, -9999, -9999, -9999, -9999, -9999, -9999, -9999, -9999, -9999, -9999, -9999, -9999, -9999, 10, -9999, -9999, -9999, -9999, -9999, -9999, -9999, 7, -9999, -9999, -9999, -9999, -9999, -9999, -9999, -9999, -9999, -9999, 39, 57, -9999, -9999, -9999, -9999, -9999, -9999, -9999, 52, -9999, -9999, 42, 93, -9999, -9999, 17, -9999, -9999, 88, 88, -9999, -9999, -9999, 71, -9999, -9999, -9999, 87, -9999, 50, -9999, 57, -9999, -9999, -9999, -9999, -9999, -9999, -9999, 16, -9999, -9999, -9999, 49, -9999, -9999, -9999, -9999, -9999, 95, 26, -9999, -9999, -9999, -9999, -9999, -9999, 1, 1, 1, 1, 1],
[-9999, -9999, -9999, -9999, -9999, -9999, -9999, 73, 63, 100, 39, 12, 97, -9999, 71, -9999, 92, 14, 35, 82, 31, -9999, 36, -9999, -9999, -9999, -9999, -9999, 90, -9999, 14, -9999, -9999, 53, 58, 61, -9999, 8, 43, -9999, -9999, -9999, 38, 87, 28, 97, 92, -9999, -9999, 53, -9999, 42, 79, -9999, -9999, 23, -9999, 79, 95, 31, 74, 55, 81, 12, -9999, 34, 19, -9999, -9999, -9999, -9999, 32, 31, -9999, 64, 82, -9999, 69, 16, 51, -9999, 44, 95, 97, 10, -9999, 39, -9999, 61, -9999, -9999, 20, -9999, 15, -9999, 63, -9999, 16, 48, 78, 1, 1, 1, 1, 1],
[-9999, -9999, -9999, -9999, -9999, -9999, -9999, -9999, 14, 72, 4, 59, -9999, 68, -9999, 65, 67, 44, 87, 58, 100, -9999, -9999, 98, 80, 92, 44, 89, -9999, 80, 97, 82, -9999, -9999, -9999, -9999, -9999, -9999, 34, -9999, -9999, -9999, -9999, 93, -9999, -9999, 2, -9999, -9999, 84, -9999, 14, -9999, 29, 13, -9999, 92, 88, 11, -9999, -9999, 53, 77, 61, -9999, 28, 50, -9999, 10, -9999, 32, 55, 33, -9999, 28, 9, 59, -9999, 35, 34, -9999, 69, -9999, 49, 36, -9999, -9999, -9999, 83, -9999, -9999, 19, -9999, 59, -9999, -9999, -9999, -9999, 81, -9999, 1, 1, 1, 1, 1],
[-9999, -9999, -9999, -9999, -9999, -9999, 98, 6, 90, 37, 1, 60, 86, -9999, 2, 35, 10, -9999, 92, -9999, 83, -9999, -9999, -9999, -9999, 80, -9999, 53, 48, -9999, 87, 97, -9999, -9999, 59, 47, -9999, 82, 57, -9999, -9999, -9999, 38, -9999, 34, 31, 44, -9999, -9999, 25, -9999, 31, -9999, 46, -9999, -9999, 3, 70, -9999, -9999, 61, 22, 74, -9999, 4, -9999, 8, 39, 73, 42, 4, 45, 1, 48, 51, 22, -9999, -9999, -9999, 67, -9999, 58, 54, 57, 53, 36, 16, -9999, 23, -9999, 58, 27, -9999, 73, -9999, -9999, -9999, -9999, 83, 42, 1, 1, 1, 1, 1],
[-9999, -9999, -9999, -9999, -9999, -9999, -9999, -9999, 6, 89, -9999, 47, 81, 62, 67, -9999, -9999, 48, 15, -9999, 44, -9999, -9999, 29, -9999, 72, -9999, 84, -9999, 28, -9999, 34, -9999, 85, -9999, 22, -9999, -9999, -9999, -9999, -9999, -9999, 29, -9999, -9999, 86, 19, -9999, -9999, 97, -9999, 9, 88, 99, -9999, 53, 22, 11, 98, -9999, 56, 68, 7, 33, -9999, -9999, 72, 78, 47, 23, -9999, 22, 89, 70, 28, 71, -9999, -9999, -9999, 31, -9999, 63, -9999, 59, 77, -9999, 99, -9999, 98, -9999, -9999, 79, -9999, -9999, -9999, -9999, -9999, -9999, -9999, -9999, 1, 1, 1, 1, 1],
[-9999, -9999, -9999, -9999, -9999, -9999, -9999, -9999, -9999, 7, -9999, -9999, -9999, -9999, -9999, -9999, -9999, -9999, -9999, -9999, -9999, -9999, -9999, -9999, -9999, -9999, -9999, -9999, -9999, -9999, -9999, -9999, -9999, -9999, -9999, -9999, -9999, -9999, -9999, -9999, -9999, -9999, 20, -9999, -9999, -9999, -9999, -9999, -9999, -9999, -9999, 80, -9999, -9999, -9999, -9999, -9999, -9999, 68, -9999, -9999, 14, 37, -9999, -9999, -9999, 77, -9999, 24, -9999, 68, -9999, 1, -9999, 36, -9999, -9999, -9999, -9999, -9999, -9999, -9999, -9999, -9999, -9999, 76, -9999, -9999, -9999, -9999, -9999, -9999, 46, -9999, -9999, -9999, -9999, 79, -9999, -9999, 1, 1, 1, 1, 1],
[-9999, -9999, -9999, -9999, -9999, -9999, -9999, 22, -9999, -9999, -9999, -9999, -9999, -9999, -9999, -9999, -9999, -9999, -9999, 7, -9999, -9999, -9999, -9999, -9999, -9999, -9999, -9999, -9999, -9999, -9999, -9999, -9999, -9999, -9999, -9999, -9999, -9999, -9999, -9999, -9999, -9999, -9999, -9999, -9999, -9999, -9999, -9999, -9999, -9999, -9999, -9999, -9999, -9999, -9999, -9999, -9999, -9999, -9999, -9999, -9999, 82, -9999, -9999, -9999, -9999, -9999, -9999, -9999, 42, -9999, -9999, -9999, 8, -9999, -9999, -9999, -9999, -9999, -9999, -9999, -9999, -9999, -9999, -9999, 56, -9999, -9999, -9999, -9999, -9999, -9999, -9999, -9999, -9999, -9999, -9999, -9999, -9999, -9999, 1, 1, 1, 1, 1],
[-9999, -9999, -9999, -9999, -9999, -9999, -9999, 56, 77, 77, -9999, 94, 27, 60, 36, 28, 100, -9999, -9999, -9999, 81, -9999, -9999, 24, -9999, 70, 88, -9999, -9999, 52, -9999, -9999, -9999, -9999, -9999, 71, -9999, 45, 46, -9999, -9999, -9999, 92, 7, 51, 25, 55, -9999, -9999, 51, -9999, 8, -9999, 87, 14, -9999, -9999, 89, -9999, 64, 4, 49, 100, 79, -9999, 33, 30, 59, 2, 15, 73, 57, 51, 27, 52, 22, -9999, -9999, 15, 82, -9999, 29, -9999, 12, 70, 77, 4, -9999, 16, -9999, 46, -9999, 34, -9999, -9999, -9999, -9999, 76, -9999, 91, 1, 1, 1, 1, 1],
[-9999, -9999, -9999, -9999, -9999, -9999, -9999, -9999, -9999, -9999, 77, -9999, -9999, -9999, -9999, -9999, 73, -9999, -9999, 55, -9999, -9999, -9999, -9999, -9999, -9999, -9999, -9999, -9999, -9999, -9999, -9999, -9999, -9999, -9999, -9999, -9999, -9999, -9999, -9999, -9999, -9999, -9999, -9999, -9999, -9999, 97, -9999, -9999, -9999, -9999, -9999, -9999, -9999, -9999, -9999, -9999, -9999, -9999, -9999, -9999, 63, -9999, -9999, -9999, -9999, -9999, -9999, -9999, -9999, -9999, -9999, -9999, -9999, -9999, -9999, -9999, -9999, -9999, -9999, -9999, -9999, -9999, -9999, -9999, 50, -9999, -9999, -9999, -9999, -9999, -9999, -9999, -9999, -9999, -9999, -9999, -9999, -9999, -9999, 1, 1, 1, 1, 1],
[-9999, -9999, -9999, -9999, -9999, -9999, -9999, -9999, -9999, 3, -9999, -9999, -9999, -9999, -9999, -9999, -9999, -9999, -9999, -9999, -9999, -9999, -9999, 11, -9999, -9999, -9999, -9999, 8, -9999, -9999, 25, -9999, -9999, -9999, -9999, -9999, -9999, -9999, -9999, -9999, -9999, 86, 37, -9999, -9999, -9999, -9999, -9999, -9999, -9999, 80, -9999, -9999, 33, 25, -9999, -9999, -9999, -9999, -9999, 52, 78, -9999, -9999, -9999, 95, -9999, -9999, -9999, -9999, -9999, 96, -9999, 91, -9999, -9999, -9999, -9999, -9999, -9999, -9999, -9999, -9999, -9999, -9999, -9999, -9999, -9999, -9999, -9999, -9999, 76, 18, -9999, -9999, -9999, 56, -9999, -9999, 1, 1, 1, 1, 1],
[-9999, -9999, -9999, -9999, -9999, -9999, -9999, -9999, -9999, -9999, 68, -9999, -9999, -9999, -9999, -9999, -9999, -9999, -9999, 85, -9999, -9999, -9999, -9999, -9999, -9999, -9999, -9999, -9999, -9999, 82, -9999, -9999, -9999, -9999, -9999, -9999, -9999, -9999, -9999, -9999, -9999, -9999, -9999, -9999, -9999, 65, -9999, -9999, -9999, -9999, -9999, -9999, -9999, -9999, -9999, -9999, -9999, -9999, -9999, -9999, 6, -9999, -9999, -9999, -9999, -9999, -9999, -9999, 45, -9999, -9999, -9999, 28, -9999, -9999, -9999, -9999, -9999, -9999, -9999, -9999, -9999, -9999, -9999, 46, -9999, -9999, -9999, -9999, -9999, -9999, -9999, -9999, -9999, -9999, -9999, -9999, -9999, -9999, 1, 1, 1, 1, 1],
[-9999, -9999, -9999, -9999, -9999, -9999, -9999, -9999, 38, 4, -9999, 26, 36, -9999, 41, 50, -9999, 90, -9999, 3, 89, -9999, 74, 78, 43, 34, 4, 60, 23, -9999, -9999, -9999, -9999, 55, 8, -9999, -9999, -9999, -9999, -9999, -9999, -9999, 83, -9999, 41, 89, 12, -9999, -9999, 93, -9999, 49, -9999, -9999, 45, -9999, 87, 24, -9999, 96, -9999, 26, 89, 30, -9999, 20, -9999, -9999, 61, -9999, 73, 51, 50, 40, 94, 4, -9999, 100, 53, 57, -9999, -9999, 64, 76, 70, -9999, -9999, -9999, 79, -9999, 34, 32, -9999, 72, -9999, -9999, -9999, 46, -9999, 47, 1, 1, 1, 1, 1],
[-9999, -9999, -9999, -9999, -9999, -9999, -9999, -9999, -9999, -9999, -9999, -9999, -9999, -9999, -9999, -9999, -9999, -9999, 85, -9999, -9999, -9999, -9999, 70, -9999, -9999, -9999, -9999, 16, -9999, -9999, 86, -9999, -9999, -9999, -9999, -9999, -9999, -9999, -9999, -9999, -9999, -9999, 33, -9999, -9999, -9999, -9999, -9999, -9999, -9999, 19, -9999, -9999, -9999, 36, -9999, -9999, -9999, -9999, -9999, 53, 36, -9999, -9999, -9999, 31, -9999, 70, -9999, 61, -9999, 53, -9999, 21, -9999, -9999, -9999, -9999, -9999, -9999, -9999, -9999, -9999, -9999, -9999, -9999, -9999, -9999, -9999, -9999, -9999, -9999, 54, -9999, -9999, -9999, -9999, -9999, -9999, 1, 1, 1, 1, 1],
[-9999, -9999, -9999, -9999, -9999, -9999, -9999, -9999, -9999, 1, -9999, -9999, -9999, -9999, -9999, -9999, -9999, -9999, -9999, -9999, -9999, -9999, 83, 79, -9999, -9999, -9999, -9999, 36, -9999, -9999, 90, -9999, -9999, -9999, -9999, -9999, -9999, -9999, -9999, -9999, -9999, 18, -9999, -9999, -9999, -9999, -9999, -9999, -9999, -9999, 11, -9999, -9999, 93, 65, -9999, -9999, 92, -9999, -9999, 99, 13, -9999, -9999, -9999, -9999, -9999, 49, -9999, 13, -9999, 95, -9999, 13, -9999, -9999, -9999, -9999, -9999, -9999, -9999, 59, -9999, -9999, 22, -9999, -9999, -9999, -9999, -9999, -9999, 60, 81, -9999, -9999, -9999, 38, -9999, -9999, 1, 1, 1, 1, 1],
[-9999, -9999, -9999, -9999, -9999, -9999, -9999, 17, 15, 96, 48, 8, 45, -9999, -9999, 83, -9999, 14, -9999, 12, 43, -9999, 95, 97, 45, -9999, 87, 88, -9999, 64, 19, -9999, -9999, 43, 71, -9999, -9999, -9999, 84, -9999, -9999, -9999, 13, 81, 61, -9999, 10, -9999, -9999, 88, -9999, -9999, 28, 32, 3, 52, 60, 13, 19, 60, 49, 90, -9999, 68, -9999, -9999, 87, -9999, 11, -9999, 84, 3, 27, -9999, 52, 36, -9999, -9999, 31, 1, -9999, 86, 72, -9999, 27, -9999, 2, -9999, 68, -9999, -9999, -9999, -9999, 66, -9999, 76, -9999, 36, -9999, 98, 1, 1, 1, 1, 1],
[-9999, -9999, -9999, -9999, -9999, 11, 22, -9999, 32, 90, -9999, 96, 64, 73, 22, 46, 43, 60, 60, 98, 96, 12, 83, -9999, -9999, -9999, -9999, -9999, -9999, -9999, -9999, -9999, 73, 59, 25, -9999, -9999, 21, -9999, -9999, 60, -9999, -9999, 91, 13, -9999, 19, -9999, -9999, 38, -9999, 83, 81, 40, 68, -9999, -9999, 67, -9999, 92, -9999, 53, 3, -9999, -9999, -9999, -9999, 70, 91, 17, 29, 27, 60, -9999, 81, 58, 20, -9999, 77, 47, -9999, 84, 10, 20, 24, -9999, 4, -9999, 19, 94, -9999, -9999, -9999, 98, -9999, -9999, -9999, -9999, 19, 14, 1, 1, 1, 1, 1],
[-9999, -9999, -9999, -9999, -9999, -9999, 90, -9999, 13, -9999, -9999, 57, 77, 6, 1, 69, -9999, 43, 19, 9, 51, -9999, 69, 40, -9999, -9999, -9999, -9999, 27, -9999, 76, 82, -9999, 41, 20, 61, -9999, -9999, 15, -9999, -9999, -9999, -9999, -9999, 27, 87, -9999, -9999, -9999, 66, -9999, 10, -9999, 24, 17, 90, -9999, 2, 28, 95, -9999, 8, 44, 55, 77, -9999, 13, 31, 19, -9999, 56, 19, 81, 30, 74, 31, -9999, -9999, 39, 25, -9999, 49, 22, -9999, 78, -9999, 33, -9999, -9999, -9999, -9999, 28, 49, -9999, -9999, 8, -9999, -9999, -9999, 45, 1, 1, 1, 1, 1],
[-9999, -9999, -9999, -9999, -9999, -9999, -9999, 8, 46, -9999, -9999, 80, 51, -9999, 80, -9999, -9999, 74, -9999, -9999, 90, -9999, 51, 75, 54, 8, 75, 42, -9999, -9999, 5, 52, -9999, 39, 3, 86, -9999, -9999, 40, -9999, -9999, -9999, -9999, -9999, 6, 40, 61, -9999, -9999, 97, -9999, 35, -9999, -9999, -9999, 43, 62, 63, -9999, 80, 56, 94, 64, -9999, -9999, -9999, -9999, 94, 47, 79, -9999, 66, 8, 72, -9999, 26, 46, 88, -9999, 1, -9999, 12, 59, 6, 70, -9999, 50, -9999, 95, -9999, -9999, 82, 88, 29, -9999, -9999, -9999, 81, -9999, 75, 1, 1, 1, 1, 1],
[-9999, -9999, -9999, -9999, -9999, -9999, -9999, 10, 88, 93, -9999, 97, 17, -9999, 71, 82, -9999, 20, 6, -9999, 45, -9999, -9999, 15, 47, -9999, -9999, 14, 71, 53, 73, -9999, -9999, 12, 44, 74, -9999, -9999, 69, -9999, -9999, -9999, 1, 51, -9999, 46, -9999, -9999, -9999, 29, -9999, 100, -9999, -9999, -9999, 85, -9999, 62, 51, -9999, 72, 54, 56, -9999, -9999, -9999, -9999, 21, 85, 67, -9999, 25, 93, 9, 97, 78, 61, -9999, -9999, 70, -9999, 66, -9999, -9999, 15, 17, -9999, -9999, 29, -9999, -9999, -9999, 5, 18, -9999, -9999, -9999, 81, 78, -9999, 1, 1, 1, 1, 1],
[-9999, -9999, -9999, -9999, -9999, -9999, -9999, -9999, -9999, 58, -9999, -9999, -9999, -9999, -9999, -9999, -9999, -9999, -9999, -9999, -9999, -9999, -9999, 7, -9999, -9999, -9999, -9999, -9999, -9999, -9999, 22, -9999, -9999, -9999, -9999, -9999, -9999, -9999, -9999, -9999, -9999, 83, 48, -9999, -9999, -9999, 48, -9999, -9999, -9999, 20, -9999, -9999, -9999, 64, -9999, -9999, 36, -9999, -9999, 96, 97, -9999, -9999, -9999, -9999, -9999, -9999, -9999, 51, -9999, 17, -9999, 52, -9999, -9999, -9999, -9999, -9999, -9999, -9999, -9999, -9999, -9999, 52, -9999, -9999, -9999, -9999, -9999, -9999, 33, 56, -9999, -9999, -9999, -9999, -9999, -9999, 1, 1, 1, 1, 1],
[-9999, -9999, -9999, -9999, -9999, -9999, 52, -9999, 52, 64, 12, 94, 83, 80, -9999, 86, 97, 100, 59, 92, 61, -9999, 48, 71, -9999, 82, 8, -9999, -9999, -9999, -9999, -9999, -9999, 22, -9999, -9999, -9999, -9999, -9999, -9999, -9999, -9999, -9999, 25, 22, -9999, -9999, -9999, -9999, 96, -9999, 48, -9999, 3, 84, -9999, 55, 22, -9999, -9999, -9999, 55, 30, -9999, -9999, -9999, 61, 85, 81, 27, -9999, 36, 88, 53, 48, 29, 73, -9999, -9999, 6, -9999, -9999, 52, 20, 23, -9999, -9999, -9999, -9999, -9999, 58, 54, 41, 38, -9999, -9999, -9999, 24, 40, -9999, 1, 1, 1, 1, 1],
[-9999, -9999, -9999, -9999, -9999, -9999, -9999, 42, 36, 25, 20, 68, 47, -9999, -9999, 4, 100, 70, -9999, 3, 49, -9999, 98, -9999, 68, 87, -9999, 1, 27, 21, -9999, -9999, 76, -9999, 41, -9999, -9999, 88, 20, 51, 61, 85, 70, 45, -9999, -9999, -9999, -9999, -9999, 18, -9999, 63, 26, -9999, -9999, -9999, -9999, 4, 54, -9999, -9999, 95, 26, 88, -9999, 19, 3, 11, 86, -9999, -9999, 37, 30, 63, 39, 47, -9999, -9999, 87, 64, -9999, 23, -9999, 35, 73, -9999, 24, -9999, -9999, 14, -9999, 87, 57, 19, 23, -9999, -9999, 25, 8, 42, 1, 1, 1, 1, 1],
[-9999, -9999, -9999, -9999, -9999, -9999, 33, -9999, 41, 35, -9999, 42, 39, -9999, 14, 22, 46, -9999, -9999, -9999, 36, -9999, -9999, 90, 69, 82, 86, 9, -9999, 34, 11, 86, -9999, 48, -9999, 98, -9999, 82, -9999, -9999, -9999, -9999, 69, -9999, -9999, 28, 39, -9999, -9999, 94, -9999, 69, 13, 16, 81, -9999, 81, 64, 55, 77, 50, 76, 56, 78, -9999, -9999, -9999, -9999, 45, -9999, -9999, 29, 92, 26, 51, 13, -9999, 97, 79, 5, 42, 53, 50, -9999, 6, 27, 73, -9999, -9999, -9999, 67, -9999, 54, 83, -9999, -9999, -9999, 78, -9999, 67, 1, 1, 1, 1, 1],
[-9999, -9999, -9999, -9999, -9999, -9999, 75, -9999, 7, 10, 19, 55, 90, -9999, 84, 8, 42, 67, 77, -9999, 43, -9999, 35, 34, 90, 97, -9999, 25, 67, -9999, 10, -9999, -9999, 81, 46, 22, -9999, 65, -9999, -9999, -9999, -9999, -9999, 19, -9999, -9999, -9999, -9999, -9999, -9999, -9999, 86, 83, 30, 44, -9999, -9999, 85, -9999, -9999, 28, 57, 75, 54, -9999, -9999, -9999, 54, -9999, 26, -9999, 48, 3, 72, 42, 1, -9999, -9999, 67, 89, -9999, -9999, 100, -9999, 67, -9999, 48, -9999, -9999, -9999, -9999, -9999, -9999, 76, -9999, -9999, -9999, 36, 93, -9999, 1, 1, 1, 1, 1],
[-9999, -9999, -9999, -9999, -9999, -9999, 21, -9999, 88, -9999, 59, 28, 60, 77, 99, 100, 18, 41, 73, 80, 92, -9999, 26, -9999, 53, -9999, 28, 92, 43, 23, -9999, -9999, -9999, 11, 29, 22, -9999, 56, 9, -9999, -9999, -9999, 84, 19, -9999, -9999, -9999, -9999, -9999, 54, -9999, 11, 55, 36, -9999, 2, 35, 58, 53, 52, 14, 40, 63, -9999, -9999, -9999, 73, -9999, 60, 9, 57, 21, 77, 43, 90, 19, -9999, 26, -9999, 3, -9999, 88, 70, 29, 27, -9999, -9999, -9999, 14, -9999, -9999, 92, 13, 6, -9999, -9999, -9999, 81, -9999, 27, 1, 1, 1, 1, 1],
[-9999, -9999, -9999, -9999, -9999, -9999, -9999, 64, -9999, -9999, 47, -9999, -9999, -9999, -9999, -9999, 91, -9999, -9999, 51, -9999, -9999, -9999, -9999, -9999, -9999, -9999, 88, -9999, -9999, 24, -9999, -9999, -9999, -9999, -9999, -9999, -9999, -9999, -9999, -9999, -9999, -9999, -9999, -9999, -9999, 67, -9999, -9999, -9999, -9999, -9999, -9999, -9999, -9999, -9999, -9999, -9999, -9999, -9999, -9999, 29, -9999, -9999, -9999, -9999, -9999, -9999, -9999, -9999, -9999, -9999, -9999, 37, -9999, -9999, -9999, -9999, -9999, -9999, -9999, -9999, -9999, -9999, -9999, 2, -9999, -9999, -9999, -9999, -9999, -9999, -9999, -9999, -9999, -9999, -9999, -9999, -9999, -9999, 1, 1, 1, 1, 1],
[-9999, -9999, -9999, -9999, -9999, -9999, -9999, 84, 90, -9999, -9999, 10, 87, -9999, 18, -9999, 16, -9999, -9999, 43, 63, -9999, -9999, 74, 29, 52, 14, 50, 78, 46, 90, 67, -9999, 62, -9999, 25, -9999, 88, -9999, -9999, -9999, -9999, 50, -9999, 63, 45, -9999, -9999, -9999, 50, -9999, 32, -9999, -9999, 16, 5, -9999, 10, 80, 43, -9999, 15, 24, 66, -9999, 35, -9999, -9999, 34, 29, 14, 90, 87, -9999, 79, 85, -9999, 51, 74, 22, -9999, 43, -9999, 79, 87, 48, -9999, 57, 34, -9999, -9999, 65, -9999, 33, -9999, -9999, -9999, 34, 59, 73, 1, 1, 1, 1, 1],
[-9999, -9999, -9999, -9999, -9999, -9999, -9999, 26, -9999, -9999, -9999, -9999, -9999, -9999, -9999, -9999, 74, -9999, -9999, 15, -9999, -9999, -9999, -9999, -9999, -9999, -9999, -9999, -9999, -9999, 77, -9999, 72, -9999, -9999, -9999, -9999, -9999, -9999, -9999, -9999, -9999, -9999, -9999, -9999, -9999, -9999, -9999, -9999, -9999, -9999, -9999, -9999, -9999, -9999, -9999, -9999, -9999, -9999, -9999, -9999, 98, -9999, -9999, -9999, -9999, -9999, -9999, -9999, -9999, -9999, -9999, -9999, 60, -9999, -9999, -9999, -9999, -9999, -9999, -9999, -9999, -9999, -9999, -9999, 7, -9999, -9999, -9999, -9999, -9999, -9999, -9999, -9999, -9999, -9999, -9999, -9999, -9999, -9999, 1, 1, 1, 1, 1],
[-9999, -9999, -9999, -9999, -9999, -9999, -9999, -9999, -9999, 29, -9999, -9999, -9999, -9999, -9999, -9999, -9999, -9999, 65, -9999, -9999, -9999, -9999, -9999, -9999, -9999, -9999, -9999, -9999, -9999, -9999, -9999, -9999, -9999, -9999, -9999, -9999, -9999, -9999, -9999, -9999, -9999, -9999, 52, -9999, -9999, -9999, -9999, -9999, -9999, -9999, 24, -9999, -9999, -9999, -9999, -9999, -9999, 21, -9999, -9999, 80, 81, -9999, -9999, -9999, -9999, -9999, -9999, -9999, -9999, -9999, 29, -9999, 18, -9999, -9999, -9999, -9999, -9999, -9999, -9999, -9999, -9999, -9999, -9999, 6, -9999, -9999, -9999, -9999, -9999, 65, 27, -9999, -9999, -9999, -9999, -9999, -9999, 1, 1, 1, 1, 1],
[-9999, -9999, -9999, -9999, -9999, -9999, -9999, -9999, -9999, -9999, -9999, -9999, -9999, -9999, -9999, -9999, -9999, -9999, -9999, -9999, -9999, -9999, -9999, -9999, -9999, -9999, -9999, -9999, -9999, -9999, -9999, -9999, -9999, -9999, -9999, -9999, -9999, -9999, -9999, -9999, -9999, -9999, -9999, -9999, -9999, -9999, -9999, -9999, -9999, -9999, -9999, -9999, -9999, -9999, -9999, -9999, -9999, -9999, -9999, -9999, -9999, 12, -9999, -9999, -9999, -9999, -9999, -9999, -9999, -9999, -9999, -9999, -9999, -9999, -9999, -9999, -9999, -9999, -9999, -9999, -9999, -9999, -9999, -9999, -9999, 13, -9999, -9999, -9999, -9999, -9999, -9999, -9999, -9999, -9999, -9999, -9999, -9999, -9999, -9999, 1, 1, 1, 1, 1],
[-9999, -9999, -9999, -9999, -9999, -9999, -9999, -9999, -9999, 98, -9999, -9999, -9999, -9999, -9999, -9999, -9999, -9999, 73, -9999, -9999, -9999, 94, -9999, -9999, -9999, -9999, -9999, -9999, -9999, -9999, -9999, -9999, -9999, -9999, -9999, -9999, -9999, -9999, -9999, -9999, -9999, -9999, 34, -9999, -9999, -9999, -9999, -9999, -9999, -9999, 12, -9999, -9999, 73, 100, -9999, -9999, 49, -9999, -9999, 77, 19, -9999, -9999, -9999, -9999, -9999, -9999, -9999, -9999, -9999, 28, -9999, 49, -9999, -9999, -9999, -9999, -9999, -9999, -9999, 18, -9999, -9999, 36, 12, 33, -9999, -9999, -9999, -9999, -9999, -9999, -9999, -9999, -9999, -9999, -9999, -9999, 1, 1, 1, 1, 1],
[-9999, -9999, -9999, -9999, -9999, -9999, -9999, -9999, -9999, 29, -9999, -9999, -9999, -9999, -9999, -9999, -9999, -9999, 24, -9999, -9999, -9999, -9999, 36, -9999, -9999, -9999, -9999, 30, -9999, -9999, -9999, -9999, -9999, -9999, -9999, -9999, -9999, -9999, -9999, -9999, -9999, 81, 9, -9999, -9999, -9999, -9999, -9999, -9999, -9999, 91, -9999, -9999, -9999, -9999, -9999, -9999, -9999, -9999, -9999, 87, 86, -9999, -9999, -9999, 79, -9999, -9999, -9999, 42, -9999, -9999, -9999, 93, -9999, -9999, -9999, -9999, -9999, -9999, -9999, -9999, -9999, -9999, -9999, 4, -9999, -9999, -9999, -9999, -9999, -9999, 57, -9999, -9999, -9999, -9999, -9999, -9999, 1, 1, 1, 1, 1],
[-9999, -9999, -9999, -9999, -9999, -9999, -9999, -9999, -9999, -9999, -9999, -9999, -9999, -9999, -9999, -9999, -9999, -9999, 34, -9999, -9999, -9999, -9999, -9999, -9999, -9999, -9999, -9999, 90, -9999, -9999, -9999, -9999, -9999, -9999, -9999, -9999, -9999, -9999, -9999, -9999, -9999, 98, 77, -9999, -9999, -9999, -9999, -9999, -9999, -9999, 98, -9999, -9999, -9999, 87, -9999, -9999, -9999, -9999, -9999, 53, 98, -9999, -9999, -9999, -9999, -9999, -9999, -9999, 93, -9999, 92, -9999, 52, -9999, -9999, -9999, -9999, -9999, -9999, -9999, 100, -9999, -9999, 8, 92, -9999, -9999, -9999, -9999, -9999, -9999, 45, -9999, -9999, -9999, 34, -9999, -9999, 1, 1, 1, 1, 1],
[-9999, -9999, -9999, -9999, -9999, -9999, -9999, -9999, -9999, -9999, -9999, -9999, -9999, -9999, -9999, -9999, -9999, -9999, 6, -9999, -9999, -9999, 98, 7, -9999, -9999, -9999, -9999, -9999, -9999, -9999, -9999, -9999, -9999, -9999, -9999, -9999, -9999, -9999, -9999, -9999, -9999, 64, 42, -9999, -9999, -9999, -9999, -9999, -9999, -9999, 14, -9999, -9999, 95, 32, -9999, -9999, 87, -9999, -9999, 80, 14, -9999, -9999, -9999, -9999, -9999, -9999, -9999, 86, -9999, 28, -9999, 63, -9999, -9999, -9999, -9999, -9999, -9999, -9999, 74, -9999, -9999, 13, 13, -9999, -9999, -9999, -9999, -9999, 46, 19, -9999, -9999, -9999, 89, -9999, -9999, 1, 1, 1, 1, 1],
[-9999, -9999, -9999, -9999, -9999, 20, -9999, 86, 63, 96, 80, 50, 8, -9999, 99, 49, -9999, 7, -9999, -9999, 70, 45, -9999, 95, 25, 4, 84, 100, 69, 82, 6, 48, 10, 70, 89, -9999, -9999, 71, 41, -9999, -9999, -9999, 55, -9999, -9999, -9999, 30, 8, -9999, 70, -9999, 95, -9999, 3, 36, 30, 84, 9, 32, -9999, -9999, 99, 45, -9999, -9999, -9999, -9999, -9999, 46, 43, 65, 68, 35, 54, 87, 29, -9999, 55, 18, 97, -9999, 69, 7, -9999, 6, 43, -9999, -9999, 13, 13, 11, 16, 90, -9999, 5, -9999, -9999, 24, 50, -9999, 1, 1, 1, 1, 1],
[-9999, -9999, -9999, -9999, -9999, -9999, -9999, 71, 74, 10, -9999, 80, 70, -9999, -9999, 82, -9999, 81, 36, 13, 35, -9999, -9999, 31, 60, 19, -9999, -9999, 35, -9999, -9999, 72, -9999, 83, 24, -9999, -9999, -9999, 26, -9999, -9999, -9999, 65, -9999, 35, 70, 62, -9999, -9999, 88, -9999, 37, 83, 60, 91, 21, -9999, 23, -9999, 78, 84, -9999, 45, 94, -9999, 31, 3, 45, 72, -9999, -9999, 93, 92, 75, 87, -9999, -9999, -9999, 27, -9999, -9999, -9999, -9999, -9999, 81, -9999, -9999, -9999, 87, -9999, -9999, 63, 93, 91, -9999, -9999, -9999, 37, -9999, 28, 1, 1, 1, 1, 1],
[-9999, -9999, -9999, -9999, -9999, -9999, 18, -9999, 62, -9999, -9999, 23, 61, -9999, -9999, 21, -9999, 76, -9999, -9999, 9, -9999, -9999, 63, -9999, 94, 74, 72, 22, -9999, 45, -9999, -9999, -9999, -9999, -9999, -9999, -9999, -9999, -9999, -9999, -9999, 60, 58, -9999, -9999, 82, -9999, -9999, 96, -9999, 60, 25, -9999, 88, -9999, 32, 85, 43, -9999, -9999, 37, -9999, -9999, 6, 45, -9999, 2, 80, 21, -9999, 3, 99, -9999, 65, 32, -9999, 79, 11, 90, -9999, -9999, 3, -9999, 86, 4, -9999, -9999, 18, -9999, -9999, -9999, -9999, 36, -9999, -9999, -9999, 76, 97, 92, 1, 1, 1, 1, 1],
[-9999, -9999, -9999, -9999, -9999, 40, 88, -9999, 60, 89, 64, 55, 71, -9999, 54, 99, 52, -9999, 56, -9999, 51, 59, 59, 53, 10, 80, 14, 97, 86, 45, 91, 79, 41, 99, 51, 74, -9999, 92, -9999, 72, 11, -9999, 21, -9999, 37, 57, -9999, 87, -9999, 24, -9999, 72, -9999, 52, 4, 37, 76, 78, 41, 90, -9999, 51, 66, -9999, -9999, 72, 30, 81, -9999, 33, 18, 1, 6, -9999, 68, 25, -9999, -9999, 28, 51, -9999, 31, 66, 51, 6, 54, 95, -9999, -9999, -9999, -9999, -9999, -9999, 89, 30, -9999, 32, -9999, 42, 79, 1, 1, 1, 1, 1],
[-9999, -9999, -9999, -9999, -9999, -9999, -9999, 87, 24, 99, -9999, 21, 40, 42, -9999, 84, 43, 78, 78, 7, 53, -9999, -9999, -9999, -9999, 57, 31, 18, -9999, -9999, -9999, 59, -9999, 71, 18, 75, -9999, -9999, 57, -9999, -9999, -9999, 74, -9999, 92, -9999, 8, -9999, -9999, 69, -9999, 10, 8, -9999, 15, 35, 2, 73, 57, 47, 67, -9999, 19, 15, -9999, -9999, 10, 69, -9999, -9999, 22, 67, 3, -9999, 81, 88, -9999, -9999, 67, 22, -9999, 63, -9999, 3, -9999, -9999, -9999, -9999, -9999, -9999, -9999, 28, 88, 43, -9999, -9999, -9999, 70, 88, 64, 1, 1, 1, 1, 1],
[-9999, -9999, -9999, -9999, -9999, -9999, -9999, -9999, -9999, -9999, -9999, -9999, -9999, -9999, -9999, -9999, -9999, -9999, 33, -9999, -9999, -9999, 79, 26, -9999, -9999, -9999, -9999, -9999, -9999, -9999, 73, -9999, -9999, -9999, -9999, -9999, -9999, -9999, -9999, -9999, -9999, 31, -9999, -9999, -9999, -9999, -9999, -9999, -9999, -9999, 88, -9999, -9999, 58, -9999, -9999, -9999, 100, -9999, -9999, 23, 75, -9999, -9999, -9999, 17, -9999, -9999, -9999, -9999, -9999, 63, -9999, 56, -9999, -9999, -9999, -9999, -9999, -9999, -9999, 10, -9999, -9999, -9999, 62, -9999, -9999, -9999, -9999, -9999, -9999, 85, -9999, -9999, 81, -9999, -9999, -9999, 1, 1, 1, 1, 1],
[-9999, -9999, -9999, -9999, -9999, -9999, -9999, -9999, -9999, 16, -9999, -9999, -9999, -9999, -9999, -9999, -9999, -9999, -9999, -9999, -9999, -9999, 52, -9999, -9999, -9999, -9999, -9999, -9999, -9999, -9999, 81, -9999, -9999, -9999, -9999, -9999, -9999, -9999, -9999, -9999, -9999, -9999, -9999, -9999, -9999, -9999, 58, -9999, -9999, -9999, 60, -9999, -9999, 39, -9999, -9999, -9999, 20, -9999, -9999, 63, 21, -9999, -9999, -9999, -9999, -9999, -9999, -9999, -9999, -9999, 74, -9999, 18, -9999, -9999, -9999, -9999, -9999, -9999, -9999, -9999, -9999, -9999, -9999, 96, -9999, -9999, -9999, -9999, -9999, -9999, 25, -9999, -9999, -9999, 11, -9999, -9999, 1, 1, 1, 1, 1],
[-9999, -9999, -9999, -9999, -9999, -9999, 22, 20, 35, -9999, -9999, 63, 22, -9999, -9999, 71, 92, 36, -9999, -9999, 82, -9999, 23, -9999, -9999, -9999, 27, 92, -9999, 83, 35, 4, -9999, -9999, 18, 72, -9999, -9999, 7, -9999, -9999, -9999, 83, 66, -9999, 76, 52, -9999, -9999, 53, -9999, 26, -9999, -9999, -9999, -9999, -9999, 58, -9999, 92, 33, 90, 21, 67, -9999, -9999, -9999, -9999, 60, 72, 38, 22, 15, -9999, -9999, 40, -9999, 77, -9999, 42, -9999, -9999, 83, 27, 71, 75, -9999, -9999, 69, -9999, -9999, 1, 36, -9999, -9999, 60, -9999, 45, 8, 85, 1, 1, 1, 1, 1],
[-9999, -9999, -9999, -9999, -9999, -9999, 17, 9, 33, 19, 17, 79, 100, 11, 96, -9999, -9999, 91, -9999, 23, 24, -9999, -9999, -9999, -9999, 13, 10, -9999, 33, 49, 72, 16, -9999, 80, 70, 73, -9999, 97, 99, -9999, -9999, -9999, -9999, -9999, -9999, 85, 61, -9999, -9999, 55, -9999, 23, -9999, 81, 52, -9999, 42, 3, 17, -9999, 100, 98, 64, -9999, -9999, 50, 7, 38, -9999, 64, 87, 34, 53, 92, 37, 82, 99, 80, 89, 45, -9999, -9999, 29, 30, 5, -9999, 14, -9999, -9999, -9999, 11, -9999, 97, -9999, -9999, -9999, -9999, -9999, 98, -9999, 1, 1, 1, 1, 1],
[-9999, -9999, -9999, -9999, -9999, -9999, -9999, -9999, -9999, 83, -9999, -9999, -9999, -9999, -9999, -9999, -9999, -9999, 50, -9999, -9999, -9999, -9999, -9999, -9999, -9999, -9999, -9999, 25, -9999, -9999, 56, -9999, -9999, -9999, -9999, -9999, -9999, -9999, -9999, -9999, -9999, -9999, -9999, -9999, -9999, -9999, -9999, -9999, -9999, -9999, 95, -9999, -9999, 73, 86, -9999, -9999, -9999, -9999, -9999, 17, 39, -9999, -9999, -9999, 37, -9999, 82, -9999, 7, -9999, 65, -9999, 93, -9999, -9999, -9999, -9999, -9999, -9999, -9999, -9999, -9999, -9999, -9999, 92, -9999, -9999, -9999, -9999, -9999, -9999, 66, -9999, -9999, 87, 28, -9999, -9999, 1, 1, 1, 1, 1],
[-9999, -9999, -9999, -9999, -9999, -9999, -9999, 24, 14, 95, -9999, 19, 70, 62, -9999, 3, -9999, -9999, -9999, -9999, 73, -9999, 11, 22, 69, 71, -9999, 41, 95, 96, 33, -9999, -9999, -9999, -9999, 75, -9999, 44, -9999, -9999, -9999, -9999, 81, 18, 66, -9999, 63, -9999, -9999, 98, -9999, 71, -9999, 74, -9999, 43, 42, 70, 57, 12, 96, 62, 43, -9999, -9999, 22, -9999, 3, -9999, -9999, -9999, 94, 48, 30, 22, 98, -9999, 82, 42, 94, -9999, 19, 66, 48, 11, 23, -9999, -9999, -9999, -9999, 40, -9999, 78, 43, -9999, -9999, -9999, 98, 90, 13, 1, 1, 1, 1, 1],
[-9999, -9999, -9999, -9999, -9999, -9999, -9999, -9999, -9999, 41, -9999, -9999, -9999, -9999, -9999, -9999, -9999, -9999, 93, -9999, -9999, -9999, 29, -9999, -9999, -9999, -9999, -9999, 2, -9999, -9999, -9999, -9999, -9999, -9999, -9999, -9999, -9999, -9999, -9999, -9999, -9999, -9999, -9999, -9999, -9999, -9999, -9999, -9999, -9999, -9999, 5, -9999, -9999, 10, 63, -9999, -9999, 37, -9999, -9999, 51, 33, -9999, -9999, -9999, -9999, -9999, 13, -9999, -9999, -9999, 58, -9999, 87, -9999, -9999, -9999, -9999, -9999, -9999, -9999, 95, -9999, -9999, -9999, -9999, -9999, -9999, -9999, -9999, -9999, -9999, 50, -9999, -9999, -9999, 100, -9999, -9999, 1, 1, 1, 1, 1],
[-9999, -9999, -9999, -9999, -9999, -9999, 33, -9999, 72, -9999, 10, 52, 11, -9999, -9999, -9999, -9999, -9999, 51, 7, 23, -9999, -9999, 74, 97, 25, 79, -9999, 18, -9999, 72, -9999, -9999, -9999, -9999, 67, -9999, -9999, -9999, -9999, -9999, -9999, -9999, -9999, -9999, 23, -9999, -9999, -9999, 3, -9999, 82, 58, -9999, -9999, -9999, -9999, 39, -9999, 6, 25, 73, 88, 67, -9999, -9999, 26, 16, 93, -9999, -9999, 19, -9999, 3, 21, 48, -9999, 59, -9999, 37, 88, -9999, -9999, 58, 23, 80, -9999, -9999, -9999, -9999, 8, 11, -9999, 19, -9999, 81, -9999, 20, 31, 43, 1, 1, 1, 1, 1],
[-9999, -9999, -9999, -9999, -9999, -9999, 18, -9999, 1, 36, 69, 51, 86, 17, 18, -9999, 50, -9999, 18, 21, 74, 98, 56, -9999, -9999, 35, -9999, 20, 49, 37, 65, 10, 95, 2, -9999, 63, -9999, -9999, -9999, -9999, 99, 61, -9999, 86, 80, 78, -9999, 71, -9999, 54, -9999, 46, 97, 93, -9999, 63, 68, 48, 45, -9999, 35, 3, 99, 23, -9999, 49, 88, -9999, -9999, 57, -9999, 71, 77, -9999, 47, 51, -9999, 19, 66, 12, 70, -9999, 29, 5, 15, 72, 8, -9999, 39, -9999, -9999, -9999, 98, 10, -9999, -9999, -9999, -9999, -9999, -9999, 1, 1, 1, 1, 1],
[-9999, -9999, -9999, -9999, -9999, -9999, 39, -9999, 33, -9999, 11, 9, 58, 47, -9999, 13, -9999, -9999, -9999, -9999, 100, -9999, 34, -9999, -9999, 99, 13, 86, -9999, -9999, 85, 39, -9999, 19, -9999, -9999, -9999, 92, 81, -9999, -9999, -9999, 29, 59, 57, 68, 36, -9999, -9999, 51, -9999, 96, -9999, 41, -9999, -9999, -9999, 11, 94, -9999, 35, 64, 20, 70, -9999, 69, 15, -9999, -9999, 49, 94, 14, 94, 97, -9999, 32, -9999, -9999, 88, 53, -9999, -9999, 36, 27, 28, 2, 4, -9999, 61, -9999, 16, -9999, -9999, -9999, -9999, -9999, -9999, 25, -9999, -9999, 1, 1, 1, 1, 1],
[-9999, -9999, -9999, -9999, -9999, -9999, 71, -9999, 83, 74, -9999, 60, 74, 22, 6, 82, 7, -9999, 17, 67, 20, -9999, 87, 10, -9999, 16, 60, -9999, 58, 86, 51, -9999, -9999, -9999, 57, -9999, -9999, 63, 37, -9999, -9999, -9999, -9999, -9999, -9999, -9999, 48, -9999, -9999, 82, -9999, 94, 15, 15, -9999, 3, 25, 92, 2, -9999, 65, 64, 59, 75, -9999, 43, 37, -9999, 12, 69, 18, 2, 42, 65, 53, -9999, -9999, -9999, 83, 59, -9999, -9999, 60, 92, 72, 99, 42, -9999, -9999, -9999, 94, -9999, -9999, -9999, -9999, -9999, -9999, 23, -9999, -9999, 1, 1, 1, 1, 1],
[-9999, -9999, -9999, -9999, -9999, -9999, -9999, -9999, -9999, 48, -9999, -9999, -9999, -9999, -9999, -9999, -9999, -9999, -9999, -9999, -9999, -9999, -9999, -9999, -9999, -9999, -9999, -9999, -9999, -9999, -9999, -9999, -9999, -9999, -9999, -9999, -9999, -9999, -9999, -9999, -9999, -9999, 46, 69, -9999, -9999, -9999, -9999, -9999, -9999, -9999, 14, -9999, -9999, -9999, -9999, -9999, -9999, -9999, -9999, -9999, 57, 85, -9999, -9999, -9999, 66, -9999, -9999, -9999, 92, -9999, 36, -9999, 85, -9999, -9999, -9999, -9999, -9999, -9999, -9999, 26, -9999, -9999, 69, -9999, -9999, -9999, -9999, -9999, -9999, 89, 63, -9999, -9999, -9999, -9999, -9999, -9999, 1, 1, 1, 1, 1],
[-9999, -9999, -9999, -9999, -9999, -9999, -9999, -9999, -9999, -9999, -9999, -9999, -9999, -9999, -9999, -9999, 11, -9999, -9999, 41, -9999, -9999, -9999, -9999, -9999, -9999, -9999, 91, -9999, -9999, 77, -9999, -9999, -9999, -9999, -9999, -9999, -9999, -9999, -9999, -9999, -9999, -9999, -9999, -9999, -9999, 37, -9999, -9999, -9999, -9999, -9999, -9999, -9999, -9999, -9999, -9999, -9999, -9999, -9999, -9999, 77, -9999, -9999, -9999, -9999, -9999, -9999, -9999, 64, -9999, -9999, -9999, -9999, -9999, -9999, -9999, -9999, -9999, -9999, -9999, -9999, -9999, -9999, -9999, 96, -9999, -9999, -9999, -9999, -9999, -9999, -9999, -9999, -9999, -9999, -9999, -9999, -9999, -9999, 1, 1, 1, 1, 1],
[-9999, -9999, -9999, -9999, -9999, -9999, 89, -9999, 9, -9999, 72, 78, 61, 63, -9999, -9999, 44, 63, -9999, 61, 66, -9999, 8, -9999, 23, 65, -9999, -9999, -9999, -9999, -9999, -9999, -9999, 54, 78, -9999, -9999, 33, -9999, -9999, -9999, -9999, -9999, 98, -9999, -9999, -9999, -9999, -9999, 75, -9999, 87, -9999, -9999, 61, 72, -9999, 59, 1, 90, -9999, 16, 1, -9999, -9999, 76, 31, 78, -9999, 37, -9999, 2, 20, 96, 66, 91, -9999, -9999, -9999, 37, -9999, 29, -9999, 31, 50, -9999, -9999, -9999, -9999, -9999, 93, -9999, 61, 5, -9999, -9999, -9999, -9999, 3, 91, 1, 1, 1, 1, 1],
[-9999, -9999, -9999, -9999, -9999, -9999, -9999, -9999, -9999, -9999, -9999, -9999, -9999, -9999, -9999, -9999, -9999, -9999, 30, -9999, -9999, -9999, 62, 42, -9999, -9999, -9999, -9999, -9999, -9999, -9999, -9999, -9999, -9999, -9999, -9999, -9999, -9999, -9999, -9999, -9999, -9999, 89, 52, -9999, -9999, -9999, -9999, -9999, -9999, -9999, 16, -9999, -9999, 86, -9999, -9999, -9999, 33, -9999, -9999, 4, 28, -9999, -9999, -9999, 95, -9999, 78, -9999, -9999, -9999, 14, -9999, 55, -9999, -9999, -9999, -9999, -9999, -9999, -9999, -9999, -9999, -9999, 78, -9999, -9999, -9999, -9999, -9999, -9999, 45, 79, -9999, -9999, -9999, 54, -9999, -9999, 1, 1, 1, 1, 1],
[-9999, -9999, -9999, -9999, -9999, -9999, -9999, 75, 68, 80, 77, 84, 60, -9999, 44, 57, 11, -9999, 19, 59, 47, -9999, -9999, -9999, 28, -9999, -9999, -9999, -9999, 71, 14, 41, -9999, 91, -9999, -9999, -9999, -9999, -9999, -9999, -9999, -9999, 17, 80, -9999, 59, -9999, -9999, -9999, 48, -9999, 57, 41, 95, 10, 20, -9999, 75, 13, -9999, 14, 21, 23, 1, -9999, -9999, -9999, 63, 44, 30, -9999, 83, 41, -9999, 5, 7, -9999, 45, -9999, 95, -9999, 4, -9999, 2, 16, 100, -9999, -9999, 21, -9999, 46, 79, -9999, 32, -9999, -9999, -9999, 85, 67, -9999, 1, 1, 1, 1, 1],
[-9999, -9999, -9999, -9999, -9999, -9999, -9999, -9999, -9999, -9999, 86, -9999, -9999, -9999, -9999, -9999, 99, -9999, -9999, -9999, -9999, -9999, -9999, -9999, -9999, -9999, -9999, 12, -9999, -9999, -9999, -9999, -9999, -9999, -9999, -9999, -9999, -9999, -9999, -9999, -9999, -9999, -9999, -9999, -9999, -9999, 37, -9999, -9999, -9999, -9999, -9999, -9999, -9999, -9999, -9999, -9999, -9999, -9999, -9999, -9999, 76, -9999, -9999, -9999, -9999, -9999, -9999, -9999, -9999, -9999, -9999, -9999, -9999, -9999, -9999, -9999, -9999, -9999, -9999, -9999, -9999, -9999, -9999, -9999, 69, -9999, -9999, -9999, -9999, -9999, -9999, -9999, -9999, -9999, -9999, -9999, -9999, -9999, -9999, 1, 1, 1, 1, 1],
[-9999, -9999, -9999, -9999, -9999, -9999, 5, 88, 28, 27, 82, 94, 65, 11, 22, 70, -9999, -9999, 21, -9999, 86, -9999, 88, 58, -9999, -9999, 34, 94, 41, -9999, 97, -9999, -9999, 69, 87, 75, -9999, 34, 56, -9999, -9999, -9999, -9999, -9999, -9999, -9999, -9999, -9999, -9999, 18, -9999, 95, 93, 60, 32, -9999, 27, 14, 57, 50, 87, 24, 41, 67, -9999, 42, 72, 20, 66, -9999, 49, 59, 47, -9999, 39, 3, -9999, 5, 49, 33, -9999, 70, -9999, -9999, 13, 37, -9999, 11, 26, -9999, -9999, 81, 43, 44, -9999, -9999, -9999, 42, 81, 84, 1, 1, 1, 1, 1],
[-9999, -9999, -9999, -9999, -9999, -9999, -9999, 28, 23, 70, -9999, -9999, 24, 3, 23, 80, 18, -9999, -9999, 32, 80, -9999, -9999, -9999, -9999, -9999, -9999, -9999, -9999, -9999, -9999, 47, -9999, -9999, 62, 74, -9999, 95, 38, -9999, -9999, -9999, -9999, 92, 19, 26, 86, -9999, -9999, 49, -9999, 28, 34, -9999, 11, -9999, 2, 42, 19, -9999, -9999, 2, 85, 1, -9999, -9999, 16, 67, -9999, 26, -9999, 90, 37, 41, 21, 8, -9999, -9999, 30, 16, -9999, -9999, -9999, -9999, 9, -9999, -9999, -9999, 82, -9999, 39, 57, 83, 15, -9999, -9999, 69, 61, -9999, 11, 1, 1, 1, 1, 1],
[-9999, -9999, -9999, -9999, -9999, -9999, -9999, 50, -9999, -9999, -9999, -9999, -9999, -9999, -9999, -9999, -9999, -9999, -9999, 45, -9999, -9999, -9999, -9999, -9999, -9999, -9999, 54, -9999, -9999, 87, -9999, -9999, -9999, -9999, -9999, -9999, -9999, -9999, -9999, -9999, -9999, -9999, -9999, -9999, -9999, 3, -9999, -9999, -9999, -9999, -9999, -9999, -9999, -9999, -9999, -9999, -9999, -9999, -9999, -9999, -9999, -9999, -9999, -9999, -9999, -9999, -9999, -9999, -9999, -9999, -9999, -9999, 32, -9999, -9999, -9999, -9999, -9999, -9999, -9999, -9999, -9999, -9999, -9999, -9999, -9999, -9999, -9999, -9999, -9999, -9999, -9999, -9999, -9999, -9999, -9999, -9999, -9999, -9999, 1, 1, 1, 1, 1],
[-9999, -9999, -9999, -9999, -9999, -9999, -9999, -9999, -9999, -9999, -9999, -9999, -9999, -9999, -9999, -9999, -9999, -9999, 85, -9999, -9999, -9999, -9999, 1, -9999, -9999, -9999, -9999, -9999, -9999, -9999, -9999, -9999, -9999, -9999, -9999, -9999, -9999, -9999, -9999, -9999, -9999, 64, 99, -9999, -9999, -9999, -9999, -9999, -9999, -9999, 98, -9999, -9999, 49, 70, -9999, -9999, 25, -9999, -9999, 7, 48, -9999, -9999, -9999, 63, -9999, 81, -9999, 40, -9999, 55, -9999, 76, -9999, -9999, -9999, -9999, -9999, -9999, -9999, 96, -9999, -9999, -9999, -9999, 25, -9999, -9999, -9999, -9999, 96, 51, -9999, -9999, -9999, 44, -9999, -9999, 1, 1, 1, 1, 1],
[-9999, -9999, -9999, -9999, -9999, -9999, -9999, -9999, -9999, 22, -9999, -9999, -9999, -9999, -9999, -9999, -9999, -9999, 47, -9999, -9999, -9999, 2, -9999, -9999, -9999, -9999, -9999, 45, -9999, -9999, 61, -9999, -9999, -9999, -9999, -9999, -9999, -9999, -9999, -9999, -9999, -9999, 10, -9999, -9999, -9999, -9999, -9999, -9999, -9999, 42, -9999, -9999, -9999, -9999, -9999, -9999, -9999, -9999, -9999, 47, 67, -9999, -9999, -9999, 34, -9999, -9999, -9999, 95, -9999, 59, -9999, 98, -9999, -9999, -9999, -9999, -9999, -9999, -9999, -9999, -9999, -9999, 27, -9999, -9999, -9999, -9999, -9999, -9999, -9999, 8, -9999, -9999, -9999, 56, -9999, -9999, 1, 1, 1, 1, 1],
[-9999, -9999, -9999, -9999, -9999, -9999, -9999, -9999, 14, 40, -9999, 95, 73, 29, 26, -9999, 61, -9999, 85, 66, 60, -9999, 62, -9999, -9999, 64, -9999, -9999, 93, -9999, 80, 79, -9999, 83, -9999, -9999, -9999, 100, 99, -9999, -9999, -9999, -9999, -9999, -9999, -9999, 96, -9999, -9999, 98, -9999, 41, 87, 24, -9999, 1, -9999, 33, -9999, -9999, -9999, 24, 19, 48, 82, 21, 12, -9999, 12, 7, -9999, 34, 14, 84, 34, 7, -9999, 14, -9999, 55, -9999, -9999, -9999, 42, 97, 13, 16, -9999, 64, -9999, 73, 26, -9999, -9999, -9999, 60, -9999, -9999, 66, 40, 1, 1, 1, 1, 1],
[-9999, -9999, -9999, -9999, -9999, -9999, 81, 14, 81, 51, -9999, 7, 64, -9999, -9999, 64, -9999, 17, -9999, -9999, 84, -9999, -9999, 54, -9999, 50, -9999, 7, 88, 38, 82, 8, -9999, -9999, -9999, 29, -9999, 99, -9999, -9999, -9999, -9999, -9999, -9999, -9999, 56, 65, -9999, -9999, 44, -9999, 41, 19, -9999, -9999, 35, -9999, 83, 14, -9999, 84, 20, 3, -9999, -9999, 73, 91, -9999, 59, -9999, -9999, 98, 52, -9999, 16, 93, -9999, 2, -9999, 45, -9999, -9999, -9999, 19, 70, 10, 7, -9999, -9999, -9999, -9999, -9999, 2, -9999, -9999, -9999, -9999, 41, -9999, 5, 1, 1, 1, 1, 1],
[-9999, -9999, -9999, -9999, -9999, -9999, -9999, 76, -9999, 97, 55, 18, 80, -9999, 26, 16, -9999, 11, 67, 92, 86, -9999, 31, 95, -9999, 38, 62, 86, 47, 59, -9999, 38, -9999, -9999, 67, 75, -9999, 32, 16, -9999, -9999, -9999, 33, 83, 77, 33, 70, -9999, -9999, 56, -9999, 90, 80, 20, 66, 3, -9999, 21, 99, -9999, -9999, 30, 18, 19, -9999, 32, 63, 52, 95, -9999, 77, 4, 73, 33, 20, 12, -9999, 46, 8, 9, -9999, 96, -9999, -9999, 57, -9999, -9999, -9999, 96, -9999, 11, -9999, 53, 41, -9999, -9999, -9999, 4, 49, 50, 1, 1, 1, 1, 1],
[-9999, -9999, -9999, -9999, -9999, -9999, -9999, -9999, 39, 6, 91, 78, 71, 25, 67, 94, -9999, -9999, 91, 96, 53, 62, -9999, 23, -9999, -9999, 36, 12, -9999, 78, -9999, 44, 41, -9999, 28, 30, -9999, -9999, -9999, -9999, -9999, 95, 16, -9999, 32, 93, 47, 13, -9999, 66, -9999, 32, -9999, -9999, 14, 12, 64, 39, -9999, 21, -9999, 4, 20, 21, -9999, 89, 36, 4, -9999, 79, -9999, 36, 66, -9999, 85, 55, -9999, -9999, -9999, 76, -9999, -9999, -9999, -9999, 37, -9999, -9999, -9999, -9999, -9999, -9999, 57, 2, 29, 42, -9999, -9999, 40, 83, 75, 1, 1, 1, 1, 1],
[-9999, -9999, -9999, -9999, -9999, -9999, 37, 51, -9999, -9999, 96, 73, 96, 78, 100, -9999, 34, 22, 25, -9999, 32, -9999, -9999, 6, 23, -9999, -9999, -9999, -9999, 29, -9999, 61, -9999, -9999, -9999, -9999, -9999, 76, 25, -9999, -9999, -9999, 29, -9999, -9999, -9999, 77, -9999, -9999, 15, -9999, 13, 11, 75, 72, 73, 18, 36, 12, 76, 22, 43, 54, -9999, -9999, 21, 8, 47, 99, 7, 27, 18, 32, -9999, -9999, 22, -9999, -9999, 34, 16, -9999, 75, 9, 25, 48, -9999, 99, -9999, 68, -9999, -9999, -9999, 69, 39, -9999, -9999, -9999, -9999, -9999, -9999, 1, 1, 1, 1, 1],
[-9999, -9999, -9999, -9999, -9999, -9999, -9999, -9999, -9999, -9999, -9999, -9999, -9999, -9999, -9999, -9999, -9999, -9999, -9999, -9999, -9999, -9999, -9999, -9999, -9999, -9999, -9999, -9999, -9999, -9999, -9999, -9999, -9999, -9999, -9999, -9999, -9999, -9999, -9999, -9999, -9999, -9999, -9999, -9999, -9999, -9999, -9999, -9999, -9999, -9999, -9999, -9999, -9999, -9999, -9999, -9999, -9999, -9999, -9999, -9999, -9999, 62, -9999, -9999, -9999, -9999, -9999, -9999, -9999, -9999, -9999, -9999, -9999, -9999, -9999, -9999, -9999, -9999, -9999, -9999, -9999, -9999, -9999, -9999, -9999, -9999, -9999, -9999, -9999, -9999, -9999, -9999, -9999, -9999, -9999, -9999, -9999, -9999, -9999, -9999, 1, 1, 1, 1, 1],
[-9999, -9999, -9999, -9999, -9999, -9999, 80, -9999, 64, 91, 88, 21, 44, 42, 79, 56, 84, 10, 19, -9999, 24, -9999, -9999, -9999, 7, 91, -9999, -9999, -9999, -9999, -9999, 23, -9999, -9999, 75, -9999, -9999, 20, 17, -9999, -9999, -9999, -9999, 71, 2, -9999, 1, -9999, -9999, 90, -9999, 33, 29, 64, 52, 96, 80, 51, 23, 72, -9999, 29, 55, -9999, -9999, -9999, 53, 7, 12, 24, -9999, 80, 56, 78, 48, 91, -9999, 11, 53, 7, 32, -9999, -9999, -9999, 68, -9999, 25, -9999, 15, -9999, 27, -9999, -9999, -9999, -9999, -9999, -9999, 8, -9999, 88, 1, 1, 1, 1, 1],
[-9999, -9999, -9999, -9999, -9999, -9999, -9999, -9999, -9999, 16, -9999, -9999, -9999, -9999, -9999, -9999, -9999, -9999, -9999, -9999, -9999, -9999, 68, 20, -9999, -9999, -9999, -9999, -9999, -9999, -9999, 82, -9999, -9999, -9999, -9999, -9999, -9999, -9999, -9999, -9999, -9999, 26, -9999, -9999, -9999, -9999, -9999, -9999, -9999, -9999, 17, -9999, -9999, 56, 44, -9999, -9999, 60, -9999, -9999, 15, 53, -9999, -9999, -9999, -9999, -9999, -9999, -9999, 87, -9999, 89, -9999, 91, -9999, -9999, -9999, -9999, -9999, -9999, -9999, 21, -9999, -9999, -9999, -9999, -9999, -9999, -9999, -9999, -9999, -9999, 76, -9999, -9999, -9999, 26, -9999, -9999, 1, 1, 1, 1, 1],
[-9999, -9999, -9999, -9999, -9999, -9999, -9999, 88, 98, 53, -9999, 77, 8, 22, -9999, -9999, -9999, -9999, 94, -9999, 46, -9999, -9999, -9999, 83, 9, 18, -9999, -9999, 55, -9999, -9999, -9999, 100, 20, 43, -9999, 11, -9999, -9999, -9999, -9999, 36, -9999, 63, 58, 79, -9999, -9999, 11, -9999, 15, -9999, 18, 25, 67, 62, 43, -9999, 48, -9999, 16, 2, 12, -9999, -9999, 24, 2, 24, -9999, -9999, 2, 66, 27, 36, 36, -9999, -9999, -9999, 78, -9999, 5, 27, 86, 16, 38, 77, -9999, 43, -9999, 46, 80, 90, 48, -9999, -9999, -9999, -9999, -9999, 18, 1, 1, 1, 1, 1],
[-9999, -9999, -9999, -9999, -9999, -9999, -9999, 4, 67, 28, 91, -9999, 37, 73, 97, -9999, -9999, -9999, 91, 50, 48, -9999, -9999, 8, 73, -9999, -9999, -9999, -9999, 60, -9999, -9999, -9999, 36, -9999, 4, -9999, 96, 55, -9999, -9999, -9999, -9999, 25, 80, -9999, -9999, -9999, -9999, 6, -9999, 47, 22, 99, -9999, 50, 25, 97, -9999, 99, 42, 46, 87, 62, -9999, -9999, 30, 53, 21, 49, -9999, 8, 66, 92, 45, 55, -9999, -9999, 10, 33, 23, 24, 45, 83, 26, -9999, 65, -9999, 17, -9999, 60, -9999, -9999, 87, -9999, -9999, -9999, -9999, 26, 71, 1, 1, 1, 1, 1],
[-9999, -9999, -9999, -9999, -9999, -9999, 59, 2, 86, 2, 84, 16, 26, -9999, 20, 40, 67, -9999, 43, 51, 30, -9999, 66, -9999, 90, -9999, 29, 38, 23, -9999, -9999, -9999, -9999, -9999, -9999, -9999, -9999, 69, 19, -9999, -9999, -9999, -9999, 100, 67, 6, -9999, -9999, -9999, 88, -9999, 93, -9999, -9999, 49, 31, 69, 5, -9999, 70, -9999, 89, 24, 90, -9999, 10, 3, -9999, 23, 71, 30, 73, 72, -9999, 86, 1, -9999, 96, 63, 3, -9999, 96, 34, 66, 94, 95, 62, -9999, -9999, -9999, -9999, -9999, 2, 33, -9999, -9999, -9999, -9999, 82, 54, 1, 1, 1, 1, 1],
[-9999, -9999, -9999, -9999, -9999, -9999, -9999, -9999, -9999, 4, -9999, -9999, -9999, -9999, -9999, -9999, -9999, -9999, 67, -9999, -9999, -9999, -9999, -9999, -9999, -9999, -9999, -9999, -9999, -9999, -9999, -9999, -9999, -9999, -9999, -9999, -9999, -9999, -9999, -9999, -9999, -9999, 24, -9999, -9999, -9999, -9999, -9999, -9999, -9999, -9999, 11, -9999, -9999, 70, 9, -9999, -9999, 7, -9999, -9999, 35, 3, -9999, -9999, -9999, 23, -9999, -9999, -9999, 95, -9999, 72, -9999, 62, -9999, -9999, -9999, -9999, -9999, -9999, -9999, -9999, -9999, -9999, 58, 92, -9999, -9999, -9999, -9999, -9999, -9999, 52, -9999, -9999, -9999, 32, -9999, -9999, 1, 1, 1, 1, 1],
[-9999, -9999, -9999, -9999, -9999, -9999, -9999, 16, -9999, -9999, 29, -9999, -9999, -9999, -9999, -9999, 96, -9999, -9999, -9999, -9999, -9999, -9999, -9999, -9999, -9999, -9999, -9999, -9999, -9999, -9999, -9999, -9999, -9999, -9999, -9999, -9999, -9999, -9999, -9999, -9999, -9999, -9999, -9999, -9999, -9999, 70, -9999, -9999, -9999, -9999, -9999, -9999, -9999, -9999, -9999, -9999, -9999, -9999, -9999, -9999, 16, -9999, -9999, -9999, -9999, -9999, -9999, -9999, 68, -9999, -9999, -9999, -9999, -9999, -9999, -9999, -9999, -9999, -9999, -9999, -9999, -9999, -9999, -9999, 89, -9999, -9999, -9999, -9999, -9999, -9999, -9999, -9999, -9999, -9999, -9999, -9999, -9999, -9999, 1, 1, 1, 1, 1],
[-9999, -9999, -9999, -9999, -9999, -9999, -9999, -9999, -9999, -9999, -9999, -9999, -9999, -9999, -9999, -9999, -9999, -9999, -9999, -9999, -9999, -9999, -9999, -9999, -9999, -9999, -9999, -9999, -9999, -9999, -9999, -9999, -9999, -9999, -9999, -9999, -9999, -9999, -9999, -9999, -9999, -9999, -9999, -9999, -9999, -9999, -9999, -9999, -9999, -9999, -9999, -9999, -9999, -9999, -9999, -9999, -9999, -9999, -9999, -9999, -9999, -9999, -9999, -9999, -9999, -9999, -9999, -9999, -9999, -9999, -9999, -9999, -9999, -9999, -9999, -9999, -9999, -9999, -9999, -9999, -9999, -9999, -9999, -9999, -9999, -9999, -9999, -9999, -9999, -9999, -9999, -9999, -9999, -9999, -9999, -9999, -9999, -9999, -9999, -9999, -9999, -9999, -9999, -9999, -9999],
[-9999, -9999, -9999, -9999, -9999, -9999, -9999, -9999, -9999, -9999, -9999, -9999, -9999, -9999, -9999, -9999, -9999, -9999, -9999, -9999, -9999, -9999, -9999, -9999, -9999, -9999, -9999, -9999, -9999, -9999, -9999, -9999, -9999, -9999, -9999, -9999, -9999, -9999, -9999, -9999, -9999, -9999, -9999, -9999, -9999, -9999, -9999, -9999, -9999, -9999, -9999, -9999, -9999, -9999, -9999, -9999, -9999, -9999, -9999, -9999, -9999, -9999, -9999, -9999, -9999, -9999, -9999, -9999, -9999, -9999, -9999, -9999, -9999, -9999, -9999, -9999, -9999, -9999, -9999, -9999, -9999, -9999, -9999, -9999, -9999, -9999, -9999, -9999, -9999, -9999, -9999, -9999, -9999, -9999, -9999, -9999, -9999, -9999, -9999, -9999, -9999, -9999, -9999, -9999, -9999],
[-9999, -9999, -9999, -9999, -9999, -9999, -9999, -9999, -9999, -9999, -9999, -9999, -9999, -9999, -9999, -9999, -9999, -9999, -9999, -9999, -9999, -9999, -9999, -9999, -9999, -9999, -9999, -9999, -9999, -9999, -9999, -9999, -9999, -9999, -9999, -9999, -9999, -9999, -9999, -9999, -9999, -9999, -9999, -9999, -9999, -9999, -9999, -9999, -9999, -9999, -9999, -9999, -9999, -9999, -9999, -9999, -9999, -9999, -9999, -9999, -9999, -9999, -9999, -9999, -9999, -9999, -9999, -9999, -9999, -9999, -9999, -9999, -9999, -9999, -9999, -9999, -9999, -9999, -9999, -9999, -9999, -9999, -9999, -9999, -9999, -9999, -9999, -9999, -9999, -9999, -9999, -9999, -9999, -9999, -9999, -9999, -9999, -9999, -9999, -9999, -9999, -9999, -9999, -9999, -9999],
[-9999, -9999, -9999, -9999, -9999, -9999, -9999, -9999, -9999, -9999, -9999, -9999, -9999, -9999, -9999, -9999, -9999, -9999, -9999, -9999, -9999, -9999, -9999, -9999, -9999, -9999, -9999, -9999, -9999, -9999, -9999, -9999, -9999, -9999, -9999, -9999, -9999, -9999, -9999, -9999, -9999, -9999, -9999, -9999, -9999, -9999, -9999, -9999, -9999, -9999, -9999, -9999, -9999, -9999, -9999, -9999, -9999, -9999, -9999, -9999, -9999, -9999, -9999, -9999, -9999, -9999, -9999, -9999, -9999, -9999, -9999, -9999, -9999, -9999, -9999, -9999, -9999, -9999, -9999, -9999, -9999, -9999, -9999, -9999, -9999, -9999, -9999, -9999, -9999, -9999, -9999, -9999, -9999, -9999, -9999, -9999, -9999, -9999, -9999, -9999, -9999, -9999, -9999, -9999, -9999],
[-9999, -9999, -9999, -9999, -9999, -9999, -9999, -9999, -9999, -9999, -9999, -9999, -9999, -9999, -9999, -9999, -9999, -9999, -9999, -9999, -9999, -9999, -9999, -9999, -9999, -9999, -9999, -9999, -9999, -9999, -9999, -9999, -9999, -9999, -9999, -9999, -9999, -9999, -9999, -9999, -9999, -9999, -9999, -9999, -9999, -9999, -9999, -9999, -9999, -9999, -9999, -9999, -9999, -9999, -9999, -9999, -9999, -9999, -9999, -9999, -9999, -9999, -9999, -9999, -9999, -9999, -9999, -9999, -9999, -9999, -9999, -9999, -9999, -9999, -9999, -9999, -9999, -9999, -9999, -9999, -9999, -9999, -9999, -9999, -9999, -9999, -9999, -9999, -9999, -9999, -9999, -9999, -9999, -9999, -9999, -9999, -9999, -9999, -9999, -9999, -9999, -9999, -9999, -9999, -9999]
];
