NbNodes = 105;
NbNDDs = 5;
NbPairs = 95;
NbTerminals = 5;
K = 0;
L = 97;
Wt = [
[-9999, -9999, -9999, -9999, -9999, 99, -9999, 97, 20, 56, -9999, -9999, -9999, -9999, 4, 57, -9999, -9999, 86, 75, -9999, 6, -9999, 44, -9999, -9999, -9999, -9999, 56, -9999, 46, 84, -9999, 96, 15, -9999, 4, -9999, -9999, 95, -9999, 70, -9999, -9999, 49, -9999, -9999, -9999, -9999, 67, -9999, 5, 39, -9999, 37, 77, -9999, -9999, -9999, 1, -9999, -9999, 79, 7, 12, -9999, -9999, -9999, 91, -9999, 64, -9999, -9999, 32, -9999, 14, -9999, -9999, -9999, -9999, 100, 94, 52, 48, 57, -9999, -9999, -9999, -9999, -9999, -9999, 35, -9999, 30, 39, -9999, -9999, -9999, 2, 42, 1, 1, 1, 1, 1],
[-9999, -9999, -9999, -9999, -9999, -9999, -9999, -9999, 98, 55, -9999, -9999, -9999, -9999, 11, 41, -9999, -9999, 60, 15, -9999, 45, -9999, 85, -9999, -9999, -9999, -9999, -9999, -9999, -9999, 86, -9999, 18, -9999, 55, 27, -9999, -9999, -9999, -9999, 7, -9999, -9999, -9999, -9999, 92, 70, -9999, 70, -9999, -9999, 57, -9999, 36, 93, -9999, -9999, -9999, 86, 2, 20, 7, 79, -9999, 79, -9999, -9999, -9999, -9999, 14, -9999, -9999, 94, 13, -9999, -9999, 84, -9999, -9999, 80, -9999, -9999, 84, -9999, -9999, 67, 97, 66, -9999, -9999, -9999, -9999, 61, 100, -9999, -9999, 60, -9999, 3, 1, 1, 1, 1, 1],
[-9999, -9999, -9999, -9999, -9999, -9999, -9999, 40, -9999, 83, -9999, -9999, -9999, 99, 4, -9999, -9999, -9999, 73, 71, -9999, 44, -9999, 51, 29, -9999, 7, -9999, -9999, -9999, 47, 31, -9999, 16, 90, 2, 16, -9999, -9999, -9999, 4, -9999, 84, -9999, 72, 43, -9999, 57, 63, 52, -9999, 49, 93, 86, 78, -9999, -9999, -9999, -9999, 68, 23, 92, 98, 32, -9999, 11, -9999, 67, -9999, 9, 100, -9999, -9999, 7, -9999, 49, -9999, -9999, 69, 40, -9999, 92, 89, -9999, 1, -9999, 47, -9999, -9999, 39, -9999, -9999, -9999, 15, -9999, -9999, 49, 89, -9999, 2, 1, 1, 1, 1, 1],
[-9999, -9999, -9999, -9999, -9999, -9999, -9999, 37, 89, 83, 90, 67, 33, -9999, -9999, -9999, -9999, -9999, 34, 73, 42, 35, -9999, 75, 5, -9999, -9999, -9999, -9999, -9999, 20, 29, 75, 48, -9999, -9999, -9999, 29, -9999, -9999, 24, -9999, -9999, -9999, -9999, 53, -9999, 31, 21, 38, 15, 41, 79, -9999, -9999, -9999, -9999, 78, -9999, 66, 1, 40, 85, 96, -9999, 89, -9999, -9999, -9999, -9999, 75, -9999, 80, 87, -9999, 49, -9999, -9999, -9999, 3, 80, -9999, 33, 98, -9999, -9999, 53, 100, -9999, -9999, -9999, -9999, 22, 20, 66, -9999, 3, 37, -9999, 29, 1, 1, 1, 1, 1],
[-9999, -9999, -9999, -9999, -9999, -9999, -9999, 98, -9999, 78, -9999, -9999, -9999, -9999, -9999, -9999, -9999, -9999, -9999, -9999, -9999, -9999, -9999, -9999, -9999, -9999, 45, -9999, -9999, -9999, 90, -9999, -9999, -9999, -9999, -9999, 4, -9999, -9999, -9999, -9999, -9999, -9999, -9999, 14, -9999, -9999, 81, -9999, 27, -9999, -9999, -9999, -9999, -9999, -9999, -9999, -9999, -9999, -9999, 43, -9999, 3, 76, -9999, 41, -9999, -9999, -9999, -9999, 23, -9999, -9999, -9999, -9999, 84, -9999, -9999, -9999, 88, -9999, -9999, 81, 17, -9999, -9999, -9999, -9999, -9999, 64, -9999, 95, -9999, -9999, 76, -9999, -9999, -9999, 29, -9999, 1, 1, 1, 1, 1],
[-9999, -9999, -9999, -9999, -9999, -9999, -9999, -9999, -9999, -9999, -9999, -9999, -9999, -9999, 67, -9999, -9999, -9999, 57, -9999, -9999, -9999, -9999, -9999, -9999, -9999, -9999, -9999, -9999, -9999, -9999, -9999, -9999, -9999, -9999, -9999, -9999, -9999, -9999, -9999, -9999, -9999, -9999, -9999, 43, -9999, -9999, -9999, -9999, -9999, -9999, -9999, -9999, -9999, -9999, -9999, 71, -9999, 13, -9999, -9999, 78, 71, -9999, -9999, -9999, -9999, -9999, 12, -9999, -9999, -9999, -9999, -9999, -9999, -9999, -9999, -9999, -9999, -9999, -9999, 8, -9999, -9999, -9999, -9999, -9999, -9999, -9999, -9999, -9999, -9999, -9999, -9999, -9999, -9999, -9999, -9999, -9999, -9999, 1, 1, 1, 1, 1],
[-9999, -9999, -9999, -9999, -9999, -9999, -9999, -9999, -9999, -9999, -9999, -9999, -9999, -9999, 58, -9999, -9999, -9999, 79, -9999, -9999, -9999, -9999, -9999, -9999, -9999, -9999, -9999, -9999, -9999, -9999, -9999, -9999, -9999, -9999, -9999, -9999, -9999, -9999, -9999, -9999, -9999, -9999, -9999, -9999, -9999, -9999, -9999, -9999, -9999, -9999, -9999, -9999, -9999, -9999, -9999, -9999, -9999, -9999, -9999, -9999, -9999, 99, -9999, -9999, -9999, -9999, -9999, 58, -9999, 65, -9999, 46, -9999, -9999, -9999, -9999, -9999, -9999, -9999, -9999, -9999, -9999, -9999, -9999, -9999, 1, -9999, -9999, -9999, -9999, -9999, -9999, -9999, -9999, -9999, -9999, -9999, -9999, -9999, 1, 1, 1, 1, 1],
[-9999, -9999, -9999, -9999, -9999, -9999, -9999, -9999, -9999, -9999, -9999, -9999, -9999, 53, 90, -9999, -9999, -9999, 83, -9999, -9999, 66, -9999, 34, 54, -9999, -9999, -9999, -9999, -9999, 27, 97, -9999, 25, -9999, -9999, 77, -9999, -9999, -9999, -9999, -9999, 25, -9999, -9999, 68, -9999, 25, 79, 12, -9999, -9999, 34, -9999, -9999, -9999, 19, -9999, 22, -9999, -9999, -9999, 70, 48, -9999, -9999, -9999, -9999, -9999, 15, -9999, -9999, 16, -9999, -9999, -9999, 31, 25, 17, 56, 29, -9999, -9999, -9999, 13, -9999, 93, 77, -9999, -9999, 79, -9999, -9999, 38, 58, -9999, 71, -9999, -9999, -9999, 1, 1, 1, 1, 1],
[-9999, -9999, -9999, -9999, -9999, 58, -9999, 22, -9999, 9, -9999, -9999, -9999, -9999, -9999, -9999, -9999, -9999, -9999, -9999, -9999, -9999, -9999, -9999, 79, -9999, 99, -9999, -9999, -9999, -9999, 17, -9999, -9999, -9999, -9999, 51, -9999, -9999, -9999, -9999, -9999, 35, -9999, 16, -9999, 93, -9999, -9999, 63, -9999, -9999, -9999, -9999, -9999, 82, -9999, -9999, -9999, -9999, -9999, -9999, 13, 82, -9999, 13, -9999, -9999, -9999, -9999, 75, -9999, -9999, -9999, -9999, -9999, -9999, -9999, -9999, 61, -9999, -9999, 16, -9999, -9999, -9999, -9999, 17, -9999, 90, -9999, -9999, -9999, 14, 53, -9999, -9999, -9999, -9999, -9999, 1, 1, 1, 1, 1],
[-9999, -9999, -9999, -9999, -9999, -9999, -9999, -9999, -9999, -9999, -9999, -9999, -9999, -9999, -9999, -9999, -9999, 57, -9999, -9999, -9999, -9999, -9999, -9999, 88, -9999, 44, -9999, -9999, -9999, 36, 13, -9999, -9999, -9999, -9999, 80, -9999, -9999, -9999, -9999, -9999, 73, -9999, 34, -9999, 99, 50, -9999, 73, -9999, -9999, -9999, -9999, -9999, 90, -9999, -9999, -9999, -9999, 57, -9999, 16, 63, -9999, 19, -9999, -9999, -9999, -9999, 57, -9999, -9999, -9999, -9999, 32, -9999, -9999, -9999, -9999, -9999, -9999, -9999, 93, -9999, -9999, -9999, -9999, -9999, 27, -9999, 57, -9999, -9999, 60, -9999, -9999, -9999, 15, -9999, 1, 1, 1, 1, 1],
[-9999, -9999, -9999, -9999, -9999, -9999, -9999, -9999, -9999, -9999, -9999, -9999, -9999, -9999, 85, -9999, -9999, -9999, 87, -9999, -9999, -9999, -9999, -9999, -9999, -9999, -9999, -9999, -9999, -9999, -9999, -9999, -9999, -9999, -9999, -9999, -9999, -9999, -9999, -9999, -9999, -9999, -9999, -9999, 51, -9999, -9999, -9999, -9999, -9999, -9999, -9999, -9999, -9999, -9999, -9999, -9999, -9999, 59, -9999, -9999, 57, 52, -9999, -9999, -9999, -9999, -9999, -9999, -9999, 72, -9999, -9999, -9999, 43, -9999, -9999, -9999, -9999, -9999, -9999, -9999, -9999, -9999, -9999, -9999, 25, -9999, -9999, -9999, -9999, -9999, -9999, -9999, -9999, -9999, -9999, -9999, -9999, -9999, 1, 1, 1, 1, 1],
[-9999, -9999, -9999, -9999, -9999, 62, -9999, 13, -9999, -9999, -9999, -9999, -9999, -9999, -9999, -9999, -9999, -9999, -9999, -9999, -9999, -9999, -9999, -9999, -9999, -9999, -9999, -9999, -9999, -9999, -9999, 29, -9999, -9999, -9999, -9999, 27, -9999, -9999, -9999, -9999, -9999, -9999, -9999, 81, -9999, -9999, 94, -9999, 62, -9999, -9999, -9999, -9999, -9999, 40, -9999, -9999, -9999, -9999, 31, -9999, 58, 35, -9999, 50, -9999, -9999, -9999, -9999, 5, -9999, -9999, -9999, 52, 92, -9999, -9999, -9999, -9999, -9999, -9999, -9999, -9999, -9999, -9999, -9999, 38, -9999, 54, -9999, 47, -9999, -9999, 34, -9999, -9999, -9999, -9999, -9999, 1, 1, 1, 1, 1],
[-9999, -9999, -9999, -9999, -9999, -9999, -9999, 78, 91, 72, -9999, -9999, -9999, -9999, 48, -9999, -9999, -9999, 93, 71, -9999, 3, -9999, 33, -9999, -9999, -9999, -9999, -9999, -9999, 39, -9999, -9999, 76, 58, 40, 97, -9999, 85, -9999, -9999, 93, -9999, -9999, 23, 2, 94, 75, 25, 13, -9999, 17, 38, 72, 74, 53, -9999, -9999, -9999, 28, -9999, -9999, 84, 29, -9999, 2, -9999, 29, -9999, -9999, 82, -9999, 7, 92, 81, 15, 65, 51, 5, 69, 95, 26, 7, -9999, -9999, -9999, 12, 94, 82, 59, 9, -9999, -9999, -9999, 63, -9999, 40, 67, -9999, -9999, 1, 1, 1, 1, 1],
[-9999, -9999, -9999, -9999, -9999, -9999, -9999, -9999, -9999, -9999, -9999, -9999, -9999, -9999, 95, -9999, -9999, -9999, 80, 72, -9999, 19, -9999, 63, 9, -9999, -9999, -9999, -9999, -9999, -9999, 15, -9999, 58, 42, 53, 76, -9999, 44, -9999, -9999, -9999, -9999, -9999, 49, 36, 36, -9999, -9999, 65, -9999, -9999, 92, -9999, -9999, 56, -9999, -9999, 24, 21, 75, 85, 27, 1, -9999, 14, -9999, 48, 46, -9999, -9999, -9999, -9999, -9999, -9999, -9999, -9999, 96, 93, -9999, 35, 55, 66, 27, 20, -9999, 42, 67, -9999, 52, 24, -9999, -9999, -9999, 22, -9999, -9999, -9999, -9999, -9999, 1, 1, 1, 1, 1],
[-9999, -9999, -9999, -9999, -9999, -9999, -9999, 16, 12, 19, -9999, -9999, -9999, -9999, -9999, 47, -9999, -9999, 55, -9999, -9999, 15, -9999, 2, 74, -9999, -9999, -9999, -9999, -9999, 49, 84, -9999, 26, 53, 95, 28, -9999, 48, -9999, -9999, 92, 13, -9999, 88, 10, 86, -9999, 31, 50, -9999, 74, -9999, -9999, -9999, 83, -9999, -9999, 43, -9999, 25, -9999, 68, 43, -9999, -9999, -9999, -9999, 60, 57, 71, -9999, 82, -9999, -9999, 69, 30, 68, -9999, -9999, 50, -9999, -9999, -9999, 57, -9999, 88, -9999, -9999, 76, 11, 89, -9999, -9999, 35, -9999, -9999, -9999, -9999, -9999, 1, 1, 1, 1, 1],
[-9999, -9999, -9999, -9999, -9999, -9999, 50, -9999, 63, 62, -9999, -9999, -9999, -9999, 8, -9999, -9999, -9999, 22, -9999, -9999, 78, -9999, 20, -9999, -9999, 97, -9999, 56, -9999, 63, -9999, -9999, 45, -9999, 15, 39, -9999, -9999, -9999, -9999, -9999, -9999, -9999, -9999, 1, 30, -9999, 12, 40, -9999, 72, 84, -9999, 66, 7, 1, -9999, -9999, 10, 67, -9999, 22, 53, -9999, -9999, -9999, 59, -9999, -9999, 76, -9999, 39, -9999, -9999, 17, -9999, 12, 68, 60, -9999, 1, 94, -9999, -9999, -9999, 63, 10, -9999, 14, 72, 81, -9999, -9999, 13, -9999, 63, 95, -9999, 89, 1, 1, 1, 1, 1],
[-9999, -9999, -9999, -9999, -9999, 68, -9999, 97, -9999, 28, -9999, -9999, -9999, -9999, -9999, -9999, -9999, -9999, -9999, -9999, -9999, -9999, -9999, -9999, -9999, -9999, -9999, -9999, -9999, -9999, 14, 80, -9999, -9999, -9999, -9999, 77, -9999, -9999, -9999, -9999, -9999, -9999, -9999, 88, -9999, 37, 71, -9999, 50, -9999, -9999, -9999, -9999, -9999, 81, -9999, -9999, -9999, -9999, 70, -9999, 11, 28, 19, 62, -9999, -9999, -9999, 35, 23, -9999, -9999, -9999, -9999, 49, -9999, -9999, -9999, 41, -9999, -9999, 83, 26, -9999, -9999, -9999, 39, -9999, 29, -9999, 99, -9999, 31, 6, -9999, -9999, -9999, -9999, -9999, 1, 1, 1, 1, 1],
[-9999, -9999, -9999, -9999, -9999, -9999, -9999, -9999, -9999, -9999, -9999, -9999, -9999, -9999, 100, -9999, -9999, -9999, 82, -9999, -9999, -9999, -9999, -9999, -9999, -9999, -9999, -9999, -9999, -9999, -9999, -9999, -9999, -9999, -9999, -9999, -9999, -9999, -9999, -9999, -9999, -9999, -9999, -9999, 82, -9999, -9999, -9999, -9999, -9999, -9999, -9999, -9999, -9999, -9999, -9999, -9999, -9999, 58, -9999, -9999, 76, 36, -9999, -9999, -9999, -9999, -9999, -9999, -9999, 36, -9999, -9999, -9999, -9999, -9999, -9999, -9999, -9999, -9999, -9999, 31, -9999, -9999, -9999, -9999, 79, -9999, -9999, -9999, -9999, -9999, -9999, -9999, -9999, -9999, -9999, -9999, -9999, -9999, 1, 1, 1, 1, 1],
[-9999, -9999, -9999, -9999, -9999, 84, -9999, 52, 1, 47, -9999, -9999, -9999, -9999, 88, -9999, -9999, -9999, -9999, 90, -9999, 28, -9999, 66, 28, -9999, 81, -9999, -9999, -9999, 62, -9999, 57, 8, 6, -9999, 37, -9999, 38, 16, -9999, -9999, 84, -9999, -9999, 5, -9999, -9999, -9999, 57, -9999, -9999, 22, -9999, 84, 57, -9999, -9999, 13, -9999, 28, 89, 34, 37, -9999, -9999, -9999, 62, -9999, -9999, -9999, -9999, -9999, -9999, -9999, 15, 58, -9999, -9999, 35, 9, 57, -9999, 92, 89, -9999, 49, 95, -9999, 95, -9999, 68, -9999, 71, 91, -9999, -9999, -9999, -9999, -9999, 1, 1, 1, 1, 1],
[-9999, -9999, -9999, -9999, -9999, -9999, -9999, -9999, -9999, -9999, 41, -9999, -9999, -9999, -9999, -9999, -9999, -9999, -9999, -9999, -9999, -9999, -9999, -9999, 7, -9999, -9999, -9999, -9999, -9999, -9999, 97, -9999, -9999, -9999, -9999, 89, -9999, -9999, -9999, -9999, -9999, -9999, -9999, -9999, -9999, 65, 100, -9999, 3, -9999, -9999, -9999, -9999, -9999, -9999, -9999, -9999, -9999, -9999, -9999, -9999, 8, 64, -9999, -9999, -9999, -9999, -9999, -9999, 72, -9999, -9999, -9999, -9999, 52, -9999, -9999, -9999, 45, -9999, -9999, 15, 38, -9999, -9999, -9999, 62, -9999, -9999, -9999, -9999, -9999, -9999, 23, -9999, -9999, -9999, -9999, -9999, 1, 1, 1, 1, 1],
[-9999, -9999, -9999, -9999, -9999, 51, -9999, 87, 16, 8, -9999, -9999, 7, -9999, 42, 71, 42, -9999, 68, -9999, -9999, 28, 25, 1, 80, -9999, -9999, -9999, -9999, -9999, -9999, -9999, -9999, 8, 3, 76, 54, -9999, 25, -9999, -9999, 88, 78, -9999, 94, -9999, -9999, 48, 6, 84, 16, -9999, -9999, 86, 58, 15, -9999, 20, -9999, 10, -9999, -9999, 50, 29, -9999, 7, -9999, 88, 55, -9999, -9999, -9999, 38, 48, 56, 72, 67, 55, 75, 22, -9999, -9999, 39, -9999, -9999, 45, 43, 81, 39, 84, -9999, -9999, 77, 58, 11, 48, -9999, 89, -9999, 13, 1, 1, 1, 1, 1],
[-9999, -9999, -9999, -9999, -9999, 7, -9999, -9999, 60, -9999, -9999, -9999, -9999, 97, 49, -9999, -9999, -9999, 39, 81, -9999, -9999, -9999, 38, 72, -9999, -9999, -9999, -9999, -9999, -9999, -9999, 38, 61, -9999, -9999, 82, -9999, -9999, -9999, -9999, 35, 84, -9999, 99, -9999, 93, -9999, 98, 21, -9999, 56, -9999, 23, -9999, 56, -9999, -9999, -9999, 1, -9999, 62, 55, 75, -9999, -9999, -9999, 45, 8, -9999, -9999, -9999, 51, 37, -9999, 35, 99, 69, -9999, 66, 73, 84, 4, -9999, 11, -9999, 63, 4, -9999, -9999, 9, 9, -9999, -9999, 72, -9999, 2, 37, -9999, -9999, 1, 1, 1, 1, 1],
[-9999, -9999, -9999, -9999, -9999, -9999, 63, 67, 93, -9999, -9999, -9999, -9999, 65, 67, -9999, -9999, -9999, 72, 33, -9999, 12, -9999, 75, 90, -9999, 63, 82, -9999, -9999, -9999, -9999, -9999, 61, -9999, 48, 61, -9999, 7, 68, -9999, -9999, 25, -9999, 40, 93, 86, 90, 10, 28, -9999, -9999, 19, -9999, -9999, -9999, -9999, -9999, 92, -9999, -9999, 77, 60, 28, -9999, 63, -9999, 64, -9999, -9999, 44, -9999, 24, -9999, -9999, -9999, 19, -9999, 29, 91, 85, 56, 59, -9999, 22, -9999, -9999, -9999, 35, 65, 34, -9999, -9999, 56, 29, -9999, 37, -9999, -9999, 41, 1, 1, 1, 1, 1],
[-9999, -9999, -9999, -9999, -9999, -9999, -9999, -9999, -9999, -9999, -9999, -9999, -9999, -9999, 5, -9999, -9999, -9999, 28, -9999, -9999, -9999, -9999, -9999, -9999, -9999, -9999, -9999, -9999, -9999, -9999, -9999, -9999, -9999, -9999, -9999, -9999, -9999, -9999, -9999, -9999, -9999, -9999, -9999, -9999, -9999, -9999, -9999, -9999, -9999, -9999, -9999, -9999, -9999, -9999, -9999, 10, -9999, -9999, -9999, -9999, -9999, -9999, -9999, -9999, -9999, -9999, -9999, -9999, -9999, -9999, -9999, 2, -9999, -9999, -9999, -9999, -9999, -9999, -9999, -9999, 60, -9999, -9999, -9999, -9999, 42, -9999, -9999, -9999, -9999, -9999, -9999, -9999, -9999, -9999, -9999, -9999, -9999, -9999, 1, 1, 1, 1, 1],
[-9999, -9999, -9999, -9999, -9999, -9999, -9999, 84, -9999, 6, -9999, -9999, -9999, -9999, -9999, -9999, -9999, -9999, -9999, -9999, -9999, -9999, -9999, -9999, -9999, -9999, 65, -9999, -9999, -9999, 22, 57, -9999, -9999, -9999, -9999, 50, -9999, -9999, -9999, -9999, -9999, -9999, -9999, -9999, -9999, 89, 71, -9999, 76, -9999, -9999, -9999, -9999, -9999, 5, -9999, -9999, -9999, -9999, 83, -9999, 77, 99, -9999, -9999, -9999, -9999, -9999, -9999, 5, -9999, -9999, -9999, -9999, -9999, -9999, -9999, -9999, -9999, -9999, -9999, -9999, 100, -9999, -9999, -9999, 24, -9999, 29, -9999, 46, -9999, -9999, 70, -9999, -9999, -9999, -9999, -9999, 1, 1, 1, 1, 1],
[-9999, -9999, -9999, -9999, -9999, -9999, -9999, 64, -9999, 40, -9999, -9999, -9999, -9999, -9999, -9999, -9999, 15, -9999, -9999, -9999, -9999, -9999, -9999, -9999, -9999, -9999, -9999, -9999, -9999, -9999, 94, -9999, -9999, -9999, -9999, 70, -9999, -9999, -9999, -9999, -9999, 37, -9999, 49, -9999, -9999, -9999, -9999, 99, -9999, -9999, -9999, -9999, -9999, 46, -9999, -9999, -9999, -9999, 13, -9999, 64, 87, -9999, 24, -9999, -9999, -9999, -9999, -9999, -9999, -9999, -9999, -9999, -9999, -9999, -9999, -9999, 72, -9999, -9999, 3, 8, -9999, -9999, -9999, -9999, -9999, 100, -9999, 11, -9999, -9999, 21, -9999, -9999, -9999, -9999, -9999, 1, 1, 1, 1, 1],
[-9999, -9999, -9999, -9999, -9999, -9999, -9999, 46, 81, 100, -9999, -9999, -9999, 30, -9999, 65, -9999, -9999, 93, 40, -9999, 49, -9999, 70, -9999, -9999, -9999, -9999, -9999, -9999, 8, 23, -9999, 45, -9999, 39, 91, -9999, -9999, 92, -9999, 88, 59, -9999, 95, 14, -9999, 67, -9999, 31, -9999, 43, 83, 91, 9, 15, -9999, -9999, 40, -9999, -9999, 7, 35, 33, -9999, 55, -9999, -9999, -9999, -9999, -9999, -9999, 9, -9999, -9999, 11, 32, -9999, 30, 51, 64, 93, 37, -9999, 85, -9999, 84, 65, 60, 15, 11, -9999, -9999, 65, 91, -9999, 6, 17, -9999, -9999, 1, 1, 1, 1, 1],
[-9999, -9999, -9999, -9999, -9999, -9999, -9999, 72, -9999, 83, -9999, -9999, -9999, 7, 68, 64, -9999, -9999, 61, 22, -9999, 53, -9999, 49, 32, -9999, 23, -9999, -9999, -9999, 20, 73, -9999, 20, 83, -9999, 84, -9999, 40, -9999, -9999, 100, 4, -9999, 47, 54, -9999, 84, 40, 99, -9999, -9999, 5, 58, 10, 85, -9999, -9999, 14, -9999, 47, 65, 39, 16, -9999, -9999, -9999, 79, 64, -9999, -9999, -9999, 68, 78, -9999, 49, 45, -9999, 21, 20, 86, 86, -9999, -9999, -9999, -9999, 94, 99, -9999, -9999, 32, 2, -9999, 77, 50, -9999, 49, -9999, -9999, -9999, 1, 1, 1, 1, 1],
[-9999, -9999, -9999, -9999, -9999, 3, -9999, 56, -9999, 21, -9999, -9999, -9999, -9999, -9999, -9999, -9999, -9999, -9999, -9999, -9999, -9999, -9999, -9999, -9999, -9999, -9999, -9999, -9999, -9999, 73, -9999, -9999, -9999, -9999, -9999, 60, -9999, -9999, -9999, -9999, -9999, 23, -9999, -9999, -9999, 12, 77, -9999, 61, -9999, -9999, -9999, -9999, -9999, 39, 5, -9999, -9999, -9999, 55, -9999, -9999, 63, -9999, -9999, -9999, -9999, -9999, -9999, 83, -9999, -9999, -9999, 53, 7, -9999, -9999, -9999, -9999, -9999, -9999, -9999, 88, -9999, -9999, -9999, -9999, -9999, -9999, -9999, -9999, -9999, 75, 83, -9999, -9999, -9999, -9999, -9999, 1, 1, 1, 1, 1],
[-9999, -9999, -9999, -9999, -9999, -9999, -9999, 30, 92, -9999, -9999, -9999, -9999, -9999, 67, -9999, -9999, -9999, 24, 21, -9999, 81, -9999, 28, 46, -9999, 25, -9999, 88, -9999, 46, 72, -9999, 73, 4, 21, 92, -9999, -9999, -9999, -9999, -9999, 23, -9999, 67, 48, 12, 5, 23, 42, -9999, -9999, 64, -9999, 40, 83, -9999, -9999, 58, -9999, 75, 32, 39, 74, -9999, 20, -9999, 95, -9999, -9999, 11, -9999, -9999, 2, -9999, -9999, -9999, 39, 92, -9999, 5, 31, 72, -9999, -9999, -9999, 9, -9999, 17, -9999, -9999, -9999, -9999, -9999, 64, -9999, 61, 91, -9999, 79, 1, 1, 1, 1, 1],
[-9999, -9999, -9999, -9999, -9999, 49, -9999, 60, -9999, 93, -9999, -9999, -9999, -9999, -9999, -9999, -9999, -9999, -9999, -9999, -9999, -9999, -9999, -9999, -9999, -9999, 48, -9999, -9999, -9999, -9999, -9999, -9999, -9999, -9999, -9999, 18, -9999, -9999, -9999, -9999, -9999, 78, -9999, -9999, -9999, 8, 42, -9999, 91, -9999, -9999, -9999, -9999, -9999, 6, 66, -9999, -9999, -9999, 45, -9999, 98, 84, 14, -9999, -9999, -9999, -9999, -9999, 16, -9999, -9999, -9999, -9999, 3, -9999, -9999, -9999, -9999, -9999, -9999, 91, 41, -9999, -9999, -9999, 51, -9999, -9999, -9999, 39, -9999, 82, 63, -9999, -9999, -9999, -9999, -9999, 1, 1, 1, 1, 1],
[-9999, -9999, -9999, -9999, -9999, 70, -9999, -9999, 81, -9999, -9999, -9999, -9999, -9999, -9999, 92, -9999, -9999, 79, 9, -9999, 85, -9999, 81, 34, -9999, 52, -9999, -9999, -9999, 83, -9999, -9999, -9999, -9999, 6, 32, -9999, 85, 75, -9999, 43, 38, -9999, 33, 25, -9999, -9999, -9999, 97, -9999, 68, -9999, -9999, 17, 11, -9999, -9999, 70, 61, 38, 50, 87, 60, -9999, -9999, -9999, 93, -9999, -9999, 24, -9999, 3, 76, -9999, -9999, 92, -9999, 22, 53, -9999, 98, 20, 18, -9999, -9999, 63, 78, 78, -9999, -9999, 78, -9999, 23, 39, -9999, -9999, 27, -9999, 34, 1, 1, 1, 1, 1],
[-9999, -9999, -9999, -9999, -9999, 46, -9999, 2, -9999, -9999, -9999, -9999, -9999, -9999, -9999, -9999, -9999, -9999, -9999, -9999, -9999, -9999, -9999, -9999, -9999, -9999, 65, -9999, -9999, -9999, 25, 35, -9999, -9999, -9999, -9999, 86, -9999, -9999, -9999, -9999, -9999, 34, -9999, 88, -9999, -9999, -9999, -9999, 2, -9999, -9999, -9999, -9999, -9999, -9999, -9999, -9999, -9999, -9999, -9999, -9999, 99, 89, -9999, 94, -9999, -9999, -9999, -9999, -9999, -9999, -9999, -9999, -9999, 5, -9999, -9999, -9999, -9999, -9999, -9999, -9999, 78, -9999, -9999, -9999, 66, -9999, -9999, -9999, 8, -9999, 92, 99, -9999, -9999, -9999, 76, -9999, 1, 1, 1, 1, 1],
[-9999, -9999, -9999, -9999, -9999, 84, -9999, 78, -9999, 4, -9999, -9999, -9999, -9999, -9999, -9999, -9999, -9999, -9999, -9999, -9999, -9999, -9999, -9999, 87, -9999, -9999, -9999, -9999, -9999, -9999, -9999, -9999, -9999, -9999, -9999, 91, -9999, -9999, -9999, -9999, -9999, -9999, -9999, 63, -9999, -9999, -9999, -9999, 90, -9999, -9999, -9999, -9999, -9999, -9999, -9999, -9999, -9999, -9999, -9999, -9999, 47, 67, 77, -9999, -9999, -9999, -9999, -9999, -9999, -9999, -9999, -9999, -9999, 10, -9999, -9999, -9999, -9999, -9999, -9999, 94, -9999, -9999, -9999, -9999, 68, -9999, -9999, -9999, -9999, -9999, 100, 12, -9999, -9999, -9999, -9999, -9999, 1, 1, 1, 1, 1],
[-9999, -9999, -9999, -9999, -9999, 69, -9999, -9999, 5, 3, -9999, -9999, -9999, -9999, 26, 51, -9999, -9999, 31, 34, -9999, 37, -9999, 47, -9999, -9999, 5, -9999, -9999, -9999, 44, -9999, -9999, 78, -9999, -9999, 85, -9999, -9999, -9999, -9999, -9999, -9999, -9999, 71, -9999, -9999, 29, -9999, 17, -9999, 49, 84, 66, -9999, -9999, -9999, -9999, -9999, -9999, -9999, 18, 27, 26, 88, 30, -9999, -9999, -9999, -9999, 11, -9999, 96, 88, -9999, -9999, 61, 45, 13, 53, 17, 71, 24, 93, 62, -9999, 20, 45, 87, -9999, 64, 79, -9999, 56, 18, -9999, -9999, 64, -9999, -9999, 1, 1, 1, 1, 1],
[-9999, -9999, -9999, -9999, -9999, -9999, -9999, 46, 19, -9999, -9999, -9999, -9999, -9999, -9999, 31, -9999, -9999, 100, 1, -9999, 64, -9999, 64, 52, -9999, 76, -9999, -9999, -9999, -9999, 13, -9999, 3, 88, -9999, 43, -9999, 43, -9999, 38, -9999, 33, -9999, 89, 8, -9999, 9, 64, 63, -9999, -9999, -9999, 72, 58, -9999, -9999, -9999, 70, -9999, 53, -9999, -9999, 2, -9999, -9999, -9999, -9999, -9999, -9999, -9999, -9999, 79, 100, -9999, 44, 6, 53, 26, 70, -9999, 89, 87, 27, 40, -9999, -9999, 86, 23, 31, 19, 66, -9999, 18, 73, -9999, 79, 22, 73, -9999, 1, 1, 1, 1, 1],
[-9999, -9999, -9999, -9999, -9999, 15, -9999, 8, -9999, 25, -9999, -9999, -9999, -9999, -9999, -9999, -9999, -9999, -9999, -9999, -9999, -9999, -9999, -9999, 60, -9999, -9999, -9999, -9999, -9999, -9999, 42, -9999, -9999, -9999, -9999, -9999, -9999, -9999, -9999, -9999, -9999, -9999, -9999, 28, -9999, 80, -9999, -9999, 30, -9999, -9999, -9999, -9999, -9999, -9999, -9999, -9999, -9999, -9999, 45, -9999, 74, 82, -9999, 40, -9999, -9999, -9999, -9999, -9999, -9999, -9999, -9999, -9999, -9999, -9999, -9999, -9999, 8, -9999, -9999, -9999, 49, -9999, -9999, -9999, -9999, -9999, 26, -9999, 16, -9999, -9999, 46, -9999, -9999, -9999, -9999, -9999, 1, 1, 1, 1, 1],
[-9999, -9999, -9999, -9999, -9999, 90, -9999, -9999, -9999, -9999, -9999, -9999, 16, -9999, 60, -9999, -9999, 52, 49, 54, -9999, 66, 84, 49, 19, -9999, 35, -9999, -9999, -9999, 48, -9999, 19, 41, 55, 91, 26, -9999, -9999, -9999, -9999, -9999, -9999, -9999, 95, 97, 4, -9999, 18, 1, 46, -9999, 5, 44, 37, 95, -9999, 57, -9999, 38, 75, 72, 71, 24, -9999, 99, -9999, 28, -9999, -9999, -9999, -9999, -9999, -9999, -9999, 75, -9999, -9999, 65, -9999, -9999, 21, -9999, -9999, -9999, 88, -9999, -9999, 35, 84, -9999, 58, 72, -9999, 81, 34, 9, -9999, -9999, -9999, 1, 1, 1, 1, 1],
[-9999, -9999, -9999, -9999, -9999, -9999, -9999, -9999, -9999, -9999, -9999, -9999, -9999, -9999, 47, -9999, -9999, -9999, 100, -9999, -9999, -9999, -9999, -9999, -9999, -9999, -9999, -9999, -9999, -9999, -9999, -9999, -9999, -9999, -9999, -9999, -9999, -9999, -9999, -9999, -9999, -9999, -9999, -9999, -9999, -9999, -9999, -9999, -9999, -9999, -9999, -9999, -9999, -9999, -9999, -9999, -9999, -9999, 82, -9999, -9999, -9999, 37, -9999, -9999, -9999, -9999, -9999, -9999, -9999, -9999, -9999, -9999, -9999, -9999, -9999, -9999, -9999, -9999, -9999, -9999, 96, -9999, -9999, -9999, -9999, 55, -9999, -9999, -9999, -9999, -9999, -9999, -9999, -9999, -9999, -9999, -9999, -9999, -9999, 1, 1, 1, 1, 1],
[-9999, -9999, -9999, -9999, -9999, 63, -9999, 64, -9999, 70, -9999, -9999, -9999, -9999, -9999, -9999, -9999, 96, -9999, -9999, -9999, -9999, -9999, -9999, 81, -9999, -9999, -9999, -9999, -9999, 63, 99, -9999, -9999, -9999, -9999, 30, -9999, -9999, -9999, -9999, -9999, 65, -9999, 33, -9999, 95, 79, -9999, 48, -9999, -9999, -9999, -9999, -9999, 23, -9999, -9999, -9999, -9999, 58, -9999, 98, 40, -9999, 27, -9999, -9999, -9999, -9999, -9999, -9999, -9999, -9999, -9999, -9999, -9999, -9999, -9999, -9999, -9999, -9999, 89, -9999, -9999, -9999, -9999, 52, -9999, -9999, -9999, 37, -9999, -9999, 93, -9999, -9999, -9999, -9999, -9999, 1, 1, 1, 1, 1],
[-9999, -9999, -9999, -9999, -9999, 67, -9999, 45, 33, 60, -9999, -9999, -9999, 21, 24, -9999, -9999, 75, 41, 54, -9999, 87, -9999, 78, 53, -9999, 29, -9999, -9999, -9999, -9999, 69, 98, 23, 96, -9999, 11, -9999, -9999, -9999, -9999, 99, -9999, -9999, 27, 6, -9999, 74, 60, 65, -9999, 81, 7, -9999, 10, -9999, -9999, -9999, 8, 74, 13, 3, 59, 65, 4, 32, -9999, 62, -9999, -9999, -9999, -9999, -9999, 7, -9999, -9999, 2, -9999, 16, 74, 9, 14, -9999, 30, 18, -9999, -9999, 55, 79, 97, 86, 16, -9999, 50, 16, -9999, -9999, -9999, -9999, 92, 1, 1, 1, 1, 1],
[-9999, -9999, -9999, -9999, -9999, 98, -9999, 39, -9999, 60, -9999, 1, 12, -9999, 80, 5, 72, -9999, 70, 65, 17, 63, 5, 73, -9999, -9999, 32, -9999, -9999, -9999, 34, 3, -9999, 43, -9999, -9999, 5, -9999, -9999, -9999, 74, -9999, -9999, -9999, -9999, 7, 93, 24, -9999, 79, 61, -9999, 1, 79, -9999, -9999, 87, 38, -9999, -9999, -9999, 16, 99, 68, 40, 28, -9999, 38, -9999, 75, 2, -9999, 75, 91, -9999, -9999, -9999, 29, -9999, 29, -9999, 90, -9999, -9999, -9999, 40, 8, 17, 87, 29, 3, -9999, 58, 82, 18, 83, -9999, 51, -9999, -9999, 1, 1, 1, 1, 1],
[-9999, -9999, -9999, -9999, -9999, -9999, -9999, -9999, 26, -9999, -9999, -9999, -9999, 69, -9999, 24, -9999, -9999, 42, -9999, -9999, 21, -9999, 46, 25, -9999, 21, -9999, -9999, -9999, 60, 55, -9999, 29, 53, 37, 65, 55, 21, -9999, -9999, 57, -9999, -9999, -9999, 36, 4, 63, 35, 70, -9999, 57, 94, 29, 61, 55, -9999, -9999, -9999, 20, -9999, 66, 49, 28, -9999, -9999, -9999, -9999, -9999, -9999, -9999, -9999, 78, 25, -9999, -9999, 95, 81, 38, 6, -9999, 32, -9999, -9999, -9999, -9999, 96, 84, 98, -9999, -9999, -9999, -9999, 65, 74, -9999, 52, 35, -9999, -9999, 1, 1, 1, 1, 1],
[-9999, -9999, -9999, -9999, -9999, -9999, -9999, -9999, -9999, -9999, 28, -9999, -9999, -9999, -9999, -9999, -9999, -9999, -9999, -9999, 62, -9999, -9999, -9999, -9999, -9999, 1, -9999, -9999, -9999, 29, 51, -9999, -9999, -9999, -9999, 35, -9999, -9999, -9999, -9999, -9999, 42, -9999, 16, -9999, -9999, 4, -9999, 87, -9999, -9999, -9999, -9999, -9999, -9999, -9999, -9999, -9999, -9999, -9999, -9999, 58, 14, -9999, 23, -9999, -9999, -9999, -9999, -9999, -9999, -9999, -9999, -9999, -9999, -9999, -9999, -9999, -9999, -9999, -9999, -9999, -9999, -9999, -9999, -9999, 38, -9999, -9999, -9999, -9999, -9999, -9999, 40, -9999, -9999, -9999, -9999, -9999, 1, 1, 1, 1, 1],
[-9999, -9999, -9999, -9999, -9999, 27, -9999, 95, -9999, 52, -9999, -9999, -9999, -9999, -9999, -9999, -9999, -9999, -9999, -9999, -9999, -9999, -9999, -9999, -9999, -9999, 62, -9999, -9999, -9999, -9999, -9999, -9999, -9999, -9999, -9999, 81, -9999, -9999, -9999, -9999, -9999, 80, -9999, -9999, -9999, 17, 68, -9999, 74, -9999, -9999, -9999, -9999, -9999, 2, 26, -9999, -9999, -9999, 54, -9999, 45, 7, -9999, 78, -9999, -9999, -9999, -9999, -9999, -9999, -9999, -9999, -9999, -9999, -9999, -9999, -9999, 31, -9999, -9999, -9999, -9999, -9999, -9999, -9999, -9999, -9999, 21, -9999, 41, -9999, -9999, 31, -9999, -9999, -9999, -9999, -9999, 1, 1, 1, 1, 1],
[-9999, -9999, -9999, -9999, -9999, -9999, -9999, -9999, -9999, -9999, -9999, -9999, -9999, -9999, 75, -9999, -9999, -9999, 32, -9999, -9999, -9999, -9999, -9999, -9999, -9999, -9999, -9999, -9999, -9999, -9999, -9999, -9999, -9999, -9999, -9999, -9999, -9999, -9999, -9999, -9999, -9999, -9999, -9999, 62, -9999, -9999, -9999, -9999, -9999, -9999, -9999, -9999, -9999, -9999, -9999, -9999, -9999, -9999, -9999, -9999, 31, 76, -9999, -9999, -9999, -9999, -9999, -9999, -9999, -9999, -9999, -9999, -9999, 30, -9999, -9999, -9999, -9999, -9999, -9999, 37, -9999, -9999, -9999, -9999, 42, -9999, -9999, -9999, -9999, -9999, -9999, -9999, -9999, -9999, -9999, -9999, -9999, -9999, 1, 1, 1, 1, 1],
[-9999, -9999, -9999, -9999, -9999, -9999, -9999, -9999, -9999, -9999, -9999, -9999, -9999, -9999, 9, -9999, -9999, -9999, 62, -9999, -9999, -9999, -9999, -9999, -9999, -9999, -9999, -9999, -9999, -9999, -9999, -9999, -9999, -9999, -9999, -9999, -9999, -9999, -9999, -9999, 13, -9999, -9999, -9999, 95, -9999, -9999, -9999, -9999, -9999, -9999, -9999, -9999, -9999, -9999, -9999, -9999, -9999, 64, -9999, -9999, 86, 28, -9999, -9999, -9999, -9999, -9999, -9999, -9999, 88, -9999, 76, -9999, -9999, -9999, -9999, -9999, -9999, -9999, -9999, 17, -9999, -9999, -9999, -9999, 83, -9999, -9999, -9999, -9999, -9999, -9999, -9999, -9999, -9999, -9999, -9999, -9999, -9999, 1, 1, 1, 1, 1],
[-9999, -9999, -9999, -9999, -9999, 92, -9999, -9999, -9999, 50, -9999, -9999, -9999, -9999, 36, -9999, -9999, -9999, 50, 22, -9999, 83, -9999, 31, 80, -9999, 52, -9999, -9999, -9999, 12, 83, -9999, 21, 54, -9999, 8, -9999, -9999, -9999, -9999, 42, -9999, -9999, 86, -9999, 69, -9999, 66, 82, -9999, 18, 11, 65, 91, -9999, -9999, -9999, 23, 6, -9999, 94, 83, 6, -9999, -9999, -9999, -9999, -9999, -9999, 45, -9999, 56, 31, -9999, -9999, 49, 27, 17, 64, -9999, 93, -9999, -9999, -9999, -9999, 24, -9999, -9999, 94, 3, -9999, -9999, -9999, 2, -9999, -9999, -9999, -9999, 30, 1, 1, 1, 1, 1],
[-9999, -9999, -9999, -9999, -9999, 70, -9999, 14, 54, -9999, -9999, -9999, -9999, -9999, 5, -9999, -9999, -9999, 92, 39, -9999, 97, -9999, 80, -9999, -9999, 60, -9999, -9999, -9999, 46, 73, -9999, 39, 63, 28, 44, -9999, -9999, -9999, -9999, -9999, -9999, -9999, -9999, 26, 18, -9999, -9999, 67, -9999, -9999, 53, 92, 14, 53, -9999, -9999, -9999, 23, 74, 37, 73, 24, -9999, -9999, -9999, -9999, -9999, -9999, 14, -9999, -9999, 59, -9999, 27, 21, 17, -9999, -9999, 74, -9999, 1, -9999, -9999, -9999, 89, -9999, -9999, 48, 57, 99, -9999, 98, 60, -9999, -9999, 30, -9999, -9999, 1, 1, 1, 1, 1],
[-9999, -9999, -9999, -9999, -9999, 69, -9999, 98, 99, 85, -9999, -9999, -9999, -9999, 7, -9999, -9999, -9999, 39, 84, -9999, 10, -9999, 57, -9999, -9999, 4, -9999, -9999, -9999, 50, 17, -9999, 52, -9999, 70, 40, 83, 29, 57, -9999, 33, -9999, -9999, 43, 37, -9999, 9, -9999, -9999, -9999, 86, 32, 83, -9999, 54, -9999, -9999, 96, 99, 76, -9999, 97, 71, -9999, 22, -9999, -9999, -9999, -9999, 2, -9999, 63, -9999, -9999, -9999, -9999, 67, 66, -9999, -9999, -9999, 96, -9999, 97, -9999, -9999, 51, -9999, 83, 55, -9999, -9999, 71, 97, -9999, 19, 86, -9999, 86, 1, 1, 1, 1, 1],
[-9999, -9999, -9999, -9999, -9999, 92, -9999, 41, -9999, -9999, -9999, -9999, -9999, -9999, -9999, -9999, -9999, -9999, -9999, -9999, -9999, -9999, -9999, -9999, -9999, -9999, -9999, -9999, -9999, -9999, -9999, -9999, -9999, -9999, -9999, -9999, 100, -9999, -9999, -9999, -9999, -9999, -9999, -9999, -9999, -9999, 20, 20, -9999, 64, -9999, -9999, -9999, -9999, -9999, -9999, -9999, -9999, -9999, -9999, -9999, -9999, 29, -9999, -9999, 14, -9999, -9999, -9999, -9999, -9999, -9999, -9999, -9999, -9999, -9999, -9999, -9999, -9999, -9999, -9999, -9999, 78, -9999, -9999, -9999, -9999, -9999, -9999, -9999, -9999, -9999, -9999, 12, 97, -9999, -9999, -9999, -9999, -9999, 1, 1, 1, 1, 1],
[-9999, -9999, -9999, -9999, -9999, -9999, -9999, -9999, -9999, -9999, -9999, -9999, -9999, -9999, -9999, -9999, -9999, -9999, -9999, -9999, -9999, -9999, -9999, -9999, -9999, -9999, -9999, -9999, -9999, -9999, -9999, -9999, -9999, -9999, -9999, -9999, -9999, -9999, -9999, -9999, -9999, -9999, -9999, -9999, -9999, -9999, -9999, -9999, -9999, -9999, -9999, -9999, -9999, -9999, -9999, -9999, -9999, -9999, -9999, -9999, -9999, -9999, 44, -9999, -9999, -9999, -9999, -9999, -9999, -9999, 59, -9999, -9999, -9999, -9999, -9999, -9999, -9999, -9999, -9999, -9999, -9999, -9999, -9999, -9999, -9999, -9999, -9999, -9999, -9999, -9999, -9999, -9999, -9999, -9999, -9999, -9999, -9999, -9999, -9999, 1, 1, 1, 1, 1],
[-9999, -9999, -9999, -9999, -9999, 47, -9999, 12, -9999, 21, -9999, -9999, -9999, -9999, -9999, -9999, -9999, -9999, -9999, -9999, -9999, -9999, -9999, -9999, 60, -9999, 68, -9999, -9999, -9999, -9999, 61, -9999, -9999, -9999, -9999, 97, -9999, -9999, -9999, -9999, -9999, 46, -9999, -9999, -9999, -9999, 75, -9999, 14, -9999, -9999, -9999, -9999, -9999, 35, -9999, -9999, -9999, -9999, -9999, -9999, 90, 94, -9999, -9999, -9999, -9999, -9999, -9999, -9999, -9999, -9999, -9999, -9999, 46, -9999, -9999, -9999, -9999, -9999, -9999, 16, 22, -9999, -9999, -9999, 94, -9999, 13, -9999, 89, -9999, 32, 11, -9999, -9999, -9999, -9999, -9999, 1, 1, 1, 1, 1],
[-9999, -9999, -9999, -9999, -9999, 74, -9999, -9999, -9999, -9999, -9999, -9999, -9999, -9999, -9999, -9999, -9999, -9999, -9999, -9999, -9999, -9999, -9999, -9999, 21, -9999, -9999, -9999, -9999, -9999, -9999, 15, -9999, -9999, -9999, -9999, 27, -9999, -9999, -9999, -9999, -9999, 18, -9999, -9999, -9999, -9999, 80, -9999, 23, -9999, -9999, -9999, -9999, -9999, -9999, -9999, -9999, -9999, -9999, -9999, -9999, 29, 81, -9999, -9999, -9999, -9999, -9999, -9999, 57, -9999, -9999, -9999, -9999, 5, -9999, -9999, -9999, 23, -9999, -9999, 100, -9999, -9999, -9999, -9999, 12, -9999, 60, -9999, -9999, -9999, 90, 86, -9999, -9999, -9999, -9999, -9999, 1, 1, 1, 1, 1],
[-9999, -9999, -9999, -9999, -9999, -9999, -9999, -9999, -9999, -9999, -9999, -9999, -9999, -9999, 100, -9999, -9999, -9999, 32, -9999, -9999, -9999, -9999, -9999, -9999, -9999, -9999, -9999, -9999, -9999, -9999, -9999, -9999, -9999, -9999, -9999, -9999, -9999, -9999, -9999, -9999, -9999, -9999, -9999, -9999, -9999, -9999, -9999, -9999, -9999, -9999, -9999, -9999, -9999, -9999, -9999, -9999, -9999, -9999, -9999, -9999, 66, 88, -9999, -9999, -9999, -9999, -9999, -9999, -9999, 71, -9999, -9999, -9999, -9999, -9999, -9999, -9999, -9999, -9999, -9999, 36, -9999, -9999, -9999, -9999, -9999, -9999, -9999, -9999, -9999, -9999, -9999, -9999, -9999, -9999, -9999, -9999, -9999, -9999, 1, 1, 1, 1, 1],
[-9999, -9999, -9999, -9999, -9999, -9999, -9999, 66, -9999, 82, -9999, -9999, -9999, -9999, -9999, 26, -9999, -9999, 67, -9999, -9999, 77, -9999, 52, -9999, -9999, -9999, -9999, -9999, -9999, 89, -9999, -9999, 60, -9999, -9999, 9, 36, 66, -9999, -9999, 88, -9999, -9999, 36, -9999, -9999, -9999, 81, 1, -9999, -9999, 64, 52, -9999, -9999, -9999, -9999, -9999, 32, -9999, -9999, 31, 13, -9999, 50, -9999, 62, -9999, -9999, -9999, -9999, 97, 50, -9999, -9999, -9999, 15, -9999, 97, -9999, -9999, 73, 91, -9999, -9999, 44, 87, -9999, -9999, 44, -9999, -9999, 27, 58, -9999, -9999, 89, -9999, -9999, 1, 1, 1, 1, 1],
[-9999, -9999, -9999, -9999, -9999, 28, -9999, 64, -9999, -9999, 48, -9999, -9999, -9999, -9999, -9999, -9999, -9999, -9999, -9999, -9999, -9999, -9999, -9999, -9999, -9999, -9999, -9999, -9999, -9999, 50, 42, -9999, -9999, -9999, -9999, 42, -9999, -9999, -9999, -9999, -9999, -9999, -9999, -9999, -9999, -9999, 50, -9999, 60, -9999, -9999, -9999, -9999, -9999, 8, -9999, -9999, -9999, -9999, -9999, -9999, 24, 33, -9999, -9999, -9999, -9999, -9999, -9999, 98, -9999, -9999, -9999, -9999, 91, -9999, -9999, -9999, 34, -9999, -9999, 2, 32, -9999, -9999, -9999, 5, -9999, 92, -9999, 86, -9999, -9999, 91, -9999, -9999, -9999, -9999, -9999, 1, 1, 1, 1, 1],
[-9999, -9999, -9999, -9999, -9999, 88, -9999, 70, -9999, 61, -9999, -9999, -9999, -9999, 89, 46, -9999, -9999, 88, -9999, -9999, 13, -9999, 83, 79, -9999, -9999, -9999, -9999, -9999, -9999, 82, -9999, 69, -9999, -9999, 63, -9999, 21, -9999, 51, -9999, 26, -9999, 63, 19, 81, 97, -9999, 21, -9999, -9999, 3, 76, 7, -9999, -9999, -9999, 66, 15, -9999, 70, 34, 67, 5, 62, -9999, -9999, -9999, -9999, 8, -9999, 44, 3, -9999, 66, -9999, 26, 34, 76, -9999, 10, 92, 44, 19, -9999, -9999, 5, -9999, -9999, 72, -9999, -9999, 95, 54, -9999, -9999, 8, -9999, -9999, 1, 1, 1, 1, 1],
[-9999, -9999, -9999, -9999, -9999, -9999, -9999, -9999, -9999, 40, -9999, -9999, -9999, -9999, 7, 9, -9999, -9999, 23, -9999, -9999, 61, -9999, 1, -9999, -9999, 80, -9999, -9999, -9999, 35, 24, -9999, 72, -9999, 66, 40, -9999, -9999, -9999, -9999, 8, -9999, 61, 42, -9999, 76, -9999, 76, 40, -9999, 40, -9999, 62, -9999, -9999, -9999, -9999, -9999, 74, 62, 47, 27, 50, -9999, 73, -9999, -9999, -9999, -9999, -9999, -9999, -9999, -9999, 58, 75, -9999, 45, 31, -9999, 84, 55, 77, -9999, -9999, -9999, 52, 14, 12, -9999, -9999, -9999, -9999, 46, 31, -9999, 23, 11, -9999, -9999, 1, 1, 1, 1, 1],
[-9999, -9999, -9999, -9999, -9999, -9999, -9999, -9999, -9999, -9999, -9999, -9999, -9999, -9999, -9999, -9999, -9999, -9999, 77, -9999, -9999, -9999, -9999, -9999, -9999, -9999, -9999, -9999, -9999, -9999, -9999, -9999, -9999, -9999, -9999, -9999, -9999, -9999, -9999, -9999, -9999, -9999, -9999, -9999, 85, -9999, -9999, -9999, -9999, -9999, -9999, -9999, -9999, -9999, -9999, -9999, -9999, -9999, 81, -9999, -9999, -9999, 45, -9999, -9999, -9999, -9999, -9999, 47, -9999, 34, -9999, -9999, -9999, -9999, -9999, -9999, -9999, -9999, -9999, -9999, 10, -9999, -9999, -9999, -9999, 35, -9999, -9999, -9999, -9999, -9999, -9999, -9999, -9999, -9999, -9999, -9999, -9999, -9999, 1, 1, 1, 1, 1],
[-9999, -9999, -9999, -9999, -9999, -9999, -9999, -9999, -9999, -9999, -9999, -9999, -9999, -9999, 40, -9999, -9999, -9999, 88, -9999, -9999, -9999, -9999, -9999, -9999, -9999, -9999, -9999, -9999, -9999, -9999, -9999, -9999, -9999, -9999, -9999, -9999, -9999, -9999, -9999, -9999, -9999, -9999, -9999, -9999, -9999, -9999, -9999, -9999, -9999, -9999, -9999, -9999, -9999, -9999, -9999, -9999, -9999, 67, -9999, -9999, -9999, 86, -9999, -9999, -9999, -9999, -9999, -9999, -9999, 97, -9999, 60, -9999, -9999, -9999, -9999, -9999, -9999, -9999, -9999, -9999, -9999, -9999, -9999, -9999, -9999, -9999, -9999, -9999, -9999, -9999, -9999, -9999, -9999, -9999, -9999, -9999, -9999, -9999, 1, 1, 1, 1, 1],
[-9999, -9999, -9999, -9999, -9999, 29, -9999, -9999, 69, 5, -9999, -9999, -9999, -9999, -9999, 37, -9999, -9999, 35, -9999, -9999, 68, -9999, 58, -9999, -9999, 1, -9999, -9999, -9999, 38, 73, -9999, 99, -9999, 63, 78, 69, 27, -9999, -9999, 12, 29, -9999, 8, -9999, -9999, -9999, 22, 13, -9999, 75, -9999, 76, -9999, -9999, -9999, -9999, 74, 90, -9999, -9999, 65, 36, -9999, -9999, -9999, 11, -9999, -9999, -9999, -9999, 99, -9999, -9999, -9999, -9999, 92, 28, 86, 85, -9999, 17, -9999, -9999, -9999, -9999, -9999, -9999, 8, -9999, 67, -9999, 15, 10, -9999, -9999, 4, -9999, 100, 1, 1, 1, 1, 1],
[-9999, -9999, -9999, -9999, -9999, 20, -9999, -9999, -9999, -9999, 56, -9999, -9999, -9999, -9999, -9999, -9999, -9999, -9999, -9999, -9999, -9999, -9999, -9999, 59, -9999, 38, -9999, -9999, -9999, 70, -9999, -9999, -9999, -9999, -9999, 44, -9999, -9999, -9999, -9999, -9999, 62, -9999, 92, -9999, 7, 34, -9999, 23, -9999, -9999, -9999, -9999, -9999, 56, -9999, -9999, -9999, -9999, 74, -9999, -9999, 1, 79, 70, -9999, -9999, -9999, -9999, 56, -9999, -9999, -9999, -9999, 57, -9999, -9999, -9999, -9999, -9999, -9999, 54, -9999, -9999, -9999, -9999, -9999, -9999, 90, -9999, -9999, -9999, -9999, 92, -9999, -9999, -9999, -9999, -9999, 1, 1, 1, 1, 1],
[-9999, -9999, -9999, -9999, -9999, 68, -9999, 38, -9999, 21, -9999, -9999, -9999, -9999, -9999, -9999, -9999, -9999, -9999, -9999, -9999, -9999, -9999, -9999, 24, -9999, -9999, -9999, -9999, -9999, 89, 88, -9999, -9999, -9999, -9999, -9999, -9999, -9999, -9999, -9999, -9999, -9999, -9999, 13, -9999, 25, -9999, -9999, 48, -9999, -9999, -9999, -9999, -9999, 10, -9999, -9999, -9999, -9999, -9999, -9999, 47, -9999, -9999, 52, -9999, -9999, -9999, -9999, 18, -9999, -9999, -9999, -9999, -9999, -9999, -9999, -9999, 58, -9999, -9999, -9999, 4, -9999, -9999, -9999, 28, -9999, -9999, -9999, 36, -9999, 97, 34, -9999, -9999, -9999, -9999, -9999, 1, 1, 1, 1, 1],
[-9999, -9999, -9999, -9999, -9999, -9999, -9999, -9999, -9999, -9999, -9999, -9999, -9999, -9999, 63, -9999, -9999, -9999, 86, -9999, -9999, -9999, -9999, -9999, -9999, -9999, -9999, -9999, -9999, -9999, -9999, -9999, -9999, -9999, -9999, -9999, -9999, -9999, -9999, -9999, -9999, -9999, -9999, -9999, -9999, -9999, -9999, -9999, -9999, -9999, -9999, -9999, -9999, -9999, -9999, -9999, -9999, -9999, 73, -9999, -9999, 23, 96, -9999, -9999, -9999, -9999, -9999, -9999, -9999, 46, -9999, 35, -9999, -9999, -9999, -9999, -9999, -9999, -9999, -9999, -9999, -9999, -9999, -9999, -9999, -9999, -9999, -9999, -9999, -9999, -9999, -9999, -9999, -9999, -9999, -9999, -9999, -9999, -9999, 1, 1, 1, 1, 1],
[-9999, -9999, -9999, -9999, -9999, -9999, -9999, -9999, -9999, -9999, -9999, -9999, -9999, -9999, -9999, -9999, -9999, -9999, 48, -9999, -9999, -9999, -9999, -9999, -9999, -9999, -9999, -9999, -9999, -9999, -9999, -9999, -9999, -9999, -9999, -9999, -9999, -9999, -9999, -9999, -9999, -9999, -9999, -9999, 98, -9999, -9999, -9999, -9999, -9999, -9999, -9999, -9999, -9999, -9999, -9999, -9999, -9999, -9999, -9999, -9999, -9999, 44, -9999, -9999, -9999, -9999, -9999, -9999, -9999, -9999, -9999, 90, -9999, -9999, -9999, -9999, -9999, -9999, -9999, -9999, 98, -9999, -9999, -9999, -9999, -9999, -9999, -9999, -9999, -9999, -9999, -9999, -9999, -9999, -9999, -9999, -9999, -9999, -9999, 1, 1, 1, 1, 1],
[-9999, -9999, -9999, -9999, -9999, 91, -9999, -9999, 20, 84, -9999, -9999, -9999, -9999, 77, -9999, -9999, -9999, 70, -9999, -9999, 58, -9999, 12, -9999, -9999, 37, 33, -9999, -9999, -9999, 37, -9999, 27, 96, 53, 9, 84, -9999, 60, -9999, 84, 62, -9999, 21, 20, 25, -9999, -9999, 6, -9999, -9999, 19, -9999, 63, 52, -9999, -9999, 52, 48, 20, -9999, 77, 43, -9999, 82, -9999, -9999, 87, -9999, 91, -9999, -9999, 6, -9999, 46, 23, -9999, -9999, 67, -9999, 47, -9999, -9999, -9999, -9999, -9999, 100, -9999, 22, 42, 77, -9999, -9999, 40, -9999, -9999, 53, -9999, 15, 1, 1, 1, 1, 1],
[-9999, -9999, -9999, -9999, -9999, -9999, -9999, 23, -9999, 29, -9999, -9999, -9999, -9999, 51, 85, -9999, -9999, 67, 25, -9999, 75, -9999, 98, -9999, -9999, 12, -9999, -9999, -9999, -9999, -9999, -9999, 35, 65, 56, 37, -9999, 33, -9999, -9999, -9999, 34, -9999, 93, 59, 34, 73, -9999, 76, -9999, -9999, -9999, 44, -9999, 31, -9999, -9999, -9999, 82, -9999, 97, 81, 31, -9999, 64, -9999, -9999, 34, -9999, 76, -9999, -9999, 89, -9999, 44, -9999, -9999, 40, -9999, 31, 41, 58, 53, -9999, -9999, 75, 97, 21, 40, -9999, -9999, -9999, 67, 36, -9999, 8, -9999, -9999, 97, 1, 1, 1, 1, 1],
[-9999, -9999, -9999, -9999, -9999, 80, -9999, -9999, -9999, 74, -9999, -9999, -9999, -9999, -9999, -9999, -9999, -9999, -9999, -9999, -9999, -9999, -9999, -9999, 62, 95, -9999, -9999, -9999, -9999, -9999, 87, -9999, -9999, -9999, -9999, 68, -9999, -9999, -9999, -9999, -9999, -9999, -9999, 5, -9999, 23, 65, -9999, 58, -9999, -9999, -9999, -9999, -9999, -9999, -9999, -9999, -9999, -9999, -9999, -9999, -9999, 6, -9999, -9999, -9999, -9999, -9999, -9999, 71, -9999, -9999, -9999, -9999, 86, -9999, -9999, -9999, 45, -9999, -9999, 25, -9999, -9999, -9999, -9999, -9999, -9999, -9999, -9999, -9999, -9999, -9999, 70, -9999, -9999, -9999, -9999, -9999, 1, 1, 1, 1, 1],
[-9999, -9999, -9999, -9999, -9999, -9999, -9999, 83, -9999, 42, -9999, -9999, -9999, -9999, -9999, -9999, -9999, -9999, -9999, -9999, -9999, -9999, -9999, -9999, 3, -9999, 6, -9999, -9999, -9999, 10, 48, -9999, -9999, -9999, -9999, 9, -9999, -9999, -9999, -9999, -9999, -9999, -9999, -9999, -9999, 5, 55, -9999, 94, -9999, -9999, -9999, -9999, -9999, 9, -9999, -9999, -9999, -9999, 57, -9999, -9999, 52, -9999, -9999, -9999, -9999, -9999, -9999, -9999, -9999, -9999, -9999, -9999, -9999, -9999, -9999, -9999, 44, -9999, -9999, -9999, 9, -9999, -9999, -9999, 21, -9999, -9999, -9999, -9999, -9999, -9999, 37, -9999, -9999, -9999, -9999, -9999, 1, 1, 1, 1, 1],
[-9999, -9999, -9999, -9999, -9999, -9999, -9999, -9999, -9999, -9999, -9999, -9999, -9999, -9999, 33, -9999, -9999, -9999, 100, -9999, -9999, -9999, -9999, -9999, -9999, -9999, -9999, -9999, -9999, -9999, -9999, -9999, -9999, -9999, -9999, -9999, -9999, -9999, -9999, -9999, -9999, -9999, -9999, -9999, 73, -9999, -9999, -9999, -9999, -9999, -9999, -9999, -9999, -9999, -9999, -9999, -9999, -9999, -9999, -9999, -9999, 47, 28, -9999, -9999, -9999, -9999, -9999, -9999, -9999, -9999, -9999, 98, -9999, -9999, -9999, -9999, -9999, -9999, -9999, -9999, 75, -9999, -9999, -9999, -9999, 98, -9999, -9999, -9999, -9999, -9999, -9999, -9999, -9999, -9999, -9999, -9999, -9999, -9999, 1, 1, 1, 1, 1],
[-9999, -9999, -9999, -9999, -9999, 82, -9999, 63, 57, 32, 76, 51, 70, -9999, 29, -9999, 45, -9999, 96, 80, 33, 30, 65, 84, 77, -9999, 51, -9999, -9999, -9999, 69, 17, -9999, 36, -9999, 49, 38, -9999, -9999, -9999, 31, -9999, 61, -9999, 13, 21, 77, -9999, 38, 21, 29, -9999, 21, 18, 96, -9999, -9999, 13, 80, -9999, -9999, 28, 64, 77, -9999, 33, -9999, -9999, -9999, -9999, 81, -9999, 76, -9999, -9999, -9999, 48, 40, 8, 24, -9999, -9999, -9999, 98, 44, 49, -9999, 31, 71, 58, 42, -9999, 69, 53, 98, -9999, -9999, 89, -9999, 64, 1, 1, 1, 1, 1],
[-9999, -9999, -9999, -9999, -9999, -9999, -9999, -9999, -9999, -9999, -9999, -9999, -9999, -9999, -9999, -9999, -9999, -9999, -9999, -9999, -9999, -9999, -9999, -9999, -9999, -9999, 13, -9999, -9999, -9999, 55, 5, -9999, -9999, -9999, -9999, 44, -9999, -9999, -9999, -9999, -9999, 15, -9999, 39, -9999, -9999, 84, -9999, 29, -9999, -9999, -9999, -9999, -9999, 6, 16, -9999, -9999, -9999, 55, -9999, 96, 71, -9999, -9999, -9999, -9999, -9999, -9999, 2, -9999, -9999, -9999, 98, 35, -9999, -9999, -9999, 86, -9999, -9999, -9999, 18, -9999, -9999, -9999, 70, -9999, 36, -9999, 56, -9999, 97, 8, -9999, -9999, -9999, -9999, -9999, 1, 1, 1, 1, 1],
[-9999, -9999, -9999, -9999, -9999, 30, -9999, -9999, 72, 13, -9999, -9999, -9999, -9999, -9999, 81, -9999, -9999, 1, 56, -9999, 19, -9999, 47, 53, -9999, -9999, -9999, -9999, -9999, -9999, 80, -9999, 100, -9999, 72, 56, -9999, -9999, -9999, -9999, 19, -9999, -9999, -9999, 20, 5, -9999, -9999, 44, -9999, -9999, 10, 5, -9999, 41, -9999, -9999, -9999, -9999, 68, -9999, 70, 100, -9999, -9999, -9999, 3, -9999, -9999, 63, 21, -9999, -9999, -9999, 6, -9999, 28, -9999, -9999, -9999, 46, -9999, 69, -9999, -9999, 28, -9999, 81, -9999, -9999, 15, -9999, 63, 77, -9999, -9999, 44, -9999, 96, 1, 1, 1, 1, 1],
[-9999, -9999, -9999, -9999, -9999, -9999, -9999, -9999, -9999, -9999, -9999, -9999, -9999, -9999, 17, -9999, -9999, -9999, 49, -9999, -9999, -9999, -9999, -9999, -9999, -9999, -9999, -9999, -9999, -9999, -9999, -9999, -9999, -9999, -9999, -9999, -9999, -9999, -9999, -9999, -9999, -9999, -9999, -9999, -9999, -9999, -9999, -9999, -9999, -9999, -9999, -9999, -9999, -9999, -9999, -9999, -9999, -9999, 80, -9999, -9999, 94, 50, -9999, -9999, -9999, -9999, -9999, -9999, -9999, 56, -9999, -9999, -9999, -9999, -9999, -9999, -9999, -9999, -9999, -9999, -9999, -9999, -9999, -9999, -9999, 91, -9999, -9999, -9999, -9999, -9999, -9999, -9999, -9999, -9999, -9999, -9999, -9999, -9999, 1, 1, 1, 1, 1],
[-9999, -9999, -9999, -9999, -9999, -9999, -9999, 95, 92, 98, -9999, -9999, -9999, -9999, -9999, 56, -9999, 95, 59, -9999, -9999, 66, -9999, 32, -9999, -9999, -9999, -9999, -9999, -9999, 23, -9999, -9999, 1, 54, 48, 69, -9999, 86, -9999, -9999, 96, -9999, 10, -9999, 41, 2, 67, 60, 56, -9999, 46, -9999, 14, -9999, 52, -9999, -9999, 33, -9999, 90, -9999, 6, 95, -9999, -9999, -9999, 84, -9999, -9999, 24, -9999, -9999, -9999, -9999, -9999, 29, 62, -9999, 49, 29, 44, 100, -9999, 43, -9999, 48, 80, 3, 18, 28, 62, -9999, 72, 16, -9999, 80, 45, -9999, -9999, 1, 1, 1, 1, 1],
[-9999, -9999, -9999, -9999, -9999, -9999, -9999, -9999, -9999, -9999, -9999, -9999, -9999, -9999, -9999, -9999, -9999, -9999, 34, -9999, -9999, -9999, -9999, -9999, -9999, -9999, -9999, -9999, -9999, -9999, -9999, -9999, -9999, -9999, -9999, -9999, -9999, -9999, -9999, -9999, -9999, -9999, -9999, -9999, 72, -9999, -9999, -9999, -9999, -9999, -9999, -9999, -9999, -9999, -9999, -9999, -9999, -9999, 57, -9999, -9999, -9999, 11, -9999, -9999, -9999, -9999, -9999, -9999, -9999, -9999, -9999, 65, -9999, -9999, -9999, -9999, -9999, -9999, -9999, -9999, -9999, -9999, -9999, -9999, -9999, -9999, -9999, -9999, -9999, -9999, -9999, -9999, -9999, -9999, -9999, -9999, -9999, -9999, -9999, 1, 1, 1, 1, 1],
[-9999, -9999, -9999, -9999, -9999, -9999, -9999, -9999, 76, 10, -9999, -9999, -9999, -9999, 31, 32, -9999, -9999, 34, 8, -9999, 100, -9999, 80, 76, -9999, -9999, -9999, -9999, -9999, -9999, 13, -9999, 59, -9999, 4, 21, -9999, 69, -9999, -9999, 90, 28, -9999, 12, 81, -9999, -9999, 98, 53, -9999, 25, -9999, 80, -9999, 95, -9999, -9999, 98, 77, 29, 21, 83, 90, -9999, 79, -9999, 84, -9999, -9999, 93, -9999, -9999, 27, -9999, 25, 3, -9999, 28, 61, 13, 90, -9999, 66, 56, -9999, -9999, 76, 23, 78, 99, -9999, -9999, 3, 5, -9999, 40, 59, -9999, 14, 1, 1, 1, 1, 1],
[-9999, -9999, -9999, -9999, -9999, 41, -9999, 11, -9999, 9, 1, -9999, -9999, -9999, -9999, -9999, -9999, -9999, -9999, -9999, 29, -9999, -9999, -9999, 68, 57, 13, -9999, -9999, -9999, -9999, 59, -9999, -9999, -9999, -9999, 55, -9999, -9999, -9999, -9999, -9999, 16, -9999, -9999, -9999, 38, -9999, -9999, 19, -9999, -9999, -9999, -9999, -9999, -9999, -9999, -9999, -9999, -9999, 7, -9999, 1, 97, -9999, 1, -9999, -9999, -9999, -9999, 8, -9999, -9999, -9999, 43, -9999, -9999, -9999, -9999, -9999, -9999, -9999, 63, 64, -9999, -9999, -9999, -9999, -9999, -9999, -9999, 53, -9999, -9999, 30, -9999, -9999, -9999, -9999, -9999, 1, 1, 1, 1, 1],
[-9999, -9999, -9999, -9999, -9999, -9999, 13, -9999, 59, -9999, -9999, -9999, -9999, -9999, -9999, 69, -9999, 55, 34, 6, -9999, 80, -9999, 56, 15, -9999, -9999, -9999, -9999, -9999, 50, -9999, -9999, 32, -9999, 86, 8, -9999, 4, -9999, -9999, 86, 79, -9999, -9999, 27, -9999, 10, -9999, 7, -9999, -9999, 16, 61, -9999, 68, -9999, -9999, 54, 79, 78, 27, 56, 77, -9999, 45, -9999, 58, -9999, -9999, -9999, 67, 10, 61, -9999, 84, -9999, -9999, 36, -9999, 33, 100, 72, -9999, -9999, -9999, 7, 21, -9999, 2, 28, -9999, -9999, -9999, 96, -9999, 88, 72, -9999, -9999, 1, 1, 1, 1, 1],
[-9999, -9999, -9999, -9999, -9999, -9999, -9999, -9999, -9999, -9999, -9999, -9999, -9999, -9999, -9999, -9999, -9999, -9999, -9999, -9999, -9999, -9999, -9999, -9999, 10, -9999, 82, -9999, -9999, -9999, 76, -9999, -9999, -9999, -9999, -9999, 66, -9999, -9999, -9999, -9999, -9999, -9999, -9999, 13, -9999, 9, -9999, -9999, 36, -9999, -9999, -9999, -9999, -9999, 46, 40, -9999, -9999, -9999, 40, -9999, 15, 14, -9999, 100, -9999, -9999, -9999, -9999, 68, -9999, -9999, -9999, -9999, 91, -9999, -9999, -9999, 35, -9999, -9999, 83, -9999, -9999, -9999, -9999, 57, -9999, 66, -9999, -9999, -9999, 97, 44, -9999, -9999, -9999, -9999, -9999, 1, 1, 1, 1, 1],
[-9999, -9999, -9999, -9999, -9999, -9999, -9999, -9999, -9999, -9999, -9999, -9999, -9999, -9999, -9999, -9999, -9999, -9999, -9999, -9999, -9999, -9999, -9999, -9999, -9999, -9999, -9999, -9999, -9999, -9999, -9999, -9999, -9999, -9999, -9999, -9999, -9999, -9999, -9999, -9999, -9999, -9999, -9999, -9999, 67, -9999, -9999, -9999, -9999, -9999, -9999, -9999, -9999, -9999, -9999, -9999, -9999, -9999, -9999, -9999, -9999, -9999, 36, -9999, -9999, -9999, -9999, -9999, -9999, -9999, 27, -9999, -9999, -9999, -9999, -9999, -9999, -9999, -9999, -9999, -9999, -9999, -9999, -9999, -9999, -9999, -9999, -9999, -9999, -9999, -9999, -9999, -9999, -9999, -9999, -9999, -9999, -9999, -9999, -9999, 1, 1, 1, 1, 1],
[-9999, -9999, -9999, -9999, -9999, -9999, -9999, -9999, -9999, 65, -9999, -9999, -9999, -9999, -9999, -9999, -9999, -9999, -9999, -9999, 51, -9999, -9999, -9999, -9999, -9999, -9999, -9999, -9999, -9999, 19, -9999, -9999, -9999, -9999, -9999, 37, -9999, -9999, -9999, -9999, -9999, -9999, -9999, 4, -9999, -9999, 80, -9999, 7, -9999, -9999, -9999, -9999, -9999, 31, -9999, -9999, -9999, -9999, 30, -9999, 93, 90, 28, -9999, -9999, -9999, -9999, -9999, -9999, -9999, -9999, -9999, -9999, 10, -9999, -9999, -9999, 70, -9999, -9999, -9999, 90, -9999, -9999, -9999, 9, -9999, -9999, -9999, 48, -9999, -9999, 79, -9999, -9999, -9999, -9999, -9999, 1, 1, 1, 1, 1],
[-9999, -9999, -9999, -9999, -9999, 51, -9999, 90, -9999, -9999, -9999, -9999, -9999, -9999, -9999, 11, -9999, -9999, 98, 34, -9999, 44, -9999, 34, -9999, -9999, -9999, -9999, -9999, -9999, 17, -9999, -9999, 47, 31, -9999, 57, -9999, 25, -9999, 55, 16, -9999, -9999, 80, 24, 19, -9999, -9999, 5, -9999, 80, 90, 27, -9999, -9999, -9999, -9999, 54, 62, -9999, -9999, 30, 56, -9999, -9999, -9999, -9999, -9999, -9999, -9999, 48, 39, 16, -9999, -9999, 10, -9999, 70, -9999, -9999, 79, 95, -9999, 87, -9999, 28, -9999, 4, -9999, 33, 23, -9999, -9999, 89, -9999, 67, 5, 69, 26, 1, 1, 1, 1, 1],
[-9999, -9999, -9999, -9999, -9999, -9999, -9999, -9999, -9999, -9999, -9999, -9999, -9999, -9999, 77, -9999, -9999, -9999, 57, -9999, -9999, -9999, -9999, -9999, -9999, -9999, -9999, -9999, -9999, -9999, -9999, -9999, -9999, -9999, -9999, -9999, -9999, -9999, -9999, -9999, -9999, -9999, -9999, -9999, -9999, -9999, -9999, -9999, -9999, -9999, -9999, -9999, -9999, -9999, -9999, -9999, -9999, -9999, 56, -9999, -9999, 56, -9999, -9999, -9999, -9999, -9999, -9999, -9999, -9999, -9999, -9999, 8, -9999, -9999, -9999, -9999, -9999, -9999, -9999, -9999, 25, -9999, -9999, -9999, -9999, 13, -9999, -9999, -9999, -9999, -9999, -9999, -9999, -9999, -9999, -9999, -9999, -9999, -9999, 1, 1, 1, 1, 1],
[-9999, -9999, -9999, -9999, -9999, 10, -9999, -9999, -9999, 24, -9999, 42, 76, -9999, -9999, 85, -9999, 64, 80, -9999, -9999, 86, -9999, 8, 92, -9999, 49, 44, -9999, -9999, -9999, 86, 82, 53, 81, 31, 14, -9999, 44, -9999, -9999, -9999, -9999, -9999, 2, 100, -9999, -9999, 3, 67, 39, 4, 65, 14, 47, 14, -9999, 57, 90, 66, 13, 29, 91, 15, 7, -9999, -9999, -9999, -9999, -9999, 35, -9999, -9999, 24, -9999, -9999, 23, 39, -9999, 43, 58, 99, -9999, -9999, 6, -9999, -9999, -9999, 46, 46, -9999, 1, 52, -9999, 50, 6, 61, -9999, -9999, 34, 1, 1, 1, 1, 1],
[-9999, -9999, -9999, -9999, -9999, -9999, -9999, 35, 72, -9999, -9999, -9999, -9999, -9999, -9999, 20, -9999, -9999, 56, 71, -9999, 93, -9999, 11, 69, -9999, -9999, -9999, -9999, -9999, 98, -9999, -9999, 81, -9999, -9999, 96, -9999, 78, -9999, -9999, 53, -9999, -9999, -9999, 54, 22, -9999, -9999, 15, -9999, 4, 57, 3, 41, 9, -9999, -9999, 69, -9999, -9999, -9999, 39, 25, -9999, -9999, -9999, 21, 90, -9999, -9999, -9999, 60, 82, -9999, 33, 35, 68, 68, -9999, 82, -9999, -9999, 83, 46, -9999, -9999, -9999, 52, -9999, -9999, 8, -9999, 51, 96, -9999, 22, 13, -9999, 79, 1, 1, 1, 1, 1],
[-9999, -9999, -9999, -9999, -9999, 83, -9999, -9999, -9999, -9999, -9999, -9999, -9999, -9999, 33, -9999, -9999, -9999, 25, -9999, -9999, -9999, -9999, 41, 99, -9999, -9999, -9999, -9999, -9999, 10, 18, -9999, 21, 99, -9999, 14, -9999, -9999, -9999, -9999, 62, 78, -9999, 51, -9999, -9999, -9999, 47, 38, -9999, -9999, 61, 27, 61, 69, -9999, -9999, 18, -9999, -9999, 63, 53, 36, -9999, 56, -9999, -9999, -9999, -9999, -9999, -9999, 54, -9999, -9999, 84, 30, 45, 71, -9999, 47, 37, -9999, -9999, 87, -9999, -9999, -9999, -9999, 84, 16, 9, -9999, 41, 62, -9999, 16, -9999, -9999, -9999, 1, 1, 1, 1, 1],
[-9999, -9999, -9999, -9999, -9999, -9999, 85, -9999, -9999, 65, -9999, -9999, -9999, -9999, -9999, -9999, -9999, -9999, 59, -9999, -9999, 19, -9999, 65, -9999, -9999, -9999, -9999, -9999, -9999, 10, 42, -9999, 22, 81, 53, 84, -9999, 88, -9999, -9999, 94, -9999, -9999, -9999, -9999, -9999, 9, -9999, -9999, -9999, -9999, 72, -9999, -9999, -9999, -9999, -9999, -9999, -9999, -9999, 93, 3, 66, -9999, 57, -9999, 81, -9999, -9999, 77, -9999, -9999, 33, -9999, 78, 89, -9999, 79, 32, 20, 25, -9999, 27, 52, -9999, -9999, 48, -9999, -9999, 72, 57, -9999, 60, 11, -9999, -9999, 4, -9999, 4, 1, 1, 1, 1, 1],
[-9999, -9999, -9999, -9999, -9999, -9999, -9999, -9999, -9999, -9999, -9999, -9999, -9999, -9999, -9999, -9999, -9999, -9999, 52, -9999, -9999, -9999, -9999, -9999, -9999, -9999, -9999, -9999, -9999, -9999, -9999, -9999, -9999, -9999, -9999, -9999, -9999, -9999, -9999, -9999, 69, -9999, -9999, -9999, 43, -9999, -9999, -9999, -9999, -9999, -9999, -9999, -9999, -9999, -9999, -9999, -9999, -9999, 92, -9999, -9999, 76, 40, -9999, -9999, -9999, -9999, -9999, -9999, -9999, 71, -9999, -9999, -9999, -9999, -9999, -9999, -9999, -9999, -9999, -9999, 88, -9999, -9999, -9999, -9999, -9999, -9999, -9999, -9999, -9999, -9999, -9999, -9999, -9999, -9999, -9999, -9999, -9999, -9999, 1, 1, 1, 1, 1],
[-9999, -9999, -9999, -9999, -9999, -9999, -9999, -9999, -9999, -9999, -9999, -9999, -9999, -9999, 64, -9999, -9999, -9999, 50, -9999, -9999, 38, -9999, 21, -9999, -9999, -9999, 26, -9999, -9999, -9999, 66, -9999, -9999, -9999, -9999, 33, -9999, 49, -9999, -9999, -9999, 9, -9999, -9999, -9999, 99, -9999, -9999, 32, -9999, 89, -9999, 84, -9999, -9999, -9999, -9999, -9999, 31, -9999, 3, 90, 93, -9999, 86, -9999, -9999, -9999, -9999, -9999, -9999, 41, 50, -9999, -9999, 77, 96, -9999, -9999, 66, -9999, 89, 32, -9999, -9999, 66, 45, 48, 46, -9999, -9999, -9999, 52, 6, -9999, -9999, -9999, -9999, 19, 1, 1, 1, 1, 1],
[-9999, -9999, -9999, -9999, -9999, -9999, -9999, -9999, 25, -9999, -9999, -9999, -9999, -9999, 95, -9999, -9999, -9999, 91, -9999, -9999, 10, -9999, 43, 26, -9999, 84, -9999, -9999, -9999, -9999, 53, -9999, 31, 76, 2, 54, -9999, 66, 80, -9999, -9999, 82, -9999, -9999, 70, 12, -9999, 51, 57, -9999, -9999, 9, -9999, -9999, -9999, -9999, -9999, -9999, 69, -9999, -9999, 71, 100, -9999, 7, -9999, -9999, -9999, -9999, 49, -9999, -9999, -9999, -9999, -9999, -9999, -9999, 84, 37, 42, 18, -9999, -9999, 63, -9999, 85, 61, 86, -9999, 46, -9999, -9999, -9999, 71, -9999, -9999, -9999, -9999, 78, 1, 1, 1, 1, 1],
[-9999, -9999, -9999, -9999, -9999, -9999, -9999, 88, 30, -9999, -9999, -9999, -9999, -9999, -9999, 60, -9999, -9999, 22, 77, -9999, -9999, -9999, 20, -9999, -9999, 84, -9999, -9999, -9999, -9999, 75, -9999, 57, 47, 22, 1, -9999, 75, -9999, -9999, 40, 65, -9999, 25, 35, -9999, 5, 75, 25, -9999, 63, 59, 76, -9999, -9999, -9999, -9999, 69, 93, -9999, -9999, 39, 15, 5, 8, -9999, -9999, -9999, -9999, 59, -9999, -9999, 2, -9999, -9999, 1, -9999, 63, 18, 61, 56, 26, -9999, -9999, -9999, 70, -9999, 86, 32, 84, 2, -9999, -9999, 80, -9999, 42, 87, -9999, 91, 1, 1, 1, 1, 1],
[-9999, -9999, -9999, -9999, -9999, 88, -9999, -9999, 55, 26, -9999, -9999, -9999, -9999, -9999, -9999, -9999, -9999, 80, -9999, -9999, 57, -9999, 17, 84, -9999, 92, -9999, -9999, -9999, 33, 96, -9999, 58, -9999, 100, 59, -9999, 37, -9999, -9999, -9999, 83, -9999, 49, 9, -9999, -9999, 11, 76, -9999, -9999, 78, 23, 81, 52, -9999, -9999, 18, 68, -9999, -9999, 82, 22, -9999, 7, -9999, 83, -9999, -9999, -9999, -9999, -9999, 6, -9999, -9999, 20, 7, 83, 48, -9999, -9999, 45, -9999, -9999, -9999, 69, 25, 22, 31, 60, -9999, -9999, -9999, 60, -9999, 43, 99, 12, -9999, 1, 1, 1, 1, 1],
[-9999, -9999, -9999, -9999, -9999, 5, -9999, -9999, -9999, -9999, -9999, -9999, -9999, -9999, -9999, -9999, -9999, -9999, -9999, -9999, -9999, -9999, -9999, -9999, -9999, -9999, -9999, -9999, -9999, -9999, -9999, -9999, -9999, -9999, -9999, -9999, 27, -9999, -9999, -9999, -9999, -9999, 83, -9999, -9999, -9999, 67, -9999, -9999, 98, -9999, -9999, -9999, -9999, -9999, -9999, -9999, -9999, -9999, -9999, -9999, -9999, 92, 60, -9999, 55, -9999, -9999, -9999, -9999, -9999, -9999, -9999, -9999, -9999, 19, -9999, -9999, -9999, 87, -9999, -9999, -9999, 30, -9999, -9999, -9999, 51, -9999, 99, -9999, 93, -9999, -9999, -9999, -9999, -9999, -9999, -9999, -9999, 1, 1, 1, 1, 1],
[-9999, -9999, -9999, -9999, -9999, -9999, 7, 35, -9999, 98, -9999, -9999, -9999, -9999, -9999, -9999, -9999, -9999, 93, 83, -9999, 44, -9999, 85, 32, -9999, 12, 40, -9999, -9999, 93, -9999, 73, 78, -9999, 76, 93, -9999, 68, -9999, -9999, 20, 30, -9999, -9999, -9999, -9999, 56, 7, 43, -9999, 39, -9999, 44, 30, 37, -9999, -9999, 12, 27, 22, 79, 69, 81, -9999, -9999, -9999, 37, -9999, -9999, 43, -9999, 88, -9999, -9999, -9999, 69, -9999, 28, -9999, -9999, 8, 62, -9999, 38, -9999, -9999, -9999, 55, 67, -9999, -9999, -9999, 51, 9, -9999, -9999, -9999, 78, 31, 1, 1, 1, 1, 1],
[-9999, -9999, -9999, -9999, -9999, -9999, -9999, -9999, -9999, -9999, -9999, -9999, -9999, -9999, -9999, -9999, -9999, -9999, -9999, -9999, -9999, -9999, -9999, -9999, -9999, -9999, 74, -9999, -9999, -9999, 90, -9999, -9999, -9999, -9999, -9999, 41, -9999, -9999, -9999, -9999, -9999, 70, -9999, -9999, -9999, 26, 90, -9999, 69, -9999, -9999, -9999, -9999, -9999, -9999, -9999, -9999, -9999, -9999, 84, -9999, 95, 68, -9999, -9999, -9999, -9999, -9999, -9999, 83, -9999, -9999, -9999, -9999, -9999, -9999, -9999, -9999, 93, -9999, -9999, -9999, -9999, -9999, -9999, -9999, 37, -9999, 48, -9999, -9999, -9999, 29, 40, -9999, -9999, -9999, -9999, -9999, 1, 1, 1, 1, 1],
[-9999, -9999, -9999, -9999, -9999, 97, -9999, -9999, -9999, 29, -9999, -9999, -9999, -9999, -9999, -9999, -9999, -9999, -9999, -9999, -9999, -9999, -9999, -9999, -9999, -9999, 42, -9999, -9999, -9999, -9999, -9999, -9999, -9999, -9999, -9999, 100, -9999, -9999, -9999, -9999, -9999, 41, -9999, 14, -9999, 39, -9999, -9999, 59, -9999, -9999, -9999, -9999, -9999, 95, -9999, -9999, -9999, -9999, -9999, -9999, 78, 40, -9999, 63, -9999, -9999, -9999, -9999, -9999, -9999, -9999, -9999, -9999, 90, -9999, -9999, -9999, 23, -9999, -9999, -9999, -9999, -9999, -9999, -9999, -9999, -9999, -9999, -9999, -9999, -9999, -9999, 73, -9999, -9999, -9999, -9999, -9999, 1, 1, 1, 1, 1],
[-9999, -9999, -9999, -9999, -9999, 22, -9999, 39, -9999, 5, -9999, -9999, -9999, -9999, -9999, -9999, -9999, 61, -9999, -9999, -9999, -9999, -9999, -9999, -9999, -9999, 99, -9999, -9999, -9999, 67, 70, -9999, -9999, -9999, -9999, 64, -9999, -9999, -9999, -9999, -9999, 56, -9999, 58, -9999, 69, -9999, -9999, 9, -9999, -9999, -9999, -9999, -9999, -9999, -9999, -9999, -9999, -9999, 15, -9999, 100, 94, -9999, 99, -9999, -9999, -9999, -9999, 45, -9999, -9999, -9999, -9999, 44, -9999, -9999, -9999, 5, -9999, -9999, -9999, 40, -9999, -9999, -9999, 26, -9999, -9999, -9999, -9999, -9999, 57, 36, -9999, -9999, -9999, -9999, -9999, 1, 1, 1, 1, 1],
[-9999, -9999, -9999, -9999, -9999, -9999, -9999, -9999, 48, 14, -9999, -9999, -9999, -9999, 16, -9999, -9999, -9999, 59, 83, -9999, 43, -9999, 16, 4, -9999, 35, -9999, -9999, -9999, 21, 76, -9999, 88, 51, -9999, 1, -9999, 59, -9999, -9999, -9999, 37, 23, 87, 70, -9999, -9999, -9999, 75, -9999, 18, 18, -9999, 89, -9999, -9999, -9999, -9999, 75, 68, 96, 20, 6, 59, 42, -9999, 60, -9999, -9999, 21, -9999, 63, -9999, -9999, 86, 44, 30, -9999, -9999, -9999, 44, 2, -9999, -9999, -9999, 95, 88, -9999, 23, 96, -9999, -9999, 50, 60, -9999, -9999, -9999, -9999, -9999, 1, 1, 1, 1, 1],
[-9999, -9999, -9999, -9999, -9999, -9999, -9999, -9999, -9999, -9999, -9999, -9999, -9999, -9999, -9999, -9999, -9999, -9999, -9999, -9999, -9999, -9999, -9999, -9999, -9999, -9999, -9999, -9999, -9999, -9999, -9999, -9999, -9999, -9999, -9999, -9999, -9999, -9999, -9999, -9999, -9999, -9999, -9999, -9999, -9999, -9999, -9999, -9999, -9999, -9999, -9999, -9999, -9999, -9999, -9999, -9999, -9999, -9999, -9999, -9999, -9999, -9999, -9999, -9999, -9999, -9999, -9999, -9999, -9999, -9999, -9999, -9999, -9999, -9999, -9999, -9999, -9999, -9999, -9999, -9999, -9999, -9999, -9999, -9999, -9999, -9999, -9999, -9999, -9999, -9999, -9999, -9999, -9999, -9999, -9999, -9999, -9999, -9999, -9999, -9999, -9999, -9999, -9999, -9999, -9999],
[-9999, -9999, -9999, -9999, -9999, -9999, -9999, -9999, -9999, -9999, -9999, -9999, -9999, -9999, -9999, -9999, -9999, -9999, -9999, -9999, -9999, -9999, -9999, -9999, -9999, -9999, -9999, -9999, -9999, -9999, -9999, -9999, -9999, -9999, -9999, -9999, -9999, -9999, -9999, -9999, -9999, -9999, -9999, -9999, -9999, -9999, -9999, -9999, -9999, -9999, -9999, -9999, -9999, -9999, -9999, -9999, -9999, -9999, -9999, -9999, -9999, -9999, -9999, -9999, -9999, -9999, -9999, -9999, -9999, -9999, -9999, -9999, -9999, -9999, -9999, -9999, -9999, -9999, -9999, -9999, -9999, -9999, -9999, -9999, -9999, -9999, -9999, -9999, -9999, -9999, -9999, -9999, -9999, -9999, -9999, -9999, -9999, -9999, -9999, -9999, -9999, -9999, -9999, -9999, -9999],
[-9999, -9999, -9999, -9999, -9999, -9999, -9999, -9999, -9999, -9999, -9999, -9999, -9999, -9999, -9999, -9999, -9999, -9999, -9999, -9999, -9999, -9999, -9999, -9999, -9999, -9999, -9999, -9999, -9999, -9999, -9999, -9999, -9999, -9999, -9999, -9999, -9999, -9999, -9999, -9999, -9999, -9999, -9999, -9999, -9999, -9999, -9999, -9999, -9999, -9999, -9999, -9999, -9999, -9999, -9999, -9999, -9999, -9999, -9999, -9999, -9999, -9999, -9999, -9999, -9999, -9999, -9999, -9999, -9999, -9999, -9999, -9999, -9999, -9999, -9999, -9999, -9999, -9999, -9999, -9999, -9999, -9999, -9999, -9999, -9999, -9999, -9999, -9999, -9999, -9999, -9999, -9999, -9999, -9999, -9999, -9999, -9999, -9999, -9999, -9999, -9999, -9999, -9999, -9999, -9999],
[-9999, -9999, -9999, -9999, -9999, -9999, -9999, -9999, -9999, -9999, -9999, -9999, -9999, -9999, -9999, -9999, -9999, -9999, -9999, -9999, -9999, -9999, -9999, -9999, -9999, -9999, -9999, -9999, -9999, -9999, -9999, -9999, -9999, -9999, -9999, -9999, -9999, -9999, -9999, -9999, -9999, -9999, -9999, -9999, -9999, -9999, -9999, -9999, -9999, -9999, -9999, -9999, -9999, -9999, -9999, -9999, -9999, -9999, -9999, -9999, -9999, -9999, -9999, -9999, -9999, -9999, -9999, -9999, -9999, -9999, -9999, -9999, -9999, -9999, -9999, -9999, -9999, -9999, -9999, -9999, -9999, -9999, -9999, -9999, -9999, -9999, -9999, -9999, -9999, -9999, -9999, -9999, -9999, -9999, -9999, -9999, -9999, -9999, -9999, -9999, -9999, -9999, -9999, -9999, -9999],
[-9999, -9999, -9999, -9999, -9999, -9999, -9999, -9999, -9999, -9999, -9999, -9999, -9999, -9999, -9999, -9999, -9999, -9999, -9999, -9999, -9999, -9999, -9999, -9999, -9999, -9999, -9999, -9999, -9999, -9999, -9999, -9999, -9999, -9999, -9999, -9999, -9999, -9999, -9999, -9999, -9999, -9999, -9999, -9999, -9999, -9999, -9999, -9999, -9999, -9999, -9999, -9999, -9999, -9999, -9999, -9999, -9999, -9999, -9999, -9999, -9999, -9999, -9999, -9999, -9999, -9999, -9999, -9999, -9999, -9999, -9999, -9999, -9999, -9999, -9999, -9999, -9999, -9999, -9999, -9999, -9999, -9999, -9999, -9999, -9999, -9999, -9999, -9999, -9999, -9999, -9999, -9999, -9999, -9999, -9999, -9999, -9999, -9999, -9999, -9999, -9999, -9999, -9999, -9999, -9999]
];
