NbNodes = 105;
NbNDDs = 5;
NbPairs = 95;
NbTerminals = 5;
K = 0;
L = 97;
Wt = [
[-9999, -9999, -9999, -9999, -9999, -9999, 83, 3, -9999, -9999, 7, 26, 39, 71, 55, 3, -9999, -9999, -9999, -9999, -9999, 18, 42, -9999, -9999, -9999, -9999, 10, -9999, 54, 89, 82, -9999, -9999, 19, 56, 86, 95, 47, -9999, -9999, -9999, -9999, -9999, 98, -9999, 3, 13, -9999, 65, 34, 10, 97, -9999, 19, -9999, 21, -9999, -9999, -9999, -9999, -9999, 88, -9999, -9999, 61, -9999, -9999, 76, 46, -9999, 91, -9999, -9999, 18, -9999, -9999, 3, 44, -9999, 82, -9999, -9999, 16, 54, -9999, -9999, 90, -9999, -9999, -9999, 29, 22, 10, -9999, -9999, -9999, -9999, -9999, 13, 1, 1, 1, 1, 1],
[-9999, -9999, -9999, -9999, -9999, 95, 73, 45, 48, 67, 32, -9999, 15, 64, -9999, 31, -9999, -9999, -9999, 23, -9999, 31, -9999, 78, 43, 87, -9999, 89, -9999, 66, -9999, 81, 29, -9999, 80, -9999, -9999, 69, -9999, -9999, -9999, -9999, 60, -9999, -9999, -9999, 3, 68, -9999, -9999, 69, -9999, 2, 94, 27, 22, 35, -9999, -9999, -9999, 90, 99, 25, -9999, 31, 61, 52, -9999, 41, -9999, -9999, 57, -9999, -9999, -9999, -9999, -9999, -9999, -9999, -9999, -9999, -9999, -9999, 79, -9999, -9999, -9999, -9999, -9999, -9999, 62, 100, -9999, -9999, -9999, -9999, -9999, -9999, -9999, 87, 1, 1, 1, 1, 1],
[-9999, -9999, -9999, -9999, -9999, -9999, -9999, 39, 20, -9999, -9999, -9999, 86, 62, 14, 29, -9999, -9999, 23, -9999, -9999, -9999, 22, -9999, 92, 90, -9999, -9999, 88, -9999, -9999, -9999, -9999, -9999, -9999, 40, -9999, 5, -9999, -9999, -9999, -9999, -9999, -9999, -9999, -9999, 66, -9999, -9999, -9999, 25, 54, -9999, -9999, -9999, 13, -9999, -9999, -9999, -9999, -9999, -9999, -9999, -9999, -9999, -9999, -9999, -9999, -9999, -9999, -9999, 49, -9999, -9999, 51, -9999, -9999, -9999, -9999, -9999, -9999, -9999, -9999, -9999, -9999, 83, -9999, 67, -9999, -9999, -9999, -9999, -9999, 52, -9999, -9999, -9999, -9999, -9999, -9999, 1, 1, 1, 1, 1],
[-9999, -9999, -9999, -9999, -9999, -9999, 9, 22, 71, -9999, -9999, 73, 22, 58, 32, -9999, -9999, -9999, -9999, 54, -9999, -9999, -9999, 79, 15, 67, 60, 38, 3, 90, -9999, 99, 100, -9999, 88, -9999, 47, -9999, 83, -9999, -9999, -9999, 21, -9999, 24, -9999, 98, 39, 75, -9999, 68, 8, -9999, 73, 18, -9999, 41, -9999, -9999, -9999, -9999, -9999, 20, -9999, -9999, -9999, -9999, -9999, -9999, -9999, -9999, 20, 2, -9999, -9999, -9999, -9999, 5, 42, -9999, -9999, -9999, -9999, 85, 57, 21, -9999, 56, 38, -9999, -9999, 22, -9999, -9999, -9999, -9999, -9999, -9999, -9999, 9, 1, 1, 1, 1, 1],
[-9999, -9999, -9999, -9999, -9999, 59, -9999, -9999, -9999, -9999, -9999, -9999, -9999, -9999, -9999, -9999, -9999, -9999, -9999, -9999, -9999, 4, -9999, -9999, -9999, -9999, -9999, -9999, 54, -9999, -9999, -9999, -9999, -9999, -9999, -9999, -9999, -9999, -9999, -9999, -9999, -9999, -9999, -9999, -9999, -9999, -9999, -9999, -9999, -9999, -9999, -9999, -9999, -9999, -9999, -9999, -9999, -9999, -9999, -9999, 36, -9999, -9999, -9999, -9999, -9999, -9999, -9999, -9999, -9999, -9999, -9999, -9999, -9999, -9999, -9999, -9999, -9999, -9999, -9999, -9999, -9999, -9999, -9999, -9999, -9999, -9999, -9999, -9999, -9999, -9999, -9999, -9999, -9999, -9999, -9999, -9999, -9999, -9999, -9999, 1, 1, 1, 1, 1],
[-9999, -9999, -9999, -9999, -9999, -9999, 37, -9999, 15, -9999, 17, -9999, 34, 66, 92, 73, 29, -9999, 81, 77, -9999, -9999, -9999, 74, 58, 48, 52, -9999, -9999, 87, 89, -9999, -9999, -9999, -9999, -9999, -9999, 82, -9999, -9999, -9999, -9999, -9999, -9999, -9999, -9999, 69, 53, 21, 32, 79, -9999, 78, -9999, 6, -9999, -9999, -9999, -9999, -9999, 8, -9999, -9999, -9999, 51, 69, 25, -9999, -9999, 54, -9999, 60, -9999, -9999, 36, -9999, -9999, 25, 57, -9999, 68, -9999, -9999, 43, -9999, 99, -9999, -9999, -9999, 46, 14, 44, 10, 14, -9999, -9999, -9999, -9999, 59, 87, 1, 1, 1, 1, 1],
[-9999, -9999, -9999, -9999, -9999, 14, -9999, 75, 72, -9999, -9999, -9999, 81, 16, -9999, 57, -9999, -9999, 10, 53, -9999, -9999, 33, 84, 78, 48, -9999, 42, -9999, -9999, 64, 15, 72, -9999, 99, 81, 1, 33, -9999, -9999, -9999, -9999, 33, -9999, 8, -9999, 80, 96, 97, -9999, 40, -9999, 51, -9999, 86, -9999, 53, -9999, -9999, -9999, -9999, 99, 85, -9999, 28, 3, 27, -9999, 92, 25, -9999, 67, -9999, -9999, -9999, -9999, -9999, 63, 70, -9999, 90, -9999, -9999, 49, -9999, 50, -9999, -9999, 91, 33, -9999, -9999, -9999, -9999, -9999, -9999, -9999, -9999, 44, -9999, 1, 1, 1, 1, 1],
[-9999, -9999, -9999, -9999, -9999, -9999, 93, -9999, -9999, -9999, 33, -9999, 32, 1, 43, 16, -9999, -9999, -9999, 58, -9999, -9999, -9999, -9999, 40, 20, 26, 82, -9999, 45, 57, 97, 71, -9999, -9999, 13, 18, 38, -9999, -9999, -9999, -9999, 30, -9999, 61, -9999, 5, 76, 4, -9999, 93, -9999, -9999, 21, 54, 61, 37, -9999, -9999, -9999, -9999, 76, 7, -9999, 81, 14, -9999, -9999, -9999, -9999, -9999, 12, -9999, -9999, 42, -9999, -9999, 12, -9999, -9999, 89, -9999, -9999, 100, -9999, 88, -9999, -9999, 49, -9999, -9999, 33, 14, 52, -9999, -9999, -9999, 30, -9999, 8, 1, 1, 1, 1, 1],
[-9999, -9999, -9999, -9999, -9999, -9999, -9999, -9999, -9999, -9999, -9999, -9999, -9999, -9999, -9999, -9999, -9999, -9999, -9999, -9999, -9999, -9999, -9999, -9999, -9999, -9999, -9999, -9999, -9999, 20, -9999, -9999, -9999, -9999, -9999, -9999, -9999, -9999, -9999, -9999, -9999, -9999, -9999, -9999, -9999, -9999, -9999, -9999, -9999, -9999, -9999, -9999, -9999, -9999, -9999, -9999, -9999, -9999, -9999, -9999, 93, -9999, -9999, -9999, -9999, -9999, 52, -9999, -9999, -9999, -9999, -9999, -9999, -9999, -9999, -9999, -9999, -9999, -9999, -9999, -9999, -9999, -9999, -9999, -9999, -9999, -9999, -9999, -9999, -9999, -9999, -9999, -9999, -9999, -9999, -9999, -9999, -9999, -9999, -9999, 1, 1, 1, 1, 1],
[-9999, -9999, -9999, -9999, -9999, -9999, -9999, 34, -9999, -9999, -9999, -9999, 65, 60, -9999, 91, -9999, -9999, -9999, -9999, -9999, 66, 57, -9999, -9999, 6, 19, -9999, 51, -9999, -9999, 30, -9999, -9999, 75, -9999, -9999, -9999, 38, -9999, -9999, -9999, -9999, -9999, -9999, 57, 9, -9999, 71, -9999, 43, -9999, -9999, -9999, -9999, 98, -9999, -9999, -9999, -9999, -9999, -9999, -9999, -9999, -9999, -9999, -9999, -9999, -9999, -9999, -9999, 69, -9999, -9999, -9999, -9999, -9999, -9999, -9999, -9999, -9999, -9999, -9999, -9999, -9999, 75, -9999, 15, 40, -9999, -9999, -9999, -9999, 54, -9999, -9999, -9999, -9999, -9999, -9999, 1, 1, 1, 1, 1],
[-9999, -9999, -9999, -9999, -9999, -9999, -9999, -9999, -9999, -9999, -9999, -9999, -9999, -9999, -9999, -9999, -9999, -9999, -9999, -9999, -9999, 49, -9999, -9999, -9999, -9999, -9999, -9999, -9999, -9999, -9999, -9999, -9999, -9999, -9999, -9999, -9999, -9999, -9999, -9999, -9999, -9999, -9999, -9999, -9999, -9999, -9999, -9999, -9999, -9999, -9999, -9999, -9999, -9999, -9999, -9999, -9999, -9999, -9999, -9999, -9999, -9999, -9999, -9999, -9999, -9999, -9999, -9999, -9999, -9999, -9999, -9999, -9999, -9999, -9999, -9999, -9999, -9999, -9999, -9999, -9999, -9999, -9999, -9999, -9999, -9999, -9999, -9999, -9999, -9999, -9999, -9999, -9999, -9999, -9999, -9999, -9999, -9999, -9999, -9999, 1, 1, 1, 1, 1],
[-9999, -9999, -9999, -9999, -9999, -9999, 52, 93, -9999, -9999, 58, -9999, 63, 58, 61, -9999, 69, -9999, 73, -9999, -9999, -9999, -9999, -9999, 8, 20, -9999, -9999, 14, 35, 76, -9999, -9999, -9999, 76, 76, 46, 27, 54, -9999, -9999, -9999, -9999, -9999, 64, -9999, 33, 1, 82, 84, 30, 100, -9999, -9999, -9999, 83, 37, -9999, 97, -9999, -9999, -9999, -9999, -9999, 44, 5, -9999, -9999, -9999, -9999, -9999, 2, 15, -9999, -9999, -9999, -9999, -9999, 23, -9999, -9999, -9999, -9999, 1, 83, 21, -9999, -9999, 10, 52, 90, 95, 95, 10, -9999, -9999, -9999, -9999, 32, 9, 1, 1, 1, 1, 1],
[-9999, -9999, -9999, -9999, -9999, -9999, -9999, 76, 11, -9999, -9999, -9999, -9999, 12, -9999, 56, -9999, 74, 67, -9999, -9999, 37, 33, -9999, 41, -9999, 99, -9999, 84, -9999, -9999, 9, -9999, -9999, -9999, -9999, -9999, 99, 5, -9999, -9999, -9999, -9999, -9999, -9999, -9999, 58, -9999, 54, -9999, 28, -9999, -9999, -9999, -9999, -9999, -9999, -9999, -9999, -9999, -9999, -9999, -9999, -9999, -9999, -9999, -9999, -9999, -9999, -9999, -9999, 23, -9999, 63, -9999, 50, -9999, -9999, -9999, -9999, -9999, -9999, -9999, -9999, -9999, 44, -9999, 57, 3, -9999, -9999, -9999, -9999, 52, -9999, -9999, 92, -9999, -9999, -9999, 1, 1, 1, 1, 1],
[-9999, -9999, -9999, -9999, -9999, -9999, -9999, -9999, -9999, -9999, -9999, -9999, -9999, -9999, -9999, -9999, -9999, -9999, -9999, 64, -9999, 78, -9999, -9999, -9999, -9999, -9999, -9999, 58, 51, -9999, -9999, -9999, -9999, -9999, -9999, -9999, -9999, -9999, -9999, -9999, -9999, -9999, -9999, -9999, -9999, -9999, -9999, -9999, -9999, -9999, -9999, -9999, -9999, -9999, -9999, -9999, -9999, -9999, -9999, -9999, -9999, -9999, -9999, -9999, -9999, 80, -9999, 18, -9999, -9999, -9999, -9999, -9999, -9999, -9999, -9999, -9999, -9999, -9999, -9999, -9999, -9999, -9999, -9999, -9999, -9999, -9999, -9999, -9999, -9999, -9999, -9999, -9999, -9999, -9999, -9999, -9999, -9999, -9999, 1, 1, 1, 1, 1],
[-9999, -9999, -9999, -9999, -9999, 95, -9999, -9999, -9999, -9999, -9999, -9999, -9999, -9999, -9999, -9999, -9999, -9999, -9999, 90, -9999, 95, -9999, -9999, -9999, -9999, -9999, -9999, 68, 50, -9999, -9999, -9999, -9999, -9999, -9999, -9999, -9999, -9999, -9999, -9999, -9999, -9999, -9999, -9999, -9999, -9999, -9999, -9999, -9999, -9999, -9999, -9999, -9999, -9999, -9999, -9999, -9999, -9999, -9999, 70, -9999, -9999, -9999, -9999, -9999, 30, -9999, -9999, -9999, -9999, -9999, -9999, -9999, -9999, -9999, -9999, -9999, -9999, -9999, -9999, -9999, -9999, -9999, -9999, -9999, -9999, -9999, -9999, -9999, -9999, -9999, -9999, -9999, -9999, -9999, -9999, -9999, -9999, -9999, 1, 1, 1, 1, 1],
[-9999, -9999, -9999, -9999, -9999, 80, -9999, -9999, -9999, -9999, -9999, -9999, 76, 59, -9999, -9999, 5, -9999, 9, -9999, -9999, 23, 13, -9999, -9999, -9999, -9999, -9999, -9999, 72, 48, 46, 39, -9999, 81, 14, 72, -9999, 81, -9999, 18, -9999, 1, -9999, -9999, -9999, 48, 70, -9999, -9999, 96, 2, 47, -9999, 64, -9999, 65, -9999, -9999, -9999, 27, 86, 94, -9999, 35, 31, -9999, -9999, 78, 78, -9999, 89, -9999, -9999, -9999, -9999, -9999, 16, 92, -9999, -9999, -9999, -9999, 95, -9999, -9999, -9999, 59, -9999, -9999, -9999, 48, 93, -9999, -9999, -9999, -9999, -9999, -9999, 96, 1, 1, 1, 1, 1],
[-9999, -9999, -9999, -9999, -9999, -9999, -9999, 88, 20, -9999, 71, 10, 37, 6, -9999, -9999, -9999, -9999, 8, -9999, -9999, 43, 88, 4, -9999, 45, -9999, 32, -9999, 99, 8, -9999, -9999, -9999, -9999, 92, -9999, 54, -9999, -9999, 62, -9999, -9999, -9999, 57, -9999, 65, 73, 84, 7, 1, 70, 73, 77, -9999, 84, 71, -9999, -9999, -9999, 65, -9999, -9999, -9999, 14, 76, 12, -9999, 81, -9999, -9999, 81, -9999, -9999, 22, -9999, -9999, 61, -9999, -9999, 14, -9999, -9999, 18, -9999, -9999, -9999, -9999, 21, 20, -9999, 68, -9999, 12, -9999, -9999, -9999, -9999, 100, 71, 1, 1, 1, 1, 1],
[-9999, -9999, -9999, -9999, -9999, -9999, 58, 71, -9999, -9999, 26, -9999, 14, 8, -9999, 52, 22, -9999, -9999, 79, -9999, 28, 77, -9999, 38, 19, 36, 51, 33, -9999, 93, -9999, 81, -9999, -9999, -9999, -9999, -9999, 33, 100, -9999, -9999, 88, 88, -9999, 20, 59, 82, 89, 24, 21, -9999, -9999, 57, 71, -9999, 81, -9999, -9999, 100, 57, 39, -9999, 91, 76, -9999, -9999, -9999, 74, -9999, -9999, 23, -9999, -9999, 3, 47, -9999, -9999, -9999, -9999, 15, -9999, -9999, 24, -9999, 33, 45, 67, -9999, 71, 63, 25, -9999, 8, -9999, 26, 40, -9999, -9999, -9999, 1, 1, 1, 1, 1],
[-9999, -9999, -9999, -9999, -9999, -9999, -9999, 44, 66, -9999, -9999, -9999, 93, 4, 72, -9999, -9999, -9999, -9999, -9999, 75, 23, -9999, -9999, 90, 37, 95, 73, 94, -9999, -9999, -9999, -9999, -9999, 24, -9999, -9999, 12, 68, -9999, -9999, -9999, -9999, -9999, -9999, -9999, 53, -9999, 35, -9999, 19, -9999, -9999, -9999, -9999, -9999, -9999, -9999, -9999, -9999, -9999, -9999, -9999, -9999, -9999, -9999, -9999, -9999, -9999, -9999, -9999, 72, -9999, -9999, -9999, -9999, -9999, -9999, -9999, -9999, -9999, -9999, -9999, -9999, -9999, -9999, -9999, 69, 86, -9999, -9999, -9999, -9999, 5, -9999, -9999, -9999, -9999, -9999, -9999, 1, 1, 1, 1, 1],
[-9999, -9999, -9999, -9999, -9999, 4, 70, 63, 83, -9999, 98, 42, 91, 29, 54, 79, -9999, -9999, 12, -9999, -9999, -9999, 54, 89, 45, 14, 79, -9999, -9999, 16, 16, 68, -9999, -9999, 47, 69, -9999, 82, 33, -9999, -9999, -9999, 2, -9999, 91, -9999, 42, 51, 41, -9999, 5, 93, 30, 25, 31, 6, 80, -9999, -9999, -9999, -9999, -9999, 29, -9999, 49, -9999, 47, -9999, 59, -9999, -9999, 50, -9999, -9999, 98, -9999, -9999, 85, 54, -9999, 24, -9999, -9999, 56, -9999, -9999, -9999, 1, -9999, 97, 51, 73, -9999, 25, -9999, -9999, -9999, -9999, 8, -9999, 1, 1, 1, 1, 1],
[-9999, -9999, -9999, -9999, -9999, 52, -9999, 8, 34, -9999, -9999, -9999, 12, 82, 96, -9999, 45, -9999, 3, 23, -9999, -9999, 14, -9999, -9999, -9999, -9999, -9999, 94, 92, 82, 16, 8, -9999, 48, -9999, 17, -9999, -9999, -9999, -9999, -9999, 29, -9999, 87, -9999, 83, 99, 4, -9999, 54, 78, -9999, 59, 55, 51, 74, -9999, -9999, -9999, -9999, 21, -9999, -9999, -9999, 34, 3, -9999, 51, 20, -9999, 38, -9999, -9999, 100, -9999, -9999, 67, -9999, -9999, -9999, -9999, -9999, 36, -9999, 70, -9999, 33, -9999, -9999, 35, 52, -9999, 74, -9999, -9999, -9999, -9999, 90, 99, 1, 1, 1, 1, 1],
[-9999, -9999, -9999, -9999, -9999, 86, 15, 48, 20, -9999, -9999, 54, 22, 47, -9999, 92, -9999, -9999, 55, 91, -9999, -9999, 72, 81, 63, 5, -9999, 27, 10, -9999, 36, 23, -9999, -9999, 88, 49, 67, 19, 70, -9999, -9999, -9999, -9999, -9999, -9999, -9999, 18, 82, 30, 61, 94, 6, 69, 57, -9999, 34, 43, -9999, 92, -9999, -9999, 39, -9999, -9999, 32, -9999, -9999, -9999, 47, -9999, -9999, 75, -9999, -9999, -9999, -9999, -9999, 82, 77, -9999, 17, -9999, -9999, 80, -9999, 46, -9999, -9999, 37, 77, -9999, 39, 50, 2, 9, -9999, -9999, 51, 17, -9999, 1, 1, 1, 1, 1],
[-9999, -9999, -9999, -9999, -9999, -9999, -9999, -9999, 66, -9999, -9999, -9999, 53, 92, -9999, -9999, -9999, -9999, 93, -9999, -9999, -9999, -9999, -9999, -9999, 28, -9999, 42, 50, -9999, -9999, 81, -9999, -9999, -9999, 59, -9999, -9999, -9999, -9999, -9999, -9999, -9999, -9999, -9999, -9999, 20, -9999, -9999, -9999, 79, 6, -9999, -9999, -9999, -9999, -9999, -9999, -9999, -9999, -9999, -9999, -9999, -9999, -9999, -9999, -9999, -9999, -9999, -9999, -9999, 87, -9999, -9999, 36, -9999, -9999, -9999, -9999, -9999, -9999, -9999, -9999, -9999, -9999, 88, -9999, -9999, -9999, -9999, -9999, -9999, -9999, -9999, -9999, -9999, -9999, -9999, -9999, -9999, 1, 1, 1, 1, 1],
[-9999, -9999, -9999, -9999, -9999, -9999, -9999, -9999, 31, -9999, -9999, -9999, 57, 37, 32, 63, -9999, -9999, -9999, -9999, -9999, 13, 23, -9999, 57, 97, 60, -9999, -9999, -9999, -9999, -9999, -9999, -9999, -9999, -9999, -9999, 99, 100, -9999, -9999, -9999, -9999, -9999, -9999, -9999, 9, -9999, 3, -9999, 18, -9999, -9999, -9999, -9999, 21, -9999, -9999, -9999, -9999, -9999, -9999, -9999, -9999, -9999, -9999, -9999, -9999, -9999, -9999, -9999, 57, -9999, -9999, 87, -9999, -9999, -9999, -9999, -9999, -9999, -9999, -9999, -9999, -9999, 47, -9999, -9999, -9999, -9999, -9999, -9999, -9999, -9999, -9999, -9999, -9999, -9999, -9999, -9999, 1, 1, 1, 1, 1],
[-9999, -9999, -9999, -9999, -9999, -9999, -9999, -9999, -9999, -9999, -9999, -9999, 50, 20, 23, -9999, -9999, -9999, 13, -9999, -9999, 86, -9999, -9999, -9999, 23, -9999, -9999, -9999, -9999, -9999, 57, -9999, -9999, -9999, 29, -9999, 95, -9999, -9999, -9999, -9999, -9999, -9999, -9999, -9999, 54, -9999, -9999, -9999, 8, 52, -9999, -9999, -9999, 20, -9999, -9999, -9999, -9999, -9999, -9999, -9999, -9999, -9999, -9999, -9999, -9999, -9999, -9999, -9999, 19, -9999, -9999, -9999, -9999, -9999, -9999, -9999, -9999, -9999, -9999, -9999, -9999, -9999, -9999, -9999, -9999, 58, -9999, -9999, -9999, -9999, 61, -9999, -9999, -9999, -9999, -9999, -9999, 1, 1, 1, 1, 1],
[-9999, -9999, -9999, -9999, -9999, 27, -9999, 56, -9999, -9999, 93, 10, 58, 78, 66, 32, -9999, -9999, 3, 88, -9999, 55, -9999, 51, 14, -9999, -9999, 73, 5, 56, 93, 62, 47, -9999, 13, 7, 40, 49, 98, -9999, -9999, -9999, 89, -9999, -9999, -9999, 71, 25, 31, 34, 58, 93, -9999, -9999, -9999, 85, -9999, -9999, -9999, -9999, 28, -9999, 69, -9999, -9999, 15, 26, -9999, 11, -9999, -9999, 12, -9999, -9999, 23, -9999, 42, -9999, 16, -9999, 97, -9999, -9999, 99, -9999, 22, -9999, -9999, 45, -9999, -9999, 43, 25, 55, -9999, -9999, -9999, -9999, -9999, 86, 1, 1, 1, 1, 1],
[-9999, -9999, -9999, -9999, -9999, 37, -9999, 10, 77, -9999, 81, 35, 37, 88, 13, 26, -9999, -9999, 69, 87, -9999, 19, -9999, 49, -9999, 86, -9999, -9999, 58, 77, -9999, 37, 59, -9999, 33, 1, -9999, 73, 2, -9999, -9999, -9999, 83, -9999, 53, -9999, -9999, 50, 43, 36, 34, 38, 1, 82, 22, 19, -9999, -9999, -9999, -9999, 17, 60, 70, -9999, 34, 91, -9999, -9999, -9999, 54, -9999, 83, -9999, -9999, 29, -9999, 58, -9999, 5, -9999, -9999, -9999, -9999, 56, -9999, -9999, -9999, 67, -9999, 27, 30, 97, 78, -9999, -9999, -9999, -9999, -9999, 76, 14, 1, 1, 1, 1, 1],
[-9999, -9999, -9999, -9999, -9999, 74, -9999, -9999, -9999, -9999, 54, -9999, 72, -9999, -9999, -9999, 52, -9999, 77, -9999, -9999, -9999, -9999, -9999, 53, -9999, 25, -9999, 25, 33, 78, -9999, 48, -9999, -9999, 52, 7, 3, -9999, -9999, -9999, -9999, -9999, -9999, -9999, -9999, 92, 97, -9999, 96, 25, -9999, 54, -9999, -9999, 89, 14, -9999, -9999, -9999, -9999, 2, 21, -9999, 98, 25, 4, -9999, 34, 39, -9999, 34, -9999, -9999, -9999, -9999, -9999, 44, 7, -9999, -9999, -9999, -9999, 12, -9999, 52, -9999, 70, 99, 12, 24, 17, -9999, 64, 21, -9999, -9999, -9999, 25, -9999, 1, 1, 1, 1, 1],
[-9999, -9999, -9999, -9999, -9999, -9999, -9999, -9999, -9999, -9999, -9999, -9999, -9999, -9999, -9999, -9999, -9999, -9999, -9999, -9999, -9999, 97, -9999, -9999, -9999, -9999, -9999, -9999, -9999, -9999, -9999, -9999, -9999, -9999, -9999, -9999, -9999, -9999, -9999, -9999, -9999, -9999, -9999, -9999, -9999, -9999, -9999, -9999, -9999, -9999, -9999, -9999, -9999, -9999, -9999, -9999, -9999, -9999, -9999, -9999, 56, -9999, -9999, -9999, -9999, -9999, -9999, -9999, 9, -9999, -9999, -9999, -9999, -9999, -9999, -9999, -9999, -9999, -9999, -9999, -9999, -9999, -9999, -9999, -9999, -9999, -9999, -9999, -9999, -9999, -9999, -9999, -9999, -9999, -9999, -9999, -9999, -9999, -9999, -9999, 1, 1, 1, 1, 1],
[-9999, -9999, -9999, -9999, -9999, -9999, -9999, 53, -9999, -9999, -9999, -9999, 74, 70, -9999, 44, -9999, -9999, -9999, -9999, -9999, 56, -9999, -9999, 19, 99, 97, 69, 24, -9999, -9999, 3, -9999, -9999, 62, 56, -9999, 41, 88, -9999, -9999, -9999, -9999, -9999, -9999, -9999, 65, -9999, -9999, -9999, 6, -9999, -9999, -9999, -9999, 76, -9999, -9999, -9999, -9999, -9999, -9999, -9999, -9999, -9999, -9999, -9999, -9999, -9999, -9999, -9999, 56, -9999, -9999, 5, -9999, -9999, -9999, -9999, -9999, -9999, -9999, -9999, -9999, -9999, -9999, -9999, 11, -9999, -9999, -9999, -9999, -9999, -9999, -9999, -9999, -9999, -9999, -9999, -9999, 1, 1, 1, 1, 1],
[-9999, -9999, -9999, -9999, -9999, 91, -9999, -9999, -9999, -9999, 75, -9999, 19, 54, 61, -9999, -9999, -9999, 11, 27, -9999, -9999, 73, -9999, -9999, 74, -9999, -9999, 98, 40, -9999, -9999, 37, -9999, -9999, 97, 50, 86, -9999, -9999, -9999, -9999, 69, -9999, -9999, -9999, 85, 8, -9999, 38, 46, -9999, 67, -9999, -9999, -9999, -9999, -9999, -9999, -9999, -9999, -9999, -9999, -9999, 10, 79, 68, -9999, 18, 8, -9999, 81, 3, -9999, 68, -9999, 4, 56, 11, -9999, 19, -9999, -9999, 40, -9999, -9999, -9999, 74, 99, 49, 17, 1, -9999, 33, -9999, -9999, -9999, -9999, -9999, 82, 1, 1, 1, 1, 1],
[-9999, -9999, -9999, -9999, -9999, -9999, -9999, 63, -9999, -9999, -9999, -9999, 69, 71, 42, -9999, -9999, -9999, -9999, -9999, -9999, 3, 30, -9999, 72, 50, -9999, 15, 50, -9999, -9999, -9999, -9999, -9999, 35, 42, -9999, 33, 50, -9999, -9999, -9999, -9999, -9999, -9999, -9999, 2, -9999, 18, -9999, 89, -9999, -9999, -9999, -9999, -9999, -9999, -9999, -9999, -9999, -9999, -9999, -9999, -9999, -9999, -9999, -9999, -9999, -9999, -9999, -9999, 90, -9999, -9999, 35, -9999, -9999, -9999, -9999, -9999, -9999, -9999, 3, -9999, -9999, 42, -9999, 62, 73, -9999, -9999, -9999, -9999, 3, -9999, -9999, -9999, -9999, -9999, -9999, 1, 1, 1, 1, 1],
[-9999, -9999, -9999, -9999, -9999, -9999, -9999, 39, 70, -9999, 93, -9999, 11, 43, -9999, 16, 30, -9999, -9999, 65, -9999, 26, 43, 65, -9999, 71, -9999, -9999, 64, 54, -9999, 11, -9999, -9999, 32, -9999, 89, -9999, 31, -9999, -9999, -9999, 17, -9999, -9999, -9999, 89, 99, -9999, 38, 41, 70, 100, -9999, -9999, -9999, -9999, -9999, -9999, -9999, -9999, -9999, 91, -9999, -9999, 35, 50, -9999, -9999, 68, -9999, 70, -9999, -9999, 7, -9999, -9999, -9999, 41, -9999, 67, -9999, -9999, 56, -9999, 38, -9999, 40, 76, 80, 49, 100, 2, -9999, -9999, -9999, -9999, -9999, -9999, -9999, 1, 1, 1, 1, 1],
[-9999, -9999, -9999, -9999, -9999, -9999, -9999, -9999, 94, -9999, -9999, -9999, 9, 87, 39, -9999, -9999, 67, -9999, -9999, -9999, -9999, 96, -9999, -9999, 7, 84, 75, -9999, -9999, -9999, 71, -9999, -9999, -9999, -9999, -9999, -9999, -9999, -9999, -9999, -9999, -9999, 24, -9999, -9999, 94, -9999, 90, -9999, 91, 32, -9999, -9999, -9999, -9999, -9999, -9999, -9999, -9999, -9999, -9999, -9999, -9999, -9999, -9999, -9999, -9999, -9999, -9999, 57, 99, -9999, -9999, 62, -9999, -9999, -9999, -9999, -9999, -9999, -9999, -9999, -9999, -9999, 14, -9999, 13, 70, -9999, -9999, -9999, -9999, 81, -9999, -9999, -9999, -9999, -9999, -9999, 1, 1, 1, 1, 1],
[-9999, -9999, -9999, -9999, -9999, -9999, -9999, -9999, -9999, 83, -9999, -9999, 7, 59, 18, -9999, -9999, -9999, -9999, 34, -9999, -9999, 49, 16, 84, 97, -9999, -9999, 40, 52, -9999, -9999, 11, -9999, -9999, 53, 21, 7, 84, -9999, -9999, -9999, -9999, -9999, -9999, -9999, 1, 37, -9999, 26, 98, 99, -9999, 78, -9999, 10, 64, -9999, -9999, -9999, -9999, -9999, -9999, -9999, -9999, 82, 81, -9999, -9999, 88, -9999, 71, -9999, -9999, 30, -9999, -9999, -9999, 60, -9999, 65, -9999, -9999, 92, -9999, 17, -9999, -9999, 70, -9999, 62, 25, -9999, -9999, -9999, -9999, -9999, -9999, -9999, 7, 1, 1, 1, 1, 1],
[-9999, -9999, -9999, -9999, -9999, -9999, 30, -9999, -9999, -9999, -9999, -9999, 21, 85, -9999, -9999, 6, -9999, -9999, 100, -9999, -9999, 39, 56, 75, 57, 32, 18, -9999, -9999, 16, -9999, 60, -9999, 49, -9999, 73, -9999, -9999, -9999, -9999, -9999, -9999, -9999, -9999, -9999, 18, 61, 29, 14, 50, 55, -9999, -9999, -9999, -9999, 96, -9999, 99, -9999, 56, -9999, 56, -9999, -9999, 1, 6, -9999, 2, 93, -9999, 28, -9999, -9999, 48, -9999, -9999, 80, -9999, -9999, 8, -9999, -9999, 86, -9999, -9999, -9999, -9999, 44, -9999, -9999, 70, -9999, -9999, -9999, -9999, -9999, -9999, -9999, 43, 1, 1, 1, 1, 1],
[-9999, -9999, -9999, -9999, -9999, 43, 35, -9999, -9999, -9999, -9999, 88, 41, 90, -9999, 88, 55, -9999, -9999, 49, -9999, 56, 81, -9999, 73, 10, -9999, 5, -9999, 52, -9999, 17, -9999, -9999, 52, 94, -9999, 6, -9999, -9999, -9999, -9999, 38, -9999, 66, -9999, 90, 40, -9999, -9999, 58, 89, 70, 17, -9999, 33, -9999, -9999, -9999, -9999, 97, -9999, 64, -9999, -9999, 97, -9999, -9999, -9999, -9999, -9999, 15, -9999, -9999, 13, -9999, -9999, 15, 10, -9999, 75, -9999, -9999, 14, -9999, 90, -9999, 6, 44, 22, -9999, 83, -9999, -9999, -9999, -9999, -9999, 70, -9999, 92, 1, 1, 1, 1, 1],
[-9999, -9999, -9999, -9999, -9999, -9999, -9999, 70, 28, -9999, -9999, -9999, 31, 33, 17, -9999, -9999, -9999, -9999, -9999, -9999, -9999, -9999, -9999, -9999, 70, 89, -9999, -9999, -9999, -9999, 59, -9999, -9999, 70, 30, -9999, -9999, 21, -9999, -9999, -9999, -9999, -9999, -9999, -9999, 12, -9999, -9999, -9999, -9999, -9999, -9999, -9999, -9999, 6, -9999, -9999, -9999, -9999, -9999, -9999, -9999, -9999, -9999, -9999, -9999, -9999, -9999, -9999, -9999, 36, -9999, -9999, -9999, -9999, -9999, -9999, -9999, -9999, -9999, -9999, -9999, -9999, -9999, -9999, -9999, 50, -9999, -9999, -9999, -9999, -9999, 37, -9999, -9999, -9999, -9999, -9999, -9999, 1, 1, 1, 1, 1],
[-9999, -9999, -9999, -9999, -9999, 47, 83, -9999, 83, -9999, 66, 94, 80, 66, 44, -9999, 9, -9999, -9999, 33, -9999, -9999, -9999, 98, 18, -9999, -9999, 2, 12, 20, -9999, -9999, 47, -9999, 1, 46, 91, 46, -9999, -9999, -9999, -9999, 73, -9999, 91, -9999, 79, 65, -9999, 98, 84, 55, -9999, -9999, -9999, 55, -9999, -9999, -9999, -9999, 2, 6, 64, -9999, -9999, -9999, 65, -9999, 8, 27, -9999, 43, -9999, -9999, 100, -9999, -9999, -9999, 62, -9999, -9999, -9999, -9999, 62, -9999, -9999, -9999, 42, 5, 93, 1, 13, 13, 66, -9999, -9999, -9999, -9999, -9999, 48, 1, 1, 1, 1, 1],
[-9999, -9999, -9999, -9999, -9999, -9999, -9999, 73, 93, -9999, -9999, -9999, 71, 42, 54, -9999, -9999, -9999, 52, -9999, -9999, 6, 81, -9999, 85, 21, -9999, -9999, 2, -9999, -9999, -9999, -9999, -9999, -9999, 24, -9999, -9999, -9999, -9999, -9999, -9999, -9999, -9999, -9999, -9999, 31, -9999, 31, -9999, 72, -9999, -9999, -9999, -9999, 60, -9999, -9999, -9999, -9999, -9999, -9999, -9999, -9999, -9999, -9999, -9999, -9999, -9999, -9999, -9999, 11, -9999, -9999, -9999, -9999, -9999, -9999, -9999, -9999, -9999, -9999, 95, -9999, -9999, -9999, -9999, -9999, 84, -9999, -9999, -9999, -9999, 91, -9999, -9999, -9999, -9999, -9999, -9999, 1, 1, 1, 1, 1],
[-9999, -9999, -9999, -9999, -9999, -9999, -9999, 26, 79, -9999, -9999, 46, 10, 17, 45, 100, 10, -9999, -9999, 56, 65, 93, 2, -9999, 75, -9999, -9999, -9999, 52, -9999, -9999, -9999, 37, -9999, -9999, 71, 79, 9, 46, -9999, -9999, -9999, -9999, -9999, 43, -9999, 97, 66, -9999, 64, 41, -9999, -9999, 66, 10, -9999, -9999, -9999, 73, -9999, 24, -9999, 72, -9999, 12, 94, -9999, -9999, -9999, 69, -9999, 9, -9999, -9999, -9999, -9999, -9999, -9999, -9999, -9999, -9999, -9999, -9999, 52, -9999, 73, -9999, 54, 35, -9999, -9999, 10, 73, 9, -9999, -9999, -9999, -9999, -9999, -9999, 1, 1, 1, 1, 1],
[-9999, -9999, -9999, -9999, -9999, -9999, -9999, -9999, -9999, -9999, -9999, -9999, 18, 40, 1, 22, -9999, -9999, 64, -9999, -9999, 45, 44, -9999, -9999, 1, 30, 7, -9999, -9999, -9999, 84, -9999, -9999, -9999, -9999, -9999, -9999, 82, -9999, -9999, -9999, -9999, -9999, -9999, -9999, 29, -9999, 30, -9999, 99, 80, -9999, -9999, -9999, -9999, -9999, -9999, -9999, -9999, -9999, -9999, -9999, -9999, -9999, -9999, -9999, -9999, -9999, -9999, -9999, 1, -9999, -9999, 54, -9999, -9999, -9999, -9999, -9999, -9999, -9999, -9999, -9999, -9999, 32, -9999, -9999, 3, -9999, -9999, -9999, -9999, 79, -9999, -9999, -9999, -9999, -9999, -9999, 1, 1, 1, 1, 1],
[-9999, -9999, -9999, -9999, -9999, 94, -9999, 63, -9999, -9999, -9999, -9999, -9999, 53, 23, 86, -9999, -9999, -9999, 68, -9999, 45, 77, -9999, 5, 11, 67, 95, -9999, -9999, 90, 7, 49, -9999, 79, 48, 59, 6, 57, -9999, -9999, 75, -9999, -9999, -9999, -9999, 70, 24, -9999, 96, 4, 63, 4, 25, 41, -9999, 40, -9999, -9999, -9999, -9999, 93, 84, -9999, 50, 32, -9999, -9999, -9999, -9999, -9999, 23, -9999, -9999, 34, -9999, -9999, 47, -9999, -9999, 19, -9999, -9999, 43, 26, 83, -9999, -9999, 30, 3, -9999, 56, 13, 28, -9999, -9999, -9999, -9999, 97, -9999, 1, 1, 1, 1, 1],
[-9999, -9999, -9999, -9999, -9999, 87, -9999, 75, 77, -9999, -9999, 86, 17, 25, 78, 41, -9999, -9999, -9999, 2, -9999, 7, 75, -9999, -9999, 64, 64, 72, -9999, -9999, 13, 56, 12, -9999, 27, 72, 40, 80, 93, -9999, -9999, -9999, 10, -9999, -9999, -9999, 5, 53, -9999, -9999, 24, 94, -9999, 72, -9999, 39, 15, -9999, -9999, -9999, -9999, -9999, 91, -9999, -9999, 31, 20, -9999, -9999, 95, -9999, 1, -9999, -9999, 4, -9999, -9999, 50, -9999, -9999, 2, -9999, -9999, 88, -9999, -9999, -9999, -9999, 95, 22, -9999, 66, -9999, -9999, -9999, -9999, -9999, -9999, 10, 38, 1, 1, 1, 1, 1],
[-9999, -9999, -9999, -9999, -9999, 98, 52, 14, 4, 53, 4, -9999, -9999, 67, -9999, -9999, 18, -9999, 60, 74, -9999, 9, 20, -9999, 8, -9999, 54, 63, 51, 4, 41, -9999, 73, -9999, 98, 57, -9999, 33, -9999, -9999, -9999, -9999, -9999, -9999, -9999, -9999, 25, 96, -9999, 78, 82, 10, -9999, 58, 82, 20, 55, -9999, -9999, -9999, 27, 44, 70, -9999, -9999, -9999, 34, -9999, -9999, -9999, -9999, 72, -9999, -9999, 11, -9999, 7, -9999, 61, -9999, -9999, -9999, -9999, 48, 73, -9999, -9999, 39, 17, 84, 24, 87, -9999, -9999, -9999, -9999, -9999, -9999, -9999, -9999, 1, 1, 1, 1, 1],
[-9999, -9999, -9999, -9999, -9999, -9999, -9999, 53, -9999, -9999, -9999, -9999, 3, 82, -9999, -9999, -9999, -9999, 52, -9999, -9999, 63, 35, -9999, 4, 36, 84, -9999, -9999, -9999, -9999, -9999, -9999, -9999, 75, 21, -9999, -9999, -9999, -9999, 76, -9999, -9999, -9999, -9999, -9999, 5, -9999, 24, -9999, 3, -9999, -9999, -9999, -9999, 77, -9999, -9999, -9999, -9999, -9999, -9999, -9999, -9999, -9999, -9999, -9999, -9999, -9999, -9999, -9999, 79, -9999, -9999, -9999, -9999, -9999, -9999, -9999, -9999, -9999, -9999, -9999, -9999, -9999, 56, -9999, 30, 71, -9999, -9999, -9999, -9999, 11, -9999, -9999, -9999, -9999, -9999, -9999, 1, 1, 1, 1, 1],
[-9999, -9999, -9999, -9999, -9999, -9999, -9999, -9999, 2, -9999, -9999, -9999, 75, 93, 22, -9999, -9999, 1, 28, -9999, -9999, -9999, 32, -9999, -9999, 18, 47, -9999, -9999, -9999, -9999, -9999, -9999, -9999, -9999, -9999, -9999, 85, -9999, -9999, -9999, -9999, -9999, 54, -9999, 44, -9999, -9999, -9999, -9999, 76, -9999, -9999, -9999, -9999, -9999, -9999, -9999, -9999, -9999, -9999, -9999, -9999, -9999, -9999, -9999, -9999, -9999, -9999, -9999, 82, 68, -9999, -9999, 51, 75, -9999, -9999, -9999, -9999, -9999, -9999, -9999, -9999, -9999, -9999, -9999, 46, -9999, -9999, -9999, -9999, -9999, 42, -9999, -9999, -9999, -9999, -9999, -9999, 1, 1, 1, 1, 1],
[-9999, -9999, -9999, -9999, -9999, -9999, -9999, -9999, -9999, -9999, -9999, -9999, -9999, -9999, -9999, -9999, -9999, -9999, -9999, 27, -9999, 64, -9999, -9999, -9999, -9999, -9999, -9999, 45, -9999, -9999, -9999, -9999, -9999, -9999, -9999, -9999, -9999, -9999, -9999, -9999, -9999, -9999, -9999, -9999, -9999, -9999, -9999, -9999, -9999, -9999, -9999, -9999, -9999, -9999, -9999, -9999, -9999, -9999, -9999, 32, -9999, -9999, -9999, -9999, -9999, -9999, -9999, -9999, -9999, -9999, -9999, -9999, -9999, -9999, -9999, -9999, -9999, -9999, -9999, -9999, -9999, -9999, -9999, -9999, -9999, -9999, -9999, -9999, -9999, -9999, -9999, -9999, -9999, -9999, -9999, -9999, -9999, -9999, -9999, 1, 1, 1, 1, 1],
[-9999, -9999, -9999, -9999, -9999, -9999, -9999, -9999, 55, -9999, -9999, -9999, 11, 22, -9999, 42, -9999, -9999, 85, -9999, -9999, 60, -9999, -9999, -9999, 31, -9999, -9999, 88, -9999, -9999, -9999, -9999, -9999, -9999, 52, -9999, 24, 66, -9999, 97, -9999, -9999, 9, -9999, -9999, -9999, -9999, -9999, -9999, 93, 6, -9999, -9999, -9999, 81, -9999, -9999, -9999, -9999, -9999, -9999, -9999, -9999, -9999, -9999, -9999, -9999, -9999, -9999, -9999, 36, -9999, 51, -9999, 67, -9999, -9999, -9999, -9999, -9999, -9999, 20, -9999, -9999, -9999, 37, -9999, 40, -9999, -9999, -9999, -9999, -9999, -9999, -9999, -9999, -9999, -9999, -9999, 1, 1, 1, 1, 1],
[-9999, -9999, -9999, -9999, -9999, -9999, -9999, 34, -9999, -9999, -9999, -9999, 25, 23, 55, 32, -9999, -9999, 11, -9999, -9999, 64, 89, -9999, 77, -9999, 80, -9999, 8, -9999, -9999, -9999, -9999, -9999, 82, -9999, -9999, 71, -9999, -9999, -9999, -9999, -9999, -9999, -9999, -9999, 83, -9999, -9999, -9999, 26, 19, -9999, -9999, -9999, -9999, -9999, -9999, -9999, -9999, -9999, -9999, -9999, -9999, -9999, -9999, -9999, -9999, -9999, -9999, -9999, 8, -9999, -9999, -9999, -9999, -9999, -9999, -9999, -9999, -9999, -9999, -9999, -9999, -9999, 83, -9999, -9999, 36, -9999, -9999, -9999, -9999, 44, 75, -9999, -9999, -9999, -9999, -9999, 1, 1, 1, 1, 1],
[-9999, -9999, -9999, -9999, -9999, 96, 16, 45, 38, -9999, -9999, -9999, 64, 16, -9999, -9999, 23, -9999, 54, 50, -9999, -9999, 29, -9999, -9999, 74, -9999, -9999, 28, 50, -9999, 59, -9999, -9999, 63, 62, 76, -9999, 25, -9999, -9999, 19, 66, -9999, 13, -9999, 72, 92, -9999, 16, -9999, 16, -9999, -9999, 35, 59, 78, -9999, -9999, -9999, 54, -9999, -9999, -9999, 38, 24, 59, -9999, 4, -9999, -9999, 14, -9999, -9999, -9999, -9999, -9999, -9999, -9999, -9999, 64, -9999, 68, 10, -9999, 57, -9999, 4, 6, -9999, 76, 12, -9999, -9999, -9999, -9999, -9999, -9999, 52, 73, 1, 1, 1, 1, 1],
[-9999, -9999, -9999, -9999, -9999, 33, 92, -9999, 52, -9999, 21, -9999, 23, 65, 68, 1, 81, -9999, -9999, -9999, -9999, -9999, -9999, 89, -9999, 57, -9999, 27, 81, 88, 70, -9999, 9, -9999, 23, 48, 42, -9999, -9999, -9999, -9999, -9999, 98, -9999, 86, -9999, 91, 73, 86, 77, 58, -9999, 38, -9999, 99, -9999, 98, -9999, -9999, -9999, -9999, -9999, 99, -9999, -9999, 62, 31, -9999, 45, 100, -9999, 7, -9999, -9999, -9999, -9999, 82, -9999, -9999, -9999, -9999, -9999, -9999, 31, -9999, -9999, -9999, 22, 71, 20, 15, 3, -9999, 44, -9999, -9999, -9999, -9999, 6, -9999, 1, 1, 1, 1, 1],
[-9999, -9999, -9999, -9999, -9999, -9999, -9999, -9999, -9999, -9999, -9999, -9999, 8, 54, -9999, 32, -9999, -9999, 84, -9999, -9999, 46, -9999, -9999, 64, 81, 89, 41, 26, -9999, -9999, 74, -9999, -9999, -9999, 2, -9999, 77, 88, -9999, 30, -9999, -9999, -9999, -9999, -9999, 3, -9999, 5, -9999, 45, 59, -9999, -9999, -9999, -9999, -9999, -9999, -9999, -9999, -9999, -9999, -9999, -9999, -9999, -9999, -9999, -9999, -9999, -9999, -9999, 12, -9999, -9999, 81, -9999, -9999, -9999, -9999, -9999, -9999, -9999, 29, -9999, -9999, 91, -9999, -9999, 27, -9999, -9999, -9999, -9999, -9999, -9999, -9999, -9999, -9999, -9999, -9999, 1, 1, 1, 1, 1],
[-9999, -9999, -9999, -9999, -9999, -9999, -9999, -9999, -9999, -9999, -9999, -9999, 37, 41, -9999, 84, -9999, 25, 5, -9999, 50, 21, 78, -9999, -9999, 28, -9999, -9999, 43, -9999, -9999, 1, -9999, -9999, 30, 5, -9999, -9999, -9999, -9999, 38, -9999, -9999, 46, -9999, 93, 14, -9999, -9999, -9999, 21, 98, -9999, -9999, -9999, -9999, -9999, -9999, -9999, -9999, -9999, -9999, -9999, -9999, -9999, -9999, -9999, 97, -9999, -9999, -9999, 17, -9999, 5, 67, 40, -9999, -9999, -9999, -9999, -9999, -9999, -9999, -9999, -9999, 56, -9999, -9999, 15, -9999, -9999, -9999, -9999, -9999, -9999, -9999, 31, -9999, -9999, -9999, 1, 1, 1, 1, 1],
[-9999, -9999, -9999, -9999, -9999, 38, -9999, -9999, 16, -9999, 58, 42, 67, 8, -9999, -9999, -9999, -9999, -9999, 42, -9999, 92, -9999, 89, 95, -9999, -9999, 1, 21, 90, 34, 10, 47, -9999, 16, -9999, 4, 2, 16, -9999, -9999, -9999, -9999, -9999, 30, -9999, 57, 26, 32, -9999, 39, -9999, -9999, -9999, -9999, -9999, -9999, -9999, 32, -9999, 16, 28, 84, -9999, 54, 69, -9999, -9999, -9999, 81, -9999, 35, -9999, -9999, -9999, -9999, -9999, -9999, 69, -9999, 75, -9999, 75, 22, -9999, -9999, -9999, 37, 54, -9999, -9999, 24, -9999, 21, -9999, -9999, -9999, -9999, 94, 14, 1, 1, 1, 1, 1],
[-9999, -9999, -9999, -9999, -9999, -9999, 80, 32, 9, -9999, 90, 74, 39, 12, -9999, -9999, 42, -9999, 55, -9999, -9999, -9999, 64, 51, -9999, 68, 17, -9999, 10, 4, -9999, -9999, 34, -9999, 3, -9999, 73, 36, -9999, -9999, -9999, -9999, 56, -9999, 54, -9999, 93, 91, -9999, 21, 1, 14, -9999, 12, -9999, -9999, -9999, -9999, -9999, -9999, 80, -9999, 90, -9999, 14, -9999, 55, -9999, -9999, 19, -9999, 14, -9999, -9999, -9999, -9999, -9999, -9999, 92, -9999, 10, -9999, -9999, 78, -9999, -9999, -9999, 63, 65, 99, 42, 63, 35, -9999, -9999, -9999, -9999, 24, -9999, -9999, 1, 1, 1, 1, 1],
[-9999, -9999, -9999, -9999, -9999, -9999, -9999, 10, -9999, -9999, -9999, -9999, 71, 40, 62, 75, -9999, -9999, 89, -9999, -9999, -9999, -9999, -9999, 36, 36, 44, 50, 69, -9999, -9999, 73, -9999, -9999, -9999, 91, -9999, -9999, 5, -9999, -9999, -9999, -9999, 63, -9999, 60, -9999, -9999, -9999, -9999, 30, -9999, -9999, -9999, -9999, 80, -9999, -9999, -9999, -9999, -9999, -9999, -9999, -9999, -9999, -9999, -9999, -9999, -9999, -9999, -9999, 66, -9999, 42, -9999, -9999, -9999, -9999, -9999, -9999, -9999, -9999, -9999, -9999, -9999, -9999, 34, -9999, 84, -9999, -9999, -9999, -9999, -9999, -9999, -9999, 37, -9999, -9999, -9999, 1, 1, 1, 1, 1],
[-9999, -9999, -9999, -9999, -9999, 85, -9999, -9999, -9999, -9999, -9999, -9999, -9999, -9999, -9999, -9999, -9999, -9999, -9999, -9999, -9999, -9999, -9999, -9999, -9999, -9999, -9999, -9999, 18, 35, -9999, -9999, -9999, -9999, -9999, -9999, -9999, -9999, -9999, -9999, -9999, -9999, -9999, -9999, -9999, -9999, -9999, -9999, -9999, -9999, -9999, -9999, -9999, -9999, -9999, -9999, -9999, -9999, -9999, -9999, 15, -9999, -9999, -9999, -9999, -9999, -9999, -9999, -9999, -9999, -9999, -9999, -9999, -9999, -9999, -9999, -9999, -9999, -9999, -9999, -9999, -9999, -9999, -9999, -9999, -9999, -9999, -9999, -9999, -9999, -9999, -9999, -9999, -9999, -9999, -9999, -9999, -9999, -9999, -9999, 1, 1, 1, 1, 1],
[-9999, -9999, -9999, -9999, -9999, 35, 69, 52, 35, 87, -9999, 2, 27, 40, 27, -9999, 79, -9999, 75, 77, -9999, 68, 22, -9999, 50, 73, -9999, 4, -9999, -9999, -9999, 80, 5, -9999, -9999, 86, 92, 7, -9999, -9999, -9999, -9999, -9999, -9999, 79, -9999, 22, 53, 66, -9999, 78, -9999, 81, 24, -9999, 26, -9999, -9999, -9999, -9999, 36, -9999, 88, -9999, -9999, 89, 30, -9999, 73, 45, -9999, 58, 56, -9999, -9999, -9999, -9999, 100, -9999, -9999, 78, -9999, -9999, 49, -9999, -9999, -9999, -9999, -9999, -9999, 98, 31, -9999, 52, -9999, -9999, -9999, -9999, 59, -9999, 1, 1, 1, 1, 1],
[-9999, -9999, -9999, -9999, -9999, -9999, -9999, 29, 70, -9999, -9999, -9999, 74, 25, 42, -9999, -9999, -9999, -9999, -9999, -9999, 66, 38, -9999, -9999, 10, -9999, 12, -9999, -9999, -9999, -9999, -9999, -9999, 72, -9999, -9999, -9999, 31, -9999, -9999, -9999, -9999, -9999, -9999, -9999, 90, -9999, -9999, -9999, 82, 54, -9999, -9999, -9999, 31, -9999, -9999, -9999, -9999, -9999, -9999, -9999, -9999, -9999, -9999, -9999, -9999, -9999, -9999, -9999, 78, -9999, -9999, -9999, -9999, -9999, -9999, -9999, -9999, -9999, -9999, -9999, -9999, -9999, -9999, -9999, 50, 21, -9999, -9999, -9999, -9999, 84, -9999, -9999, -9999, -9999, -9999, -9999, 1, 1, 1, 1, 1],
[-9999, -9999, -9999, -9999, -9999, 58, -9999, -9999, -9999, -9999, -9999, -9999, -9999, -9999, -9999, -9999, -9999, -9999, -9999, -9999, -9999, 80, -9999, -9999, -9999, -9999, -9999, -9999, -9999, -9999, -9999, -9999, -9999, -9999, -9999, -9999, -9999, -9999, -9999, -9999, -9999, -9999, -9999, -9999, -9999, -9999, -9999, -9999, -9999, -9999, -9999, -9999, -9999, -9999, -9999, -9999, -9999, -9999, -9999, -9999, -9999, -9999, -9999, -9999, -9999, -9999, -9999, -9999, 10, -9999, -9999, -9999, -9999, -9999, -9999, -9999, -9999, -9999, -9999, -9999, -9999, -9999, -9999, -9999, -9999, -9999, -9999, -9999, -9999, -9999, -9999, -9999, -9999, -9999, -9999, -9999, -9999, -9999, -9999, -9999, 1, 1, 1, 1, 1],
[-9999, -9999, -9999, -9999, -9999, -9999, 83, 85, 6, 33, -9999, 78, 22, 81, -9999, 61, 46, 49, 56, -9999, -9999, 11, 60, 91, -9999, 28, 35, -9999, 17, -9999, 92, -9999, 8, -9999, -9999, 25, -9999, 15, 43, 53, -9999, 75, 28, 89, -9999, -9999, 15, 40, 69, -9999, 13, 32, 48, 87, -9999, 56, 40, 25, -9999, 32, -9999, -9999, -9999, 22, -9999, 71, -9999, -9999, 93, 10, -9999, 3, -9999, 32, 13, 67, -9999, -9999, -9999, -9999, 53, -9999, -9999, 98, -9999, -9999, 7, -9999, -9999, 7, -9999, 92, 13, 5, -9999, 11, -9999, 25, 13, 15, 1, 1, 1, 1, 1],
[-9999, -9999, -9999, -9999, -9999, 86, -9999, -9999, -9999, -9999, 34, 78, 19, 79, 17, 96, -9999, -9999, -9999, -9999, 8, -9999, 73, 46, -9999, -9999, 64, -9999, -9999, 2, 2, 74, 98, -9999, 13, 23, 37, -9999, 86, -9999, -9999, -9999, 22, -9999, 59, -9999, 52, 68, -9999, -9999, 46, -9999, 41, 84, -9999, 40, 32, -9999, 64, -9999, 7, 84, -9999, -9999, 65, -9999, 44, -9999, 73, -9999, -9999, -9999, -9999, -9999, 60, -9999, -9999, 85, -9999, 69, -9999, -9999, -9999, 16, -9999, 97, -9999, 24, 89, -9999, -9999, 72, -9999, -9999, 6, -9999, -9999, -9999, 79, -9999, 1, 1, 1, 1, 1],
[-9999, -9999, -9999, -9999, -9999, -9999, -9999, -9999, -9999, -9999, -9999, -9999, 11, 5, 24, 53, -9999, -9999, 19, -9999, -9999, -9999, 70, -9999, 88, -9999, -9999, -9999, -9999, -9999, -9999, -9999, -9999, -9999, -9999, -9999, -9999, -9999, 87, -9999, -9999, -9999, -9999, 66, -9999, -9999, 23, -9999, -9999, -9999, 79, 9, -9999, -9999, -9999, -9999, -9999, -9999, -9999, -9999, -9999, -9999, -9999, -9999, -9999, -9999, -9999, -9999, -9999, -9999, -9999, 43, -9999, 57, -9999, -9999, -9999, -9999, -9999, -9999, -9999, -9999, 15, -9999, -9999, 35, -9999, 85, -9999, -9999, -9999, -9999, -9999, 52, -9999, -9999, -9999, -9999, -9999, -9999, 1, 1, 1, 1, 1],
[-9999, -9999, -9999, -9999, -9999, -9999, 7, 63, 99, -9999, -9999, -9999, 12, 79, 87, 82, 17, -9999, -9999, 69, -9999, -9999, 82, 29, -9999, -9999, -9999, -9999, -9999, -9999, -9999, 48, 98, -9999, 39, -9999, 96, -9999, 27, -9999, -9999, -9999, -9999, -9999, -9999, 72, 69, 55, 14, 86, 4, -9999, 47, 53, 86, 69, -9999, -9999, -9999, -9999, 5, -9999, 100, -9999, -9999, 92, -9999, -9999, 58, -9999, -9999, 59, 29, -9999, -9999, -9999, -9999, 34, -9999, -9999, 41, -9999, -9999, 64, -9999, -9999, -9999, -9999, -9999, 76, 41, 74, 13, 18, -9999, -9999, -9999, -9999, -9999, -9999, 1, 1, 1, 1, 1],
[-9999, -9999, -9999, -9999, -9999, -9999, -9999, 50, 27, 35, -9999, -9999, 11, 89, 1, -9999, -9999, -9999, -9999, -9999, -9999, 80, 27, -9999, 35, 18, -9999, 64, 79, -9999, -9999, 69, -9999, -9999, 48, 11, -9999, 71, 29, -9999, -9999, -9999, -9999, -9999, -9999, -9999, 70, -9999, 12, -9999, 21, -9999, -9999, -9999, -9999, -9999, -9999, -9999, -9999, -9999, -9999, -9999, -9999, -9999, -9999, -9999, -9999, -9999, -9999, -9999, -9999, 23, -9999, -9999, 13, -9999, -9999, -9999, -9999, -9999, -9999, -9999, -9999, -9999, -9999, -9999, -9999, 50, 33, -9999, -9999, -9999, -9999, -9999, -9999, -9999, -9999, -9999, -9999, -9999, 1, 1, 1, 1, 1],
[-9999, -9999, -9999, -9999, -9999, -9999, -9999, -9999, 59, -9999, -9999, -9999, 71, 46, -9999, 29, -9999, -9999, 89, -9999, -9999, -9999, -9999, -9999, 8, 78, -9999, 47, -9999, -9999, -9999, -9999, -9999, -9999, -9999, -9999, -9999, 33, 90, -9999, -9999, -9999, -9999, -9999, -9999, -9999, 85, -9999, -9999, -9999, 30, -9999, -9999, -9999, -9999, 16, -9999, -9999, -9999, -9999, -9999, -9999, -9999, -9999, -9999, -9999, -9999, -9999, -9999, -9999, -9999, -9999, -9999, -9999, -9999, -9999, -9999, -9999, -9999, -9999, -9999, -9999, -9999, -9999, -9999, -9999, -9999, 13, 4, -9999, -9999, -9999, -9999, -9999, -9999, -9999, -9999, -9999, -9999, -9999, 1, 1, 1, 1, 1],
[-9999, -9999, -9999, -9999, -9999, -9999, -9999, 13, -9999, -9999, -9999, -9999, 91, 62, -9999, 9, -9999, -9999, -9999, -9999, -9999, -9999, 60, -9999, 25, 33, -9999, 49, 71, -9999, -9999, 54, -9999, -9999, -9999, -9999, -9999, 20, 44, -9999, -9999, -9999, -9999, -9999, -9999, -9999, 13, -9999, 42, -9999, 20, -9999, -9999, -9999, -9999, 33, -9999, -9999, -9999, -9999, -9999, -9999, -9999, -9999, -9999, -9999, -9999, -9999, -9999, -9999, -9999, 32, -9999, -9999, -9999, -9999, -9999, -9999, -9999, -9999, -9999, -9999, -9999, -9999, -9999, -9999, -9999, -9999, 52, -9999, -9999, -9999, -9999, 5, -9999, -9999, -9999, -9999, -9999, -9999, 1, 1, 1, 1, 1],
[-9999, -9999, -9999, -9999, -9999, -9999, -9999, -9999, -9999, 39, -9999, -9999, 95, 35, -9999, 92, -9999, -9999, -9999, -9999, -9999, -9999, 77, -9999, -9999, 63, 65, 50, -9999, -9999, -9999, -9999, -9999, -9999, -9999, 94, -9999, 91, -9999, -9999, -9999, -9999, -9999, -9999, -9999, -9999, 10, -9999, -9999, -9999, 15, -9999, -9999, -9999, -9999, -9999, -9999, -9999, -9999, -9999, -9999, -9999, -9999, -9999, -9999, -9999, -9999, -9999, -9999, -9999, -9999, 53, -9999, -9999, -9999, -9999, -9999, -9999, -9999, -9999, -9999, -9999, 91, -9999, -9999, -9999, -9999, -9999, 21, -9999, -9999, -9999, -9999, 67, -9999, -9999, -9999, -9999, -9999, -9999, 1, 1, 1, 1, 1],
[-9999, -9999, -9999, -9999, -9999, -9999, -9999, -9999, -9999, -9999, -9999, -9999, -9999, -9999, -9999, -9999, -9999, -9999, -9999, 37, -9999, 33, -9999, -9999, -9999, -9999, -9999, -9999, 91, -9999, -9999, -9999, -9999, -9999, -9999, -9999, -9999, -9999, -9999, -9999, -9999, -9999, -9999, -9999, -9999, -9999, -9999, -9999, -9999, -9999, -9999, -9999, -9999, -9999, -9999, -9999, -9999, -9999, -9999, -9999, -9999, -9999, -9999, -9999, -9999, -9999, 20, -9999, -9999, -9999, -9999, -9999, -9999, -9999, -9999, -9999, -9999, -9999, -9999, -9999, -9999, -9999, -9999, -9999, -9999, -9999, -9999, -9999, -9999, -9999, -9999, -9999, -9999, -9999, -9999, -9999, -9999, -9999, -9999, -9999, 1, 1, 1, 1, 1],
[-9999, -9999, -9999, -9999, -9999, 100, -9999, 18, -9999, -9999, 11, 65, 47, 19, 59, 30, 74, -9999, 93, 39, 57, -9999, 14, 32, 6, 77, -9999, 41, 79, -9999, 99, -9999, 80, -9999, -9999, -9999, 32, 7, 27, -9999, -9999, -9999, 13, -9999, -9999, -9999, 81, 81, 85, 15, 30, 19, 3, 55, 19, 74, 99, -9999, -9999, -9999, -9999, 74, 12, -9999, -9999, -9999, -9999, -9999, -9999, 28, -9999, 50, -9999, -9999, -9999, -9999, -9999, 50, -9999, -9999, 75, -9999, -9999, 38, 31, 42, -9999, 90, 86, 51, 28, 34, 63, 51, -9999, -9999, -9999, -9999, 17, 84, 1, 1, 1, 1, 1],
[-9999, -9999, -9999, -9999, -9999, 85, -9999, -9999, -9999, -9999, -9999, -9999, -9999, -9999, -9999, -9999, -9999, -9999, -9999, 74, -9999, 98, -9999, -9999, -9999, -9999, -9999, -9999, -9999, 85, -9999, -9999, -9999, -9999, -9999, -9999, -9999, -9999, -9999, -9999, -9999, -9999, -9999, -9999, -9999, -9999, -9999, -9999, -9999, -9999, -9999, -9999, -9999, -9999, -9999, -9999, -9999, -9999, -9999, -9999, -9999, -9999, -9999, -9999, -9999, -9999, 57, -9999, -9999, -9999, -9999, -9999, -9999, -9999, -9999, -9999, -9999, -9999, -9999, -9999, -9999, -9999, -9999, -9999, -9999, -9999, -9999, -9999, -9999, -9999, -9999, -9999, -9999, -9999, -9999, -9999, -9999, -9999, -9999, -9999, 1, 1, 1, 1, 1],
[-9999, -9999, -9999, -9999, -9999, 73, -9999, 11, 54, -9999, -9999, 3, 3, 24, -9999, 61, 91, -9999, -9999, -9999, -9999, -9999, -9999, -9999, -9999, 6, 1, 24, -9999, 35, -9999, 7, -9999, -9999, -9999, 80, 24, -9999, 95, -9999, -9999, 90, 25, -9999, -9999, -9999, 90, 73, 57, -9999, 42, 89, 31, -9999, -9999, 25, -9999, -9999, -9999, -9999, -9999, -9999, -9999, -9999, 67, 70, -9999, -9999, 33, -9999, -9999, 99, -9999, -9999, -9999, -9999, 78, 91, 56, -9999, -9999, -9999, -9999, 1, -9999, -9999, -9999, -9999, 25, 54, 81, 19, 57, 49, -9999, -9999, -9999, -9999, 94, -9999, 1, 1, 1, 1, 1],
[-9999, -9999, -9999, -9999, -9999, 65, 61, 17, -9999, -9999, 70, 35, 90, 51, -9999, -9999, -9999, -9999, 63, -9999, -9999, -9999, 90, 27, 92, 68, -9999, 17, -9999, 48, 16, -9999, 61, -9999, -9999, 90, 3, 66, -9999, -9999, -9999, -9999, 39, -9999, 38, -9999, 49, 48, 37, -9999, 42, -9999, -9999, 68, 91, 37, 34, -9999, -9999, -9999, -9999, 51, -9999, -9999, 58, -9999, -9999, -9999, 33, 50, -9999, 54, -9999, -9999, -9999, -9999, -9999, -9999, 11, -9999, 71, -9999, 91, 94, -9999, -9999, -9999, 90, -9999, 80, 87, 65, 11, 47, -9999, -9999, -9999, -9999, -9999, 47, 1, 1, 1, 1, 1],
[-9999, -9999, -9999, -9999, -9999, -9999, -9999, 25, 12, 41, -9999, -9999, 38, 55, -9999, 19, -9999, -9999, 89, -9999, -9999, 76, 71, -9999, 14, -9999, 32, -9999, -9999, -9999, -9999, -9999, -9999, -9999, -9999, 91, -9999, 9, 16, -9999, -9999, -9999, -9999, -9999, -9999, -9999, 14, -9999, -9999, -9999, 25, 59, -9999, -9999, -9999, -9999, -9999, -9999, -9999, -9999, -9999, -9999, -9999, -9999, -9999, -9999, -9999, -9999, -9999, -9999, -9999, 97, -9999, -9999, -9999, -9999, -9999, -9999, -9999, -9999, -9999, -9999, -9999, -9999, -9999, -9999, -9999, 14, -9999, -9999, -9999, -9999, -9999, -9999, 86, -9999, -9999, -9999, -9999, -9999, 1, 1, 1, 1, 1],
[-9999, -9999, -9999, -9999, -9999, -9999, -9999, -9999, -9999, -9999, -9999, -9999, 39, 20, 66, 92, -9999, -9999, -9999, -9999, -9999, 46, 94, -9999, -9999, 40, 71, -9999, 46, -9999, -9999, 95, -9999, -9999, -9999, 63, -9999, -9999, 96, -9999, -9999, -9999, -9999, -9999, -9999, -9999, 73, -9999, 30, -9999, 74, 7, -9999, -9999, -9999, -9999, -9999, -9999, -9999, -9999, -9999, -9999, -9999, -9999, -9999, -9999, -9999, -9999, -9999, -9999, -9999, 32, -9999, -9999, -9999, -9999, -9999, -9999, -9999, -9999, -9999, -9999, -9999, -9999, -9999, -9999, -9999, 64, 87, -9999, -9999, -9999, -9999, -9999, -9999, -9999, -9999, -9999, -9999, -9999, 1, 1, 1, 1, 1],
[-9999, -9999, -9999, -9999, -9999, -9999, -9999, 45, -9999, -9999, -9999, -9999, 83, 48, 94, 64, -9999, -9999, 57, -9999, -9999, -9999, 95, -9999, 5, 60, -9999, 74, -9999, -9999, 23, -9999, 70, -9999, -9999, -9999, 79, 59, 45, -9999, -9999, -9999, 85, -9999, 64, -9999, 1, 19, -9999, 13, 50, 58, 33, 93, 69, 25, 47, -9999, -9999, -9999, -9999, 49, 12, -9999, -9999, -9999, -9999, -9999, 99, -9999, -9999, 57, -9999, -9999, 21, -9999, -9999, -9999, -9999, 32, -9999, -9999, -9999, 34, -9999, 7, -9999, 50, 9, 66, 67, 6, 17, 5, -9999, -9999, -9999, -9999, 33, 92, 1, 1, 1, 1, 1],
[-9999, -9999, -9999, -9999, -9999, 40, -9999, 85, -9999, -9999, -9999, 10, 19, 41, -9999, 56, 13, -9999, 78, 77, 88, -9999, 6, 3, 5, 29, 43, -9999, -9999, -9999, 55, 60, -9999, -9999, 17, 86, -9999, 83, -9999, -9999, -9999, -9999, 6, 35, -9999, 43, 56, 15, 25, 44, 20, -9999, 2, -9999, 44, 60, 25, 56, -9999, 76, 61, -9999, 37, -9999, 46, -9999, 58, -9999, -9999, 42, -9999, 85, -9999, 32, 44, 12, 11, -9999, 100, -9999, 7, -9999, -9999, 8, -9999, 63, -9999, -9999, -9999, -9999, 97, 84, 8, -9999, -9999, 87, -9999, -9999, -9999, -9999, 1, 1, 1, 1, 1],
[-9999, -9999, -9999, -9999, -9999, -9999, -9999, -9999, -9999, -9999, -9999, -9999, -9999, -9999, -9999, -9999, -9999, -9999, -9999, -9999, -9999, -9999, -9999, -9999, -9999, -9999, -9999, -9999, -9999, -9999, -9999, -9999, -9999, -9999, -9999, -9999, -9999, -9999, -9999, -9999, -9999, -9999, -9999, -9999, -9999, -9999, -9999, -9999, -9999, -9999, -9999, -9999, -9999, -9999, -9999, -9999, -9999, -9999, -9999, -9999, -9999, -9999, -9999, -9999, -9999, -9999, -9999, -9999, -9999, -9999, -9999, -9999, -9999, -9999, -9999, -9999, -9999, -9999, -9999, -9999, -9999, -9999, -9999, -9999, -9999, -9999, -9999, -9999, -9999, -9999, -9999, -9999, -9999, -9999, -9999, -9999, -9999, -9999, -9999, -9999, 1, 1, 1, 1, 1],
[-9999, -9999, -9999, -9999, -9999, 18, -9999, -9999, 81, 38, 27, 64, 72, 26, -9999, 9, -9999, 60, 67, -9999, -9999, 67, -9999, -9999, 60, -9999, 96, -9999, -9999, 59, -9999, -9999, 83, -9999, 60, -9999, -9999, 32, 87, -9999, -9999, -9999, 6, -9999, 14, -9999, 69, 65, 5, 92, 88, 80, 19, 83, 64, 85, 44, 7, -9999, 31, 59, -9999, 20, 3, -9999, 21, 72, -9999, -9999, 24, -9999, 70, -9999, -9999, -9999, -9999, -9999, 16, -9999, -9999, -9999, -9999, -9999, 12, 87, -9999, 44, 18, 76, 14, 52, 7, 13, 47, -9999, 5, 64, -9999, 6, -9999, 1, 1, 1, 1, 1],
[-9999, -9999, -9999, -9999, -9999, 29, -9999, -9999, -9999, -9999, -9999, -9999, -9999, -9999, -9999, -9999, -9999, -9999, -9999, 49, -9999, 53, -9999, -9999, -9999, -9999, -9999, -9999, 57, 2, -9999, -9999, -9999, -9999, -9999, -9999, -9999, -9999, -9999, 37, -9999, -9999, -9999, -9999, -9999, -9999, -9999, -9999, -9999, -9999, -9999, -9999, -9999, -9999, -9999, -9999, -9999, -9999, -9999, 5, -9999, -9999, -9999, -9999, -9999, -9999, 21, -9999, -9999, -9999, -9999, -9999, -9999, -9999, -9999, -9999, -9999, -9999, -9999, -9999, -9999, -9999, -9999, -9999, -9999, -9999, -9999, -9999, -9999, -9999, -9999, -9999, -9999, -9999, -9999, -9999, -9999, -9999, -9999, -9999, 1, 1, 1, 1, 1],
[-9999, -9999, -9999, -9999, -9999, 92, -9999, -9999, -9999, -9999, -9999, 75, 91, 77, -9999, -9999, 65, -9999, 69, -9999, -9999, -9999, 80, -9999, -9999, 62, 47, 52, -9999, 76, 1, -9999, -9999, -9999, 83, 96, 16, -9999, 26, -9999, -9999, -9999, -9999, -9999, -9999, -9999, 56, 89, -9999, -9999, 80, 32, -9999, 22, 48, 85, -9999, -9999, -9999, -9999, 62, 12, 61, -9999, 8, 96, -9999, -9999, 83, 79, -9999, 73, -9999, -9999, 84, -9999, -9999, 43, -9999, -9999, 13, -9999, -9999, 47, -9999, -9999, -9999, 99, 13, -9999, -9999, 60, 52, 60, -9999, -9999, -9999, -9999, -9999, 28, 1, 1, 1, 1, 1],
[-9999, -9999, -9999, -9999, -9999, -9999, -9999, 9, 5, 71, -9999, -9999, 14, 92, -9999, 1, -9999, -9999, 53, -9999, -9999, 78, 65, -9999, -9999, 63, -9999, -9999, -9999, -9999, -9999, 74, -9999, -9999, 100, -9999, -9999, 12, -9999, -9999, -9999, -9999, -9999, -9999, -9999, -9999, 73, -9999, 91, -9999, 32, 54, -9999, -9999, -9999, -9999, -9999, -9999, -9999, -9999, -9999, -9999, -9999, -9999, -9999, -9999, -9999, -9999, -9999, -9999, -9999, 77, -9999, -9999, -9999, -9999, -9999, -9999, -9999, -9999, -9999, -9999, -9999, -9999, -9999, 10, -9999, -9999, 2, -9999, -9999, -9999, -9999, -9999, -9999, -9999, -9999, -9999, -9999, -9999, 1, 1, 1, 1, 1],
[-9999, -9999, -9999, -9999, -9999, -9999, -9999, -9999, 4, -9999, -9999, -9999, 62, 50, -9999, 8, -9999, -9999, 67, -9999, -9999, 30, -9999, -9999, 81, 13, 46, -9999, 48, -9999, -9999, 57, -9999, -9999, 92, 29, -9999, 83, 10, -9999, 51, -9999, -9999, -9999, -9999, -9999, 77, -9999, 81, -9999, -9999, 9, -9999, -9999, -9999, -9999, -9999, -9999, -9999, -9999, -9999, -9999, -9999, -9999, -9999, -9999, -9999, -9999, -9999, -9999, -9999, 2, -9999, -9999, -9999, -9999, -9999, -9999, -9999, -9999, -9999, -9999, -9999, -9999, -9999, 86, -9999, 59, -9999, -9999, -9999, -9999, -9999, 4, -9999, -9999, -9999, -9999, -9999, -9999, 1, 1, 1, 1, 1],
[-9999, -9999, -9999, -9999, -9999, -9999, -9999, 36, -9999, -9999, 99, 68, 86, 66, 64, -9999, 23, -9999, 44, -9999, 37, 85, 95, -9999, 79, -9999, -9999, -9999, 36, 76, -9999, -9999, -9999, -9999, 73, 57, 67, -9999, -9999, -9999, -9999, -9999, 96, -9999, 49, -9999, 48, 34, -9999, 47, 50, 85, -9999, -9999, 31, 46, -9999, -9999, -9999, -9999, 11, 29, -9999, -9999, 52, 78, 32, -9999, -9999, 27, -9999, 44, -9999, -9999, 13, -9999, -9999, -9999, 69, -9999, 13, -9999, 20, 71, -9999, 1, -9999, -9999, -9999, 46, 91, 71, -9999, 92, -9999, -9999, -9999, -9999, -9999, -9999, 1, 1, 1, 1, 1],
[-9999, -9999, -9999, -9999, -9999, 70, -9999, 92, 72, -9999, 87, 21, 83, 56, 90, 77, 44, -9999, 6, -9999, -9999, 87, -9999, 69, -9999, -9999, 60, 64, -9999, 43, -9999, -9999, 49, -9999, -9999, 85, 74, -9999, -9999, -9999, -9999, -9999, 65, -9999, -9999, -9999, 18, 68, -9999, 46, 63, -9999, -9999, -9999, -9999, 26, 83, -9999, -9999, -9999, 23, -9999, -9999, -9999, 54, 46, 51, -9999, -9999, -9999, -9999, 22, -9999, -9999, 62, -9999, -9999, -9999, 82, -9999, 9, -9999, 12, 15, -9999, -9999, -9999, 42, -9999, -9999, 73, 44, -9999, -9999, -9999, -9999, -9999, -9999, 15, 69, 1, 1, 1, 1, 1],
[-9999, -9999, -9999, -9999, -9999, 94, -9999, -9999, -9999, -9999, -9999, -9999, -9999, -9999, -9999, -9999, -9999, -9999, -9999, -9999, -9999, 36, -9999, -9999, -9999, -9999, -9999, -9999, 29, -9999, -9999, -9999, -9999, -9999, -9999, -9999, -9999, -9999, -9999, 80, -9999, -9999, -9999, -9999, -9999, -9999, -9999, -9999, -9999, -9999, -9999, -9999, -9999, -9999, -9999, -9999, -9999, -9999, -9999, 71, 71, -9999, -9999, -9999, -9999, -9999, 67, -9999, 37, -9999, -9999, -9999, -9999, -9999, -9999, -9999, -9999, -9999, -9999, -9999, -9999, -9999, -9999, -9999, -9999, -9999, -9999, -9999, -9999, -9999, -9999, -9999, -9999, -9999, -9999, -9999, -9999, -9999, -9999, -9999, 1, 1, 1, 1, 1],
[-9999, -9999, -9999, -9999, -9999, -9999, -9999, -9999, 3, 80, 75, 63, 68, 62, 41, 60, -9999, -9999, 47, -9999, 100, 20, -9999, -9999, 41, -9999, 46, -9999, -9999, -9999, -9999, -9999, 34, -9999, -9999, -9999, 57, 65, 92, -9999, -9999, -9999, 3, -9999, 23, -9999, 50, 74, -9999, 23, 14, -9999, 22, 86, -9999, 68, 30, -9999, -9999, -9999, 8, 62, 15, -9999, -9999, 8, -9999, -9999, 91, -9999, -9999, 75, -9999, -9999, 9, -9999, 93, 71, 56, -9999, -9999, -9999, -9999, 37, -9999, -9999, -9999, -9999, -9999, 17, 59, 99, -9999, -9999, -9999, -9999, -9999, -9999, 10, 61, 1, 1, 1, 1, 1],
[-9999, -9999, -9999, -9999, -9999, -9999, -9999, -9999, 37, -9999, -9999, -9999, 75, 92, -9999, -9999, -9999, -9999, -9999, -9999, -9999, 51, 49, -9999, -9999, -9999, -9999, 45, 60, -9999, -9999, -9999, -9999, -9999, 95, 35, -9999, -9999, 41, -9999, -9999, -9999, -9999, -9999, -9999, -9999, 35, -9999, 13, -9999, 33, 99, -9999, -9999, -9999, 33, -9999, -9999, -9999, -9999, -9999, -9999, -9999, -9999, -9999, -9999, -9999, -9999, -9999, -9999, -9999, 34, -9999, -9999, -9999, -9999, -9999, -9999, -9999, -9999, -9999, -9999, -9999, -9999, -9999, -9999, -9999, -9999, -9999, -9999, -9999, -9999, -9999, 73, -9999, -9999, -9999, -9999, -9999, -9999, 1, 1, 1, 1, 1],
[-9999, -9999, -9999, -9999, -9999, 85, 6, 69, 86, -9999, 18, 54, 67, 84, -9999, 45, -9999, -9999, -9999, -9999, -9999, 1, 63, -9999, -9999, 52, 48, 50, 2, 3, -9999, 21, -9999, -9999, 5, 43, 10, -9999, 40, -9999, -9999, -9999, 78, 45, -9999, 89, 36, 51, -9999, 66, 77, -9999, -9999, -9999, -9999, 75, 68, 19, -9999, 84, 84, 97, -9999, 96, -9999, 56, 42, -9999, -9999, -9999, -9999, 70, -9999, -9999, -9999, -9999, -9999, 15, 88, -9999, 43, -9999, -9999, 67, -9999, -9999, -9999, -9999, -9999, -9999, 27, 76, 18, -9999, -9999, 82, 14, -9999, -9999, -9999, 1, 1, 1, 1, 1],
[-9999, -9999, -9999, -9999, -9999, -9999, 51, 34, 88, 57, 58, -9999, 72, 3, -9999, -9999, -9999, -9999, 23, -9999, -9999, -9999, -9999, -9999, 61, 54, -9999, 46, 41, -9999, -9999, 85, -9999, -9999, -9999, 65, 43, 53, 90, -9999, -9999, -9999, 24, -9999, -9999, -9999, 69, 38, 84, -9999, 33, -9999, -9999, 7, -9999, 32, 100, -9999, -9999, -9999, -9999, 57, -9999, -9999, -9999, 30, -9999, -9999, 61, -9999, -9999, 23, -9999, -9999, 39, -9999, -9999, -9999, 46, -9999, 99, -9999, -9999, 19, -9999, 81, -9999, 55, -9999, 45, -9999, 92, 97, -9999, -9999, -9999, -9999, -9999, 65, 41, 1, 1, 1, 1, 1],
[-9999, -9999, -9999, -9999, -9999, 89, 16, -9999, 90, -9999, -9999, 57, 2, 90, 83, 92, -9999, -9999, 30, -9999, 24, 6, -9999, 90, 96, -9999, -9999, 92, -9999, 74, 11, 68, 35, -9999, -9999, 37, 9, 98, -9999, -9999, -9999, -9999, 64, -9999, -9999, -9999, 100, 88, -9999, -9999, 46, 49, 90, 85, 37, -9999, 95, -9999, -9999, -9999, 36, -9999, 74, -9999, -9999, -9999, 90, -9999, -9999, 51, -9999, 74, -9999, -9999, 65, -9999, -9999, 50, -9999, -9999, -9999, -9999, -9999, 48, -9999, -9999, -9999, -9999, -9999, -9999, 28, -9999, -9999, 31, -9999, -9999, -9999, -9999, -9999, -9999, 1, 1, 1, 1, 1],
[-9999, -9999, -9999, -9999, -9999, -9999, -9999, -9999, -9999, -9999, -9999, -9999, 8, 18, -9999, -9999, 2, -9999, -9999, -9999, -9999, 83, 35, -9999, 59, 45, 42, 22, -9999, 63, 29, 74, 68, -9999, 57, 56, -9999, 64, -9999, -9999, -9999, -9999, 79, -9999, -9999, -9999, 70, 83, 21, -9999, 42, 95, -9999, -9999, -9999, -9999, -9999, -9999, 76, -9999, -9999, 14, 72, -9999, -9999, -9999, -9999, -9999, -9999, 25, -9999, 44, -9999, -9999, 39, -9999, -9999, 74, 49, 37, 53, -9999, -9999, 48, -9999, 15, -9999, -9999, -9999, -9999, -9999, 50, -9999, 88, -9999, -9999, -9999, -9999, -9999, 17, 1, 1, 1, 1, 1],
[-9999, -9999, -9999, -9999, -9999, -9999, -9999, 37, 52, -9999, -9999, -9999, 16, 7, -9999, 60, -9999, -9999, -9999, -9999, -9999, 37, -9999, -9999, 87, -9999, 20, 61, 70, -9999, -9999, -9999, -9999, -9999, 64, 49, -9999, -9999, 14, -9999, -9999, -9999, -9999, 14, -9999, -9999, 89, -9999, -9999, -9999, 87, 62, -9999, -9999, -9999, 99, -9999, -9999, -9999, -9999, -9999, -9999, -9999, -9999, -9999, -9999, -9999, -9999, -9999, -9999, -9999, 17, -9999, 78, -9999, -9999, -9999, -9999, -9999, -9999, -9999, -9999, -9999, -9999, -9999, 74, -9999, -9999, -9999, -9999, -9999, -9999, -9999, -9999, -9999, -9999, 84, -9999, -9999, -9999, 1, 1, 1, 1, 1],
[-9999, -9999, -9999, -9999, -9999, -9999, -9999, -9999, 53, 52, -9999, -9999, 22, 36, 63, -9999, -9999, 69, 44, -9999, -9999, -9999, -9999, -9999, -9999, -9999, 16, 2, -9999, -9999, -9999, 34, -9999, -9999, 64, -9999, -9999, -9999, -9999, -9999, -9999, -9999, -9999, 42, -9999, -9999, 84, -9999, 9, -9999, 86, -9999, -9999, -9999, -9999, 24, -9999, -9999, -9999, -9999, -9999, -9999, -9999, -9999, -9999, -9999, -9999, -9999, -9999, -9999, -9999, 34, -9999, -9999, 8, 76, -9999, -9999, -9999, -9999, -9999, -9999, -9999, -9999, -9999, -9999, 73, -9999, -9999, -9999, -9999, -9999, -9999, -9999, -9999, -9999, -9999, -9999, -9999, -9999, 1, 1, 1, 1, 1],
[-9999, -9999, -9999, -9999, -9999, -9999, -9999, 58, 55, -9999, -9999, -9999, 37, 54, -9999, 30, -9999, -9999, -9999, -9999, -9999, -9999, -9999, -9999, -9999, 21, 77, -9999, -9999, -9999, -9999, 24, -9999, -9999, 40, 93, -9999, 96, -9999, -9999, -9999, -9999, -9999, -9999, -9999, -9999, 25, -9999, -9999, -9999, 28, -9999, -9999, -9999, -9999, -9999, -9999, -9999, -9999, -9999, -9999, -9999, -9999, -9999, -9999, -9999, -9999, -9999, -9999, -9999, -9999, 9, -9999, -9999, 60, -9999, -9999, -9999, -9999, -9999, -9999, -9999, -9999, -9999, -9999, 8, -9999, -9999, 31, -9999, -9999, -9999, -9999, 20, -9999, -9999, -9999, -9999, -9999, -9999, 1, 1, 1, 1, 1],
[-9999, -9999, -9999, -9999, -9999, -9999, -9999, -9999, 53, -9999, -9999, -9999, 64, 66, 61, -9999, -9999, -9999, -9999, -9999, -9999, 54, -9999, -9999, 81, -9999, 31, 71, -9999, -9999, -9999, -9999, -9999, -9999, -9999, -9999, -9999, -9999, 85, -9999, -9999, -9999, -9999, -9999, -9999, 25, 12, -9999, 28, -9999, 85, 39, -9999, -9999, -9999, -9999, -9999, -9999, -9999, -9999, -9999, -9999, -9999, -9999, -9999, -9999, -9999, -9999, -9999, -9999, -9999, 24, -9999, -9999, 53, -9999, -9999, -9999, -9999, -9999, -9999, -9999, -9999, -9999, -9999, -9999, -9999, -9999, 25, -9999, -9999, -9999, -9999, 69, -9999, -9999, -9999, -9999, -9999, -9999, 1, 1, 1, 1, 1],
[-9999, -9999, -9999, -9999, -9999, -9999, -9999, 48, 54, 15, 74, 80, 55, 8, 97, 17, 69, -9999, 34, -9999, -9999, 63, 60, -9999, 67, 30, 12, -9999, -9999, -9999, -9999, 96, -9999, -9999, -9999, 9, -9999, -9999, 31, -9999, -9999, -9999, 86, -9999, -9999, 91, 51, 72, 57, 57, 36, 88, 82, 37, 87, -9999, 45, -9999, -9999, -9999, 7, 68, 85, -9999, 23, 43, -9999, -9999, 41, -9999, -9999, 36, -9999, -9999, 9, -9999, 68, -9999, 25, -9999, -9999, -9999, -9999, 76, -9999, -9999, -9999, 92, 49, 79, 11, 87, -9999, 35, -9999, -9999, -9999, -9999, 39, -9999, 1, 1, 1, 1, 1],
[-9999, -9999, -9999, -9999, -9999, -9999, -9999, -9999, -9999, -9999, -9999, -9999, 12, 41, -9999, 35, -9999, -9999, -9999, -9999, -9999, 84, -9999, -9999, -9999, -9999, -9999, 74, 43, -9999, -9999, 52, -9999, -9999, -9999, 86, -9999, -9999, -9999, -9999, -9999, -9999, -9999, -9999, -9999, 6, 74, -9999, -9999, -9999, 64, -9999, -9999, -9999, -9999, 94, -9999, -9999, -9999, -9999, -9999, -9999, -9999, -9999, -9999, -9999, -9999, -9999, -9999, -9999, -9999, 72, -9999, -9999, 18, -9999, -9999, -9999, -9999, -9999, -9999, -9999, -9999, -9999, -9999, -9999, -9999, 53, -9999, -9999, -9999, -9999, -9999, -9999, 24, -9999, -9999, -9999, -9999, -9999, 1, 1, 1, 1, 1],
[-9999, -9999, -9999, -9999, -9999, 96, -9999, -9999, -9999, -9999, 82, 33, 76, 45, -9999, 80, 83, 61, 30, -9999, -9999, 77, -9999, 38, -9999, -9999, -9999, 75, 33, 66, -9999, -9999, -9999, -9999, -9999, 1, 22, 16, 81, 52, -9999, -9999, 20, -9999, -9999, -9999, 42, 3, 92, 84, 1, 42, 62, -9999, -9999, -9999, -9999, -9999, -9999, 71, 19, -9999, 93, 55, -9999, 5, 38, -9999, 64, 74, -9999, 21, -9999, -9999, -9999, -9999, -9999, -9999, 53, -9999, 54, -9999, -9999, 98, -9999, -9999, 80, 16, -9999, 93, 3, 70, -9999, -9999, -9999, 54, 34, -9999, 71, -9999, 1, 1, 1, 1, 1],
[-9999, -9999, -9999, -9999, -9999, -9999, -9999, -9999, -9999, -9999, -9999, -9999, -9999, -9999, -9999, -9999, -9999, -9999, -9999, -9999, -9999, -9999, -9999, -9999, -9999, -9999, -9999, -9999, -9999, -9999, -9999, -9999, -9999, -9999, -9999, -9999, -9999, -9999, -9999, -9999, -9999, -9999, -9999, -9999, -9999, -9999, -9999, -9999, -9999, -9999, -9999, -9999, -9999, -9999, -9999, -9999, -9999, -9999, -9999, -9999, -9999, -9999, -9999, -9999, -9999, -9999, -9999, -9999, -9999, -9999, -9999, -9999, -9999, -9999, -9999, -9999, -9999, -9999, -9999, -9999, -9999, -9999, -9999, -9999, -9999, -9999, -9999, -9999, -9999, -9999, -9999, -9999, -9999, -9999, -9999, -9999, -9999, -9999, -9999, -9999, -9999, -9999, -9999, -9999, -9999],
[-9999, -9999, -9999, -9999, -9999, -9999, -9999, -9999, -9999, -9999, -9999, -9999, -9999, -9999, -9999, -9999, -9999, -9999, -9999, -9999, -9999, -9999, -9999, -9999, -9999, -9999, -9999, -9999, -9999, -9999, -9999, -9999, -9999, -9999, -9999, -9999, -9999, -9999, -9999, -9999, -9999, -9999, -9999, -9999, -9999, -9999, -9999, -9999, -9999, -9999, -9999, -9999, -9999, -9999, -9999, -9999, -9999, -9999, -9999, -9999, -9999, -9999, -9999, -9999, -9999, -9999, -9999, -9999, -9999, -9999, -9999, -9999, -9999, -9999, -9999, -9999, -9999, -9999, -9999, -9999, -9999, -9999, -9999, -9999, -9999, -9999, -9999, -9999, -9999, -9999, -9999, -9999, -9999, -9999, -9999, -9999, -9999, -9999, -9999, -9999, -9999, -9999, -9999, -9999, -9999],
[-9999, -9999, -9999, -9999, -9999, -9999, -9999, -9999, -9999, -9999, -9999, -9999, -9999, -9999, -9999, -9999, -9999, -9999, -9999, -9999, -9999, -9999, -9999, -9999, -9999, -9999, -9999, -9999, -9999, -9999, -9999, -9999, -9999, -9999, -9999, -9999, -9999, -9999, -9999, -9999, -9999, -9999, -9999, -9999, -9999, -9999, -9999, -9999, -9999, -9999, -9999, -9999, -9999, -9999, -9999, -9999, -9999, -9999, -9999, -9999, -9999, -9999, -9999, -9999, -9999, -9999, -9999, -9999, -9999, -9999, -9999, -9999, -9999, -9999, -9999, -9999, -9999, -9999, -9999, -9999, -9999, -9999, -9999, -9999, -9999, -9999, -9999, -9999, -9999, -9999, -9999, -9999, -9999, -9999, -9999, -9999, -9999, -9999, -9999, -9999, -9999, -9999, -9999, -9999, -9999],
[-9999, -9999, -9999, -9999, -9999, -9999, -9999, -9999, -9999, -9999, -9999, -9999, -9999, -9999, -9999, -9999, -9999, -9999, -9999, -9999, -9999, -9999, -9999, -9999, -9999, -9999, -9999, -9999, -9999, -9999, -9999, -9999, -9999, -9999, -9999, -9999, -9999, -9999, -9999, -9999, -9999, -9999, -9999, -9999, -9999, -9999, -9999, -9999, -9999, -9999, -9999, -9999, -9999, -9999, -9999, -9999, -9999, -9999, -9999, -9999, -9999, -9999, -9999, -9999, -9999, -9999, -9999, -9999, -9999, -9999, -9999, -9999, -9999, -9999, -9999, -9999, -9999, -9999, -9999, -9999, -9999, -9999, -9999, -9999, -9999, -9999, -9999, -9999, -9999, -9999, -9999, -9999, -9999, -9999, -9999, -9999, -9999, -9999, -9999, -9999, -9999, -9999, -9999, -9999, -9999],
[-9999, -9999, -9999, -9999, -9999, -9999, -9999, -9999, -9999, -9999, -9999, -9999, -9999, -9999, -9999, -9999, -9999, -9999, -9999, -9999, -9999, -9999, -9999, -9999, -9999, -9999, -9999, -9999, -9999, -9999, -9999, -9999, -9999, -9999, -9999, -9999, -9999, -9999, -9999, -9999, -9999, -9999, -9999, -9999, -9999, -9999, -9999, -9999, -9999, -9999, -9999, -9999, -9999, -9999, -9999, -9999, -9999, -9999, -9999, -9999, -9999, -9999, -9999, -9999, -9999, -9999, -9999, -9999, -9999, -9999, -9999, -9999, -9999, -9999, -9999, -9999, -9999, -9999, -9999, -9999, -9999, -9999, -9999, -9999, -9999, -9999, -9999, -9999, -9999, -9999, -9999, -9999, -9999, -9999, -9999, -9999, -9999, -9999, -9999, -9999, -9999, -9999, -9999, -9999, -9999]
];
