NbNodes = 105;
NbNDDs = 5;
NbPairs = 95;
NbTerminals = 5;
K = 0;
L = 97;
Wt = [
[-9999, -9999, -9999, -9999, -9999, -9999, -9999, -9999, -9999, 61, -9999, 90, 50, 81, -9999, 6, 24, -9999, -9999, -9999, -9999, -9999, -9999, -9999, -9999, -9999, -9999, 83, -9999, -9999, -9999, -9999, -9999, -9999, -9999, -9999, 65, -9999, 42, -9999, -9999, 72, -9999, -9999, -9999, -9999, -9999, -9999, -9999, -9999, -9999, -9999, 91, -9999, -9999, -9999, 94, -9999, -9999, -9999, -9999, -9999, -9999, -9999, -9999, 4, -9999, 70, -9999, -9999, -9999, 29, -9999, -9999, -9999, -9999, -9999, -9999, -9999, -9999, -9999, -9999, -9999, -9999, -9999, -9999, -9999, -9999, -9999, -9999, -9999, -9999, -9999, -9999, -9999, -9999, -9999, -9999, -9999, -9999, 1, 1, 1, 1, 1],
[-9999, -9999, -9999, -9999, -9999, -9999, -9999, -9999, -9999, 21, -9999, 63, -9999, -9999, -9999, 69, 46, -9999, -9999, -9999, -9999, -9999, -9999, -9999, -9999, -9999, -9999, -9999, -9999, -9999, -9999, -9999, -9999, -9999, -9999, -9999, -9999, -9999, 88, -9999, -9999, -9999, -9999, 44, -9999, -9999, -9999, -9999, -9999, -9999, -9999, -9999, 63, -9999, 29, -9999, -9999, 9, -9999, -9999, -9999, -9999, -9999, -9999, -9999, 24, -9999, -9999, -9999, -9999, -9999, -9999, -9999, -9999, -9999, -9999, 22, -9999, -9999, -9999, -9999, -9999, -9999, -9999, -9999, -9999, -9999, -9999, -9999, -9999, 32, -9999, -9999, -9999, -9999, -9999, -9999, -9999, -9999, -9999, 1, 1, 1, 1, 1],
[-9999, -9999, -9999, -9999, -9999, -9999, -9999, -9999, -9999, 41, -9999, 58, 97, 4, -9999, -9999, 41, -9999, -9999, -9999, -9999, -9999, -9999, -9999, -9999, -9999, 42, 7, -9999, -9999, -9999, -9999, -9999, -9999, -9999, -9999, 90, -9999, 63, -9999, -9999, 77, -9999, -9999, -9999, -9999, -9999, -9999, -9999, -9999, -9999, -9999, 71, -9999, -9999, -9999, 41, -9999, -9999, -9999, -9999, -9999, -9999, -9999, -9999, 7, -9999, -9999, -9999, -9999, -9999, -9999, -9999, -9999, -9999, 87, 42, -9999, -9999, 80, -9999, -9999, -9999, -9999, -9999, -9999, -9999, -9999, -9999, -9999, -9999, -9999, -9999, -9999, -9999, -9999, -9999, -9999, -9999, -9999, 1, 1, 1, 1, 1],
[-9999, -9999, -9999, -9999, -9999, -9999, 39, -9999, -9999, -9999, 24, -9999, 51, -9999, -9999, 97, 11, 62, -9999, -9999, -9999, 90, -9999, -9999, 57, -9999, 6, -9999, 28, -9999, -9999, 50, 97, 42, -9999, 32, -9999, 29, -9999, 58, 1, 51, -9999, 98, -9999, 88, 1, 22, 65, -9999, -9999, -9999, 39, -9999, -9999, 48, -9999, -9999, 93, -9999, -9999, -9999, -9999, 28, 83, 24, -9999, -9999, -9999, -9999, -9999, 73, -9999, 86, 73, 92, -9999, 93, 1, -9999, 91, -9999, -9999, -9999, -9999, 35, -9999, 29, -9999, -9999, 15, -9999, 96, -9999, 86, -9999, -9999, 16, -9999, -9999, 1, 1, 1, 1, 1],
[-9999, -9999, -9999, -9999, -9999, -9999, 99, -9999, -9999, 95, -9999, -9999, -9999, -9999, -9999, -9999, 56, -9999, -9999, 32, -9999, 72, 99, -9999, 15, -9999, -9999, 71, 81, -9999, -9999, -9999, 21, -9999, -9999, -9999, -9999, -9999, -9999, 4, -9999, -9999, -9999, 98, 27, 95, 29, -9999, 53, -9999, -9999, -9999, 13, -9999, -9999, -9999, -9999, -9999, 59, -9999, -9999, -9999, -9999, -9999, 11, 86, -9999, 12, 34, -9999, 61, -9999, 13, 21, -9999, -9999, -9999, 17, 64, -9999, -9999, -9999, -9999, 22, -9999, 82, -9999, 88, -9999, -9999, -9999, -9999, 68, -9999, 3, -9999, -9999, 57, -9999, 3, 1, 1, 1, 1, 1],
[-9999, -9999, -9999, -9999, -9999, -9999, -9999, -9999, -9999, 51, -9999, 62, -9999, 11, -9999, 63, 26, -9999, -9999, -9999, -9999, -9999, -9999, -9999, -9999, -9999, -9999, -9999, -9999, -9999, -9999, -9999, -9999, -9999, -9999, -9999, 67, -9999, 58, -9999, -9999, 87, -9999, -9999, -9999, -9999, -9999, -9999, -9999, -9999, -9999, -9999, 42, -9999, -9999, -9999, 93, 88, -9999, -9999, -9999, 83, -9999, -9999, -9999, 36, 40, 93, -9999, -9999, -9999, 67, -9999, -9999, -9999, -9999, 59, -9999, -9999, -9999, -9999, -9999, -9999, -9999, -9999, -9999, -9999, -9999, -9999, -9999, 31, -9999, -9999, -9999, -9999, -9999, -9999, -9999, -9999, -9999, 1, 1, 1, 1, 1],
[-9999, -9999, -9999, -9999, -9999, -9999, -9999, 83, 89, -9999, 15, -9999, 72, -9999, -9999, 66, 99, 72, -9999, 56, -9999, 32, 37, -9999, 31, -9999, 24, 52, 65, 18, -9999, 43, 96, 32, -9999, -9999, -9999, -9999, 84, 20, -9999, -9999, -9999, 39, 48, 30, 68, -9999, -9999, -9999, 45, -9999, 68, 75, -9999, 80, 95, -9999, -9999, -9999, -9999, -9999, -9999, 18, 56, 73, -9999, -9999, -9999, 12, -9999, 11, 83, 64, -9999, 73, 84, 87, 9, 23, 90, 37, 91, -9999, 54, 74, 22, 58, -9999, -9999, 27, -9999, -9999, -9999, -9999, 53, 73, 60, -9999, 59, 1, 1, 1, 1, 1],
[-9999, -9999, -9999, -9999, -9999, -9999, 76, -9999, -9999, 11, -9999, 47, 80, 84, -9999, 66, 65, -9999, -9999, 15, -9999, -9999, 47, -9999, -9999, -9999, -9999, -9999, -9999, 61, -9999, 18, 53, -9999, -9999, 53, -9999, 44, -9999, 44, 23, 80, -9999, -9999, 30, 51, -9999, -9999, 68, -9999, 46, -9999, 80, -9999, -9999, 76, 77, -9999, 36, -9999, -9999, -9999, -9999, 23, -9999, 32, -9999, 23, -9999, -9999, -9999, 54, -9999, 62, -9999, 44, 85, 95, 100, 75, 41, -9999, -9999, -9999, 95, -9999, -9999, 90, -9999, -9999, -9999, -9999, -9999, -9999, -9999, 71, -9999, 84, -9999, 82, 1, 1, 1, 1, 1],
[-9999, -9999, -9999, -9999, -9999, -9999, 50, 50, -9999, 100, 30, -9999, -9999, -9999, 56, 46, 66, 95, 86, -9999, -9999, 6, 63, -9999, 45, -9999, -9999, 99, -9999, -9999, -9999, -9999, 32, -9999, -9999, -9999, 61, -9999, -9999, 81, -9999, -9999, -9999, -9999, 97, -9999, -9999, -9999, -9999, -9999, -9999, -9999, 24, 65, 11, 68, 35, -9999, 54, 79, -9999, 75, -9999, 81, 70, 54, 34, -9999, -9999, -9999, -9999, 96, -9999, 5, -9999, 10, 93, 87, 26, 60, 58, -9999, -9999, -9999, 63, -9999, 30, 59, -9999, 36, 71, -9999, -9999, -9999, 52, 57, 75, 53, 24, 32, 1, 1, 1, 1, 1],
[-9999, -9999, -9999, -9999, -9999, -9999, -9999, -9999, -9999, -9999, -9999, -9999, -9999, -9999, -9999, -9999, -9999, -9999, -9999, -9999, -9999, -9999, -9999, -9999, -9999, -9999, -9999, -9999, -9999, -9999, -9999, -9999, -9999, -9999, -9999, -9999, -9999, -9999, -9999, -9999, -9999, -9999, -9999, -9999, -9999, -9999, -9999, -9999, -9999, -9999, -9999, -9999, -9999, -9999, -9999, -9999, -9999, -9999, -9999, -9999, -9999, -9999, -9999, -9999, -9999, -9999, -9999, -9999, -9999, -9999, -9999, -9999, -9999, -9999, -9999, -9999, -9999, -9999, -9999, -9999, -9999, -9999, -9999, -9999, -9999, -9999, -9999, -9999, -9999, -9999, -9999, -9999, -9999, -9999, -9999, -9999, -9999, -9999, -9999, -9999, 1, 1, 1, 1, 1],
[-9999, -9999, -9999, -9999, -9999, -9999, -9999, -9999, -9999, 62, -9999, 76, 62, 17, -9999, -9999, 82, -9999, -9999, 77, -9999, 74, -9999, -9999, 21, -9999, 35, -9999, 42, 26, -9999, 1, -9999, 54, 54, -9999, -9999, 3, 79, -9999, -9999, 52, 52, 85, 82, -9999, 25, -9999, 55, -9999, 61, -9999, 57, -9999, -9999, -9999, 85, -9999, -9999, -9999, -9999, -9999, -9999, 2, 12, 100, -9999, 94, -9999, -9999, -9999, -9999, 54, 41, -9999, 34, -9999, -9999, 79, -9999, 68, 31, -9999, -9999, 14, -9999, -9999, 72, -9999, -9999, 54, -9999, 80, -9999, 25, 44, -9999, -9999, -9999, 30, 1, 1, 1, 1, 1],
[-9999, -9999, -9999, -9999, -9999, -9999, -9999, -9999, -9999, -9999, -9999, -9999, -9999, -9999, -9999, -9999, -9999, -9999, -9999, -9999, -9999, -9999, -9999, -9999, -9999, -9999, -9999, -9999, -9999, -9999, -9999, -9999, -9999, -9999, -9999, -9999, -9999, -9999, -9999, -9999, -9999, -9999, -9999, -9999, -9999, -9999, 36, -9999, -9999, -9999, -9999, -9999, -9999, -9999, 10, -9999, -9999, -9999, -9999, -9999, -9999, -9999, -9999, -9999, -9999, -9999, -9999, -9999, -9999, -9999, -9999, -9999, -9999, -9999, -9999, -9999, -9999, -9999, -9999, -9999, -9999, -9999, -9999, -9999, 27, -9999, -9999, -9999, -9999, -9999, -9999, -9999, -9999, 60, -9999, -9999, -9999, -9999, -9999, -9999, 1, 1, 1, 1, 1],
[-9999, -9999, -9999, -9999, -9999, -9999, -9999, -9999, -9999, -9999, -9999, 65, -9999, -9999, -9999, 93, 16, -9999, -9999, -9999, -9999, -9999, -9999, -9999, -9999, -9999, -9999, 74, -9999, -9999, -9999, -9999, -9999, -9999, -9999, -9999, -9999, -9999, 23, -9999, -9999, 15, -9999, 53, -9999, -9999, -9999, -9999, -9999, -9999, -9999, -9999, 24, -9999, -9999, -9999, -9999, 23, -9999, -9999, -9999, -9999, -9999, -9999, -9999, 46, -9999, 37, -9999, -9999, -9999, -9999, -9999, -9999, -9999, 100, -9999, -9999, -9999, 18, -9999, -9999, -9999, -9999, -9999, -9999, -9999, -9999, -9999, -9999, -9999, -9999, -9999, -9999, -9999, -9999, -9999, -9999, -9999, -9999, 1, 1, 1, 1, 1],
[-9999, -9999, -9999, -9999, -9999, -9999, -9999, -9999, -9999, 57, -9999, -9999, 80, -9999, -9999, 41, 96, -9999, -9999, -9999, -9999, -9999, -9999, -9999, -9999, -9999, 21, 60, -9999, -9999, -9999, -9999, -9999, -9999, -9999, -9999, 61, -9999, 49, -9999, -9999, 78, -9999, -9999, -9999, -9999, -9999, -9999, -9999, -9999, -9999, -9999, 71, -9999, -9999, -9999, -9999, 67, -9999, -9999, -9999, -9999, -9999, -9999, -9999, 56, 51, 15, -9999, -9999, 24, 47, -9999, -9999, -9999, -9999, 55, -9999, -9999, 5, -9999, -9999, -9999, -9999, -9999, -9999, -9999, -9999, -9999, -9999, 55, -9999, -9999, -9999, -9999, -9999, -9999, -9999, -9999, -9999, 1, 1, 1, 1, 1],
[-9999, -9999, -9999, -9999, -9999, -9999, -9999, -9999, -9999, -9999, -9999, 29, -9999, 67, -9999, -9999, 52, -9999, -9999, -9999, -9999, -9999, -9999, -9999, -9999, -9999, 29, 49, -9999, -9999, -9999, -9999, -9999, -9999, -9999, -9999, 31, -9999, 62, -9999, -9999, 76, -9999, 45, -9999, -9999, -9999, -9999, -9999, -9999, -9999, -9999, 17, -9999, -9999, -9999, -9999, 29, -9999, -9999, -9999, -9999, -9999, -9999, -9999, 8, -9999, -9999, -9999, -9999, -9999, 88, -9999, -9999, -9999, -9999, 56, -9999, -9999, 14, -9999, -9999, -9999, -9999, -9999, -9999, -9999, -9999, -9999, -9999, 70, -9999, -9999, -9999, -9999, -9999, -9999, -9999, -9999, -9999, 1, 1, 1, 1, 1],
[-9999, -9999, -9999, -9999, -9999, -9999, -9999, -9999, -9999, 61, -9999, -9999, 24, 66, -9999, -9999, 58, -9999, -9999, -9999, -9999, -9999, -9999, -9999, -9999, -9999, -9999, -9999, -9999, -9999, -9999, -9999, -9999, -9999, -9999, -9999, 33, -9999, 38, -9999, -9999, -9999, -9999, 26, -9999, -9999, -9999, -9999, -9999, -9999, -9999, -9999, 39, -9999, -9999, -9999, 81, -9999, -9999, -9999, 57, -9999, -9999, -9999, -9999, 13, -9999, -9999, -9999, -9999, -9999, 24, -9999, -9999, -9999, -9999, -9999, -9999, -9999, 69, -9999, -9999, -9999, -9999, -9999, -9999, -9999, -9999, -9999, -9999, -9999, -9999, -9999, -9999, -9999, -9999, -9999, -9999, -9999, -9999, 1, 1, 1, 1, 1],
[-9999, -9999, -9999, -9999, -9999, -9999, -9999, -9999, -9999, -9999, -9999, -9999, -9999, -9999, -9999, -9999, -9999, -9999, -9999, -9999, -9999, -9999, -9999, -9999, -9999, -9999, -9999, -9999, -9999, -9999, -9999, -9999, -9999, -9999, -9999, -9999, -9999, -9999, -9999, -9999, -9999, -9999, -9999, -9999, -9999, -9999, -9999, -9999, -9999, -9999, -9999, -9999, -9999, -9999, -9999, -9999, -9999, -9999, -9999, -9999, -9999, -9999, -9999, -9999, -9999, -9999, -9999, -9999, -9999, -9999, -9999, -9999, -9999, -9999, -9999, -9999, -9999, -9999, -9999, -9999, -9999, -9999, -9999, -9999, -9999, -9999, -9999, -9999, -9999, -9999, -9999, -9999, -9999, -9999, -9999, -9999, -9999, -9999, -9999, -9999, 1, 1, 1, 1, 1],
[-9999, -9999, -9999, -9999, -9999, -9999, -9999, -9999, -9999, -9999, -9999, 58, 71, -9999, -9999, 18, 54, -9999, -9999, -9999, -9999, -9999, -9999, -9999, -9999, -9999, -9999, 96, -9999, -9999, -9999, -9999, -9999, -9999, -9999, -9999, -9999, -9999, -9999, -9999, -9999, -9999, -9999, 60, -9999, -9999, -9999, -9999, -9999, -9999, -9999, -9999, 2, -9999, -9999, -9999, -9999, 95, -9999, -9999, -9999, -9999, -9999, -9999, -9999, 55, -9999, 36, -9999, -9999, -9999, -9999, -9999, -9999, -9999, 66, -9999, -9999, -9999, 46, -9999, -9999, -9999, -9999, -9999, -9999, -9999, -9999, -9999, -9999, -9999, -9999, -9999, -9999, -9999, -9999, -9999, -9999, -9999, -9999, 1, 1, 1, 1, 1],
[-9999, -9999, -9999, -9999, -9999, -9999, 51, -9999, -9999, -9999, -9999, -9999, 82, 16, -9999, 62, 62, 48, -9999, 36, -9999, -9999, -9999, 79, -9999, -9999, -9999, -9999, 82, 92, -9999, -9999, -9999, 91, -9999, 43, 89, -9999, -9999, -9999, 79, -9999, -9999, 11, 8, -9999, 5, -9999, -9999, -9999, 95, -9999, 90, -9999, -9999, 71, 57, 53, 76, -9999, -9999, -9999, 68, -9999, 40, 64, -9999, 24, -9999, -9999, -9999, 59, 34, 4, 75, 50, -9999, 45, 66, 64, 89, 43, -9999, -9999, -9999, -9999, -9999, 78, -9999, -9999, -9999, -9999, -9999, -9999, 51, 49, -9999, 30, -9999, 83, 1, 1, 1, 1, 1],
[-9999, -9999, -9999, -9999, -9999, -9999, 67, -9999, -9999, 76, -9999, 7, -9999, 86, -9999, -9999, 46, -9999, -9999, -9999, -9999, -9999, 14, -9999, 92, -9999, 76, -9999, -9999, 66, -9999, 67, 49, -9999, -9999, 70, 7, 83, -9999, 46, -9999, -9999, 32, -9999, 84, 4, -9999, 94, -9999, -9999, -9999, -9999, 30, -9999, -9999, 72, -9999, 48, -9999, -9999, -9999, 17, -9999, 60, -9999, 92, -9999, -9999, -9999, -9999, -9999, 33, -9999, 67, -9999, 55, 31, -9999, 55, 43, -9999, -9999, -9999, -9999, -9999, 88, -9999, 84, -9999, -9999, 88, -9999, -9999, -9999, 51, 29, -9999, 51, -9999, 93, 1, 1, 1, 1, 1],
[-9999, -9999, -9999, -9999, -9999, -9999, 24, 32, -9999, 36, -9999, 22, -9999, 67, -9999, -9999, 70, 24, -9999, 98, -9999, -9999, 24, -9999, 28, -9999, -9999, -9999, -9999, -9999, 60, -9999, -9999, 10, 7, 35, 76, 7, -9999, -9999, -9999, 98, -9999, -9999, -9999, 10, 10, -9999, -9999, -9999, -9999, -9999, 42, -9999, -9999, 4, 27, 13, -9999, -9999, -9999, -9999, -9999, 82, -9999, 61, -9999, -9999, -9999, -9999, -9999, -9999, -9999, 69, -9999, 12, -9999, 90, 24, 25, 74, -9999, -9999, -9999, -9999, 25, -9999, 80, -9999, -9999, -9999, -9999, 45, -9999, -9999, 68, -9999, -9999, -9999, -9999, 1, 1, 1, 1, 1],
[-9999, -9999, -9999, -9999, -9999, -9999, 1, -9999, -9999, 64, 41, 48, 20, 28, -9999, -9999, 38, -9999, -9999, -9999, -9999, -9999, 93, -9999, 49, -9999, 16, 72, 86, 11, -9999, 99, 100, 65, 14, 78, 100, 7, -9999, -9999, 60, -9999, 44, 29, 87, 85, 4, 55, -9999, -9999, -9999, -9999, 40, -9999, -9999, 93, 29, -9999, -9999, -9999, -9999, -9999, -9999, 95, 61, 23, -9999, -9999, -9999, -9999, -9999, 99, -9999, 30, -9999, -9999, 26, 50, 87, -9999, 6, 20, -9999, -9999, 30, -9999, -9999, 3, -9999, -9999, -9999, -9999, 96, -9999, 75, -9999, -9999, 7, -9999, 21, 1, 1, 1, 1, 1],
[-9999, -9999, -9999, -9999, -9999, -9999, 83, 42, -9999, -9999, 73, -9999, 3, 66, -9999, 81, 64, 71, -9999, 37, -9999, 76, -9999, -9999, 86, -9999, 95, 57, 64, -9999, -9999, 66, 9, -9999, -9999, -9999, 1, -9999, -9999, -9999, 75, -9999, -9999, -9999, -9999, -9999, -9999, 40, 77, -9999, 53, -9999, 69, -9999, -9999, 9, 23, -9999, 48, -9999, -9999, -9999, -9999, 11, 66, 63, -9999, 79, -9999, -9999, -9999, -9999, -9999, 38, -9999, 57, 100, -9999, 6, -9999, 94, -9999, -9999, -9999, 63, -9999, -9999, 27, -9999, -9999, 3, -9999, -9999, -9999, 98, 6, -9999, -9999, -9999, -9999, 1, 1, 1, 1, 1],
[-9999, -9999, -9999, -9999, -9999, -9999, 83, -9999, -9999, -9999, -9999, 25, -9999, 75, -9999, 97, 93, 33, -9999, 31, 82, 4, 85, -9999, -9999, 76, -9999, 24, -9999, 100, -9999, 100, 11, 52, -9999, 87, 95, -9999, 34, 33, 34, 41, 100, 55, 1, -9999, -9999, 38, -9999, -9999, -9999, -9999, 89, -9999, -9999, 22, 75, -9999, -9999, -9999, -9999, -9999, -9999, 89, 77, 99, -9999, 15, 47, -9999, -9999, 77, -9999, 40, -9999, 16, -9999, 34, 8, 35, 92, 39, -9999, 74, -9999, 22, -9999, 3, -9999, -9999, 58, -9999, 22, -9999, 97, 25, -9999, 14, -9999, 35, 1, 1, 1, 1, 1],
[-9999, -9999, -9999, -9999, -9999, -9999, -9999, 23, -9999, 90, 69, 80, -9999, 43, -9999, -9999, 68, -9999, -9999, 54, -9999, 37, -9999, -9999, -9999, -9999, 92, 85, 72, 57, -9999, -9999, 77, 9, -9999, -9999, 88, -9999, 47, 95, -9999, 93, 71, 76, -9999, 36, -9999, -9999, 92, -9999, 7, -9999, 26, -9999, -9999, 26, -9999, 95, 96, -9999, -9999, -9999, -9999, 77, -9999, 33, -9999, 88, -9999, -9999, -9999, -9999, -9999, 74, -9999, -9999, -9999, 78, 74, 34, -9999, 14, -9999, -9999, 76, -9999, -9999, 76, -9999, -9999, 63, -9999, -9999, -9999, 45, 57, -9999, 6, -9999, -9999, 1, 1, 1, 1, 1],
[-9999, -9999, -9999, -9999, -9999, -9999, -9999, 9, -9999, 70, 30, -9999, 58, 42, -9999, 98, 14, 12, -9999, -9999, -9999, 56, 88, -9999, 78, -9999, -9999, -9999, -9999, -9999, -9999, 73, 37, 12, 52, 11, -9999, -9999, 4, 54, 18, -9999, 62, 79, 52, -9999, 9, 30, -9999, -9999, 77, 99, 35, -9999, -9999, -9999, 82, -9999, -9999, -9999, -9999, -9999, -9999, -9999, 39, 73, -9999, 49, 22, -9999, -9999, 9, 57, -9999, -9999, -9999, 71, -9999, 7, 84, 34, 18, -9999, -9999, -9999, -9999, -9999, 18, -9999, -9999, 43, -9999, 64, -9999, 18, -9999, -9999, 68, -9999, 83, 1, 1, 1, 1, 1],
[-9999, -9999, -9999, -9999, -9999, -9999, -9999, -9999, -9999, 43, -9999, 66, 34, 15, -9999, -9999, 75, -9999, -9999, -9999, -9999, -9999, -9999, -9999, -9999, -9999, -9999, 83, -9999, -9999, -9999, -9999, -9999, -9999, -9999, -9999, 2, -9999, -9999, -9999, -9999, -9999, -9999, 5, -9999, -9999, -9999, -9999, -9999, -9999, -9999, -9999, 40, -9999, -9999, -9999, 62, 77, -9999, -9999, -9999, -9999, -9999, -9999, -9999, 57, -9999, 17, -9999, -9999, 39, 95, -9999, -9999, -9999, 98, -9999, -9999, -9999, 71, -9999, -9999, -9999, -9999, -9999, -9999, -9999, -9999, -9999, -9999, 31, -9999, -9999, -9999, -9999, -9999, -9999, -9999, -9999, -9999, 1, 1, 1, 1, 1],
[-9999, -9999, -9999, -9999, -9999, -9999, -9999, -9999, -9999, 63, -9999, 76, 63, -9999, -9999, 47, 7, -9999, -9999, -9999, -9999, -9999, -9999, -9999, -9999, -9999, 14, -9999, -9999, -9999, -9999, -9999, -9999, -9999, -9999, -9999, 62, -9999, 76, -9999, -9999, 56, -9999, -9999, -9999, -9999, -9999, -9999, -9999, -9999, -9999, -9999, 31, -9999, -9999, -9999, -9999, 42, -9999, -9999, -9999, -9999, -9999, -9999, -9999, 62, -9999, 11, -9999, -9999, -9999, 76, -9999, -9999, -9999, 57, 52, -9999, -9999, -9999, -9999, -9999, -9999, -9999, -9999, -9999, -9999, -9999, -9999, -9999, 51, -9999, -9999, -9999, -9999, -9999, -9999, -9999, -9999, -9999, 1, 1, 1, 1, 1],
[-9999, -9999, -9999, -9999, -9999, -9999, -9999, 43, -9999, 3, -9999, -9999, 84, 67, -9999, 63, 56, 75, -9999, -9999, -9999, 90, -9999, -9999, -9999, -9999, -9999, 80, -9999, 70, -9999, -9999, 84, -9999, -9999, 96, -9999, -9999, 43, 64, -9999, -9999, 58, -9999, 98, -9999, 39, -9999, -9999, -9999, -9999, -9999, 1, -9999, -9999, -9999, -9999, 18, -9999, -9999, -9999, -9999, 1, 58, -9999, 85, 17, 53, -9999, -9999, -9999, -9999, 89, 78, -9999, 14, -9999, 52, 91, 79, -9999, 56, -9999, -9999, 71, 89, -9999, 17, -9999, -9999, 39, -9999, 57, -9999, -9999, -9999, -9999, 87, -9999, -9999, 1, 1, 1, 1, 1],
[-9999, -9999, -9999, -9999, -9999, -9999, -9999, -9999, -9999, -9999, -9999, 41, -9999, 99, -9999, -9999, 41, -9999, -9999, -9999, -9999, -9999, -9999, -9999, -9999, -9999, 70, -9999, -9999, -9999, -9999, -9999, -9999, -9999, -9999, -9999, -9999, -9999, 93, -9999, -9999, 73, -9999, 20, -9999, -9999, -9999, -9999, -9999, -9999, -9999, -9999, 15, -9999, -9999, -9999, -9999, 14, -9999, -9999, -9999, -9999, -9999, -9999, -9999, 41, -9999, -9999, -9999, -9999, -9999, 22, -9999, -9999, -9999, 38, -9999, -9999, -9999, 51, -9999, -9999, -9999, -9999, -9999, -9999, -9999, -9999, -9999, -9999, -9999, -9999, -9999, -9999, -9999, -9999, -9999, -9999, -9999, -9999, 1, 1, 1, 1, 1],
[-9999, -9999, -9999, -9999, -9999, -9999, 44, 11, -9999, -9999, 4, -9999, 55, -9999, -9999, -9999, 5, 25, -9999, 89, -9999, 17, 7, -9999, 99, -9999, 78, 85, 47, 1, -9999, 34, 32, 13, -9999, 62, 35, 32, -9999, -9999, 27, -9999, 37, 54, 17, -9999, 96, -9999, 43, -9999, -9999, -9999, 42, -9999, -9999, 93, 99, -9999, 30, -9999, -9999, -9999, -9999, 81, -9999, 19, -9999, -9999, -9999, -9999, -9999, 40, 90, 47, 92, 54, -9999, 36, 78, 90, -9999, 43, -9999, -9999, 32, 55, -9999, 66, -9999, -9999, -9999, 79, -9999, -9999, 64, -9999, -9999, 55, -9999, 73, 1, 1, 1, 1, 1],
[-9999, -9999, -9999, -9999, -9999, -9999, 9, 12, -9999, 94, 74, 91, -9999, 7, -9999, 41, 10, -9999, -9999, 4, -9999, -9999, -9999, -9999, 31, -9999, -9999, -9999, 63, 71, -9999, -9999, 12, -9999, -9999, 34, 61, 31, 34, 47, 4, -9999, -9999, 10, -9999, -9999, 80, -9999, 13, -9999, 63, -9999, 19, -9999, -9999, 62, 3, -9999, -9999, -9999, -9999, -9999, -9999, 65, -9999, 50, -9999, 83, -9999, -9999, -9999, 97, 65, -9999, -9999, 92, 30, -9999, 68, 19, 61, 97, -9999, -9999, -9999, 53, -9999, 77, -9999, -9999, -9999, -9999, -9999, -9999, 73, -9999, -9999, 3, -9999, -9999, 1, 1, 1, 1, 1],
[-9999, -9999, -9999, -9999, -9999, -9999, 69, 19, -9999, -9999, 86, -9999, 56, -9999, -9999, 67, 66, -9999, -9999, -9999, -9999, 11, -9999, -9999, 81, -9999, 85, 39, -9999, -9999, -9999, -9999, -9999, -9999, -9999, 73, -9999, -9999, -9999, -9999, -9999, 49, 47, 10, 47, -9999, 55, -9999, 89, -9999, 13, -9999, 63, -9999, -9999, 17, -9999, 30, 58, -9999, -9999, -9999, -9999, 92, 85, 23, -9999, 88, -9999, -9999, -9999, 85, 83, 55, -9999, -9999, 28, 18, 30, -9999, 11, 73, -9999, -9999, -9999, 58, -9999, 33, -9999, -9999, -9999, -9999, 11, -9999, 31, -9999, -9999, 7, -9999, 19, 1, 1, 1, 1, 1],
[-9999, -9999, -9999, -9999, -9999, -9999, -9999, -9999, -9999, 3, -9999, -9999, 20, 1, -9999, 59, 28, -9999, -9999, -9999, -9999, -9999, -9999, -9999, -9999, -9999, 35, 5, -9999, -9999, -9999, -9999, -9999, -9999, -9999, -9999, -9999, -9999, 12, -9999, -9999, -9999, -9999, 4, -9999, -9999, -9999, -9999, -9999, -9999, -9999, -9999, 70, -9999, -9999, -9999, -9999, 23, -9999, -9999, -9999, -9999, -9999, -9999, -9999, 59, -9999, -9999, -9999, -9999, 11, 21, -9999, -9999, -9999, 29, 53, -9999, -9999, 10, -9999, -9999, -9999, -9999, -9999, -9999, -9999, -9999, -9999, -9999, -9999, 70, -9999, -9999, -9999, -9999, -9999, -9999, -9999, -9999, 1, 1, 1, 1, 1],
[-9999, -9999, -9999, -9999, -9999, -9999, -9999, 83, -9999, 28, 22, 69, -9999, -9999, -9999, 26, 37, 75, -9999, -9999, 37, 3, 47, -9999, 79, -9999, -9999, 77, -9999, -9999, -9999, -9999, 27, -9999, -9999, 3, 49, 95, 27, 80, 29, 64, -9999, 27, 63, -9999, -9999, 78, 30, -9999, 37, -9999, 88, -9999, -9999, -9999, 53, 38, -9999, -9999, -9999, -9999, -9999, 95, -9999, 62, -9999, -9999, -9999, -9999, 20, 94, -9999, 2, 50, -9999, -9999, 30, 58, 75, 48, 75, -9999, -9999, 61, -9999, -9999, 85, -9999, -9999, 62, -9999, -9999, -9999, 99, 98, -9999, 41, -9999, 22, 1, 1, 1, 1, 1],
[-9999, -9999, -9999, -9999, -9999, -9999, 48, -9999, -9999, -9999, 17, 66, 63, -9999, -9999, -9999, 62, 9, -9999, 83, -9999, 15, -9999, 98, -9999, -9999, 10, 45, -9999, 20, -9999, 14, -9999, 14, -9999, -9999, -9999, -9999, -9999, 27, 88, -9999, 11, -9999, -9999, 97, 57, 50, 9, -9999, 73, -9999, 80, -9999, -9999, -9999, 85, -9999, 47, -9999, -9999, -9999, -9999, -9999, 19, 5, -9999, 11, -9999, -9999, 64, -9999, 90, 20, -9999, 67, 18, 91, 47, -9999, -9999, 64, -9999, -9999, 77, 5, -9999, 73, 13, -9999, -9999, -9999, -9999, -9999, -9999, 35, -9999, 46, -9999, 33, 1, 1, 1, 1, 1],
[-9999, -9999, -9999, -9999, -9999, -9999, 97, -9999, -9999, -9999, -9999, 52, -9999, 86, -9999, -9999, 77, -9999, -9999, 19, -9999, 36, -9999, -9999, 20, -9999, 10, 10, 70, -9999, -9999, -9999, 68, 78, -9999, -9999, -9999, -9999, 9, -9999, -9999, -9999, -9999, 12, 27, -9999, 7, -9999, 55, -9999, -9999, -9999, 82, -9999, -9999, 76, 18, -9999, 92, -9999, -9999, -9999, -9999, -9999, 93, 23, -9999, 21, -9999, -9999, -9999, 29, 97, -9999, -9999, 86, -9999, 27, 81, 31, 22, -9999, -9999, -9999, 53, 97, -9999, 63, -9999, -9999, 44, 3, 7, -9999, -9999, -9999, -9999, -9999, -9999, 1, 1, 1, 1, 1, 1],
[-9999, -9999, -9999, -9999, -9999, 18, -9999, 49, 79, -9999, 51, 18, -9999, 11, -9999, 12, 65, 9, -9999, 70, -9999, 89, 19, -9999, 90, -9999, 11, 63, -9999, 28, -9999, 95, 41, 43, -9999, 11, 93, -9999, 46, 64, 65, 42, -9999, 43, -9999, 79, -9999, -9999, 28, -9999, -9999, -9999, 31, 34, 56, 37, 90, -9999, 34, 47, -9999, -9999, -9999, -9999, 49, 75, -9999, -9999, -9999, -9999, -9999, -9999, -9999, -9999, -9999, -9999, 41, 2, 2, 30, 51, 37, 60, -9999, 40, 38, 72, 33, -9999, -9999, 55, -9999, -9999, -9999, -9999, 50, 78, 67, -9999, 11, 1, 1, 1, 1, 1],
[-9999, -9999, -9999, -9999, -9999, -9999, -9999, -9999, -9999, -9999, -9999, -9999, -9999, -9999, -9999, -9999, -9999, -9999, -9999, -9999, -9999, -9999, -9999, -9999, -9999, -9999, -9999, -9999, -9999, -9999, -9999, -9999, -9999, 79, -9999, -9999, -9999, -9999, -9999, -9999, -9999, -9999, -9999, -9999, -9999, -9999, 58, -9999, -9999, -9999, -9999, -9999, -9999, -9999, 86, -9999, -9999, -9999, -9999, -9999, -9999, -9999, -9999, -9999, -9999, -9999, -9999, -9999, -9999, -9999, -9999, -9999, -9999, -9999, -9999, -9999, -9999, -9999, -9999, -9999, -9999, 10, -9999, -9999, -9999, -9999, -9999, -9999, -9999, -9999, -9999, -9999, -9999, -9999, -9999, -9999, -9999, -9999, -9999, -9999, 1, 1, 1, 1, 1],
[-9999, -9999, -9999, -9999, -9999, -9999, 53, 89, -9999, 12, -9999, 34, 22, -9999, -9999, -9999, 45, 39, -9999, -9999, -9999, -9999, -9999, -9999, -9999, -9999, 98, -9999, 29, 6, -9999, 28, 77, -9999, -9999, 20, -9999, 53, -9999, -9999, -9999, 88, -9999, 27, 96, 100, 100, -9999, -9999, -9999, 10, -9999, 27, -9999, -9999, 13, 90, 48, 63, -9999, 70, -9999, -9999, 4, -9999, 18, 39, -9999, -9999, -9999, -9999, -9999, 71, -9999, -9999, -9999, 62, -9999, 96, 27, -9999, -9999, -9999, -9999, 34, 71, -9999, 3, 57, -9999, 87, -9999, -9999, 9, -9999, 45, -9999, 13, -9999, -9999, 1, 1, 1, 1, 1],
[-9999, -9999, -9999, -9999, -9999, -9999, -9999, -9999, -9999, 84, 91, -9999, 63, 89, -9999, 48, 68, -9999, -9999, 4, -9999, 73, 93, -9999, 77, -9999, 62, 64, -9999, 43, -9999, 100, 46, 19, -9999, -9999, -9999, 65, 35, 91, -9999, -9999, -9999, 79, 6, -9999, 34, -9999, -9999, -9999, 91, -9999, 21, -9999, -9999, -9999, 1, 87, 20, -9999, -9999, -9999, -9999, 40, -9999, 34, -9999, -9999, -9999, -9999, -9999, 37, 51, 27, -9999, -9999, -9999, 61, 19, 40, 19, -9999, -9999, -9999, 76, 86, -9999, 1, 21, -9999, 57, -9999, 33, -9999, -9999, -9999, -9999, 100, -9999, -9999, 1, 1, 1, 1, 1],
[-9999, -9999, -9999, -9999, -9999, -9999, 87, 61, -9999, -9999, 72, 8, -9999, 1, -9999, 52, 8, 66, -9999, 50, -9999, 32, -9999, -9999, 13, 68, 70, 56, 63, 54, -9999, 28, -9999, 53, -9999, -9999, -9999, 62, 17, -9999, -9999, -9999, 41, 35, 22, -9999, 44, -9999, 89, -9999, -9999, -9999, 10, -9999, -9999, -9999, 11, -9999, 66, -9999, -9999, 60, -9999, 2, 92, 20, -9999, 66, -9999, -9999, -9999, -9999, -9999, 68, -9999, -9999, 42, -9999, 36, 2, -9999, -9999, -9999, -9999, -9999, 88, -9999, 76, -9999, -9999, 4, -9999, -9999, -9999, -9999, 95, -9999, 89, -9999, 48, 1, 1, 1, 1, 1],
[-9999, -9999, -9999, -9999, -9999, -9999, -9999, -9999, -9999, 45, -9999, -9999, -9999, -9999, -9999, 62, 42, -9999, -9999, -9999, -9999, -9999, -9999, -9999, -9999, -9999, 51, 42, -9999, -9999, -9999, -9999, -9999, -9999, -9999, -9999, -9999, -9999, 98, -9999, -9999, 2, -9999, -9999, -9999, -9999, -9999, -9999, -9999, -9999, -9999, -9999, 15, -9999, -9999, -9999, 16, 97, -9999, -9999, -9999, -9999, -9999, -9999, -9999, 26, -9999, 55, -9999, -9999, -9999, 91, -9999, -9999, -9999, 84, 25, -9999, -9999, 4, -9999, -9999, -9999, -9999, -9999, -9999, -9999, -9999, -9999, -9999, 33, -9999, -9999, -9999, -9999, -9999, -9999, -9999, -9999, -9999, 1, 1, 1, 1, 1],
[-9999, -9999, -9999, -9999, -9999, -9999, -9999, -9999, -9999, -9999, -9999, -9999, -9999, -9999, -9999, -9999, -9999, -9999, -9999, -9999, -9999, -9999, -9999, -9999, -9999, -9999, -9999, -9999, -9999, -9999, -9999, -9999, -9999, -9999, -9999, -9999, -9999, -9999, -9999, -9999, -9999, -9999, -9999, -9999, -9999, -9999, -9999, -9999, -9999, -9999, -9999, -9999, -9999, -9999, -9999, -9999, -9999, -9999, -9999, -9999, -9999, -9999, -9999, -9999, -9999, -9999, -9999, -9999, -9999, -9999, -9999, -9999, -9999, -9999, -9999, -9999, -9999, -9999, -9999, -9999, -9999, -9999, -9999, -9999, -9999, -9999, -9999, -9999, -9999, -9999, -9999, -9999, -9999, -9999, -9999, -9999, -9999, -9999, -9999, -9999, 1, 1, 1, 1, 1],
[-9999, -9999, -9999, -9999, -9999, -9999, -9999, 94, -9999, -9999, 7, -9999, 26, 18, -9999, 14, 98, 22, -9999, 22, -9999, -9999, 14, -9999, 75, -9999, -9999, 83, -9999, 62, -9999, 63, -9999, 46, -9999, -9999, -9999, -9999, 57, -9999, -9999, 90, -9999, 6, -9999, -9999, 35, 75, -9999, -9999, 30, -9999, 2, -9999, -9999, 45, -9999, -9999, 11, -9999, -9999, -9999, -9999, 15, 80, 12, -9999, -9999, -9999, -9999, -9999, 49, 93, 52, -9999, 56, -9999, 7, 53, -9999, -9999, 75, -9999, -9999, 47, 52, -9999, 64, -9999, -9999, 86, -9999, -9999, -9999, 70, -9999, -9999, -9999, -9999, -9999, 1, 1, 1, 1, 1],
[-9999, -9999, -9999, -9999, -9999, -9999, -9999, -9999, -9999, 61, -9999, -9999, 76, 74, -9999, 19, 63, -9999, -9999, -9999, -9999, -9999, -9999, -9999, -9999, -9999, -9999, 55, -9999, -9999, -9999, -9999, -9999, -9999, -9999, -9999, -9999, -9999, -9999, -9999, -9999, 60, -9999, 7, -9999, -9999, -9999, -9999, -9999, -9999, -9999, -9999, 75, -9999, -9999, -9999, 18, 97, -9999, -9999, -9999, -9999, -9999, -9999, -9999, 59, -9999, 44, -9999, -9999, -9999, -9999, -9999, -9999, -9999, 11, -9999, -9999, -9999, 91, -9999, -9999, -9999, -9999, -9999, -9999, -9999, -9999, -9999, -9999, 3, -9999, -9999, -9999, -9999, -9999, -9999, -9999, -9999, -9999, 1, 1, 1, 1, 1],
[-9999, -9999, -9999, -9999, -9999, -9999, -9999, -9999, -9999, -9999, -9999, -9999, -9999, -9999, -9999, -9999, -9999, -9999, -9999, -9999, -9999, -9999, -9999, -9999, -9999, -9999, -9999, -9999, 69, -9999, -9999, 63, -9999, 21, -9999, -9999, -9999, -9999, -9999, -9999, -9999, -9999, -9999, -9999, -9999, -9999, -9999, -9999, -9999, -9999, -9999, -9999, -9999, -9999, -9999, -9999, -9999, -9999, -9999, -9999, -9999, -9999, -9999, -9999, -9999, -9999, -9999, -9999, -9999, -9999, -9999, -9999, -9999, 5, -9999, -9999, -9999, -9999, -9999, -9999, -9999, -9999, -9999, -9999, 54, -9999, -9999, -9999, -9999, -9999, -9999, -9999, -9999, -9999, -9999, -9999, -9999, -9999, -9999, -9999, 1, 1, 1, 1, 1],
[-9999, -9999, -9999, -9999, -9999, 35, -9999, 93, 13, -9999, 81, 75, 90, -9999, -9999, -9999, 63, -9999, -9999, -9999, -9999, 52, 39, -9999, -9999, 40, 30, -9999, 84, -9999, -9999, -9999, 5, -9999, 8, 55, -9999, -9999, 73, 93, 46, -9999, 31, 8, 2, -9999, -9999, -9999, 74, -9999, 22, -9999, 90, 42, -9999, -9999, 46, -9999, 54, 77, 87, -9999, -9999, 63, 60, 39, -9999, 95, -9999, 83, -9999, -9999, 3, -9999, -9999, -9999, 33, 62, 80, -9999, 28, 57, 54, -9999, -9999, 74, 54, 77, -9999, 79, 30, -9999, 53, -9999, -9999, 54, -9999, 32, 49, 46, 1, 1, 1, 1, 1],
[-9999, -9999, -9999, -9999, -9999, -9999, -9999, 28, -9999, -9999, -9999, 1, -9999, -9999, -9999, 23, 99, 36, -9999, -9999, -9999, -9999, 53, -9999, 89, -9999, 41, 56, 35, -9999, -9999, 37, 9, 87, -9999, -9999, 56, 80, 70, 74, -9999, -9999, 54, -9999, 94, -9999, -9999, 51, -9999, -9999, 66, -9999, -9999, -9999, -9999, -9999, -9999, 81, 46, -9999, 24, -9999, -9999, 29, 55, 50, -9999, 50, -9999, -9999, -9999, -9999, 24, -9999, -9999, -9999, 45, 21, 2, -9999, 13, 85, -9999, -9999, 20, 22, -9999, 24, -9999, -9999, 69, -9999, 24, 69, 17, -9999, -9999, -9999, -9999, -9999, 1, 1, 1, 1, 1],
[-9999, -9999, -9999, -9999, -9999, -9999, -9999, -9999, -9999, -9999, -9999, -9999, -9999, -9999, -9999, -9999, -9999, -9999, -9999, -9999, -9999, -9999, -9999, -9999, -9999, -9999, -9999, -9999, -9999, -9999, -9999, -9999, -9999, 2, -9999, -9999, -9999, -9999, -9999, -9999, -9999, -9999, -9999, -9999, -9999, -9999, 60, -9999, -9999, -9999, -9999, -9999, -9999, -9999, 17, -9999, -9999, -9999, -9999, -9999, -9999, -9999, -9999, -9999, -9999, -9999, -9999, -9999, -9999, -9999, -9999, -9999, -9999, 30, -9999, -9999, -9999, -9999, -9999, -9999, 86, -9999, -9999, -9999, -9999, -9999, -9999, -9999, -9999, -9999, -9999, -9999, -9999, -9999, -9999, -9999, -9999, -9999, -9999, -9999, 1, 1, 1, 1, 1],
[-9999, -9999, -9999, -9999, -9999, -9999, -9999, -9999, -9999, -9999, -9999, -9999, 98, -9999, -9999, 72, 7, -9999, -9999, -9999, -9999, -9999, -9999, -9999, -9999, -9999, 39, -9999, -9999, -9999, -9999, -9999, -9999, -9999, -9999, -9999, 38, -9999, 39, -9999, -9999, -9999, -9999, 9, -9999, -9999, -9999, -9999, -9999, -9999, -9999, -9999, 71, -9999, -9999, -9999, 5, 24, -9999, -9999, -9999, -9999, -9999, -9999, -9999, 21, -9999, 38, -9999, -9999, -9999, 46, -9999, -9999, -9999, 96, 92, -9999, -9999, 8, -9999, -9999, -9999, -9999, -9999, -9999, -9999, -9999, -9999, -9999, 97, 89, -9999, -9999, -9999, -9999, -9999, -9999, -9999, -9999, 1, 1, 1, 1, 1],
[-9999, -9999, -9999, -9999, -9999, -9999, -9999, 53, -9999, -9999, 23, 39, 98, 70, -9999, 4, 63, -9999, -9999, 93, -9999, 60, -9999, -9999, -9999, 89, 88, 35, 3, -9999, 92, -9999, 23, 87, -9999, 96, 87, 25, 84, 53, 53, 15, 53, 39, -9999, 12, -9999, 76, 23, -9999, 59, -9999, 7, -9999, -9999, -9999, -9999, 12, -9999, -9999, -9999, -9999, -9999, -9999, 46, 63, -9999, 20, -9999, -9999, -9999, 56, 72, -9999, -9999, 65, 63, -9999, 60, 13, 84, -9999, -9999, -9999, -9999, -9999, -9999, 61, -9999, -9999, 26, -9999, 68, -9999, 39, 19, -9999, 47, -9999, -9999, 1, 1, 1, 1, 1],
[-9999, -9999, -9999, -9999, -9999, -9999, -9999, -9999, -9999, -9999, -9999, -9999, -9999, -9999, -9999, -9999, -9999, -9999, -9999, -9999, -9999, -9999, -9999, -9999, -9999, -9999, -9999, -9999, 68, -9999, -9999, 94, -9999, 26, -9999, -9999, -9999, -9999, -9999, 14, -9999, -9999, -9999, -9999, -9999, -9999, -9999, -9999, -9999, -9999, -9999, -9999, -9999, -9999, -9999, -9999, -9999, -9999, -9999, -9999, -9999, -9999, -9999, -9999, -9999, -9999, -9999, -9999, -9999, -9999, -9999, -9999, -9999, 33, -9999, -9999, -9999, -9999, -9999, -9999, -9999, 25, -9999, -9999, 38, -9999, -9999, -9999, -9999, -9999, -9999, -9999, -9999, -9999, -9999, -9999, -9999, -9999, -9999, -9999, 1, 1, 1, 1, 1],
[-9999, -9999, -9999, -9999, -9999, -9999, -9999, -9999, -9999, -9999, -9999, -9999, -9999, -9999, -9999, -9999, -9999, -9999, -9999, -9999, -9999, -9999, -9999, -9999, -9999, -9999, -9999, -9999, -9999, -9999, -9999, 68, -9999, -9999, -9999, -9999, -9999, -9999, -9999, -9999, -9999, -9999, -9999, -9999, -9999, -9999, 4, -9999, -9999, -9999, -9999, -9999, -9999, -9999, -9999, -9999, -9999, -9999, -9999, -9999, -9999, -9999, -9999, -9999, -9999, -9999, -9999, -9999, -9999, -9999, -9999, -9999, -9999, 78, -9999, -9999, -9999, -9999, -9999, -9999, -9999, 4, -9999, -9999, 53, -9999, -9999, -9999, -9999, -9999, -9999, -9999, -9999, -9999, -9999, -9999, -9999, -9999, -9999, -9999, 1, 1, 1, 1, 1],
[-9999, -9999, -9999, -9999, -9999, -9999, -9999, -9999, -9999, -9999, -9999, 61, -9999, -9999, -9999, 15, 44, -9999, -9999, -9999, -9999, -9999, -9999, -9999, -9999, -9999, 43, -9999, -9999, -9999, -9999, -9999, -9999, -9999, -9999, -9999, -9999, -9999, 93, -9999, -9999, 92, -9999, -9999, -9999, -9999, -9999, -9999, -9999, -9999, -9999, -9999, 67, -9999, -9999, -9999, 2, 51, -9999, -9999, -9999, -9999, -9999, -9999, -9999, 51, -9999, -9999, -9999, -9999, 17, 17, -9999, -9999, -9999, 77, 8, -9999, -9999, -9999, -9999, -9999, -9999, -9999, -9999, -9999, -9999, -9999, -9999, -9999, 12, -9999, -9999, -9999, -9999, -9999, -9999, -9999, -9999, -9999, 1, 1, 1, 1, 1],
[-9999, -9999, -9999, -9999, -9999, -9999, 65, 37, -9999, 48, -9999, 88, 83, 72, -9999, 95, 15, 72, -9999, 41, -9999, 34, 39, -9999, -9999, -9999, -9999, 39, 67, 99, 80, -9999, 44, 36, -9999, 76, 71, 70, 61, 39, -9999, -9999, 57, 38, -9999, 54, 25, 89, -9999, -9999, 40, -9999, 89, -9999, -9999, -9999, 60, 36, -9999, -9999, 62, 42, -9999, 3, -9999, 1, -9999, -9999, -9999, -9999, -9999, 24, 84, -9999, -9999, -9999, 99, 6, 59, -9999, -9999, -9999, -9999, -9999, 83, -9999, -9999, 14, -9999, -9999, -9999, -9999, 9, -9999, 44, 62, -9999, -9999, -9999, 25, 1, 1, 1, 1, 1],
[-9999, -9999, -9999, -9999, -9999, -9999, 18, -9999, -9999, -9999, 42, -9999, -9999, 66, -9999, 61, 77, -9999, -9999, 96, -9999, 25, 24, -9999, 50, -9999, -9999, -9999, -9999, 13, -9999, 88, -9999, 98, -9999, -9999, 58, -9999, 7, 11, 26, 4, 37, -9999, 92, 25, -9999, -9999, -9999, -9999, -9999, -9999, 13, -9999, -9999, -9999, -9999, -9999, 15, -9999, -9999, 62, 17, 20, 55, 73, -9999, 96, -9999, -9999, -9999, 45, 15, -9999, -9999, 43, -9999, -9999, 77, -9999, 15, -9999, -9999, -9999, -9999, 48, -9999, 53, -9999, -9999, 75, -9999, -9999, -9999, 12, -9999, -9999, -9999, -9999, -9999, 1, 1, 1, 1, 1],
[-9999, -9999, -9999, -9999, -9999, -9999, -9999, -9999, -9999, -9999, -9999, -9999, -9999, -9999, -9999, -9999, -9999, -9999, -9999, -9999, -9999, -9999, -9999, -9999, -9999, -9999, -9999, -9999, -9999, -9999, -9999, -9999, -9999, -9999, -9999, -9999, -9999, -9999, -9999, -9999, -9999, -9999, -9999, -9999, -9999, -9999, -9999, -9999, -9999, -9999, -9999, -9999, -9999, -9999, -9999, -9999, -9999, -9999, -9999, -9999, -9999, -9999, -9999, -9999, -9999, -9999, -9999, -9999, -9999, -9999, -9999, -9999, -9999, -9999, -9999, -9999, -9999, -9999, -9999, -9999, -9999, -9999, -9999, -9999, -9999, -9999, -9999, -9999, -9999, -9999, -9999, -9999, -9999, -9999, -9999, -9999, -9999, -9999, -9999, -9999, 1, 1, 1, 1, 1],
[-9999, -9999, -9999, -9999, -9999, -9999, -9999, -9999, -9999, -9999, -9999, 67, -9999, 51, -9999, 74, 63, -9999, -9999, -9999, -9999, -9999, -9999, -9999, -9999, 37, 96, 96, -9999, -9999, -9999, -9999, -9999, -9999, -9999, -9999, 52, -9999, -9999, -9999, -9999, -9999, -9999, -9999, -9999, -9999, -9999, -9999, -9999, -9999, -9999, -9999, 13, -9999, -9999, -9999, 11, 73, -9999, -9999, -9999, 93, -9999, -9999, -9999, 42, -9999, 28, -9999, -9999, -9999, 18, -9999, -9999, -9999, 89, 50, -9999, -9999, -9999, -9999, -9999, -9999, -9999, -9999, -9999, -9999, -9999, -9999, -9999, -9999, -9999, -9999, -9999, -9999, -9999, -9999, -9999, -9999, -9999, 1, 1, 1, 1, 1],
[-9999, -9999, -9999, -9999, -9999, -9999, -9999, -9999, -9999, -9999, -9999, -9999, -9999, -9999, -9999, -9999, -9999, -9999, -9999, -9999, -9999, -9999, -9999, -9999, -9999, -9999, -9999, -9999, -9999, -9999, -9999, 21, -9999, 84, -9999, -9999, -9999, -9999, -9999, -9999, -9999, -9999, -9999, -9999, -9999, -9999, -9999, -9999, -9999, -9999, -9999, -9999, -9999, -9999, -9999, -9999, -9999, -9999, -9999, -9999, -9999, -9999, -9999, -9999, -9999, -9999, -9999, -9999, -9999, -9999, -9999, -9999, -9999, 76, -9999, -9999, -9999, -9999, -9999, -9999, 75, -9999, -9999, -9999, 80, -9999, -9999, -9999, -9999, -9999, -9999, -9999, -9999, -9999, -9999, -9999, -9999, -9999, -9999, -9999, 1, 1, 1, 1, 1],
[-9999, -9999, -9999, -9999, -9999, -9999, -9999, 20, -9999, -9999, 85, 91, 58, -9999, -9999, 33, 85, -9999, -9999, 41, -9999, -9999, -9999, -9999, 46, 32, -9999, -9999, 2, 93, -9999, -9999, -9999, 56, -9999, 32, -9999, 21, 33, -9999, 93, -9999, 44, -9999, 4, -9999, 62, 1, -9999, -9999, 20, -9999, 11, -9999, -9999, -9999, 100, 68, -9999, -9999, -9999, -9999, -9999, 83, -9999, 77, -9999, -9999, -9999, -9999, -9999, 92, -9999, -9999, -9999, 33, -9999, -9999, 79, -9999, 3, -9999, -9999, -9999, 9, -9999, -9999, 28, 72, -9999, 25, -9999, -9999, -9999, -9999, -9999, -9999, 60, -9999, -9999, 1, 1, 1, 1, 1],
[-9999, -9999, -9999, -9999, -9999, -9999, 87, -9999, -9999, -9999, 68, -9999, -9999, 68, -9999, 42, 46, -9999, -9999, -9999, -9999, 31, 67, -9999, 90, -9999, -9999, 18, -9999, -9999, -9999, 89, 85, -9999, -9999, -9999, 15, 54, 90, 17, -9999, 9, -9999, 52, 57, 8, 19, 21, 20, -9999, 30, -9999, 66, -9999, -9999, 67, -9999, -9999, 94, -9999, -9999, -9999, -9999, 4, 27, 20, -9999, 58, -9999, -9999, 7, -9999, -9999, -9999, -9999, -9999, 64, -9999, 54, 42, -9999, 24, -9999, -9999, -9999, 32, -9999, 76, -9999, -9999, 57, -9999, -9999, -9999, 79, 58, -9999, 54, -9999, -9999, 1, 1, 1, 1, 1],
[-9999, -9999, -9999, -9999, -9999, -9999, 43, 67, -9999, 26, -9999, -9999, -9999, 67, -9999, 5, 11, -9999, -9999, 50, -9999, -9999, 19, -9999, 30, -9999, -9999, 60, 40, -9999, -9999, 92, -9999, 37, -9999, -9999, -9999, 4, 75, -9999, -9999, -9999, 26, 19, -9999, -9999, -9999, -9999, 50, -9999, 58, -9999, 19, -9999, -9999, 93, 7, 81, 73, -9999, -9999, -9999, -9999, 78, 71, 3, -9999, 9, -9999, -9999, -9999, 16, 74, -9999, -9999, 70, 89, 8, 56, 37, 43, -9999, -9999, -9999, 99, -9999, -9999, 20, -9999, -9999, -9999, -9999, 87, -9999, -9999, 55, -9999, -9999, -9999, -9999, 1, 1, 1, 1, 1],
[-9999, -9999, -9999, -9999, -9999, -9999, -9999, -9999, -9999, 12, -9999, -9999, -9999, 23, -9999, 55, 86, -9999, -9999, -9999, -9999, -9999, -9999, -9999, -9999, -9999, 11, 97, -9999, -9999, -9999, -9999, -9999, -9999, -9999, -9999, 65, -9999, -9999, -9999, -9999, 50, -9999, -9999, -9999, -9999, -9999, -9999, -9999, -9999, -9999, -9999, 27, -9999, -9999, -9999, -9999, 100, -9999, -9999, 66, -9999, -9999, -9999, -9999, 88, 39, -9999, -9999, -9999, -9999, 44, -9999, -9999, -9999, -9999, -9999, -9999, -9999, -9999, -9999, -9999, -9999, -9999, -9999, -9999, -9999, -9999, -9999, -9999, -9999, -9999, -9999, -9999, -9999, -9999, -9999, -9999, -9999, -9999, 1, 1, 1, 1, 1],
[-9999, -9999, -9999, -9999, -9999, -9999, -9999, -9999, -9999, 96, -9999, 59, -9999, -9999, -9999, -9999, 1, -9999, -9999, -9999, -9999, -9999, -9999, -9999, -9999, -9999, 87, -9999, -9999, -9999, -9999, -9999, -9999, -9999, -9999, -9999, 36, -9999, -9999, -9999, -9999, 7, -9999, -9999, -9999, -9999, -9999, -9999, -9999, -9999, -9999, -9999, 23, -9999, -9999, -9999, 70, -9999, -9999, -9999, 84, -9999, -9999, -9999, -9999, 88, -9999, 14, -9999, -9999, 16, 21, -9999, -9999, -9999, -9999, -9999, -9999, -9999, 76, -9999, -9999, -9999, -9999, -9999, -9999, -9999, -9999, -9999, -9999, 69, -9999, -9999, -9999, -9999, -9999, -9999, -9999, -9999, -9999, 1, 1, 1, 1, 1],
[-9999, -9999, -9999, -9999, -9999, -9999, -9999, -9999, -9999, 43, -9999, 18, 1, 44, -9999, 79, 17, -9999, -9999, -9999, -9999, -9999, -9999, -9999, -9999, -9999, -9999, -9999, -9999, -9999, -9999, -9999, -9999, -9999, -9999, -9999, 6, -9999, 96, -9999, -9999, 72, -9999, 78, -9999, -9999, -9999, -9999, -9999, -9999, -9999, -9999, 16, -9999, -9999, -9999, -9999, 87, -9999, -9999, -9999, 24, -9999, -9999, -9999, -9999, -9999, 86, -9999, -9999, 15, 57, -9999, -9999, -9999, -9999, -9999, -9999, -9999, 51, -9999, -9999, -9999, -9999, -9999, -9999, -9999, -9999, -9999, -9999, -9999, -9999, -9999, -9999, -9999, -9999, -9999, -9999, -9999, -9999, 1, 1, 1, 1, 1],
[-9999, -9999, -9999, -9999, -9999, -9999, -9999, -9999, -9999, -9999, -9999, 11, 85, 37, -9999, 42, 74, -9999, -9999, -9999, -9999, -9999, -9999, -9999, -9999, -9999, 99, -9999, -9999, -9999, -9999, -9999, -9999, -9999, -9999, -9999, 30, -9999, 40, -9999, -9999, 44, -9999, -9999, -9999, -9999, -9999, -9999, -9999, -9999, -9999, -9999, 85, -9999, -9999, -9999, -9999, 19, -9999, -9999, 40, -9999, -9999, -9999, -9999, 69, -9999, 82, -9999, -9999, -9999, 42, -9999, -9999, -9999, 51, 64, -9999, -9999, 46, -9999, -9999, -9999, -9999, -9999, -9999, -9999, -9999, -9999, -9999, 28, 48, -9999, -9999, -9999, -9999, -9999, -9999, -9999, -9999, 1, 1, 1, 1, 1],
[-9999, -9999, -9999, -9999, -9999, -9999, -9999, -9999, -9999, 36, 30, 49, 85, 96, -9999, -9999, 46, -9999, -9999, 58, -9999, -9999, 43, -9999, -9999, -9999, -9999, -9999, -9999, -9999, -9999, 38, 81, -9999, -9999, -9999, 28, -9999, 36, 1, 57, -9999, -9999, 13, 88, -9999, 28, 46, -9999, -9999, -9999, -9999, 39, -9999, -9999, -9999, -9999, 40, 56, -9999, -9999, -9999, -9999, 80, 92, 40, 59, -9999, -9999, -9999, -9999, 62, 86, 37, -9999, 30, 98, 41, 59, 39, -9999, -9999, -9999, -9999, 57, -9999, -9999, 34, 45, -9999, 40, -9999, 66, -9999, 97, -9999, -9999, 55, -9999, 70, 1, 1, 1, 1, 1],
[-9999, -9999, -9999, -9999, -9999, -9999, 4, 49, 89, 69, -9999, 93, -9999, 40, 25, -9999, 50, 26, -9999, -9999, -9999, 58, 34, -9999, 73, 27, -9999, -9999, 29, -9999, -9999, -9999, 93, 89, -9999, -9999, -9999, 39, 63, -9999, -9999, -9999, 26, 2, 97, 67, 2, 21, 70, -9999, -9999, -9999, 87, 42, 20, 76, 94, 76, -9999, -9999, -9999, -9999, -9999, 70, 100, 24, -9999, 58, -9999, -9999, -9999, -9999, -9999, -9999, -9999, -9999, 94, -9999, 59, 72, 17, 63, 39, -9999, 26, 26, 62, 74, -9999, 15, -9999, -9999, 79, -9999, 1, -9999, 44, 86, 100, -9999, 1, 1, 1, 1, 1],
[-9999, -9999, -9999, -9999, -9999, -9999, -9999, 84, -9999, 73, -9999, 99, 93, 66, -9999, -9999, 13, 8, -9999, -9999, -9999, 14, -9999, 10, -9999, -9999, -9999, -9999, 83, 62, -9999, -9999, -9999, 27, -9999, 5, 28, -9999, 29, -9999, 10, 32, 88, -9999, 80, -9999, 38, 13, 89, -9999, 76, -9999, 53, -9999, -9999, -9999, 66, -9999, 86, -9999, 77, -9999, -9999, 82, -9999, 63, -9999, 9, -9999, -9999, -9999, -9999, 58, -9999, -9999, -9999, -9999, 96, 68, -9999, -9999, -9999, -9999, -9999, 90, 53, -9999, 31, -9999, -9999, 29, -9999, 11, -9999, -9999, 4, -9999, -9999, -9999, 91, 1, 1, 1, 1, 1],
[-9999, -9999, -9999, -9999, -9999, -9999, -9999, -9999, -9999, 2, -9999, -9999, 75, -9999, -9999, -9999, 77, -9999, -9999, -9999, -9999, -9999, -9999, -9999, -9999, -9999, -9999, -9999, -9999, -9999, -9999, -9999, -9999, -9999, -9999, -9999, -9999, -9999, 86, -9999, -9999, 100, -9999, 22, -9999, -9999, -9999, -9999, -9999, -9999, -9999, -9999, 25, -9999, -9999, -9999, 71, 44, -9999, -9999, -9999, -9999, -9999, -9999, -9999, 78, -9999, -9999, -9999, -9999, -9999, 7, -9999, -9999, -9999, -9999, 54, -9999, -9999, -9999, -9999, -9999, -9999, -9999, -9999, -9999, -9999, -9999, -9999, -9999, 52, -9999, -9999, -9999, -9999, -9999, -9999, -9999, -9999, -9999, 1, 1, 1, 1, 1],
[-9999, -9999, -9999, -9999, -9999, -9999, -9999, -9999, -9999, -9999, -9999, -9999, -9999, -9999, -9999, -9999, -9999, -9999, -9999, -9999, -9999, -9999, -9999, -9999, -9999, -9999, -9999, -9999, 80, -9999, -9999, 49, -9999, 37, -9999, -9999, -9999, -9999, -9999, 48, -9999, -9999, -9999, -9999, -9999, -9999, -9999, -9999, -9999, -9999, -9999, -9999, -9999, -9999, -9999, -9999, -9999, -9999, -9999, -9999, -9999, -9999, -9999, -9999, -9999, -9999, -9999, -9999, 75, -9999, -9999, -9999, -9999, -9999, -9999, -9999, -9999, -9999, -9999, -9999, 68, 42, -9999, -9999, -9999, -9999, -9999, -9999, -9999, -9999, -9999, -9999, -9999, -9999, -9999, -9999, -9999, -9999, -9999, -9999, 1, 1, 1, 1, 1],
[-9999, -9999, -9999, -9999, -9999, -9999, -9999, -9999, -9999, 23, -9999, 26, -9999, 61, -9999, 40, 80, -9999, -9999, 56, -9999, -9999, -9999, -9999, 74, -9999, 83, -9999, -9999, -9999, 20, 70, -9999, 1, -9999, -9999, -9999, 55, -9999, -9999, 37, 100, 87, -9999, 72, -9999, -9999, -9999, 51, -9999, -9999, -9999, 5, -9999, -9999, 15, -9999, -9999, 71, -9999, -9999, -9999, -9999, 73, -9999, 5, -9999, 16, -9999, -9999, -9999, -9999, -9999, 96, -9999, 86, 73, 95, 90, 89, -9999, 85, -9999, -9999, 75, 77, -9999, 11, -9999, -9999, 99, -9999, 7, -9999, 20, -9999, -9999, -9999, -9999, 15, 1, 1, 1, 1, 1],
[-9999, -9999, -9999, -9999, -9999, -9999, -9999, -9999, -9999, -9999, -9999, -9999, -9999, -9999, -9999, -9999, -9999, -9999, -9999, -9999, -9999, -9999, -9999, -9999, -9999, -9999, -9999, -9999, 47, -9999, -9999, 83, -9999, -9999, -9999, -9999, -9999, -9999, -9999, -9999, -9999, -9999, -9999, -9999, -9999, -9999, -9999, -9999, -9999, -9999, -9999, -9999, -9999, -9999, -9999, -9999, -9999, -9999, -9999, -9999, -9999, -9999, -9999, -9999, -9999, -9999, -9999, -9999, -9999, -9999, -9999, -9999, -9999, -9999, -9999, -9999, -9999, -9999, -9999, -9999, 24, -9999, -9999, -9999, 67, -9999, -9999, -9999, -9999, -9999, -9999, -9999, -9999, 30, -9999, -9999, -9999, -9999, -9999, -9999, 1, 1, 1, 1, 1],
[-9999, -9999, -9999, -9999, -9999, -9999, 39, 72, -9999, -9999, 94, -9999, 43, 69, -9999, -9999, 95, 50, -9999, 19, -9999, 62, -9999, -9999, -9999, -9999, 60, 30, 81, 26, -9999, 6, 10, -9999, -9999, 5, 39, -9999, -9999, 91, 56, -9999, -9999, 66, -9999, 61, 93, 53, -9999, -9999, 86, -9999, 4, -9999, -9999, -9999, -9999, -9999, 61, -9999, 71, -9999, -9999, 46, -9999, 82, -9999, 67, -9999, -9999, -9999, 85, -9999, -9999, -9999, -9999, 10, 38, 68, 54, -9999, 2, -9999, -9999, -9999, 25, -9999, 26, -9999, -9999, -9999, -9999, 94, 21, 48, -9999, -9999, 2, -9999, -9999, 1, 1, 1, 1, 1],
[-9999, -9999, -9999, -9999, -9999, -9999, -9999, -9999, -9999, -9999, -9999, -9999, -9999, -9999, -9999, -9999, -9999, -9999, -9999, -9999, -9999, -9999, -9999, -9999, -9999, -9999, -9999, -9999, -9999, -9999, -9999, -9999, -9999, -9999, -9999, -9999, -9999, -9999, -9999, -9999, -9999, -9999, -9999, -9999, -9999, -9999, -9999, -9999, -9999, -9999, -9999, -9999, -9999, -9999, -9999, -9999, -9999, -9999, -9999, -9999, -9999, -9999, -9999, -9999, -9999, -9999, -9999, -9999, -9999, -9999, -9999, -9999, -9999, -9999, -9999, -9999, -9999, -9999, -9999, -9999, -9999, -9999, -9999, -9999, -9999, -9999, -9999, -9999, -9999, -9999, -9999, -9999, -9999, -9999, -9999, -9999, -9999, -9999, -9999, -9999, 1, 1, 1, 1, 1],
[-9999, -9999, -9999, -9999, -9999, -9999, 20, 47, 36, -9999, 71, 24, 33, -9999, 10, 24, 47, 94, 99, -9999, -9999, 13, -9999, -9999, 25, -9999, 38, 20, 6, 42, -9999, -9999, -9999, 94, -9999, -9999, 50, 39, 5, 44, 22, 82, 14, -9999, -9999, -9999, -9999, -9999, -9999, -9999, 90, -9999, 12, 79, -9999, -9999, -9999, -9999, 48, 99, -9999, -9999, -9999, -9999, 69, 10, -9999, 58, -9999, 16, -9999, -9999, -9999, 68, -9999, 26, -9999, 99, 28, -9999, -9999, -9999, 24, 17, 98, 48, 53, 80, -9999, 41, 43, 94, -9999, -9999, 22, -9999, 79, -9999, -9999, -9999, 1, 1, 1, 1, 1],
[-9999, -9999, -9999, -9999, -9999, -9999, -9999, -9999, -9999, 89, -9999, 41, 15, 7, -9999, 3, 44, -9999, -9999, -9999, -9999, -9999, -9999, -9999, -9999, -9999, -9999, 90, -9999, -9999, -9999, -9999, -9999, -9999, -9999, -9999, 43, -9999, 24, -9999, -9999, 64, -9999, -9999, -9999, -9999, -9999, -9999, -9999, -9999, -9999, -9999, 37, -9999, -9999, -9999, 58, -9999, -9999, -9999, -9999, -9999, -9999, -9999, -9999, 57, -9999, -9999, -9999, -9999, -9999, 41, -9999, -9999, -9999, 54, -9999, -9999, -9999, 73, -9999, -9999, -9999, -9999, -9999, -9999, -9999, -9999, -9999, -9999, -9999, -9999, -9999, -9999, -9999, -9999, -9999, -9999, -9999, -9999, 1, 1, 1, 1, 1],
[-9999, -9999, -9999, -9999, -9999, -9999, 7, -9999, 37, 72, 97, -9999, 26, 80, -9999, 51, 54, 100, -9999, -9999, -9999, 79, 48, -9999, 17, -9999, 60, 37, 33, 9, -9999, 62, 74, 71, 30, -9999, 51, 29, 92, -9999, -9999, 88, 47, 94, -9999, -9999, 78, 37, 70, -9999, 39, -9999, 38, 90, 59, 76, 97, -9999, -9999, 27, -9999, -9999, -9999, 87, -9999, 93, -9999, 78, -9999, 52, -9999, 12, 10, 68, 71, -9999, -9999, 51, -9999, 74, 45, -9999, -9999, -9999, -9999, -9999, -9999, 56, -9999, 54, 58, -9999, 7, -9999, -9999, -9999, 6, -9999, -9999, 93, 1, 1, 1, 1, 1],
[-9999, -9999, -9999, -9999, -9999, -9999, -9999, -9999, -9999, 98, -9999, 39, 47, -9999, -9999, 35, 31, -9999, -9999, -9999, -9999, -9999, -9999, -9999, -9999, -9999, 60, -9999, -9999, -9999, -9999, -9999, -9999, -9999, -9999, -9999, 100, -9999, -9999, -9999, -9999, 38, -9999, 67, -9999, -9999, -9999, -9999, -9999, -9999, -9999, -9999, 38, -9999, -9999, -9999, 93, -9999, -9999, -9999, -9999, -9999, -9999, -9999, -9999, 34, -9999, -9999, -9999, -9999, -9999, -9999, -9999, -9999, -9999, 40, 6, -9999, -9999, -9999, -9999, -9999, -9999, -9999, -9999, -9999, -9999, -9999, -9999, -9999, 72, -9999, -9999, -9999, -9999, -9999, -9999, -9999, -9999, -9999, 1, 1, 1, 1, 1],
[-9999, -9999, -9999, -9999, -9999, 38, 66, 64, 73, 22, 60, -9999, 100, 60, 4, 93, 16, 3, -9999, -9999, -9999, 26, -9999, -9999, 29, -9999, 72, -9999, 28, -9999, -9999, 14, 93, 50, -9999, -9999, 43, 92, 62, -9999, 40, 27, 1, 83, 52, 12, -9999, 81, 33, 41, -9999, -9999, 36, 55, -9999, 80, 56, 93, -9999, -9999, -9999, -9999, -9999, 49, -9999, 56, -9999, 3, -9999, 9, -9999, -9999, 8, 94, 58, 95, 76, -9999, 84, 15, -9999, -9999, 47, -9999, 49, 53, 9, 38, -9999, 92, 15, -9999, -9999, -9999, 37, 24, -9999, 12, 8, -9999, 1, 1, 1, 1, 1],
[-9999, -9999, -9999, -9999, -9999, -9999, -9999, -9999, -9999, -9999, -9999, -9999, 35, 76, -9999, 89, 17, 67, -9999, 49, -9999, -9999, -9999, -9999, -9999, -9999, 28, -9999, -9999, 91, 99, -9999, 8, -9999, -9999, 62, -9999, -9999, 97, -9999, 50, -9999, 22, 89, -9999, 40, -9999, 56, -9999, -9999, -9999, -9999, 75, -9999, -9999, 77, -9999, 64, 69, -9999, -9999, -9999, -9999, -9999, 45, 88, -9999, -9999, -9999, -9999, 47, -9999, -9999, 70, 82, 19, -9999, -9999, 50, -9999, 41, -9999, -9999, -9999, -9999, 33, -9999, 7, -9999, -9999, 15, -9999, 1, -9999, 45, 46, -9999, 5, -9999, 75, 1, 1, 1, 1, 1],
[-9999, -9999, -9999, -9999, -9999, -9999, -9999, -9999, -9999, 95, -9999, 44, -9999, 67, -9999, -9999, 61, -9999, -9999, -9999, -9999, -9999, -9999, -9999, -9999, 26, 89, 21, -9999, -9999, -9999, -9999, -9999, -9999, -9999, -9999, 68, -9999, -9999, -9999, -9999, 90, -9999, 67, -9999, -9999, -9999, -9999, -9999, -9999, -9999, -9999, 41, -9999, -9999, -9999, 82, 93, -9999, -9999, -9999, -9999, -9999, -9999, -9999, 68, 69, 60, -9999, -9999, 52, 19, -9999, -9999, -9999, -9999, 99, -9999, -9999, -9999, -9999, -9999, -9999, -9999, -9999, -9999, -9999, -9999, -9999, -9999, 78, -9999, -9999, -9999, -9999, -9999, -9999, -9999, -9999, -9999, 1, 1, 1, 1, 1],
[-9999, -9999, -9999, -9999, -9999, -9999, -9999, -9999, -9999, 54, -9999, 89, -9999, 31, -9999, 53, 77, -9999, -9999, -9999, -9999, -9999, -9999, -9999, -9999, -9999, -9999, -9999, -9999, -9999, -9999, -9999, -9999, -9999, -9999, -9999, -9999, -9999, -9999, -9999, -9999, 54, -9999, -9999, -9999, -9999, -9999, -9999, -9999, -9999, -9999, -9999, 1, -9999, -9999, -9999, -9999, 38, -9999, -9999, -9999, -9999, -9999, -9999, -9999, 32, -9999, -9999, -9999, -9999, -9999, -9999, -9999, -9999, -9999, -9999, 86, -9999, -9999, 73, -9999, -9999, -9999, -9999, -9999, -9999, -9999, -9999, -9999, -9999, 54, -9999, -9999, -9999, -9999, -9999, -9999, -9999, -9999, -9999, 1, 1, 1, 1, 1],
[-9999, -9999, -9999, -9999, -9999, -9999, -9999, -9999, -9999, -9999, -9999, -9999, -9999, -9999, -9999, -9999, 69, -9999, -9999, -9999, -9999, -9999, -9999, -9999, -9999, 67, 81, 72, -9999, -9999, -9999, -9999, -9999, -9999, -9999, -9999, 2, -9999, 82, -9999, -9999, -9999, -9999, 65, -9999, -9999, -9999, -9999, -9999, -9999, -9999, -9999, 77, -9999, 95, -9999, 14, -9999, -9999, 64, -9999, -9999, -9999, -9999, -9999, 46, -9999, 69, -9999, -9999, -9999, 14, -9999, -9999, -9999, -9999, 37, -9999, -9999, -9999, -9999, -9999, -9999, -9999, -9999, -9999, -9999, -9999, -9999, -9999, 42, -9999, -9999, -9999, -9999, -9999, -9999, -9999, 100, -9999, 1, 1, 1, 1, 1],
[-9999, -9999, -9999, -9999, -9999, -9999, -9999, -9999, -9999, -9999, -9999, -9999, -9999, -9999, -9999, -9999, -9999, -9999, -9999, -9999, -9999, -9999, -9999, -9999, -9999, -9999, -9999, -9999, -9999, -9999, -9999, 100, -9999, 90, -9999, -9999, -9999, -9999, -9999, -9999, -9999, -9999, -9999, -9999, -9999, -9999, 32, -9999, -9999, -9999, -9999, -9999, -9999, -9999, 3, -9999, -9999, -9999, -9999, -9999, -9999, -9999, -9999, -9999, -9999, -9999, -9999, -9999, -9999, -9999, -9999, -9999, -9999, -9999, -9999, -9999, -9999, -9999, -9999, -9999, -9999, 85, -9999, -9999, 99, -9999, -9999, -9999, -9999, -9999, -9999, -9999, -9999, -9999, -9999, -9999, -9999, -9999, -9999, -9999, 1, 1, 1, 1, 1],
[-9999, -9999, -9999, -9999, -9999, -9999, -9999, -9999, -9999, 25, -9999, -9999, 20, -9999, -9999, 76, 42, -9999, -9999, -9999, -9999, -9999, -9999, -9999, -9999, 67, 44, -9999, -9999, -9999, -9999, -9999, -9999, -9999, -9999, -9999, 30, -9999, 57, -9999, -9999, 22, -9999, -9999, -9999, -9999, -9999, -9999, -9999, -9999, -9999, -9999, 90, -9999, -9999, -9999, 73, 93, -9999, -9999, -9999, -9999, -9999, -9999, -9999, 8, 98, 92, -9999, -9999, -9999, 15, -9999, -9999, -9999, 1, 8, -9999, -9999, 38, -9999, -9999, -9999, -9999, -9999, -9999, -9999, -9999, -9999, -9999, 41, -9999, -9999, -9999, -9999, -9999, -9999, -9999, -9999, -9999, 1, 1, 1, 1, 1],
[-9999, -9999, -9999, -9999, -9999, 87, 76, 4, 31, -9999, -9999, 56, 85, -9999, -9999, -9999, 97, -9999, -9999, 100, -9999, -9999, -9999, -9999, 46, -9999, -9999, -9999, 83, -9999, -9999, -9999, -9999, 67, -9999, -9999, 40, 70, -9999, 17, 58, 23, -9999, -9999, 23, -9999, 21, 40, -9999, -9999, 98, -9999, 58, 61, 51, 83, -9999, 44, 62, -9999, -9999, 48, -9999, 11, 51, 99, -9999, -9999, -9999, 31, -9999, -9999, 75, -9999, 62, 58, -9999, 17, 25, 57, 74, 39, 91, -9999, 33, 5, 72, -9999, -9999, -9999, -9999, -9999, 88, -9999, 37, -9999, -9999, 66, 95, -9999, 1, 1, 1, 1, 1],
[-9999, -9999, -9999, -9999, -9999, -9999, -9999, -9999, -9999, 92, -9999, -9999, -9999, 68, -9999, -9999, 4, -9999, -9999, -9999, -9999, -9999, -9999, -9999, -9999, -9999, -9999, 67, -9999, -9999, -9999, -9999, -9999, -9999, -9999, -9999, 1, -9999, 75, -9999, -9999, 43, -9999, -9999, -9999, -9999, -9999, -9999, -9999, -9999, -9999, -9999, 57, -9999, -9999, -9999, 26, 60, -9999, -9999, -9999, -9999, -9999, -9999, -9999, -9999, -9999, 33, -9999, -9999, -9999, -9999, -9999, -9999, -9999, 71, -9999, -9999, -9999, -9999, -9999, -9999, -9999, -9999, -9999, -9999, -9999, -9999, -9999, -9999, 26, -9999, -9999, -9999, -9999, -9999, -9999, -9999, -9999, -9999, 1, 1, 1, 1, 1],
[-9999, -9999, -9999, -9999, -9999, -9999, -9999, -9999, -9999, -9999, -9999, 74, 67, -9999, -9999, -9999, 75, -9999, -9999, -9999, -9999, -9999, -9999, -9999, -9999, -9999, -9999, 76, -9999, -9999, -9999, -9999, -9999, -9999, -9999, -9999, 94, -9999, -9999, -9999, -9999, 38, -9999, 26, -9999, -9999, -9999, -9999, -9999, -9999, -9999, -9999, 1, -9999, -9999, -9999, 21, 9, -9999, -9999, -9999, -9999, -9999, -9999, -9999, 91, -9999, 68, -9999, -9999, 67, 28, -9999, -9999, -9999, -9999, 92, -9999, -9999, 95, -9999, -9999, -9999, -9999, -9999, -9999, -9999, -9999, -9999, -9999, -9999, -9999, -9999, -9999, -9999, -9999, -9999, -9999, -9999, -9999, 1, 1, 1, 1, 1],
[-9999, -9999, -9999, -9999, -9999, -9999, -9999, -9999, -9999, -9999, -9999, 75, 20, -9999, -9999, -9999, 52, -9999, -9999, -9999, -9999, -9999, -9999, -9999, -9999, -9999, 44, -9999, -9999, -9999, -9999, -9999, -9999, -9999, -9999, -9999, -9999, -9999, 86, -9999, -9999, -9999, -9999, 3, -9999, -9999, -9999, -9999, -9999, -9999, -9999, -9999, 30, -9999, -9999, -9999, -9999, -9999, -9999, -9999, -9999, -9999, -9999, -9999, -9999, 70, -9999, 68, -9999, -9999, -9999, 16, -9999, -9999, -9999, 77, 37, -9999, -9999, 19, -9999, -9999, -9999, -9999, -9999, -9999, -9999, -9999, -9999, -9999, -9999, -9999, -9999, -9999, -9999, -9999, -9999, -9999, -9999, -9999, 1, 1, 1, 1, 1],
[-9999, -9999, -9999, -9999, -9999, 89, 42, -9999, 21, 93, 11, -9999, 43, 93, -9999, 64, 13, 29, -9999, 8, 62, -9999, -9999, -9999, 12, -9999, 11, -9999, -9999, 8, -9999, 83, -9999, 66, -9999, -9999, 37, -9999, 31, 100, 31, 36, 4, 25, -9999, 40, 77, -9999, 60, 12, -9999, -9999, 47, 45, 78, -9999, -9999, 72, 49, 5, -9999, -9999, -9999, 59, 95, 49, -9999, -9999, -9999, 53, 97, 79, 56, 6, -9999, -9999, 100, -9999, 43, 10, 76, 79, -9999, -9999, -9999, 28, 78, 11, -9999, 72, -9999, -9999, 11, -9999, -9999, 49, -9999, -9999, -9999, 65, 1, 1, 1, 1, 1],
[-9999, -9999, -9999, -9999, -9999, -9999, -9999, -9999, -9999, -9999, -9999, 26, -9999, -9999, -9999, -9999, 31, -9999, -9999, -9999, -9999, -9999, 41, -9999, 60, -9999, -9999, 47, -9999, 32, -9999, -9999, 69, 91, -9999, 12, 76, -9999, -9999, 39, -9999, -9999, -9999, 22, 56, 40, -9999, -9999, -9999, -9999, -9999, -9999, 50, -9999, -9999, 52, 9, 10, -9999, -9999, -9999, -9999, -9999, 52, -9999, 6, -9999, 28, -9999, -9999, -9999, 42, 35, -9999, -9999, -9999, -9999, 14, 22, 60, 15, 13, -9999, 53, -9999, 87, -9999, 36, -9999, -9999, 95, -9999, -9999, -9999, 20, -9999, -9999, -9999, -9999, -9999, 1, 1, 1, 1, 1],
[-9999, -9999, -9999, -9999, -9999, -9999, -9999, 28, -9999, 68, 1, 86, 50, -9999, -9999, 48, 24, -9999, -9999, -9999, -9999, -9999, -9999, -9999, 24, -9999, 92, 79, -9999, -9999, -9999, 9, 19, -9999, -9999, -9999, -9999, 6, -9999, 81, 78, -9999, 8, 34, 86, -9999, 21, -9999, 77, -9999, 53, -9999, -9999, -9999, -9999, -9999, 41, 28, -9999, -9999, -9999, -9999, 1, -9999, -9999, 58, -9999, -9999, -9999, -9999, -9999, -9999, 93, 24, -9999, 76, 65, -9999, -9999, 3, 74, 60, -9999, -9999, 30, -9999, -9999, 4, -9999, -9999, 24, -9999, 78, -9999, -9999, 100, -9999, 72, -9999, 3, 1, 1, 1, 1, 1],
[-9999, -9999, -9999, -9999, -9999, -9999, -9999, -9999, -9999, -9999, -9999, -9999, 62, 8, -9999, 97, 35, -9999, -9999, -9999, -9999, -9999, -9999, -9999, -9999, -9999, 33, -9999, -9999, -9999, -9999, -9999, -9999, -9999, -9999, -9999, -9999, -9999, 53, -9999, -9999, 75, -9999, 19, -9999, -9999, -9999, -9999, -9999, -9999, -9999, -9999, 28, -9999, 34, -9999, 39, -9999, -9999, -9999, -9999, -9999, -9999, -9999, -9999, 99, -9999, 32, -9999, -9999, -9999, -9999, -9999, -9999, -9999, 99, 9, -9999, -9999, -9999, -9999, -9999, -9999, -9999, -9999, -9999, -9999, -9999, -9999, -9999, 60, -9999, -9999, -9999, -9999, -9999, -9999, -9999, 8, -9999, 1, 1, 1, 1, 1],
[-9999, -9999, -9999, -9999, -9999, -9999, -9999, -9999, -9999, -9999, -9999, 30, -9999, 39, -9999, 51, 4, -9999, -9999, -9999, -9999, -9999, -9999, -9999, -9999, -9999, 85, 73, -9999, -9999, -9999, -9999, -9999, -9999, -9999, -9999, -9999, -9999, 68, -9999, -9999, -9999, -9999, -9999, -9999, -9999, -9999, -9999, -9999, -9999, -9999, -9999, 89, -9999, -9999, -9999, 37, -9999, -9999, -9999, -9999, -9999, -9999, -9999, -9999, 79, -9999, 69, -9999, -9999, -9999, 41, -9999, -9999, -9999, 16, -9999, -9999, -9999, -9999, -9999, -9999, -9999, -9999, -9999, -9999, -9999, -9999, -9999, -9999, 95, -9999, -9999, -9999, -9999, -9999, -9999, -9999, -9999, -9999, 1, 1, 1, 1, 1],
[-9999, -9999, -9999, -9999, -9999, -9999, -9999, 3, -9999, -9999, -9999, 64, -9999, 80, -9999, 15, 28, -9999, -9999, -9999, -9999, 62, 15, -9999, 50, -9999, -9999, 15, 52, -9999, -9999, 5, 92, 91, -9999, -9999, 33, -9999, 76, 94, -9999, 98, -9999, 57, -9999, -9999, 34, -9999, 68, -9999, -9999, -9999, 39, -9999, -9999, 76, -9999, 85, -9999, -9999, -9999, -9999, -9999, 9, -9999, 80, -9999, -9999, -9999, -9999, 95, -9999, 19, 60, 44, -9999, 5, -9999, 15, -9999, -9999, 53, -9999, -9999, -9999, -9999, -9999, 5, -9999, -9999, 32, -9999, -9999, -9999, 15, 15, -9999, 5, -9999, -9999, 1, 1, 1, 1, 1],
[-9999, -9999, -9999, -9999, -9999, 22, 73, 12, -9999, 51, 9, 15, 32, 76, 77, 42, 70, 49, -9999, 68, -9999, -9999, -9999, 41, 72, 90, -9999, 3, 46, -9999, 63, 98, -9999, 46, -9999, 33, -9999, -9999, 17, -9999, 32, 89, 21, -9999, -9999, -9999, 78, -9999, -9999, 84, 21, -9999, 82, 16, 83, 53, 71, -9999, -9999, 22, -9999, -9999, -9999, 59, 96, 25, -9999, -9999, -9999, 86, -9999, 21, -9999, 65, 32, 49, -9999, 74, 11, -9999, 83, -9999, 73, -9999, 42, -9999, -9999, 47, -9999, 27, -9999, -9999, 40, -9999, 15, -9999, -9999, -9999, 83, 41, 1, 1, 1, 1, 1],
[-9999, -9999, -9999, -9999, -9999, -9999, 93, 76, -9999, 59, -9999, 54, -9999, 53, -9999, 39, 67, 11, -9999, 10, -9999, -9999, 50, -9999, -9999, -9999, 1, 94, -9999, 94, -9999, -9999, 21, -9999, 87, 15, 95, -9999, 8, -9999, 5, 74, -9999, 10, -9999, 65, 13, 93, 10, -9999, -9999, -9999, 56, -9999, -9999, 22, 59, -9999, -9999, -9999, -9999, -9999, -9999, 42, 29, 25, -9999, -9999, -9999, -9999, -9999, 8, -9999, 2, 26, 46, -9999, 58, 25, -9999, -9999, -9999, -9999, -9999, -9999, 30, -9999, 3, 39, -9999, -9999, 81, 74, -9999, 92, 83, -9999, -9999, -9999, 4, 1, 1, 1, 1, 1],
[-9999, -9999, -9999, -9999, -9999, -9999, -9999, -9999, -9999, 22, -9999, -9999, 61, 69, -9999, 20, 28, -9999, -9999, -9999, -9999, -9999, -9999, -9999, -9999, -9999, 39, 88, -9999, -9999, -9999, -9999, -9999, -9999, -9999, -9999, 46, -9999, 88, -9999, -9999, 56, -9999, 11, -9999, -9999, -9999, -9999, -9999, -9999, -9999, -9999, 37, -9999, -9999, -9999, -9999, 18, -9999, -9999, -9999, -9999, -9999, -9999, -9999, 23, -9999, 66, -9999, -9999, -9999, -9999, -9999, -9999, -9999, -9999, -9999, -9999, -9999, 100, -9999, -9999, -9999, -9999, -9999, -9999, -9999, -9999, -9999, -9999, 15, -9999, -9999, -9999, -9999, -9999, -9999, -9999, -9999, -9999, 1, 1, 1, 1, 1],
[-9999, -9999, -9999, -9999, -9999, -9999, -9999, -9999, -9999, -9999, -9999, -9999, -9999, -9999, -9999, -9999, -9999, -9999, -9999, -9999, -9999, -9999, -9999, -9999, -9999, -9999, -9999, -9999, -9999, -9999, -9999, -9999, -9999, -9999, -9999, -9999, -9999, -9999, -9999, -9999, -9999, -9999, -9999, -9999, -9999, -9999, -9999, -9999, -9999, -9999, -9999, -9999, -9999, -9999, -9999, -9999, -9999, -9999, -9999, -9999, -9999, -9999, -9999, -9999, -9999, -9999, -9999, -9999, -9999, -9999, -9999, -9999, -9999, -9999, -9999, -9999, -9999, -9999, -9999, -9999, -9999, -9999, -9999, -9999, -9999, -9999, -9999, -9999, -9999, -9999, -9999, -9999, -9999, -9999, -9999, -9999, -9999, -9999, -9999, -9999, -9999, -9999, -9999, -9999, -9999],
[-9999, -9999, -9999, -9999, -9999, -9999, -9999, -9999, -9999, -9999, -9999, -9999, -9999, -9999, -9999, -9999, -9999, -9999, -9999, -9999, -9999, -9999, -9999, -9999, -9999, -9999, -9999, -9999, -9999, -9999, -9999, -9999, -9999, -9999, -9999, -9999, -9999, -9999, -9999, -9999, -9999, -9999, -9999, -9999, -9999, -9999, -9999, -9999, -9999, -9999, -9999, -9999, -9999, -9999, -9999, -9999, -9999, -9999, -9999, -9999, -9999, -9999, -9999, -9999, -9999, -9999, -9999, -9999, -9999, -9999, -9999, -9999, -9999, -9999, -9999, -9999, -9999, -9999, -9999, -9999, -9999, -9999, -9999, -9999, -9999, -9999, -9999, -9999, -9999, -9999, -9999, -9999, -9999, -9999, -9999, -9999, -9999, -9999, -9999, -9999, -9999, -9999, -9999, -9999, -9999],
[-9999, -9999, -9999, -9999, -9999, -9999, -9999, -9999, -9999, -9999, -9999, -9999, -9999, -9999, -9999, -9999, -9999, -9999, -9999, -9999, -9999, -9999, -9999, -9999, -9999, -9999, -9999, -9999, -9999, -9999, -9999, -9999, -9999, -9999, -9999, -9999, -9999, -9999, -9999, -9999, -9999, -9999, -9999, -9999, -9999, -9999, -9999, -9999, -9999, -9999, -9999, -9999, -9999, -9999, -9999, -9999, -9999, -9999, -9999, -9999, -9999, -9999, -9999, -9999, -9999, -9999, -9999, -9999, -9999, -9999, -9999, -9999, -9999, -9999, -9999, -9999, -9999, -9999, -9999, -9999, -9999, -9999, -9999, -9999, -9999, -9999, -9999, -9999, -9999, -9999, -9999, -9999, -9999, -9999, -9999, -9999, -9999, -9999, -9999, -9999, -9999, -9999, -9999, -9999, -9999],
[-9999, -9999, -9999, -9999, -9999, -9999, -9999, -9999, -9999, -9999, -9999, -9999, -9999, -9999, -9999, -9999, -9999, -9999, -9999, -9999, -9999, -9999, -9999, -9999, -9999, -9999, -9999, -9999, -9999, -9999, -9999, -9999, -9999, -9999, -9999, -9999, -9999, -9999, -9999, -9999, -9999, -9999, -9999, -9999, -9999, -9999, -9999, -9999, -9999, -9999, -9999, -9999, -9999, -9999, -9999, -9999, -9999, -9999, -9999, -9999, -9999, -9999, -9999, -9999, -9999, -9999, -9999, -9999, -9999, -9999, -9999, -9999, -9999, -9999, -9999, -9999, -9999, -9999, -9999, -9999, -9999, -9999, -9999, -9999, -9999, -9999, -9999, -9999, -9999, -9999, -9999, -9999, -9999, -9999, -9999, -9999, -9999, -9999, -9999, -9999, -9999, -9999, -9999, -9999, -9999],
[-9999, -9999, -9999, -9999, -9999, -9999, -9999, -9999, -9999, -9999, -9999, -9999, -9999, -9999, -9999, -9999, -9999, -9999, -9999, -9999, -9999, -9999, -9999, -9999, -9999, -9999, -9999, -9999, -9999, -9999, -9999, -9999, -9999, -9999, -9999, -9999, -9999, -9999, -9999, -9999, -9999, -9999, -9999, -9999, -9999, -9999, -9999, -9999, -9999, -9999, -9999, -9999, -9999, -9999, -9999, -9999, -9999, -9999, -9999, -9999, -9999, -9999, -9999, -9999, -9999, -9999, -9999, -9999, -9999, -9999, -9999, -9999, -9999, -9999, -9999, -9999, -9999, -9999, -9999, -9999, -9999, -9999, -9999, -9999, -9999, -9999, -9999, -9999, -9999, -9999, -9999, -9999, -9999, -9999, -9999, -9999, -9999, -9999, -9999, -9999, -9999, -9999, -9999, -9999, -9999]
];
