NbNodes = 105;
NbNDDs = 5;
NbPairs = 95;
NbTerminals = 5;
K = 0;
L = 97;
Wt = [
[-9999, -9999, -9999, -9999, -9999, -9999, -9999, -9999, 14, -9999, -9999, -9999, 96, -9999, -9999, -9999, -9999, -9999, -9999, -9999, -9999, -9999, -9999, -9999, -9999, -9999, 87, -9999, -9999, -9999, 31, 92, -9999, -9999, -9999, -9999, -9999, -9999, -9999, -9999, -9999, -9999, -9999, -9999, -9999, -9999, -9999, -9999, -9999, -9999, -9999, -9999, -9999, -9999, -9999, 87, -9999, -9999, -9999, -9999, -9999, -9999, -9999, -9999, -9999, -9999, -9999, -9999, -9999, -9999, -9999, -9999, -9999, -9999, -9999, -9999, -9999, 44, 2, -9999, 2, -9999, -9999, -9999, -9999, -9999, -9999, -9999, -9999, -9999, -9999, -9999, 87, 49, -9999, 62, 39, -9999, -9999, -9999, 1, 1, 1, 1, 1],
[-9999, -9999, -9999, -9999, -9999, -9999, -9999, -9999, 37, -9999, -9999, -9999, -9999, -9999, -9999, -9999, -9999, -9999, -9999, -9999, -9999, -9999, -9999, -9999, -9999, -9999, -9999, -9999, -9999, -9999, -9999, -9999, -9999, -9999, -9999, 94, -9999, -9999, 37, -9999, 44, -9999, -9999, -9999, -9999, -9999, -9999, -9999, 98, -9999, -9999, -9999, -9999, -9999, -9999, -9999, -9999, -9999, -9999, -9999, -9999, -9999, -9999, -9999, -9999, -9999, -9999, -9999, -9999, -9999, -9999, -9999, -9999, -9999, -9999, -9999, -9999, -9999, -9999, -9999, -9999, -9999, -9999, -9999, -9999, -9999, -9999, -9999, -9999, -9999, -9999, 21, -9999, -9999, -9999, -9999, -9999, -9999, -9999, -9999, 1, 1, 1, 1, 1],
[-9999, -9999, -9999, -9999, -9999, 87, -9999, -9999, 55, -9999, -9999, 36, 68, -9999, -9999, 34, -9999, -9999, -9999, 94, -9999, 1, -9999, -9999, -9999, 66, 80, -9999, 43, -9999, -9999, -9999, 93, -9999, -9999, 47, -9999, -9999, 5, -9999, -9999, -9999, -9999, -9999, 18, 100, -9999, -9999, -9999, -9999, 40, 33, 93, 21, -9999, 69, 37, 12, 8, -9999, 94, 33, 45, 41, -9999, -9999, 51, 79, 2, 24, -9999, 21, 60, -9999, 15, 96, 89, -9999, 19, -9999, 44, 8, -9999, 16, 83, -9999, 53, 99, 35, 48, 21, -9999, -9999, 42, 10, 70, 94, 75, -9999, 31, 1, 1, 1, 1, 1],
[-9999, -9999, -9999, -9999, -9999, 67, -9999, -9999, -9999, 11, -9999, 64, -9999, -9999, 50, -9999, 66, -9999, -9999, 47, -9999, 24, 12, -9999, -9999, -9999, -9999, -9999, -9999, -9999, 28, -9999, 88, -9999, -9999, -9999, -9999, -9999, 74, -9999, -9999, 29, -9999, 92, -9999, 6, -9999, 51, 33, -9999, -9999, -9999, -9999, -9999, -9999, 78, 28, 9, 91, -9999, -9999, 19, -9999, 85, -9999, -9999, 29, -9999, -9999, 87, 58, -9999, -9999, -9999, 57, 90, -9999, -9999, -9999, 16, 21, 28, -9999, 94, -9999, -9999, 84, -9999, -9999, -9999, -9999, 79, -9999, 70, -9999, 49, 78, -9999, -9999, 10, 1, 1, 1, 1, 1],
[-9999, -9999, -9999, -9999, -9999, -9999, -9999, -9999, 32, -9999, -9999, -9999, 33, -9999, -9999, -9999, -9999, -9999, -9999, -9999, -9999, -9999, -9999, -9999, -9999, -9999, -9999, -9999, -9999, -9999, 31, -9999, 70, -9999, -9999, -9999, -9999, -9999, -9999, 99, -9999, -9999, -9999, -9999, -9999, 95, 57, -9999, -9999, -9999, -9999, -9999, -9999, -9999, -9999, 53, -9999, -9999, -9999, -9999, -9999, -9999, -9999, -9999, -9999, 39, -9999, -9999, -9999, -9999, -9999, -9999, -9999, -9999, -9999, -9999, -9999, 9, 53, -9999, 52, -9999, -9999, -9999, 99, -9999, -9999, -9999, -9999, -9999, -9999, -9999, 74, 13, 66, 100, -9999, -9999, -9999, -9999, 1, 1, 1, 1, 1],
[-9999, -9999, -9999, -9999, -9999, -9999, 58, -9999, 49, -9999, -9999, 34, 44, 72, -9999, -9999, -9999, 42, 1, -9999, -9999, 89, -9999, -9999, -9999, -9999, 89, -9999, 28, 5, -9999, -9999, 32, -9999, -9999, 76, -9999, -9999, 71, 9, 83, -9999, 49, 7, 88, -9999, 71, 56, -9999, -9999, -9999, -9999, 80, -9999, -9999, 32, 23, 39, 64, -9999, -9999, 68, -9999, -9999, -9999, -9999, 70, 28, 46, 17, 39, -9999, -9999, -9999, 86, 57, -9999, -9999, -9999, -9999, 40, 58, -9999, 50, 65, -9999, -9999, -9999, -9999, 98, -9999, 81, 54, 43, 83, 44, 82, -9999, -9999, 69, 1, 1, 1, 1, 1],
[-9999, -9999, -9999, -9999, -9999, 66, -9999, -9999, 95, -9999, -9999, 43, 66, -9999, -9999, -9999, 2, -9999, 74, -9999, -9999, -9999, -9999, -9999, -9999, -9999, 31, -9999, -9999, -9999, -9999, -9999, 13, -9999, -9999, -9999, -9999, -9999, -9999, -9999, 27, 87, -9999, -9999, 44, 38, -9999, 18, -9999, -9999, -9999, -9999, 1, -9999, -9999, 60, -9999, 65, 36, -9999, -9999, -9999, -9999, -9999, -9999, 43, 33, -9999, 20, 61, -9999, -9999, -9999, -9999, 100, -9999, -9999, -9999, 75, 54, 95, 30, -9999, 83, 81, -9999, -9999, -9999, -9999, 67, -9999, -9999, 22, 57, 89, 48, 65, 40, -9999, 60, 1, 1, 1, 1, 1],
[-9999, -9999, -9999, -9999, -9999, -9999, 26, -9999, -9999, -9999, -9999, 90, -9999, 61, -9999, -9999, 1, -9999, -9999, -9999, -9999, -9999, -9999, -9999, -9999, -9999, 15, -9999, 34, -9999, -9999, -9999, 53, -9999, -9999, -9999, -9999, -9999, 33, -9999, -9999, 71, -9999, 17, 63, 19, 93, 91, 22, -9999, 29, -9999, 2, -9999, -9999, -9999, 19, 22, 68, -9999, -9999, 44, -9999, 7, -9999, -9999, 61, -9999, -9999, 7, -9999, -9999, -9999, -9999, 10, -9999, -9999, -9999, -9999, -9999, -9999, 32, -9999, 11, 78, -9999, 97, -9999, -9999, -9999, -9999, 80, 24, -9999, 9, 79, -9999, 6, -9999, 14, 1, 1, 1, 1, 1],
[-9999, -9999, -9999, -9999, -9999, -9999, -9999, -9999, -9999, -9999, -9999, -9999, 69, -9999, -9999, -9999, -9999, -9999, -9999, -9999, -9999, -9999, -9999, -9999, -9999, -9999, -9999, -9999, 79, -9999, 58, -9999, -9999, -9999, -9999, -9999, -9999, -9999, -9999, -9999, -9999, -9999, -9999, -9999, -9999, 88, 53, -9999, -9999, -9999, -9999, -9999, -9999, -9999, -9999, -9999, -9999, -9999, -9999, -9999, -9999, -9999, -9999, -9999, -9999, 94, -9999, -9999, -9999, -9999, -9999, -9999, -9999, -9999, -9999, -9999, -9999, 61, -9999, -9999, 8, -9999, -9999, -9999, 52, -9999, -9999, -9999, -9999, -9999, -9999, -9999, 49, -9999, 16, 52, -9999, -9999, -9999, -9999, 1, 1, 1, 1, 1],
[-9999, -9999, -9999, -9999, -9999, 91, 35, -9999, 15, -9999, -9999, 32, -9999, -9999, 12, -9999, -9999, -9999, 68, -9999, -9999, -9999, -9999, -9999, -9999, -9999, 37, -9999, 7, -9999, -9999, -9999, -9999, 49, -9999, 31, -9999, -9999, 31, -9999, -9999, 69, 55, -9999, 29, 82, 96, -9999, 12, -9999, -9999, 29, 26, -9999, -9999, -9999, 95, -9999, 8, -9999, -9999, -9999, -9999, 78, -9999, 44, 78, 35, 97, -9999, 24, -9999, -9999, 5, 6, 16, -9999, -9999, 74, -9999, 78, 4, -9999, 65, 44, -9999, -9999, -9999, -9999, 52, -9999, -9999, -9999, -9999, 92, 34, 19, 99, -9999, 22, 1, 1, 1, 1, 1],
[-9999, -9999, -9999, -9999, -9999, 55, 22, -9999, 81, 60, -9999, 71, 53, -9999, 60, 53, -9999, -9999, 88, -9999, -9999, 91, -9999, -9999, -9999, -9999, 18, -9999, 76, -9999, -9999, 21, 4, -9999, -9999, 76, -9999, -9999, 89, 55, -9999, 61, -9999, 67, 80, 45, 82, -9999, -9999, -9999, 84, 37, -9999, -9999, -9999, 21, 78, 5, 67, -9999, -9999, 38, -9999, 91, 45, 54, 14, -9999, -9999, 13, 11, -9999, -9999, -9999, 40, 94, -9999, -9999, -9999, -9999, 33, 33, -9999, 13, 1, -9999, -9999, -9999, -9999, -9999, -9999, -9999, 81, 40, -9999, 85, 23, 26, -9999, 11, 1, 1, 1, 1, 1],
[-9999, -9999, -9999, -9999, -9999, -9999, -9999, -9999, -9999, -9999, -9999, -9999, 71, -9999, -9999, -9999, -9999, -9999, -9999, -9999, -9999, -9999, -9999, -9999, -9999, -9999, -9999, -9999, 47, -9999, 51, -9999, 2, -9999, -9999, -9999, -9999, -9999, -9999, 65, -9999, -9999, -9999, -9999, -9999, 47, 15, -9999, -9999, -9999, -9999, -9999, -9999, -9999, -9999, 79, -9999, -9999, -9999, -9999, -9999, -9999, -9999, -9999, -9999, 11, -9999, -9999, -9999, -9999, -9999, -9999, -9999, 66, -9999, -9999, -9999, 97, -9999, -9999, -9999, -9999, -9999, -9999, -9999, -9999, -9999, -9999, -9999, -9999, -9999, -9999, 2, -9999, -9999, 70, -9999, -9999, -9999, -9999, 1, 1, 1, 1, 1],
[-9999, -9999, -9999, -9999, -9999, -9999, -9999, -9999, 86, -9999, -9999, 51, -9999, -9999, -9999, 13, -9999, -9999, -9999, 40, -9999, -9999, 81, -9999, -9999, -9999, 54, -9999, 19, -9999, 79, -9999, -9999, 13, -9999, 86, -9999, -9999, 84, 94, 99, 93, 7, 81, -9999, -9999, -9999, 24, 56, -9999, 16, 61, 72, -9999, 47, 35, 26, 100, 40, -9999, -9999, -9999, -9999, -9999, -9999, -9999, 65, -9999, -9999, 81, 59, -9999, -9999, -9999, 42, 51, -9999, 99, 21, -9999, 9, -9999, -9999, 12, -9999, -9999, 46, -9999, -9999, -9999, -9999, -9999, 86, -9999, -9999, 52, -9999, 11, -9999, 54, 1, 1, 1, 1, 1],
[-9999, -9999, -9999, -9999, -9999, -9999, -9999, -9999, -9999, -9999, -9999, -9999, 9, -9999, -9999, -9999, -9999, -9999, -9999, -9999, -9999, -9999, -9999, -9999, -9999, -9999, -9999, -9999, -9999, -9999, -9999, -9999, 55, -9999, -9999, -9999, -9999, -9999, -9999, 33, -9999, -9999, -9999, -9999, -9999, 97, -9999, -9999, -9999, -9999, -9999, 12, -9999, -9999, -9999, 79, -9999, -9999, -9999, -9999, -9999, -9999, -9999, -9999, -9999, 25, -9999, -9999, -9999, -9999, -9999, -9999, -9999, -9999, -9999, -9999, -9999, 35, 60, -9999, 79, -9999, -9999, -9999, 35, -9999, -9999, -9999, -9999, -9999, -9999, -9999, 30, -9999, -9999, 41, -9999, -9999, -9999, -9999, 1, 1, 1, 1, 1],
[-9999, -9999, -9999, -9999, -9999, -9999, -9999, -9999, 79, -9999, -9999, -9999, -9999, -9999, -9999, -9999, -9999, -9999, -9999, -9999, -9999, -9999, -9999, -9999, -9999, -9999, 58, -9999, -9999, -9999, 42, -9999, -9999, -9999, -9999, -9999, -9999, -9999, -9999, -9999, -9999, -9999, -9999, -9999, -9999, 45, -9999, -9999, -9999, -9999, -9999, -9999, -9999, -9999, -9999, -9999, -9999, -9999, -9999, -9999, -9999, 47, -9999, -9999, -9999, -9999, -9999, -9999, -9999, -9999, -9999, -9999, -9999, -9999, -9999, -9999, -9999, -9999, 74, -9999, 89, -9999, -9999, -9999, -9999, -9999, -9999, -9999, -9999, -9999, -9999, -9999, 33, 33, 75, 34, 4, -9999, -9999, -9999, 1, 1, 1, 1, 1],
[-9999, -9999, -9999, -9999, -9999, -9999, -9999, -9999, -9999, -9999, -9999, 7, -9999, 51, -9999, -9999, -9999, -9999, -9999, 37, -9999, 15, -9999, -9999, -9999, -9999, -9999, -9999, 32, -9999, -9999, -9999, 38, 95, -9999, 86, -9999, -9999, -9999, -9999, 1, 50, 55, 62, 11, 49, 29, -9999, 39, -9999, 5, 41, 5, -9999, -9999, 80, 71, -9999, 64, -9999, -9999, 23, -9999, -9999, 28, 57, 99, 33, 41, 15, 4, -9999, -9999, -9999, 51, 72, -9999, -9999, 45, -9999, 80, -9999, -9999, 12, 67, -9999, 86, -9999, -9999, -9999, -9999, 58, -9999, 91, 48, 41, 67, 8, -9999, 47, 1, 1, 1, 1, 1],
[-9999, -9999, -9999, -9999, -9999, 84, 73, -9999, -9999, -9999, -9999, 23, 91, -9999, 62, -9999, -9999, -9999, 9, -9999, -9999, -9999, -9999, -9999, 88, -9999, -9999, 55, 4, -9999, -9999, -9999, 48, 26, -9999, 29, -9999, -9999, 57, 1, -9999, -9999, 29, -9999, -9999, -9999, -9999, 40, 63, -9999, 93, 16, 94, 91, -9999, -9999, -9999, 98, 63, 66, -9999, -9999, -9999, 16, -9999, 85, 48, -9999, 17, 39, 73, -9999, 90, -9999, 63, 67, 92, -9999, 47, -9999, 43, 55, -9999, 95, 16, -9999, 9, 27, 74, 94, 95, 99, -9999, 43, 98, 6, 83, 10, -9999, 56, 1, 1, 1, 1, 1],
[-9999, -9999, -9999, -9999, -9999, -9999, -9999, -9999, 9, -9999, 32, 7, 60, 56, 75, -9999, 83, -9999, 38, 88, -9999, 89, -9999, -9999, -9999, -9999, 34, -9999, 80, -9999, 77, -9999, 55, -9999, -9999, -9999, -9999, -9999, 7, 35, 71, 46, 33, -9999, -9999, 15, -9999, 62, -9999, 70, 100, -9999, 41, 83, -9999, -9999, 48, -9999, 87, 22, -9999, -9999, 60, 47, -9999, -9999, 17, 2, 85, 72, -9999, 75, 68, -9999, 17, -9999, -9999, 72, 19, 50, -9999, -9999, -9999, 54, -9999, -9999, -9999, -9999, -9999, -9999, 2, -9999, -9999, 50, 8, 91, 60, -9999, -9999, 70, 1, 1, 1, 1, 1],
[-9999, -9999, -9999, -9999, -9999, 100, -9999, -9999, 45, -9999, -9999, 29, 8, 79, -9999, -9999, -9999, -9999, -9999, 4, -9999, 35, -9999, -9999, -9999, -9999, -9999, -9999, 15, -9999, -9999, -9999, -9999, 83, -9999, -9999, -9999, -9999, 9, -9999, 96, 11, -9999, 90, 75, 62, -9999, 1, -9999, -9999, 35, 78, 61, -9999, -9999, 77, 12, 59, 30, -9999, -9999, -9999, -9999, 21, -9999, 45, 38, -9999, -9999, -9999, 5, -9999, -9999, -9999, 2, 63, -9999, -9999, 68, -9999, -9999, 6, -9999, 35, 57, -9999, 30, -9999, -9999, -9999, -9999, 26, 68, -9999, 19, 29, 88, -9999, -9999, 5, 1, 1, 1, 1, 1],
[-9999, -9999, -9999, -9999, -9999, -9999, -9999, -9999, 44, -9999, -9999, -9999, -9999, -9999, -9999, -9999, -9999, -9999, -9999, -9999, -9999, -9999, -9999, -9999, -9999, -9999, -9999, -9999, -9999, -9999, -9999, -9999, -9999, -9999, -9999, -9999, -9999, -9999, 62, -9999, -9999, -9999, -9999, -9999, -9999, -9999, -9999, -9999, 31, -9999, -9999, -9999, -9999, -9999, -9999, -9999, -9999, -9999, -9999, -9999, -9999, -9999, -9999, -9999, -9999, -9999, -9999, -9999, -9999, -9999, -9999, -9999, -9999, -9999, -9999, -9999, -9999, -9999, -9999, -9999, -9999, -9999, -9999, -9999, -9999, -9999, -9999, -9999, -9999, -9999, -9999, 72, -9999, -9999, -9999, -9999, -9999, -9999, -9999, -9999, 1, 1, 1, 1, 1],
[-9999, -9999, -9999, -9999, -9999, 96, 14, -9999, -9999, -9999, -9999, 70, 34, -9999, -9999, -9999, -9999, -9999, 65, 32, -9999, -9999, -9999, -9999, -9999, -9999, -9999, -9999, 60, -9999, -9999, 1, -9999, 79, -9999, 1, -9999, -9999, -9999, 14, 65, 55, -9999, 16, 57, 58, 60, 71, -9999, -9999, -9999, 9, 5, -9999, -9999, 37, 88, -9999, 60, -9999, -9999, 16, -9999, 3, -9999, 5, 47, -9999, -9999, -9999, 95, -9999, -9999, -9999, 11, 11, 61, 8, 100, -9999, 53, 85, -9999, 42, 84, -9999, 62, -9999, -9999, -9999, -9999, 99, 64, 65, -9999, 70, -9999, -9999, -9999, 7, 1, 1, 1, 1, 1],
[-9999, -9999, -9999, -9999, -9999, -9999, -9999, -9999, -9999, -9999, -9999, -9999, 100, -9999, -9999, -9999, -9999, -9999, -9999, -9999, -9999, -9999, -9999, -9999, -9999, -9999, 61, -9999, 10, -9999, 79, -9999, -9999, -9999, -9999, -9999, -9999, -9999, -9999, 77, -9999, -9999, -9999, -9999, -9999, 97, 37, -9999, -9999, -9999, -9999, -9999, -9999, -9999, -9999, -9999, -9999, -9999, -9999, -9999, -9999, -9999, -9999, -9999, -9999, 25, -9999, -9999, -9999, -9999, -9999, -9999, -9999, -9999, -9999, -9999, -9999, 72, 9, -9999, -9999, -9999, -9999, -9999, 45, -9999, -9999, -9999, -9999, -9999, -9999, -9999, 96, 85, -9999, 92, 44, -9999, -9999, -9999, 1, 1, 1, 1, 1],
[-9999, -9999, -9999, -9999, -9999, -9999, 52, -9999, -9999, -9999, -9999, 98, -9999, -9999, 26, 32, 91, -9999, 97, -9999, -9999, -9999, -9999, -9999, -9999, -9999, 52, -9999, 19, -9999, 48, -9999, -9999, 86, -9999, 89, -9999, -9999, -9999, -9999, 68, 20, 17, -9999, 65, 22, -9999, 24, -9999, -9999, -9999, -9999, 23, -9999, -9999, -9999, 6, -9999, 71, -9999, -9999, 73, -9999, 5, -9999, -9999, 60, -9999, 10, -9999, -9999, -9999, -9999, 46, 63, -9999, -9999, 83, -9999, 83, -9999, 81, -9999, 61, -9999, -9999, 10, -9999, -9999, 4, -9999, 63, 85, -9999, -9999, 31, 85, 35, -9999, 93, 1, 1, 1, 1, 1],
[-9999, -9999, -9999, -9999, -9999, -9999, 4, -9999, 63, -9999, -9999, 31, -9999, 90, -9999, 43, -9999, -9999, 14, -9999, -9999, 5, 27, -9999, -9999, -9999, 14, -9999, -9999, -9999, 47, -9999, 81, 65, -9999, 12, -9999, -9999, 93, -9999, 92, -9999, 64, -9999, -9999, 47, -9999, 84, 83, -9999, 12, -9999, -9999, -9999, -9999, 13, -9999, 48, 25, -9999, -9999, -9999, -9999, -9999, -9999, 40, 47, -9999, -9999, 82, -9999, -9999, -9999, -9999, 65, -9999, 76, -9999, 89, -9999, 98, 65, -9999, 43, 91, -9999, 27, -9999, -9999, -9999, -9999, 55, 96, -9999, -9999, 38, 16, -9999, -9999, 41, 1, 1, 1, 1, 1],
[-9999, -9999, -9999, -9999, -9999, 78, 66, -9999, 32, -9999, -9999, 59, -9999, 65, 41, -9999, -9999, 73, 31, 13, 100, 24, -9999, -9999, -9999, -9999, 9, -9999, -9999, -9999, -9999, -9999, -9999, 62, -9999, 71, -9999, -9999, -9999, -9999, -9999, -9999, 69, -9999, -9999, 13, 28, 26, -9999, -9999, 86, 65, -9999, -9999, -9999, 45, -9999, 44, 16, -9999, -9999, -9999, -9999, 51, -9999, -9999, 1, 92, 10, 78, 61, -9999, -9999, -9999, 63, 83, -9999, 89, 37, -9999, 5, 36, -9999, 62, -9999, -9999, 68, -9999, -9999, -9999, -9999, 53, 79, -9999, -9999, 28, 86, 73, -9999, 33, 1, 1, 1, 1, 1],
[-9999, -9999, -9999, -9999, -9999, -9999, 86, -9999, 18, -9999, -9999, 12, -9999, 6, 9, 61, 50, -9999, 85, -9999, -9999, 88, -9999, -9999, -9999, -9999, -9999, -9999, 43, -9999, 85, -9999, -9999, -9999, -9999, -9999, -9999, -9999, -9999, -9999, 99, 38, -9999, -9999, 40, 10, 42, 11, -9999, -9999, -9999, 81, -9999, -9999, -9999, -9999, 58, 71, 68, -9999, -9999, 81, -9999, -9999, -9999, 78, 98, 55, 75, -9999, -9999, -9999, -9999, -9999, 38, 93, -9999, 87, -9999, 11, -9999, -9999, -9999, 95, -9999, -9999, 30, -9999, -9999, 55, -9999, 43, 9, 70, 94, 20, -9999, 94, -9999, 40, 1, 1, 1, 1, 1],
[-9999, -9999, -9999, -9999, -9999, -9999, 58, -9999, -9999, -9999, -9999, 97, 78, 83, -9999, 35, 31, -9999, -9999, 34, -9999, -9999, -9999, -9999, -9999, -9999, -9999, -9999, 17, -9999, 71, -9999, 65, -9999, -9999, -9999, -9999, -9999, -9999, -9999, -9999, 76, 13, -9999, 18, -9999, 99, -9999, -9999, -9999, -9999, -9999, 76, -9999, -9999, -9999, 6, 43, 16, -9999, -9999, 8, -9999, 41, -9999, -9999, 46, -9999, -9999, 45, 76, -9999, -9999, -9999, 65, 83, 64, -9999, -9999, 45, 42, 27, -9999, 11, -9999, -9999, -9999, -9999, -9999, -9999, -9999, 28, 3, -9999, 29, 83, 42, 35, -9999, 38, 1, 1, 1, 1, 1],
[-9999, -9999, -9999, -9999, -9999, 90, 51, -9999, 41, -9999, -9999, 76, 86, 64, -9999, 76, 34, -9999, 56, 49, -9999, 67, -9999, -9999, 100, -9999, 65, -9999, -9999, -9999, -9999, -9999, 7, 89, 31, 61, -9999, -9999, 34, -9999, 51, 52, 95, 30, 11, -9999, 3, 87, 8, -9999, -9999, 12, -9999, -9999, -9999, -9999, -9999, -9999, 56, -9999, -9999, -9999, -9999, 53, -9999, 71, 72, -9999, 47, 85, 45, 84, 43, -9999, 53, 12, 10, 26, 42, 42, -9999, -9999, -9999, 46, 85, -9999, 45, -9999, 96, 57, 63, 31, -9999, 86, -9999, 83, -9999, 48, -9999, 79, 1, 1, 1, 1, 1],
[-9999, -9999, -9999, -9999, -9999, -9999, -9999, -9999, 28, -9999, -9999, -9999, -9999, -9999, -9999, -9999, -9999, -9999, -9999, -9999, -9999, -9999, -9999, 67, -9999, -9999, 89, -9999, -9999, -9999, -9999, -9999, 54, -9999, -9999, -9999, -9999, -9999, -9999, -9999, -9999, -9999, -9999, -9999, -9999, 84, 17, -9999, -9999, -9999, -9999, 22, -9999, -9999, -9999, 63, -9999, -9999, -9999, -9999, -9999, 26, -9999, -9999, -9999, 80, -9999, -9999, -9999, -9999, -9999, -9999, -9999, -9999, -9999, -9999, -9999, 35, 39, -9999, -9999, -9999, -9999, -9999, 50, -9999, -9999, -9999, -9999, -9999, -9999, -9999, -9999, 6, -9999, 73, -9999, -9999, -9999, -9999, 1, 1, 1, 1, 1],
[-9999, -9999, -9999, -9999, -9999, -9999, 8, -9999, -9999, 31, -9999, 40, 61, -9999, 79, -9999, -9999, -9999, 40, 68, -9999, 2, -9999, -9999, -9999, -9999, -9999, -9999, 54, -9999, -9999, -9999, 20, 24, -9999, -9999, -9999, -9999, -9999, -9999, 96, 48, -9999, 88, 63, 82, 7, 91, 11, -9999, 5, 16, 89, -9999, -9999, -9999, -9999, 56, 66, -9999, -9999, 41, -9999, 37, -9999, 54, 29, 82, 72, 12, 47, -9999, -9999, -9999, 87, -9999, -9999, 34, -9999, 21, 77, 92, -9999, 97, 64, -9999, 75, -9999, -9999, -9999, -9999, -9999, 69, -9999, 63, 59, 79, -9999, -9999, 99, 1, 1, 1, 1, 1],
[-9999, -9999, -9999, -9999, -9999, 58, -9999, -9999, -9999, -9999, -9999, 8, -9999, -9999, 30, 65, 38, -9999, -9999, -9999, 35, -9999, -9999, -9999, -9999, -9999, 61, -9999, 23, -9999, -9999, -9999, 96, 64, -9999, 92, 94, -9999, -9999, 12, 95, -9999, -9999, 6, -9999, -9999, -9999, -9999, -9999, -9999, -9999, 11, -9999, -9999, -9999, 3, 49, 25, 61, -9999, 21, 66, -9999, -9999, -9999, 91, 97, 93, 25, 21, 73, -9999, -9999, -9999, 40, 27, 58, -9999, 55, 83, 52, -9999, -9999, 32, 24, -9999, 26, -9999, -9999, 21, -9999, -9999, -9999, -9999, 77, 65, 26, -9999, -9999, 90, 1, 1, 1, 1, 1],
[-9999, -9999, -9999, -9999, -9999, 17, 29, -9999, -9999, -9999, -9999, 85, 75, -9999, 9, 88, 97, -9999, -9999, -9999, -9999, -9999, 86, -9999, -9999, -9999, -9999, -9999, -9999, -9999, -9999, -9999, 25, 12, -9999, 5, -9999, -9999, 79, -9999, 40, -9999, 50, 14, -9999, 19, 53, 93, 4, -9999, 22, 80, 65, -9999, -9999, -9999, 21, -9999, 88, -9999, -9999, 33, -9999, 80, -9999, 65, 42, 52, 55, -9999, -9999, -9999, -9999, -9999, 59, 9, -9999, 29, -9999, 75, 97, 35, -9999, 98, -9999, -9999, 89, -9999, -9999, 60, -9999, -9999, 51, -9999, 100, 19, -9999, -9999, -9999, -9999, 1, 1, 1, 1, 1],
[-9999, -9999, -9999, -9999, -9999, -9999, -9999, -9999, 19, -9999, -9999, -9999, 39, -9999, -9999, -9999, -9999, -9999, -9999, -9999, -9999, -9999, -9999, -9999, -9999, -9999, -9999, -9999, 95, -9999, -9999, -9999, -9999, -9999, -9999, -9999, -9999, -9999, -9999, 8, -9999, -9999, -9999, -9999, -9999, 49, 90, -9999, -9999, -9999, -9999, 85, -9999, -9999, -9999, -9999, -9999, -9999, -9999, -9999, -9999, -9999, -9999, -9999, -9999, -9999, -9999, -9999, -9999, -9999, -9999, -9999, -9999, -9999, -9999, -9999, -9999, 48, 69, -9999, 74, -9999, -9999, -9999, 2, -9999, -9999, -9999, -9999, -9999, -9999, -9999, 66, -9999, 33, 16, 8, -9999, -9999, -9999, 1, 1, 1, 1, 1],
[-9999, -9999, -9999, -9999, -9999, -9999, 32, -9999, -9999, -9999, -9999, 19, -9999, 95, 22, 16, 90, -9999, 65, -9999, -9999, -9999, -9999, -9999, -9999, -9999, -9999, -9999, 90, -9999, 88, -9999, 47, -9999, -9999, 7, -9999, 49, 78, -9999, -9999, -9999, 22, 40, 45, -9999, -9999, 24, 78, -9999, 94, -9999, 27, -9999, -9999, -9999, -9999, -9999, 20, -9999, 81, -9999, -9999, -9999, -9999, -9999, 27, 93, 30, 33, -9999, -9999, -9999, -9999, 3, 28, 100, 76, 100, 39, -9999, 16, -9999, 40, 48, -9999, -9999, -9999, -9999, -9999, -9999, 33, 57, -9999, -9999, 81, -9999, 51, -9999, 8, 1, 1, 1, 1, 1],
[-9999, -9999, -9999, -9999, -9999, -9999, -9999, -9999, 68, -9999, -9999, -9999, 25, -9999, -9999, -9999, -9999, -9999, -9999, -9999, -9999, -9999, -9999, -9999, -9999, -9999, 31, -9999, 98, -9999, 96, -9999, -9999, -9999, -9999, -9999, -9999, -9999, -9999, -9999, -9999, -9999, -9999, -9999, -9999, 89, 75, -9999, -9999, -9999, -9999, 22, -9999, -9999, -9999, -9999, -9999, -9999, -9999, -9999, -9999, -9999, -9999, -9999, -9999, 6, -9999, -9999, -9999, -9999, -9999, -9999, -9999, -9999, -9999, -9999, -9999, -9999, -9999, -9999, -9999, -9999, -9999, -9999, -9999, -9999, -9999, -9999, -9999, -9999, -9999, -9999, 74, 68, -9999, 25, -9999, -9999, -9999, -9999, 1, 1, 1, 1, 1],
[-9999, -9999, -9999, -9999, -9999, -9999, -9999, -9999, -9999, -9999, -9999, -9999, 66, -9999, -9999, -9999, -9999, -9999, -9999, -9999, -9999, -9999, -9999, -9999, -9999, -9999, 68, -9999, -9999, -9999, -9999, -9999, 35, -9999, -9999, -9999, -9999, -9999, -9999, -9999, -9999, -9999, -9999, -9999, -9999, 32, -9999, -9999, -9999, -9999, -9999, 58, -9999, -9999, -9999, -9999, -9999, -9999, -9999, -9999, -9999, 22, -9999, -9999, -9999, 81, -9999, -9999, -9999, -9999, -9999, -9999, -9999, -9999, -9999, -9999, -9999, 55, 87, -9999, 12, -9999, -9999, -9999, 81, -9999, -9999, -9999, -9999, -9999, -9999, -9999, -9999, -9999, -9999, 5, -9999, -9999, -9999, -9999, 1, 1, 1, 1, 1],
[-9999, -9999, -9999, -9999, -9999, -9999, -9999, -9999, -9999, -9999, -9999, -9999, 17, -9999, -9999, -9999, -9999, -9999, -9999, -9999, -9999, -9999, -9999, -9999, -9999, -9999, 90, 22, 58, -9999, 22, -9999, -9999, -9999, -9999, -9999, -9999, -9999, -9999, -9999, -9999, -9999, -9999, -9999, -9999, 9, 67, -9999, -9999, 88, -9999, 84, -9999, 83, -9999, 25, -9999, -9999, -9999, -9999, -9999, -9999, 8, -9999, -9999, 27, -9999, -9999, -9999, -9999, -9999, 70, -9999, -9999, -9999, -9999, -9999, -9999, 82, -9999, 70, -9999, -9999, -9999, 67, -9999, -9999, -9999, -9999, -9999, -9999, -9999, -9999, 83, 6, 40, 63, -9999, -9999, -9999, 1, 1, 1, 1, 1],
[-9999, -9999, -9999, -9999, -9999, 88, 65, -9999, 28, 97, -9999, 26, 86, -9999, -9999, -9999, 98, -9999, -9999, 89, -9999, 32, -9999, -9999, -9999, -9999, 61, -9999, 32, -9999, 53, -9999, 65, -9999, -9999, 80, 27, -9999, 51, 19, 33, -9999, 70, 83, 93, 88, -9999, 70, 89, -9999, -9999, 26, -9999, -9999, 98, -9999, 85, 7, 54, -9999, -9999, -9999, -9999, -9999, -9999, 17, 98, 64, -9999, 76, 36, -9999, -9999, -9999, 58, 88, -9999, -9999, 84, -9999, 81, 84, -9999, 36, 26, -9999, 77, -9999, -9999, 51, -9999, -9999, 52, 27, 58, 96, 21, -9999, -9999, 75, 1, 1, 1, 1, 1],
[-9999, -9999, -9999, -9999, -9999, -9999, -9999, -9999, 18, -9999, -9999, -9999, -9999, -9999, -9999, -9999, -9999, -9999, -9999, -9999, -9999, -9999, -9999, 67, -9999, -9999, 59, -9999, -9999, -9999, 65, -9999, 62, -9999, -9999, -9999, -9999, -9999, -9999, 93, -9999, -9999, -9999, -9999, -9999, 33, 70, -9999, -9999, -9999, -9999, 35, -9999, -9999, -9999, 56, -9999, -9999, -9999, -9999, -9999, 32, -9999, -9999, -9999, -9999, -9999, -9999, -9999, -9999, -9999, -9999, -9999, -9999, -9999, -9999, -9999, 17, -9999, -9999, 31, -9999, -9999, -9999, 81, -9999, -9999, -9999, -9999, -9999, -9999, -9999, -9999, 18, 90, 47, 45, -9999, -9999, -9999, 1, 1, 1, 1, 1],
[-9999, -9999, -9999, -9999, -9999, -9999, -9999, -9999, -9999, -9999, -9999, -9999, 6, -9999, -9999, -9999, -9999, -9999, -9999, -9999, -9999, -9999, -9999, -9999, -9999, -9999, -9999, -9999, 93, -9999, 68, -9999, -9999, -9999, -9999, -9999, -9999, -9999, -9999, -9999, -9999, -9999, -9999, -9999, -9999, -9999, -9999, -9999, -9999, -9999, -9999, 15, -9999, -9999, -9999, 29, -9999, -9999, -9999, -9999, -9999, 70, -9999, -9999, -9999, 17, -9999, -9999, -9999, -9999, -9999, -9999, -9999, -9999, -9999, -9999, -9999, -9999, 5, -9999, 10, -9999, -9999, -9999, 37, -9999, -9999, -9999, -9999, -9999, -9999, -9999, 52, 43, 55, 48, -9999, -9999, -9999, -9999, 1, 1, 1, 1, 1],
[-9999, -9999, -9999, -9999, -9999, -9999, -9999, -9999, -9999, -9999, -9999, -9999, -9999, -9999, -9999, -9999, -9999, -9999, -9999, -9999, -9999, -9999, -9999, -9999, -9999, -9999, -9999, -9999, -9999, -9999, -9999, -9999, -9999, -9999, -9999, 91, -9999, -9999, -9999, -9999, -9999, -9999, 26, -9999, 38, -9999, -9999, -9999, -9999, -9999, -9999, -9999, -9999, -9999, -9999, -9999, -9999, -9999, -9999, -9999, -9999, -9999, -9999, -9999, -9999, -9999, -9999, -9999, -9999, -9999, -9999, -9999, -9999, -9999, -9999, -9999, -9999, -9999, -9999, -9999, -9999, -9999, -9999, -9999, -9999, -9999, -9999, -9999, -9999, -9999, -9999, 61, -9999, -9999, -9999, -9999, -9999, -9999, -9999, -9999, 1, 1, 1, 1, 1],
[-9999, -9999, -9999, -9999, -9999, -9999, -9999, -9999, 83, -9999, -9999, 84, 79, 34, 81, -9999, -9999, -9999, -9999, 3, -9999, 51, -9999, -9999, -9999, -9999, 54, -9999, 98, -9999, 38, 56, -9999, 78, -9999, -9999, -9999, -9999, -9999, 72, -9999, -9999, -9999, -9999, -9999, -9999, -9999, 4, 62, -9999, 37, 29, -9999, -9999, 39, 29, 34, 90, 59, -9999, -9999, -9999, -9999, -9999, -9999, 2, 67, 46, 37, -9999, 1, -9999, -9999, -9999, 80, -9999, 17, 56, 20, -9999, 28, 17, -9999, 84, 93, -9999, 66, -9999, -9999, -9999, -9999, -9999, -9999, 15, -9999, 20, 58, 70, -9999, 54, 1, 1, 1, 1, 1],
[-9999, -9999, -9999, -9999, -9999, 94, 94, -9999, -9999, 80, -9999, 66, 16, -9999, 65, -9999, 42, -9999, -9999, 6, 33, -9999, -9999, -9999, -9999, -9999, -9999, -9999, 68, 71, 21, -9999, 46, -9999, -9999, -9999, 7, -9999, 62, 78, 67, 97, -9999, 80, 94, 10, -9999, -9999, -9999, -9999, 73, -9999, 71, -9999, 47, 77, -9999, -9999, 26, -9999, -9999, 88, -9999, 18, -9999, -9999, 72, 68, -9999, 63, 11, -9999, -9999, -9999, 20, 6, 4, -9999, -9999, 87, -9999, -9999, -9999, 51, 35, -9999, -9999, -9999, -9999, 10, -9999, 26, 71, -9999, -9999, 64, 29, -9999, -9999, 71, 1, 1, 1, 1, 1],
[-9999, -9999, -9999, -9999, -9999, -9999, -9999, -9999, 29, 79, -9999, -9999, 37, -9999, -9999, -9999, -9999, -9999, -9999, -9999, -9999, -9999, -9999, -9999, -9999, -9999, 83, -9999, 17, -9999, -9999, -9999, -9999, -9999, -9999, -9999, -9999, -9999, -9999, -9999, -9999, -9999, -9999, -9999, -9999, 17, 85, -9999, -9999, -9999, -9999, 69, -9999, -9999, -9999, -9999, -9999, -9999, -9999, -9999, -9999, 73, -9999, -9999, -9999, -9999, -9999, -9999, -9999, -9999, -9999, -9999, -9999, -9999, -9999, -9999, -9999, 60, -9999, -9999, 67, -9999, -9999, -9999, -9999, -9999, -9999, -9999, -9999, -9999, -9999, -9999, 4, 47, 68, -9999, 57, -9999, -9999, -9999, 1, 1, 1, 1, 1],
[-9999, -9999, -9999, -9999, -9999, -9999, -9999, -9999, -9999, -9999, -9999, 92, -9999, -9999, 20, -9999, -9999, -9999, -9999, -9999, -9999, 67, -9999, -9999, -9999, -9999, -9999, -9999, 94, -9999, 64, -9999, 63, -9999, -9999, 64, 44, -9999, 32, 41, 50, -9999, -9999, 77, -9999, -9999, 49, 28, 69, -9999, -9999, -9999, -9999, -9999, -9999, 44, -9999, 30, 72, -9999, -9999, -9999, -9999, 48, -9999, 27, 62, 33, -9999, -9999, 81, -9999, -9999, 20, 76, 48, -9999, -9999, -9999, 85, -9999, 93, -9999, 72, 8, -9999, -9999, -9999, -9999, -9999, -9999, 100, 16, 23, 4, 68, 30, 88, -9999, 77, 1, 1, 1, 1, 1],
[-9999, -9999, -9999, -9999, -9999, -9999, 33, -9999, 35, -9999, -9999, 43, -9999, 88, 76, -9999, -9999, -9999, -9999, -9999, -9999, -9999, -9999, -9999, -9999, -9999, 39, -9999, -9999, -9999, -9999, 81, 47, -9999, -9999, -9999, -9999, -9999, 24, -9999, -9999, 35, 15, -9999, 80, -9999, 58, 72, 37, -9999, -9999, 15, -9999, -9999, -9999, 46, 63, -9999, 9, -9999, -9999, 72, -9999, -9999, -9999, 17, 65, -9999, 68, -9999, 30, -9999, -9999, -9999, 21, 100, -9999, 5, -9999, 17, 6, 31, -9999, 61, -9999, -9999, 6, -9999, -9999, -9999, -9999, 31, 57, 28, -9999, 92, -9999, -9999, -9999, 51, 1, 1, 1, 1, 1],
[-9999, -9999, -9999, -9999, -9999, -9999, -9999, -9999, -9999, -9999, -9999, -9999, 37, -9999, -9999, -9999, -9999, -9999, -9999, -9999, -9999, -9999, -9999, -9999, -9999, -9999, 77, 77, -9999, -9999, -9999, -9999, -9999, -9999, -9999, -9999, -9999, -9999, -9999, 74, -9999, -9999, -9999, -9999, -9999, -9999, -9999, -9999, -9999, -9999, -9999, 21, -9999, 70, -9999, -9999, -9999, -9999, -9999, -9999, -9999, -9999, 27, -9999, -9999, 41, -9999, -9999, -9999, -9999, -9999, 15, -9999, -9999, -9999, -9999, -9999, -9999, -9999, -9999, -9999, -9999, -9999, -9999, 99, -9999, -9999, 24, -9999, -9999, -9999, -9999, 74, -9999, 52, 58, 99, -9999, -9999, -9999, 1, 1, 1, 1, 1],
[-9999, -9999, -9999, -9999, -9999, 75, 94, -9999, -9999, -9999, -9999, 31, 65, 24, -9999, 56, 40, -9999, -9999, -9999, -9999, -9999, -9999, 75, -9999, -9999, 39, -9999, -9999, -9999, 69, -9999, 43, 76, -9999, 96, -9999, -9999, 85, -9999, 22, 13, -9999, -9999, -9999, 37, 33, -9999, -9999, -9999, 69, 47, 60, -9999, -9999, 38, 12, -9999, 73, -9999, -9999, -9999, -9999, 17, -9999, 65, -9999, -9999, 30, 42, 100, -9999, -9999, -9999, 12, -9999, -9999, -9999, -9999, 56, 37, 68, -9999, 98, 25, -9999, 59, -9999, -9999, 32, -9999, -9999, 15, 18, -9999, 99, 78, -9999, -9999, 77, 1, 1, 1, 1, 1],
[-9999, -9999, -9999, -9999, -9999, 34, 29, -9999, -9999, -9999, -9999, 17, 87, -9999, -9999, 95, -9999, -9999, -9999, -9999, -9999, -9999, -9999, -9999, -9999, -9999, 21, -9999, 73, 70, 6, -9999, -9999, 3, -9999, 61, -9999, -9999, -9999, -9999, 32, -9999, 14, 75, 70, 44, 71, -9999, -9999, -9999, -9999, 6, 21, -9999, -9999, 87, 60, 17, 96, -9999, -9999, 43, -9999, 20, -9999, 8, 33, -9999, -9999, -9999, -9999, -9999, -9999, -9999, 20, -9999, 9, -9999, 14, 6, 9, -9999, -9999, 56, 87, -9999, -9999, -9999, -9999, 55, -9999, -9999, -9999, 50, 44, 39, 38, -9999, -9999, 90, 1, 1, 1, 1, 1],
[-9999, -9999, -9999, -9999, -9999, -9999, -9999, -9999, 24, -9999, -9999, -9999, -9999, -9999, -9999, -9999, -9999, -9999, -9999, -9999, -9999, -9999, -9999, -9999, -9999, -9999, 76, -9999, -9999, -9999, -9999, -9999, -9999, -9999, -9999, -9999, -9999, -9999, -9999, -9999, -9999, -9999, -9999, -9999, -9999, 69, 6, -9999, -9999, -9999, -9999, 26, -9999, -9999, -9999, -9999, -9999, -9999, -9999, -9999, -9999, 40, -9999, -9999, -9999, -9999, -9999, -9999, -9999, -9999, -9999, -9999, -9999, -9999, -9999, -9999, -9999, 7, 92, -9999, 55, -9999, -9999, -9999, -9999, -9999, -9999, -9999, -9999, -9999, -9999, -9999, 80, -9999, -9999, 82, 90, -9999, -9999, -9999, 1, 1, 1, 1, 1],
[-9999, -9999, -9999, -9999, -9999, -9999, -9999, -9999, -9999, -9999, -9999, -9999, -9999, -9999, -9999, -9999, -9999, -9999, -9999, -9999, -9999, -9999, -9999, -9999, -9999, -9999, -9999, -9999, -9999, -9999, 25, -9999, -9999, -9999, -9999, -9999, -9999, -9999, -9999, 98, -9999, -9999, -9999, -9999, -9999, -9999, 96, -9999, -9999, -9999, -9999, -9999, -9999, -9999, -9999, -9999, -9999, -9999, -9999, -9999, -9999, 48, -9999, -9999, -9999, -9999, -9999, -9999, -9999, -9999, -9999, -9999, -9999, -9999, -9999, -9999, -9999, 7, -9999, -9999, -9999, -9999, -9999, -9999, -9999, -9999, -9999, -9999, -9999, -9999, -9999, -9999, 39, 65, -9999, 13, 47, -9999, -9999, -9999, 1, 1, 1, 1, 1],
[-9999, -9999, -9999, -9999, -9999, 90, -9999, -9999, 96, -9999, -9999, 66, -9999, 97, -9999, 35, 6, -9999, 10, -9999, -9999, 37, -9999, -9999, -9999, -9999, 25, -9999, 46, 52, -9999, -9999, 19, 99, -9999, 68, -9999, -9999, 35, -9999, -9999, 70, 36, 24, 77, -9999, -9999, -9999, 78, -9999, -9999, -9999, 87, -9999, -9999, -9999, -9999, -9999, 48, -9999, 19, 19, -9999, 55, -9999, -9999, 29, 41, 40, 18, 72, -9999, -9999, -9999, 65, -9999, 83, 62, 75, 65, -9999, -9999, -9999, 75, -9999, -9999, -9999, -9999, -9999, -9999, -9999, -9999, -9999, 61, -9999, 58, 85, -9999, -9999, 86, 1, 1, 1, 1, 1],
[-9999, -9999, -9999, -9999, -9999, 36, -9999, -9999, 21, -9999, -9999, 53, -9999, 70, 33, -9999, -9999, 1, -9999, -9999, -9999, 7, 4, -9999, -9999, -9999, 13, -9999, 42, -9999, -9999, -9999, 72, 53, -9999, -9999, -9999, -9999, -9999, 7, 54, 12, -9999, 54, -9999, 82, 15, 14, -9999, -9999, 14, 25, -9999, -9999, -9999, 2, 23, -9999, 22, -9999, -9999, -9999, -9999, -9999, -9999, 89, 43, 7, -9999, 2, 82, -9999, -9999, -9999, 7, 29, 60, 64, 52, 47, 37, -9999, -9999, 18, 87, -9999, -9999, -9999, -9999, 15, -9999, 64, 72, -9999, 37, 89, 13, -9999, -9999, 33, 1, 1, 1, 1, 1],
[-9999, -9999, -9999, -9999, -9999, 89, 43, -9999, -9999, 91, -9999, 97, 51, -9999, 41, 97, -9999, -9999, 73, -9999, -9999, 55, 100, -9999, -9999, -9999, 7, -9999, 56, -9999, 30, -9999, -9999, -9999, -9999, 97, -9999, -9999, -9999, 85, 44, 34, -9999, 89, -9999, -9999, 72, 47, -9999, -9999, -9999, 55, 76, -9999, -9999, 18, -9999, -9999, 93, -9999, -9999, -9999, -9999, -9999, -9999, 83, 29, -9999, 57, -9999, 99, -9999, -9999, -9999, 38, 48, -9999, 15, 5, 99, 61, 51, -9999, 27, -9999, -9999, 68, -9999, -9999, 93, -9999, 64, 38, -9999, -9999, 86, 16, 59, -9999, 36, 1, 1, 1, 1, 1],
[-9999, -9999, -9999, -9999, -9999, 38, 60, -9999, 40, -9999, -9999, 54, 27, 77, -9999, -9999, 27, -9999, -9999, 18, -9999, -9999, -9999, -9999, -9999, -9999, 6, -9999, -9999, -9999, -9999, -9999, -9999, -9999, -9999, 86, -9999, -9999, 10, 25, -9999, -9999, 44, -9999, -9999, -9999, 50, 8, -9999, -9999, -9999, -9999, 53, -9999, -9999, -9999, -9999, -9999, 52, -9999, -9999, -9999, -9999, -9999, -9999, -9999, 19, 39, -9999, -9999, -9999, -9999, -9999, -9999, 94, 85, -9999, -9999, -9999, 73, 98, 82, -9999, 37, 50, -9999, -9999, -9999, -9999, 19, -9999, -9999, 65, -9999, 59, 63, -9999, -9999, -9999, 67, 1, 1, 1, 1, 1],
[-9999, -9999, -9999, -9999, -9999, 77, -9999, -9999, -9999, -9999, -9999, 96, 73, 8, 37, -9999, 18, -9999, -9999, -9999, 75, 26, -9999, -9999, -9999, -9999, 19, -9999, -9999, -9999, -9999, -9999, 8, 18, -9999, 26, -9999, -9999, 63, 63, 95, -9999, -9999, 29, 5, 9, 94, 53, -9999, -9999, -9999, -9999, 78, -9999, -9999, -9999, -9999, 21, 54, -9999, -9999, -9999, -9999, -9999, -9999, 23, 27, -9999, 58, 40, 12, -9999, -9999, -9999, 94, 3, 28, 52, 16, 23, -9999, 1, -9999, 15, -9999, -9999, -9999, -9999, -9999, -9999, -9999, 80, 15, 76, 6, 50, 37, 13, -9999, 17, 1, 1, 1, 1, 1],
[-9999, -9999, -9999, -9999, -9999, 72, 59, -9999, 49, -9999, -9999, 39, -9999, -9999, 13, -9999, 66, -9999, 49, 72, -9999, 80, -9999, 77, -9999, -9999, 44, -9999, 19, -9999, 90, -9999, 4, 65, -9999, 38, -9999, -9999, -9999, 74, 81, 11, 72, -9999, -9999, -9999, -9999, 89, -9999, -9999, 86, 33, 11, -9999, -9999, 53, -9999, 61, 94, -9999, -9999, 15, -9999, -9999, -9999, -9999, 77, -9999, 83, 55, -9999, -9999, -9999, -9999, 90, 85, 69, 52, 64, 89, 26, 77, -9999, 72, -9999, -9999, 61, -9999, -9999, 74, -9999, -9999, 43, 21, -9999, 62, -9999, 23, -9999, 39, 1, 1, 1, 1, 1],
[-9999, -9999, -9999, -9999, -9999, -9999, -9999, -9999, -9999, -9999, -9999, 32, -9999, 39, -9999, -9999, 79, -9999, -9999, -9999, -9999, -9999, -9999, -9999, -9999, -9999, 99, -9999, -9999, -9999, -9999, -9999, 81, 10, -9999, 99, -9999, -9999, 80, -9999, 16, 86, 81, -9999, 74, -9999, 51, 7, 19, -9999, 49, 62, -9999, -9999, -9999, -9999, -9999, -9999, 70, -9999, -9999, 38, -9999, 92, -9999, 24, 62, 87, 47, -9999, 13, -9999, -9999, 82, 8, 59, -9999, 27, 17, 36, 14, 5, -9999, 84, -9999, -9999, 81, -9999, -9999, 18, -9999, 36, 85, 34, 70, 21, 23, 33, -9999, 76, 1, 1, 1, 1, 1],
[-9999, -9999, -9999, -9999, -9999, -9999, -9999, -9999, 28, -9999, -9999, -9999, -9999, -9999, -9999, -9999, -9999, -9999, -9999, -9999, -9999, -9999, -9999, -9999, -9999, -9999, 98, -9999, 75, -9999, 31, -9999, 19, -9999, -9999, -9999, -9999, -9999, -9999, 38, -9999, -9999, -9999, -9999, -9999, -9999, -9999, -9999, -9999, -9999, -9999, 51, -9999, -9999, -9999, -9999, -9999, -9999, -9999, -9999, -9999, 26, -9999, -9999, -9999, 98, -9999, -9999, -9999, -9999, -9999, -9999, -9999, -9999, -9999, -9999, -9999, -9999, -9999, -9999, -9999, -9999, -9999, -9999, -9999, -9999, -9999, -9999, -9999, -9999, -9999, -9999, 100, -9999, 97, 47, -9999, -9999, -9999, -9999, 1, 1, 1, 1, 1],
[-9999, -9999, -9999, -9999, -9999, -9999, 33, -9999, 8, 44, -9999, 50, 52, 36, 81, -9999, 66, -9999, 15, 91, -9999, 37, -9999, -9999, -9999, -9999, 33, -9999, -9999, -9999, -9999, -9999, -9999, 6, -9999, 92, -9999, -9999, 68, 31, 90, 90, 1, -9999, 48, 4, 52, -9999, 65, -9999, -9999, -9999, -9999, -9999, -9999, 45, 10, 6, 43, -9999, 37, -9999, -9999, 6, -9999, 15, 32, 34, 41, 43, 63, -9999, -9999, -9999, 30, 28, 42, 54, 69, 14, -9999, 38, -9999, 29, 41, -9999, 35, -9999, -9999, 28, -9999, 81, -9999, -9999, 55, 93, 18, 87, -9999, 95, 1, 1, 1, 1, 1],
[-9999, -9999, -9999, -9999, -9999, -9999, -9999, -9999, -9999, -9999, -9999, -9999, -9999, -9999, -9999, -9999, -9999, -9999, -9999, -9999, -9999, -9999, -9999, -9999, -9999, -9999, -9999, -9999, -9999, -9999, -9999, -9999, -9999, -9999, -9999, 35, -9999, -9999, -9999, -9999, 91, -9999, -9999, -9999, 37, -9999, -9999, -9999, -9999, -9999, -9999, -9999, -9999, -9999, -9999, -9999, -9999, -9999, -9999, -9999, -9999, -9999, -9999, -9999, -9999, -9999, -9999, -9999, -9999, -9999, -9999, -9999, -9999, -9999, -9999, -9999, -9999, -9999, -9999, -9999, -9999, -9999, -9999, -9999, -9999, -9999, -9999, -9999, -9999, -9999, -9999, 92, -9999, -9999, -9999, -9999, -9999, -9999, -9999, -9999, 1, 1, 1, 1, 1],
[-9999, -9999, -9999, -9999, -9999, 48, 45, 7, 93, 73, -9999, 40, -9999, -9999, 91, -9999, 86, -9999, -9999, 28, -9999, -9999, -9999, -9999, 3, -9999, 76, -9999, -9999, 65, 52, -9999, -9999, -9999, -9999, -9999, -9999, -9999, 37, 9, 37, -9999, -9999, -9999, 79, -9999, -9999, -9999, 13, 38, -9999, -9999, -9999, -9999, -9999, 97, 51, -9999, 76, -9999, -9999, -9999, -9999, -9999, -9999, 52, 48, 18, -9999, 34, 4, 87, 58, 13, 76, 96, 80, -9999, -9999, -9999, -9999, 60, -9999, 1, 89, -9999, -9999, 91, 88, 38, 23, -9999, 82, -9999, -9999, 68, 90, 13, -9999, 37, 1, 1, 1, 1, 1],
[-9999, -9999, -9999, -9999, -9999, -9999, -9999, -9999, 56, -9999, -9999, -9999, -9999, -9999, -9999, -9999, -9999, -9999, -9999, -9999, -9999, -9999, -9999, -9999, -9999, -9999, 9, -9999, -9999, -9999, 80, -9999, 96, -9999, -9999, -9999, -9999, -9999, -9999, 53, -9999, -9999, -9999, -9999, -9999, 58, -9999, -9999, -9999, -9999, -9999, 64, -9999, -9999, -9999, -9999, -9999, -9999, -9999, -9999, -9999, -9999, -9999, -9999, -9999, 90, -9999, -9999, -9999, -9999, -9999, -9999, -9999, -9999, -9999, -9999, -9999, 29, -9999, -9999, -9999, -9999, -9999, -9999, 38, -9999, -9999, -9999, -9999, -9999, -9999, -9999, -9999, -9999, -9999, 24, -9999, -9999, -9999, -9999, 1, 1, 1, 1, 1],
[-9999, -9999, -9999, -9999, -9999, 73, 88, -9999, -9999, -9999, -9999, 37, 53, 51, 80, 77, -9999, -9999, -9999, 23, -9999, 55, -9999, -9999, -9999, -9999, -9999, -9999, -9999, -9999, -9999, -9999, 97, -9999, -9999, 48, -9999, -9999, 43, -9999, -9999, -9999, -9999, 94, 30, 52, 35, 64, 71, -9999, 49, 27, 84, -9999, -9999, 77, 50, 79, 98, -9999, -9999, 56, -9999, -9999, -9999, -9999, 10, -9999, 56, -9999, 60, -9999, -9999, -9999, 14, 9, 99, 39, -9999, -9999, 85, -9999, -9999, -9999, 56, -9999, 67, -9999, -9999, 26, -9999, 23, -9999, -9999, 43, 6, -9999, 39, -9999, 94, 1, 1, 1, 1, 1],
[-9999, -9999, -9999, -9999, -9999, -9999, -9999, -9999, 91, -9999, -9999, -9999, -9999, -9999, -9999, -9999, -9999, -9999, -9999, -9999, -9999, -9999, -9999, -9999, -9999, -9999, -9999, -9999, -9999, -9999, -9999, -9999, -9999, -9999, -9999, -9999, -9999, -9999, -9999, -9999, -9999, -9999, -9999, -9999, -9999, -9999, -9999, -9999, -9999, -9999, -9999, -9999, -9999, -9999, -9999, -9999, -9999, -9999, -9999, -9999, -9999, -9999, -9999, -9999, -9999, -9999, -9999, -9999, -9999, -9999, -9999, -9999, -9999, -9999, -9999, -9999, -9999, -9999, -9999, -9999, -9999, -9999, -9999, -9999, -9999, -9999, -9999, -9999, -9999, -9999, -9999, -9999, -9999, -9999, -9999, -9999, -9999, -9999, -9999, -9999, 1, 1, 1, 1, 1],
[-9999, -9999, -9999, -9999, -9999, -9999, 85, -9999, 33, -9999, -9999, 14, 69, 36, 82, 43, 29, -9999, -9999, -9999, -9999, 100, -9999, -9999, -9999, -9999, 86, -9999, -9999, -9999, 63, -9999, 22, -9999, -9999, -9999, -9999, -9999, 14, -9999, -9999, -9999, 43, 31, -9999, 17, -9999, 32, 72, -9999, 96, -9999, -9999, -9999, -9999, 11, 39, 26, 82, -9999, -9999, 61, -9999, 63, -9999, -9999, 14, -9999, 18, 97, -9999, -9999, -9999, -9999, 52, -9999, -9999, -9999, -9999, 49, -9999, 22, -9999, 35, 51, -9999, 35, -9999, -9999, 10, -9999, 38, 35, 81, -9999, 27, 53, 80, -9999, 96, 1, 1, 1, 1, 1],
[-9999, -9999, -9999, -9999, -9999, -9999, -9999, -9999, -9999, -9999, -9999, -9999, 68, -9999, -9999, -9999, -9999, -9999, -9999, -9999, -9999, -9999, -9999, -9999, -9999, -9999, 39, -9999, -9999, -9999, -9999, -9999, -9999, -9999, -9999, -9999, -9999, -9999, -9999, 1, -9999, -9999, -9999, -9999, -9999, -9999, 29, -9999, -9999, -9999, -9999, 11, -9999, -9999, -9999, -9999, -9999, -9999, -9999, -9999, -9999, 21, -9999, -9999, -9999, 100, -9999, -9999, -9999, -9999, -9999, -9999, -9999, -9999, -9999, -9999, -9999, 80, -9999, -9999, 65, -9999, -9999, -9999, 23, -9999, -9999, -9999, -9999, -9999, -9999, -9999, -9999, -9999, 93, 72, -9999, -9999, -9999, -9999, 1, 1, 1, 1, 1],
[-9999, -9999, -9999, -9999, -9999, 14, 54, -9999, 83, -9999, -9999, 89, 56, 27, 62, -9999, 34, -9999, 27, -9999, -9999, 79, -9999, 8, -9999, -9999, 63, -9999, 98, -9999, 94, -9999, -9999, -9999, -9999, 74, -9999, -9999, 53, -9999, 89, 40, 74, 82, -9999, 78, 71, 48, 61, -9999, 26, 11, -9999, -9999, -9999, 75, 20, 26, 8, -9999, -9999, 74, -9999, 42, -9999, 23, 68, -9999, -9999, -9999, 22, -9999, -9999, -9999, -9999, -9999, -9999, -9999, -9999, 11, 98, 74, -9999, 42, -9999, -9999, -9999, -9999, -9999, 18, -9999, 71, 38, 30, -9999, 80, -9999, 7, -9999, 11, 1, 1, 1, 1, 1],
[-9999, -9999, -9999, -9999, -9999, -9999, -9999, -9999, 41, -9999, -9999, -9999, 28, -9999, -9999, -9999, -9999, -9999, -9999, -9999, -9999, -9999, -9999, -9999, -9999, -9999, -9999, -9999, -9999, -9999, 14, -9999, 84, -9999, -9999, -9999, -9999, -9999, -9999, 4, -9999, -9999, -9999, -9999, -9999, 6, -9999, -9999, -9999, -9999, -9999, -9999, -9999, 25, -9999, 50, -9999, -9999, -9999, -9999, -9999, -9999, 30, -9999, -9999, 1, -9999, -9999, -9999, -9999, -9999, 31, -9999, -9999, -9999, -9999, -9999, 95, 48, -9999, -9999, -9999, -9999, -9999, 50, -9999, -9999, -9999, -9999, -9999, -9999, -9999, 49, 72, -9999, 34, 80, -9999, -9999, -9999, 1, 1, 1, 1, 1],
[-9999, -9999, -9999, -9999, -9999, -9999, -9999, -9999, -9999, -9999, -9999, -9999, -9999, -9999, -9999, -9999, -9999, -9999, -9999, -9999, -9999, -9999, -9999, -9999, -9999, -9999, -9999, -9999, -9999, -9999, -9999, -9999, -9999, -9999, -9999, 22, -9999, -9999, 55, -9999, 20, -9999, 3, -9999, -9999, -9999, -9999, -9999, 72, -9999, -9999, -9999, -9999, -9999, -9999, -9999, -9999, -9999, -9999, -9999, -9999, -9999, -9999, -9999, -9999, -9999, -9999, -9999, -9999, -9999, -9999, -9999, -9999, -9999, -9999, -9999, -9999, -9999, -9999, -9999, -9999, -9999, -9999, -9999, -9999, -9999, -9999, -9999, -9999, -9999, -9999, -9999, -9999, -9999, -9999, -9999, -9999, -9999, -9999, -9999, 1, 1, 1, 1, 1],
[-9999, -9999, -9999, -9999, -9999, 34, 82, -9999, -9999, -9999, -9999, 30, 78, 81, -9999, -9999, -9999, -9999, 97, 55, -9999, 63, -9999, -9999, -9999, -9999, 66, -9999, 71, -9999, 40, -9999, 36, 83, -9999, -9999, -9999, -9999, -9999, 52, 8, 41, 100, -9999, 80, 48, 86, 54, 15, -9999, -9999, 30, -9999, -9999, -9999, -9999, -9999, -9999, 40, -9999, -9999, 57, -9999, 3, -9999, 93, 86, 91, -9999, -9999, -9999, -9999, -9999, 3, 72, 34, 90, -9999, 95, -9999, -9999, 65, -9999, 44, -9999, -9999, -9999, -9999, -9999, -9999, -9999, 89, 99, -9999, 14, 23, 66, 57, -9999, 49, 1, 1, 1, 1, 1],
[-9999, -9999, -9999, -9999, -9999, -9999, -9999, -9999, 86, -9999, -9999, -9999, 2, -9999, -9999, -9999, -9999, -9999, -9999, -9999, -9999, -9999, -9999, -9999, -9999, -9999, -9999, -9999, 6, -9999, -9999, 55, 86, -9999, -9999, -9999, -9999, -9999, -9999, 79, -9999, -9999, -9999, -9999, -9999, -9999, 92, -9999, -9999, -9999, -9999, -9999, -9999, -9999, -9999, -9999, -9999, -9999, -9999, -9999, -9999, -9999, -9999, -9999, -9999, 95, -9999, -9999, -9999, -9999, -9999, -9999, -9999, -9999, -9999, -9999, -9999, -9999, -9999, -9999, 94, -9999, -9999, -9999, 43, -9999, -9999, -9999, -9999, -9999, -9999, -9999, -9999, 82, 69, 45, -9999, -9999, -9999, -9999, 1, 1, 1, 1, 1],
[-9999, -9999, -9999, -9999, -9999, -9999, -9999, -9999, 12, -9999, -9999, -9999, -9999, -9999, -9999, -9999, -9999, -9999, -9999, -9999, -9999, -9999, -9999, -9999, -9999, -9999, -9999, -9999, -9999, -9999, -9999, -9999, -9999, -9999, -9999, 1, -9999, 21, -9999, -9999, 96, -9999, 77, -9999, 45, -9999, -9999, -9999, -9999, -9999, -9999, -9999, -9999, -9999, -9999, -9999, -9999, -9999, -9999, -9999, -9999, -9999, -9999, -9999, -9999, -9999, -9999, -9999, -9999, -9999, -9999, -9999, -9999, -9999, -9999, -9999, -9999, -9999, -9999, -9999, -9999, -9999, -9999, -9999, -9999, -9999, -9999, -9999, -9999, -9999, -9999, -9999, -9999, -9999, -9999, -9999, -9999, -9999, -9999, -9999, 1, 1, 1, 1, 1],
[-9999, -9999, -9999, -9999, -9999, 18, 42, -9999, 17, -9999, -9999, 67, -9999, 44, -9999, -9999, -9999, -9999, 50, 62, -9999, -9999, -9999, -9999, -9999, -9999, 24, -9999, -9999, -9999, 1, -9999, -9999, -9999, -9999, 35, -9999, -9999, 17, -9999, 65, -9999, -9999, 91, 60, 8, -9999, 43, -9999, -9999, 69, -9999, -9999, -9999, -9999, -9999, 95, -9999, 22, -9999, -9999, -9999, -9999, -9999, -9999, -9999, 72, 74, 16, 58, 54, -9999, -9999, -9999, 47, 84, -9999, -9999, 98, -9999, 74, -9999, -9999, 20, -9999, -9999, -9999, -9999, -9999, 95, -9999, -9999, 14, 85, -9999, 13, 44, 84, -9999, 58, 1, 1, 1, 1, 1],
[-9999, -9999, -9999, -9999, -9999, 24, 67, -9999, -9999, -9999, -9999, 64, -9999, 62, 100, -9999, -9999, -9999, -9999, 65, -9999, 91, -9999, -9999, -9999, -9999, 41, -9999, -9999, -9999, 77, -9999, 70, 42, -9999, -9999, -9999, -9999, 27, 23, 40, 98, 44, -9999, 16, 16, -9999, 59, 60, -9999, 30, 24, 91, -9999, -9999, -9999, 44, -9999, 94, -9999, -9999, -9999, -9999, 9, -9999, 22, 13, 13, -9999, 68, -9999, -9999, -9999, -9999, -9999, 21, 68, 85, -9999, 34, -9999, -9999, -9999, 66, -9999, -9999, -9999, -9999, -9999, 20, -9999, 15, 29, 43, 32, 60, 75, 36, -9999, 48, 1, 1, 1, 1, 1],
[-9999, -9999, -9999, -9999, -9999, -9999, -9999, -9999, -9999, 49, -9999, -9999, -9999, -9999, -9999, -9999, -9999, -9999, -9999, -9999, -9999, -9999, -9999, -9999, -9999, -9999, 19, -9999, 44, -9999, -9999, -9999, 10, -9999, -9999, -9999, -9999, -9999, -9999, -9999, -9999, -9999, -9999, -9999, -9999, -9999, -9999, -9999, -9999, -9999, -9999, -9999, -9999, -9999, -9999, -9999, -9999, -9999, -9999, -9999, -9999, 63, -9999, -9999, -9999, -9999, -9999, -9999, -9999, -9999, -9999, -9999, -9999, -9999, -9999, -9999, -9999, -9999, 42, -9999, -9999, -9999, -9999, -9999, 29, -9999, -9999, -9999, -9999, -9999, -9999, -9999, 89, 32, 27, 54, -9999, -9999, -9999, -9999, 1, 1, 1, 1, 1],
[-9999, -9999, -9999, -9999, -9999, -9999, -9999, -9999, -9999, -9999, -9999, -9999, 60, -9999, -9999, -9999, -9999, -9999, -9999, -9999, -9999, -9999, -9999, -9999, -9999, -9999, 16, -9999, 37, -9999, -9999, -9999, -9999, -9999, -9999, -9999, -9999, -9999, -9999, -9999, -9999, -9999, -9999, -9999, -9999, -9999, 78, -9999, -9999, -9999, -9999, 29, -9999, -9999, -9999, 10, -9999, -9999, -9999, -9999, -9999, 15, -9999, -9999, -9999, 41, -9999, -9999, -9999, -9999, -9999, -9999, -9999, -9999, -9999, -9999, -9999, -9999, -9999, -9999, -9999, -9999, -9999, -9999, 38, -9999, -9999, -9999, -9999, -9999, -9999, -9999, -9999, 32, -9999, 17, 25, -9999, -9999, -9999, 1, 1, 1, 1, 1],
[-9999, -9999, -9999, -9999, -9999, -9999, -9999, -9999, 26, 95, -9999, 7, -9999, 60, 70, -9999, 20, -9999, -9999, 84, -9999, 9, -9999, -9999, -9999, -9999, -9999, -9999, 87, 47, 27, -9999, 71, -9999, -9999, 53, -9999, -9999, 29, -9999, 84, 8, 57, -9999, -9999, -9999, -9999, -9999, 86, -9999, -9999, 37, -9999, -9999, -9999, -9999, -9999, 83, 88, -9999, -9999, 82, -9999, 97, -9999, 63, 5, 6, -9999, 20, 33, -9999, -9999, -9999, 89, 65, 31, -9999, -9999, 98, 74, -9999, -9999, 69, 88, -9999, 42, -9999, -9999, -9999, -9999, -9999, -9999, 26, 24, 34, 73, -9999, -9999, 84, 1, 1, 1, 1, 1],
[-9999, -9999, -9999, -9999, -9999, -9999, -9999, -9999, -9999, -9999, -9999, -9999, -9999, -9999, -9999, -9999, -9999, -9999, -9999, -9999, -9999, -9999, -9999, -9999, -9999, -9999, -9999, -9999, -9999, -9999, -9999, -9999, -9999, -9999, -9999, -9999, -9999, -9999, -9999, -9999, -9999, -9999, -9999, -9999, -9999, -9999, -9999, -9999, -9999, -9999, -9999, -9999, -9999, -9999, -9999, -9999, -9999, -9999, -9999, -9999, -9999, -9999, -9999, -9999, -9999, -9999, -9999, -9999, -9999, -9999, -9999, -9999, -9999, -9999, -9999, -9999, -9999, -9999, -9999, -9999, -9999, -9999, -9999, -9999, -9999, -9999, -9999, 40, -9999, -9999, -9999, -9999, -9999, -9999, -9999, -9999, -9999, -9999, -9999, -9999, 1, 1, 1, 1, 1],
[-9999, -9999, -9999, -9999, -9999, -9999, -9999, -9999, -9999, -9999, -9999, -9999, -9999, -9999, -9999, -9999, -9999, -9999, -9999, -9999, -9999, -9999, -9999, -9999, -9999, -9999, -9999, -9999, -9999, -9999, -9999, -9999, -9999, -9999, -9999, 10, -9999, -9999, 31, -9999, 4, -9999, -9999, -9999, 34, -9999, -9999, -9999, 29, -9999, -9999, -9999, -9999, -9999, -9999, -9999, -9999, -9999, -9999, -9999, -9999, -9999, -9999, -9999, -9999, -9999, -9999, -9999, -9999, -9999, -9999, -9999, -9999, -9999, -9999, -9999, -9999, -9999, -9999, -9999, -9999, -9999, -9999, -9999, -9999, -9999, -9999, -9999, -9999, -9999, -9999, -9999, -9999, -9999, -9999, -9999, -9999, -9999, -9999, -9999, 1, 1, 1, 1, 1],
[-9999, -9999, -9999, -9999, -9999, -9999, 63, -9999, 8, -9999, 37, 20, -9999, -9999, 22, 3, -9999, -9999, 93, 37, -9999, 46, -9999, -9999, 28, -9999, 69, 32, 74, 23, -9999, -9999, -9999, -9999, -9999, 35, -9999, -9999, 56, -9999, -9999, 81, -9999, 28, 79, 23, 15, -9999, -9999, 66, -9999, 87, 48, -9999, -9999, 34, 60, -9999, 14, 51, -9999, -9999, -9999, -9999, -9999, 82, 61, -9999, 26, 11, -9999, -9999, 63, -9999, 6, 50, -9999, 66, 35, 93, -9999, -9999, -9999, 58, 71, 89, 78, -9999, 48, -9999, 4, 25, 47, -9999, -9999, 28, 16, 95, -9999, 85, 1, 1, 1, 1, 1],
[-9999, -9999, -9999, -9999, -9999, 70, 5, -9999, 37, 54, -9999, 90, -9999, 80, 39, 31, 95, -9999, -9999, -9999, -9999, 52, -9999, 67, -9999, -9999, 86, -9999, -9999, -9999, -9999, -9999, -9999, 75, -9999, 36, -9999, -9999, -9999, 98, 67, -9999, 95, 66, 35, -9999, 12, 5, 57, -9999, 33, 72, -9999, -9999, -9999, 72, -9999, 49, 5, -9999, -9999, 22, -9999, 6, -9999, 91, 28, -9999, 88, 43, -9999, -9999, -9999, 55, 57, 31, 41, 20, 61, 92, -9999, -9999, -9999, 48, 81, -9999, -9999, -9999, -9999, 72, -9999, -9999, 95, -9999, -9999, 74, 80, 91, -9999, 91, 1, 1, 1, 1, 1],
[-9999, -9999, -9999, -9999, -9999, -9999, -9999, -9999, -9999, -9999, -9999, -9999, 88, -9999, -9999, -9999, -9999, -9999, -9999, -9999, -9999, -9999, -9999, -9999, -9999, -9999, -9999, -9999, 3, -9999, 11, -9999, 85, -9999, -9999, -9999, -9999, -9999, -9999, 91, -9999, -9999, -9999, -9999, -9999, -9999, 75, -9999, -9999, -9999, -9999, -9999, -9999, -9999, -9999, -9999, -9999, -9999, -9999, -9999, -9999, -9999, -9999, -9999, -9999, -9999, -9999, -9999, -9999, -9999, -9999, -9999, -9999, -9999, -9999, -9999, -9999, 48, 30, -9999, -9999, -9999, -9999, -9999, -9999, -9999, -9999, -9999, -9999, -9999, -9999, -9999, 94, 30, 94, 37, -9999, -9999, -9999, -9999, 1, 1, 1, 1, 1],
[-9999, -9999, -9999, -9999, -9999, -9999, -9999, -9999, -9999, -9999, -9999, -9999, -9999, -9999, -9999, -9999, -9999, -9999, -9999, -9999, -9999, -9999, -9999, -9999, -9999, -9999, 71, -9999, 7, -9999, 68, -9999, 11, -9999, -9999, -9999, -9999, -9999, -9999, -9999, -9999, -9999, -9999, -9999, -9999, -9999, -9999, -9999, -9999, -9999, -9999, -9999, -9999, -9999, -9999, -9999, -9999, -9999, -9999, -9999, -9999, 12, -9999, -9999, -9999, 59, -9999, -9999, -9999, -9999, -9999, -9999, -9999, 71, -9999, -9999, -9999, 98, -9999, -9999, 60, -9999, -9999, -9999, 52, -9999, -9999, -9999, -9999, -9999, -9999, -9999, 89, 24, -9999, 93, 29, -9999, -9999, -9999, 1, 1, 1, 1, 1],
[-9999, -9999, -9999, -9999, -9999, -9999, 72, -9999, -9999, -9999, -9999, 35, -9999, 88, 7, 86, -9999, -9999, 83, -9999, -9999, 86, -9999, -9999, 13, 71, 10, -9999, -9999, -9999, 14, 85, 72, 8, -9999, 14, -9999, 20, 85, 54, -9999, 23, -9999, -9999, -9999, -9999, 56, -9999, 36, -9999, 71, 68, 28, -9999, -9999, 6, 32, 63, 72, -9999, -9999, -9999, 79, -9999, 62, -9999, 74, 71, 6, 39, -9999, 86, 48, -9999, 69, -9999, 9, -9999, -9999, 24, -9999, 87, -9999, 7, -9999, -9999, 61, 84, -9999, 31, 34, 31, 96, 48, -9999, 82, -9999, -9999, -9999, 85, 1, 1, 1, 1, 1],
[-9999, -9999, -9999, -9999, -9999, -9999, -9999, -9999, -9999, -9999, -9999, -9999, 63, -9999, -9999, -9999, -9999, -9999, -9999, -9999, -9999, -9999, -9999, -9999, -9999, -9999, -9999, -9999, -9999, -9999, 97, -9999, -9999, -9999, -9999, -9999, -9999, -9999, -9999, -9999, -9999, -9999, -9999, -9999, -9999, 98, 73, -9999, -9999, 51, -9999, 95, -9999, 92, -9999, 93, -9999, -9999, -9999, -9999, -9999, 75, 83, -9999, -9999, -9999, -9999, -9999, -9999, -9999, -9999, 10, -9999, -9999, -9999, -9999, -9999, 69, -9999, -9999, 9, -9999, -9999, -9999, 17, -9999, -9999, -9999, -9999, -9999, -9999, -9999, 47, 67, -9999, 1, 42, -9999, -9999, -9999, 1, 1, 1, 1, 1],
[-9999, -9999, -9999, -9999, -9999, 5, 82, -9999, 50, -9999, -9999, 15, 57, 61, 88, 27, 36, -9999, 68, -9999, -9999, 62, -9999, -9999, -9999, -9999, -9999, -9999, -9999, 1, 68, -9999, 12, -9999, -9999, 9, -9999, -9999, -9999, -9999, 24, 73, 12, -9999, -9999, -9999, -9999, -9999, 15, -9999, 37, 8, -9999, -9999, -9999, -9999, -9999, 45, 26, -9999, -9999, 76, -9999, 22, -9999, -9999, 11, 61, -9999, 66, -9999, -9999, -9999, -9999, 58, -9999, 35, -9999, 61, -9999, 47, -9999, -9999, 95, -9999, -9999, -9999, -9999, -9999, 73, -9999, 63, 55, 61, -9999, 55, -9999, 19, -9999, 56, 1, 1, 1, 1, 1],
[-9999, -9999, -9999, -9999, -9999, -9999, -9999, -9999, -9999, -9999, -9999, -9999, -9999, -9999, -9999, -9999, -9999, -9999, -9999, -9999, -9999, -9999, -9999, -9999, -9999, -9999, -9999, -9999, -9999, -9999, -9999, -9999, -9999, -9999, -9999, 6, -9999, -9999, 77, -9999, 26, -9999, -9999, -9999, 45, -9999, -9999, -9999, -9999, -9999, -9999, -9999, -9999, -9999, -9999, -9999, -9999, -9999, -9999, -9999, -9999, -9999, -9999, -9999, -9999, -9999, -9999, -9999, -9999, -9999, -9999, -9999, -9999, -9999, -9999, -9999, -9999, -9999, -9999, -9999, -9999, -9999, -9999, -9999, -9999, -9999, -9999, -9999, -9999, -9999, -9999, 38, -9999, -9999, -9999, -9999, -9999, -9999, -9999, -9999, 1, 1, 1, 1, 1],
[-9999, -9999, -9999, -9999, -9999, -9999, -9999, -9999, -9999, -9999, -9999, -9999, -9999, -9999, -9999, -9999, -9999, -9999, -9999, -9999, -9999, -9999, -9999, -9999, -9999, -9999, 57, -9999, -9999, -9999, 56, -9999, -9999, -9999, -9999, -9999, -9999, -9999, -9999, 86, -9999, -9999, -9999, -9999, -9999, 25, -9999, -9999, -9999, 53, -9999, 7, -9999, -9999, -9999, 2, -9999, -9999, -9999, -9999, -9999, 42, -9999, -9999, -9999, 51, -9999, -9999, -9999, -9999, -9999, -9999, -9999, -9999, -9999, -9999, -9999, 12, 38, -9999, -9999, -9999, -9999, -9999, 28, -9999, -9999, 79, -9999, -9999, -9999, -9999, -9999, -9999, 3, 84, -9999, -9999, -9999, -9999, 1, 1, 1, 1, 1],
[-9999, -9999, -9999, -9999, -9999, -9999, -9999, -9999, -9999, -9999, -9999, 45, 26, 49, -9999, -9999, 85, -9999, 61, 88, -9999, 21, -9999, -9999, -9999, -9999, -9999, -9999, -9999, -9999, -9999, -9999, 6, 10, -9999, 35, -9999, -9999, 30, -9999, 68, -9999, -9999, -9999, 10, 3, 98, 84, -9999, -9999, 11, -9999, 33, -9999, -9999, -9999, 41, 64, 58, -9999, -9999, 6, -9999, 4, -9999, -9999, 27, 20, 55, -9999, 72, -9999, -9999, -9999, 33, -9999, 99, 57, 34, -9999, 47, 90, -9999, 76, -9999, -9999, -9999, -9999, -9999, -9999, -9999, 52, 5, -9999, -9999, 75, -9999, -9999, -9999, 79, 1, 1, 1, 1, 1],
[-9999, -9999, -9999, -9999, -9999, -9999, -9999, -9999, -9999, -9999, -9999, 2, 75, -9999, -9999, 36, 93, -9999, -9999, -9999, -9999, -9999, -9999, -9999, -9999, -9999, -9999, -9999, -9999, -9999, -9999, -9999, -9999, -9999, -9999, -9999, -9999, -9999, -9999, 88, 23, 45, -9999, 80, -9999, -9999, 24, 14, -9999, -9999, -9999, 62, -9999, -9999, -9999, -9999, 71, 59, 95, -9999, -9999, 56, -9999, -9999, -9999, -9999, 28, 88, -9999, -9999, 86, -9999, -9999, -9999, 76, 28, -9999, -9999, 15, -9999, 4, 18, -9999, 41, 3, -9999, 73, -9999, -9999, -9999, -9999, 80, 35, 34, 60, 65, 42, -9999, -9999, 62, 1, 1, 1, 1, 1],
[-9999, -9999, -9999, -9999, -9999, 63, 16, 25, 49, 67, -9999, 77, -9999, -9999, -9999, 64, 59, -9999, -9999, 25, -9999, 10, -9999, -9999, -9999, 21, -9999, -9999, -9999, -9999, -9999, -9999, 51, 16, -9999, 70, -9999, -9999, 76, -9999, 31, 79, -9999, 23, -9999, 55, -9999, -9999, 100, 61, 44, 97, 40, 48, -9999, -9999, 52, -9999, 69, -9999, -9999, 43, 38, -9999, -9999, 19, 41, -9999, 75, 79, 97, 42, 75, -9999, 45, 43, 23, -9999, -9999, 82, 16, -9999, -9999, 83, 76, -9999, -9999, 27, 71, 83, 28, -9999, 77, 42, -9999, 30, -9999, -9999, -9999, 7, 1, 1, 1, 1, 1],
[-9999, -9999, -9999, -9999, -9999, -9999, 74, -9999, 77, -9999, -9999, 26, 35, 36, -9999, 90, 26, -9999, 56, 42, -9999, 88, -9999, -9999, -9999, -9999, 25, -9999, 27, -9999, 92, -9999, -9999, -9999, -9999, -9999, -9999, -9999, 52, -9999, -9999, 100, -9999, 72, 85, 32, 32, 69, 61, -9999, -9999, 39, -9999, -9999, 30, 85, 35, 45, 31, -9999, 69, -9999, -9999, -9999, -9999, -9999, 30, -9999, 63, 28, -9999, -9999, -9999, -9999, 25, 15, 43, -9999, 34, -9999, -9999, -9999, -9999, 60, 80, -9999, -9999, -9999, -9999, -9999, -9999, -9999, -9999, 64, 67, 86, -9999, -9999, -9999, 84, 1, 1, 1, 1, 1],
[-9999, -9999, -9999, -9999, -9999, -9999, -9999, -9999, -9999, -9999, -9999, -9999, -9999, -9999, -9999, -9999, -9999, -9999, -9999, -9999, -9999, -9999, -9999, 10, -9999, -9999, -9999, -9999, 86, -9999, 76, -9999, 67, -9999, -9999, -9999, -9999, -9999, -9999, 70, -9999, -9999, -9999, -9999, -9999, 59, 80, -9999, -9999, -9999, -9999, 74, -9999, -9999, -9999, -9999, -9999, -9999, -9999, -9999, -9999, 86, -9999, -9999, -9999, 23, -9999, -9999, -9999, -9999, -9999, -9999, -9999, -9999, -9999, -9999, -9999, 74, 49, -9999, -9999, -9999, -9999, -9999, 42, -9999, -9999, -9999, -9999, -9999, -9999, -9999, 51, -9999, -9999, 29, -9999, -9999, -9999, -9999, 1, 1, 1, 1, 1],
[-9999, -9999, -9999, -9999, -9999, -9999, -9999, -9999, 88, -9999, -9999, -9999, 28, -9999, -9999, -9999, -9999, -9999, -9999, -9999, -9999, -9999, -9999, 69, -9999, -9999, 82, -9999, -9999, -9999, 31, -9999, 1, -9999, -9999, -9999, -9999, -9999, -9999, -9999, -9999, -9999, -9999, -9999, -9999, -9999, 27, -9999, -9999, -9999, -9999, -9999, -9999, -9999, -9999, 26, -9999, -9999, -9999, -9999, -9999, 27, -9999, -9999, -9999, -9999, -9999, -9999, -9999, -9999, -9999, -9999, -9999, -9999, -9999, -9999, -9999, 44, 79, -9999, 86, -9999, -9999, -9999, -9999, -9999, -9999, -9999, -9999, -9999, -9999, -9999, 1, -9999, -9999, 1, -9999, -9999, -9999, -9999, 1, 1, 1, 1, 1],
[-9999, -9999, -9999, -9999, -9999, -9999, -9999, -9999, -9999, -9999, -9999, 82, -9999, 56, 98, 60, 22, -9999, 16, -9999, -9999, -9999, -9999, -9999, -9999, -9999, 14, -9999, -9999, -9999, -9999, 78, 27, -9999, -9999, 22, -9999, -9999, 24, 93, 40, -9999, 15, -9999, 92, 69, 47, -9999, 52, -9999, -9999, -9999, -9999, -9999, -9999, -9999, 49, 75, 39, -9999, -9999, -9999, -9999, -9999, -9999, -9999, 33, 32, 91, 29, -9999, -9999, -9999, -9999, 46, 83, -9999, -9999, -9999, 11, 12, 62, -9999, 46, 94, -9999, -9999, -9999, -9999, 99, -9999, 66, 28, 95, 91, -9999, -9999, 53, -9999, 83, 1, 1, 1, 1, 1],
[-9999, -9999, -9999, -9999, -9999, -9999, -9999, 89, -9999, -9999, 52, -9999, -9999, -9999, -9999, -9999, -9999, -9999, -9999, -9999, -9999, -9999, -9999, -9999, -9999, -9999, -9999, -9999, -9999, -9999, -9999, -9999, -9999, -9999, -9999, 99, -9999, -9999, 24, -9999, -9999, -9999, 5, -9999, 30, -9999, -9999, -9999, 12, -9999, -9999, -9999, -9999, -9999, -9999, -9999, -9999, -9999, -9999, -9999, -9999, -9999, -9999, -9999, -9999, -9999, -9999, -9999, -9999, -9999, -9999, -9999, -9999, -9999, -9999, -9999, -9999, -9999, -9999, -9999, -9999, -9999, -9999, -9999, -9999, -9999, -9999, -9999, -9999, -9999, -9999, -9999, -9999, -9999, -9999, -9999, -9999, -9999, -9999, -9999, 1, 1, 1, 1, 1],
[-9999, -9999, -9999, -9999, -9999, -9999, -9999, -9999, -9999, -9999, -9999, 61, -9999, 23, -9999, 45, -9999, -9999, 45, 100, -9999, -9999, -9999, -9999, -9999, -9999, -9999, -9999, 53, -9999, 20, -9999, 71, -9999, -9999, 43, -9999, -9999, 84, 77, -9999, 96, 53, 68, -9999, 71, 8, -9999, 42, -9999, -9999, 66, 36, -9999, -9999, -9999, 34, 16, 12, -9999, -9999, -9999, -9999, 25, 92, 92, 74, 31, -9999, 5, 12, -9999, -9999, -9999, 33, -9999, 52, 8, -9999, 55, -9999, 82, -9999, 63, 60, -9999, 79, -9999, -9999, -9999, -9999, 35, -9999, 17, -9999, 88, -9999, -9999, -9999, 70, 1, 1, 1, 1, 1],
[-9999, -9999, -9999, -9999, -9999, 9, 93, -9999, -9999, -9999, 40, 72, 16, 92, 98, 41, 79, -9999, -9999, 32, -9999, 37, -9999, -9999, -9999, -9999, -9999, -9999, 6, -9999, 29, -9999, -9999, 20, -9999, 26, -9999, -9999, 76, 87, 8, 2, 52, -9999, -9999, -9999, 40, -9999, -9999, -9999, 42, -9999, -9999, -9999, -9999, 76, -9999, 36, 43, 94, 77, 10, 86, 22, -9999, 84, 41, 89, -9999, -9999, 71, 44, 87, -9999, 94, 51, -9999, 97, -9999, 23, 5, 37, -9999, 100, -9999, -9999, 24, -9999, 35, -9999, 32, 26, 28, 33, -9999, 5, 85, -9999, -9999, 53, 1, 1, 1, 1, 1],
[-9999, -9999, -9999, -9999, -9999, 92, 5, -9999, -9999, -9999, -9999, 91, -9999, -9999, -9999, 10, -9999, -9999, 39, 20, -9999, 85, 90, -9999, -9999, -9999, -9999, -9999, 40, 85, -9999, -9999, 84, 14, -9999, 99, -9999, -9999, -9999, -9999, 1, 66, -9999, 82, -9999, -9999, 81, 5, -9999, -9999, 92, 89, 43, -9999, -9999, 32, -9999, 13, 65, -9999, -9999, -9999, -9999, -9999, -9999, -9999, 67, 92, -9999, -9999, -9999, -9999, -9999, -9999, 45, -9999, 67, -9999, 31, 86, 81, -9999, -9999, 74, 48, -9999, -9999, -9999, -9999, 85, -9999, 69, -9999, 80, 34, 30, 18, -9999, -9999, -9999, 1, 1, 1, 1, 1],
[-9999, -9999, -9999, -9999, -9999, -9999, -9999, -9999, -9999, -9999, -9999, -9999, -9999, -9999, -9999, -9999, -9999, -9999, -9999, -9999, -9999, -9999, -9999, -9999, -9999, -9999, -9999, -9999, -9999, -9999, -9999, -9999, -9999, -9999, -9999, -9999, -9999, -9999, -9999, -9999, -9999, -9999, -9999, -9999, -9999, -9999, -9999, -9999, -9999, -9999, -9999, -9999, -9999, -9999, -9999, -9999, -9999, -9999, -9999, -9999, -9999, -9999, -9999, -9999, -9999, -9999, -9999, -9999, -9999, -9999, -9999, -9999, -9999, -9999, -9999, -9999, -9999, -9999, -9999, -9999, -9999, -9999, -9999, -9999, -9999, -9999, -9999, -9999, -9999, -9999, -9999, -9999, -9999, -9999, -9999, -9999, -9999, -9999, -9999, -9999, -9999, -9999, -9999, -9999, -9999],
[-9999, -9999, -9999, -9999, -9999, -9999, -9999, -9999, -9999, -9999, -9999, -9999, -9999, -9999, -9999, -9999, -9999, -9999, -9999, -9999, -9999, -9999, -9999, -9999, -9999, -9999, -9999, -9999, -9999, -9999, -9999, -9999, -9999, -9999, -9999, -9999, -9999, -9999, -9999, -9999, -9999, -9999, -9999, -9999, -9999, -9999, -9999, -9999, -9999, -9999, -9999, -9999, -9999, -9999, -9999, -9999, -9999, -9999, -9999, -9999, -9999, -9999, -9999, -9999, -9999, -9999, -9999, -9999, -9999, -9999, -9999, -9999, -9999, -9999, -9999, -9999, -9999, -9999, -9999, -9999, -9999, -9999, -9999, -9999, -9999, -9999, -9999, -9999, -9999, -9999, -9999, -9999, -9999, -9999, -9999, -9999, -9999, -9999, -9999, -9999, -9999, -9999, -9999, -9999, -9999],
[-9999, -9999, -9999, -9999, -9999, -9999, -9999, -9999, -9999, -9999, -9999, -9999, -9999, -9999, -9999, -9999, -9999, -9999, -9999, -9999, -9999, -9999, -9999, -9999, -9999, -9999, -9999, -9999, -9999, -9999, -9999, -9999, -9999, -9999, -9999, -9999, -9999, -9999, -9999, -9999, -9999, -9999, -9999, -9999, -9999, -9999, -9999, -9999, -9999, -9999, -9999, -9999, -9999, -9999, -9999, -9999, -9999, -9999, -9999, -9999, -9999, -9999, -9999, -9999, -9999, -9999, -9999, -9999, -9999, -9999, -9999, -9999, -9999, -9999, -9999, -9999, -9999, -9999, -9999, -9999, -9999, -9999, -9999, -9999, -9999, -9999, -9999, -9999, -9999, -9999, -9999, -9999, -9999, -9999, -9999, -9999, -9999, -9999, -9999, -9999, -9999, -9999, -9999, -9999, -9999],
[-9999, -9999, -9999, -9999, -9999, -9999, -9999, -9999, -9999, -9999, -9999, -9999, -9999, -9999, -9999, -9999, -9999, -9999, -9999, -9999, -9999, -9999, -9999, -9999, -9999, -9999, -9999, -9999, -9999, -9999, -9999, -9999, -9999, -9999, -9999, -9999, -9999, -9999, -9999, -9999, -9999, -9999, -9999, -9999, -9999, -9999, -9999, -9999, -9999, -9999, -9999, -9999, -9999, -9999, -9999, -9999, -9999, -9999, -9999, -9999, -9999, -9999, -9999, -9999, -9999, -9999, -9999, -9999, -9999, -9999, -9999, -9999, -9999, -9999, -9999, -9999, -9999, -9999, -9999, -9999, -9999, -9999, -9999, -9999, -9999, -9999, -9999, -9999, -9999, -9999, -9999, -9999, -9999, -9999, -9999, -9999, -9999, -9999, -9999, -9999, -9999, -9999, -9999, -9999, -9999],
[-9999, -9999, -9999, -9999, -9999, -9999, -9999, -9999, -9999, -9999, -9999, -9999, -9999, -9999, -9999, -9999, -9999, -9999, -9999, -9999, -9999, -9999, -9999, -9999, -9999, -9999, -9999, -9999, -9999, -9999, -9999, -9999, -9999, -9999, -9999, -9999, -9999, -9999, -9999, -9999, -9999, -9999, -9999, -9999, -9999, -9999, -9999, -9999, -9999, -9999, -9999, -9999, -9999, -9999, -9999, -9999, -9999, -9999, -9999, -9999, -9999, -9999, -9999, -9999, -9999, -9999, -9999, -9999, -9999, -9999, -9999, -9999, -9999, -9999, -9999, -9999, -9999, -9999, -9999, -9999, -9999, -9999, -9999, -9999, -9999, -9999, -9999, -9999, -9999, -9999, -9999, -9999, -9999, -9999, -9999, -9999, -9999, -9999, -9999, -9999, -9999, -9999, -9999, -9999, -9999]
];
