NbNodes = 105;
NbNDDs = 5;
NbPairs = 95;
NbTerminals = 5;
K = 0;
L = 97;
Wt = [
[-9999, -9999, -9999, -9999, -9999, -9999, -9999, -9999, -9999, -9999, -9999, -9999, -9999, -9999, -9999, -9999, -9999, -9999, -9999, -9999, 97, -9999, 66, -9999, -9999, -9999, -9999, -9999, -9999, -9999, 100, 95, -9999, -9999, -9999, -9999, 18, -9999, -9999, -9999, -9999, -9999, -9999, -9999, -9999, -9999, -9999, -9999, 78, -9999, 100, -9999, -9999, -9999, -9999, -9999, -9999, -9999, -9999, -9999, -9999, -9999, -9999, -9999, -9999, -9999, 55, 51, -9999, -9999, 31, 25, -9999, -9999, 39, -9999, -9999, -9999, 35, 42, 40, -9999, -9999, -9999, -9999, -9999, 44, -9999, 76, -9999, 85, -9999, -9999, 72, -9999, -9999, 31, -9999, -9999, -9999, 1, 1, 1, 1, 1],
[-9999, -9999, -9999, -9999, -9999, -9999, -9999, -9999, -9999, -9999, -9999, -9999, -9999, -9999, -9999, -9999, -9999, -9999, 54, -9999, -9999, -9999, -9999, 18, -9999, -9999, -9999, -9999, -9999, -9999, -9999, -9999, -9999, -9999, -9999, -9999, -9999, -9999, -9999, -9999, -9999, -9999, -9999, -9999, -9999, -9999, -9999, -9999, -9999, -9999, -9999, -9999, -9999, -9999, -9999, -9999, -9999, -9999, -9999, 61, -9999, -9999, -9999, -9999, 38, -9999, -9999, -9999, 14, -9999, -9999, -9999, -9999, 23, -9999, -9999, -9999, -9999, -9999, -9999, -9999, -9999, -9999, -9999, -9999, -9999, -9999, -9999, -9999, -9999, -9999, -9999, -9999, -9999, -9999, -9999, -9999, -9999, -9999, -9999, 1, 1, 1, 1, 1],
[-9999, -9999, -9999, -9999, -9999, -9999, -9999, -9999, -9999, -9999, 22, -9999, -9999, -9999, -9999, -9999, -9999, -9999, -9999, -9999, 78, -9999, 55, -9999, -9999, 6, -9999, -9999, -9999, -9999, -9999, 47, -9999, -9999, -9999, -9999, -9999, -9999, -9999, -9999, -9999, 59, -9999, -9999, -9999, -9999, -9999, -9999, 17, -9999, 89, -9999, -9999, -9999, -9999, -9999, -9999, -9999, -9999, -9999, -9999, -9999, -9999, -9999, -9999, -9999, -9999, -9999, -9999, -9999, 85, -9999, -9999, -9999, -9999, -9999, -9999, -9999, -9999, -9999, -9999, -9999, -9999, -9999, -9999, -9999, -9999, 36, 87, -9999, 35, -9999, -9999, 80, 22, -9999, 100, -9999, -9999, -9999, 1, 1, 1, 1, 1],
[-9999, -9999, -9999, -9999, -9999, -9999, 12, 40, -9999, -9999, 35, -9999, 39, 3, -9999, -9999, -9999, 7, 86, -9999, 8, 33, 3, -9999, 1, 31, -9999, 57, 48, 13, -9999, 64, 64, 61, -9999, 8, -9999, -9999, 40, 28, -9999, 79, 19, -9999, -9999, -9999, 24, -9999, -9999, 51, 34, 43, 9, -9999, 80, 11, 53, -9999, 2, 68, 24, -9999, -9999, -9999, -9999, -9999, 75, 5, 81, -9999, 21, -9999, 59, 52, -9999, -9999, 9, -9999, 23, 2, 11, -9999, 95, 43, 63, 7, 83, 28, 38, -9999, 89, -9999, -9999, 97, -9999, -9999, 81, -9999, -9999, -9999, 1, 1, 1, 1, 1],
[-9999, -9999, -9999, -9999, -9999, 25, -9999, 76, -9999, -9999, 66, -9999, -9999, -9999, 35, -9999, -9999, -9999, -9999, 93, -9999, 75, 53, 100, -9999, 46, -9999, 86, -9999, 41, -9999, 4, -9999, 67, -9999, -9999, -9999, -9999, 17, -9999, -9999, 98, 34, -9999, 100, 55, -9999, -9999, 58, 10, 50, -9999, 69, 46, -9999, -9999, -9999, -9999, 21, -9999, -9999, -9999, -9999, -9999, -9999, -9999, 44, 81, -9999, -9999, 19, 61, 54, 28, 48, -9999, 12, 89, -9999, 24, -9999, -9999, -9999, -9999, 79, 92, 73, -9999, 67, 85, -9999, 19, 86, -9999, 61, 95, 22, -9999, 17, -9999, 1, 1, 1, 1, 1],
[-9999, -9999, -9999, -9999, -9999, -9999, -9999, -9999, -9999, -9999, 44, -9999, -9999, -9999, -9999, -9999, -9999, -9999, -9999, -9999, -9999, -9999, 10, -9999, -9999, -9999, -9999, -9999, -9999, -9999, -9999, 81, -9999, -9999, -9999, -9999, -9999, -9999, -9999, -9999, -9999, 84, -9999, -9999, -9999, -9999, -9999, -9999, 41, -9999, 83, -9999, -9999, -9999, -9999, -9999, -9999, -9999, -9999, -9999, -9999, -9999, 75, -9999, -9999, -9999, -9999, 93, -9999, -9999, -9999, -9999, -9999, -9999, 57, -9999, -9999, -9999, -9999, 87, 11, -9999, -9999, -9999, -9999, -9999, 48, -9999, -9999, -9999, 64, -9999, -9999, -9999, 75, -9999, -9999, -9999, -9999, -9999, 1, 1, 1, 1, 1],
[-9999, -9999, -9999, -9999, -9999, -9999, -9999, -9999, -9999, -9999, 94, -9999, -9999, -9999, -9999, -9999, -9999, -9999, -9999, -9999, 18, -9999, 59, -9999, -9999, 20, -9999, -9999, -9999, -9999, 38, 39, -9999, -9999, -9999, -9999, -9999, -9999, -9999, -9999, -9999, -9999, -9999, -9999, -9999, -9999, -9999, -9999, -9999, -9999, 95, -9999, -9999, -9999, -9999, -9999, -9999, -9999, -9999, -9999, -9999, -9999, -9999, -9999, -9999, -9999, -9999, 93, -9999, 47, 100, 64, -9999, -9999, 66, -9999, -9999, -9999, -9999, 58, -9999, -9999, -9999, -9999, -9999, -9999, 25, -9999, 20, -9999, 78, -9999, -9999, 93, 64, -9999, 20, -9999, -9999, -9999, 1, 1, 1, 1, 1],
[-9999, -9999, -9999, -9999, -9999, -9999, 6, -9999, -9999, -9999, 61, 70, -9999, -9999, -9999, -9999, -9999, 37, -9999, -9999, -9999, 89, 46, -9999, -9999, 37, -9999, 83, -9999, -9999, 28, 78, -9999, 36, -9999, -9999, -9999, -9999, 36, -9999, 69, 60, 29, -9999, -9999, -9999, 87, -9999, -9999, -9999, -9999, 71, 27, -9999, -9999, 18, 3, -9999, 56, 21, -9999, -9999, -9999, -9999, 82, 83, 99, -9999, -9999, -9999, 74, 59, 73, 34, 43, -9999, 74, -9999, 90, 21, 93, -9999, 86, -9999, -9999, -9999, -9999, -9999, -9999, 55, 45, -9999, -9999, 77, 18, -9999, 77, -9999, -9999, 51, 1, 1, 1, 1, 1],
[-9999, -9999, -9999, -9999, -9999, -9999, -9999, -9999, -9999, -9999, 61, -9999, -9999, -9999, -9999, -9999, -9999, -9999, -9999, -9999, 18, -9999, 24, -9999, -9999, 51, -9999, -9999, -9999, -9999, -9999, 4, -9999, -9999, -9999, -9999, -9999, -9999, -9999, -9999, -9999, -9999, -9999, -9999, -9999, -9999, -9999, -9999, 86, -9999, 21, -9999, -9999, -9999, -9999, -9999, -9999, -9999, -9999, -9999, -9999, -9999, -9999, -9999, -9999, -9999, 57, 99, -9999, -9999, 89, 100, -9999, -9999, 37, -9999, -9999, -9999, -9999, -9999, -9999, -9999, -9999, -9999, -9999, -9999, 97, 51, -9999, -9999, 25, -9999, -9999, -9999, -9999, -9999, -9999, -9999, -9999, -9999, 1, 1, 1, 1, 1],
[-9999, -9999, -9999, -9999, -9999, -9999, -9999, -9999, -9999, -9999, -9999, -9999, -9999, -9999, -9999, -9999, 37, -9999, -9999, -9999, 89, -9999, 77, -9999, -9999, -9999, -9999, -9999, -9999, -9999, -9999, 77, -9999, -9999, -9999, -9999, -9999, -9999, -9999, -9999, -9999, -9999, -9999, -9999, -9999, -9999, -9999, -9999, -9999, -9999, -9999, -9999, -9999, -9999, -9999, -9999, -9999, -9999, -9999, -9999, -9999, -9999, -9999, -9999, -9999, -9999, -9999, 38, -9999, -9999, 25, -9999, -9999, -9999, -9999, -9999, -9999, -9999, 69, 97, 21, -9999, -9999, -9999, -9999, -9999, -9999, -9999, -9999, -9999, -9999, -9999, -9999, 19, 14, -9999, 55, -9999, -9999, -9999, 1, 1, 1, 1, 1],
[-9999, -9999, -9999, -9999, -9999, -9999, 24, -9999, -9999, -9999, -9999, 27, -9999, -9999, 97, -9999, -9999, 37, -9999, -9999, 13, 19, 95, -9999, -9999, -9999, -9999, -9999, -9999, -9999, 98, 71, -9999, 51, -9999, -9999, -9999, -9999, 28, -9999, 3, -9999, 79, -9999, -9999, -9999, -9999, -9999, -9999, 59, -9999, 41, 62, -9999, -9999, 13, 65, -9999, 94, 78, -9999, -9999, -9999, -9999, 12, -9999, 59, -9999, -9999, 39, -9999, -9999, 88, -9999, 49, -9999, 88, -9999, -9999, 41, -9999, -9999, 84, -9999, 79, 71, 91, -9999, 82, 72, -9999, -9999, -9999, 35, 14, -9999, -9999, -9999, -9999, -9999, 1, 1, 1, 1, 1],
[-9999, -9999, -9999, -9999, -9999, -9999, -9999, -9999, -9999, -9999, -9999, -9999, -9999, -9999, -9999, -9999, -9999, -9999, -9999, -9999, -9999, -9999, -9999, -9999, -9999, -9999, -9999, -9999, -9999, -9999, -9999, -9999, -9999, -9999, -9999, -9999, -9999, -9999, -9999, -9999, -9999, -9999, -9999, -9999, -9999, -9999, -9999, -9999, -9999, 82, -9999, 18, -9999, -9999, -9999, -9999, -9999, -9999, -9999, -9999, -9999, -9999, -9999, -9999, 54, -9999, -9999, -9999, -9999, -9999, -9999, -9999, -9999, 98, -9999, -9999, -9999, -9999, -9999, -9999, -9999, -9999, -9999, -9999, -9999, -9999, -9999, -9999, -9999, 27, -9999, -9999, -9999, -9999, -9999, -9999, -9999, -9999, -9999, -9999, 1, 1, 1, 1, 1],
[-9999, -9999, -9999, -9999, -9999, -9999, -9999, -9999, -9999, -9999, 23, 84, -9999, 48, 83, -9999, -9999, 38, 76, -9999, 41, 38, 13, -9999, -9999, -9999, -9999, -9999, -9999, 53, 52, 94, -9999, 54, -9999, -9999, -9999, -9999, 24, 29, 48, -9999, 19, -9999, -9999, -9999, 49, 42, 48, -9999, -9999, 96, 48, -9999, -9999, -9999, 18, -9999, -9999, 76, -9999, -9999, 9, -9999, 16, -9999, 31, -9999, 93, -9999, 90, 27, 63, 93, -9999, -9999, 31, -9999, -9999, 45, 49, -9999, -9999, 57, 75, 59, -9999, 48, 85, -9999, -9999, -9999, -9999, -9999, -9999, -9999, -9999, -9999, -9999, -9999, 1, 1, 1, 1, 1],
[-9999, -9999, -9999, -9999, -9999, -9999, -9999, -9999, -9999, -9999, -9999, -9999, -9999, -9999, -9999, -9999, -9999, -9999, -9999, 27, -9999, -9999, -9999, -9999, -9999, -9999, -9999, -9999, -9999, -9999, -9999, -9999, -9999, -9999, -9999, -9999, -9999, -9999, -9999, -9999, -9999, -9999, -9999, -9999, -9999, -9999, -9999, -9999, -9999, 75, -9999, -9999, -9999, -9999, -9999, -9999, -9999, -9999, -9999, 11, -9999, -9999, -9999, -9999, 57, -9999, -9999, -9999, 67, -9999, -9999, -9999, -9999, 60, -9999, -9999, -9999, -9999, -9999, -9999, -9999, -9999, -9999, -9999, -9999, -9999, -9999, -9999, -9999, 95, -9999, 60, -9999, -9999, -9999, -9999, -9999, -9999, -9999, -9999, 1, 1, 1, 1, 1],
[-9999, -9999, -9999, -9999, -9999, -9999, -9999, 15, -9999, 30, 77, -9999, -9999, 32, -9999, -9999, -9999, 27, -9999, -9999, 34, 88, 22, -9999, -9999, -9999, -9999, 68, 23, 23, 42, 4, 17, -9999, -9999, -9999, -9999, -9999, 1, 77, 37, -9999, -9999, -9999, -9999, -9999, -9999, -9999, -9999, 88, 43, 79, -9999, -9999, -9999, -9999, 25, -9999, -9999, -9999, -9999, 37, -9999, -9999, 95, -9999, 53, -9999, -9999, 59, 76, 53, 67, -9999, 8, -9999, -9999, -9999, 80, -9999, -9999, -9999, 56, -9999, -9999, 61, -9999, 54, -9999, -9999, 90, -9999, -9999, 95, 94, -9999, -9999, -9999, -9999, 7, 1, 1, 1, 1, 1],
[-9999, -9999, -9999, -9999, -9999, -9999, -9999, 62, -9999, -9999, 77, 42, 34, 72, 28, -9999, -9999, -9999, -9999, -9999, 76, -9999, 80, -9999, -9999, -9999, -9999, 45, 92, 54, 17, 88, -9999, 85, -9999, -9999, -9999, -9999, 19, -9999, 99, 85, 44, -9999, -9999, -9999, -9999, -9999, -9999, -9999, 30, 33, -9999, -9999, -9999, 10, 45, -9999, 40, -9999, -9999, -9999, -9999, -9999, 76, -9999, 99, 5, 76, -9999, 2, -9999, -9999, 56, 51, 79, 79, -9999, -9999, -9999, 62, -9999, 59, -9999, 32, 48, -9999, -9999, -9999, 99, -9999, -9999, -9999, 62, 98, -9999, 25, -9999, -9999, 29, 1, 1, 1, 1, 1],
[-9999, -9999, -9999, -9999, -9999, -9999, 5, -9999, -9999, -9999, 46, 46, -9999, 47, -9999, -9999, -9999, 100, -9999, -9999, 2, 15, 89, -9999, -9999, -9999, -9999, 15, 32, 17, 59, 89, -9999, 67, -9999, -9999, -9999, -9999, 9, 3, 59, 95, 34, -9999, -9999, -9999, 95, -9999, -9999, 65, -9999, 2, 93, -9999, -9999, -9999, -9999, -9999, 62, 65, -9999, 1, -9999, -9999, -9999, -9999, 100, 49, 73, -9999, -9999, 89, 76, 95, 35, -9999, 100, -9999, -9999, 15, 89, -9999, 90, 17, -9999, -9999, -9999, 50, -9999, 3, -9999, -9999, -9999, 50, 1, -9999, 58, -9999, -9999, 71, 1, 1, 1, 1, 1],
[-9999, -9999, -9999, -9999, -9999, -9999, -9999, -9999, -9999, -9999, 99, -9999, -9999, -9999, -9999, -9999, -9999, -9999, -9999, -9999, -9999, -9999, 86, -9999, -9999, 30, -9999, -9999, -9999, -9999, 63, 95, -9999, -9999, -9999, -9999, -9999, -9999, -9999, -9999, -9999, -9999, -9999, -9999, -9999, -9999, -9999, -9999, -9999, -9999, -9999, -9999, -9999, -9999, -9999, -9999, -9999, -9999, -9999, -9999, -9999, -9999, -9999, -9999, -9999, -9999, -9999, -9999, -9999, -9999, -9999, -9999, -9999, -9999, 46, -9999, -9999, -9999, 76, -9999, 49, -9999, -9999, -9999, -9999, -9999, -9999, -9999, -9999, -9999, 19, -9999, -9999, -9999, 11, -9999, -9999, -9999, -9999, -9999, 1, 1, 1, 1, 1],
[-9999, -9999, -9999, -9999, -9999, -9999, -9999, -9999, -9999, -9999, -9999, -9999, -9999, -9999, -9999, -9999, -9999, -9999, -9999, 60, -9999, -9999, -9999, 94, -9999, -9999, -9999, -9999, -9999, -9999, -9999, -9999, -9999, -9999, -9999, -9999, -9999, -9999, -9999, -9999, -9999, -9999, -9999, -9999, -9999, -9999, -9999, -9999, -9999, -9999, -9999, -9999, -9999, -9999, -9999, -9999, -9999, -9999, -9999, -9999, -9999, -9999, -9999, -9999, -9999, -9999, -9999, -9999, -9999, -9999, -9999, -9999, -9999, -9999, -9999, -9999, -9999, -9999, -9999, -9999, -9999, -9999, -9999, -9999, -9999, -9999, -9999, -9999, -9999, -9999, -9999, -9999, -9999, -9999, -9999, -9999, -9999, -9999, -9999, -9999, 1, 1, 1, 1, 1],
[-9999, -9999, -9999, -9999, -9999, -9999, -9999, -9999, -9999, -9999, 43, -9999, -9999, -9999, -9999, -9999, -9999, -9999, -9999, -9999, -9999, -9999, 50, -9999, -9999, 7, -9999, -9999, -9999, -9999, 6, 6, -9999, -9999, -9999, -9999, -9999, -9999, -9999, -9999, -9999, -9999, -9999, -9999, -9999, -9999, -9999, -9999, -9999, -9999, 4, -9999, -9999, -9999, -9999, -9999, -9999, -9999, -9999, -9999, -9999, -9999, -9999, -9999, -9999, -9999, 59, 80, -9999, 37, 41, 83, -9999, -9999, -9999, -9999, -9999, -9999, 80, 69, -9999, -9999, -9999, -9999, -9999, -9999, 51, 20, -9999, -9999, 12, -9999, -9999, -9999, 85, -9999, 21, -9999, -9999, -9999, 1, 1, 1, 1, 1],
[-9999, -9999, -9999, -9999, -9999, -9999, -9999, -9999, -9999, -9999, -9999, -9999, -9999, -9999, 23, -9999, -9999, 40, 79, -9999, -9999, 39, 81, -9999, -9999, -9999, -9999, 25, -9999, -9999, 34, 4, -9999, -9999, -9999, -9999, -9999, -9999, 74, -9999, -9999, -9999, -9999, -9999, -9999, -9999, 68, -9999, 60, 85, 39, -9999, -9999, -9999, -9999, -9999, -9999, -9999, -9999, 55, 53, -9999, -9999, -9999, 22, -9999, 27, 28, -9999, -9999, 15, -9999, 89, 31, 55, -9999, 77, -9999, 97, -9999, 64, -9999, -9999, 35, 10, -9999, -9999, 96, 91, -9999, -9999, -9999, -9999, 62, 83, -9999, 52, -9999, -9999, -9999, 1, 1, 1, 1, 1],
[-9999, -9999, -9999, -9999, -9999, -9999, -9999, -9999, -9999, -9999, 88, -9999, -9999, -9999, -9999, -9999, -9999, -9999, -9999, -9999, 99, -9999, 62, -9999, -9999, 42, -9999, -9999, -9999, -9999, 17, 85, -9999, -9999, -9999, -9999, -9999, -9999, -9999, -9999, -9999, 46, -9999, -9999, -9999, -9999, -9999, -9999, 48, -9999, 98, -9999, -9999, -9999, -9999, -9999, -9999, -9999, -9999, -9999, -9999, -9999, -9999, -9999, -9999, -9999, 91, 97, -9999, -9999, -9999, 33, -9999, -9999, 78, -9999, -9999, -9999, -9999, 10, 45, -9999, -9999, -9999, -9999, -9999, 79, -9999, -9999, -9999, -9999, -9999, -9999, 17, 4, -9999, -9999, -9999, -9999, -9999, 1, 1, 1, 1, 1],
[-9999, -9999, -9999, -9999, -9999, 82, 73, -9999, -9999, 36, 72, -9999, 1, -9999, 72, 30, -9999, 6, -9999, -9999, 94, 86, -9999, -9999, -9999, 10, -9999, 10, -9999, 29, 27, 78, -9999, -9999, -9999, -9999, -9999, -9999, 28, -9999, 42, 71, -9999, -9999, 78, -9999, -9999, -9999, -9999, -9999, 87, -9999, 17, 32, -9999, 9, -9999, -9999, -9999, 45, -9999, -9999, -9999, -9999, 93, -9999, -9999, 74, -9999, -9999, -9999, 1, 34, -9999, 5, -9999, 55, 72, 22, 32, -9999, -9999, 11, 94, 86, 31, 38, 100, 25, -9999, -9999, -9999, -9999, -9999, -9999, 60, 45, -9999, 79, 82, 1, 1, 1, 1, 1],
[-9999, -9999, -9999, -9999, -9999, 40, -9999, -9999, -9999, -9999, 84, -9999, -9999, -9999, -9999, -9999, -9999, -9999, -9999, -9999, -9999, -9999, 94, -9999, 51, 76, -9999, -9999, -9999, -9999, -9999, 56, -9999, -9999, -9999, -9999, -9999, -9999, -9999, -9999, -9999, -9999, -9999, -9999, -9999, 46, -9999, -9999, 55, -9999, -9999, -9999, -9999, 85, -9999, -9999, -9999, -9999, -9999, -9999, -9999, -9999, 51, -9999, -9999, -9999, 86, 89, -9999, 68, -9999, -9999, -9999, -9999, 64, -9999, -9999, -9999, 36, 39, 61, 40, -9999, -9999, -9999, -9999, -9999, -9999, -9999, -9999, 54, -9999, -9999, -9999, 97, -9999, -9999, -9999, -9999, -9999, 1, 1, 1, 1, 1],
[-9999, -9999, -9999, -9999, -9999, -9999, 23, 24, -9999, -9999, 25, 38, 1, 92, 9, -9999, -9999, -9999, -9999, -9999, -9999, 69, 68, -9999, -9999, 10, -9999, 18, -9999, -9999, 64, -9999, -9999, -9999, -9999, -9999, 100, -9999, 15, 86, 69, -9999, -9999, -9999, -9999, -9999, -9999, -9999, 22, -9999, 38, 68, 52, -9999, 93, 73, 83, -9999, 40, 90, 30, -9999, -9999, -9999, -9999, -9999, -9999, -9999, 5, -9999, -9999, 100, 79, 22, 69, -9999, -9999, -9999, -9999, 34, 93, 95, 99, -9999, 41, 67, -9999, -9999, 17, 33, -9999, -9999, -9999, 18, -9999, -9999, -9999, -9999, -9999, 81, 1, 1, 1, 1, 1],
[-9999, -9999, -9999, -9999, -9999, -9999, -9999, 16, -9999, -9999, 99, 98, -9999, 70, -9999, -9999, -9999, 32, -9999, -9999, 16, 92, 23, -9999, -9999, -9999, -9999, 44, -9999, 25, 18, 55, -9999, 96, -9999, -9999, -9999, -9999, 21, 61, 69, 36, -9999, -9999, -9999, -9999, -9999, -9999, 32, -9999, 6, -9999, -9999, -9999, -9999, 68, 2, -9999, -9999, 34, -9999, -9999, -9999, -9999, 77, -9999, 15, 21, 96, -9999, -9999, -9999, -9999, -9999, -9999, -9999, -9999, -9999, -9999, -9999, -9999, -9999, 40, 99, 52, 57, 22, -9999, -9999, -9999, 13, -9999, -9999, 74, 10, -9999, -9999, -9999, -9999, 45, 1, 1, 1, 1, 1],
[-9999, -9999, -9999, -9999, -9999, -9999, -9999, -9999, -9999, -9999, -9999, -9999, -9999, -9999, -9999, -9999, -9999, -9999, -9999, -9999, -9999, -9999, -9999, -9999, -9999, -9999, -9999, 42, -9999, -9999, -9999, -9999, -9999, -9999, -9999, -9999, -9999, -9999, -9999, -9999, -9999, -9999, -9999, -9999, -9999, -9999, -9999, -9999, -9999, 99, -9999, 9, -9999, -9999, -9999, -9999, -9999, -9999, -9999, 12, -9999, -9999, -9999, -9999, 80, -9999, -9999, -9999, -9999, -9999, -9999, -9999, -9999, -9999, -9999, -9999, -9999, -9999, -9999, -9999, -9999, -9999, -9999, -9999, -9999, -9999, -9999, -9999, -9999, 34, -9999, -9999, -9999, -9999, -9999, -9999, -9999, -9999, -9999, -9999, 1, 1, 1, 1, 1],
[-9999, -9999, -9999, -9999, -9999, -9999, -9999, 77, -9999, -9999, 1, -9999, 71, -9999, -9999, -9999, -9999, 53, -9999, -9999, 19, 11, 17, -9999, -9999, -9999, -9999, -9999, -9999, 89, 3, 35, -9999, -9999, -9999, -9999, 42, -9999, 63, 45, -9999, 39, -9999, -9999, -9999, -9999, 8, -9999, 18, 3, 65, 58, -9999, -9999, -9999, -9999, 6, -9999, 3, 11, -9999, -9999, -9999, -9999, 3, -9999, 29, -9999, -9999, -9999, 40, 82, 35, -9999, 1, -9999, 73, -9999, 89, 84, -9999, -9999, 97, -9999, 10, -9999, 78, 90, -9999, 78, -9999, -9999, -9999, 90, 84, -9999, 85, -9999, -9999, 90, 1, 1, 1, 1, 1],
[-9999, -9999, -9999, -9999, -9999, -9999, -9999, -9999, -9999, -9999, -9999, -9999, -9999, -9999, -9999, -9999, 40, -9999, -9999, -9999, 13, -9999, 85, -9999, -9999, 19, -9999, -9999, -9999, -9999, -9999, 78, -9999, -9999, -9999, -9999, -9999, -9999, -9999, -9999, -9999, 1, -9999, -9999, -9999, -9999, -9999, -9999, 68, -9999, -9999, -9999, -9999, -9999, -9999, -9999, -9999, -9999, -9999, -9999, -9999, -9999, 13, -9999, -9999, -9999, 77, 6, -9999, -9999, 87, -9999, -9999, -9999, -9999, -9999, -9999, -9999, 22, 39, 44, -9999, -9999, -9999, -9999, -9999, 7, 77, 34, -9999, -9999, -9999, -9999, 80, -9999, -9999, 100, -9999, -9999, -9999, 1, 1, 1, 1, 1],
[-9999, -9999, -9999, -9999, -9999, -9999, 45, -9999, -9999, -9999, 5, 33, 96, -9999, 54, -9999, -9999, 34, -9999, 1, 42, -9999, 72, -9999, -9999, 5, -9999, 74, 1, -9999, 1, 86, -9999, 40, -9999, -9999, -9999, -9999, 69, 22, -9999, 9, 4, -9999, 80, -9999, 21, -9999, -9999, -9999, 30, 54, 40, 90, -9999, 72, 24, -9999, 74, -9999, -9999, -9999, -9999, -9999, 82, -9999, -9999, 75, 6, -9999, 31, 13, 62, 79, 26, -9999, 42, -9999, 40, 39, -9999, -9999, -9999, 35, 63, 98, -9999, -9999, 41, -9999, -9999, 99, -9999, -9999, -9999, -9999, 60, 64, -9999, 25, 1, 1, 1, 1, 1],
[-9999, -9999, -9999, -9999, -9999, -9999, -9999, -9999, -9999, -9999, 96, -9999, -9999, -9999, -9999, -9999, -9999, -9999, -9999, -9999, 79, -9999, 95, -9999, -9999, 40, -9999, -9999, -9999, -9999, -9999, 55, -9999, -9999, -9999, -9999, -9999, -9999, -9999, -9999, -9999, 81, -9999, -9999, -9999, -9999, -9999, -9999, -9999, -9999, -9999, -9999, -9999, -9999, -9999, -9999, -9999, -9999, -9999, -9999, -9999, -9999, 12, -9999, -9999, -9999, 17, 65, -9999, -9999, -9999, 92, -9999, -9999, -9999, -9999, -9999, -9999, 42, 15, -9999, -9999, -9999, -9999, -9999, -9999, 20, 96, 22, -9999, 9, -9999, -9999, 30, 52, -9999, 87, -9999, -9999, -9999, 1, 1, 1, 1, 1],
[-9999, -9999, -9999, -9999, -9999, -9999, -9999, -9999, -9999, -9999, 23, -9999, -9999, -9999, -9999, -9999, -9999, -9999, -9999, -9999, -9999, -9999, 86, -9999, -9999, -9999, -9999, -9999, -9999, -9999, -9999, -9999, -9999, -9999, -9999, -9999, -9999, -9999, -9999, -9999, -9999, 90, -9999, -9999, -9999, -9999, -9999, -9999, 16, -9999, 73, -9999, -9999, -9999, -9999, -9999, -9999, -9999, -9999, -9999, -9999, -9999, -9999, -9999, -9999, -9999, -9999, 92, -9999, -9999, -9999, -9999, -9999, -9999, -9999, -9999, -9999, -9999, -9999, 90, 50, -9999, -9999, -9999, -9999, -9999, 24, 13, 14, -9999, 11, -9999, -9999, -9999, 98, -9999, -9999, -9999, -9999, -9999, 1, 1, 1, 1, 1],
[-9999, -9999, -9999, -9999, -9999, -9999, -9999, -9999, -9999, -9999, 20, -9999, -9999, -9999, -9999, -9999, -9999, -9999, -9999, -9999, 98, -9999, 100, -9999, -9999, -9999, -9999, -9999, -9999, -9999, 86, 85, -9999, -9999, -9999, -9999, -9999, -9999, -9999, -9999, -9999, 23, -9999, -9999, -9999, -9999, -9999, -9999, 65, -9999, 15, -9999, -9999, -9999, -9999, -9999, -9999, -9999, -9999, -9999, -9999, -9999, -9999, -9999, -9999, -9999, -9999, -9999, -9999, -9999, 26, -9999, -9999, -9999, 92, -9999, -9999, -9999, 33, 56, 44, -9999, -9999, -9999, -9999, -9999, 8, -9999, -9999, -9999, -9999, -9999, -9999, -9999, 20, -9999, -9999, -9999, -9999, -9999, 1, 1, 1, 1, 1],
[-9999, -9999, -9999, -9999, -9999, -9999, -9999, -9999, -9999, -9999, -9999, -9999, -9999, -9999, -9999, -9999, 12, -9999, -9999, -9999, 2, -9999, 36, -9999, 88, 49, -9999, -9999, -9999, -9999, 62, 41, -9999, -9999, -9999, -9999, -9999, -9999, -9999, -9999, -9999, 67, -9999, -9999, -9999, -9999, -9999, -9999, -9999, -9999, 12, -9999, -9999, -9999, -9999, -9999, -9999, -9999, -9999, -9999, -9999, -9999, -9999, -9999, -9999, -9999, -9999, -9999, -9999, -9999, 52, -9999, -9999, -9999, 24, -9999, -9999, -9999, 32, 9, 14, -9999, -9999, -9999, -9999, -9999, 45, 36, -9999, -9999, 89, -9999, -9999, 78, -9999, -9999, -9999, -9999, -9999, -9999, 1, 1, 1, 1, 1],
[-9999, -9999, -9999, -9999, -9999, -9999, -9999, 25, 36, 55, 65, -9999, 79, 98, -9999, -9999, -9999, -9999, -9999, -9999, 64, -9999, 44, -9999, -9999, -9999, -9999, 59, -9999, 90, 93, 20, -9999, -9999, -9999, -9999, -9999, -9999, 20, -9999, -9999, -9999, -9999, -9999, -9999, -9999, 91, -9999, 31, 45, 79, 95, 37, -9999, -9999, -9999, -9999, -9999, -9999, 46, 36, -9999, -9999, -9999, 77, -9999, 82, 42, 60, -9999, 80, -9999, -9999, 34, 39, 67, 63, -9999, 35, -9999, 10, 51, 87, -9999, 98, -9999, 5, -9999, -9999, 4, 21, -9999, -9999, 79, 97, -9999, -9999, -9999, -9999, 72, 1, 1, 1, 1, 1],
[-9999, -9999, -9999, -9999, -9999, -9999, -9999, 13, -9999, -9999, 75, 8, -9999, -9999, -9999, 33, -9999, -9999, -9999, -9999, 22, 11, 49, -9999, -9999, 55, 54, 4, -9999, 23, -9999, 4, -9999, 68, -9999, -9999, -9999, -9999, 99, -9999, 72, 97, 22, 10, -9999, -9999, 55, -9999, 90, -9999, 86, 14, 74, 27, -9999, 90, 74, -9999, 41, -9999, -9999, -9999, -9999, -9999, -9999, -9999, 48, 40, -9999, -9999, 63, 100, 89, 22, 55, -9999, -9999, -9999, -9999, 37, 77, -9999, -9999, 9, 18, 71, 100, -9999, -9999, -9999, 49, 80, -9999, -9999, 76, 9, 78, -9999, -9999, -9999, 1, 1, 1, 1, 1],
[-9999, -9999, -9999, -9999, -9999, -9999, 16, -9999, 42, -9999, -9999, 16, 97, 9, 59, -9999, -9999, 73, -9999, -9999, 45, 65, 76, -9999, -9999, -9999, -9999, 75, 28, -9999, 53, 50, 95, 50, 71, -9999, -9999, -9999, 23, 6, -9999, -9999, 61, -9999, -9999, -9999, 42, -9999, 39, -9999, -9999, -9999, 11, -9999, -9999, -9999, 67, -9999, -9999, -9999, -9999, -9999, -9999, -9999, 99, -9999, -9999, -9999, -9999, -9999, -9999, 73, 76, -9999, 46, -9999, 97, -9999, -9999, 88, -9999, -9999, 75, 16, 24, 19, -9999, -9999, -9999, -9999, 22, -9999, -9999, -9999, 64, -9999, 15, -9999, -9999, 92, 1, 1, 1, 1, 1],
[-9999, -9999, -9999, -9999, -9999, -9999, -9999, -9999, -9999, -9999, -9999, -9999, -9999, -9999, -9999, -9999, -9999, -9999, -9999, -9999, -9999, -9999, -9999, -9999, -9999, -9999, -9999, -9999, -9999, -9999, -9999, -9999, -9999, -9999, -9999, -9999, -9999, -9999, -9999, -9999, -9999, -9999, -9999, -9999, -9999, -9999, -9999, -9999, -9999, -9999, -9999, -9999, -9999, -9999, -9999, -9999, -9999, -9999, -9999, 68, -9999, -9999, -9999, -9999, 81, -9999, -9999, -9999, -9999, -9999, -9999, -9999, -9999, 97, -9999, -9999, -9999, -9999, -9999, -9999, -9999, -9999, -9999, -9999, -9999, -9999, -9999, -9999, -9999, 68, -9999, -9999, -9999, -9999, -9999, -9999, -9999, -9999, -9999, -9999, 1, 1, 1, 1, 1],
[-9999, -9999, -9999, -9999, -9999, -9999, -9999, -9999, -9999, -9999, -9999, -9999, -9999, -9999, -9999, -9999, -9999, -9999, -9999, 59, 69, -9999, 93, -9999, -9999, 80, -9999, -9999, -9999, -9999, 65, 1, -9999, -9999, -9999, -9999, -9999, -9999, -9999, -9999, -9999, -9999, -9999, -9999, -9999, -9999, -9999, -9999, 46, -9999, -9999, -9999, -9999, 11, -9999, -9999, -9999, -9999, -9999, -9999, -9999, -9999, -9999, -9999, -9999, -9999, 26, -9999, -9999, -9999, 78, 86, -9999, -9999, 54, -9999, -9999, -9999, 85, 28, -9999, -9999, -9999, -9999, -9999, -9999, 24, 36, -9999, -9999, -9999, -9999, -9999, 87, 56, -9999, 27, -9999, -9999, -9999, 1, 1, 1, 1, 1],
[-9999, -9999, -9999, -9999, -9999, -9999, -9999, 15, -9999, -9999, -9999, -9999, -9999, 49, -9999, -9999, 99, 98, -9999, -9999, -9999, 47, 41, -9999, -9999, 22, -9999, 22, 38, 64, 72, 36, -9999, 49, -9999, -9999, -9999, -9999, 79, -9999, -9999, -9999, 97, -9999, -9999, -9999, -9999, -9999, 30, -9999, 52, -9999, -9999, -9999, -9999, -9999, -9999, -9999, 93, 72, -9999, -9999, -9999, -9999, 88, -9999, -9999, 96, -9999, -9999, 2, 87, 83, 88, -9999, 23, -9999, -9999, 13, -9999, -9999, -9999, 82, -9999, 27, 54, -9999, 75, 66, 40, -9999, -9999, -9999, 80, 91, -9999, 17, -9999, -9999, -9999, 1, 1, 1, 1, 1],
[-9999, -9999, -9999, -9999, -9999, -9999, -9999, -9999, -9999, -9999, -9999, -9999, -9999, -9999, -9999, -9999, 29, -9999, -9999, -9999, 75, -9999, 33, -9999, -9999, -9999, -9999, -9999, -9999, -9999, 18, 3, -9999, -9999, -9999, -9999, -9999, -9999, -9999, -9999, -9999, -9999, -9999, -9999, -9999, -9999, -9999, -9999, 35, -9999, 79, -9999, -9999, -9999, -9999, -9999, -9999, -9999, -9999, -9999, -9999, -9999, -9999, -9999, -9999, -9999, 79, 98, -9999, -9999, -9999, 49, -9999, -9999, 63, -9999, -9999, -9999, 76, 44, 11, -9999, -9999, -9999, -9999, -9999, 32, 7, -9999, -9999, 8, -9999, -9999, 42, 82, -9999, 73, -9999, -9999, -9999, 1, 1, 1, 1, 1],
[-9999, -9999, -9999, -9999, -9999, -9999, -9999, 81, -9999, -9999, -9999, 42, 70, -9999, 76, 47, -9999, -9999, -9999, 15, 36, -9999, 24, 12, -9999, 13, -9999, 40, 80, 50, -9999, 46, -9999, -9999, -9999, -9999, -9999, -9999, 51, -9999, 91, -9999, 34, -9999, -9999, 99, 98, -9999, -9999, -9999, 42, -9999, 35, 5, -9999, -9999, 42, -9999, -9999, 65, -9999, -9999, -9999, -9999, 21, -9999, -9999, -9999, 62, -9999, 42, -9999, -9999, 70, -9999, 59, -9999, -9999, 73, 33, -9999, -9999, -9999, 64, 19, 86, 9, 18, 4, 35, 39, 86, -9999, -9999, 21, 21, -9999, -9999, 32, -9999, 1, 1, 1, 1, 1],
[-9999, -9999, -9999, -9999, -9999, -9999, -9999, -9999, -9999, -9999, -9999, -9999, -9999, -9999, -9999, -9999, -9999, -9999, -9999, -9999, 52, -9999, 31, -9999, -9999, 41, -9999, -9999, -9999, -9999, 29, 35, -9999, -9999, -9999, -9999, -9999, -9999, -9999, -9999, -9999, 75, -9999, -9999, -9999, -9999, -9999, -9999, 1, -9999, -9999, -9999, -9999, -9999, -9999, -9999, -9999, -9999, -9999, -9999, -9999, -9999, 96, -9999, -9999, -9999, -9999, 72, -9999, -9999, 18, 28, -9999, -9999, 29, -9999, -9999, -9999, -9999, 4, -9999, -9999, -9999, -9999, -9999, -9999, -9999, -9999, 24, -9999, 82, -9999, -9999, -9999, 94, -9999, 74, -9999, -9999, -9999, 1, 1, 1, 1, 1],
[-9999, -9999, -9999, -9999, -9999, -9999, 62, 12, -9999, -9999, 14, -9999, 71, 74, 74, -9999, -9999, -9999, -9999, -9999, 25, -9999, 20, -9999, -9999, 95, -9999, 35, -9999, 98, -9999, 3, -9999, 66, -9999, -9999, -9999, -9999, 85, -9999, 13, 50, 95, -9999, -9999, -9999, -9999, -9999, 64, -9999, 77, 2, 44, -9999, -9999, -9999, -9999, -9999, 20, -9999, -9999, -9999, -9999, -9999, -9999, -9999, -9999, 92, 48, -9999, 97, 59, 41, -9999, 18, -9999, -9999, -9999, -9999, -9999, -9999, -9999, 77, 31, -9999, -9999, 91, 51, -9999, 65, -9999, -9999, -9999, -9999, -9999, -9999, -9999, -9999, -9999, 91, 1, 1, 1, 1, 1],
[-9999, -9999, -9999, -9999, -9999, -9999, -9999, 71, -9999, -9999, 93, -9999, 14, -9999, -9999, -9999, -9999, 6, -9999, -9999, -9999, 49, 12, -9999, -9999, -9999, -9999, -9999, -9999, -9999, 16, 65, -9999, -9999, -9999, -9999, -9999, -9999, 42, 73, 54, 92, 65, -9999, -9999, -9999, 97, -9999, 3, 48, 49, -9999, 81, -9999, -9999, -9999, 15, -9999, -9999, -9999, 19, -9999, -9999, -9999, 78, -9999, 50, 80, 38, -9999, -9999, 73, 98, 68, -9999, -9999, -9999, -9999, 33, -9999, 92, -9999, 84, -9999, 72, 97, -9999, 60, 19, 29, -9999, -9999, -9999, 64, 10, -9999, 92, -9999, -9999, 2, 1, 1, 1, 1, 1],
[-9999, -9999, -9999, -9999, -9999, -9999, -9999, -9999, -9999, -9999, 58, -9999, -9999, -9999, -9999, -9999, -9999, -9999, -9999, -9999, 82, -9999, 87, -9999, -9999, -9999, -9999, -9999, -9999, -9999, 72, 48, -9999, -9999, -9999, -9999, 44, -9999, -9999, -9999, -9999, 100, -9999, -9999, -9999, -9999, -9999, -9999, 9, -9999, 16, -9999, -9999, -9999, -9999, -9999, -9999, -9999, -9999, -9999, -9999, -9999, -9999, -9999, -9999, -9999, 29, -9999, -9999, -9999, 30, -9999, -9999, -9999, 43, -9999, -9999, -9999, -9999, -9999, 81, -9999, -9999, -9999, -9999, -9999, 24, 91, -9999, -9999, 74, -9999, -9999, 30, -9999, -9999, 43, -9999, -9999, -9999, 1, 1, 1, 1, 1],
[-9999, -9999, -9999, -9999, -9999, -9999, -9999, -9999, -9999, -9999, -9999, -9999, -9999, -9999, -9999, -9999, -9999, -9999, -9999, -9999, -9999, -9999, -9999, -9999, 12, -9999, -9999, -9999, -9999, -9999, -9999, -9999, -9999, -9999, -9999, -9999, -9999, -9999, -9999, -9999, -9999, -9999, -9999, -9999, -9999, -9999, -9999, -9999, -9999, -9999, -9999, -9999, -9999, -9999, -9999, -9999, -9999, -9999, -9999, -9999, -9999, -9999, -9999, -9999, -9999, -9999, -9999, -9999, -9999, -9999, -9999, -9999, -9999, -9999, -9999, -9999, -9999, -9999, -9999, -9999, -9999, -9999, -9999, -9999, -9999, -9999, -9999, -9999, -9999, -9999, -9999, -9999, -9999, -9999, -9999, -9999, -9999, -9999, -9999, -9999, 1, 1, 1, 1, 1],
[-9999, -9999, -9999, -9999, -9999, -9999, 17, -9999, 18, -9999, -9999, 60, 73, -9999, 13, -9999, -9999, -9999, 81, -9999, 92, 80, 34, -9999, -9999, -9999, -9999, -9999, -9999, -9999, 70, 78, -9999, -9999, -9999, -9999, -9999, -9999, 31, 44, 43, -9999, -9999, -9999, -9999, -9999, -9999, -9999, 55, -9999, 26, 84, -9999, -9999, -9999, -9999, 8, -9999, 96, 29, -9999, -9999, -9999, -9999, 99, -9999, 13, 73, -9999, -9999, 82, -9999, 55, 96, 53, -9999, 71, -9999, 28, -9999, -9999, -9999, 6, -9999, 73, -9999, 38, 5, -9999, 29, 61, -9999, -9999, 13, -9999, -9999, 100, -9999, -9999, 23, 1, 1, 1, 1, 1],
[-9999, -9999, -9999, -9999, -9999, -9999, 13, 40, -9999, -9999, 27, 45, 13, 90, 51, -9999, -9999, 20, -9999, -9999, 40, -9999, 37, -9999, -9999, -9999, 45, -9999, 60, -9999, -9999, 54, -9999, 10, -9999, -9999, -9999, -9999, 87, 98, -9999, 94, 27, -9999, -9999, -9999, 59, -9999, -9999, 35, -9999, 52, 62, -9999, -9999, -9999, -9999, -9999, 93, 30, -9999, -9999, -9999, 100, -9999, -9999, 77, 54, -9999, -9999, 76, 43, 98, 70, 11, -9999, 15, -9999, -9999, 83, 62, -9999, 4, -9999, -9999, 98, 72, -9999, -9999, 72, -9999, -9999, -9999, 6, 20, -9999, 25, -9999, -9999, 83, 1, 1, 1, 1, 1],
[-9999, -9999, -9999, -9999, -9999, -9999, -9999, -9999, -9999, -9999, -9999, -9999, -9999, -9999, -9999, -9999, -9999, -9999, -9999, -9999, -9999, -9999, -9999, -9999, -9999, -9999, -9999, -9999, -9999, -9999, -9999, -9999, -9999, -9999, -9999, -9999, -9999, -9999, -9999, -9999, -9999, -9999, -9999, -9999, -9999, -9999, -9999, -9999, -9999, -9999, -9999, 23, -9999, -9999, -9999, -9999, -9999, -9999, -9999, -9999, -9999, -9999, -9999, -9999, -9999, -9999, -9999, -9999, -9999, -9999, -9999, -9999, -9999, 1, -9999, -9999, -9999, -9999, -9999, -9999, -9999, -9999, -9999, -9999, -9999, -9999, -9999, -9999, -9999, 6, -9999, -9999, -9999, -9999, -9999, -9999, -9999, -9999, -9999, -9999, 1, 1, 1, 1, 1],
[-9999, -9999, -9999, -9999, -9999, -9999, -9999, -9999, -9999, -9999, 18, -9999, -9999, -9999, -9999, -9999, -9999, -9999, -9999, -9999, 49, -9999, 75, -9999, -9999, -9999, -9999, -9999, -9999, -9999, 27, 5, -9999, -9999, -9999, -9999, -9999, -9999, -9999, -9999, -9999, 63, -9999, -9999, -9999, -9999, -9999, -9999, 64, -9999, -9999, -9999, -9999, -9999, -9999, -9999, -9999, -9999, -9999, -9999, -9999, -9999, 41, -9999, -9999, -9999, -9999, 81, -9999, -9999, -9999, 66, -9999, -9999, -9999, -9999, -9999, -9999, 10, 1, 63, 80, -9999, -9999, -9999, -9999, -9999, 87, 22, -9999, 23, -9999, -9999, -9999, 26, -9999, 67, -9999, -9999, -9999, 1, 1, 1, 1, 1],
[-9999, -9999, -9999, -9999, -9999, -9999, -9999, 100, -9999, 36, 35, -9999, 84, 91, -9999, -9999, 28, -9999, -9999, -9999, 63, -9999, 42, -9999, -9999, 1, -9999, -9999, -9999, 22, -9999, 12, -9999, 22, -9999, -9999, 72, -9999, 47, -9999, -9999, -9999, 27, -9999, -9999, -9999, -9999, 55, 14, 86, 39, -9999, -9999, -9999, -9999, -9999, 92, -9999, -9999, 69, -9999, -9999, -9999, -9999, 57, -9999, -9999, 89, 28, 94, 8, 20, -9999, 30, 28, -9999, -9999, -9999, 87, 77, 10, -9999, -9999, -9999, 33, -9999, 62, 92, 1, 37, -9999, -9999, -9999, 21, 18, -9999, -9999, -9999, -9999, -9999, 1, 1, 1, 1, 1],
[-9999, -9999, -9999, -9999, -9999, -9999, -9999, 42, -9999, -9999, 89, 44, 89, 61, 48, 2, -9999, 84, -9999, -9999, 77, 37, 85, 82, -9999, 47, -9999, -9999, -9999, 43, 87, 21, -9999, 10, -9999, -9999, -9999, -9999, 65, 76, 73, -9999, 70, -9999, -9999, 10, -9999, -9999, 66, -9999, -9999, 69, -9999, 51, -9999, 2, -9999, -9999, 33, -9999, -9999, -9999, -9999, -9999, -9999, -9999, 69, -9999, -9999, -9999, -9999, -9999, 58, -9999, 57, -9999, 63, 51, -9999, 51, 99, -9999, -9999, 17, -9999, 31, 31, 90, 59, 90, -9999, 62, -9999, 12, 83, -9999, 33, -9999, 59, 84, 1, 1, 1, 1, 1],
[-9999, -9999, -9999, -9999, -9999, -9999, -9999, -9999, -9999, -9999, 52, -9999, 22, -9999, -9999, -9999, -9999, 48, -9999, -9999, -9999, -9999, 30, -9999, -9999, 78, -9999, 36, 16, -9999, 15, 89, -9999, 61, 15, -9999, -9999, -9999, 93, -9999, -9999, -9999, -9999, -9999, -9999, -9999, -9999, -9999, -9999, 19, 22, -9999, 80, -9999, -9999, 88, -9999, -9999, -9999, 12, -9999, -9999, -9999, 55, -9999, -9999, 49, 88, 42, -9999, -9999, -9999, -9999, -9999, -9999, -9999, -9999, -9999, 52, 78, -9999, -9999, 46, 29, 62, 28, -9999, 21, -9999, 85, -9999, -9999, -9999, 95, -9999, -9999, -9999, -9999, -9999, 65, 1, 1, 1, 1, 1],
[-9999, -9999, -9999, -9999, -9999, -9999, -9999, -9999, -9999, -9999, 5, -9999, 66, 5, 76, -9999, -9999, 1, -9999, -9999, -9999, -9999, 78, -9999, -9999, -9999, -9999, 86, 19, -9999, 28, 47, -9999, -9999, -9999, -9999, -9999, -9999, 18, 64, -9999, 85, 55, -9999, -9999, -9999, 51, 91, -9999, 24, -9999, 39, -9999, -9999, -9999, 82, 21, -9999, -9999, 22, -9999, -9999, -9999, -9999, 46, -9999, 40, 42, 14, -9999, 95, 24, -9999, -9999, -9999, -9999, 51, -9999, -9999, -9999, 69, -9999, -9999, 88, 50, 76, 52, -9999, 54, 63, 71, -9999, -9999, -9999, 32, -9999, -9999, -9999, -9999, 96, 1, 1, 1, 1, 1],
[-9999, -9999, -9999, -9999, -9999, -9999, -9999, -9999, -9999, -9999, -9999, -9999, -9999, -9999, -9999, -9999, -9999, -9999, -9999, -9999, -9999, -9999, -9999, -9999, -9999, -9999, -9999, 66, -9999, -9999, -9999, -9999, -9999, -9999, -9999, -9999, -9999, -9999, -9999, -9999, -9999, -9999, -9999, -9999, -9999, -9999, -9999, -9999, -9999, -9999, -9999, -9999, -9999, -9999, -9999, -9999, -9999, -9999, -9999, -9999, -9999, -9999, -9999, -9999, -9999, -9999, -9999, -9999, 70, -9999, -9999, -9999, -9999, 91, -9999, -9999, -9999, -9999, -9999, -9999, -9999, -9999, -9999, -9999, -9999, -9999, -9999, -9999, -9999, 16, -9999, -9999, -9999, -9999, -9999, -9999, -9999, -9999, -9999, -9999, 1, 1, 1, 1, 1],
[-9999, -9999, -9999, -9999, -9999, -9999, 84, 94, -9999, -9999, -9999, 39, 53, 55, 42, -9999, -9999, -9999, -9999, -9999, -9999, 81, 59, -9999, -9999, 61, 9, -9999, -9999, -9999, 80, 7, 10, 44, -9999, -9999, 14, -9999, 77, 20, 100, 90, 21, -9999, -9999, -9999, 40, -9999, -9999, -9999, 73, -9999, 14, -9999, -9999, 72, -9999, -9999, 58, -9999, 25, -9999, -9999, -9999, -9999, -9999, -9999, -9999, 14, -9999, 71, -9999, -9999, 19, -9999, -9999, -9999, -9999, -9999, 38, 47, -9999, -9999, -9999, 81, -9999, 13, -9999, -9999, 42, 74, -9999, -9999, -9999, 10, -9999, -9999, -9999, -9999, 82, 1, 1, 1, 1, 1],
[-9999, -9999, -9999, -9999, -9999, -9999, 99, 63, -9999, -9999, 25, -9999, -9999, -9999, 82, -9999, -9999, 3, -9999, -9999, 54, 45, 16, -9999, -9999, -9999, -9999, -9999, 29, 33, 47, 7, -9999, -9999, -9999, -9999, -9999, -9999, 16, 20, -9999, -9999, -9999, -9999, -9999, -9999, -9999, -9999, 71, 37, 91, 64, -9999, -9999, -9999, -9999, -9999, -9999, 1, 30, -9999, -9999, -9999, -9999, -9999, -9999, 98, 77, 83, -9999, 93, -9999, 71, 98, 70, -9999, 94, -9999, 85, -9999, -9999, -9999, 1, 94, -9999, 2, -9999, 43, 72, -9999, 6, -9999, -9999, 85, -9999, -9999, 69, 63, -9999, -9999, 1, 1, 1, 1, 1],
[-9999, -9999, -9999, -9999, -9999, -9999, -9999, -9999, -9999, -9999, 26, 39, 94, -9999, -9999, -9999, -9999, -9999, -9999, -9999, 90, -9999, -9999, -9999, -9999, 79, -9999, 58, 26, 60, -9999, 55, -9999, -9999, -9999, -9999, -9999, -9999, 11, 50, -9999, -9999, 59, -9999, -9999, -9999, 8, -9999, -9999, 87, -9999, -9999, 64, -9999, 44, 97, 46, -9999, -9999, -9999, -9999, -9999, -9999, -9999, -9999, -9999, 24, 86, 48, -9999, 90, 32, 43, -9999, -9999, -9999, 45, -9999, 98, -9999, 47, -9999, -9999, -9999, -9999, -9999, -9999, 70, 19, 76, -9999, -9999, -9999, 84, -9999, -9999, 89, 11, -9999, -9999, 1, 1, 1, 1, 1],
[-9999, -9999, -9999, -9999, -9999, -9999, 68, 73, -9999, -9999, 53, 73, 87, -9999, -9999, 55, -9999, -9999, -9999, -9999, -9999, -9999, 38, -9999, -9999, 5, -9999, 65, -9999, -9999, 77, 11, -9999, 59, -9999, -9999, -9999, 40, 34, 51, -9999, 76, -9999, -9999, 25, -9999, 97, -9999, 55, 95, 63, 76, 87, 6, -9999, -9999, 34, -9999, 83, -9999, 96, 61, -9999, -9999, 11, -9999, -9999, 91, 4, -9999, -9999, 28, 93, 57, 97, -9999, -9999, -9999, -9999, -9999, 22, -9999, -9999, -9999, -9999, 2, -9999, -9999, 11, -9999, -9999, 53, -9999, 15, -9999, 4, 20, -9999, 90, 21, 1, 1, 1, 1, 1],
[-9999, -9999, -9999, -9999, -9999, -9999, 45, 1, -9999, -9999, 6, 98, 64, 100, -9999, -9999, -9999, 32, -9999, -9999, 20, 50, 19, -9999, -9999, 95, -9999, 20, -9999, -9999, 49, 94, -9999, 2, -9999, -9999, -9999, -9999, 64, -9999, 98, 76, 99, -9999, -9999, -9999, 54, -9999, 63, 100, 54, 90, -9999, -9999, 91, 23, -9999, -9999, 52, 23, -9999, -9999, -9999, -9999, -9999, -9999, 73, -9999, 9, -9999, -9999, -9999, -9999, -9999, 96, -9999, 68, -9999, 91, -9999, -9999, -9999, 28, 30, -9999, 29, 72, -9999, 88, 55, 90, -9999, -9999, 11, 50, -9999, -9999, -9999, -9999, -9999, 1, 1, 1, 1, 1],
[-9999, -9999, -9999, -9999, -9999, -9999, -9999, -9999, -9999, -9999, 83, -9999, -9999, -9999, -9999, -9999, -9999, -9999, -9999, -9999, 19, -9999, 22, 88, 65, 71, -9999, -9999, -9999, -9999, 39, 47, -9999, -9999, -9999, -9999, -9999, -9999, -9999, -9999, -9999, 16, -9999, -9999, -9999, -9999, -9999, -9999, -9999, -9999, 47, -9999, -9999, 89, -9999, -9999, -9999, -9999, -9999, -9999, -9999, -9999, -9999, -9999, -9999, -9999, 76, -9999, -9999, 92, 12, 55, -9999, -9999, 70, -9999, -9999, -9999, 46, -9999, 93, -9999, -9999, -9999, -9999, -9999, 67, 47, 89, -9999, 2, -9999, -9999, 88, 28, -9999, 43, -9999, -9999, -9999, 1, 1, 1, 1, 1],
[-9999, -9999, -9999, -9999, -9999, -9999, 11, -9999, -9999, -9999, 68, -9999, -9999, 97, 72, -9999, -9999, 78, -9999, -9999, -9999, 21, 87, -9999, -9999, 75, -9999, 83, 14, -9999, 26, 42, -9999, -9999, -9999, -9999, -9999, -9999, 17, 50, -9999, 68, -9999, -9999, -9999, -9999, 30, -9999, -9999, -9999, -9999, 85, -9999, -9999, 71, -9999, -9999, -9999, -9999, -9999, -9999, -9999, -9999, -9999, 45, -9999, 45, -9999, -9999, -9999, -9999, 47, -9999, 23, 36, -9999, -9999, -9999, -9999, -9999, 61, -9999, 95, 73, -9999, -9999, 12, 64, -9999, 34, -9999, -9999, -9999, -9999, 69, -9999, 71, -9999, -9999, -9999, 1, 1, 1, 1, 1],
[-9999, -9999, -9999, -9999, -9999, 25, -9999, -9999, -9999, -9999, 100, -9999, -9999, -9999, -9999, -9999, -9999, -9999, -9999, 21, 32, -9999, 49, 50, -9999, 36, -9999, -9999, -9999, -9999, 41, 23, -9999, -9999, -9999, -9999, -9999, -9999, -9999, -9999, -9999, 56, -9999, -9999, -9999, -9999, -9999, -9999, -9999, -9999, 87, -9999, -9999, 68, -9999, -9999, -9999, -9999, -9999, -9999, -9999, -9999, -9999, -9999, -9999, -9999, -9999, -9999, -9999, -9999, 99, 51, -9999, -9999, -9999, -9999, -9999, -9999, -9999, 94, -9999, 5, -9999, -9999, -9999, -9999, 65, 54, 55, -9999, -9999, -9999, -9999, -9999, -9999, -9999, 47, -9999, -9999, -9999, 1, 1, 1, 1, 1],
[-9999, -9999, -9999, -9999, -9999, -9999, 98, 16, -9999, -9999, -9999, 59, 83, 76, -9999, -9999, -9999, -9999, -9999, -9999, -9999, 96, 71, -9999, -9999, 71, -9999, 62, -9999, 59, -9999, 99, -9999, -9999, -9999, -9999, -9999, -9999, 48, -9999, 65, -9999, 73, -9999, -9999, -9999, 57, -9999, 99, -9999, -9999, 39, 10, -9999, -9999, -9999, 79, -9999, 23, 59, -9999, -9999, -9999, -9999, -9999, -9999, -9999, 66, -9999, -9999, 94, 76, 92, -9999, 37, -9999, -9999, -9999, 30, 45, 48, -9999, 78, 32, 87, 38, -9999, -9999, 51, -9999, 65, -9999, -9999, 39, 100, -9999, -9999, -9999, -9999, 15, 1, 1, 1, 1, 1],
[-9999, -9999, -9999, -9999, -9999, -9999, -9999, -9999, -9999, -9999, -9999, -9999, -9999, -9999, -9999, -9999, -9999, -9999, -9999, -9999, -9999, -9999, -9999, -9999, -9999, -9999, -9999, 64, -9999, -9999, -9999, -9999, -9999, -9999, -9999, -9999, -9999, -9999, -9999, -9999, -9999, -9999, -9999, -9999, -9999, -9999, -9999, -9999, -9999, -9999, -9999, -9999, -9999, -9999, -9999, -9999, -9999, -9999, -9999, 23, -9999, -9999, -9999, -9999, 90, -9999, -9999, -9999, 1, -9999, -9999, -9999, -9999, -9999, -9999, -9999, -9999, -9999, -9999, -9999, -9999, -9999, -9999, -9999, -9999, -9999, -9999, -9999, -9999, -9999, -9999, -9999, -9999, -9999, -9999, -9999, -9999, -9999, -9999, -9999, 1, 1, 1, 1, 1],
[-9999, -9999, -9999, -9999, -9999, -9999, -9999, -9999, -9999, -9999, -9999, -9999, -9999, -9999, -9999, -9999, -9999, -9999, -9999, -9999, 34, -9999, 39, -9999, -9999, 26, -9999, -9999, -9999, -9999, 19, 59, -9999, -9999, -9999, -9999, -9999, -9999, -9999, -9999, -9999, 9, -9999, -9999, -9999, -9999, -9999, -9999, 30, -9999, 49, -9999, -9999, -9999, -9999, -9999, -9999, -9999, -9999, -9999, -9999, -9999, -9999, -9999, -9999, -9999, -9999, -9999, -9999, -9999, 22, 95, -9999, -9999, 71, -9999, -9999, -9999, 38, 1, 7, -9999, -9999, -9999, -9999, -9999, 96, -9999, 8, -9999, 98, -9999, -9999, -9999, -9999, -9999, -9999, -9999, -9999, -9999, 1, 1, 1, 1, 1],
[-9999, -9999, -9999, -9999, -9999, 64, -9999, -9999, -9999, -9999, 28, -9999, -9999, -9999, -9999, -9999, -9999, -9999, -9999, 58, 63, -9999, 4, 65, -9999, 50, -9999, -9999, -9999, -9999, -9999, 70, -9999, -9999, -9999, -9999, -9999, -9999, -9999, -9999, -9999, 71, -9999, -9999, -9999, 69, -9999, -9999, 31, -9999, -9999, -9999, -9999, 80, -9999, -9999, -9999, -9999, -9999, -9999, -9999, -9999, -9999, -9999, -9999, -9999, -9999, -9999, -9999, -9999, 60, 40, -9999, -9999, 100, -9999, -9999, -9999, -9999, -9999, 32, -9999, -9999, -9999, -9999, -9999, 75, -9999, -9999, -9999, -9999, -9999, -9999, -9999, -9999, -9999, 6, -9999, -9999, -9999, 1, 1, 1, 1, 1],
[-9999, -9999, -9999, -9999, -9999, -9999, -9999, -9999, -9999, -9999, 61, -9999, -9999, -9999, -9999, -9999, 93, -9999, -9999, -9999, 27, -9999, 30, -9999, -9999, 94, -9999, -9999, -9999, -9999, 11, 35, -9999, -9999, -9999, -9999, -9999, -9999, -9999, -9999, -9999, 45, -9999, -9999, -9999, -9999, -9999, -9999, 32, -9999, -9999, -9999, -9999, -9999, -9999, -9999, -9999, -9999, -9999, -9999, -9999, -9999, -9999, -9999, -9999, -9999, 29, 77, -9999, -9999, 51, 65, -9999, -9999, -9999, -9999, -9999, -9999, -9999, 95, 80, -9999, -9999, -9999, -9999, -9999, 47, -9999, -9999, -9999, 85, -9999, -9999, 62, 65, -9999, 100, -9999, -9999, -9999, 1, 1, 1, 1, 1],
[-9999, -9999, -9999, -9999, -9999, 82, -9999, -9999, -9999, -9999, 17, -9999, -9999, -9999, -9999, -9999, -9999, -9999, -9999, 26, -9999, -9999, 27, -9999, -9999, -9999, -9999, -9999, -9999, -9999, 79, 4, -9999, -9999, -9999, -9999, -9999, -9999, -9999, -9999, -9999, 73, -9999, -9999, -9999, -9999, -9999, -9999, -9999, -9999, 43, -9999, -9999, 30, -9999, -9999, -9999, -9999, -9999, -9999, -9999, -9999, -9999, -9999, -9999, -9999, -9999, 37, -9999, -9999, 54, 28, -9999, -9999, -9999, -9999, -9999, -9999, -9999, 35, 33, -9999, -9999, -9999, -9999, -9999, 28, -9999, -9999, -9999, 59, -9999, -9999, -9999, -9999, -9999, -9999, -9999, -9999, -9999, 1, 1, 1, 1, 1],
[-9999, -9999, -9999, -9999, -9999, -9999, -9999, 21, -9999, -9999, -9999, 98, 49, 57, -9999, -9999, -9999, -9999, -9999, -9999, 77, -9999, 41, -9999, -9999, -9999, -9999, 33, 83, -9999, -9999, 94, -9999, 78, -9999, -9999, -9999, -9999, 73, 97, -9999, 95, -9999, -9999, -9999, -9999, 1, -9999, 72, 41, -9999, 99, 36, -9999, 73, 77, 51, -9999, 16, 61, -9999, -9999, -9999, -9999, 37, -9999, -9999, 2, -9999, -9999, -9999, -9999, -9999, 71, 81, -9999, -9999, -9999, 19, 80, -9999, -9999, -9999, 61, -9999, 54, -9999, -9999, 32, 100, 50, -9999, -9999, 81, -9999, -9999, -9999, -9999, -9999, 81, 1, 1, 1, 1, 1],
[-9999, -9999, -9999, -9999, -9999, -9999, 69, 39, -9999, 96, -9999, -9999, 87, 44, 79, -9999, -9999, 38, -9999, -9999, 68, 93, 71, -9999, -9999, 56, -9999, -9999, 45, 96, 20, 4, -9999, 8, -9999, -9999, -9999, -9999, 29, 80, -9999, 98, 3, -9999, -9999, -9999, -9999, -9999, 50, -9999, 82, -9999, 60, -9999, -9999, 52, -9999, -9999, -9999, -9999, 26, -9999, -9999, -9999, 23, -9999, 93, -9999, -9999, -9999, 75, -9999, 84, -9999, 89, -9999, 15, -9999, 23, 71, 46, -9999, 65, -9999, -9999, 53, -9999, 86, 17, 33, -9999, -9999, -9999, 97, -9999, -9999, -9999, -9999, -9999, -9999, 1, 1, 1, 1, 1],
[-9999, -9999, -9999, -9999, -9999, 12, 2, 74, 73, -9999, -9999, 35, 96, -9999, 41, -9999, -9999, -9999, -9999, 4, -9999, -9999, 27, -9999, -9999, -9999, -9999, 66, 90, 89, 74, 14, 69, 97, -9999, -9999, -9999, -9999, 19, -9999, 70, 15, -9999, -9999, 67, 77, -9999, -9999, -9999, 54, -9999, 45, -9999, 61, 9, 72, 4, -9999, 74, 16, -9999, -9999, -9999, -9999, -9999, -9999, -9999, 73, -9999, -9999, 44, 8, -9999, 57, 82, -9999, 42, -9999, -9999, -9999, -9999, -9999, 80, 8, 81, -9999, 31, 39, 71, 49, -9999, -9999, -9999, 68, -9999, 37, -9999, -9999, -9999, -9999, 1, 1, 1, 1, 1],
[-9999, -9999, -9999, -9999, -9999, -9999, 77, 70, -9999, -9999, 8, 26, 17, 60, -9999, -9999, -9999, 64, -9999, -9999, 48, -9999, 48, -9999, -9999, 35, -9999, -9999, 76, 53, 37, 66, -9999, 64, -9999, -9999, -9999, -9999, 8, 18, 8, -9999, 81, -9999, -9999, -9999, 10, -9999, 48, 83, 66, -9999, -9999, -9999, -9999, 95, 84, -9999, -9999, 32, -9999, -9999, -9999, -9999, -9999, -9999, 50, 14, 18, -9999, 79, 69, 28, -9999, 79, -9999, -9999, -9999, 50, 59, -9999, 73, -9999, -9999, -9999, 53, 96, 76, 57, 57, 41, -9999, -9999, -9999, -9999, -9999, -9999, -9999, -9999, 17, 1, 1, 1, 1, 1],
[-9999, -9999, -9999, -9999, -9999, -9999, 58, 29, 53, -9999, 28, 17, -9999, 83, 19, -9999, -9999, 60, -9999, -9999, -9999, 59, 83, -9999, -9999, -9999, -9999, -9999, -9999, -9999, 71, 87, -9999, 25, -9999, -9999, -9999, -9999, -9999, -9999, 77, 94, 41, -9999, -9999, -9999, 30, -9999, -9999, 36, 71, 7, 77, -9999, -9999, -9999, -9999, -9999, 9, 14, -9999, -9999, -9999, -9999, 68, -9999, -9999, 90, -9999, -9999, 43, 42, 73, 39, -9999, -9999, -9999, -9999, 43, 99, 55, -9999, 84, 92, 12, -9999, 18, 69, 74, -9999, -9999, -9999, -9999, 10, 63, -9999, 60, -9999, -9999, -9999, 1, 1, 1, 1, 1],
[-9999, -9999, -9999, -9999, -9999, -9999, -9999, -9999, -9999, -9999, -9999, -9999, -9999, -9999, -9999, -9999, -9999, -9999, -9999, -9999, 39, -9999, 2, -9999, -9999, 60, -9999, -9999, -9999, -9999, 23, 45, -9999, -9999, -9999, -9999, -9999, -9999, -9999, -9999, -9999, -9999, -9999, -9999, -9999, -9999, -9999, -9999, 50, -9999, -9999, -9999, -9999, -9999, -9999, -9999, -9999, -9999, -9999, -9999, -9999, -9999, -9999, -9999, -9999, -9999, 20, 35, -9999, -9999, 40, -9999, -9999, -9999, -9999, -9999, -9999, -9999, -9999, -9999, 25, -9999, -9999, -9999, -9999, -9999, -9999, 10, -9999, -9999, 41, -9999, -9999, 9, -9999, -9999, -9999, -9999, -9999, -9999, 1, 1, 1, 1, 1],
[-9999, -9999, -9999, -9999, -9999, -9999, -9999, -9999, -9999, -9999, -9999, -9999, -9999, -9999, -9999, -9999, -9999, -9999, -9999, -9999, -9999, -9999, -9999, -9999, -9999, -9999, -9999, -9999, -9999, -9999, -9999, -9999, -9999, -9999, -9999, -9999, -9999, -9999, -9999, -9999, -9999, -9999, -9999, -9999, -9999, -9999, -9999, -9999, -9999, 14, -9999, -9999, -9999, -9999, -9999, -9999, -9999, -9999, -9999, -9999, -9999, -9999, -9999, -9999, 94, -9999, -9999, -9999, 52, -9999, -9999, -9999, -9999, -9999, -9999, -9999, -9999, -9999, -9999, -9999, -9999, -9999, -9999, -9999, -9999, -9999, -9999, -9999, -9999, 66, -9999, -9999, -9999, -9999, -9999, -9999, -9999, -9999, -9999, -9999, 1, 1, 1, 1, 1],
[-9999, -9999, -9999, -9999, -9999, -9999, 51, 77, -9999, -9999, -9999, 4, 89, 22, -9999, -9999, -9999, -9999, -9999, -9999, 69, -9999, 52, -9999, -9999, -9999, -9999, -9999, -9999, 56, 49, 65, -9999, 29, -9999, -9999, -9999, -9999, 99, -9999, -9999, 55, 39, -9999, -9999, -9999, 60, -9999, 45, 82, 97, 16, 67, -9999, -9999, -9999, 16, -9999, 33, -9999, -9999, -9999, -9999, -9999, -9999, -9999, 27, 90, -9999, -9999, 69, 78, -9999, 86, 46, -9999, -9999, -9999, -9999, -9999, -9999, -9999, -9999, 27, 15, -9999, -9999, -9999, 3, 29, -9999, -9999, -9999, 96, -9999, -9999, 4, -9999, -9999, 73, 1, 1, 1, 1, 1],
[-9999, -9999, -9999, -9999, -9999, -9999, -9999, -9999, -9999, -9999, -9999, -9999, -9999, -9999, -9999, -9999, -9999, -9999, -9999, -9999, -9999, -9999, -9999, -9999, -9999, -9999, -9999, 79, -9999, -9999, -9999, -9999, -9999, -9999, -9999, -9999, -9999, -9999, -9999, -9999, -9999, -9999, -9999, -9999, -9999, -9999, -9999, -9999, -9999, -9999, -9999, 1, -9999, -9999, -9999, -9999, -9999, -9999, -9999, 15, -9999, 97, -9999, -9999, 64, -9999, -9999, -9999, -9999, -9999, -9999, -9999, -9999, 51, -9999, -9999, -9999, -9999, -9999, -9999, -9999, -9999, -9999, -9999, -9999, -9999, -9999, -9999, -9999, -9999, -9999, -9999, -9999, -9999, -9999, -9999, -9999, -9999, -9999, -9999, 1, 1, 1, 1, 1],
[-9999, -9999, -9999, -9999, -9999, -9999, -9999, -9999, -9999, -9999, -9999, 5, 59, 76, 94, -9999, -9999, -9999, -9999, -9999, 49, -9999, 65, -9999, -9999, -9999, -9999, -9999, -9999, 92, 12, 41, -9999, 10, -9999, -9999, -9999, -9999, 86, 7, 3, 2, -9999, -9999, -9999, -9999, -9999, 23, -9999, -9999, 52, 2, 31, -9999, -9999, 93, 71, -9999, 17, 96, -9999, -9999, -9999, -9999, 70, -9999, 69, 27, -9999, -9999, -9999, 76, -9999, 69, 100, -9999, 73, -9999, -9999, -9999, -9999, -9999, 32, 39, 19, 7, -9999, 66, 59, 49, 97, -9999, -9999, 2, -9999, -9999, -9999, -9999, -9999, -9999, 1, 1, 1, 1, 1],
[-9999, -9999, -9999, -9999, -9999, -9999, -9999, -9999, -9999, -9999, 95, 19, 54, -9999, 29, -9999, -9999, 61, -9999, -9999, 7, 56, 85, -9999, -9999, 96, -9999, 3, -9999, 3, -9999, 17, 84, 71, -9999, -9999, -9999, -9999, 33, -9999, 29, 61, 99, -9999, -9999, -9999, -9999, -9999, 87, -9999, -9999, 91, -9999, -9999, -9999, -9999, 64, -9999, 49, -9999, -9999, -9999, -9999, -9999, -9999, -9999, 45, 54, 30, -9999, 91, 56, 43, 33, 19, 83, -9999, -9999, -9999, 36, -9999, -9999, -9999, -9999, 8, 46, -9999, 14, 70, 12, -9999, -9999, -9999, -9999, 91, -9999, 74, -9999, -9999, 44, 1, 1, 1, 1, 1],
[-9999, -9999, -9999, -9999, -9999, -9999, -9999, -9999, 9, -9999, -9999, -9999, -9999, 10, 93, -9999, -9999, -9999, -9999, -9999, 18, -9999, 96, -9999, -9999, 94, 87, 79, 83, 35, 12, 48, -9999, 57, -9999, -9999, -9999, -9999, 7, 27, 93, 51, -9999, -9999, -9999, -9999, 89, -9999, -9999, -9999, -9999, 69, -9999, -9999, -9999, -9999, -9999, -9999, 54, -9999, -9999, -9999, -9999, -9999, 47, -9999, 97, 63, -9999, 23, 29, -9999, 90, 8, -9999, -9999, -9999, -9999, -9999, -9999, 11, -9999, -9999, -9999, 70, -9999, 12, 85, -9999, 66, -9999, -9999, -9999, -9999, -9999, -9999, -9999, -9999, -9999, 15, 1, 1, 1, 1, 1],
[-9999, -9999, -9999, -9999, -9999, -9999, -9999, 95, -9999, -9999, -9999, -9999, 7, 31, -9999, -9999, -9999, -9999, 9, -9999, 37, 64, 88, -9999, -9999, -9999, -9999, -9999, 85, 97, 2, 14, -9999, -9999, -9999, -9999, -9999, -9999, 57, -9999, -9999, 20, 91, -9999, -9999, -9999, -9999, -9999, 85, -9999, 23, -9999, 37, -9999, -9999, -9999, -9999, -9999, -9999, 86, -9999, -9999, -9999, -9999, 84, -9999, -9999, -9999, 100, -9999, -9999, -9999, 46, 32, -9999, -9999, 27, -9999, -9999, -9999, 63, -9999, -9999, -9999, 22, 46, 19, 29, -9999, -9999, 8, -9999, -9999, 95, 84, -9999, 41, -9999, -9999, -9999, 1, 1, 1, 1, 1],
[-9999, -9999, -9999, -9999, -9999, -9999, -9999, 21, 59, -9999, -9999, 91, 84, 17, -9999, -9999, -9999, -9999, -9999, -9999, -9999, -9999, 49, -9999, -9999, 5, -9999, -9999, 10, -9999, -9999, 42, -9999, 60, 50, -9999, -9999, -9999, 21, -9999, -9999, 34, 15, -9999, -9999, -9999, 11, -9999, 6, 13, -9999, 10, 50, -9999, -9999, 14, -9999, -9999, -9999, 6, -9999, -9999, -9999, -9999, -9999, -9999, 1, 26, -9999, -9999, 94, -9999, -9999, 33, -9999, -9999, 91, -9999, 45, 38, 65, -9999, 72, -9999, 41, -9999, 85, 54, 58, -9999, 81, -9999, -9999, -9999, -9999, -9999, -9999, -9999, -9999, 85, 1, 1, 1, 1, 1],
[-9999, -9999, -9999, -9999, -9999, -9999, -9999, -9999, -9999, -9999, 60, -9999, -9999, -9999, -9999, -9999, -9999, -9999, -9999, -9999, -9999, -9999, 16, -9999, -9999, 52, -9999, -9999, -9999, -9999, -9999, 23, -9999, -9999, -9999, -9999, -9999, -9999, -9999, -9999, -9999, 64, -9999, -9999, -9999, -9999, -9999, -9999, 17, -9999, 42, -9999, -9999, -9999, -9999, -9999, -9999, -9999, -9999, -9999, -9999, -9999, -9999, -9999, -9999, -9999, 66, -9999, -9999, -9999, -9999, 73, -9999, -9999, 58, -9999, -9999, -9999, 96, -9999, 57, -9999, -9999, -9999, -9999, -9999, 65, 39, 51, -9999, -9999, -9999, -9999, 67, 94, -9999, 99, -9999, -9999, -9999, 1, 1, 1, 1, 1],
[-9999, -9999, -9999, -9999, -9999, -9999, -9999, -9999, -9999, -9999, 59, -9999, -9999, -9999, -9999, -9999, 16, 33, -9999, -9999, 70, 49, 12, -9999, -9999, 54, -9999, 9, 18, -9999, -9999, 55, -9999, 42, -9999, -9999, 52, -9999, 94, -9999, -9999, -9999, -9999, -9999, -9999, -9999, 2, -9999, 4, -9999, 35, -9999, 58, -9999, -9999, -9999, 10, -9999, -9999, 84, -9999, -9999, -9999, -9999, 92, -9999, 85, 49, -9999, 88, -9999, 91, 81, 15, 9, -9999, 3, -9999, -9999, -9999, -9999, -9999, -9999, 76, 73, -9999, 75, 13, -9999, 56, 100, -9999, -9999, -9999, 95, -9999, -9999, -9999, -9999, 59, 1, 1, 1, 1, 1],
[-9999, -9999, -9999, -9999, -9999, -9999, -9999, -9999, -9999, -9999, -9999, -9999, -9999, -9999, -9999, -9999, -9999, -9999, -9999, -9999, -9999, -9999, 25, -9999, -9999, 16, -9999, -9999, -9999, -9999, -9999, 95, -9999, -9999, -9999, -9999, -9999, -9999, -9999, -9999, -9999, 100, -9999, -9999, -9999, -9999, -9999, -9999, 89, -9999, 46, -9999, -9999, -9999, -9999, -9999, -9999, -9999, -9999, -9999, -9999, -9999, -9999, -9999, -9999, -9999, 46, -9999, -9999, -9999, 25, 15, -9999, -9999, 32, -9999, -9999, -9999, -9999, -9999, 46, -9999, -9999, -9999, -9999, -9999, -9999, -9999, 49, -9999, 91, -9999, -9999, 44, 93, -9999, -9999, -9999, -9999, -9999, 1, 1, 1, 1, 1],
[-9999, -9999, -9999, -9999, -9999, -9999, 99, 84, -9999, -9999, -9999, 68, 57, 62, 60, -9999, -9999, 76, 32, -9999, -9999, 21, 32, -9999, -9999, -9999, -9999, -9999, -9999, 65, 79, 2, -9999, 46, -9999, -9999, 90, -9999, 6, 80, 28, -9999, 80, -9999, -9999, -9999, 45, -9999, -9999, 63, 47, -9999, 65, -9999, -9999, 20, -9999, -9999, 20, 55, -9999, -9999, -9999, -9999, 91, -9999, 35, 56, 6, 2, 6, 44, 70, 88, -9999, -9999, -9999, -9999, 26, 68, 41, -9999, -9999, 42, 63, 5, 94, -9999, -9999, -9999, 43, -9999, -9999, 33, -9999, -9999, 85, 10, -9999, -9999, 1, 1, 1, 1, 1],
[-9999, -9999, -9999, -9999, -9999, 90, -9999, -9999, -9999, -9999, 20, -9999, -9999, -9999, -9999, -9999, -9999, -9999, -9999, 96, 41, -9999, 84, -9999, -9999, 27, -9999, -9999, -9999, -9999, -9999, 56, -9999, -9999, -9999, -9999, -9999, -9999, -9999, -9999, -9999, 24, -9999, -9999, -9999, -9999, -9999, -9999, 11, -9999, 79, -9999, -9999, 43, -9999, -9999, -9999, -9999, -9999, -9999, -9999, -9999, -9999, -9999, -9999, -9999, -9999, 18, -9999, -9999, -9999, 7, -9999, -9999, -9999, -9999, -9999, -9999, -9999, -9999, 10, -9999, -9999, -9999, -9999, -9999, -9999, -9999, -9999, -9999, 17, -9999, -9999, 99, 42, -9999, 25, -9999, -9999, -9999, 1, 1, 1, 1, 1],
[-9999, -9999, -9999, -9999, -9999, -9999, -9999, -9999, -9999, -9999, 26, -9999, -9999, -9999, -9999, -9999, -9999, -9999, -9999, -9999, 29, -9999, 85, -9999, -9999, 16, -9999, -9999, -9999, -9999, -9999, 69, -9999, -9999, -9999, -9999, -9999, -9999, -9999, -9999, -9999, -9999, -9999, -9999, -9999, -9999, -9999, -9999, 62, -9999, 100, -9999, -9999, -9999, -9999, -9999, -9999, -9999, -9999, -9999, -9999, -9999, -9999, -9999, -9999, -9999, 55, -9999, -9999, -9999, -9999, 32, -9999, -9999, 58, -9999, -9999, -9999, -9999, 29, 24, -9999, -9999, -9999, -9999, -9999, -9999, 56, -9999, -9999, -9999, -9999, -9999, -9999, -9999, -9999, 22, -9999, -9999, -9999, 1, 1, 1, 1, 1],
[-9999, -9999, -9999, -9999, -9999, -9999, -9999, -9999, -9999, -9999, -9999, -9999, -9999, -9999, -9999, -9999, -9999, -9999, -9999, -9999, -9999, -9999, -9999, -9999, -9999, -9999, -9999, -9999, -9999, -9999, -9999, -9999, -9999, -9999, -9999, -9999, -9999, -9999, -9999, -9999, -9999, -9999, -9999, -9999, -9999, -9999, -9999, -9999, -9999, -9999, -9999, -9999, -9999, -9999, -9999, -9999, -9999, -9999, -9999, -9999, -9999, -9999, -9999, -9999, -9999, -9999, -9999, -9999, -9999, -9999, -9999, -9999, -9999, -9999, -9999, -9999, -9999, -9999, -9999, -9999, -9999, -9999, -9999, -9999, -9999, -9999, -9999, -9999, -9999, -9999, -9999, -9999, -9999, -9999, -9999, -9999, -9999, -9999, -9999, -9999, 1, 1, 1, 1, 1],
[-9999, -9999, -9999, -9999, -9999, -9999, -9999, -9999, -9999, -9999, -9999, -9999, -9999, -9999, -9999, -9999, -9999, -9999, -9999, 16, -9999, -9999, -9999, 2, -9999, -9999, -9999, -9999, -9999, -9999, -9999, -9999, -9999, -9999, -9999, -9999, -9999, -9999, -9999, -9999, -9999, -9999, -9999, -9999, -9999, -9999, -9999, -9999, -9999, -9999, -9999, -9999, -9999, -9999, -9999, -9999, -9999, -9999, -9999, -9999, -9999, -9999, -9999, -9999, -9999, -9999, -9999, -9999, -9999, -9999, -9999, -9999, -9999, -9999, -9999, -9999, -9999, -9999, -9999, -9999, -9999, -9999, -9999, -9999, -9999, -9999, -9999, -9999, -9999, -9999, -9999, -9999, -9999, -9999, -9999, -9999, -9999, -9999, -9999, -9999, 1, 1, 1, 1, 1],
[-9999, -9999, -9999, -9999, -9999, -9999, -9999, -9999, -9999, -9999, -9999, -9999, -9999, -9999, -9999, -9999, -9999, -9999, -9999, -9999, 71, -9999, 46, -9999, -9999, 90, -9999, -9999, -9999, -9999, -9999, 21, -9999, -9999, -9999, -9999, -9999, -9999, -9999, -9999, -9999, 89, -9999, -9999, -9999, -9999, -9999, -9999, -9999, -9999, -9999, -9999, -9999, -9999, -9999, -9999, -9999, -9999, -9999, -9999, -9999, -9999, -9999, -9999, -9999, -9999, 14, 96, -9999, -9999, 39, 62, -9999, -9999, -9999, -9999, -9999, -9999, -9999, -9999, -9999, -9999, -9999, -9999, -9999, -9999, 70, -9999, 4, -9999, -9999, -9999, -9999, 27, -9999, -9999, -9999, -9999, -9999, -9999, 1, 1, 1, 1, 1],
[-9999, -9999, -9999, -9999, -9999, -9999, 11, 36, -9999, 34, 99, 33, -9999, 36, 20, -9999, -9999, -9999, -9999, -9999, -9999, -9999, 98, -9999, -9999, 66, -9999, 69, 28, -9999, -9999, 71, -9999, 90, -9999, 47, -9999, -9999, 6, 20, 77, -9999, 6, -9999, -9999, -9999, 98, -9999, 29, 19, 19, -9999, -9999, -9999, -9999, -9999, 80, -9999, -9999, -9999, -9999, -9999, 49, -9999, -9999, -9999, 88, 14, -9999, -9999, -9999, 20, 7, 61, 84, -9999, 64, -9999, -9999, 63, 68, -9999, -9999, 76, 86, 5, 93, 73, 60, -9999, -9999, -9999, -9999, -9999, -9999, -9999, 3, -9999, -9999, 10, 1, 1, 1, 1, 1],
[-9999, -9999, -9999, -9999, -9999, 38, -9999, -9999, -9999, -9999, 21, 59, 81, -9999, -9999, 93, -9999, 92, -9999, -9999, -9999, -9999, 13, 67, -9999, 54, -9999, 27, -9999, 96, 41, 50, -9999, -9999, -9999, -9999, -9999, -9999, 22, 30, 9, 53, -9999, 91, -9999, 70, -9999, -9999, 88, -9999, 87, 29, -9999, -9999, -9999, -9999, 65, -9999, 79, 87, -9999, -9999, -9999, -9999, 94, -9999, 67, 16, 38, -9999, 38, -9999, 4, 95, -9999, -9999, -9999, 19, -9999, 33, -9999, -9999, -9999, 5, 85, -9999, 71, -9999, -9999, -9999, 59, -9999, -9999, 99, -9999, 29, 17, 36, 39, -9999, 1, 1, 1, 1, 1],
[-9999, -9999, -9999, -9999, -9999, -9999, 93, -9999, -9999, -9999, 35, 70, 19, 11, -9999, -9999, -9999, -9999, -9999, -9999, -9999, -9999, 1, -9999, -9999, -9999, -9999, 7, 40, 17, 51, 59, -9999, -9999, -9999, -9999, -9999, -9999, 42, -9999, 95, -9999, -9999, -9999, -9999, -9999, 67, -9999, 5, -9999, 24, -9999, 32, -9999, -9999, 26, 94, -9999, 71, -9999, -9999, -9999, 17, -9999, 25, -9999, 26, -9999, 62, -9999, -9999, -9999, 46, 33, 45, -9999, -9999, -9999, -9999, -9999, -9999, 11, 88, -9999, -9999, -9999, -9999, -9999, 21, -9999, -9999, -9999, -9999, -9999, 91, -9999, 71, -9999, -9999, 65, 1, 1, 1, 1, 1],
[-9999, -9999, -9999, -9999, -9999, 2, -9999, -9999, -9999, -9999, 16, -9999, -9999, -9999, -9999, -9999, -9999, -9999, -9999, 77, 66, -9999, 27, -9999, -9999, -9999, -9999, -9999, -9999, -9999, -9999, 19, -9999, -9999, -9999, -9999, -9999, -9999, -9999, -9999, -9999, 2, -9999, -9999, -9999, 16, -9999, -9999, -9999, -9999, 60, -9999, -9999, 91, -9999, -9999, -9999, -9999, -9999, -9999, -9999, -9999, 20, -9999, -9999, -9999, -9999, 34, -9999, -9999, -9999, -9999, -9999, -9999, 34, -9999, -9999, -9999, 57, 35, 46, 3, -9999, -9999, -9999, -9999, 2, -9999, 78, -9999, 38, -9999, -9999, 42, -9999, -9999, -9999, -9999, -9999, -9999, 1, 1, 1, 1, 1],
[-9999, -9999, -9999, -9999, -9999, -9999, -9999, 83, -9999, -9999, 4, -9999, -9999, 92, -9999, -9999, -9999, -9999, -9999, -9999, -9999, 4, 93, -9999, -9999, -9999, -9999, 52, 11, 84, 38, 75, -9999, 4, -9999, -9999, -9999, -9999, 58, 33, 18, 55, 10, -9999, -9999, -9999, -9999, 13, 10, 2, -9999, -9999, 75, -9999, -9999, 82, 64, -9999, 88, -9999, -9999, -9999, -9999, -9999, -9999, -9999, -9999, -9999, -9999, -9999, 85, 36, 46, -9999, 56, -9999, -9999, -9999, -9999, 53, 29, -9999, 57, -9999, 22, -9999, -9999, -9999, 15, 91, 12, -9999, -9999, 26, 33, -9999, 32, -9999, -9999, -9999, 1, 1, 1, 1, 1],
[-9999, -9999, -9999, -9999, -9999, -9999, -9999, 91, -9999, -9999, 64, 50, 45, 42, 41, -9999, -9999, -9999, -9999, -9999, -9999, 65, 88, -9999, -9999, -9999, 31, 67, -9999, -9999, 65, 59, -9999, -9999, -9999, -9999, -9999, -9999, 27, 64, 89, -9999, -9999, -9999, -9999, -9999, 22, -9999, 41, 79, -9999, 94, 31, -9999, -9999, -9999, -9999, -9999, 76, -9999, 43, -9999, -9999, -9999, -9999, -9999, -9999, 79, -9999, -9999, -9999, -9999, -9999, 25, -9999, -9999, 98, -9999, 49, 46, 84, -9999, -9999, 5, -9999, -9999, 88, 72, 67, 12, 86, -9999, -9999, 23, 49, -9999, 90, -9999, -9999, 100, 1, 1, 1, 1, 1],
[-9999, -9999, -9999, -9999, -9999, -9999, 56, 41, -9999, 57, 54, 70, -9999, -9999, 30, -9999, -9999, -9999, -9999, -9999, 83, 79, 27, -9999, -9999, 47, -9999, 99, -9999, -9999, 63, 98, -9999, 48, -9999, -9999, 47, -9999, 27, -9999, -9999, 89, -9999, -9999, -9999, -9999, -9999, -9999, 92, -9999, -9999, 30, 52, -9999, -9999, 52, -9999, -9999, 6, 93, -9999, -9999, -9999, -9999, 21, -9999, -9999, -9999, -9999, -9999, -9999, -9999, -9999, 30, -9999, -9999, -9999, -9999, -9999, -9999, 46, -9999, 54, -9999, 17, 51, 74, -9999, -9999, -9999, 93, -9999, -9999, 99, 97, -9999, -9999, -9999, -9999, -9999, 1, 1, 1, 1, 1],
[-9999, -9999, -9999, -9999, -9999, -9999, -9999, -9999, -9999, -9999, -9999, -9999, -9999, -9999, -9999, -9999, -9999, -9999, -9999, -9999, -9999, -9999, -9999, -9999, -9999, -9999, -9999, -9999, -9999, -9999, -9999, -9999, -9999, -9999, -9999, -9999, -9999, -9999, -9999, -9999, -9999, -9999, -9999, -9999, -9999, -9999, -9999, -9999, -9999, -9999, -9999, -9999, -9999, -9999, -9999, -9999, -9999, -9999, -9999, -9999, -9999, -9999, -9999, -9999, -9999, -9999, -9999, -9999, -9999, -9999, -9999, -9999, -9999, -9999, -9999, -9999, -9999, -9999, -9999, -9999, -9999, -9999, -9999, -9999, -9999, -9999, -9999, -9999, -9999, -9999, -9999, -9999, -9999, -9999, -9999, -9999, -9999, -9999, -9999, -9999, -9999, -9999, -9999, -9999, -9999],
[-9999, -9999, -9999, -9999, -9999, -9999, -9999, -9999, -9999, -9999, -9999, -9999, -9999, -9999, -9999, -9999, -9999, -9999, -9999, -9999, -9999, -9999, -9999, -9999, -9999, -9999, -9999, -9999, -9999, -9999, -9999, -9999, -9999, -9999, -9999, -9999, -9999, -9999, -9999, -9999, -9999, -9999, -9999, -9999, -9999, -9999, -9999, -9999, -9999, -9999, -9999, -9999, -9999, -9999, -9999, -9999, -9999, -9999, -9999, -9999, -9999, -9999, -9999, -9999, -9999, -9999, -9999, -9999, -9999, -9999, -9999, -9999, -9999, -9999, -9999, -9999, -9999, -9999, -9999, -9999, -9999, -9999, -9999, -9999, -9999, -9999, -9999, -9999, -9999, -9999, -9999, -9999, -9999, -9999, -9999, -9999, -9999, -9999, -9999, -9999, -9999, -9999, -9999, -9999, -9999],
[-9999, -9999, -9999, -9999, -9999, -9999, -9999, -9999, -9999, -9999, -9999, -9999, -9999, -9999, -9999, -9999, -9999, -9999, -9999, -9999, -9999, -9999, -9999, -9999, -9999, -9999, -9999, -9999, -9999, -9999, -9999, -9999, -9999, -9999, -9999, -9999, -9999, -9999, -9999, -9999, -9999, -9999, -9999, -9999, -9999, -9999, -9999, -9999, -9999, -9999, -9999, -9999, -9999, -9999, -9999, -9999, -9999, -9999, -9999, -9999, -9999, -9999, -9999, -9999, -9999, -9999, -9999, -9999, -9999, -9999, -9999, -9999, -9999, -9999, -9999, -9999, -9999, -9999, -9999, -9999, -9999, -9999, -9999, -9999, -9999, -9999, -9999, -9999, -9999, -9999, -9999, -9999, -9999, -9999, -9999, -9999, -9999, -9999, -9999, -9999, -9999, -9999, -9999, -9999, -9999],
[-9999, -9999, -9999, -9999, -9999, -9999, -9999, -9999, -9999, -9999, -9999, -9999, -9999, -9999, -9999, -9999, -9999, -9999, -9999, -9999, -9999, -9999, -9999, -9999, -9999, -9999, -9999, -9999, -9999, -9999, -9999, -9999, -9999, -9999, -9999, -9999, -9999, -9999, -9999, -9999, -9999, -9999, -9999, -9999, -9999, -9999, -9999, -9999, -9999, -9999, -9999, -9999, -9999, -9999, -9999, -9999, -9999, -9999, -9999, -9999, -9999, -9999, -9999, -9999, -9999, -9999, -9999, -9999, -9999, -9999, -9999, -9999, -9999, -9999, -9999, -9999, -9999, -9999, -9999, -9999, -9999, -9999, -9999, -9999, -9999, -9999, -9999, -9999, -9999, -9999, -9999, -9999, -9999, -9999, -9999, -9999, -9999, -9999, -9999, -9999, -9999, -9999, -9999, -9999, -9999],
[-9999, -9999, -9999, -9999, -9999, -9999, -9999, -9999, -9999, -9999, -9999, -9999, -9999, -9999, -9999, -9999, -9999, -9999, -9999, -9999, -9999, -9999, -9999, -9999, -9999, -9999, -9999, -9999, -9999, -9999, -9999, -9999, -9999, -9999, -9999, -9999, -9999, -9999, -9999, -9999, -9999, -9999, -9999, -9999, -9999, -9999, -9999, -9999, -9999, -9999, -9999, -9999, -9999, -9999, -9999, -9999, -9999, -9999, -9999, -9999, -9999, -9999, -9999, -9999, -9999, -9999, -9999, -9999, -9999, -9999, -9999, -9999, -9999, -9999, -9999, -9999, -9999, -9999, -9999, -9999, -9999, -9999, -9999, -9999, -9999, -9999, -9999, -9999, -9999, -9999, -9999, -9999, -9999, -9999, -9999, -9999, -9999, -9999, -9999, -9999, -9999, -9999, -9999, -9999, -9999]
];
