NbNodes = 105;
NbNDDs = 5;
NbPairs = 95;
NbTerminals = 5;
K = 0;
L = 97;
Wt = [
[-9999, -9999, -9999, -9999, -9999, -9999, 83, 81, 30, 91, -9999, 52, -9999, -9999, 27, -9999, -9999, 90, -9999, -9999, -9999, -9999, -9999, 34, 53, -9999, 89, -9999, 23, 89, 49, -9999, 81, -9999, 5, -9999, 36, 89, -9999, 86, 55, 100, -9999, 14, -9999, -9999, 86, 45, 76, -9999, 52, -9999, -9999, 65, -9999, -9999, 23, -9999, 11, 67, 11, 75, -9999, -9999, 81, 13, 20, 37, -9999, -9999, 34, 25, -9999, 95, 78, -9999, -9999, 96, 10, -9999, 17, 45, 14, 5, 2, 30, -9999, -9999, -9999, -9999, -9999, -9999, 8, 94, 37, -9999, 34, 66, 50, 5, 1, 1, 1, 1, 1],
[-9999, -9999, -9999, -9999, -9999, -9999, -9999, -9999, -9999, -9999, 53, -9999, -9999, -9999, -9999, -9999, -9999, -9999, -9999, 24, -9999, 98, -9999, -9999, -9999, -9999, -9999, 89, -9999, 32, -9999, -9999, -9999, -9999, 96, -9999, -9999, 84, -9999, -9999, -9999, 39, -9999, -9999, -9999, -9999, -9999, -9999, -9999, -9999, 42, -9999, -9999, -9999, -9999, -9999, -9999, -9999, -9999, -9999, -9999, -9999, -9999, -9999, 64, -9999, -9999, -9999, 28, -9999, -9999, -9999, -9999, -9999, -9999, -9999, -9999, 100, -9999, -9999, -9999, -9999, 90, -9999, -9999, -9999, -9999, -9999, -9999, -9999, -9999, -9999, -9999, -9999, 54, -9999, 19, -9999, -9999, 71, 1, 1, 1, 1, 1],
[-9999, -9999, -9999, -9999, -9999, -9999, 36, -9999, -9999, -9999, 89, 37, 96, -9999, 45, -9999, -9999, 25, -9999, 9, -9999, 21, 71, 100, -9999, -9999, -9999, -9999, -9999, 23, 89, -9999, 76, -9999, 37, 31, 46, 23, -9999, -9999, -9999, 92, -9999, -9999, 49, 89, 4, 3, 53, -9999, -9999, -9999, 54, -9999, -9999, -9999, -9999, -9999, -9999, -9999, -9999, -9999, -9999, -9999, 81, 63, -9999, -9999, -9999, 51, 74, 94, 90, -9999, 73, -9999, -9999, 53, -9999, -9999, -9999, 54, -9999, 73, 14, -9999, -9999, -9999, -9999, -9999, 3, -9999, 32, -9999, 3, 59, 6, 9, 14, -9999, 1, 1, 1, 1, 1],
[-9999, -9999, -9999, -9999, -9999, -9999, -9999, -9999, 10, -9999, 15, -9999, -9999, -9999, 56, -9999, -9999, -9999, -9999, -9999, -9999, -9999, 86, -9999, 96, -9999, -9999, -9999, -9999, 62, 62, -9999, -9999, -9999, 66, -9999, -9999, 9, -9999, 15, 22, 97, -9999, -9999, -9999, -9999, -9999, -9999, -9999, -9999, -9999, -9999, -9999, -9999, -9999, -9999, -9999, -9999, -9999, -9999, -9999, -9999, -9999, -9999, 6, -9999, -9999, -9999, 48, -9999, -9999, -9999, -9999, -9999, -9999, -9999, -9999, -9999, -9999, -9999, -9999, -9999, 23, -9999, -9999, -9999, -9999, -9999, -9999, -9999, -9999, -9999, -9999, -9999, 7, -9999, 26, -9999, -9999, -9999, 1, 1, 1, 1, 1],
[-9999, -9999, -9999, -9999, -9999, -9999, -9999, -9999, 53, 42, 39, -9999, -9999, -9999, 21, -9999, -9999, -9999, -9999, -9999, 24, -9999, 7, -9999, -9999, -9999, -9999, -9999, -9999, -9999, 99, -9999, -9999, -9999, 25, -9999, -9999, -9999, -9999, -9999, -9999, 8, -9999, 82, 72, 98, -9999, -9999, -9999, 72, -9999, -9999, 5, -9999, -9999, -9999, -9999, -9999, -9999, -9999, -9999, -9999, -9999, -9999, 28, -9999, -9999, -9999, 46, -9999, -9999, -9999, -9999, -9999, -9999, -9999, -9999, -9999, -9999, -9999, -9999, -9999, -9999, -9999, -9999, 50, -9999, -9999, -9999, 68, -9999, -9999, -9999, -9999, 21, -9999, 19, -9999, -9999, -9999, 1, 1, 1, 1, 1],
[-9999, -9999, -9999, -9999, -9999, -9999, -9999, -9999, -9999, 81, -9999, -9999, 56, -9999, 87, -9999, -9999, 47, -9999, -9999, -9999, -9999, 99, 92, -9999, -9999, -9999, 7, 70, 61, -9999, -9999, 26, -9999, 74, 87, -9999, 29, -9999, 84, -9999, -9999, -9999, -9999, 89, -9999, 42, -9999, 20, -9999, 81, -9999, 38, 42, -9999, -9999, -9999, -9999, 6, -9999, 78, 87, -9999, -9999, 33, 59, -9999, -9999, -9999, 46, 21, 69, -9999, -9999, 91, -9999, -9999, 74, 18, -9999, 41, 34, 24, -9999, 93, -9999, -9999, -9999, 9, 50, 37, -9999, 78, 1, 18, 13, -9999, -9999, 18, -9999, 1, 1, 1, 1, 1],
[-9999, -9999, -9999, -9999, -9999, -9999, -9999, -9999, 51, 66, -9999, -9999, -9999, -9999, -9999, -9999, -9999, -9999, -9999, -9999, -9999, -9999, -9999, -9999, 59, -9999, -9999, 27, -9999, 36, -9999, -9999, -9999, -9999, -9999, -9999, -9999, 61, -9999, 50, -9999, -9999, -9999, 47, -9999, -9999, -9999, -9999, -9999, -9999, 54, -9999, -9999, -9999, -9999, -9999, -9999, -9999, -9999, -9999, -9999, -9999, -9999, -9999, 11, -9999, -9999, -9999, 80, -9999, -9999, -9999, -9999, -9999, -9999, -9999, -9999, -9999, -9999, -9999, -9999, -9999, 15, -9999, -9999, -9999, -9999, -9999, -9999, -9999, -9999, -9999, -9999, -9999, 6, -9999, 96, -9999, -9999, -9999, 1, 1, 1, 1, 1],
[-9999, -9999, -9999, -9999, -9999, -9999, -9999, -9999, 77, -9999, 29, -9999, -9999, -9999, 63, -9999, -9999, -9999, -9999, 20, -9999, 65, 95, -9999, 54, -9999, -9999, 44, -9999, 24, -9999, -9999, -9999, -9999, -9999, -9999, -9999, -9999, -9999, 68, -9999, 34, -9999, -9999, -9999, -9999, -9999, -9999, -9999, -9999, 69, -9999, -9999, -9999, -9999, -9999, -9999, -9999, -9999, -9999, -9999, -9999, -9999, -9999, 11, -9999, -9999, -9999, 10, -9999, -9999, -9999, 85, -9999, -9999, -9999, -9999, 86, -9999, -9999, -9999, -9999, 81, -9999, -9999, -9999, -9999, -9999, -9999, -9999, -9999, -9999, -9999, -9999, 90, -9999, 21, -9999, -9999, -9999, 1, 1, 1, 1, 1],
[-9999, -9999, -9999, -9999, -9999, -9999, -9999, -9999, -9999, 91, 49, -9999, -9999, -9999, -9999, -9999, -9999, -9999, -9999, -9999, -9999, 23, 73, -9999, -9999, -9999, -9999, 52, -9999, 74, -9999, -9999, -9999, -9999, 43, -9999, -9999, 12, -9999, -9999, -9999, 80, -9999, -9999, 100, 77, -9999, -9999, -9999, -9999, 7, -9999, -9999, -9999, -9999, -9999, -9999, -9999, -9999, -9999, -9999, -9999, -9999, -9999, 73, -9999, -9999, -9999, 30, -9999, -9999, -9999, -9999, -9999, -9999, -9999, -9999, 43, -9999, -9999, -9999, -9999, 68, -9999, -9999, -9999, -9999, -9999, -9999, -9999, -9999, -9999, -9999, -9999, 19, -9999, 5, -9999, -9999, -9999, 1, 1, 1, 1, 1],
[-9999, -9999, -9999, -9999, -9999, -9999, 56, -9999, -9999, -9999, -9999, 26, 58, -9999, 80, -9999, -9999, 16, -9999, -9999, -9999, -9999, 77, 63, -9999, -9999, -9999, 34, -9999, -9999, 5, -9999, 81, -9999, -9999, -9999, -9999, -9999, -9999, -9999, 27, -9999, -9999, 72, 79, -9999, 61, 24, 19, -9999, 87, -9999, 18, 28, -9999, -9999, -9999, -9999, 54, 19, 87, 88, -9999, -9999, 20, 31, 28, -9999, 16, 50, -9999, 3, 54, -9999, 10, -9999, -9999, 62, 68, -9999, -9999, 81, 83, -9999, 23, -9999, -9999, -9999, 22, -9999, 30, -9999, 47, -9999, 56, 72, -9999, 67, 44, -9999, 1, 1, 1, 1, 1],
[-9999, -9999, -9999, -9999, -9999, 90, -9999, -9999, -9999, -9999, -9999, -9999, -9999, -9999, -9999, -9999, 13, -9999, -9999, 73, -9999, 71, 83, -9999, 71, -9999, -9999, 93, -9999, -9999, -9999, -9999, -9999, -9999, 47, -9999, -9999, 9, -9999, 5, -9999, 2, -9999, -9999, -9999, -9999, -9999, -9999, -9999, -9999, -9999, -9999, -9999, -9999, -9999, -9999, -9999, -9999, -9999, -9999, -9999, -9999, -9999, -9999, 70, -9999, -9999, -9999, 24, -9999, -9999, -9999, -9999, -9999, -9999, -9999, -9999, 93, -9999, -9999, -9999, -9999, -9999, -9999, -9999, 54, -9999, 64, -9999, -9999, -9999, -9999, -9999, -9999, 59, -9999, 68, -9999, -9999, -9999, 1, 1, 1, 1, 1],
[-9999, -9999, -9999, -9999, -9999, -9999, -9999, -9999, -9999, 1, 76, -9999, 15, -9999, 12, -9999, -9999, 88, -9999, 39, -9999, -9999, -9999, 85, 7, -9999, -9999, 12, 90, 2, -9999, -9999, 3, -9999, -9999, -9999, -9999, -9999, -9999, 51, -9999, -9999, -9999, 63, -9999, -9999, 49, 72, 12, -9999, -9999, -9999, 46, 7, 53, -9999, -9999, -9999, -9999, 19, 7, 6, -9999, -9999, 21, 72, -9999, -9999, 57, -9999, 52, 44, 40, -9999, 57, -9999, -9999, -9999, 39, -9999, 77, 32, 23, 43, 12, -9999, -9999, -9999, 42, -9999, 81, -9999, 39, -9999, 9, -9999, 94, 39, 2, 39, 1, 1, 1, 1, 1],
[-9999, -9999, -9999, -9999, -9999, -9999, 30, -9999, 59, 87, 52, 5, -9999, -9999, 2, -9999, -9999, 20, -9999, 37, -9999, 58, -9999, 86, 27, -9999, -9999, -9999, -9999, -9999, -9999, -9999, -9999, -9999, 98, 26, 25, 33, -9999, 90, -9999, 59, -9999, 13, 20, -9999, 96, 70, -9999, -9999, -9999, -9999, 30, -9999, -9999, -9999, -9999, -9999, -9999, 64, -9999, 36, -9999, -9999, 62, 98, 59, -9999, 41, 35, 58, 31, 41, -9999, 68, -9999, -9999, -9999, 31, -9999, 57, 20, 53, 26, 85, -9999, -9999, -9999, -9999, -9999, 6, -9999, 41, 21, 14, 47, 52, -9999, 42, -9999, 1, 1, 1, 1, 1],
[-9999, -9999, -9999, -9999, -9999, -9999, 55, -9999, 52, 97, 42, -9999, 25, -9999, 89, -9999, -9999, 6, -9999, 75, -9999, 90, 23, 83, 93, -9999, 99, -9999, -9999, 26, 16, -9999, -9999, -9999, -9999, -9999, -9999, 83, -9999, 57, -9999, 76, -9999, -9999, -9999, -9999, 23, -9999, -9999, -9999, -9999, -9999, 93, 40, -9999, -9999, -9999, -9999, 20, 75, -9999, 15, -9999, -9999, 72, 95, -9999, -9999, -9999, 44, -9999, 97, -9999, -9999, 11, -9999, 62, 44, 62, -9999, 64, -9999, -9999, 98, -9999, -9999, -9999, -9999, -9999, -9999, 17, -9999, 47, -9999, 19, 9, 83, -9999, 93, -9999, 1, 1, 1, 1, 1],
[-9999, -9999, -9999, -9999, -9999, 51, 80, -9999, -9999, 92, 26, -9999, 39, -9999, -9999, -9999, 72, 5, -9999, 43, -9999, 49, -9999, 65, -9999, -9999, 69, 98, 94, 10, 7, -9999, -9999, -9999, 7, 22, -9999, 41, -9999, 13, -9999, 74, -9999, 99, 68, -9999, 80, 26, 43, -9999, 6, -9999, -9999, 98, -9999, -9999, -9999, -9999, 34, 8, -9999, -9999, -9999, -9999, 60, 25, 95, 6, -9999, -9999, 20, 99, 78, -9999, 22, 56, -9999, 52, 93, -9999, -9999, 34, -9999, 27, 95, 43, -9999, -9999, 79, -9999, -9999, -9999, 89, 68, 2, -9999, 61, 99, 70, -9999, 1, 1, 1, 1, 1],
[-9999, -9999, -9999, -9999, -9999, -9999, -9999, -9999, -9999, -9999, -9999, -9999, -9999, -9999, -9999, -9999, -9999, -9999, -9999, -9999, -9999, -9999, -9999, -9999, -9999, -9999, -9999, 89, 81, -9999, -9999, -9999, -9999, -9999, -9999, -9999, -9999, -9999, -9999, 11, -9999, -9999, -9999, -9999, -9999, -9999, -9999, 25, -9999, -9999, -9999, -9999, -9999, 76, -9999, -9999, -9999, -9999, -9999, -9999, -9999, -9999, -9999, -9999, -9999, -9999, -9999, -9999, -9999, -9999, -9999, -9999, -9999, -9999, -9999, -9999, -9999, -9999, 64, -9999, -9999, -9999, -9999, -9999, -9999, -9999, -9999, -9999, -9999, -9999, -9999, -9999, 27, -9999, -9999, -9999, -9999, 71, -9999, -9999, 1, 1, 1, 1, 1],
[-9999, -9999, -9999, -9999, -9999, 27, -9999, -9999, 52, -9999, -9999, -9999, -9999, -9999, -9999, -9999, -9999, -9999, -9999, 85, -9999, -9999, 26, -9999, 8, -9999, -9999, 6, -9999, 64, 27, -9999, -9999, -9999, 3, -9999, -9999, -9999, -9999, 50, -9999, 62, -9999, -9999, 2, -9999, -9999, -9999, -9999, -9999, -9999, -9999, 36, -9999, -9999, -9999, -9999, -9999, -9999, -9999, -9999, -9999, -9999, -9999, 38, -9999, -9999, -9999, 22, -9999, -9999, -9999, -9999, -9999, -9999, -9999, -9999, -9999, -9999, -9999, -9999, -9999, 96, -9999, -9999, -9999, -9999, 91, -9999, -9999, -9999, -9999, -9999, -9999, 1, -9999, 10, -9999, -9999, -9999, 1, 1, 1, 1, 1],
[-9999, -9999, -9999, -9999, -9999, -9999, -9999, -9999, -9999, -9999, -9999, -9999, -9999, -9999, -9999, -9999, -9999, -9999, -9999, -9999, -9999, -9999, -9999, -9999, -9999, -9999, -9999, 36, -9999, -9999, -9999, -9999, -9999, -9999, -9999, -9999, -9999, -9999, -9999, -9999, -9999, 11, -9999, -9999, -9999, -9999, -9999, -9999, -9999, -9999, -9999, -9999, -9999, -9999, -9999, -9999, -9999, -9999, -9999, -9999, -9999, -9999, -9999, -9999, -9999, -9999, -9999, -9999, -9999, -9999, -9999, -9999, -9999, -9999, -9999, -9999, -9999, -9999, -9999, -9999, -9999, -9999, -9999, -9999, -9999, -9999, -9999, -9999, -9999, -9999, -9999, -9999, -9999, -9999, -9999, -9999, -9999, -9999, -9999, -9999, 1, 1, 1, 1, 1],
[-9999, -9999, -9999, -9999, -9999, -9999, -9999, -9999, 64, -9999, -9999, -9999, -9999, -9999, 59, -9999, -9999, -9999, -9999, 32, -9999, -9999, 60, -9999, 61, -9999, -9999, 83, -9999, 33, 78, -9999, -9999, -9999, 73, -9999, -9999, 78, -9999, -9999, -9999, 99, -9999, -9999, 75, -9999, -9999, -9999, -9999, -9999, -9999, -9999, 2, -9999, -9999, -9999, -9999, -9999, -9999, -9999, -9999, -9999, -9999, -9999, 64, -9999, -9999, -9999, 30, -9999, -9999, -9999, -9999, -9999, -9999, -9999, -9999, 53, -9999, -9999, -9999, -9999, -9999, -9999, -9999, -9999, -9999, -9999, -9999, -9999, -9999, -9999, -9999, -9999, 77, -9999, 23, -9999, -9999, 36, 1, 1, 1, 1, 1],
[-9999, -9999, -9999, -9999, -9999, -9999, -9999, -9999, 9, 88, 48, -9999, 75, -9999, 71, -9999, -9999, -9999, -9999, -9999, -9999, -9999, 49, 82, 53, -9999, -9999, 38, -9999, 9, -9999, -9999, 15, -9999, 6, 96, 24, 7, -9999, -9999, 67, -9999, -9999, -9999, 65, -9999, 85, -9999, 46, -9999, 19, -9999, -9999, -9999, -9999, -9999, -9999, -9999, 43, 45, -9999, 75, -9999, -9999, 84, 46, 10, -9999, 62, 91, -9999, 67, 69, -9999, 78, -9999, -9999, 21, -9999, -9999, 28, -9999, -9999, 84, -9999, -9999, -9999, -9999, 5, -9999, 25, -9999, 17, 63, 45, 27, 5, -9999, 76, -9999, 1, 1, 1, 1, 1],
[-9999, -9999, -9999, -9999, -9999, -9999, -9999, -9999, -9999, -9999, 21, -9999, -9999, -9999, 46, -9999, -9999, -9999, -9999, 93, -9999, 52, 47, -9999, -9999, -9999, -9999, 24, -9999, -9999, 86, -9999, -9999, -9999, -9999, -9999, -9999, 89, -9999, 48, 73, 46, -9999, -9999, -9999, -9999, -9999, -9999, -9999, -9999, -9999, -9999, -9999, -9999, -9999, -9999, -9999, -9999, -9999, -9999, -9999, -9999, -9999, -9999, 68, -9999, -9999, -9999, 65, -9999, -9999, -9999, 12, -9999, -9999, -9999, -9999, 30, -9999, -9999, -9999, -9999, -9999, -9999, -9999, -9999, -9999, -9999, -9999, -9999, -9999, -9999, -9999, -9999, 45, -9999, 17, -9999, -9999, -9999, 1, 1, 1, 1, 1],
[-9999, -9999, -9999, -9999, -9999, 33, 60, 29, 9, -9999, 76, 2, -9999, -9999, 50, -9999, -9999, 24, -9999, 41, -9999, -9999, -9999, 52, -9999, -9999, -9999, 40, 19, 38, 93, -9999, 18, -9999, -9999, -9999, -9999, 49, -9999, -9999, -9999, -9999, -9999, 69, 48, -9999, 98, 28, 66, 9, -9999, -9999, -9999, 68, -9999, -9999, -9999, -9999, -9999, 70, -9999, 42, -9999, -9999, 72, 77, -9999, 68, -9999, 94, -9999, 29, 90, 86, 90, -9999, -9999, 47, 23, -9999, -9999, -9999, 64, -9999, 24, 94, -9999, 52, -9999, -9999, 33, 72, 41, 50, 26, 40, 80, 38, 73, -9999, 1, 1, 1, 1, 1],
[-9999, -9999, -9999, -9999, -9999, 37, -9999, -9999, 44, 16, 46, -9999, -9999, -9999, 31, -9999, -9999, -9999, -9999, -9999, -9999, -9999, -9999, -9999, 56, -9999, -9999, 83, -9999, 84, 51, -9999, -9999, -9999, 12, -9999, -9999, -9999, -9999, 6, -9999, -9999, -9999, 20, 53, 95, -9999, -9999, -9999, 65, 60, -9999, 35, -9999, -9999, -9999, -9999, -9999, -9999, -9999, -9999, -9999, -9999, -9999, 93, -9999, -9999, -9999, -9999, -9999, -9999, -9999, 20, -9999, -9999, -9999, -9999, 52, -9999, -9999, -9999, -9999, -9999, -9999, -9999, 22, -9999, 10, -9999, -9999, -9999, -9999, -9999, -9999, 7, -9999, 51, -9999, -9999, -9999, 1, 1, 1, 1, 1],
[-9999, -9999, -9999, -9999, -9999, -9999, 23, -9999, 97, -9999, 8, -9999, 100, -9999, 45, -9999, -9999, -9999, -9999, -9999, -9999, -9999, 16, -9999, 86, -9999, -9999, 12, -9999, -9999, -9999, -9999, 64, -9999, -9999, -9999, 82, -9999, -9999, -9999, -9999, 75, -9999, -9999, 33, -9999, 88, 45, -9999, -9999, -9999, -9999, -9999, -9999, -9999, -9999, -9999, -9999, 8, 58, 9, 42, -9999, -9999, 53, 54, 57, -9999, 92, -9999, -9999, 7, 90, -9999, 71, -9999, -9999, -9999, 1, 17, -9999, 98, -9999, 7, 59, -9999, -9999, -9999, -9999, -9999, 37, -9999, 49, -9999, 68, 89, 6, -9999, 75, -9999, 1, 1, 1, 1, 1],
[-9999, -9999, -9999, -9999, -9999, 84, 31, 74, 3, 72, 55, 15, 34, -9999, 97, 18, 53, 64, -9999, 5, -9999, 59, 3, 20, -9999, -9999, -9999, 48, 67, 36, -9999, -9999, -9999, -9999, -9999, 73, 29, -9999, -9999, 98, -9999, -9999, -9999, 12, 2, -9999, 41, 29, 70, 63, 84, -9999, -9999, 8, -9999, -9999, -9999, -9999, -9999, 2, 61, -9999, -9999, -9999, 57, 50, 42, 83, -9999, 32, 90, 52, 76, -9999, 90, -9999, -9999, -9999, 83, -9999, -9999, 36, -9999, -9999, 42, 20, -9999, 57, -9999, -9999, -9999, 71, 72, 26, 95, 3, -9999, 20, 35, -9999, 1, 1, 1, 1, 1],
[-9999, -9999, -9999, -9999, -9999, -9999, 64, -9999, 95, 11, 78, 47, 63, 85, 54, -9999, -9999, 19, -9999, -9999, -9999, 43, -9999, 52, 45, -9999, -9999, -9999, 39, -9999, -9999, -9999, -9999, -9999, -9999, -9999, -9999, 41, -9999, -9999, 51, 100, -9999, 57, -9999, -9999, 53, 44, -9999, -9999, 90, -9999, 55, 59, -9999, -9999, -9999, -9999, -9999, -9999, 56, 9, -9999, -9999, 38, 53, 24, -9999, -9999, 39, -9999, 62, -9999, -9999, 41, 61, -9999, -9999, -9999, -9999, 41, -9999, 87, 76, 27, -9999, -9999, -9999, 97, -9999, 20, -9999, 61, -9999, 6, 86, -9999, 50, 36, -9999, 1, 1, 1, 1, 1],
[-9999, -9999, -9999, -9999, -9999, -9999, 76, -9999, 34, 100, -9999, -9999, 37, -9999, 93, -9999, -9999, 75, -9999, -9999, -9999, 32, 11, 86, -9999, -9999, -9999, 11, 68, 6, -9999, -9999, 50, -9999, 10, 56, 38, 11, -9999, -9999, -9999, -9999, -9999, 47, 24, -9999, 85, 74, 30, -9999, 61, -9999, 88, 4, -9999, -9999, -9999, -9999, -9999, 8, 57, 8, -9999, -9999, 31, 75, 30, -9999, 35, 51, -9999, 57, 7, -9999, -9999, -9999, -9999, 79, -9999, -9999, 59, 29, 22, 44, -9999, -9999, -9999, -9999, 80, -9999, 39, -9999, 15, -9999, 47, -9999, 89, 85, 33, -9999, 1, 1, 1, 1, 1],
[-9999, -9999, -9999, -9999, -9999, -9999, -9999, -9999, 13, 9, 71, -9999, -9999, -9999, 80, -9999, -9999, -9999, -9999, 1, 60, 9, 48, -9999, 81, -9999, -9999, -9999, -9999, 34, 16, -9999, -9999, -9999, -9999, -9999, -9999, -9999, -9999, 93, -9999, -9999, -9999, -9999, 47, -9999, -9999, -9999, -9999, -9999, 99, -9999, 23, -9999, -9999, -9999, -9999, -9999, -9999, -9999, -9999, -9999, -9999, -9999, 42, -9999, -9999, -9999, -9999, -9999, -9999, -9999, 36, -9999, -9999, -9999, -9999, 86, -9999, -9999, -9999, -9999, -9999, -9999, -9999, -9999, -9999, -9999, -9999, -9999, -9999, -9999, -9999, -9999, 21, -9999, 94, -9999, -9999, -9999, 1, 1, 1, 1, 1],
[-9999, -9999, -9999, -9999, -9999, 36, -9999, -9999, 93, 22, 13, -9999, -9999, -9999, -9999, -9999, -9999, -9999, -9999, -9999, -9999, -9999, -9999, -9999, -9999, -9999, -9999, -9999, -9999, -9999, -9999, -9999, -9999, -9999, -9999, -9999, -9999, 44, -9999, 100, -9999, 96, -9999, -9999, 23, 45, -9999, -9999, -9999, 72, -9999, -9999, 29, -9999, -9999, -9999, -9999, -9999, -9999, -9999, -9999, -9999, -9999, -9999, 19, -9999, -9999, -9999, -9999, -9999, -9999, -9999, -9999, -9999, -9999, -9999, -9999, 29, -9999, -9999, -9999, -9999, 3, -9999, -9999, 62, -9999, 17, -9999, -9999, -9999, -9999, -9999, -9999, -9999, -9999, -9999, -9999, -9999, -9999, 1, 1, 1, 1, 1],
[-9999, -9999, -9999, -9999, -9999, -9999, -9999, -9999, -9999, -9999, -9999, -9999, -9999, -9999, -9999, -9999, -9999, -9999, -9999, -9999, -9999, -9999, -9999, -9999, -9999, -9999, -9999, 94, -9999, -9999, -9999, -9999, -9999, -9999, -9999, 84, -9999, -9999, -9999, -9999, -9999, -9999, -9999, -9999, -9999, -9999, -9999, -9999, -9999, -9999, -9999, -9999, -9999, -9999, -9999, -9999, -9999, -9999, -9999, -9999, -9999, -9999, -9999, -9999, -9999, -9999, -9999, 82, -9999, -9999, -9999, -9999, -9999, -9999, -9999, -9999, -9999, -9999, 87, -9999, -9999, -9999, -9999, -9999, -9999, -9999, -9999, -9999, -9999, -9999, -9999, -9999, 6, -9999, -9999, -9999, -9999, 100, -9999, -9999, 1, 1, 1, 1, 1],
[-9999, -9999, -9999, -9999, -9999, -9999, -9999, -9999, 74, 15, -9999, -9999, -9999, -9999, 57, -9999, -9999, -9999, -9999, -9999, -9999, -9999, 43, -9999, -9999, -9999, -9999, 83, -9999, 72, -9999, -9999, -9999, -9999, 81, -9999, -9999, -9999, -9999, -9999, -9999, 60, -9999, -9999, 68, -9999, -9999, -9999, -9999, -9999, 9, -9999, 57, -9999, -9999, -9999, -9999, -9999, -9999, -9999, -9999, -9999, -9999, 25, 69, -9999, -9999, -9999, -9999, -9999, -9999, -9999, -9999, -9999, -9999, -9999, -9999, 55, -9999, -9999, -9999, -9999, -9999, -9999, -9999, -9999, -9999, -9999, -9999, -9999, -9999, -9999, -9999, -9999, 19, -9999, -9999, -9999, -9999, -9999, 1, 1, 1, 1, 1],
[-9999, -9999, -9999, -9999, -9999, -9999, -9999, -9999, -9999, -9999, -9999, -9999, -9999, -9999, -9999, -9999, -9999, -9999, -9999, -9999, -9999, -9999, -9999, -9999, -9999, -9999, -9999, 37, -9999, -9999, -9999, -9999, -9999, -9999, -9999, -9999, -9999, -9999, -9999, 7, -9999, 21, -9999, -9999, -9999, -9999, -9999, -9999, -9999, -9999, -9999, -9999, -9999, -9999, -9999, -9999, -9999, -9999, -9999, -9999, -9999, -9999, -9999, -9999, -9999, -9999, -9999, -9999, -9999, -9999, -9999, -9999, -9999, -9999, -9999, -9999, -9999, -9999, -9999, -9999, -9999, -9999, -9999, -9999, -9999, -9999, -9999, -9999, -9999, -9999, -9999, -9999, -9999, -9999, -9999, -9999, -9999, -9999, -9999, -9999, 1, 1, 1, 1, 1],
[-9999, -9999, -9999, -9999, -9999, -9999, -9999, -9999, -9999, -9999, 79, -9999, -9999, -9999, -9999, -9999, -9999, -9999, -9999, 84, -9999, -9999, 62, -9999, -9999, -9999, -9999, -9999, -9999, -9999, -9999, -9999, -9999, -9999, 95, -9999, -9999, 50, -9999, 15, -9999, -9999, -9999, -9999, 20, -9999, -9999, -9999, -9999, -9999, 81, -9999, -9999, -9999, -9999, -9999, -9999, -9999, -9999, -9999, -9999, -9999, -9999, -9999, 87, -9999, -9999, -9999, 7, -9999, -9999, -9999, -9999, -9999, -9999, 36, -9999, -9999, -9999, -9999, -9999, -9999, 22, -9999, -9999, -9999, -9999, -9999, -9999, 51, -9999, -9999, -9999, -9999, -9999, -9999, 6, -9999, -9999, -9999, 1, 1, 1, 1, 1],
[-9999, -9999, -9999, -9999, -9999, -9999, 63, -9999, -9999, 43, -9999, -9999, 53, -9999, -9999, -9999, -9999, 12, -9999, 40, 42, 92, 50, 64, -9999, -9999, 76, -9999, -9999, 12, 32, -9999, -9999, -9999, 32, 3, 74, 92, -9999, 97, -9999, -9999, -9999, -9999, 72, 34, 82, -9999, 96, -9999, -9999, -9999, 93, -9999, -9999, -9999, -9999, 53, 4, 100, -9999, 49, -9999, -9999, 31, 62, -9999, -9999, 72, -9999, -9999, 28, 64, -9999, 29, -9999, 14, -9999, -9999, -9999, 34, 65, 3, -9999, 23, -9999, -9999, -9999, 96, -9999, 51, -9999, 89, -9999, 76, 61, -9999, -9999, 3, -9999, 1, 1, 1, 1, 1],
[-9999, -9999, -9999, -9999, -9999, -9999, 60, -9999, 13, 2, -9999, -9999, 63, -9999, 2, -9999, -9999, 95, -9999, 55, -9999, -9999, -9999, 33, 32, -9999, -9999, 76, 47, 84, 51, -9999, 16, -9999, -9999, 58, 74, 9, -9999, 76, -9999, -9999, -9999, 68, 37, -9999, 32, -9999, 16, -9999, 6, -9999, -9999, -9999, -9999, -9999, -9999, -9999, -9999, -9999, -9999, 79, -9999, -9999, 45, 62, -9999, -9999, -9999, 29, 63, 37, -9999, -9999, 42, 73, -9999, -9999, 16, 2, 98, 46, 8, -9999, -9999, -9999, -9999, -9999, 36, -9999, -9999, -9999, 59, 2, 90, 81, 96, -9999, -9999, -9999, 1, 1, 1, 1, 1],
[-9999, -9999, -9999, -9999, -9999, 39, -9999, 81, 99, 66, -9999, 39, -9999, -9999, -9999, -9999, -9999, 75, -9999, -9999, -9999, -9999, 67, 52, 50, -9999, -9999, 87, 33, 64, -9999, -9999, 98, -9999, 11, -9999, 2, 23, -9999, 80, 83, 6, -9999, 7, 65, -9999, 14, -9999, -9999, 18, 9, -9999, 99, 83, -9999, -9999, 46, -9999, -9999, 80, 66, -9999, 16, -9999, 92, 69, 90, 11, 54, 81, 91, 58, -9999, 31, 72, -9999, -9999, 63, 90, -9999, -9999, 81, -9999, 19, 15, 37, 57, 43, -9999, -9999, -9999, 15, 92, 41, -9999, 97, -9999, 13, 25, -9999, 1, 1, 1, 1, 1],
[-9999, -9999, -9999, -9999, -9999, -9999, -9999, -9999, -9999, -9999, 55, -9999, -9999, -9999, 84, -9999, -9999, -9999, -9999, 75, -9999, 97, -9999, -9999, -9999, -9999, -9999, -9999, -9999, 37, 73, -9999, -9999, -9999, 91, -9999, -9999, 55, -9999, 81, -9999, -9999, -9999, 82, 34, -9999, -9999, -9999, -9999, -9999, -9999, -9999, 64, -9999, -9999, -9999, -9999, -9999, -9999, -9999, -9999, -9999, -9999, 98, 1, -9999, -9999, -9999, 98, -9999, -9999, -9999, -9999, -9999, -9999, -9999, -9999, -9999, -9999, -9999, -9999, -9999, 65, -9999, -9999, -9999, -9999, -9999, -9999, -9999, -9999, -9999, -9999, -9999, 14, -9999, -9999, -9999, -9999, -9999, 1, 1, 1, 1, 1],
[-9999, -9999, -9999, -9999, -9999, -9999, 13, -9999, -9999, -9999, -9999, 19, -9999, -9999, 63, -9999, -9999, 33, -9999, -9999, 30, -9999, 38, 75, 23, -9999, -9999, -9999, 84, -9999, 14, 13, 70, -9999, 78, -9999, -9999, -9999, -9999, 58, -9999, 81, -9999, -9999, 8, -9999, 84, 70, 92, -9999, 68, -9999, 5, 9, -9999, -9999, -9999, -9999, -9999, -9999, 55, -9999, -9999, -9999, 23, 79, 83, -9999, -9999, -9999, -9999, 72, -9999, -9999, 57, -9999, -9999, -9999, 22, -9999, -9999, 42, 5, 97, -9999, -9999, -9999, -9999, 41, -9999, -9999, -9999, 7, 18, 40, 65, 24, -9999, 57, -9999, 1, 1, 1, 1, 1],
[-9999, -9999, -9999, -9999, -9999, -9999, -9999, -9999, 97, -9999, -9999, 34, 78, -9999, 48, -9999, -9999, -9999, -9999, 71, -9999, -9999, 49, 12, -9999, -9999, -9999, -9999, 7, 20, -9999, -9999, 83, -9999, 73, -9999, -9999, 99, -9999, 47, -9999, -9999, -9999, 11, 99, -9999, 62, 23, 60, -9999, -9999, -9999, -9999, 46, -9999, -9999, -9999, -9999, -9999, -9999, -9999, -9999, -9999, -9999, 86, 75, -9999, -9999, 23, -9999, 97, 58, -9999, -9999, 27, -9999, -9999, -9999, -9999, -9999, 35, 97, -9999, -9999, -9999, -9999, -9999, -9999, -9999, -9999, 48, -9999, 20, 11, 57, 32, 40, -9999, 51, -9999, 1, 1, 1, 1, 1],
[-9999, -9999, -9999, -9999, -9999, -9999, -9999, -9999, -9999, -9999, 74, 81, -9999, 28, 45, -9999, -9999, 67, -9999, -9999, -9999, 68, 39, 91, 46, -9999, -9999, -9999, 95, 2, 19, -9999, 12, -9999, 36, -9999, 48, -9999, -9999, -9999, -9999, 20, -9999, 31, -9999, -9999, 97, 56, 73, -9999, 2, -9999, -9999, 9, -9999, -9999, -9999, -9999, -9999, 91, -9999, -9999, -9999, -9999, 28, 12, 31, -9999, -9999, -9999, -9999, 62, 74, -9999, 75, -9999, -9999, 3, 90, -9999, -9999, 68, -9999, 71, 40, -9999, -9999, -9999, 14, -9999, 24, -9999, 81, -9999, 28, 49, 44, 100, 44, -9999, 1, 1, 1, 1, 1],
[-9999, -9999, -9999, -9999, -9999, -9999, 60, -9999, 22, -9999, 78, -9999, -9999, -9999, 59, -9999, -9999, 21, -9999, -9999, -9999, -9999, 37, 97, -9999, -9999, -9999, 60, -9999, -9999, 10, -9999, -9999, -9999, -9999, -9999, 36, -9999, -9999, -9999, -9999, -9999, -9999, -9999, -9999, -9999, 43, 33, 60, -9999, 22, -9999, -9999, -9999, -9999, -9999, -9999, -9999, -9999, -9999, 70, 75, -9999, 66, 86, 97, 20, -9999, 80, -9999, 19, 91, 89, -9999, 96, -9999, -9999, -9999, 14, -9999, -9999, 12, -9999, 82, -9999, -9999, -9999, -9999, -9999, -9999, -9999, -9999, 77, 47, 33, 62, 65, 5, 60, -9999, 1, 1, 1, 1, 1],
[-9999, -9999, -9999, -9999, -9999, -9999, 77, -9999, 31, -9999, 45, 27, 7, -9999, -9999, -9999, -9999, 26, -9999, 18, -9999, 97, 15, 99, 78, -9999, -9999, 71, -9999, -9999, -9999, -9999, 94, -9999, 77, 15, -9999, 65, -9999, -9999, -9999, -9999, -9999, -9999, -9999, -9999, 8, -9999, 15, -9999, 3, -9999, 15, 42, -9999, -9999, -9999, 72, 19, -9999, 23, 87, -9999, -9999, 86, 9, 98, -9999, 24, -9999, 13, 91, -9999, -9999, 31, -9999, -9999, -9999, -9999, -9999, -9999, 36, -9999, -9999, 23, -9999, -9999, -9999, 42, -9999, 44, -9999, 14, 67, 18, 66, -9999, -9999, 67, -9999, 1, 1, 1, 1, 1],
[-9999, -9999, -9999, -9999, -9999, -9999, -9999, -9999, 89, 48, 45, -9999, -9999, -9999, 43, -9999, -9999, -9999, -9999, 12, -9999, 47, 21, -9999, -9999, -9999, -9999, 72, -9999, 29, -9999, -9999, -9999, -9999, -9999, -9999, -9999, -9999, -9999, 23, 95, 73, -9999, -9999, 2, -9999, -9999, -9999, -9999, -9999, 39, -9999, 15, -9999, -9999, -9999, -9999, -9999, -9999, -9999, -9999, -9999, -9999, -9999, 77, -9999, -9999, -9999, -9999, -9999, -9999, -9999, -9999, -9999, -9999, -9999, -9999, 75, -9999, -9999, -9999, -9999, -9999, -9999, -9999, -9999, -9999, 86, -9999, -9999, -9999, -9999, -9999, -9999, -9999, -9999, -9999, -9999, -9999, -9999, 1, 1, 1, 1, 1],
[-9999, -9999, -9999, -9999, -9999, -9999, 51, -9999, -9999, 58, 79, -9999, -9999, -9999, -9999, -9999, -9999, -9999, -9999, 83, -9999, -9999, 51, 10, 34, -9999, -9999, 34, 13, -9999, -9999, -9999, -9999, -9999, -9999, -9999, -9999, -9999, -9999, -9999, 32, -9999, -9999, -9999, -9999, -9999, 92, 3, -9999, -9999, 98, -9999, -9999, 6, -9999, -9999, -9999, -9999, 63, -9999, 21, -9999, -9999, -9999, 83, 36, 54, -9999, -9999, -9999, 7, 50, -9999, -9999, 49, -9999, -9999, 43, -9999, -9999, 3, 42, 3, 22, -9999, -9999, -9999, -9999, 71, -9999, -9999, -9999, 38, -9999, 47, 50, 97, -9999, 80, -9999, 1, 1, 1, 1, 1],
[-9999, -9999, -9999, -9999, -9999, -9999, 2, -9999, -9999, -9999, -9999, 44, -9999, -9999, -9999, -9999, -9999, 38, -9999, -9999, -9999, 57, -9999, 52, -9999, -9999, -9999, 21, 46, 55, 71, -9999, 93, 84, 90, 1, 9, -9999, -9999, 15, -9999, 70, -9999, -9999, -9999, -9999, 55, 11, -9999, -9999, 55, -9999, 59, 95, -9999, -9999, -9999, -9999, 30, 61, 60, -9999, -9999, -9999, 32, 79, -9999, -9999, 93, -9999, -9999, 46, 94, -9999, 52, -9999, -9999, -9999, 92, -9999, 84, 6, -9999, 8, 60, -9999, -9999, -9999, 15, -9999, -9999, -9999, 91, 8, 99, 76, -9999, 84, 63, -9999, 1, 1, 1, 1, 1],
[-9999, -9999, -9999, -9999, -9999, -9999, 88, -9999, 96, 33, -9999, 19, -9999, -9999, -9999, -9999, -9999, 45, -9999, 47, -9999, -9999, -9999, 56, 66, -9999, 76, -9999, 88, 63, -9999, -9999, 81, -9999, 87, 24, 87, -9999, -9999, -9999, -9999, 73, -9999, -9999, 28, -9999, 72, 86, 96, -9999, 4, -9999, 64, 78, -9999, -9999, -9999, -9999, -9999, 18, -9999, 37, -9999, -9999, 59, 6, 64, -9999, -9999, -9999, -9999, -9999, -9999, -9999, 84, -9999, -9999, 17, 3, -9999, -9999, 57, 16, 50, 50, -9999, -9999, -9999, -9999, -9999, -9999, -9999, 31, 70, 87, 47, -9999, 73, 85, -9999, 1, 1, 1, 1, 1],
[-9999, -9999, -9999, -9999, -9999, -9999, -9999, -9999, -9999, -9999, -9999, -9999, -9999, -9999, -9999, -9999, -9999, -9999, -9999, -9999, -9999, -9999, -9999, -9999, -9999, -9999, -9999, -9999, 40, -9999, -9999, -9999, -9999, -9999, -9999, 17, 11, -9999, -9999, -9999, -9999, 98, -9999, -9999, -9999, -9999, -9999, 41, -9999, -9999, -9999, -9999, -9999, -9999, -9999, -9999, -9999, -9999, -9999, -9999, -9999, -9999, -9999, -9999, -9999, -9999, -9999, 31, -9999, -9999, -9999, -9999, -9999, -9999, -9999, -9999, -9999, -9999, 84, -9999, -9999, -9999, -9999, -9999, -9999, -9999, -9999, -9999, -9999, -9999, -9999, -9999, 11, -9999, -9999, -9999, -9999, -9999, -9999, -9999, 1, 1, 1, 1, 1],
[-9999, -9999, -9999, -9999, -9999, -9999, -9999, -9999, 8, 88, 83, -9999, -9999, -9999, -9999, -9999, -9999, -9999, -9999, -9999, -9999, 4, 9, -9999, -9999, -9999, -9999, 61, -9999, 23, 75, -9999, -9999, -9999, -9999, -9999, -9999, 43, -9999, -9999, -9999, 73, -9999, -9999, 9, -9999, -9999, -9999, -9999, -9999, 92, -9999, -9999, -9999, -9999, -9999, -9999, -9999, -9999, -9999, -9999, -9999, -9999, -9999, 77, -9999, -9999, -9999, 93, -9999, -9999, -9999, -9999, -9999, -9999, -9999, -9999, 26, -9999, -9999, -9999, -9999, -9999, -9999, -9999, -9999, -9999, -9999, -9999, -9999, -9999, -9999, -9999, -9999, 57, -9999, 6, -9999, -9999, -9999, 1, 1, 1, 1, 1],
[-9999, -9999, -9999, -9999, -9999, -9999, 66, 66, 42, 14, -9999, -9999, -9999, -9999, -9999, 54, -9999, 90, -9999, 13, -9999, -9999, 69, 72, -9999, -9999, -9999, -9999, -9999, 47, 15, -9999, -9999, -9999, -9999, 94, 22, 31, 5, 86, -9999, 21, -9999, 61, 70, -9999, 57, 85, -9999, -9999, -9999, -9999, -9999, 41, -9999, -9999, -9999, -9999, 4, 16, 51, 86, -9999, -9999, 87, 16, 60, 84, 3, -9999, 100, 11, 14, 22, 9, -9999, -9999, 44, 30, -9999, -9999, 51, 50, -9999, 29, 68, -9999, -9999, -9999, -9999, 28, 74, 50, 87, 46, 1, -9999, -9999, 43, -9999, 1, 1, 1, 1, 1],
[-9999, -9999, -9999, -9999, -9999, -9999, -9999, 42, -9999, -9999, -9999, 20, -9999, -9999, 99, 29, 74, 60, -9999, -9999, -9999, 88, 64, 66, 19, -9999, -9999, -9999, -9999, 83, 10, -9999, 19, -9999, -9999, -9999, -9999, 64, -9999, -9999, -9999, 17, 38, 92, 75, -9999, 67, -9999, 80, -9999, 14, -9999, 24, 20, -9999, -9999, -9999, -9999, 21, -9999, -9999, -9999, -9999, -9999, 92, 9, -9999, 29, 19, -9999, -9999, 22, -9999, -9999, 18, -9999, -9999, 68, 21, -9999, 57, 33, 56, -9999, 43, 66, -9999, -9999, 62, -9999, -9999, -9999, 47, 25, 81, 20, -9999, -9999, 67, -9999, 1, 1, 1, 1, 1],
[-9999, -9999, -9999, -9999, -9999, 30, -9999, -9999, 22, 83, 47, -9999, -9999, 27, -9999, -9999, -9999, -9999, -9999, 66, -9999, -9999, -9999, -9999, -9999, -9999, -9999, -9999, -9999, -9999, 49, 5, -9999, -9999, 15, -9999, -9999, -9999, -9999, 25, -9999, -9999, -9999, 81, -9999, -9999, -9999, -9999, -9999, 50, -9999, -9999, 97, -9999, -9999, -9999, -9999, -9999, -9999, -9999, -9999, -9999, -9999, -9999, 91, -9999, -9999, -9999, -9999, -9999, -9999, -9999, -9999, -9999, -9999, -9999, -9999, 67, -9999, -9999, -9999, -9999, -9999, -9999, -9999, -9999, 36, -9999, -9999, -9999, -9999, -9999, -9999, -9999, 35, -9999, 56, -9999, -9999, -9999, 1, 1, 1, 1, 1],
[-9999, -9999, -9999, -9999, -9999, -9999, 71, -9999, 54, -9999, 51, 41, -9999, -9999, 68, -9999, -9999, 43, -9999, 79, -9999, -9999, 68, 8, 31, -9999, -9999, -9999, 40, 35, 68, 21, 42, -9999, -9999, -9999, -9999, -9999, -9999, -9999, -9999, 8, -9999, 2, -9999, -9999, 73, 45, 91, -9999, 62, -9999, 61, -9999, -9999, -9999, -9999, -9999, 96, -9999, -9999, 64, -9999, -9999, 96, 45, -9999, -9999, 90, -9999, 51, 35, 47, -9999, 52, -9999, 14, 58, -9999, -9999, 38, 69, -9999, -9999, -9999, -9999, -9999, -9999, 63, -9999, -9999, -9999, 85, -9999, 81, 29, -9999, 69, 20, 16, 1, 1, 1, 1, 1],
[-9999, -9999, -9999, -9999, -9999, -9999, -9999, -9999, -9999, 46, -9999, -9999, -9999, -9999, -9999, -9999, 5, -9999, -9999, -9999, -9999, 25, 42, -9999, -9999, -9999, -9999, 37, -9999, 1, -9999, -9999, -9999, -9999, -9999, -9999, -9999, 4, -9999, -9999, -9999, 30, -9999, -9999, 78, -9999, -9999, -9999, -9999, -9999, 83, -9999, -9999, -9999, -9999, -9999, -9999, -9999, -9999, -9999, -9999, -9999, -9999, -9999, 95, -9999, -9999, -9999, 12, -9999, -9999, -9999, -9999, -9999, -9999, -9999, -9999, 27, -9999, -9999, -9999, -9999, 6, -9999, -9999, -9999, -9999, 20, -9999, -9999, -9999, -9999, -9999, -9999, 48, -9999, -9999, -9999, -9999, -9999, 1, 1, 1, 1, 1],
[-9999, -9999, -9999, -9999, -9999, -9999, 49, -9999, -9999, 5, 15, 2, 74, -9999, 34, -9999, -9999, 32, 87, 91, -9999, -9999, 67, 95, 66, -9999, -9999, -9999, 99, 51, 62, -9999, 91, -9999, 16, 65, 63, 82, -9999, -9999, -9999, 68, -9999, 76, -9999, -9999, 27, 57, -9999, -9999, 56, -9999, -9999, -9999, -9999, -9999, -9999, -9999, 86, 54, 71, 33, -9999, -9999, -9999, 38, -9999, -9999, -9999, 40, -9999, 45, -9999, -9999, 21, -9999, -9999, 35, -9999, -9999, 82, 100, 13, 59, 93, -9999, -9999, -9999, -9999, -9999, 9, -9999, 48, 96, 83, -9999, 30, 98, 22, -9999, 1, 1, 1, 1, 1],
[-9999, -9999, -9999, -9999, -9999, -9999, 36, -9999, 85, 42, -9999, -9999, 34, -9999, -9999, -9999, -9999, 16, -9999, -9999, -9999, -9999, 86, 95, -9999, -9999, -9999, 77, -9999, 1, 69, -9999, 35, -9999, 45, 91, -9999, -9999, -9999, 11, -9999, -9999, -9999, 93, 13, -9999, 17, -9999, -9999, -9999, 60, -9999, 38, 41, -9999, -9999, -9999, -9999, -9999, 77, 49, -9999, -9999, -9999, 10, 22, -9999, -9999, 38, -9999, 94, 59, 50, -9999, 82, -9999, -9999, -9999, 98, -9999, 38, 3, 41, 18, 7, -9999, -9999, -9999, -9999, 45, 66, -9999, 11, 48, 46, 57, -9999, -9999, 100, -9999, 1, 1, 1, 1, 1],
[-9999, -9999, -9999, -9999, -9999, -9999, -9999, -9999, 11, 93, 58, -9999, -9999, -9999, 25, -9999, -9999, -9999, -9999, 65, -9999, 53, 99, -9999, 49, -9999, -9999, -9999, -9999, -9999, -9999, -9999, -9999, -9999, 95, -9999, -9999, 48, -9999, 18, -9999, 53, -9999, -9999, 24, -9999, -9999, -9999, -9999, -9999, -9999, -9999, 27, -9999, -9999, -9999, -9999, -9999, -9999, -9999, -9999, -9999, -9999, -9999, 73, -9999, -9999, -9999, 55, -9999, -9999, -9999, -9999, -9999, -9999, -9999, -9999, -9999, -9999, -9999, -9999, -9999, 93, -9999, -9999, -9999, -9999, -9999, -9999, -9999, -9999, -9999, -9999, -9999, 30, -9999, -9999, -9999, -9999, -9999, 1, 1, 1, 1, 1],
[-9999, -9999, -9999, -9999, -9999, -9999, -9999, -9999, 90, 17, 33, -9999, -9999, -9999, 38, -9999, -9999, -9999, -9999, 3, -9999, 14, 63, -9999, 48, -9999, -9999, -9999, -9999, 3, 55, -9999, -9999, -9999, 31, -9999, -9999, 70, -9999, 40, -9999, 82, -9999, 90, 40, -9999, -9999, -9999, -9999, -9999, 50, -9999, 6, -9999, -9999, -9999, -9999, -9999, -9999, -9999, -9999, -9999, -9999, 17, 37, -9999, -9999, -9999, 10, -9999, -9999, -9999, 44, -9999, -9999, -9999, -9999, 23, -9999, -9999, -9999, -9999, 80, -9999, -9999, -9999, -9999, -9999, -9999, -9999, -9999, -9999, -9999, -9999, 100, -9999, -9999, -9999, -9999, -9999, 1, 1, 1, 1, 1],
[-9999, -9999, -9999, -9999, -9999, -9999, 34, -9999, -9999, 8, -9999, 6, 52, -9999, -9999, -9999, -9999, -9999, -9999, -9999, -9999, 88, 94, 60, 56, -9999, 68, 96, 37, -9999, 15, -9999, 92, -9999, 74, 33, -9999, -9999, -9999, 29, 86, 62, -9999, 88, -9999, -9999, 72, 69, 4, -9999, -9999, 74, 29, -9999, -9999, 58, -9999, -9999, 43, 30, -9999, 93, -9999, 75, 92, 49, 5, -9999, -9999, 100, 52, 63, 42, -9999, 48, -9999, -9999, -9999, -9999, 17, -9999, 38, -9999, 16, 73, -9999, -9999, -9999, 29, 47, -9999, -9999, 77, 30, 4, 19, 11, -9999, 4, -9999, 1, 1, 1, 1, 1],
[-9999, -9999, -9999, -9999, -9999, -9999, -9999, -9999, 63, -9999, -9999, -9999, -9999, -9999, -9999, -9999, -9999, -9999, -9999, -9999, -9999, 42, -9999, -9999, -9999, -9999, -9999, 44, -9999, -9999, 98, -9999, -9999, -9999, -9999, -9999, -9999, 95, -9999, -9999, -9999, 3, -9999, -9999, 58, 33, -9999, -9999, -9999, -9999, -9999, -9999, -9999, -9999, -9999, -9999, -9999, -9999, -9999, -9999, -9999, -9999, -9999, -9999, 49, -9999, -9999, -9999, 43, -9999, -9999, -9999, -9999, -9999, -9999, -9999, -9999, -9999, -9999, -9999, -9999, -9999, 6, -9999, -9999, -9999, -9999, -9999, -9999, -9999, -9999, -9999, -9999, -9999, 15, -9999, 24, -9999, -9999, -9999, 1, 1, 1, 1, 1],
[-9999, -9999, -9999, -9999, -9999, 40, -9999, -9999, 37, 6, 81, -9999, -9999, -9999, -9999, -9999, 99, -9999, -9999, 33, -9999, -9999, -9999, -9999, 57, -9999, -9999, -9999, -9999, 11, -9999, -9999, -9999, -9999, 32, -9999, -9999, -9999, -9999, 31, -9999, 29, -9999, -9999, 42, -9999, -9999, -9999, -9999, 6, 23, -9999, 48, -9999, -9999, -9999, -9999, -9999, -9999, -9999, -9999, -9999, -9999, -9999, 22, -9999, -9999, -9999, 29, -9999, -9999, -9999, 5, -9999, -9999, -9999, -9999, -9999, -9999, -9999, -9999, -9999, -9999, -9999, -9999, 41, -9999, 63, -9999, -9999, -9999, -9999, -9999, -9999, 45, -9999, -9999, -9999, -9999, -9999, 1, 1, 1, 1, 1],
[-9999, -9999, -9999, -9999, -9999, -9999, -9999, -9999, -9999, -9999, 85, -9999, -9999, -9999, 66, -9999, -9999, -9999, -9999, -9999, -9999, -9999, -9999, -9999, 51, -9999, -9999, 67, -9999, -9999, -9999, -9999, -9999, -9999, -9999, -9999, -9999, 91, -9999, 74, -9999, 97, -9999, 72, 99, -9999, -9999, -9999, -9999, -9999, 33, -9999, 57, -9999, -9999, -9999, -9999, -9999, -9999, -9999, -9999, -9999, -9999, 23, 69, -9999, -9999, -9999, -9999, -9999, -9999, -9999, 37, -9999, -9999, -9999, -9999, -9999, -9999, -9999, -9999, -9999, -9999, -9999, -9999, -9999, -9999, -9999, -9999, -9999, -9999, -9999, -9999, -9999, 18, -9999, 59, -9999, -9999, -9999, 1, 1, 1, 1, 1],
[-9999, -9999, -9999, -9999, -9999, -9999, -9999, -9999, -9999, -9999, -9999, -9999, -9999, -9999, -9999, -9999, -9999, -9999, -9999, -9999, -9999, -9999, -9999, -9999, -9999, -9999, -9999, 88, -9999, -9999, -9999, -9999, -9999, -9999, -9999, 62, 12, -9999, -9999, -9999, -9999, 21, -9999, -9999, -9999, -9999, -9999, -9999, -9999, -9999, -9999, -9999, -9999, -9999, -9999, -9999, -9999, -9999, -9999, -9999, -9999, -9999, -9999, -9999, -9999, -9999, -9999, -9999, -9999, -9999, -9999, -9999, -9999, -9999, -9999, -9999, -9999, -9999, 79, -9999, -9999, -9999, -9999, 15, -9999, -9999, -9999, -9999, -9999, -9999, -9999, -9999, -9999, -9999, -9999, -9999, -9999, 50, -9999, -9999, 1, 1, 1, 1, 1],
[-9999, -9999, -9999, -9999, -9999, -9999, -9999, -9999, -9999, -9999, -9999, -9999, -9999, -9999, 51, -9999, -9999, -9999, -9999, 82, -9999, 14, -9999, -9999, -9999, -9999, -9999, -9999, -9999, 49, -9999, -9999, -9999, -9999, -9999, -9999, -9999, 42, -9999, 35, 57, 32, -9999, 96, 36, -9999, -9999, -9999, -9999, -9999, -9999, -9999, 75, -9999, -9999, -9999, -9999, -9999, -9999, -9999, -9999, -9999, -9999, -9999, 78, -9999, -9999, -9999, 47, -9999, -9999, -9999, 90, -9999, -9999, -9999, -9999, 76, -9999, -9999, -9999, -9999, 2, -9999, -9999, -9999, -9999, -9999, -9999, -9999, -9999, -9999, -9999, -9999, 16, -9999, 95, -9999, -9999, 89, 1, 1, 1, 1, 1],
[-9999, -9999, -9999, -9999, -9999, -9999, -9999, 64, 45, -9999, -9999, 74, 52, -9999, -9999, -9999, 5, 75, 44, 99, -9999, -9999, -9999, 18, -9999, -9999, -9999, 78, 91, 5, 99, -9999, -9999, -9999, 35, -9999, 68, -9999, -9999, 55, -9999, 77, -9999, -9999, 43, -9999, 18, 73, 96, 47, 77, -9999, -9999, -9999, -9999, 29, 98, -9999, -9999, -9999, 90, -9999, -9999, -9999, 49, 44, 41, 83, -9999, -9999, 41, 37, -9999, 62, 79, -9999, -9999, -9999, -9999, 23, -9999, 76, 11, 32, 7, -9999, -9999, 67, 68, -9999, -9999, 93, 19, -9999, 85, -9999, 97, 48, 53, -9999, 1, 1, 1, 1, 1],
[-9999, -9999, -9999, -9999, -9999, -9999, 60, -9999, 36, 12, 74, 87, 12, -9999, 82, -9999, -9999, 98, 18, 35, -9999, -9999, -9999, 15, 41, -9999, -9999, -9999, 10, 77, 56, -9999, -9999, 95, -9999, 41, 59, 58, -9999, -9999, -9999, -9999, -9999, -9999, -9999, -9999, 1, 34, -9999, -9999, 25, -9999, 3, -9999, -9999, -9999, -9999, -9999, 45, 81, 97, 24, -9999, -9999, -9999, 32, -9999, -9999, -9999, 54, 87, 12, -9999, -9999, 19, 80, 62, -9999, 39, -9999, 40, 33, 5, 71, 67, -9999, -9999, -9999, -9999, 7, 37, -9999, 43, 33, 19, 72, 98, -9999, 81, -9999, 1, 1, 1, 1, 1],
[-9999, -9999, -9999, -9999, -9999, -9999, 48, -9999, 6, 74, -9999, 93, -9999, -9999, 87, -9999, -9999, 62, -9999, -9999, -9999, 53, 53, 27, -9999, -9999, -9999, 59, -9999, -9999, -9999, -9999, 52, -9999, -9999, -9999, 9, 89, -9999, -9999, 1, 74, -9999, -9999, -9999, -9999, 42, -9999, -9999, -9999, 89, -9999, -9999, -9999, -9999, -9999, -9999, -9999, -9999, -9999, 33, 82, -9999, 54, 25, -9999, 86, -9999, 69, 86, 9, 33, -9999, -9999, 72, -9999, -9999, 85, -9999, -9999, -9999, 2, -9999, 18, 31, -9999, -9999, -9999, -9999, -9999, -9999, -9999, 21, -9999, 10, 98, -9999, -9999, 65, -9999, 1, 1, 1, 1, 1],
[-9999, -9999, -9999, -9999, -9999, -9999, 42, -9999, -9999, 15, 14, 48, 62, -9999, 40, -9999, -9999, 86, -9999, 58, -9999, 64, -9999, 11, 28, -9999, -9999, 95, 95, 75, 57, 30, -9999, -9999, -9999, 9, -9999, 85, -9999, -9999, -9999, 62, -9999, -9999, 95, -9999, 47, -9999, 33, -9999, 76, -9999, 87, 24, -9999, -9999, -9999, -9999, 75, -9999, 68, 8, -9999, -9999, 27, -9999, -9999, -9999, -9999, -9999, 19, -9999, -9999, -9999, 71, -9999, -9999, 82, -9999, -9999, 23, 78, -9999, 42, 39, -9999, -9999, -9999, 7, -9999, -9999, -9999, 19, 15, 81, 47, 67, 20, 97, -9999, 1, 1, 1, 1, 1],
[-9999, -9999, -9999, -9999, -9999, -9999, -9999, -9999, 59, -9999, 83, 70, 73, -9999, 66, -9999, -9999, -9999, -9999, 89, 39, -9999, -9999, 57, 84, -9999, -9999, 21, 83, -9999, -9999, -9999, 89, -9999, 42, -9999, -9999, 57, -9999, -9999, -9999, 55, -9999, 13, -9999, -9999, 56, 1, 21, -9999, -9999, -9999, 1, 4, -9999, -9999, -9999, -9999, 24, -9999, -9999, -9999, -9999, -9999, 11, 25, 46, -9999, 60, 41, -9999, 45, -9999, -9999, 90, -9999, -9999, -9999, -9999, 4, 19, -9999, -9999, -9999, -9999, -9999, -9999, -9999, -9999, -9999, 89, -9999, 90, -9999, 28, 16, -9999, 9, 21, -9999, 1, 1, 1, 1, 1],
[-9999, -9999, -9999, -9999, -9999, -9999, -9999, -9999, -9999, -9999, -9999, -9999, -9999, -9999, -9999, -9999, -9999, -9999, -9999, -9999, -9999, -9999, -9999, -9999, -9999, -9999, -9999, 74, 86, -9999, -9999, -9999, -9999, -9999, -9999, 35, 79, -9999, -9999, 4, -9999, 91, -9999, -9999, -9999, -9999, -9999, 94, -9999, -9999, -9999, -9999, -9999, -9999, -9999, -9999, -9999, -9999, -9999, -9999, -9999, -9999, -9999, -9999, -9999, -9999, -9999, -9999, -9999, -9999, -9999, -9999, -9999, -9999, -9999, -9999, -9999, -9999, 77, -9999, -9999, -9999, -9999, 47, 58, -9999, -9999, -9999, -9999, -9999, -9999, -9999, 58, -9999, -9999, -9999, -9999, 65, -9999, -9999, 1, 1, 1, 1, 1],
[-9999, -9999, -9999, -9999, -9999, -9999, -9999, -9999, 16, -9999, -9999, -9999, -9999, -9999, 93, -9999, -9999, -9999, -9999, 8, -9999, 28, -9999, -9999, 72, -9999, -9999, 46, -9999, -9999, 66, 79, -9999, -9999, 53, -9999, -9999, 67, -9999, 11, -9999, -9999, -9999, 33, 55, -9999, -9999, -9999, -9999, -9999, 48, -9999, 3, -9999, -9999, -9999, -9999, -9999, -9999, -9999, -9999, -9999, -9999, -9999, 57, -9999, -9999, -9999, 29, -9999, -9999, -9999, -9999, -9999, -9999, -9999, -9999, 93, -9999, -9999, -9999, -9999, 87, -9999, -9999, -9999, -9999, -9999, -9999, -9999, -9999, -9999, -9999, -9999, 93, -9999, -9999, -9999, -9999, -9999, 1, 1, 1, 1, 1],
[-9999, -9999, -9999, -9999, -9999, -9999, -9999, -9999, -9999, -9999, -9999, -9999, -9999, -9999, -9999, -9999, -9999, -9999, -9999, -9999, -9999, -9999, -9999, -9999, 8, -9999, -9999, 28, -9999, -9999, -9999, -9999, -9999, -9999, 89, -9999, -9999, -9999, -9999, 36, -9999, -9999, -9999, -9999, 61, -9999, -9999, -9999, -9999, -9999, 39, -9999, -9999, -9999, -9999, -9999, -9999, -9999, -9999, -9999, -9999, -9999, -9999, -9999, 20, -9999, -9999, -9999, 29, -9999, -9999, -9999, 85, -9999, -9999, -9999, -9999, -9999, -9999, -9999, -9999, -9999, -9999, -9999, -9999, -9999, -9999, -9999, -9999, 33, -9999, -9999, -9999, -9999, 12, -9999, 62, -9999, -9999, -9999, 1, 1, 1, 1, 1],
[-9999, -9999, -9999, -9999, -9999, 44, 35, -9999, 65, -9999, 21, 74, 22, -9999, 21, -9999, -9999, 19, -9999, -9999, -9999, -9999, -9999, 78, 74, 81, -9999, -9999, -9999, 79, -9999, -9999, 76, -9999, -9999, -9999, -9999, -9999, -9999, 9, -9999, -9999, 24, -9999, -9999, -9999, 48, 5, 91, -9999, -9999, -9999, -9999, 59, -9999, -9999, 65, -9999, -9999, 4, 96, 62, -9999, -9999, 25, 8, -9999, 89, 1, -9999, 17, -9999, 19, 48, 31, -9999, -9999, 74, 11, -9999, -9999, -9999, 11, -9999, 64, 75, -9999, -9999, -9999, -9999, -9999, 79, 77, 49, 89, 39, 49, -9999, 69, 82, 1, 1, 1, 1, 1],
[-9999, -9999, -9999, -9999, -9999, -9999, -9999, -9999, 36, 77, 2, 19, 84, -9999, -9999, -9999, -9999, 68, -9999, 80, -9999, -9999, 78, 31, 6, -9999, -9999, 16, 31, 74, 90, -9999, 17, -9999, 64, 85, 100, 24, -9999, 100, -9999, -9999, -9999, -9999, -9999, -9999, 44, 7, 43, -9999, 87, -9999, 29, -9999, -9999, -9999, -9999, -9999, 14, -9999, 51, -9999, -9999, -9999, 16, 79, 43, -9999, 93, -9999, -9999, 35, -9999, -9999, 75, -9999, -9999, 20, 35, -9999, 61, -9999, -9999, 21, 35, -9999, -9999, -9999, 5, -9999, 64, -9999, 14, 11, 62, 100, 87, -9999, 7, -9999, 1, 1, 1, 1, 1],
[-9999, -9999, -9999, -9999, -9999, -9999, -9999, -9999, -9999, -9999, -9999, -9999, -9999, -9999, -9999, -9999, -9999, -9999, -9999, -9999, -9999, -9999, -9999, -9999, -9999, -9999, -9999, 38, -9999, -9999, -9999, -9999, -9999, -9999, -9999, -9999, -9999, -9999, -9999, 87, -9999, -9999, -9999, -9999, -9999, -9999, -9999, 7, -9999, -9999, -9999, -9999, -9999, -9999, -9999, -9999, -9999, -9999, -9999, -9999, -9999, -9999, -9999, -9999, -9999, -9999, -9999, 90, -9999, -9999, -9999, -9999, -9999, -9999, -9999, -9999, -9999, -9999, 59, -9999, -9999, -9999, -9999, 85, 12, -9999, -9999, -9999, -9999, -9999, -9999, -9999, 99, -9999, -9999, -9999, -9999, -9999, -9999, -9999, 1, 1, 1, 1, 1],
[-9999, -9999, -9999, -9999, -9999, -9999, -9999, -9999, 9, -9999, -9999, -9999, -9999, 23, -9999, -9999, -9999, -9999, -9999, -9999, -9999, 56, 46, -9999, -9999, -9999, -9999, -9999, -9999, 44, -9999, -9999, -9999, -9999, 50, -9999, -9999, 23, -9999, 8, -9999, 1, -9999, -9999, 68, -9999, -9999, -9999, -9999, -9999, -9999, -9999, 55, -9999, -9999, -9999, -9999, -9999, -9999, -9999, -9999, -9999, -9999, 19, 33, -9999, -9999, -9999, -9999, -9999, -9999, -9999, 94, -9999, -9999, -9999, -9999, -9999, -9999, -9999, -9999, -9999, -9999, -9999, -9999, -9999, -9999, -9999, -9999, -9999, -9999, -9999, -9999, -9999, 61, -9999, -9999, -9999, -9999, -9999, 1, 1, 1, 1, 1],
[-9999, -9999, -9999, -9999, -9999, 14, -9999, 59, -9999, -9999, 72, 63, -9999, -9999, -9999, -9999, 79, 78, -9999, -9999, -9999, -9999, 62, 38, 96, -9999, 92, 46, 27, 97, -9999, -9999, 7, -9999, -9999, 27, -9999, -9999, -9999, -9999, -9999, -9999, -9999, -9999, -9999, -9999, -9999, -9999, -9999, 57, 3, -9999, 87, 48, -9999, -9999, -9999, -9999, 78, 73, 44, -9999, -9999, -9999, 34, 87, 69, 98, 16, 30, -9999, 96, -9999, 71, 87, -9999, -9999, 26, -9999, 12, -9999, -9999, -9999, 76, 71, -9999, -9999, 33, 83, -9999, 78, 9, 7, 74, 31, -9999, 92, 9, 88, -9999, 1, 1, 1, 1, 1],
[-9999, -9999, -9999, -9999, -9999, -9999, -9999, -9999, -9999, 26, 84, 84, 15, 84, -9999, -9999, -9999, -9999, -9999, -9999, 10, -9999, 48, 14, 22, -9999, -9999, 99, -9999, -9999, 48, -9999, 64, -9999, 59, 26, 95, 94, -9999, 47, -9999, -9999, -9999, -9999, 100, 34, 89, -9999, 37, -9999, 80, -9999, 15, -9999, -9999, -9999, -9999, -9999, 32, 24, 74, 36, -9999, -9999, 97, 1, -9999, -9999, 98, 14, 68, 29, 27, -9999, 5, -9999, -9999, -9999, 75, -9999, -9999, -9999, 2, 5, -9999, -9999, -9999, -9999, -9999, -9999, 39, -9999, 23, 59, 65, 1, -9999, 6, 68, -9999, 1, 1, 1, 1, 1],
[-9999, -9999, -9999, -9999, -9999, -9999, -9999, -9999, 81, 75, -9999, -9999, -9999, -9999, 87, -9999, -9999, -9999, -9999, -9999, -9999, 68, 26, -9999, 20, -9999, -9999, -9999, -9999, -9999, -9999, -9999, -9999, -9999, 77, -9999, -9999, 16, -9999, -9999, -9999, -9999, -9999, -9999, -9999, 100, -9999, -9999, -9999, -9999, 62, -9999, 23, -9999, -9999, -9999, -9999, -9999, -9999, -9999, -9999, -9999, -9999, -9999, 92, -9999, -9999, -9999, 65, -9999, -9999, -9999, -9999, -9999, -9999, -9999, -9999, -9999, -9999, -9999, -9999, -9999, -9999, -9999, -9999, -9999, -9999, -9999, -9999, -9999, -9999, -9999, -9999, -9999, 96, -9999, 26, -9999, -9999, -9999, 1, 1, 1, 1, 1],
[-9999, -9999, -9999, -9999, -9999, -9999, -9999, -9999, 41, 15, -9999, -9999, -9999, -9999, -9999, -9999, -9999, -9999, -9999, 23, -9999, 100, -9999, -9999, 14, -9999, -9999, 16, -9999, 94, 67, -9999, -9999, -9999, -9999, -9999, -9999, -9999, -9999, -9999, -9999, 91, -9999, 16, -9999, -9999, -9999, -9999, -9999, -9999, 55, -9999, 72, -9999, -9999, -9999, -9999, -9999, -9999, -9999, -9999, -9999, -9999, -9999, 33, -9999, -9999, -9999, 50, -9999, -9999, -9999, 90, -9999, -9999, -9999, -9999, 87, -9999, -9999, -9999, -9999, 59, -9999, -9999, -9999, -9999, -9999, -9999, -9999, -9999, -9999, -9999, -9999, 67, -9999, -9999, -9999, -9999, -9999, 1, 1, 1, 1, 1],
[-9999, -9999, -9999, -9999, -9999, -9999, 70, -9999, 80, -9999, 84, -9999, 5, -9999, 80, -9999, -9999, -9999, -9999, -9999, -9999, 48, -9999, 28, 3, -9999, -9999, 69, 95, -9999, -9999, -9999, 7, -9999, 91, 61, 67, 21, -9999, -9999, -9999, 43, -9999, 49, -9999, -9999, 60, 53, 52, -9999, -9999, -9999, 86, 26, -9999, -9999, -9999, -9999, 39, 36, 55, -9999, -9999, -9999, 10, 41, 63, -9999, 3, 48, -9999, 60, -9999, -9999, 93, -9999, -9999, 36, 47, -9999, -9999, 13, 62, 61, 99, -9999, -9999, -9999, 82, -9999, 71, -9999, 33, -9999, 1, -9999, -9999, 68, 70, 30, 1, 1, 1, 1, 1],
[-9999, -9999, -9999, -9999, -9999, -9999, -9999, -9999, 38, 63, 8, -9999, -9999, -9999, 32, -9999, -9999, -9999, -9999, 13, -9999, 99, 69, -9999, -9999, -9999, -9999, 94, -9999, -9999, 77, 62, -9999, -9999, 66, -9999, -9999, 40, -9999, -9999, -9999, 82, -9999, -9999, -9999, -9999, -9999, -9999, -9999, -9999, -9999, -9999, 54, -9999, -9999, -9999, -9999, -9999, -9999, -9999, -9999, -9999, -9999, -9999, 11, -9999, -9999, -9999, 39, -9999, -9999, -9999, 99, -9999, -9999, -9999, -9999, -9999, -9999, -9999, -9999, -9999, 11, -9999, -9999, -9999, -9999, -9999, -9999, -9999, -9999, -9999, -9999, -9999, 99, -9999, 99, -9999, -9999, -9999, 1, 1, 1, 1, 1],
[-9999, -9999, -9999, -9999, -9999, -9999, -9999, -9999, 15, 3, 79, -9999, -9999, 71, 59, -9999, -9999, -9999, -9999, 91, -9999, -9999, 77, -9999, 79, -9999, -9999, 44, -9999, 81, 94, -9999, -9999, -9999, 86, -9999, -9999, 46, -9999, 39, 77, -9999, -9999, -9999, 62, -9999, -9999, -9999, -9999, -9999, 71, -9999, 17, -9999, -9999, -9999, -9999, -9999, -9999, -9999, -9999, -9999, -9999, -9999, 91, -9999, -9999, -9999, 22, -9999, -9999, -9999, -9999, -9999, -9999, -9999, -9999, 87, -9999, -9999, -9999, -9999, 80, -9999, -9999, -9999, -9999, -9999, -9999, -9999, -9999, -9999, -9999, -9999, 76, -9999, 47, -9999, -9999, -9999, 1, 1, 1, 1, 1],
[-9999, -9999, -9999, -9999, -9999, -9999, -9999, -9999, -9999, 68, 36, -9999, -9999, -9999, 16, -9999, -9999, -9999, -9999, -9999, -9999, -9999, -9999, -9999, 7, -9999, -9999, 80, -9999, -9999, -9999, -9999, -9999, -9999, 48, -9999, -9999, 92, -9999, 79, -9999, 11, -9999, 77, -9999, -9999, -9999, -9999, -9999, -9999, -9999, -9999, -9999, -9999, -9999, -9999, -9999, -9999, -9999, -9999, -9999, -9999, -9999, -9999, 77, -9999, -9999, -9999, -9999, -9999, -9999, -9999, 90, -9999, -9999, -9999, -9999, 52, -9999, -9999, -9999, -9999, -9999, -9999, -9999, -9999, -9999, -9999, -9999, -9999, -9999, -9999, -9999, -9999, 87, -9999, 90, -9999, -9999, -9999, 1, 1, 1, 1, 1],
[-9999, -9999, -9999, -9999, -9999, -9999, -9999, -9999, -9999, -9999, -9999, -9999, -9999, -9999, -9999, -9999, -9999, -9999, -9999, -9999, -9999, -9999, -9999, -9999, -9999, -9999, -9999, -9999, -9999, -9999, -9999, -9999, -9999, -9999, -9999, -9999, -9999, -9999, -9999, 11, -9999, 71, -9999, -9999, -9999, -9999, -9999, -9999, -9999, -9999, -9999, -9999, -9999, -9999, -9999, -9999, -9999, -9999, -9999, -9999, -9999, -9999, -9999, -9999, -9999, -9999, -9999, -9999, -9999, -9999, -9999, -9999, -9999, -9999, -9999, -9999, -9999, -9999, -9999, -9999, -9999, -9999, -9999, -9999, -9999, -9999, -9999, -9999, -9999, -9999, -9999, -9999, -9999, -9999, -9999, -9999, -9999, -9999, -9999, -9999, 1, 1, 1, 1, 1],
[-9999, -9999, -9999, -9999, -9999, 15, -9999, 31, 58, 73, 99, 36, 56, -9999, 76, 40, 90, -9999, -9999, -9999, -9999, 34, -9999, 17, -9999, -9999, -9999, 46, 74, 91, -9999, -9999, 61, -9999, -9999, 75, 83, 68, -9999, 44, -9999, 4, 86, -9999, -9999, -9999, 68, 52, -9999, 79, 63, -9999, 26, 3, -9999, -9999, 5, -9999, 32, -9999, 27, 17, -9999, -9999, 67, 24, 47, 41, 72, -9999, -9999, 79, 76, -9999, 9, -9999, -9999, 55, -9999, -9999, 93, -9999, 80, 53, -9999, -9999, -9999, -9999, -9999, -9999, 15, -9999, 86, 8, 43, 92, 10, 45, 88, -9999, 1, 1, 1, 1, 1],
[-9999, -9999, -9999, -9999, -9999, -9999, -9999, -9999, 12, -9999, 94, -9999, -9999, -9999, 27, -9999, -9999, -9999, -9999, -9999, -9999, 64, 95, -9999, -9999, -9999, -9999, -9999, -9999, 91, 47, -9999, -9999, -9999, 18, -9999, -9999, 38, -9999, -9999, -9999, -9999, -9999, 30, -9999, -9999, -9999, -9999, -9999, -9999, -9999, -9999, 45, -9999, -9999, -9999, -9999, -9999, -9999, -9999, -9999, -9999, -9999, -9999, 60, -9999, -9999, -9999, 43, -9999, -9999, -9999, 88, -9999, -9999, -9999, -9999, 26, -9999, -9999, -9999, -9999, -9999, -9999, -9999, -9999, -9999, -9999, -9999, -9999, -9999, -9999, -9999, -9999, 13, -9999, 64, -9999, -9999, -9999, 1, 1, 1, 1, 1],
[-9999, -9999, -9999, -9999, -9999, 65, -9999, -9999, -9999, 50, 94, -9999, -9999, -9999, 99, -9999, 69, -9999, -9999, 83, -9999, -9999, -9999, -9999, 68, -9999, -9999, -9999, -9999, 27, 48, -9999, -9999, -9999, 86, -9999, -9999, -9999, -9999, 9, -9999, -9999, -9999, 20, 72, -9999, -9999, -9999, -9999, 12, 53, -9999, -9999, -9999, -9999, -9999, -9999, -9999, -9999, -9999, -9999, -9999, -9999, -9999, 22, -9999, -9999, -9999, 34, -9999, -9999, -9999, 6, -9999, -9999, -9999, 60, -9999, -9999, -9999, -9999, -9999, 82, -9999, -9999, 7, -9999, 17, -9999, -9999, -9999, -9999, -9999, -9999, 31, -9999, -9999, -9999, -9999, -9999, 1, 1, 1, 1, 1],
[-9999, -9999, -9999, -9999, -9999, -9999, -9999, -9999, 13, 51, 10, -9999, -9999, -9999, 17, -9999, -9999, -9999, -9999, -9999, -9999, -9999, 43, -9999, -9999, -9999, -9999, 18, -9999, 77, 10, -9999, -9999, -9999, 60, -9999, -9999, 80, -9999, 19, -9999, 36, -9999, -9999, 11, -9999, -9999, -9999, -9999, -9999, 24, -9999, 78, -9999, -9999, -9999, -9999, -9999, -9999, -9999, -9999, -9999, -9999, -9999, 5, -9999, -9999, -9999, -9999, -9999, -9999, -9999, -9999, -9999, -9999, -9999, -9999, 1, -9999, -9999, -9999, -9999, 40, -9999, -9999, -9999, -9999, -9999, -9999, -9999, -9999, -9999, -9999, -9999, 1, -9999, -9999, -9999, -9999, -9999, 1, 1, 1, 1, 1],
[-9999, -9999, -9999, -9999, -9999, -9999, 34, -9999, 71, 29, 95, 6, 95, -9999, -9999, -9999, -9999, 15, -9999, 77, -9999, 54, -9999, 24, 52, -9999, -9999, 70, -9999, 64, -9999, -9999, -9999, -9999, 99, 10, -9999, -9999, -9999, 45, -9999, 97, -9999, 55, -9999, -9999, 97, -9999, 42, -9999, -9999, -9999, 62, 12, 18, 77, -9999, 18, 28, -9999, -9999, -9999, -9999, -9999, 32, 53, 92, -9999, -9999, 67, -9999, 65, 32, -9999, 32, -9999, -9999, 74, -9999, -9999, 33, 20, 55, 22, 14, -9999, -9999, -9999, -9999, -9999, 82, -9999, 41, 93, 40, 91, -9999, 14, 50, -9999, 1, 1, 1, 1, 1],
[-9999, -9999, -9999, -9999, -9999, -9999, 56, -9999, 5, 54, -9999, -9999, 65, -9999, 8, 14, -9999, -9999, -9999, -9999, -9999, -9999, -9999, 31, -9999, -9999, -9999, -9999, 38, -9999, -9999, -9999, 78, -9999, -9999, -9999, 63, 42, -9999, -9999, -9999, -9999, -9999, 73, 100, -9999, 52, 92, -9999, -9999, 31, -9999, 7, -9999, -9999, -9999, -9999, 93, -9999, 45, 56, 27, -9999, -9999, -9999, 20, -9999, -9999, 74, 74, 80, 2, -9999, -9999, 25, -9999, -9999, -9999, 82, -9999, 37, 67, 89, 34, 98, -9999, -9999, -9999, -9999, -9999, 82, -9999, 61, -9999, 90, 63, 77, 88, 68, 11, 1, 1, 1, 1, 1],
[-9999, -9999, -9999, -9999, -9999, -9999, -9999, -9999, -9999, -9999, 84, -9999, -9999, -9999, 12, -9999, -9999, -9999, -9999, 99, -9999, 79, 49, -9999, 43, -9999, -9999, -9999, -9999, 82, -9999, 11, -9999, -9999, 99, -9999, -9999, 55, -9999, -9999, -9999, -9999, -9999, 23, -9999, -9999, -9999, -9999, -9999, -9999, 49, -9999, -9999, -9999, -9999, -9999, -9999, -9999, -9999, -9999, -9999, -9999, -9999, -9999, 4, -9999, -9999, -9999, 87, -9999, -9999, -9999, -9999, -9999, -9999, -9999, -9999, 27, -9999, -9999, -9999, -9999, 95, -9999, -9999, -9999, -9999, -9999, -9999, -9999, -9999, -9999, -9999, -9999, 30, -9999, 58, -9999, -9999, 86, 1, 1, 1, 1, 1],
[-9999, -9999, -9999, -9999, -9999, -9999, 32, -9999, 15, 96, 87, 79, 39, -9999, 14, -9999, -9999, -9999, -9999, 14, -9999, -9999, 34, 8, 7, -9999, -9999, 7, 84, -9999, 44, -9999, 74, -9999, 36, 62, 92, -9999, -9999, 70, -9999, -9999, -9999, 76, 1, -9999, 81, -9999, -9999, -9999, -9999, -9999, -9999, 94, -9999, -9999, -9999, -9999, 19, 40, 68, -9999, -9999, -9999, 27, 1, -9999, -9999, -9999, 85, -9999, 76, 95, -9999, 72, -9999, -9999, 11, 16, -9999, 34, 25, 82, 32, -9999, -9999, -9999, -9999, -9999, -9999, 84, -9999, 5, 75, 29, 54, 19, 64, 1, 73, 1, 1, 1, 1, 1],
[-9999, -9999, -9999, -9999, -9999, -9999, -9999, -9999, 43, -9999, -9999, -9999, -9999, -9999, 29, -9999, -9999, -9999, -9999, -9999, -9999, 70, 68, -9999, -9999, -9999, -9999, 69, -9999, 32, 96, 71, -9999, -9999, -9999, -9999, -9999, -9999, -9999, 77, -9999, -9999, -9999, 22, -9999, -9999, -9999, -9999, -9999, -9999, 72, -9999, 89, -9999, -9999, -9999, -9999, -9999, -9999, -9999, -9999, -9999, -9999, -9999, 53, -9999, -9999, -9999, -9999, -9999, -9999, -9999, 49, -9999, -9999, -9999, -9999, -9999, -9999, -9999, -9999, -9999, 84, -9999, -9999, -9999, -9999, -9999, -9999, -9999, -9999, -9999, -9999, -9999, 72, -9999, -9999, -9999, -9999, -9999, 1, 1, 1, 1, 1],
[-9999, -9999, -9999, -9999, -9999, -9999, 28, -9999, 57, -9999, 88, 12, -9999, -9999, 94, -9999, -9999, 84, -9999, 2, -9999, 75, 67, 27, -9999, -9999, -9999, 87, 33, 45, -9999, -9999, 31, -9999, -9999, 33, 22, 63, -9999, 2, -9999, 45, -9999, 44, 52, 97, 68, -9999, 30, -9999, 15, 16, 96, 80, -9999, -9999, -9999, -9999, -9999, -9999, -9999, 8, -9999, -9999, 3, 57, -9999, -9999, -9999, 14, -9999, 8, 74, -9999, 8, -9999, -9999, 42, 1, -9999, -9999, -9999, -9999, 7, 59, -9999, -9999, -9999, 45, -9999, 56, -9999, 88, -9999, 22, 68, 18, 2, 35, -9999, 1, 1, 1, 1, 1],
[-9999, -9999, -9999, -9999, -9999, -9999, -9999, -9999, 66, -9999, 99, 53, -9999, -9999, -9999, -9999, -9999, -9999, 82, 25, -9999, 19, -9999, 41, 52, -9999, -9999, 20, 6, 8, 94, -9999, 41, -9999, 75, -9999, 47, 21, -9999, 17, -9999, 44, -9999, -9999, 30, -9999, 56, -9999, -9999, -9999, -9999, -9999, 55, 31, 69, -9999, -9999, -9999, 5, -9999, 1, 86, -9999, -9999, 24, 77, -9999, -9999, 65, 44, 29, 11, 63, -9999, 67, -9999, -9999, 100, -9999, -9999, 5, -9999, 73, 92, 1, -9999, -9999, -9999, 31, -9999, 82, -9999, 76, 28, -9999, -9999, 61, 94, 58, 61, 1, 1, 1, 1, 1],
[-9999, -9999, -9999, -9999, -9999, -9999, 61, -9999, 23, 55, -9999, 65, 53, -9999, -9999, -9999, -9999, 33, -9999, 4, -9999, -9999, -9999, 61, 99, -9999, -9999, -9999, -9999, 72, 28, -9999, 99, -9999, 37, 93, 54, -9999, -9999, 28, -9999, 100, -9999, 7, 56, -9999, 46, 96, 41, -9999, 61, -9999, 40, 35, -9999, -9999, -9999, 13, -9999, 27, 37, -9999, -9999, -9999, 3, 22, -9999, -9999, -9999, 9, 61, 5, -9999, -9999, 59, -9999, -9999, 41, 74, -9999, 5, 85, 15, 93, 9, -9999, -9999, -9999, 32, 56, 72, -9999, 43, 39, 39, -9999, 82, -9999, 66, 46, 1, 1, 1, 1, 1],
[-9999, -9999, -9999, -9999, -9999, -9999, -9999, -9999, -9999, -9999, 66, -9999, -9999, -9999, 85, -9999, -9999, -9999, -9999, -9999, -9999, 29, -9999, -9999, 94, -9999, -9999, -9999, -9999, -9999, -9999, -9999, -9999, -9999, 8, -9999, -9999, -9999, -9999, 66, -9999, 13, -9999, 38, 26, 34, -9999, -9999, -9999, -9999, 6, -9999, 60, -9999, -9999, -9999, -9999, -9999, -9999, -9999, -9999, -9999, -9999, -9999, 58, -9999, -9999, -9999, -9999, -9999, -9999, -9999, 98, -9999, -9999, 20, -9999, -9999, -9999, -9999, -9999, -9999, 22, -9999, -9999, -9999, -9999, -9999, -9999, -9999, -9999, -9999, -9999, -9999, 31, -9999, -9999, -9999, -9999, -9999, 1, 1, 1, 1, 1],
[-9999, -9999, -9999, -9999, -9999, -9999, -9999, -9999, -9999, -9999, -9999, -9999, -9999, -9999, -9999, -9999, -9999, -9999, -9999, -9999, -9999, -9999, -9999, -9999, -9999, -9999, -9999, 94, -9999, -9999, -9999, -9999, -9999, -9999, -9999, 46, 22, -9999, -9999, -9999, -9999, -9999, -9999, -9999, -9999, -9999, -9999, 18, -9999, -9999, -9999, -9999, -9999, 16, -9999, -9999, -9999, -9999, -9999, -9999, -9999, -9999, -9999, -9999, -9999, -9999, -9999, -9999, -9999, -9999, -9999, -9999, -9999, -9999, -9999, -9999, -9999, -9999, -9999, -9999, -9999, -9999, -9999, 25, -9999, -9999, -9999, -9999, -9999, -9999, -9999, -9999, 47, -9999, -9999, -9999, -9999, -9999, -9999, -9999, 1, 1, 1, 1, 1],
[-9999, -9999, -9999, -9999, -9999, -9999, -9999, -9999, 36, 68, 20, -9999, -9999, -9999, 94, -9999, -9999, -9999, -9999, -9999, -9999, 50, 50, -9999, 32, -9999, -9999, -9999, -9999, 58, 76, -9999, -9999, -9999, -9999, -9999, -9999, 78, -9999, -9999, -9999, -9999, -9999, 9, 31, -9999, -9999, -9999, -9999, -9999, -9999, -9999, 21, -9999, -9999, -9999, -9999, -9999, -9999, -9999, -9999, -9999, -9999, -9999, 44, -9999, -9999, -9999, 13, -9999, -9999, -9999, -9999, -9999, -9999, -9999, -9999, 80, -9999, -9999, -9999, -9999, 83, -9999, -9999, -9999, -9999, -9999, -9999, -9999, -9999, -9999, -9999, -9999, 50, -9999, 86, -9999, -9999, -9999, 1, 1, 1, 1, 1],
[-9999, -9999, -9999, -9999, -9999, -9999, -9999, -9999, -9999, 85, 70, -9999, 47, -9999, -9999, -9999, -9999, -9999, -9999, 23, 54, 44, 76, 57, 12, -9999, -9999, 33, 91, -9999, 80, -9999, 44, -9999, -9999, -9999, -9999, -9999, -9999, 100, -9999, 83, -9999, 76, -9999, -9999, 18, -9999, -9999, -9999, 93, 81, -9999, -9999, -9999, -9999, -9999, -9999, -9999, 69, 81, -9999, -9999, -9999, 4, 100, -9999, -9999, 67, 75, 53, 99, -9999, -9999, 12, -9999, -9999, 8, -9999, -9999, 78, 86, -9999, -9999, 56, -9999, -9999, -9999, 51, -9999, 6, -9999, 17, -9999, 62, -9999, -9999, -9999, 64, -9999, 1, 1, 1, 1, 1],
[-9999, -9999, -9999, -9999, -9999, -9999, -9999, -9999, -9999, -9999, -9999, -9999, -9999, -9999, -9999, -9999, -9999, -9999, -9999, -9999, -9999, -9999, -9999, -9999, -9999, -9999, -9999, -9999, -9999, -9999, -9999, -9999, -9999, -9999, -9999, -9999, -9999, -9999, -9999, -9999, -9999, -9999, -9999, -9999, -9999, -9999, -9999, -9999, -9999, -9999, -9999, -9999, -9999, -9999, -9999, -9999, -9999, -9999, -9999, -9999, -9999, -9999, -9999, -9999, -9999, -9999, -9999, -9999, -9999, -9999, -9999, -9999, -9999, -9999, -9999, -9999, -9999, -9999, -9999, -9999, -9999, -9999, -9999, -9999, -9999, -9999, -9999, -9999, -9999, -9999, -9999, -9999, -9999, -9999, -9999, -9999, -9999, -9999, -9999, -9999, -9999, -9999, -9999, -9999, -9999],
[-9999, -9999, -9999, -9999, -9999, -9999, -9999, -9999, -9999, -9999, -9999, -9999, -9999, -9999, -9999, -9999, -9999, -9999, -9999, -9999, -9999, -9999, -9999, -9999, -9999, -9999, -9999, -9999, -9999, -9999, -9999, -9999, -9999, -9999, -9999, -9999, -9999, -9999, -9999, -9999, -9999, -9999, -9999, -9999, -9999, -9999, -9999, -9999, -9999, -9999, -9999, -9999, -9999, -9999, -9999, -9999, -9999, -9999, -9999, -9999, -9999, -9999, -9999, -9999, -9999, -9999, -9999, -9999, -9999, -9999, -9999, -9999, -9999, -9999, -9999, -9999, -9999, -9999, -9999, -9999, -9999, -9999, -9999, -9999, -9999, -9999, -9999, -9999, -9999, -9999, -9999, -9999, -9999, -9999, -9999, -9999, -9999, -9999, -9999, -9999, -9999, -9999, -9999, -9999, -9999],
[-9999, -9999, -9999, -9999, -9999, -9999, -9999, -9999, -9999, -9999, -9999, -9999, -9999, -9999, -9999, -9999, -9999, -9999, -9999, -9999, -9999, -9999, -9999, -9999, -9999, -9999, -9999, -9999, -9999, -9999, -9999, -9999, -9999, -9999, -9999, -9999, -9999, -9999, -9999, -9999, -9999, -9999, -9999, -9999, -9999, -9999, -9999, -9999, -9999, -9999, -9999, -9999, -9999, -9999, -9999, -9999, -9999, -9999, -9999, -9999, -9999, -9999, -9999, -9999, -9999, -9999, -9999, -9999, -9999, -9999, -9999, -9999, -9999, -9999, -9999, -9999, -9999, -9999, -9999, -9999, -9999, -9999, -9999, -9999, -9999, -9999, -9999, -9999, -9999, -9999, -9999, -9999, -9999, -9999, -9999, -9999, -9999, -9999, -9999, -9999, -9999, -9999, -9999, -9999, -9999],
[-9999, -9999, -9999, -9999, -9999, -9999, -9999, -9999, -9999, -9999, -9999, -9999, -9999, -9999, -9999, -9999, -9999, -9999, -9999, -9999, -9999, -9999, -9999, -9999, -9999, -9999, -9999, -9999, -9999, -9999, -9999, -9999, -9999, -9999, -9999, -9999, -9999, -9999, -9999, -9999, -9999, -9999, -9999, -9999, -9999, -9999, -9999, -9999, -9999, -9999, -9999, -9999, -9999, -9999, -9999, -9999, -9999, -9999, -9999, -9999, -9999, -9999, -9999, -9999, -9999, -9999, -9999, -9999, -9999, -9999, -9999, -9999, -9999, -9999, -9999, -9999, -9999, -9999, -9999, -9999, -9999, -9999, -9999, -9999, -9999, -9999, -9999, -9999, -9999, -9999, -9999, -9999, -9999, -9999, -9999, -9999, -9999, -9999, -9999, -9999, -9999, -9999, -9999, -9999, -9999],
[-9999, -9999, -9999, -9999, -9999, -9999, -9999, -9999, -9999, -9999, -9999, -9999, -9999, -9999, -9999, -9999, -9999, -9999, -9999, -9999, -9999, -9999, -9999, -9999, -9999, -9999, -9999, -9999, -9999, -9999, -9999, -9999, -9999, -9999, -9999, -9999, -9999, -9999, -9999, -9999, -9999, -9999, -9999, -9999, -9999, -9999, -9999, -9999, -9999, -9999, -9999, -9999, -9999, -9999, -9999, -9999, -9999, -9999, -9999, -9999, -9999, -9999, -9999, -9999, -9999, -9999, -9999, -9999, -9999, -9999, -9999, -9999, -9999, -9999, -9999, -9999, -9999, -9999, -9999, -9999, -9999, -9999, -9999, -9999, -9999, -9999, -9999, -9999, -9999, -9999, -9999, -9999, -9999, -9999, -9999, -9999, -9999, -9999, -9999, -9999, -9999, -9999, -9999, -9999, -9999]
];
