NbNodes = 105;
NbNDDs = 5;
NbPairs = 95;
NbTerminals = 5;
K = 0;
L = 97;
Wt = [
[-9999, -9999, -9999, -9999, -9999, 25, 52, -9999, 71, 86, 85, 4, -9999, 87, 28, -9999, 87, 37, 70, 46, -9999, -9999, 56, -9999, -9999, -9999, 25, -9999, -9999, 50, -9999, -9999, -9999, -9999, 100, 79, -9999, -9999, -9999, -9999, -9999, -9999, -9999, -9999, 77, -9999, -9999, -9999, -9999, -9999, -9999, 51, 9, 86, -9999, -9999, 96, 50, -9999, 95, -9999, -9999, -9999, -9999, -9999, -9999, -9999, -9999, 59, -9999, -9999, -9999, 9, -9999, 27, 59, -9999, -9999, -9999, -9999, 41, -9999, -9999, -9999, 89, -9999, -9999, -9999, -9999, -9999, -9999, 32, -9999, 14, 21, -9999, 63, -9999, -9999, -9999, 1, 1, 1, 1, 1],
[-9999, -9999, -9999, -9999, -9999, 72, -9999, 21, 56, 55, 37, 95, 29, 12, -9999, -9999, 45, 11, -9999, 28, -9999, 31, -9999, -9999, -9999, -9999, -9999, -9999, -9999, 68, -9999, -9999, -9999, -9999, 62, 94, -9999, -9999, -9999, 18, 62, -9999, -9999, 35, 91, 71, -9999, -9999, -9999, -9999, -9999, -9999, 66, 66, -9999, -9999, 83, -9999, -9999, 34, 8, 42, 31, -9999, -9999, 16, -9999, -9999, 81, -9999, -9999, 11, 85, 88, 16, -9999, -9999, 100, -9999, -9999, 1, -9999, -9999, -9999, -9999, 8, -9999, -9999, -9999, 58, -9999, -9999, -9999, -9999, 43, -9999, -9999, -9999, -9999, 23, 1, 1, 1, 1, 1],
[-9999, -9999, -9999, -9999, -9999, -9999, -9999, -9999, -9999, -9999, -9999, -9999, -9999, -9999, -9999, -9999, 28, -9999, -9999, 62, -9999, -9999, -9999, -9999, -9999, -9999, -9999, 88, -9999, 10, -9999, -9999, -9999, -9999, -9999, -9999, -9999, -9999, -9999, -9999, -9999, -9999, -9999, -9999, -9999, -9999, -9999, -9999, -9999, -9999, 39, 40, 90, -9999, -9999, -9999, -9999, -9999, -9999, -9999, -9999, -9999, -9999, 19, -9999, -9999, -9999, -9999, -9999, -9999, -9999, -9999, -9999, -9999, 61, -9999, -9999, -9999, -9999, 54, -9999, -9999, -9999, -9999, -9999, -9999, -9999, -9999, -9999, 18, -9999, -9999, -9999, 22, 42, -9999, -9999, -9999, -9999, 69, 1, 1, 1, 1, 1],
[-9999, -9999, -9999, -9999, -9999, 43, 54, 51, -9999, -9999, 61, 76, -9999, -9999, -9999, -9999, 44, -9999, -9999, 47, -9999, 77, -9999, -9999, 80, -9999, 56, 48, -9999, 42, -9999, -9999, -9999, -9999, -9999, 82, -9999, -9999, -9999, 90, 91, -9999, -9999, -9999, 28, 97, -9999, -9999, 89, -9999, -9999, -9999, 55, -9999, -9999, -9999, 90, 65, -9999, 23, 51, 90, 8, 10, -9999, 98, -9999, -9999, 93, -9999, 26, 75, 29, -9999, 100, 32, -9999, -9999, -9999, 34, 87, -9999, -9999, -9999, 5, -9999, -9999, -9999, -9999, 93, -9999, 67, -9999, -9999, 52, -9999, 4, 41, -9999, 40, 1, 1, 1, 1, 1],
[-9999, -9999, -9999, -9999, -9999, 23, 34, 35, 49, 27, 46, 35, 72, -9999, 88, -9999, 79, 24, 2, 52, -9999, 76, -9999, -9999, 87, -9999, -9999, 1, -9999, -9999, -9999, -9999, -9999, -9999, 22, -9999, 7, 59, -9999, -9999, 11, 96, -9999, 92, 17, 66, -9999, -9999, 32, -9999, 49, 28, 63, 82, -9999, -9999, 51, 98, -9999, 42, 38, 57, -9999, 13, -9999, 27, -9999, -9999, 19, -9999, -9999, 39, 25, -9999, 25, -9999, -9999, -9999, -9999, 98, -9999, -9999, -9999, -9999, -9999, -9999, -9999, -9999, -9999, -9999, -9999, -9999, -9999, -9999, 7, -9999, -9999, -9999, -9999, -9999, 1, 1, 1, 1, 1],
[-9999, -9999, -9999, -9999, -9999, -9999, -9999, -9999, 88, 45, 86, 100, 87, -9999, 88, -9999, 60, 4, 58, 26, -9999, 59, 2, 71, 11, -9999, 2, 30, 36, -9999, -9999, -9999, -9999, -9999, 24, -9999, -9999, 91, -9999, 77, -9999, 79, -9999, -9999, 90, -9999, -9999, -9999, -9999, -9999, 89, -9999, 45, 42, -9999, -9999, 79, -9999, -9999, 25, -9999, 3, 66, -9999, -9999, 33, -9999, -9999, 57, -9999, -9999, -9999, 66, -9999, 99, -9999, -9999, 81, -9999, 90, -9999, -9999, -9999, -9999, 97, 89, -9999, -9999, -9999, 3, -9999, -9999, -9999, 34, -9999, -9999, 11, -9999, -9999, 4, 1, 1, 1, 1, 1],
[-9999, -9999, -9999, -9999, -9999, -9999, -9999, -9999, -9999, -9999, -9999, -9999, 61, -9999, 38, -9999, 83, -9999, -9999, 66, -9999, -9999, -9999, 62, -9999, -9999, -9999, 98, -9999, 79, -9999, -9999, -9999, -9999, -9999, -9999, -9999, -9999, -9999, 66, -9999, -9999, -9999, 91, -9999, -9999, -9999, -9999, 16, -9999, -9999, -9999, 67, -9999, -9999, -9999, -9999, 12, -9999, -9999, -9999, -9999, -9999, 14, -9999, 40, -9999, -9999, -9999, -9999, -9999, -9999, -9999, -9999, 32, -9999, -9999, 89, -9999, 54, -9999, -9999, -9999, -9999, 73, 69, -9999, -9999, -9999, -9999, -9999, -9999, -9999, 5, -9999, -9999, -9999, -9999, -9999, -9999, 1, 1, 1, 1, 1],
[-9999, -9999, -9999, -9999, -9999, -9999, -9999, -9999, -9999, -9999, -9999, -9999, -9999, -9999, -9999, -9999, -9999, -9999, -9999, -9999, -9999, -9999, -9999, -9999, -9999, -9999, -9999, -9999, -9999, -9999, -9999, -9999, -9999, -9999, -9999, 40, 79, -9999, -9999, -9999, -9999, -9999, -9999, -9999, -9999, -9999, -9999, -9999, 3, -9999, -9999, -9999, -9999, -9999, -9999, -9999, -9999, -9999, -9999, -9999, -9999, -9999, -9999, -9999, -9999, -9999, -9999, -9999, -9999, -9999, -9999, -9999, -9999, -9999, -9999, -9999, -9999, -9999, -9999, -9999, -9999, -9999, -9999, -9999, -9999, -9999, -9999, -9999, -9999, -9999, -9999, -9999, -9999, -9999, -9999, -9999, -9999, -9999, -9999, -9999, 1, 1, 1, 1, 1],
[-9999, -9999, -9999, -9999, -9999, -9999, -9999, -9999, -9999, -9999, -9999, -9999, -9999, -9999, -9999, -9999, 79, -9999, -9999, 28, -9999, -9999, -9999, 31, -9999, -9999, -9999, -9999, -9999, 26, -9999, -9999, -9999, -9999, 56, -9999, -9999, -9999, -9999, -9999, -9999, -9999, -9999, -9999, -9999, -9999, -9999, -9999, 69, -9999, -9999, 67, 75, -9999, -9999, -9999, -9999, -9999, -9999, -9999, -9999, 19, -9999, -9999, -9999, -9999, -9999, -9999, -9999, -9999, 20, -9999, -9999, -9999, 8, -9999, -9999, 26, -9999, -9999, 57, -9999, -9999, -9999, -9999, 65, -9999, -9999, -9999, 33, -9999, -9999, -9999, -9999, 34, -9999, -9999, -9999, -9999, -9999, 1, 1, 1, 1, 1],
[-9999, -9999, -9999, -9999, -9999, -9999, -9999, 21, -9999, -9999, 55, 11, 74, 82, 58, -9999, 53, -9999, 70, 47, -9999, 81, 4, 26, -9999, -9999, -9999, -9999, -9999, -9999, -9999, -9999, -9999, -9999, 77, 21, -9999, -9999, -9999, 70, -9999, 48, -9999, 17, -9999, 9, -9999, -9999, -9999, -9999, -9999, 71, -9999, 75, -9999, -9999, 25, -9999, -9999, 61, 82, 35, 8, 11, -9999, 51, -9999, -9999, 30, -9999, -9999, -9999, 9, 84, 60, -9999, -9999, -9999, -9999, -9999, 4, -9999, -9999, -9999, -9999, 92, -9999, -9999, -9999, -9999, -9999, -9999, -9999, -9999, 73, -9999, 12, -9999, -9999, 20, 1, 1, 1, 1, 1],
[-9999, -9999, -9999, -9999, -9999, 19, -9999, -9999, 29, -9999, -9999, 59, 50, 75, 99, 53, 82, -9999, -9999, 82, 61, 65, 42, -9999, 70, 30, 48, -9999, 32, -9999, 55, -9999, -9999, -9999, 18, -9999, -9999, -9999, -9999, 11, 83, 65, -9999, 73, 65, 90, 32, 4, -9999, -9999, -9999, -9999, 90, 35, -9999, -9999, 46, -9999, 67, 35, -9999, -9999, 53, -9999, -9999, 27, -9999, 15, 57, -9999, -9999, 24, 52, -9999, 5, -9999, 68, 71, -9999, 97, 92, 17, -9999, 50, -9999, 93, 46, -9999, -9999, 24, -9999, -9999, -9999, -9999, 83, -9999, -9999, -9999, 79, 81, 1, 1, 1, 1, 1],
[-9999, -9999, -9999, -9999, -9999, -9999, -9999, -9999, -9999, -9999, -9999, -9999, 83, -9999, -9999, -9999, 65, -9999, -9999, 11, -9999, -9999, -9999, -9999, -9999, -9999, -9999, -9999, -9999, -9999, -9999, -9999, -9999, -9999, -9999, -9999, -9999, -9999, -9999, 65, -9999, -9999, -9999, 5, -9999, -9999, -9999, -9999, 16, -9999, 43, 42, 91, -9999, -9999, -9999, -9999, 98, -9999, -9999, -9999, 11, -9999, 65, 35, -9999, -9999, -9999, -9999, -9999, -9999, -9999, -9999, -9999, 23, -9999, -9999, -9999, -9999, -9999, 4, -9999, -9999, -9999, 69, -9999, -9999, -9999, -9999, 88, -9999, -9999, -9999, -9999, -9999, -9999, -9999, -9999, -9999, 85, 1, 1, 1, 1, 1],
[-9999, -9999, -9999, -9999, -9999, -9999, -9999, -9999, -9999, -9999, -9999, -9999, -9999, -9999, -9999, -9999, 66, -9999, -9999, 92, -9999, -9999, -9999, 100, -9999, -9999, -9999, 78, -9999, -9999, -9999, -9999, -9999, -9999, 56, -9999, -9999, -9999, -9999, -9999, -9999, -9999, -9999, 9, -9999, -9999, -9999, -9999, 91, -9999, -9999, 72, -9999, -9999, -9999, -9999, -9999, 79, -9999, -9999, -9999, 83, -9999, 90, -9999, -9999, -9999, -9999, -9999, -9999, -9999, -9999, -9999, -9999, 77, -9999, -9999, 24, -9999, 61, 60, -9999, -9999, -9999, -9999, 43, -9999, -9999, -9999, -9999, -9999, -9999, -9999, -9999, 2, 78, -9999, -9999, -9999, 2, 1, 1, 1, 1, 1],
[-9999, -9999, -9999, -9999, -9999, -9999, 49, 16, 19, 95, 92, 79, -9999, -9999, 1, -9999, 94, 35, 19, 25, -9999, -9999, -9999, 94, 20, -9999, -9999, 51, -9999, -9999, -9999, -9999, -9999, -9999, -9999, 95, -9999, 3, -9999, -9999, 37, -9999, -9999, 68, 18, -9999, -9999, -9999, -9999, -9999, 38, 28, 57, -9999, -9999, -9999, 56, -9999, -9999, 15, 34, -9999, -9999, -9999, -9999, -9999, -9999, -9999, 56, -9999, -9999, 47, 57, -9999, 58, -9999, -9999, -9999, -9999, -9999, -9999, -9999, -9999, -9999, -9999, -9999, -9999, -9999, -9999, 64, -9999, 66, -9999, 84, 1, 59, -9999, -9999, -9999, 4, 1, 1, 1, 1, 1],
[-9999, -9999, -9999, -9999, -9999, 27, 33, 99, -9999, 61, 16, -9999, -9999, 88, -9999, -9999, 20, 89, 57, 7, -9999, 57, -9999, 65, -9999, -9999, 17, 64, 62, 84, -9999, -9999, -9999, -9999, -9999, -9999, 9, -9999, -9999, -9999, 15, -9999, -9999, -9999, 46, 40, -9999, -9999, -9999, -9999, 66, 27, 59, -9999, -9999, -9999, 88, 52, -9999, -9999, 11, -9999, -9999, -9999, 61, -9999, -9999, -9999, 47, -9999, -9999, 98, 3, -9999, 37, 29, -9999, 12, -9999, 45, 6, -9999, -9999, -9999, 36, -9999, -9999, -9999, -9999, 49, -9999, -9999, -9999, -9999, 79, -9999, 6, -9999, -9999, -9999, 1, 1, 1, 1, 1],
[-9999, -9999, -9999, -9999, -9999, 81, 46, -9999, 13, 41, 57, 86, 88, 10, 33, -9999, 67, 83, -9999, 74, 99, 39, -9999, -9999, 1, 31, 97, 28, 39, 61, 68, -9999, -9999, -9999, 74, -9999, -9999, 13, 36, -9999, -9999, -9999, -9999, 28, 56, -9999, 9, 46, -9999, -9999, 52, 94, -9999, 10, -9999, 55, 2, -9999, -9999, -9999, -9999, -9999, 14, 97, -9999, -9999, -9999, 66, 23, -9999, 56, 42, 29, -9999, 58, 71, 67, -9999, -9999, 89, -9999, 4, -9999, -9999, 93, -9999, 62, -9999, -9999, 1, -9999, 50, 89, 36, -9999, -9999, -9999, -9999, 61, 93, 1, 1, 1, 1, 1],
[-9999, -9999, -9999, -9999, -9999, -9999, -9999, -9999, -9999, -9999, -9999, -9999, 73, -9999, 40, -9999, -9999, -9999, -9999, 23, -9999, -9999, -9999, -9999, -9999, -9999, -9999, -9999, -9999, 10, -9999, -9999, -9999, -9999, 58, -9999, -9999, -9999, -9999, 22, -9999, -9999, -9999, -9999, -9999, -9999, -9999, -9999, -9999, -9999, -9999, -9999, -9999, -9999, -9999, -9999, -9999, 84, -9999, -9999, -9999, 46, -9999, 51, -9999, -9999, -9999, -9999, -9999, -9999, -9999, -9999, -9999, -9999, 14, -9999, -9999, 37, -9999, 52, 1, -9999, -9999, -9999, 74, 15, -9999, -9999, -9999, 60, -9999, -9999, -9999, -9999, -9999, 92, -9999, -9999, -9999, 57, 1, 1, 1, 1, 1],
[-9999, -9999, -9999, -9999, -9999, -9999, -9999, -9999, -9999, 86, 14, 56, 23, -9999, -9999, -9999, 35, -9999, 62, -9999, -9999, -9999, -9999, 81, -9999, -9999, 96, -9999, 75, -9999, -9999, -9999, -9999, -9999, 28, -9999, -9999, 51, -9999, 62, -9999, 82, -9999, -9999, 36, -9999, -9999, -9999, 40, -9999, 38, -9999, 14, -9999, -9999, -9999, 87, -9999, -9999, 42, 32, 11, -9999, -9999, 92, -9999, -9999, -9999, 54, -9999, -9999, 4, 63, -9999, 25, 82, -9999, -9999, -9999, 49, 87, -9999, -9999, -9999, -9999, 26, -9999, -9999, -9999, -9999, -9999, -9999, -9999, -9999, 90, 45, 88, -9999, -9999, -9999, 1, 1, 1, 1, 1],
[-9999, -9999, -9999, -9999, -9999, -9999, -9999, -9999, -9999, -9999, -9999, -9999, -9999, -9999, -9999, -9999, -9999, -9999, -9999, -9999, 28, -9999, -9999, -9999, -9999, -9999, -9999, -9999, -9999, -9999, -9999, -9999, -9999, -9999, -9999, -9999, -9999, -9999, -9999, -9999, -9999, -9999, -9999, -9999, -9999, -9999, -9999, -9999, -9999, -9999, -9999, -9999, -9999, 95, -9999, -9999, -9999, -9999, 84, -9999, -9999, -9999, -9999, -9999, -9999, -9999, -9999, -9999, -9999, -9999, -9999, -9999, -9999, -9999, -9999, -9999, -9999, -9999, -9999, -9999, -9999, -9999, -9999, -9999, -9999, -9999, -9999, -9999, -9999, -9999, -9999, -9999, -9999, -9999, -9999, -9999, -9999, -9999, -9999, -9999, 1, 1, 1, 1, 1],
[-9999, -9999, -9999, -9999, -9999, -9999, -9999, -9999, -9999, -9999, -9999, -9999, 83, -9999, 42, -9999, 64, -9999, -9999, -9999, 57, -9999, -9999, -9999, -9999, -9999, -9999, 11, -9999, -9999, -9999, -9999, -9999, -9999, 49, -9999, -9999, -9999, -9999, -9999, -9999, -9999, -9999, 31, -9999, -9999, -9999, -9999, 39, -9999, 31, -9999, 60, -9999, -9999, -9999, -9999, -9999, -9999, -9999, -9999, 85, -9999, 29, -9999, 9, -9999, 29, -9999, -9999, -9999, -9999, -9999, -9999, 2, -9999, -9999, -9999, -9999, -9999, 25, -9999, -9999, -9999, 24, 6, -9999, -9999, -9999, -9999, -9999, -9999, -9999, 7, 81, -9999, -9999, -9999, -9999, 1, 1, 1, 1, 1, 1],
[-9999, -9999, -9999, -9999, -9999, 61, 93, 76, 38, 16, 88, 46, 72, 59, 22, -9999, 66, 12, -9999, 81, -9999, 87, -9999, 68, 57, -9999, 71, -9999, 10, 64, -9999, -9999, -9999, -9999, -9999, 33, -9999, 11, -9999, 62, 99, 38, -9999, 68, 41, -9999, -9999, -9999, -9999, -9999, 13, -9999, 27, -9999, -9999, -9999, 42, 21, -9999, 26, 12, -9999, -9999, 100, -9999, 98, -9999, -9999, 55, -9999, -9999, 72, 100, -9999, 67, -9999, -9999, 35, -9999, 50, -9999, -9999, -9999, -9999, 93, 11, -9999, 20, -9999, 87, -9999, 59, -9999, 17, 26, -9999, 44, -9999, -9999, -9999, 1, 1, 1, 1, 1],
[-9999, -9999, -9999, -9999, -9999, -9999, -9999, 24, 50, 10, 37, 86, 66, 84, -9999, -9999, 18, 89, 75, 37, -9999, -9999, 75, 29, -9999, -9999, 10, 49, 26, -9999, -9999, 75, -9999, -9999, 89, -9999, -9999, 60, -9999, 99, -9999, -9999, -9999, -9999, 91, 92, -9999, -9999, -9999, -9999, 88, 84, -9999, 69, -9999, -9999, 54, 93, -9999, -9999, -9999, 93, 78, 18, -9999, -9999, -9999, -9999, 26, -9999, 20, -9999, 75, -9999, 63, 52, -9999, 81, 90, 24, 29, -9999, -9999, -9999, 13, -9999, -9999, -9999, -9999, 57, -9999, -9999, -9999, 54, 61, 29, 23, -9999, -9999, -9999, 1, 1, 1, 1, 1],
[-9999, -9999, -9999, -9999, -9999, -9999, -9999, -9999, -9999, -9999, -9999, -9999, 87, -9999, 78, -9999, 54, -9999, -9999, 16, -9999, -9999, -9999, 60, -9999, -9999, -9999, -9999, -9999, -9999, -9999, -9999, -9999, -9999, 25, -9999, -9999, -9999, -9999, 40, -9999, -9999, -9999, 72, -9999, -9999, -9999, -9999, 68, -9999, 6, 40, 60, -9999, -9999, -9999, -9999, -9999, -9999, -9999, -9999, 54, -9999, 10, -9999, 84, -9999, -9999, -9999, -9999, -9999, -9999, -9999, -9999, 17, -9999, -9999, 28, -9999, -9999, 84, -9999, -9999, -9999, -9999, 90, -9999, -9999, -9999, 27, -9999, -9999, -9999, 81, 4, -9999, -9999, -9999, -9999, 37, 1, 1, 1, 1, 1],
[-9999, -9999, -9999, -9999, -9999, -9999, -9999, -9999, 30, -9999, 91, 44, -9999, 10, -9999, 81, 69, 76, -9999, 70, 65, -9999, -9999, -9999, 75, 17, 32, -9999, -9999, 23, 4, -9999, -9999, -9999, -9999, 89, -9999, 76, -9999, 10, -9999, 43, -9999, -9999, 52, -9999, 30, 11, 55, 72, 81, 79, 26, 91, -9999, -9999, 84, 41, 20, -9999, 8, 95, 97, 92, -9999, -9999, -9999, 61, 82, -9999, -9999, -9999, 67, -9999, 16, 93, -9999, -9999, -9999, 3, -9999, -9999, -9999, 100, -9999, -9999, 16, -9999, -9999, -9999, 24, -9999, 69, 49, -9999, -9999, -9999, -9999, -9999, -9999, 1, 1, 1, 1, 1],
[-9999, -9999, -9999, -9999, -9999, -9999, 43, 17, -9999, 52, 50, 41, 14, 28, 60, -9999, 4, -9999, -9999, 72, -9999, 67, -9999, -9999, -9999, -9999, 95, 94, 70, 61, -9999, -9999, -9999, 80, 29, 21, 36, -9999, -9999, -9999, -9999, 30, -9999, -9999, 53, 68, -9999, -9999, -9999, -9999, 34, 59, 28, 93, -9999, -9999, 4, 48, -9999, -9999, 83, -9999, -9999, 25, -9999, 8, -9999, -9999, 43, -9999, -9999, 14, 87, -9999, 91, 29, -9999, 58, -9999, 30, -9999, -9999, -9999, -9999, 27, 22, -9999, 47, -9999, 2, -9999, 67, -9999, 87, -9999, 83, 27, -9999, -9999, 57, 1, 1, 1, 1, 1],
[-9999, -9999, -9999, -9999, -9999, -9999, -9999, -9999, -9999, -9999, -9999, -9999, -9999, -9999, -9999, -9999, 84, -9999, -9999, 67, -9999, -9999, -9999, -9999, -9999, -9999, -9999, -9999, -9999, 52, -9999, -9999, -9999, -9999, 69, -9999, -9999, -9999, -9999, 35, -9999, -9999, -9999, 5, -9999, -9999, -9999, -9999, -9999, -9999, 72, 30, 29, -9999, -9999, -9999, -9999, 17, -9999, -9999, -9999, 80, -9999, 80, -9999, 41, 95, -9999, -9999, -9999, -9999, -9999, -9999, -9999, 4, -9999, -9999, 2, -9999, -9999, 91, -9999, 61, -9999, 53, -9999, -9999, -9999, -9999, 90, -9999, -9999, -9999, 6, -9999, -9999, -9999, -9999, -9999, 21, 1, 1, 1, 1, 1],
[-9999, -9999, -9999, -9999, -9999, -9999, -9999, -9999, -9999, -9999, -9999, -9999, -9999, -9999, -9999, -9999, 43, -9999, -9999, 16, -9999, -9999, -9999, -9999, -9999, -9999, -9999, 70, -9999, 52, -9999, -9999, -9999, -9999, 11, -9999, -9999, -9999, -9999, 20, -9999, -9999, -9999, -9999, -9999, -9999, -9999, -9999, 65, -9999, 51, -9999, 57, -9999, -9999, -9999, -9999, 65, -9999, -9999, -9999, 89, -9999, 15, -9999, -9999, -9999, -9999, -9999, -9999, -9999, -9999, -9999, -9999, 58, -9999, -9999, -9999, -9999, 13, -9999, -9999, -9999, -9999, -9999, 56, -9999, -9999, -9999, 87, -9999, -9999, -9999, 69, -9999, 39, -9999, -9999, -9999, 58, 1, 1, 1, 1, 1],
[-9999, -9999, -9999, -9999, -9999, -9999, -9999, -9999, -9999, -9999, -9999, -9999, -9999, -9999, -9999, -9999, -9999, -9999, -9999, -9999, -9999, -9999, -9999, -9999, -9999, -9999, -9999, -9999, -9999, 46, -9999, -9999, -9999, -9999, -9999, 57, -9999, -9999, -9999, -9999, -9999, -9999, -9999, -9999, -9999, -9999, -9999, -9999, -9999, -9999, -9999, -9999, -9999, -9999, -9999, -9999, -9999, -9999, -9999, -9999, -9999, -9999, -9999, -9999, -9999, -9999, -9999, -9999, -9999, -9999, -9999, -9999, -9999, -9999, -9999, -9999, -9999, -9999, -9999, -9999, -9999, -9999, -9999, -9999, -9999, -9999, -9999, -9999, -9999, -9999, -9999, -9999, -9999, -9999, -9999, -9999, -9999, -9999, -9999, -9999, 1, 1, 1, 1, 1],
[-9999, -9999, -9999, -9999, -9999, 58, -9999, 100, 16, 70, 18, 33, -9999, 98, -9999, -9999, 42, -9999, -9999, 89, -9999, 21, 99, 36, -9999, -9999, -9999, -9999, -9999, -9999, -9999, -9999, -9999, -9999, 5, 13, -9999, 40, -9999, 10, -9999, 20, -9999, 63, -9999, 34, -9999, -9999, 54, -9999, -9999, -9999, 94, -9999, -9999, -9999, 14, 49, -9999, 51, -9999, 12, -9999, -9999, -9999, 47, -9999, -9999, 43, -9999, -9999, 15, 30, -9999, 17, -9999, -9999, -9999, -9999, 86, 72, -9999, -9999, -9999, 95, 100, -9999, -9999, -9999, -9999, -9999, 50, -9999, 94, 53, 64, -9999, -9999, -9999, 95, 1, 1, 1, 1, 1],
[-9999, -9999, -9999, -9999, -9999, -9999, 97, 51, -9999, -9999, 68, 71, -9999, 70, 17, -9999, 26, -9999, 78, 97, -9999, 50, -9999, 83, 84, -9999, 37, 83, -9999, -9999, -9999, -9999, 66, -9999, 21, 88, -9999, 93, -9999, 8, -9999, 33, -9999, -9999, -9999, 31, -9999, -9999, -9999, -9999, -9999, -9999, -9999, -9999, -9999, -9999, 83, 56, -9999, -9999, 65, -9999, 98, 96, -9999, 66, -9999, -9999, 77, -9999, -9999, -9999, 55, -9999, 11, -9999, -9999, -9999, -9999, 64, -9999, -9999, 26, -9999, 66, -9999, -9999, -9999, -9999, 59, -9999, 42, -9999, -9999, 93, -9999, 59, -9999, -9999, -9999, 1, 1, 1, 1, 1],
[-9999, -9999, -9999, -9999, -9999, -9999, -9999, -9999, -9999, -9999, -9999, -9999, -9999, -9999, 15, -9999, 75, -9999, -9999, 59, -9999, -9999, -9999, 1, -9999, -9999, -9999, 41, -9999, 84, -9999, -9999, -9999, -9999, 35, -9999, -9999, -9999, -9999, -9999, -9999, -9999, -9999, 28, -9999, -9999, -9999, -9999, 46, -9999, 71, 87, -9999, -9999, -9999, -9999, -9999, 46, -9999, -9999, -9999, -9999, -9999, -9999, -9999, 37, -9999, -9999, -9999, -9999, -9999, -9999, -9999, -9999, 75, -9999, -9999, 45, -9999, 1, -9999, -9999, 55, -9999, 61, 60, -9999, -9999, -9999, 68, -9999, -9999, -9999, -9999, -9999, 5, -9999, -9999, -9999, -9999, 1, 1, 1, 1, 1],
[-9999, -9999, -9999, -9999, -9999, -9999, -9999, -9999, 27, -9999, 45, 30, 19, 40, -9999, -9999, 68, -9999, -9999, 68, -9999, -9999, 85, -9999, 48, -9999, 89, 79, -9999, -9999, -9999, -9999, -9999, -9999, -9999, 43, -9999, 88, -9999, 97, -9999, 19, -9999, -9999, 36, 97, -9999, -9999, -9999, -9999, 92, -9999, -9999, -9999, -9999, -9999, 5, 71, -9999, 22, -9999, 42, 52, 85, -9999, 94, -9999, -9999, 94, -9999, -9999, 77, 76, -9999, 2, 20, -9999, 96, -9999, 99, 53, -9999, -9999, -9999, 24, 60, -9999, -9999, -9999, -9999, -9999, 51, -9999, -9999, 99, -9999, 74, -9999, -9999, -9999, 1, 1, 1, 1, 1],
[-9999, -9999, -9999, -9999, -9999, -9999, 4, -9999, -9999, 76, 31, 61, -9999, -9999, -9999, -9999, 8, -9999, 60, 36, -9999, -9999, 13, 98, -9999, -9999, 55, -9999, 44, -9999, -9999, -9999, -9999, -9999, 4, 20, -9999, -9999, -9999, 18, 85, 12, 73, 77, 36, 66, -9999, -9999, 50, -9999, 41, -9999, 8, -9999, -9999, -9999, 58, 40, -9999, -9999, 90, 91, 42, -9999, 18, 91, -9999, -9999, 5, -9999, -9999, -9999, 65, -9999, 86, -9999, -9999, -9999, -9999, -9999, 78, -9999, 17, -9999, -9999, 88, -9999, -9999, -9999, 40, -9999, 65, -9999, -9999, -9999, -9999, 84, -9999, -9999, 4, 1, 1, 1, 1, 1],
[-9999, -9999, -9999, -9999, -9999, -9999, -9999, -9999, -9999, -9999, -9999, -9999, -9999, -9999, -9999, -9999, 10, -9999, -9999, 97, -9999, -9999, -9999, -9999, -9999, -9999, -9999, 98, -9999, 22, -9999, -9999, -9999, -9999, -9999, -9999, -9999, -9999, -9999, -9999, -9999, -9999, -9999, -9999, -9999, -9999, -9999, -9999, 65, -9999, -9999, 38, 54, -9999, -9999, -9999, -9999, 1, -9999, -9999, -9999, 32, -9999, -9999, -9999, 30, -9999, -9999, -9999, -9999, -9999, -9999, -9999, 67, 39, -9999, -9999, -9999, -9999, 80, 29, -9999, 16, -9999, 94, 84, -9999, -9999, -9999, -9999, -9999, -9999, -9999, 91, -9999, -9999, -9999, -9999, -9999, -9999, 1, 1, 1, 1, 1],
[-9999, -9999, -9999, -9999, -9999, 89, 88, 19, 19, -9999, 69, 34, 80, -9999, 78, -9999, 78, -9999, 11, 93, -9999, -9999, 40, -9999, -9999, -9999, 93, 29, 29, 58, -9999, -9999, -9999, -9999, -9999, 71, -9999, 96, -9999, -9999, 41, 37, 50, -9999, 13, -9999, -9999, -9999, -9999, -9999, 45, 62, -9999, 11, -9999, -9999, 15, 94, -9999, 73, -9999, 69, 58, -9999, -9999, 44, -9999, -9999, 16, -9999, -9999, 22, 81, 73, 42, 3, -9999, 92, -9999, 98, -9999, -9999, -9999, -9999, 41, -9999, -9999, -9999, -9999, -9999, -9999, -9999, -9999, 76, 94, -9999, 72, 69, -9999, 5, 1, 1, 1, 1, 1],
[-9999, -9999, -9999, -9999, -9999, -9999, -9999, -9999, -9999, -9999, -9999, -9999, 97, -9999, -9999, -9999, 61, -9999, -9999, 35, -9999, -9999, -9999, -9999, -9999, -9999, -9999, 91, -9999, 39, -9999, -9999, -9999, -9999, -9999, -9999, -9999, -9999, -9999, 83, -9999, -9999, -9999, 79, -9999, -9999, -9999, -9999, 100, -9999, 32, 15, 35, -9999, -9999, -9999, -9999, 70, -9999, -9999, -9999, 2, -9999, 22, 82, 97, -9999, -9999, -9999, -9999, -9999, -9999, -9999, -9999, 35, -9999, -9999, 39, -9999, 35, -9999, -9999, -9999, -9999, 100, 64, -9999, -9999, -9999, -9999, -9999, -9999, -9999, -9999, 38, -9999, -9999, -9999, -9999, 98, 1, 1, 1, 1, 1],
[-9999, -9999, -9999, -9999, -9999, 29, 25, 50, 69, -9999, 14, 79, -9999, 19, -9999, -9999, 80, 68, 54, 82, -9999, 36, -9999, -9999, -9999, -9999, -9999, -9999, -9999, 16, -9999, -9999, 84, -9999, 5, -9999, -9999, 52, -9999, -9999, -9999, -9999, -9999, 91, 14, -9999, -9999, -9999, -9999, -9999, 14, 100, 10, -9999, -9999, -9999, 41, 100, -9999, -9999, -9999, -9999, 28, -9999, -9999, -9999, -9999, -9999, 42, -9999, -9999, 100, 77, -9999, 45, 58, -9999, 47, 50, 78, -9999, -9999, 89, -9999, 54, -9999, -9999, -9999, -9999, 99, -9999, 17, -9999, 31, 87, -9999, 100, -9999, -9999, 68, 1, 1, 1, 1, 1],
[-9999, -9999, -9999, -9999, -9999, -9999, 70, 84, -9999, 59, 92, 38, 86, 89, -9999, -9999, 7, 23, 96, 33, -9999, -9999, 5, 77, -9999, -9999, 70, -9999, -9999, -9999, -9999, -9999, -9999, -9999, -9999, 37, -9999, -9999, -9999, 98, -9999, -9999, -9999, 57, 59, 70, -9999, -9999, 7, -9999, -9999, 48, 56, -9999, -9999, -9999, 88, 46, -9999, -9999, -9999, 1, -9999, 76, -9999, 6, -9999, -9999, 22, -9999, -9999, 93, 14, -9999, 58, 5, -9999, 84, -9999, 98, -9999, -9999, 38, -9999, 15, 1, -9999, -9999, -9999, 31, -9999, 63, -9999, 76, 34, -9999, 6, -9999, -9999, -9999, 1, 1, 1, 1, 1],
[-9999, -9999, -9999, -9999, -9999, -9999, -9999, -9999, -9999, -9999, 21, 48, -9999, -9999, 88, -9999, 42, 61, -9999, 28, -9999, 76, 23, 25, -9999, -9999, 30, -9999, -9999, 5, -9999, -9999, -9999, -9999, -9999, 55, -9999, 72, -9999, 37, -9999, -9999, -9999, 71, 13, -9999, -9999, -9999, -9999, -9999, -9999, -9999, -9999, 80, -9999, -9999, 58, 2, -9999, 97, 96, -9999, 94, 22, -9999, 94, 58, -9999, 58, -9999, -9999, 75, 46, -9999, 40, -9999, -9999, -9999, -9999, -9999, -9999, -9999, -9999, -9999, -9999, 58, -9999, -9999, -9999, -9999, -9999, -9999, -9999, -9999, 79, -9999, -9999, -9999, -9999, 86, 1, 1, 1, 1, 1],
[-9999, -9999, -9999, -9999, -9999, -9999, 98, 83, 45, 16, 72, 66, 93, -9999, 69, -9999, 46, 100, 10, 65, -9999, 84, 32, -9999, 9, -9999, -9999, 99, -9999, 39, -9999, 70, -9999, -9999, -9999, 15, -9999, -9999, -9999, -9999, -9999, -9999, -9999, 47, 75, -9999, -9999, -9999, -9999, -9999, -9999, -9999, 24, 22, -9999, -9999, 2, -9999, -9999, -9999, 35, -9999, 34, -9999, -9999, -9999, -9999, -9999, 3, -9999, -9999, 85, 26, -9999, 97, 11, -9999, 67, 81, -9999, -9999, -9999, -9999, -9999, -9999, -9999, -9999, -9999, -9999, -9999, -9999, -9999, -9999, 55, -9999, -9999, 56, -9999, -9999, 74, 1, 1, 1, 1, 1],
[-9999, -9999, -9999, -9999, -9999, 63, -9999, 39, -9999, 79, 12, 38, 50, 100, 44, -9999, 2, 66, 36, 86, -9999, 96, 46, 89, 57, -9999, -9999, 44, -9999, 68, -9999, -9999, -9999, -9999, 94, 42, -9999, 39, -9999, -9999, -9999, -9999, -9999, 22, 50, -9999, -9999, -9999, 65, -9999, -9999, 44, 52, 58, -9999, -9999, 1, 91, -9999, 25, 11, -9999, -9999, 64, -9999, 98, -9999, -9999, 49, -9999, -9999, 94, 37, -9999, 19, -9999, -9999, -9999, -9999, -9999, 85, -9999, -9999, -9999, -9999, -9999, -9999, -9999, -9999, -9999, -9999, -9999, -9999, -9999, -9999, -9999, 13, -9999, -9999, -9999, 1, 1, 1, 1, 1],
[-9999, -9999, -9999, -9999, -9999, -9999, -9999, -9999, -9999, -9999, -9999, -9999, -9999, -9999, 4, -9999, 22, -9999, -9999, 99, -9999, -9999, -9999, 15, -9999, -9999, -9999, 50, -9999, -9999, -9999, -9999, -9999, -9999, 98, -9999, -9999, -9999, -9999, 81, -9999, -9999, -9999, -9999, -9999, -9999, -9999, -9999, -9999, -9999, -9999, -9999, -9999, -9999, -9999, -9999, -9999, -9999, -9999, -9999, -9999, 1, -9999, 1, -9999, 62, -9999, -9999, -9999, -9999, -9999, -9999, -9999, 46, 43, -9999, -9999, 37, -9999, 11, 64, -9999, -9999, -9999, -9999, -9999, -9999, -9999, -9999, -9999, -9999, -9999, -9999, 22, 67, -9999, -9999, -9999, -9999, 18, 1, 1, 1, 1, 1],
[-9999, -9999, -9999, -9999, -9999, -9999, -9999, -9999, -9999, -9999, -9999, -9999, -9999, -9999, -9999, -9999, -9999, -9999, -9999, -9999, -9999, -9999, -9999, -9999, -9999, -9999, -9999, -9999, 24, 79, -9999, -9999, -9999, -9999, -9999, -9999, -9999, -9999, -9999, -9999, -9999, -9999, -9999, -9999, -9999, -9999, -9999, -9999, 22, -9999, -9999, -9999, -9999, 53, -9999, -9999, -9999, -9999, -9999, -9999, -9999, -9999, -9999, -9999, -9999, -9999, -9999, -9999, -9999, -9999, -9999, -9999, -9999, -9999, -9999, -9999, -9999, -9999, -9999, -9999, -9999, -9999, -9999, -9999, -9999, -9999, -9999, -9999, -9999, -9999, -9999, -9999, -9999, -9999, -9999, -9999, -9999, -9999, -9999, -9999, 1, 1, 1, 1, 1],
[-9999, -9999, -9999, -9999, -9999, 27, 29, 48, 26, -9999, 66, 97, -9999, 91, 37, 13, 12, -9999, 60, 25, 73, -9999, 7, 7, -9999, 50, 85, 73, 50, -9999, 41, -9999, -9999, -9999, 58, 93, -9999, 63, 56, 71, 28, 88, -9999, -9999, -9999, -9999, 17, -9999, -9999, -9999, 44, 64, 6, -9999, -9999, 81, 54, 49, 22, 29, 25, 70, 62, -9999, -9999, 18, -9999, -9999, 8, -9999, -9999, 55, 77, -9999, 39, -9999, 96, 2, -9999, 96, 58, 66, -9999, -9999, 68, -9999, 43, -9999, 44, 81, -9999, -9999, -9999, 78, 67, -9999, -9999, -9999, 40, -9999, 1, 1, 1, 1, 1],
[-9999, -9999, -9999, -9999, -9999, 95, 93, 56, 34, -9999, 70, 79, -9999, -9999, -9999, -9999, 35, -9999, -9999, 54, -9999, 52, 84, -9999, -9999, -9999, 56, -9999, 55, 48, -9999, -9999, 49, -9999, -9999, 32, -9999, 33, -9999, 37, 56, 96, -9999, 56, -9999, 14, -9999, -9999, -9999, -9999, -9999, -9999, -9999, 44, -9999, -9999, 85, -9999, -9999, 80, 56, -9999, 72, 35, -9999, -9999, -9999, -9999, 54, -9999, -9999, -9999, 22, -9999, 38, -9999, -9999, -9999, -9999, 91, 52, -9999, -9999, -9999, -9999, 71, -9999, -9999, -9999, 5, -9999, -9999, -9999, 98, -9999, -9999, -9999, -9999, -9999, -9999, 1, 1, 1, 1, 1],
[-9999, -9999, -9999, -9999, -9999, 64, 15, -9999, 49, 43, 30, 42, -9999, 30, 66, -9999, 42, 1, -9999, 55, -9999, 13, -9999, 76, 85, -9999, -9999, -9999, 8, 79, -9999, -9999, -9999, -9999, 82, 90, -9999, -9999, -9999, -9999, 65, -9999, -9999, 83, 51, -9999, -9999, -9999, 27, -9999, 56, 26, -9999, -9999, -9999, -9999, 45, -9999, -9999, 29, 49, 77, 26, 91, 29, 4, -9999, -9999, 61, -9999, -9999, -9999, 30, -9999, 30, 16, -9999, 81, -9999, 73, -9999, -9999, -9999, -9999, 41, 88, -9999, -9999, -9999, 68, -9999, 55, -9999, 49, 21, -9999, 58, 5, -9999, -9999, 1, 1, 1, 1, 1],
[-9999, -9999, -9999, -9999, -9999, -9999, -9999, 23, 15, 95, 34, 90, 78, -9999, 7, -9999, 96, -9999, -9999, 19, -9999, -9999, -9999, -9999, 21, -9999, -9999, -9999, -9999, 67, -9999, -9999, -9999, -9999, -9999, 78, -9999, 22, -9999, 20, -9999, 61, -9999, -9999, -9999, 53, -9999, -9999, -9999, -9999, 85, -9999, 39, 89, -9999, -9999, 91, -9999, -9999, -9999, 34, 84, -9999, 62, -9999, 56, -9999, -9999, 60, -9999, -9999, 26, 79, 25, 42, -9999, -9999, 64, -9999, -9999, -9999, -9999, -9999, -9999, -9999, 40, -9999, -9999, -9999, 48, -9999, -9999, -9999, 54, 79, 60, -9999, -9999, -9999, -9999, 1, 1, 1, 1, 1],
[-9999, -9999, -9999, -9999, -9999, -9999, -9999, -9999, -9999, -9999, -9999, -9999, 12, -9999, 15, -9999, 50, -9999, -9999, 86, -9999, -9999, -9999, 46, -9999, -9999, -9999, -9999, -9999, -9999, -9999, -9999, -9999, -9999, -9999, -9999, -9999, -9999, -9999, -9999, -9999, -9999, 32, -9999, -9999, -9999, -9999, -9999, -9999, -9999, 11, 7, 71, -9999, -9999, -9999, -9999, 21, -9999, -9999, -9999, 66, -9999, 63, -9999, 22, -9999, -9999, -9999, -9999, -9999, -9999, -9999, -9999, 2, -9999, -9999, -9999, -9999, 56, 34, -9999, -9999, -9999, 45, 66, -9999, -9999, -9999, -9999, -9999, -9999, -9999, 12, -9999, -9999, -9999, -9999, -9999, 39, 1, 1, 1, 1, 1],
[-9999, -9999, -9999, -9999, -9999, -9999, -9999, -9999, -9999, -9999, -9999, -9999, -9999, -9999, -9999, -9999, 55, -9999, -9999, 7, -9999, -9999, -9999, 99, -9999, -9999, -9999, 35, -9999, 11, -9999, -9999, -9999, -9999, 16, -9999, -9999, -9999, -9999, 3, -9999, -9999, -9999, 80, -9999, -9999, -9999, -9999, -9999, -9999, -9999, 27, 93, -9999, -9999, -9999, -9999, -9999, -9999, -9999, -9999, 13, -9999, -9999, -9999, 60, -9999, -9999, -9999, -9999, -9999, -9999, -9999, -9999, 2, -9999, -9999, 68, -9999, 73, -9999, -9999, -9999, -9999, 83, -9999, -9999, -9999, -9999, 72, -9999, -9999, -9999, 75, 1, -9999, -9999, -9999, -9999, -9999, 1, 1, 1, 1, 1],
[-9999, -9999, -9999, -9999, -9999, -9999, -9999, -9999, -9999, -9999, -9999, -9999, 39, -9999, 73, -9999, 15, -9999, -9999, 56, -9999, -9999, -9999, 85, -9999, -9999, -9999, 28, -9999, 58, -9999, -9999, -9999, -9999, -9999, -9999, -9999, -9999, -9999, -9999, -9999, -9999, -9999, 94, -9999, -9999, -9999, -9999, -9999, -9999, -9999, -9999, -9999, -9999, -9999, -9999, -9999, -9999, -9999, -9999, -9999, -9999, -9999, 55, -9999, 2, -9999, -9999, -9999, -9999, -9999, -9999, -9999, -9999, 14, -9999, -9999, 39, -9999, 7, 50, -9999, -9999, -9999, 61, -9999, -9999, -9999, -9999, -9999, -9999, -9999, -9999, -9999, -9999, -9999, -9999, -9999, -9999, 3, 1, 1, 1, 1, 1],
[-9999, -9999, -9999, -9999, -9999, -9999, -9999, -9999, -9999, -9999, -9999, -9999, -9999, -9999, 51, -9999, 58, -9999, -9999, 3, 18, -9999, -9999, 57, -9999, -9999, -9999, 23, -9999, -9999, -9999, -9999, -9999, -9999, -9999, -9999, -9999, -9999, -9999, -9999, -9999, -9999, -9999, 59, -9999, -9999, -9999, -9999, 16, -9999, -9999, 32, 97, -9999, -9999, -9999, -9999, 14, -9999, -9999, -9999, -9999, -9999, -9999, 14, 85, -9999, 5, -9999, -9999, -9999, -9999, -9999, -9999, 4, -9999, -9999, 85, -9999, 10, -9999, -9999, 99, -9999, -9999, 47, -9999, -9999, -9999, 67, 59, -9999, 80, -9999, -9999, -9999, -9999, -9999, -9999, -9999, 1, 1, 1, 1, 1],
[-9999, -9999, -9999, -9999, -9999, -9999, -9999, -9999, -9999, -9999, -9999, -9999, -9999, -9999, 1, -9999, 35, -9999, -9999, 1, -9999, -9999, -9999, 68, -9999, -9999, -9999, 28, -9999, -9999, -9999, -9999, -9999, -9999, 42, -9999, -9999, -9999, -9999, -9999, -9999, -9999, -9999, -9999, -9999, -9999, -9999, -9999, 12, -9999, 3, -9999, 71, -9999, -9999, -9999, -9999, -9999, -9999, -9999, -9999, 38, -9999, 46, -9999, -9999, -9999, -9999, -9999, -9999, -9999, -9999, -9999, -9999, 46, -9999, -9999, 33, -9999, 94, -9999, -9999, -9999, -9999, -9999, 57, -9999, -9999, -9999, -9999, -9999, -9999, -9999, 70, 4, -9999, -9999, -9999, -9999, -9999, 1, 1, 1, 1, 1],
[-9999, -9999, -9999, -9999, -9999, -9999, -9999, -9999, -9999, -9999, -9999, -9999, -9999, -9999, -9999, -9999, -9999, -9999, -9999, -9999, -9999, -9999, -9999, -9999, -9999, -9999, -9999, -9999, -9999, 37, -9999, -9999, -9999, -9999, -9999, -9999, -9999, -9999, -9999, -9999, -9999, -9999, -9999, -9999, -9999, -9999, -9999, -9999, 88, -9999, -9999, -9999, -9999, -9999, -9999, -9999, -9999, -9999, -9999, -9999, -9999, -9999, -9999, -9999, -9999, -9999, -9999, -9999, -9999, -9999, -9999, -9999, -9999, -9999, -9999, -9999, -9999, -9999, -9999, -9999, -9999, -9999, -9999, -9999, -9999, -9999, -9999, -9999, -9999, -9999, -9999, -9999, -9999, -9999, -9999, -9999, -9999, -9999, -9999, -9999, 1, 1, 1, 1, 1],
[-9999, -9999, -9999, -9999, -9999, 54, 12, 41, -9999, -9999, 96, 94, 10, -9999, -9999, 63, 14, -9999, -9999, 60, 59, -9999, 89, 10, -9999, -9999, 24, -9999, 38, 79, 24, -9999, -9999, -9999, 1, 80, -9999, 55, 96, 67, 19, 67, 93, 7, -9999, 82, 98, 83, -9999, 45, -9999, 86, 51, -9999, -9999, 9, 45, -9999, -9999, 58, 51, 68, 94, 12, -9999, 24, -9999, 77, 98, -9999, -9999, 72, 40, -9999, 37, -9999, -9999, 12, -9999, -9999, -9999, -9999, -9999, 53, -9999, 9, 61, -9999, -9999, 38, -9999, 42, 32, -9999, -9999, -9999, -9999, -9999, 59, 92, 1, 1, 1, 1, 1],
[-9999, -9999, -9999, -9999, -9999, -9999, -9999, -9999, -9999, -9999, -9999, -9999, -9999, -9999, 7, -9999, 77, -9999, -9999, 26, -9999, -9999, -9999, 69, -9999, -9999, -9999, 13, -9999, -9999, -9999, -9999, -9999, -9999, 53, -9999, -9999, -9999, -9999, 85, -9999, -9999, 59, -9999, -9999, -9999, -9999, -9999, 36, -9999, -9999, -9999, -9999, -9999, -9999, -9999, -9999, 34, -9999, -9999, -9999, 50, -9999, 84, -9999, 14, -9999, -9999, -9999, -9999, -9999, -9999, -9999, -9999, 66, -9999, -9999, -9999, -9999, -9999, 2, -9999, -9999, -9999, 96, -9999, -9999, -9999, -9999, 53, -9999, -9999, -9999, 24, 62, -9999, -9999, -9999, -9999, 82, 1, 1, 1, 1, 1],
[-9999, -9999, -9999, -9999, -9999, -9999, -9999, -9999, -9999, -9999, -9999, -9999, 93, -9999, 14, -9999, 92, -9999, -9999, 80, -9999, -9999, -9999, -9999, -9999, -9999, -9999, 33, -9999, 94, -9999, -9999, -9999, -9999, -9999, -9999, -9999, -9999, -9999, 88, -9999, -9999, -9999, 76, -9999, -9999, -9999, -9999, 75, -9999, -9999, -9999, -9999, -9999, -9999, -9999, -9999, -9999, -9999, -9999, -9999, -9999, -9999, 28, -9999, -9999, -9999, -9999, -9999, -9999, -9999, -9999, -9999, -9999, 16, -9999, -9999, 63, -9999, 13, 78, -9999, 19, -9999, 53, 12, -9999, -9999, -9999, -9999, -9999, -9999, -9999, -9999, -9999, -9999, -9999, -9999, -9999, -9999, 1, 1, 1, 1, 1],
[-9999, -9999, -9999, -9999, -9999, 95, -9999, 67, -9999, -9999, 54, 95, -9999, -9999, 76, 57, 48, 41, 44, 39, 88, 98, 46, -9999, 90, 18, -9999, 59, 3, 57, 79, -9999, -9999, 81, -9999, -9999, -9999, 64, 19, 21, 21, 62, -9999, 98, -9999, -9999, 1, 8, -9999, 28, 10, 24, 64, 29, -9999, 80, -9999, 5, 89, -9999, -9999, -9999, -9999, -9999, -9999, 30, -9999, 38, 24, -9999, -9999, -9999, 96, -9999, 25, 33, 73, -9999, -9999, 37, -9999, -9999, -9999, -9999, -9999, -9999, 19, -9999, 36, 68, 32, 72, -9999, 36, 1, -9999, 64, -9999, -9999, 17, 1, 1, 1, 1, 1],
[-9999, -9999, -9999, -9999, -9999, -9999, -9999, -9999, -9999, -9999, -9999, -9999, 68, -9999, -9999, -9999, 4, -9999, -9999, 30, -9999, -9999, -9999, -9999, -9999, -9999, -9999, 75, -9999, -9999, -9999, -9999, -9999, -9999, -9999, -9999, -9999, -9999, -9999, 88, -9999, -9999, -9999, 56, -9999, -9999, -9999, -9999, 25, -9999, -9999, -9999, -9999, -9999, -9999, -9999, -9999, -9999, -9999, -9999, -9999, 65, -9999, 75, -9999, 27, -9999, -9999, -9999, -9999, 56, -9999, -9999, -9999, -9999, -9999, -9999, -9999, -9999, 46, 59, -9999, -9999, -9999, 13, -9999, -9999, -9999, -9999, -9999, -9999, -9999, -9999, 32, 3, -9999, -9999, -9999, -9999, 36, 1, 1, 1, 1, 1],
[-9999, -9999, -9999, -9999, -9999, 94, 70, 80, 44, 21, 26, 9, -9999, -9999, 4, -9999, 62, 97, 77, 85, -9999, 68, -9999, 64, 1, -9999, -9999, -9999, 28, 18, -9999, -9999, -9999, -9999, 70, -9999, -9999, 74, -9999, 88, 88, 89, -9999, -9999, 73, 87, -9999, -9999, -9999, -9999, -9999, -9999, -9999, -9999, -9999, -9999, 71, 61, -9999, 24, 55, -9999, 38, -9999, -9999, 93, -9999, -9999, 8, -9999, -9999, 46, 80, -9999, 18, -9999, -9999, 92, -9999, -9999, -9999, -9999, 97, -9999, 96, 44, -9999, -9999, -9999, 75, -9999, -9999, -9999, -9999, 13, -9999, 83, -9999, -9999, 26, 1, 1, 1, 1, 1],
[-9999, -9999, -9999, -9999, -9999, -9999, 57, 48, 74, 22, 58, 2, -9999, 50, 33, -9999, 2, 57, 24, 64, -9999, -9999, -9999, -9999, 12, -9999, 98, 25, -9999, -9999, -9999, -9999, -9999, -9999, -9999, 65, -9999, 97, -9999, 67, -9999, 39, 92, 66, 96, 13, -9999, -9999, -9999, -9999, -9999, 58, -9999, -9999, -9999, -9999, 93, 32, -9999, -9999, 43, 53, 66, -9999, -9999, -9999, -9999, -9999, 7, -9999, 17, 96, -9999, -9999, 23, 47, -9999, -9999, -9999, -9999, 90, -9999, 92, -9999, 38, -9999, -9999, -9999, -9999, 92, -9999, 3, -9999, -9999, -9999, -9999, -9999, -9999, -9999, 15, 1, 1, 1, 1, 1],
[-9999, -9999, -9999, -9999, -9999, -9999, -9999, -9999, -9999, -9999, -9999, -9999, 68, -9999, -9999, -9999, 41, -9999, -9999, -9999, -9999, -9999, -9999, 68, -9999, -9999, -9999, -9999, -9999, -9999, -9999, -9999, -9999, -9999, -9999, -9999, -9999, -9999, -9999, -9999, -9999, -9999, -9999, 37, -9999, -9999, -9999, -9999, -9999, -9999, -9999, -9999, 18, -9999, -9999, -9999, -9999, -9999, -9999, -9999, -9999, -9999, -9999, 5, -9999, 86, -9999, -9999, -9999, -9999, -9999, -9999, -9999, -9999, 89, -9999, -9999, 73, -9999, 56, 40, -9999, -9999, -9999, 18, -9999, -9999, -9999, -9999, -9999, -9999, -9999, -9999, 44, -9999, -9999, -9999, -9999, -9999, 41, 1, 1, 1, 1, 1],
[-9999, -9999, -9999, -9999, -9999, -9999, -9999, 8, -9999, -9999, 85, 45, 45, 68, 32, -9999, 3, 73, 25, 51, -9999, -9999, -9999, -9999, -9999, -9999, 73, 28, -9999, 40, -9999, -9999, -9999, -9999, 45, 65, -9999, 78, -9999, 65, 8, -9999, -9999, -9999, -9999, -9999, -9999, -9999, 22, -9999, 32, -9999, 86, -9999, -9999, -9999, 35, -9999, -9999, -9999, -9999, -9999, -9999, 60, -9999, -9999, 53, -9999, 79, -9999, -9999, 7, 12, -9999, 29, -9999, -9999, 52, -9999, 24, -9999, -9999, -9999, -9999, -9999, -9999, -9999, -9999, -9999, -9999, -9999, -9999, -9999, -9999, -9999, 42, -9999, -9999, -9999, 72, 1, 1, 1, 1, 1],
[-9999, -9999, -9999, -9999, -9999, -9999, 78, -9999, 97, -9999, 80, 60, 64, 37, 29, -9999, 60, -9999, -9999, 75, -9999, 96, 76, 43, 54, -9999, 96, -9999, 91, -9999, -9999, -9999, -9999, -9999, 67, -9999, -9999, 63, -9999, 64, 27, 92, -9999, -9999, -9999, -9999, -9999, -9999, -9999, -9999, 82, -9999, -9999, -9999, -9999, -9999, 75, 15, -9999, 25, 60, 52, -9999, -9999, -9999, 19, -9999, -9999, 53, -9999, 96, 12, 64, -9999, 38, 6, -9999, 23, -9999, -9999, 79, -9999, -9999, -9999, 94, -9999, -9999, -9999, -9999, -9999, -9999, 84, -9999, 42, -9999, -9999, -9999, -9999, -9999, 73, 1, 1, 1, 1, 1],
[-9999, -9999, -9999, -9999, -9999, -9999, -9999, -9999, -9999, -9999, -9999, -9999, -9999, -9999, 92, -9999, 86, -9999, -9999, -9999, -9999, -9999, -9999, 10, -9999, -9999, -9999, 8, -9999, 5, -9999, -9999, -9999, -9999, -9999, -9999, -9999, -9999, -9999, 22, -9999, -9999, 24, 35, -9999, -9999, -9999, -9999, 84, -9999, 52, 26, 13, -9999, -9999, -9999, -9999, 83, -9999, -9999, -9999, 30, -9999, -9999, -9999, -9999, -9999, -9999, -9999, -9999, 11, -9999, -9999, -9999, 14, -9999, -9999, 13, -9999, 47, 72, -9999, -9999, -9999, -9999, -9999, -9999, -9999, -9999, -9999, -9999, -9999, -9999, 54, 71, -9999, -9999, -9999, -9999, 3, 1, 1, 1, 1, 1],
[-9999, -9999, -9999, -9999, -9999, -9999, -9999, -9999, -9999, -9999, -9999, -9999, -9999, -9999, -9999, -9999, 89, -9999, -9999, 91, -9999, -9999, -9999, -9999, -9999, -9999, -9999, -9999, -9999, -9999, -9999, -9999, -9999, -9999, -9999, -9999, -9999, -9999, -9999, 35, -9999, -9999, -9999, 55, -9999, -9999, -9999, -9999, 4, -9999, 9, 46, -9999, -9999, -9999, -9999, -9999, 39, -9999, -9999, -9999, 5, -9999, 26, -9999, 63, -9999, -9999, -9999, -9999, -9999, -9999, -9999, -9999, 53, -9999, -9999, -9999, -9999, 5, -9999, -9999, -9999, -9999, -9999, 67, -9999, -9999, -9999, 6, -9999, -9999, -9999, -9999, 37, -9999, -9999, -9999, -9999, 80, 1, 1, 1, 1, 1],
[-9999, -9999, -9999, -9999, -9999, 23, -9999, -9999, -9999, -9999, 79, 100, -9999, -9999, 80, -9999, 29, 37, 80, 84, -9999, -9999, 63, 67, 97, -9999, 40, -9999, -9999, 17, -9999, -9999, -9999, -9999, 20, 32, 53, -9999, -9999, -9999, 36, 81, -9999, -9999, 69, 1, -9999, -9999, -9999, -9999, 37, 48, -9999, 57, -9999, -9999, 59, 87, -9999, -9999, 25, -9999, -9999, 8, -9999, -9999, -9999, -9999, 21, -9999, -9999, -9999, 87, -9999, 100, 3, -9999, -9999, -9999, 27, 98, -9999, -9999, -9999, -9999, 33, -9999, -9999, -9999, -9999, -9999, 51, -9999, 26, 33, -9999, 95, -9999, -9999, 82, 1, 1, 1, 1, 1],
[-9999, -9999, -9999, -9999, -9999, -9999, -9999, -9999, -9999, -9999, -9999, -9999, -9999, -9999, 65, -9999, 20, -9999, -9999, 92, -9999, -9999, -9999, -9999, -9999, -9999, -9999, 14, -9999, 32, -9999, -9999, -9999, -9999, 75, -9999, -9999, -9999, -9999, -9999, -9999, -9999, -9999, 44, -9999, -9999, -9999, -9999, 87, -9999, -9999, 86, -9999, -9999, -9999, -9999, -9999, 87, -9999, -9999, -9999, -9999, -9999, 34, -9999, -9999, -9999, -9999, -9999, -9999, -9999, -9999, -9999, -9999, 10, -9999, -9999, 49, -9999, 55, -9999, -9999, -9999, -9999, 53, -9999, -9999, -9999, -9999, -9999, -9999, -9999, -9999, 99, 63, -9999, -9999, -9999, -9999, -9999, 1, 1, 1, 1, 1],
[-9999, -9999, -9999, -9999, -9999, 84, 3, -9999, -9999, -9999, 37, 100, 54, -9999, 85, -9999, 87, -9999, 17, 38, -9999, 88, 1, -9999, -9999, -9999, -9999, -9999, 56, 36, -9999, -9999, -9999, 84, 91, 54, -9999, 50, -9999, 69, -9999, 78, -9999, 59, -9999, 38, -9999, -9999, -9999, -9999, -9999, 89, -9999, 2, -9999, -9999, 51, -9999, -9999, -9999, 94, 67, 2, 19, -9999, 49, -9999, -9999, 64, -9999, -9999, 80, 53, -9999, 18, -9999, -9999, -9999, -9999, -9999, 38, -9999, -9999, -9999, -9999, 66, -9999, -9999, -9999, -9999, -9999, 23, -9999, 92, -9999, -9999, -9999, -9999, -9999, 63, 1, 1, 1, 1, 1],
[-9999, -9999, -9999, -9999, -9999, -9999, -9999, -9999, -9999, -9999, -9999, -9999, 83, -9999, 51, -9999, 24, -9999, -9999, 14, -9999, -9999, -9999, 3, -9999, -9999, -9999, 20, -9999, 76, -9999, -9999, -9999, -9999, 71, -9999, -9999, -9999, -9999, 42, -9999, -9999, -9999, 49, -9999, -9999, -9999, -9999, 56, -9999, 66, 12, -9999, -9999, -9999, -9999, -9999, 6, -9999, -9999, -9999, -9999, -9999, -9999, -9999, 66, -9999, -9999, -9999, -9999, -9999, -9999, -9999, 96, 43, -9999, -9999, -9999, -9999, 77, -9999, -9999, -9999, -9999, 16, 10, -9999, -9999, -9999, 90, -9999, -9999, -9999, 4, -9999, -9999, -9999, -9999, -9999, 86, 1, 1, 1, 1, 1],
[-9999, -9999, -9999, -9999, -9999, -9999, -9999, -9999, -9999, -9999, -9999, -9999, -9999, -9999, 8, -9999, 97, -9999, -9999, 78, -9999, -9999, -9999, 34, -9999, -9999, -9999, -9999, -9999, 96, -9999, -9999, -9999, -9999, 5, -9999, -9999, -9999, -9999, -9999, -9999, -9999, -9999, 58, -9999, -9999, -9999, -9999, 31, -9999, -9999, 32, -9999, -9999, -9999, -9999, -9999, 33, -9999, -9999, -9999, 57, -9999, 81, -9999, 99, -9999, -9999, -9999, -9999, 44, -9999, -9999, -9999, 75, -9999, -9999, 30, -9999, -9999, -9999, -9999, -9999, -9999, 87, 73, -9999, -9999, -9999, 12, -9999, -9999, -9999, 12, 12, -9999, -9999, -9999, -9999, -9999, 1, 1, 1, 1, 1],
[-9999, -9999, -9999, -9999, -9999, 89, 31, -9999, -9999, 53, 58, 61, -9999, -9999, -9999, -9999, 20, 21, -9999, 71, -9999, 86, 100, 4, -9999, -9999, -9999, 50, 75, 97, -9999, -9999, -9999, -9999, -9999, 65, -9999, 59, -9999, 5, -9999, 67, -9999, 84, -9999, 96, -9999, -9999, -9999, -9999, 70, 26, 25, 59, -9999, -9999, 46, 60, -9999, -9999, 98, 42, -9999, 35, -9999, 28, -9999, -9999, 73, -9999, -9999, 17, 16, -9999, 48, 92, -9999, 43, -9999, -9999, -9999, -9999, -9999, -9999, 92, -9999, -9999, -9999, -9999, -9999, -9999, 55, -9999, 42, 34, -9999, -9999, -9999, -9999, 16, 1, 1, 1, 1, 1],
[-9999, -9999, -9999, -9999, -9999, 78, -9999, 13, -9999, 40, 38, 100, -9999, 67, 35, -9999, -9999, -9999, -9999, 33, -9999, 32, 56, 61, 46, -9999, -9999, -9999, 79, -9999, -9999, -9999, -9999, 5, -9999, 38, -9999, 35, -9999, -9999, 27, 78, -9999, -9999, 71, 24, -9999, -9999, 36, -9999, -9999, -9999, -9999, 58, -9999, -9999, 7, -9999, -9999, 69, 56, 32, 71, -9999, -9999, 61, -9999, -9999, 84, -9999, -9999, -9999, 7, -9999, 31, 63, -9999, 46, -9999, 27, 67, -9999, -9999, -9999, 81, 93, -9999, -9999, -9999, -9999, -9999, -9999, -9999, 6, -9999, -9999, 8, -9999, -9999, -9999, 1, 1, 1, 1, 1],
[-9999, -9999, -9999, -9999, -9999, -9999, -9999, -9999, -9999, -9999, -9999, -9999, -9999, -9999, -9999, -9999, -9999, -9999, -9999, -9999, -9999, -9999, -9999, -9999, -9999, -9999, -9999, -9999, 98, 10, -9999, -9999, -9999, -9999, -9999, 57, -9999, -9999, -9999, -9999, -9999, -9999, -9999, -9999, -9999, -9999, -9999, -9999, -9999, -9999, -9999, -9999, -9999, 94, -9999, -9999, -9999, -9999, -9999, -9999, 14, -9999, -9999, -9999, -9999, -9999, -9999, -9999, -9999, -9999, -9999, -9999, -9999, -9999, -9999, -9999, -9999, -9999, -9999, -9999, -9999, -9999, -9999, -9999, -9999, -9999, -9999, -9999, -9999, -9999, -9999, -9999, -9999, -9999, -9999, -9999, -9999, -9999, -9999, -9999, 1, 1, 1, 1, 1],
[-9999, -9999, -9999, -9999, -9999, -9999, -9999, -9999, -9999, -9999, -9999, -9999, 2, -9999, 70, -9999, 21, -9999, -9999, 8, -9999, -9999, -9999, -9999, -9999, -9999, -9999, 27, -9999, 57, -9999, -9999, -9999, -9999, -9999, -9999, -9999, -9999, -9999, -9999, -9999, -9999, -9999, -9999, -9999, -9999, -9999, -9999, 61, -9999, -9999, 99, 78, -9999, -9999, -9999, -9999, -9999, -9999, -9999, -9999, -9999, -9999, -9999, -9999, -9999, -9999, -9999, -9999, -9999, -9999, -9999, -9999, -9999, 90, -9999, -9999, 39, -9999, 38, 3, -9999, -9999, -9999, 37, -9999, -9999, -9999, -9999, -9999, -9999, -9999, -9999, 57, 11, -9999, -9999, -9999, -9999, 78, 1, 1, 1, 1, 1],
[-9999, -9999, -9999, -9999, -9999, 78, 32, -9999, -9999, -9999, 39, 22, -9999, -9999, -9999, -9999, 93, 4, -9999, 73, -9999, -9999, 70, 19, 61, -9999, 10, 29, 60, 6, -9999, -9999, -9999, -9999, 61, 38, -9999, 60, -9999, -9999, -9999, 12, -9999, 23, 36, -9999, -9999, -9999, 1, -9999, 67, -9999, -9999, -9999, -9999, -9999, 80, 5, -9999, 86, -9999, 86, -9999, -9999, -9999, -9999, -9999, -9999, 98, -9999, -9999, 86, 67, -9999, -9999, 14, -9999, -9999, -9999, -9999, -9999, -9999, -9999, -9999, 1, -9999, -9999, -9999, -9999, 99, -9999, 89, -9999, -9999, -9999, 51, -9999, -9999, -9999, -9999, 1, 1, 1, 1, 1],
[-9999, -9999, -9999, -9999, -9999, 37, 34, -9999, 10, -9999, 41, 85, 6, -9999, 62, 63, 17, -9999, 66, 80, 43, -9999, -9999, -9999, 98, 37, 86, 85, 64, 92, 48, -9999, -9999, -9999, -9999, -9999, -9999, -9999, -9999, 82, -9999, 79, -9999, 61, -9999, 6, 36, -9999, 77, 84, -9999, 47, 77, -9999, -9999, 76, 86, -9999, -9999, 82, 55, -9999, -9999, 92, -9999, -9999, -9999, -9999, 97, -9999, -9999, -9999, 27, -9999, 25, -9999, -9999, -9999, 70, 81, 84, 27, -9999, 52, 100, 1, -9999, -9999, -9999, -9999, 48, -9999, -9999, 77, 99, -9999, 45, -9999, -9999, 77, 1, 1, 1, 1, 1],
[-9999, -9999, -9999, -9999, -9999, -9999, -9999, -9999, -9999, -9999, -9999, -9999, 50, -9999, -9999, -9999, 20, -9999, -9999, 55, -9999, -9999, -9999, 56, -9999, -9999, -9999, 51, -9999, 72, -9999, -9999, -9999, -9999, 47, -9999, -9999, -9999, -9999, 3, -9999, -9999, -9999, -9999, -9999, -9999, -9999, -9999, 74, -9999, 77, 53, 22, -9999, -9999, -9999, -9999, -9999, -9999, -9999, -9999, 6, -9999, -9999, 45, 63, -9999, -9999, -9999, -9999, 81, -9999, -9999, -9999, 91, -9999, -9999, -9999, -9999, -9999, 65, -9999, -9999, -9999, -9999, 41, -9999, -9999, -9999, 68, -9999, -9999, -9999, -9999, 51, -9999, -9999, -9999, -9999, -9999, 1, 1, 1, 1, 1],
[-9999, -9999, -9999, -9999, -9999, 36, 21, 18, 16, 39, 90, 30, -9999, -9999, -9999, 78, 35, -9999, -9999, 100, 12, 59, 77, -9999, 98, 52, 2, -9999, 3, 55, 83, -9999, -9999, -9999, 7, 89, -9999, 79, 10, 33, 20, 54, -9999, 96, 80, 18, 37, -9999, 66, 1, -9999, -9999, 71, 44, -9999, 68, 3, -9999, 40, -9999, 93, 74, 37, 23, -9999, 19, -9999, 45, 67, -9999, -9999, 17, 59, 55, 96, -9999, 98, -9999, -9999, 16, 18, 73, -9999, -9999, 45, -9999, -9999, -9999, 36, 22, 69, 42, -9999, 71, 51, -9999, 76, -9999, 56, 19, 1, 1, 1, 1, 1],
[-9999, -9999, -9999, -9999, -9999, -9999, -9999, -9999, -9999, -9999, -9999, -9999, 61, -9999, -9999, -9999, 6, -9999, -9999, 64, -9999, -9999, -9999, 38, -9999, -9999, -9999, 56, -9999, 73, -9999, -9999, -9999, -9999, 49, -9999, -9999, -9999, -9999, 91, -9999, -9999, -9999, 99, -9999, -9999, -9999, -9999, 10, -9999, -9999, 51, 53, -9999, -9999, -9999, -9999, 36, -9999, -9999, -9999, 75, -9999, -9999, -9999, 87, -9999, -9999, -9999, -9999, -9999, -9999, -9999, -9999, 67, -9999, -9999, -9999, -9999, 93, -9999, -9999, -9999, -9999, 10, -9999, -9999, -9999, -9999, -9999, -9999, -9999, -9999, -9999, 63, -9999, -9999, -9999, -9999, 25, 1, 1, 1, 1, 1],
[-9999, -9999, -9999, -9999, -9999, -9999, -9999, -9999, -9999, -9999, -9999, -9999, -9999, -9999, -9999, -9999, -9999, -9999, -9999, -9999, -9999, -9999, -9999, -9999, -9999, -9999, -9999, -9999, -9999, 52, -9999, -9999, -9999, -9999, -9999, -9999, -9999, -9999, -9999, -9999, -9999, -9999, -9999, -9999, -9999, -9999, -9999, -9999, -9999, -9999, -9999, -9999, -9999, 95, -9999, -9999, -9999, -9999, -9999, -9999, 46, -9999, -9999, -9999, -9999, -9999, -9999, -9999, -9999, -9999, -9999, -9999, -9999, -9999, -9999, -9999, -9999, -9999, -9999, -9999, -9999, -9999, -9999, -9999, -9999, -9999, -9999, -9999, -9999, -9999, -9999, -9999, -9999, -9999, -9999, -9999, -9999, -9999, -9999, -9999, 1, 1, 1, 1, 1],
[-9999, -9999, -9999, -9999, -9999, 96, 12, 19, -9999, 1, 37, 60, 29, 71, -9999, -9999, 41, 99, 63, 86, -9999, -9999, 97, 6, 15, -9999, 55, 5, -9999, 44, -9999, -9999, -9999, 52, -9999, -9999, -9999, -9999, -9999, -9999, 11, 37, 94, 3, -9999, 18, -9999, -9999, 96, -9999, 19, 30, 47, -9999, -9999, -9999, 75, -9999, -9999, 24, 66, 97, -9999, 34, -9999, 76, -9999, -9999, 29, -9999, -9999, -9999, 73, -9999, 91, -9999, -9999, -9999, -9999, -9999, -9999, -9999, -9999, -9999, -9999, 58, -9999, -9999, -9999, -9999, -9999, 35, -9999, 5, -9999, -9999, -9999, 96, -9999, -9999, 1, 1, 1, 1, 1],
[-9999, -9999, -9999, -9999, -9999, -9999, -9999, -9999, -9999, -9999, -9999, -9999, 26, -9999, -9999, -9999, 95, -9999, -9999, 84, -9999, -9999, -9999, 52, -9999, -9999, -9999, -9999, -9999, -9999, -9999, -9999, -9999, -9999, -9999, -9999, -9999, -9999, -9999, 57, -9999, -9999, -9999, 21, -9999, -9999, -9999, -9999, 92, -9999, -9999, 64, -9999, -9999, -9999, -9999, -9999, -9999, -9999, -9999, -9999, -9999, -9999, 84, -9999, 86, -9999, -9999, -9999, -9999, -9999, -9999, -9999, -9999, 93, -9999, -9999, 3, -9999, 19, 53, -9999, -9999, -9999, 52, 75, -9999, -9999, -9999, -9999, -9999, -9999, -9999, -9999, -9999, 97, -9999, -9999, -9999, 15, 1, 1, 1, 1, 1],
[-9999, -9999, -9999, -9999, -9999, -9999, -9999, -9999, -9999, -9999, -9999, -9999, -9999, -9999, -9999, -9999, -9999, -9999, -9999, -9999, -9999, -9999, -9999, -9999, -9999, -9999, -9999, -9999, 49, -9999, -9999, -9999, -9999, -9999, -9999, 2, -9999, -9999, -9999, -9999, -9999, -9999, -9999, -9999, -9999, -9999, -9999, -9999, 41, -9999, -9999, -9999, -9999, 89, -9999, -9999, -9999, -9999, -9999, -9999, -9999, -9999, -9999, -9999, -9999, -9999, -9999, -9999, -9999, -9999, -9999, -9999, -9999, -9999, -9999, -9999, -9999, -9999, -9999, -9999, -9999, -9999, -9999, -9999, -9999, -9999, -9999, -9999, -9999, -9999, -9999, -9999, -9999, -9999, -9999, -9999, -9999, -9999, -9999, -9999, 1, 1, 1, 1, 1],
[-9999, -9999, -9999, -9999, -9999, -9999, -9999, -9999, -9999, -9999, -9999, -9999, -9999, -9999, -9999, -9999, -9999, -9999, -9999, -9999, -9999, -9999, -9999, -9999, -9999, -9999, -9999, -9999, -9999, 8, -9999, -9999, -9999, -9999, -9999, -9999, -9999, -9999, -9999, -9999, -9999, -9999, -9999, -9999, -9999, -9999, -9999, -9999, 88, -9999, -9999, -9999, -9999, 30, -9999, -9999, -9999, -9999, -9999, -9999, -9999, -9999, -9999, -9999, -9999, -9999, -9999, -9999, -9999, -9999, -9999, -9999, -9999, -9999, -9999, -9999, -9999, -9999, -9999, -9999, -9999, -9999, -9999, -9999, -9999, -9999, -9999, -9999, -9999, -9999, -9999, -9999, -9999, -9999, -9999, -9999, -9999, -9999, -9999, -9999, 1, 1, 1, 1, 1],
[-9999, -9999, -9999, -9999, -9999, -9999, -9999, -9999, -9999, -9999, -9999, -9999, 70, -9999, 2, -9999, 95, -9999, -9999, 81, -9999, -9999, -9999, 79, -9999, -9999, -9999, 82, -9999, 90, -9999, -9999, -9999, -9999, 100, -9999, -9999, -9999, -9999, 22, -9999, -9999, -9999, 3, -9999, -9999, -9999, -9999, -9999, -9999, 7, -9999, 15, -9999, -9999, -9999, -9999, -9999, -9999, -9999, -9999, -9999, -9999, 23, -9999, 21, -9999, -9999, -9999, -9999, -9999, -9999, -9999, -9999, 38, -9999, -9999, 79, -9999, -9999, -9999, -9999, -9999, -9999, -9999, 77, -9999, -9999, -9999, 39, -9999, -9999, -9999, 52, 96, -9999, -9999, -9999, -9999, -9999, 1, 1, 1, 1, 1],
[-9999, -9999, -9999, -9999, -9999, -9999, -9999, -9999, -9999, -9999, -9999, -9999, -9999, -9999, -9999, -9999, 87, -9999, -9999, 95, -9999, -9999, -9999, -9999, -9999, -9999, -9999, -9999, -9999, 32, -9999, -9999, -9999, -9999, -9999, -9999, -9999, -9999, -9999, -9999, -9999, -9999, -9999, -9999, -9999, -9999, -9999, -9999, 37, -9999, -9999, 55, -9999, -9999, -9999, -9999, -9999, 80, -9999, -9999, -9999, -9999, -9999, 45, -9999, 84, -9999, -9999, -9999, -9999, -9999, -9999, -9999, -9999, 19, -9999, -9999, 89, -9999, -9999, -9999, -9999, -9999, -9999, -9999, -9999, -9999, -9999, -9999, -9999, -9999, -9999, -9999, 77, -9999, -9999, -9999, -9999, -9999, -9999, 1, 1, 1, 1, 1],
[-9999, -9999, -9999, -9999, -9999, -9999, -9999, -9999, -9999, -9999, -9999, -9999, -9999, -9999, -9999, -9999, -9999, -9999, -9999, -9999, -9999, -9999, -9999, -9999, -9999, -9999, -9999, -9999, 43, -9999, -9999, -9999, -9999, -9999, -9999, -9999, -9999, -9999, -9999, -9999, -9999, -9999, -9999, -9999, -9999, -9999, -9999, -9999, 4, -9999, -9999, -9999, -9999, -9999, -9999, -9999, -9999, -9999, -9999, -9999, 79, -9999, -9999, -9999, -9999, -9999, -9999, -9999, -9999, -9999, -9999, -9999, -9999, -9999, -9999, -9999, -9999, -9999, -9999, -9999, -9999, -9999, -9999, -9999, -9999, -9999, -9999, -9999, -9999, -9999, -9999, -9999, -9999, -9999, -9999, -9999, -9999, -9999, -9999, -9999, 1, 1, 1, 1, 1],
[-9999, -9999, -9999, -9999, -9999, -9999, -9999, -9999, -9999, -9999, -9999, -9999, -9999, -9999, -9999, -9999, -9999, -9999, -9999, -9999, -9999, -9999, -9999, -9999, -9999, -9999, -9999, -9999, -9999, -9999, -9999, -9999, -9999, -9999, -9999, -9999, -9999, -9999, -9999, -9999, -9999, -9999, -9999, -9999, -9999, -9999, -9999, -9999, 50, -9999, -9999, -9999, -9999, -9999, -9999, -9999, -9999, -9999, -9999, -9999, -9999, -9999, -9999, -9999, -9999, -9999, -9999, -9999, -9999, -9999, -9999, -9999, -9999, -9999, -9999, -9999, -9999, -9999, -9999, -9999, -9999, -9999, -9999, -9999, -9999, -9999, -9999, -9999, -9999, -9999, -9999, -9999, -9999, -9999, -9999, -9999, -9999, -9999, -9999, -9999, 1, 1, 1, 1, 1],
[-9999, -9999, -9999, -9999, -9999, 56, -9999, 5, -9999, 96, 40, 70, 100, -9999, -9999, -9999, 8, 94, 68, 61, -9999, 40, 89, -9999, -9999, -9999, 7, -9999, 81, 88, -9999, -9999, -9999, -9999, -9999, 47, -9999, 17, -9999, 8, 18, -9999, -9999, -9999, -9999, 90, -9999, -9999, 69, -9999, -9999, -9999, -9999, 1, -9999, -9999, 24, 54, -9999, 24, -9999, -9999, 10, -9999, 34, 17, -9999, -9999, 45, -9999, -9999, -9999, 8, -9999, 87, 68, -9999, 74, -9999, 67, 59, -9999, 46, -9999, 8, 33, -9999, -9999, -9999, 65, -9999, 5, -9999, -9999, 17, -9999, 23, -9999, -9999, 37, 1, 1, 1, 1, 1],
[-9999, -9999, -9999, -9999, -9999, -9999, -9999, -9999, -9999, -9999, -9999, -9999, 47, -9999, 43, -9999, 25, -9999, -9999, 37, -9999, -9999, -9999, 72, -9999, -9999, -9999, -9999, -9999, 61, -9999, -9999, -9999, -9999, -9999, -9999, -9999, -9999, -9999, 26, -9999, -9999, -9999, 62, -9999, -9999, -9999, -9999, 84, -9999, 42, 42, 79, -9999, -9999, -9999, -9999, -9999, -9999, -9999, -9999, 43, -9999, 30, -9999, -9999, -9999, -9999, -9999, -9999, -9999, -9999, -9999, -9999, 94, -9999, -9999, -9999, -9999, -9999, -9999, -9999, -9999, -9999, 54, -9999, -9999, -9999, -9999, -9999, -9999, -9999, -9999, 29, -9999, 34, -9999, -9999, -9999, -9999, 1, 1, 1, 1, 1],
[-9999, -9999, -9999, -9999, -9999, -9999, -9999, -9999, -9999, -9999, -9999, -9999, 38, -9999, 74, -9999, 24, -9999, -9999, 16, -9999, -9999, -9999, -9999, -9999, -9999, -9999, 9, -9999, 94, -9999, -9999, -9999, -9999, 66, -9999, -9999, -9999, -9999, -9999, -9999, -9999, -9999, 52, -9999, -9999, -9999, -9999, 84, -9999, -9999, 81, 77, -9999, -9999, -9999, -9999, 54, -9999, -9999, -9999, 69, -9999, 61, -9999, 18, -9999, -9999, -9999, -9999, -9999, -9999, -9999, -9999, 54, -9999, -9999, 44, -9999, 39, -9999, -9999, -9999, -9999, 10, 44, -9999, -9999, -9999, 98, -9999, -9999, -9999, -9999, 64, -9999, -9999, -9999, -9999, 5, 1, 1, 1, 1, 1],
[-9999, -9999, -9999, -9999, -9999, 66, 8, 68, -9999, 45, 93, 17, 90, -9999, 41, -9999, 4, 11, 99, 55, -9999, -9999, -9999, 39, -9999, -9999, -9999, 5, 53, -9999, -9999, -9999, -9999, -9999, -9999, 93, -9999, 8, -9999, -9999, -9999, -9999, -9999, 70, 53, 39, -9999, -9999, 51, -9999, 54, 81, -9999, -9999, -9999, -9999, 46, -9999, -9999, -9999, -9999, -9999, 78, 32, -9999, -9999, -9999, -9999, 38, -9999, -9999, -9999, 85, -9999, 3, -9999, -9999, 28, -9999, -9999, -9999, -9999, -9999, -9999, 85, -9999, -9999, -9999, -9999, 11, -9999, -9999, -9999, -9999, -9999, -9999, -9999, -9999, -9999, 51, 1, 1, 1, 1, 1],
[-9999, -9999, -9999, -9999, -9999, -9999, -9999, -9999, -9999, -9999, -9999, -9999, -9999, -9999, 22, -9999, 26, -9999, -9999, 35, -9999, -9999, -9999, -9999, -9999, -9999, -9999, 50, -9999, -9999, -9999, -9999, -9999, -9999, -9999, -9999, -9999, -9999, -9999, 9, -9999, -9999, 51, 75, -9999, -9999, -9999, -9999, 9, -9999, -9999, 30, -9999, -9999, -9999, -9999, -9999, 38, -9999, -9999, -9999, 94, -9999, 79, -9999, 49, -9999, -9999, -9999, -9999, -9999, -9999, -9999, -9999, 30, -9999, -9999, 84, -9999, -9999, -9999, -9999, -9999, -9999, 66, -9999, -9999, -9999, -9999, 67, -9999, -9999, -9999, 83, 90, 81, -9999, -9999, -9999, 60, 1, 1, 1, 1, 1],
[-9999, -9999, -9999, -9999, -9999, 29, 21, -9999, 95, 20, 3, 2, 72, 98, 88, -9999, 81, -9999, 63, 41, -9999, 15, -9999, 96, -9999, -9999, 50, -9999, -9999, 76, -9999, -9999, 5, -9999, 94, 38, -9999, -9999, -9999, -9999, 91, -9999, -9999, 27, -9999, 26, -9999, -9999, -9999, -9999, 70, -9999, -9999, 35, -9999, -9999, 39, 3, -9999, 82, 19, 62, 74, 48, -9999, -9999, -9999, -9999, 11, -9999, -9999, 89, 20, -9999, 32, -9999, -9999, -9999, -9999, -9999, 31, -9999, -9999, -9999, 30, 76, -9999, -9999, -9999, 16, -9999, -9999, -9999, -9999, -9999, -9999, -9999, -9999, -9999, 97, 1, 1, 1, 1, 1],
[-9999, -9999, -9999, -9999, -9999, -9999, -9999, -9999, -9999, -9999, -9999, -9999, 63, -9999, -9999, -9999, 27, -9999, -9999, 12, -9999, -9999, -9999, 100, -9999, -9999, -9999, -9999, -9999, 58, -9999, -9999, -9999, -9999, 33, -9999, -9999, -9999, -9999, 14, -9999, -9999, -9999, -9999, -9999, -9999, -9999, -9999, 36, -9999, -9999, 35, -9999, -9999, -9999, -9999, -9999, 55, -9999, -9999, -9999, -9999, -9999, 8, -9999, -9999, -9999, -9999, -9999, -9999, -9999, -9999, -9999, -9999, 31, -9999, -9999, 18, -9999, 1, 96, -9999, -9999, -9999, 58, 89, -9999, -9999, -9999, 7, -9999, -9999, -9999, -9999, -9999, 80, -9999, -9999, -9999, -9999, 1, 1, 1, 1, 1],
[-9999, -9999, -9999, -9999, -9999, -9999, 2, 88, -9999, -9999, 25, 29, 56, 54, 93, -9999, 32, 100, -9999, 60, -9999, -9999, -9999, 81, 22, -9999, 100, 98, -9999, -9999, -9999, -9999, -9999, -9999, 35, 12, -9999, 73, -9999, 8, -9999, 60, -9999, -9999, -9999, 40, -9999, -9999, 33, -9999, -9999, -9999, 97, 62, -9999, -9999, 93, 6, -9999, 62, -9999, 70, -9999, 3, -9999, 41, -9999, -9999, 6, -9999, -9999, 58, 84, -9999, 68, 70, -9999, 74, -9999, 73, -9999, -9999, -9999, -9999, 59, -9999, -9999, -9999, -9999, 32, -9999, -9999, -9999, 68, 51, -9999, 76, -9999, -9999, 63, 1, 1, 1, 1, 1],
[-9999, -9999, -9999, -9999, -9999, 36, -9999, 66, 10, -9999, 95, 73, 48, 60, -9999, -9999, 26, -9999, -9999, 28, -9999, 7, -9999, 61, 77, -9999, 48, 21, 96, 31, -9999, -9999, -9999, -9999, 73, 27, -9999, 53, -9999, 22, 5, 65, -9999, 26, -9999, -9999, -9999, -9999, -9999, -9999, 5, 5, 51, -9999, -9999, -9999, 80, 99, -9999, 77, 98, 71, -9999, 63, -9999, -9999, -9999, -9999, 69, -9999, -9999, 16, 58, -9999, 78, 40, -9999, -9999, 86, -9999, -9999, -9999, -9999, -9999, -9999, 77, -9999, -9999, -9999, -9999, -9999, -9999, -9999, 62, -9999, -9999, -9999, -9999, -9999, 82, 1, 1, 1, 1, 1],
[-9999, -9999, -9999, -9999, -9999, 48, 83, 57, 48, -9999, 25, 70, 57, 60, -9999, -9999, 38, -9999, 65, 12, -9999, 9, 37, 2, 68, -9999, 80, -9999, -9999, 21, -9999, 32, -9999, -9999, 67, 33, 67, 97, -9999, -9999, -9999, 64, -9999, 2, 66, 55, -9999, -9999, -9999, -9999, 12, 56, 72, 17, -9999, -9999, 47, 32, -9999, -9999, -9999, -9999, -9999, 24, -9999, -9999, -9999, -9999, 40, -9999, -9999, -9999, 33, -9999, 58, 94, -9999, 8, -9999, 48, -9999, -9999, -9999, -9999, 19, 56, -9999, -9999, -9999, 71, -9999, 86, -9999, -9999, 85, -9999, -9999, -9999, -9999, 21, 1, 1, 1, 1, 1],
[-9999, -9999, -9999, -9999, -9999, -9999, -9999, -9999, -9999, -9999, -9999, -9999, -9999, -9999, -9999, -9999, -9999, -9999, -9999, -9999, -9999, -9999, -9999, -9999, -9999, -9999, -9999, -9999, -9999, 91, -9999, -9999, -9999, -9999, -9999, -9999, -9999, -9999, -9999, -9999, -9999, -9999, -9999, -9999, -9999, -9999, -9999, -9999, 79, -9999, -9999, -9999, -9999, -9999, -9999, -9999, -9999, -9999, -9999, -9999, -9999, -9999, -9999, -9999, -9999, -9999, -9999, -9999, -9999, -9999, -9999, -9999, -9999, -9999, -9999, -9999, -9999, -9999, -9999, -9999, -9999, -9999, -9999, -9999, -9999, -9999, -9999, -9999, -9999, -9999, -9999, -9999, -9999, -9999, -9999, -9999, -9999, -9999, -9999, -9999, 1, 1, 1, 1, 1],
[-9999, -9999, -9999, -9999, -9999, -9999, -9999, -9999, -9999, -9999, -9999, -9999, -9999, -9999, -9999, -9999, -9999, -9999, -9999, -9999, -9999, -9999, -9999, -9999, -9999, -9999, -9999, -9999, -9999, 83, -9999, -9999, -9999, -9999, -9999, -9999, -9999, -9999, -9999, -9999, -9999, -9999, -9999, -9999, -9999, -9999, -9999, -9999, 10, -9999, -9999, -9999, -9999, -9999, -9999, -9999, -9999, -9999, -9999, -9999, -9999, -9999, -9999, -9999, -9999, -9999, -9999, -9999, -9999, -9999, -9999, -9999, -9999, -9999, -9999, -9999, -9999, -9999, -9999, -9999, -9999, -9999, -9999, -9999, -9999, -9999, -9999, -9999, -9999, -9999, -9999, -9999, -9999, -9999, -9999, -9999, -9999, -9999, -9999, -9999, 1, 1, 1, 1, 1],
[-9999, -9999, -9999, -9999, -9999, -9999, -9999, -9999, -9999, -9999, -9999, -9999, -9999, -9999, -9999, -9999, -9999, -9999, -9999, -9999, -9999, -9999, -9999, -9999, -9999, -9999, -9999, -9999, -9999, -9999, -9999, -9999, -9999, -9999, -9999, -9999, -9999, -9999, -9999, -9999, -9999, -9999, -9999, -9999, -9999, -9999, -9999, -9999, -9999, -9999, -9999, -9999, -9999, -9999, -9999, -9999, -9999, -9999, -9999, -9999, -9999, -9999, -9999, -9999, -9999, -9999, -9999, -9999, -9999, -9999, -9999, -9999, -9999, -9999, -9999, -9999, -9999, -9999, -9999, -9999, -9999, -9999, -9999, -9999, -9999, -9999, -9999, -9999, -9999, -9999, -9999, -9999, -9999, -9999, -9999, -9999, -9999, -9999, -9999, -9999, -9999, -9999, -9999, -9999, -9999],
[-9999, -9999, -9999, -9999, -9999, -9999, -9999, -9999, -9999, -9999, -9999, -9999, -9999, -9999, -9999, -9999, -9999, -9999, -9999, -9999, -9999, -9999, -9999, -9999, -9999, -9999, -9999, -9999, -9999, -9999, -9999, -9999, -9999, -9999, -9999, -9999, -9999, -9999, -9999, -9999, -9999, -9999, -9999, -9999, -9999, -9999, -9999, -9999, -9999, -9999, -9999, -9999, -9999, -9999, -9999, -9999, -9999, -9999, -9999, -9999, -9999, -9999, -9999, -9999, -9999, -9999, -9999, -9999, -9999, -9999, -9999, -9999, -9999, -9999, -9999, -9999, -9999, -9999, -9999, -9999, -9999, -9999, -9999, -9999, -9999, -9999, -9999, -9999, -9999, -9999, -9999, -9999, -9999, -9999, -9999, -9999, -9999, -9999, -9999, -9999, -9999, -9999, -9999, -9999, -9999],
[-9999, -9999, -9999, -9999, -9999, -9999, -9999, -9999, -9999, -9999, -9999, -9999, -9999, -9999, -9999, -9999, -9999, -9999, -9999, -9999, -9999, -9999, -9999, -9999, -9999, -9999, -9999, -9999, -9999, -9999, -9999, -9999, -9999, -9999, -9999, -9999, -9999, -9999, -9999, -9999, -9999, -9999, -9999, -9999, -9999, -9999, -9999, -9999, -9999, -9999, -9999, -9999, -9999, -9999, -9999, -9999, -9999, -9999, -9999, -9999, -9999, -9999, -9999, -9999, -9999, -9999, -9999, -9999, -9999, -9999, -9999, -9999, -9999, -9999, -9999, -9999, -9999, -9999, -9999, -9999, -9999, -9999, -9999, -9999, -9999, -9999, -9999, -9999, -9999, -9999, -9999, -9999, -9999, -9999, -9999, -9999, -9999, -9999, -9999, -9999, -9999, -9999, -9999, -9999, -9999],
[-9999, -9999, -9999, -9999, -9999, -9999, -9999, -9999, -9999, -9999, -9999, -9999, -9999, -9999, -9999, -9999, -9999, -9999, -9999, -9999, -9999, -9999, -9999, -9999, -9999, -9999, -9999, -9999, -9999, -9999, -9999, -9999, -9999, -9999, -9999, -9999, -9999, -9999, -9999, -9999, -9999, -9999, -9999, -9999, -9999, -9999, -9999, -9999, -9999, -9999, -9999, -9999, -9999, -9999, -9999, -9999, -9999, -9999, -9999, -9999, -9999, -9999, -9999, -9999, -9999, -9999, -9999, -9999, -9999, -9999, -9999, -9999, -9999, -9999, -9999, -9999, -9999, -9999, -9999, -9999, -9999, -9999, -9999, -9999, -9999, -9999, -9999, -9999, -9999, -9999, -9999, -9999, -9999, -9999, -9999, -9999, -9999, -9999, -9999, -9999, -9999, -9999, -9999, -9999, -9999],
[-9999, -9999, -9999, -9999, -9999, -9999, -9999, -9999, -9999, -9999, -9999, -9999, -9999, -9999, -9999, -9999, -9999, -9999, -9999, -9999, -9999, -9999, -9999, -9999, -9999, -9999, -9999, -9999, -9999, -9999, -9999, -9999, -9999, -9999, -9999, -9999, -9999, -9999, -9999, -9999, -9999, -9999, -9999, -9999, -9999, -9999, -9999, -9999, -9999, -9999, -9999, -9999, -9999, -9999, -9999, -9999, -9999, -9999, -9999, -9999, -9999, -9999, -9999, -9999, -9999, -9999, -9999, -9999, -9999, -9999, -9999, -9999, -9999, -9999, -9999, -9999, -9999, -9999, -9999, -9999, -9999, -9999, -9999, -9999, -9999, -9999, -9999, -9999, -9999, -9999, -9999, -9999, -9999, -9999, -9999, -9999, -9999, -9999, -9999, -9999, -9999, -9999, -9999, -9999, -9999]
];
