NbNodes = 105;
NbNDDs = 5;
NbPairs = 95;
NbTerminals = 5;
K = 0;
L = 97;
Wt = [
[-9999, -9999, -9999, -9999, -9999, -9999, -9999, -9999, -9999, -9999, 79, -9999, -9999, -9999, -9999, -9999, -9999, -9999, 17, -9999, -9999, -9999, 46, -9999, 8, -9999, -9999, 5, 39, 22, -9999, -9999, 31, -9999, -9999, -9999, -9999, -9999, -9999, -9999, -9999, 99, -9999, -9999, -9999, 57, -9999, -9999, -9999, -9999, 75, -9999, 70, 33, 44, 71, -9999, -9999, 14, -9999, -9999, -9999, -9999, -9999, -9999, -9999, -9999, -9999, -9999, -9999, -9999, -9999, 12, -9999, -9999, -9999, -9999, -9999, -9999, 96, 44, -9999, -9999, -9999, -9999, -9999, -9999, -9999, -9999, -9999, -9999, -9999, -9999, -9999, -9999, 68, -9999, -9999, -9999, -9999, 1, 1, 1, 1, 1],
[-9999, -9999, -9999, -9999, -9999, 42, -9999, -9999, 13, -9999, 44, 34, 44, -9999, 98, 58, 49, 58, 62, 9, 100, -9999, 18, -9999, -9999, 11, 38, 39, 95, -9999, 48, 27, -9999, 19, 82, 42, -9999, -9999, -9999, 57, 13, 77, -9999, 68, -9999, -9999, -9999, -9999, -9999, -9999, 99, 65, 82, -9999, 85, 35, -9999, 36, -9999, -9999, -9999, 3, 79, 91, -9999, 35, 41, -9999, -9999, 13, 1, -9999, 98, -9999, 71, 80, -9999, -9999, 63, 27, 55, -9999, 46, -9999, 59, 48, -9999, -9999, -9999, -9999, 60, -9999, 62, -9999, 6, 17, 94, 68, -9999, -9999, 1, 1, 1, 1, 1],
[-9999, -9999, -9999, -9999, -9999, 18, -9999, -9999, 24, 10, 84, -9999, 11, 78, -9999, 5, 99, 89, -9999, 40, 63, -9999, -9999, -9999, -9999, 91, -9999, -9999, -9999, 54, -9999, 97, -9999, 93, -9999, -9999, 64, 81, -9999, 79, 13, 29, -9999, -9999, -9999, -9999, -9999, 63, 12, -9999, 21, -9999, 96, -9999, -9999, 88, 24, 63, 22, 75, -9999, -9999, 45, 26, 70, 61, -9999, 2, 80, 87, 68, -9999, -9999, -9999, 80, 8, 6, 30, -9999, -9999, 92, 43, 19, -9999, -9999, 33, -9999, -9999, 13, -9999, 52, 21, 40, -9999, 31, -9999, -9999, 99, -9999, -9999, 1, 1, 1, 1, 1],
[-9999, -9999, -9999, -9999, -9999, -9999, -9999, 52, 65, -9999, 99, 30, 6, -9999, 46, -9999, 15, 26, 48, 82, -9999, -9999, -9999, -9999, 74, 88, 60, 36, -9999, 6, 78, -9999, 64, -9999, -9999, -9999, -9999, 41, -9999, 16, -9999, 81, -9999, -9999, -9999, -9999, -9999, -9999, -9999, -9999, -9999, 11, 6, 69, 91, 29, 21, 95, -9999, -9999, -9999, -9999, 8, -9999, 85, 14, 48, -9999, 19, 22, 11, -9999, -9999, -9999, -9999, 82, -9999, -9999, -9999, 44, 84, 1, 20, -9999, 73, 12, -9999, -9999, -9999, 46, 41, -9999, 74, -9999, 33, 91, 48, 66, -9999, -9999, 1, 1, 1, 1, 1],
[-9999, -9999, -9999, -9999, -9999, -9999, -9999, -9999, -9999, -9999, 16, -9999, -9999, -9999, -9999, -9999, -9999, -9999, -9999, -9999, 23, -9999, 20, -9999, -9999, -9999, 16, -9999, -9999, 27, -9999, -9999, 46, -9999, -9999, -9999, -9999, -9999, -9999, -9999, -9999, -9999, 58, -9999, -9999, -9999, -9999, -9999, -9999, -9999, 74, -9999, 57, 24, -9999, 54, -9999, -9999, -9999, -9999, -9999, -9999, -9999, -9999, -9999, -9999, -9999, 17, -9999, -9999, 37, -9999, 76, -9999, 61, -9999, -9999, -9999, -9999, 48, 42, -9999, -9999, -9999, -9999, 48, 96, -9999, -9999, -9999, -9999, -9999, -9999, -9999, 53, 46, 31, -9999, -9999, -9999, 1, 1, 1, 1, 1],
[-9999, -9999, -9999, -9999, -9999, -9999, -9999, -9999, -9999, -9999, 94, -9999, -9999, -9999, -9999, -9999, -9999, -9999, -9999, -9999, -9999, -9999, 100, -9999, -9999, -9999, 2, -9999, -9999, 9, -9999, -9999, 33, -9999, -9999, -9999, -9999, -9999, -9999, -9999, -9999, -9999, -9999, -9999, -9999, -9999, -9999, -9999, -9999, -9999, 31, 87, 71, 76, 8, 1, -9999, -9999, -9999, -9999, -9999, -9999, -9999, -9999, -9999, -9999, -9999, -9999, -9999, -9999, 80, -9999, 14, -9999, -9999, -9999, -9999, -9999, -9999, 5, 24, -9999, 90, -9999, -9999, 39, -9999, -9999, -9999, -9999, -9999, -9999, -9999, -9999, 55, 36, 65, -9999, -9999, -9999, 1, 1, 1, 1, 1],
[-9999, -9999, -9999, -9999, -9999, -9999, -9999, -9999, -9999, -9999, 92, -9999, -9999, -9999, -9999, -9999, -9999, -9999, 88, -9999, -9999, -9999, -9999, -9999, -9999, -9999, 58, -9999, 15, 58, -9999, -9999, 61, -9999, -9999, -9999, -9999, -9999, -9999, -9999, -9999, 95, -9999, -9999, -9999, 29, -9999, -9999, -9999, -9999, 85, -9999, 88, -9999, -9999, 45, -9999, -9999, -9999, -9999, -9999, -9999, -9999, -9999, -9999, -9999, -9999, -9999, -9999, -9999, -9999, -9999, 15, -9999, 40, -9999, -9999, -9999, -9999, 95, 73, -9999, 23, -9999, -9999, 43, -9999, -9999, -9999, -9999, -9999, -9999, -9999, -9999, 18, 23, -9999, -9999, -9999, -9999, 1, 1, 1, 1, 1],
[-9999, -9999, -9999, -9999, -9999, -9999, -9999, -9999, -9999, -9999, 59, -9999, -9999, -9999, -9999, -9999, -9999, -9999, 55, -9999, -9999, -9999, 25, -9999, -9999, -9999, 15, 48, 87, -9999, -9999, -9999, 50, -9999, -9999, -9999, -9999, -9999, -9999, -9999, -9999, -9999, -9999, -9999, -9999, 44, -9999, -9999, -9999, -9999, -9999, -9999, 75, 30, 83, 53, -9999, -9999, -9999, -9999, -9999, -9999, -9999, 70, -9999, -9999, 72, -9999, -9999, -9999, -9999, -9999, 7, -9999, -9999, -9999, -9999, -9999, -9999, 48, 77, -9999, -9999, -9999, -9999, 18, -9999, -9999, 24, -9999, -9999, -9999, -9999, -9999, -9999, 57, -9999, -9999, -9999, -9999, 1, 1, 1, 1, 1],
[-9999, -9999, -9999, -9999, -9999, 29, -9999, -9999, -9999, 59, 7, 88, 77, -9999, -9999, -9999, 72, 28, 42, 11, 97, -9999, -9999, -9999, -9999, -9999, 73, -9999, 53, 70, 78, 21, -9999, -9999, -9999, 92, -9999, 14, 7, 18, -9999, 22, -9999, -9999, -9999, -9999, -9999, -9999, -9999, -9999, 75, 70, 47, -9999, 8, 37, 57, 63, 3, 5, -9999, 23, 81, 70, -9999, -9999, 37, -9999, 50, 33, -9999, 35, 61, -9999, -9999, 97, 89, -9999, 30, 33, 14, 40, 50, -9999, -9999, 73, -9999, -9999, -9999, -9999, 52, 100, -9999, -9999, 80, -9999, -9999, -9999, -9999, -9999, 1, 1, 1, 1, 1],
[-9999, -9999, -9999, -9999, -9999, -9999, -9999, -9999, -9999, -9999, -9999, -9999, -9999, -9999, -9999, -9999, -9999, -9999, -9999, -9999, -9999, -9999, -9999, -9999, -9999, -9999, -9999, -9999, -9999, -9999, -9999, -9999, -9999, -9999, -9999, -9999, -9999, -9999, -9999, -9999, -9999, -9999, -9999, -9999, -9999, -9999, -9999, -9999, -9999, -9999, -9999, -9999, -9999, -9999, -9999, -9999, -9999, -9999, -9999, -9999, -9999, -9999, -9999, -9999, -9999, -9999, -9999, -9999, -9999, -9999, -9999, -9999, -9999, -9999, -9999, -9999, -9999, -9999, -9999, -9999, -9999, -9999, -9999, -9999, -9999, -9999, -9999, -9999, -9999, -9999, -9999, -9999, -9999, -9999, -9999, -9999, -9999, -9999, -9999, -9999, 1, 1, 1, 1, 1],
[-9999, -9999, -9999, -9999, -9999, -9999, 12, -9999, 92, -9999, -9999, 89, 60, -9999, 40, -9999, 74, 90, -9999, 86, -9999, -9999, 60, -9999, -9999, -9999, -9999, -9999, 98, 79, 34, 22, -9999, -9999, -9999, -9999, 89, 23, -9999, 83, -9999, 44, 1, -9999, 49, -9999, -9999, -9999, -9999, -9999, 92, -9999, 16, -9999, 39, 63, 26, 34, 25, -9999, 96, -9999, 12, -9999, 34, 76, -9999, 81, -9999, -9999, -9999, -9999, 63, 23, -9999, 95, 92, -9999, 6, -9999, 100, -9999, 12, 35, 65, -9999, 73, 66, 2, -9999, 35, 12, 99, 49, -9999, 1, 43, 61, -9999, 20, 1, 1, 1, 1, 1],
[-9999, -9999, -9999, -9999, -9999, -9999, -9999, -9999, -9999, -9999, 55, -9999, -9999, -9999, -9999, -9999, -9999, -9999, -9999, -9999, -9999, -9999, 58, -9999, 45, -9999, -9999, -9999, -9999, 5, -9999, -9999, -9999, -9999, -9999, -9999, -9999, -9999, 9, -9999, -9999, -9999, -9999, -9999, -9999, -9999, -9999, -9999, -9999, -9999, 22, 67, -9999, -9999, 92, 17, -9999, -9999, -9999, -9999, -9999, -9999, -9999, 31, -9999, -9999, -9999, -9999, -9999, -9999, -9999, -9999, 72, -9999, 33, -9999, -9999, -9999, -9999, -9999, 16, -9999, -9999, -9999, -9999, -9999, -9999, -9999, -9999, -9999, -9999, -9999, -9999, -9999, 13, 44, 61, -9999, -9999, -9999, 1, 1, 1, 1, 1],
[-9999, -9999, -9999, -9999, -9999, -9999, -9999, -9999, 46, -9999, 5, 99, -9999, 93, 43, 94, 45, 33, 71, 77, 4, -9999, 64, -9999, 56, -9999, -9999, -9999, 24, -9999, 2, 16, 34, -9999, -9999, 26, -9999, 35, -9999, 5, -9999, 4, -9999, 7, -9999, 55, -9999, -9999, -9999, -9999, -9999, 95, -9999, 17, -9999, 76, 24, 22, -9999, -9999, -9999, 17, 34, 8, 65, 36, -9999, -9999, 47, 74, -9999, 38, 91, -9999, 38, 69, 13, -9999, -9999, 1, 49, 11, -9999, -9999, 7, 46, -9999, -9999, -9999, -9999, 63, -9999, -9999, -9999, 38, 82, 31, -9999, -9999, -9999, 1, 1, 1, 1, 1],
[-9999, -9999, -9999, -9999, -9999, -9999, -9999, -9999, -9999, -9999, 14, -9999, -9999, -9999, -9999, -9999, -9999, -9999, 63, -9999, -9999, -9999, 36, -9999, 96, -9999, -9999, -9999, 79, 77, -9999, -9999, 7, -9999, -9999, -9999, -9999, -9999, -9999, -9999, -9999, 66, -9999, -9999, -9999, -9999, -9999, -9999, -9999, -9999, 91, 67, -9999, 40, 36, 79, -9999, -9999, -9999, -9999, -9999, -9999, -9999, 40, -9999, -9999, -9999, -9999, -9999, -9999, -9999, -9999, -9999, -9999, 58, -9999, -9999, -9999, -9999, -9999, 37, -9999, 96, -9999, -9999, 78, -9999, -9999, -9999, -9999, -9999, -9999, -9999, -9999, -9999, -9999, 30, -9999, -9999, -9999, 1, 1, 1, 1, 1],
[-9999, -9999, -9999, -9999, -9999, -9999, -9999, -9999, -9999, -9999, 17, 33, -9999, -9999, -9999, -9999, -9999, -9999, 64, -9999, -9999, -9999, -9999, -9999, 11, -9999, -9999, -9999, 40, 99, -9999, -9999, -9999, -9999, -9999, -9999, -9999, -9999, -9999, -9999, -9999, -9999, -9999, -9999, -9999, -9999, -9999, -9999, -9999, -9999, -9999, -9999, -9999, 63, 94, 96, -9999, -9999, 81, -9999, -9999, -9999, -9999, 15, -9999, -9999, -9999, -9999, -9999, -9999, 56, -9999, 92, -9999, -9999, -9999, -9999, -9999, -9999, -9999, 86, -9999, 8, -9999, -9999, -9999, -9999, 44, 100, -9999, -9999, -9999, -9999, -9999, 86, 10, -9999, -9999, -9999, -9999, 1, 1, 1, 1, 1],
[-9999, -9999, -9999, -9999, -9999, -9999, -9999, -9999, 11, -9999, 10, -9999, 32, 88, -9999, -9999, 61, 33, 81, 76, -9999, -9999, -9999, -9999, 87, -9999, 72, -9999, 80, -9999, -9999, 39, 54, 26, -9999, 13, -9999, 20, -9999, 22, 77, -9999, -9999, -9999, -9999, -9999, -9999, -9999, -9999, -9999, -9999, -9999, 57, -9999, -9999, 51, 100, 15, -9999, 93, -9999, 65, -9999, -9999, -9999, -9999, -9999, -9999, -9999, 33, -9999, 22, -9999, -9999, 86, -9999, -9999, -9999, 22, 63, 85, -9999, -9999, -9999, -9999, 10, -9999, -9999, -9999, -9999, -9999, -9999, 64, -9999, 28, -9999, 98, -9999, -9999, -9999, 1, 1, 1, 1, 1],
[-9999, -9999, -9999, -9999, -9999, -9999, -9999, -9999, -9999, -9999, 98, 91, -9999, -9999, -9999, -9999, -9999, -9999, -9999, -9999, 74, -9999, 82, -9999, -9999, -9999, 18, -9999, 19, -9999, -9999, -9999, 66, -9999, -9999, -9999, -9999, -9999, -9999, -9999, -9999, -9999, -9999, -9999, -9999, -9999, -9999, -9999, -9999, -9999, -9999, 56, -9999, 72, -9999, 88, -9999, -9999, -9999, -9999, -9999, -9999, -9999, 30, -9999, -9999, -9999, -9999, -9999, -9999, 45, -9999, 99, -9999, 30, -9999, -9999, -9999, -9999, 2, 98, -9999, -9999, -9999, -9999, 13, -9999, -9999, 51, -9999, -9999, -9999, -9999, -9999, 11, -9999, 71, -9999, -9999, -9999, 1, 1, 1, 1, 1],
[-9999, -9999, -9999, -9999, -9999, -9999, -9999, -9999, 47, -9999, 49, -9999, -9999, 42, 98, -9999, 76, -9999, 48, 67, 40, -9999, -9999, -9999, -9999, 96, -9999, -9999, 77, 48, 48, 21, -9999, 30, -9999, 3, -9999, -9999, -9999, 9, 27, 2, -9999, -9999, -9999, -9999, -9999, -9999, -9999, -9999, 15, 61, -9999, 35, 60, 83, -9999, 77, 43, -9999, -9999, 4, 17, 25, 43, -9999, -9999, -9999, -9999, 39, -9999, -9999, 92, -9999, -9999, -9999, 1, -9999, 68, -9999, 16, -9999, 30, 21, 49, -9999, -9999, -9999, -9999, -9999, 28, -9999, -9999, -9999, 29, 91, 66, 71, -9999, -9999, 1, 1, 1, 1, 1],
[-9999, -9999, -9999, -9999, -9999, -9999, -9999, -9999, -9999, -9999, 83, 72, -9999, -9999, -9999, -9999, -9999, -9999, -9999, -9999, 2, -9999, 15, -9999, 64, -9999, -9999, -9999, -9999, -9999, -9999, -9999, 86, -9999, -9999, -9999, -9999, -9999, -9999, -9999, -9999, 29, -9999, -9999, -9999, -9999, -9999, -9999, -9999, -9999, 92, 78, -9999, 53, -9999, 29, -9999, -9999, -9999, -9999, -9999, -9999, -9999, -9999, -9999, -9999, 75, -9999, -9999, -9999, 47, -9999, -9999, -9999, 66, -9999, -9999, -9999, -9999, -9999, 36, -9999, 2, -9999, -9999, -9999, -9999, 57, -9999, -9999, -9999, -9999, -9999, -9999, -9999, -9999, 32, -9999, -9999, -9999, 1, 1, 1, 1, 1],
[-9999, -9999, -9999, -9999, -9999, -9999, -9999, -9999, -9999, -9999, 41, -9999, -9999, -9999, -9999, -9999, -9999, -9999, 14, -9999, -9999, -9999, 9, -9999, 95, -9999, -9999, 77, -9999, -9999, -9999, -9999, -9999, -9999, -9999, -9999, 79, -9999, -9999, -9999, -9999, 30, 6, -9999, -9999, -9999, 4, -9999, -9999, -9999, 86, -9999, 96, 83, -9999, 93, -9999, -9999, 20, -9999, -9999, -9999, -9999, 95, -9999, -9999, -9999, -9999, -9999, -9999, 28, -9999, 93, 68, 35, -9999, -9999, -9999, -9999, 7, 87, -9999, -9999, -9999, -9999, 47, -9999, -9999, -9999, -9999, -9999, -9999, -9999, -9999, -9999, 35, -9999, -9999, -9999, 43, 1, 1, 1, 1, 1],
[-9999, -9999, -9999, -9999, -9999, -9999, -9999, -9999, 90, 39, 76, 43, 30, 46, -9999, 21, 16, 26, -9999, 100, -9999, -9999, 50, -9999, 91, 19, 57, -9999, -9999, -9999, 85, 13, 4, -9999, -9999, -9999, -9999, 12, -9999, 85, -9999, 62, -9999, -9999, -9999, -9999, -9999, -9999, -9999, 96, 83, -9999, 51, 26, -9999, -9999, -9999, 20, 79, -9999, -9999, 65, 25, 17, 78, -9999, -9999, -9999, -9999, -9999, 73, 67, 18, -9999, -9999, 59, -9999, -9999, 85, 51, 67, -9999, -9999, 40, -9999, 65, -9999, -9999, -9999, -9999, 83, -9999, 39, -9999, -9999, -9999, 54, -9999, -9999, -9999, 1, 1, 1, 1, 1],
[-9999, -9999, -9999, -9999, -9999, -9999, -9999, -9999, 70, -9999, 18, -9999, 37, 91, -9999, -9999, 31, 39, 2, 96, -9999, -9999, 54, -9999, 74, -9999, -9999, -9999, -9999, 9, 14, -9999, 32, -9999, -9999, 52, -9999, 72, -9999, 28, 39, 59, -9999, -9999, -9999, -9999, -9999, -9999, -9999, -9999, -9999, -9999, 89, 6, 25, 20, 57, 95, 52, -9999, -9999, -9999, 25, -9999, 99, -9999, -9999, -9999, 31, 64, -9999, 59, 4, -9999, 46, 14, 84, -9999, -9999, -9999, 86, -9999, -9999, 100, -9999, -9999, -9999, -9999, 94, -9999, 64, 44, 23, -9999, 47, 28, 26, 91, -9999, -9999, 1, 1, 1, 1, 1],
[-9999, -9999, -9999, -9999, -9999, -9999, -9999, -9999, 86, -9999, 65, 8, 87, 48, -9999, -9999, 84, 82, -9999, 41, -9999, -9999, -9999, -9999, 13, -9999, -9999, -9999, 21, 15, 53, 96, 7, 13, -9999, -9999, -9999, 97, -9999, 24, 74, -9999, -9999, -9999, -9999, -9999, -9999, -9999, -9999, -9999, -9999, 43, -9999, 3, -9999, 8, -9999, 88, -9999, -9999, -9999, -9999, -9999, 61, -9999, -9999, -9999, -9999, 33, 66, -9999, 89, 35, -9999, 48, -9999, 46, -9999, 56, -9999, 4, 46, -9999, 74, 39, 95, -9999, -9999, 99, -9999, -9999, -9999, 17, -9999, 49, 40, 96, -9999, -9999, -9999, 1, 1, 1, 1, 1],
[-9999, -9999, -9999, -9999, -9999, -9999, -9999, -9999, 75, 89, 91, 29, 27, -9999, 10, -9999, 26, 14, 91, 69, 75, -9999, -9999, -9999, 33, -9999, 80, 12, 41, 14, -9999, -9999, 60, 53, -9999, 78, -9999, 60, -9999, 52, 59, 7, -9999, -9999, -9999, -9999, -9999, -9999, -9999, 99, 31, -9999, -9999, 66, 69, 89, 91, 71, -9999, -9999, -9999, 19, 86, 4, 89, -9999, -9999, -9999, 96, 63, -9999, 66, 25, -9999, -9999, 7, -9999, -9999, 52, -9999, 30, -9999, 9, 66, 47, -9999, 74, -9999, -9999, -9999, -9999, 72, -9999, -9999, -9999, -9999, -9999, -9999, -9999, -9999, 1, 1, 1, 1, 1],
[-9999, -9999, -9999, -9999, -9999, -9999, -9999, -9999, -9999, -9999, 43, -9999, -9999, -9999, -9999, -9999, -9999, -9999, -9999, -9999, 54, -9999, 96, -9999, -9999, -9999, -9999, -9999, 12, 18, -9999, -9999, -9999, -9999, -9999, -9999, -9999, -9999, -9999, -9999, -9999, -9999, -9999, -9999, -9999, -9999, -9999, -9999, -9999, -9999, -9999, 8, 19, 61, 77, 15, -9999, -9999, 65, -9999, -9999, -9999, -9999, -9999, -9999, -9999, -9999, -9999, -9999, -9999, -9999, -9999, 81, -9999, -9999, -9999, -9999, -9999, -9999, 35, 58, -9999, 55, -9999, -9999, 35, -9999, -9999, -9999, -9999, -9999, -9999, -9999, -9999, -9999, -9999, 66, -9999, -9999, -9999, 1, 1, 1, 1, 1],
[-9999, -9999, -9999, -9999, -9999, 63, -9999, -9999, 6, 27, 42, -9999, 60, -9999, -9999, -9999, 30, 34, 77, 31, 22, -9999, 70, -9999, 81, -9999, -9999, -9999, -9999, -9999, 51, 21, 28, -9999, -9999, 76, -9999, -9999, -9999, 31, -9999, 20, -9999, -9999, -9999, -9999, -9999, -9999, -9999, 27, -9999, -9999, -9999, -9999, 4, 98, 45, 25, -9999, -9999, -9999, -9999, 100, 58, 1, -9999, -9999, -9999, 65, -9999, -9999, -9999, 92, -9999, 39, 23, -9999, -9999, -9999, 82, -9999, 7, -9999, 70, 31, 25, -9999, -9999, -9999, 88, 100, -9999, -9999, -9999, -9999, -9999, -9999, 64, -9999, -9999, 1, 1, 1, 1, 1],
[-9999, -9999, -9999, -9999, -9999, 76, -9999, -9999, 42, -9999, 17, 64, 68, 59, -9999, -9999, 35, 96, -9999, 64, 67, -9999, -9999, -9999, -9999, -9999, -9999, -9999, 76, 4, -9999, -9999, -9999, 13, -9999, -9999, -9999, 68, -9999, 37, 91, 80, -9999, -9999, -9999, 80, -9999, -9999, -9999, -9999, -9999, -9999, 95, -9999, 49, 74, 17, 94, 78, -9999, -9999, 73, 89, 55, 20, 92, 31, -9999, 44, 80, -9999, -9999, 2, -9999, 93, 5, -9999, -9999, 31, -9999, 18, -9999, 28, -9999, 50, 63, -9999, -9999, -9999, -9999, 42, -9999, -9999, -9999, 73, 19, 78, 49, -9999, -9999, 1, 1, 1, 1, 1],
[-9999, -9999, -9999, -9999, -9999, 35, -9999, -9999, 87, 81, 79, 30, -9999, 80, -9999, -9999, 56, 35, 68, 30, 49, -9999, 76, -9999, 2, 16, -9999, -9999, -9999, -9999, 26, 58, 38, 75, -9999, 15, -9999, 25, -9999, 7, 39, -9999, -9999, -9999, -9999, 84, -9999, -9999, -9999, -9999, 10, 92, -9999, 84, -9999, 39, 59, 53, 30, -9999, -9999, 62, -9999, 86, 85, -9999, -9999, -9999, 56, -9999, -9999, 41, 56, -9999, 56, -9999, -9999, -9999, 1, 92, 95, -9999, 30, -9999, 29, -9999, -9999, 13, -9999, -9999, -9999, -9999, -9999, -9999, 64, 68, 44, 49, -9999, -9999, 1, 1, 1, 1, 1],
[-9999, -9999, -9999, -9999, -9999, 73, -9999, -9999, 25, -9999, 33, -9999, -9999, 62, 2, -9999, 90, 54, 59, 38, 9, -9999, 66, -9999, -9999, 54, -9999, -9999, -9999, 100, 83, 40, 68, 76, -9999, 84, -9999, 80, -9999, 81, 60, -9999, -9999, -9999, -9999, -9999, -9999, -9999, -9999, -9999, -9999, -9999, 13, 87, 77, 90, 45, 10, -9999, 71, -9999, 26, 32, 92, 3, -9999, -9999, -9999, -9999, -9999, 54, -9999, -9999, -9999, 34, 23, 73, -9999, 89, -9999, 9, -9999, 40, 40, 75, 15, -9999, 66, -9999, -9999, 21, 71, -9999, -9999, -9999, 91, -9999, 92, -9999, -9999, 1, 1, 1, 1, 1],
[-9999, -9999, -9999, -9999, -9999, -9999, -9999, -9999, -9999, -9999, 5, -9999, -9999, -9999, -9999, -9999, -9999, -9999, 59, -9999, 3, -9999, -9999, -9999, 54, -9999, 25, -9999, 48, -9999, -9999, -9999, 8, -9999, -9999, -9999, -9999, -9999, -9999, -9999, -9999, 98, 19, -9999, -9999, -9999, -9999, -9999, -9999, -9999, 36, 75, -9999, -9999, 52, 59, -9999, -9999, -9999, -9999, -9999, -9999, -9999, 3, -9999, -9999, -9999, 16, -9999, -9999, 26, -9999, 84, 63, 43, -9999, -9999, -9999, -9999, -9999, 87, -9999, 73, -9999, -9999, 24, -9999, -9999, -9999, -9999, -9999, -9999, -9999, -9999, -9999, -9999, -9999, -9999, -9999, -9999, 1, 1, 1, 1, 1],
[-9999, -9999, -9999, -9999, -9999, -9999, -9999, -9999, 61, 85, 66, -9999, -9999, 29, -9999, -9999, 73, 70, 74, 29, -9999, -9999, 73, -9999, -9999, 80, -9999, -9999, 55, -9999, -9999, 26, 50, 23, -9999, -9999, -9999, -9999, -9999, 79, -9999, 10, -9999, -9999, -9999, -9999, -9999, -9999, -9999, -9999, 100, 24, -9999, 55, -9999, 43, 40, 91, 68, -9999, 3, -9999, 15, 84, -9999, 42, -9999, -9999, 92, 34, 40, -9999, -9999, -9999, -9999, -9999, 24, -9999, 57, 7, 61, -9999, -9999, -9999, -9999, -9999, -9999, -9999, -9999, -9999, -9999, -9999, 1, -9999, 41, -9999, -9999, 22, 25, -9999, 1, 1, 1, 1, 1],
[-9999, -9999, -9999, -9999, -9999, -9999, -9999, -9999, -9999, -9999, 45, -9999, -9999, -9999, -9999, -9999, -9999, -9999, -9999, -9999, 83, -9999, -9999, -9999, 14, -9999, 86, -9999, 39, 66, -9999, -9999, 74, -9999, -9999, -9999, -9999, -9999, -9999, -9999, -9999, 63, -9999, -9999, -9999, -9999, -9999, -9999, -9999, -9999, -9999, 13, 1, 17, 63, 48, -9999, -9999, -9999, -9999, -9999, -9999, -9999, 10, -9999, -9999, -9999, -9999, -9999, -9999, 75, -9999, 68, -9999, -9999, -9999, -9999, -9999, -9999, 33, 86, -9999, 54, -9999, -9999, 42, -9999, -9999, -9999, -9999, -9999, -9999, -9999, -9999, 96, 10, -9999, -9999, -9999, -9999, 1, 1, 1, 1, 1],
[-9999, -9999, -9999, -9999, -9999, 33, -9999, 97, 46, 54, 10, 27, -9999, -9999, 30, 37, 88, 38, -9999, 36, 52, 94, -9999, -9999, 4, 54, -9999, -9999, -9999, 9, -9999, -9999, -9999, 23, -9999, 96, 29, -9999, 66, 24, 91, 26, 25, -9999, 22, 3, -9999, -9999, -9999, -9999, 60, 86, -9999, 22, 53, 98, -9999, 93, 20, 3, -9999, -9999, 7, 61, 66, 62, -9999, 50, -9999, 24, 19, 31, -9999, 29, -9999, -9999, 96, 72, -9999, 43, 32, -9999, 69, 62, -9999, 82, 45, -9999, 54, -9999, 27, -9999, 65, 74, -9999, -9999, 53, -9999, -9999, 57, 1, 1, 1, 1, 1],
[-9999, -9999, -9999, -9999, -9999, -9999, -9999, -9999, -9999, -9999, 25, 60, -9999, -9999, -9999, -9999, -9999, -9999, 48, -9999, 46, -9999, 42, -9999, -9999, -9999, -9999, -9999, -9999, 62, -9999, -9999, 92, -9999, -9999, -9999, -9999, -9999, -9999, -9999, -9999, 25, -9999, 51, -9999, -9999, -9999, -9999, -9999, -9999, 63, 39, 87, 92, 100, 22, -9999, -9999, -9999, -9999, -9999, -9999, -9999, -9999, -9999, -9999, -9999, -9999, -9999, -9999, 46, -9999, -9999, -9999, -9999, -9999, -9999, -9999, -9999, -9999, 6, -9999, -9999, -9999, -9999, 20, -9999, -9999, -9999, -9999, -9999, -9999, -9999, -9999, 22, 25, 98, -9999, -9999, -9999, 1, 1, 1, 1, 1],
[-9999, -9999, -9999, -9999, -9999, -9999, -9999, -9999, -9999, -9999, 41, -9999, -9999, -9999, -9999, -9999, -9999, -9999, 10, -9999, 74, -9999, 89, -9999, 54, -9999, 43, -9999, 68, -9999, -9999, -9999, 33, -9999, -9999, -9999, -9999, -9999, -9999, -9999, -9999, 57, -9999, -9999, -9999, -9999, -9999, -9999, -9999, -9999, 17, 38, 63, -9999, 54, 15, -9999, -9999, 87, -9999, -9999, -9999, -9999, 89, -9999, -9999, -9999, -9999, -9999, -9999, -9999, -9999, 33, -9999, -9999, -9999, -9999, -9999, -9999, -9999, 28, -9999, 91, -9999, -9999, 72, -9999, -9999, -9999, -9999, -9999, -9999, -9999, -9999, -9999, -9999, -9999, -9999, -9999, -9999, 1, 1, 1, 1, 1],
[-9999, -9999, -9999, -9999, -9999, -9999, -9999, -9999, -9999, -9999, 16, 78, -9999, -9999, -9999, -9999, -9999, -9999, 61, -9999, 36, -9999, -9999, -9999, -9999, -9999, 48, -9999, 4, -9999, -9999, -9999, -9999, -9999, -9999, -9999, -9999, -9999, -9999, -9999, -9999, -9999, -9999, -9999, -9999, -9999, -9999, -9999, -9999, -9999, 34, -9999, 57, 49, -9999, 97, -9999, -9999, -9999, -9999, -9999, -9999, -9999, -9999, -9999, -9999, -9999, -9999, -9999, -9999, 46, -9999, 69, -9999, -9999, -9999, -9999, -9999, -9999, 47, 83, -9999, 18, -9999, -9999, 55, -9999, -9999, -9999, -9999, -9999, -9999, -9999, -9999, 99, 74, -9999, -9999, -9999, -9999, 1, 1, 1, 1, 1],
[-9999, -9999, -9999, -9999, -9999, -9999, -9999, -9999, -9999, -9999, 88, -9999, -9999, -9999, -9999, -9999, -9999, -9999, 96, -9999, -9999, -9999, 6, -9999, -9999, -9999, 45, -9999, -9999, 55, -9999, -9999, -9999, -9999, -9999, -9999, -9999, -9999, -9999, -9999, -9999, 55, -9999, -9999, -9999, -9999, -9999, -9999, -9999, -9999, -9999, 30, 13, -9999, -9999, 41, -9999, -9999, 14, -9999, -9999, -9999, -9999, -9999, -9999, -9999, -9999, -9999, -9999, -9999, -9999, -9999, -9999, -9999, 80, -9999, -9999, -9999, -9999, -9999, 12, -9999, -9999, -9999, -9999, 43, -9999, -9999, -9999, -9999, -9999, -9999, -9999, -9999, 25, -9999, 24, -9999, -9999, -9999, 1, 1, 1, 1, 1],
[-9999, -9999, -9999, -9999, -9999, -9999, -9999, 84, 77, 99, 11, 42, 61, -9999, 40, -9999, 23, 59, 56, 21, 31, -9999, 11, -9999, -9999, -9999, 30, -9999, -9999, -9999, -9999, -9999, -9999, 38, -9999, -9999, -9999, -9999, -9999, 30, 33, 38, -9999, -9999, -9999, -9999, -9999, -9999, -9999, -9999, -9999, 56, -9999, -9999, 51, 37, 67, 7, 93, -9999, -9999, -9999, -9999, 67, 98, 51, -9999, -9999, 86, 3, -9999, -9999, -9999, -9999, 64, 5, 28, -9999, -9999, 98, 30, 41, 34, 7, -9999, -9999, -9999, -9999, -9999, 92, 50, 42, 100, -9999, 69, -9999, 94, -9999, -9999, -9999, 1, 1, 1, 1, 1],
[-9999, -9999, -9999, -9999, -9999, 83, -9999, -9999, 78, 59, 36, 16, -9999, 78, -9999, -9999, 42, 18, 42, 91, 65, -9999, 42, -9999, 5, 92, 42, -9999, -9999, -9999, 40, -9999, -9999, 61, -9999, -9999, -9999, 6, -9999, 14, 59, -9999, -9999, -9999, -9999, -9999, -9999, -9999, -9999, -9999, 4, -9999, -9999, 57, -9999, 26, -9999, 67, -9999, 67, 31, 78, -9999, 72, 70, 83, -9999, -9999, 65, 73, 32, 30, 93, -9999, 11, 36, 22, -9999, 85, 34, 78, 14, 58, -9999, -9999, -9999, 24, -9999, -9999, -9999, 23, -9999, -9999, -9999, -9999, -9999, -9999, 9, -9999, -9999, 1, 1, 1, 1, 1],
[-9999, -9999, -9999, -9999, -9999, -9999, -9999, -9999, -9999, -9999, 12, -9999, -9999, -9999, -9999, -9999, -9999, -9999, -9999, -9999, 88, -9999, 11, -9999, 87, -9999, 1, 64, 76, 32, -9999, -9999, 99, -9999, -9999, -9999, 44, -9999, -9999, -9999, -9999, 100, 36, -9999, -9999, -9999, -9999, -9999, -9999, -9999, 90, -9999, 22, 29, 60, 49, -9999, -9999, 15, -9999, -9999, -9999, -9999, 40, -9999, -9999, -9999, -9999, -9999, -9999, -9999, -9999, -9999, 14, 39, -9999, -9999, -9999, -9999, 20, 65, -9999, 43, -9999, -9999, -9999, -9999, -9999, -9999, -9999, -9999, -9999, -9999, -9999, 63, 25, 11, -9999, -9999, 34, 1, 1, 1, 1, 1],
[-9999, -9999, -9999, -9999, -9999, -9999, -9999, -9999, 15, 74, 32, -9999, 44, 24, 57, -9999, 37, 44, 79, 21, 54, -9999, 80, -9999, 84, 85, -9999, -9999, 24, -9999, 28, -9999, -9999, -9999, -9999, -9999, -9999, 90, -9999, 12, -9999, 61, -9999, -9999, -9999, -9999, -9999, -9999, -9999, -9999, -9999, -9999, -9999, 36, 91, 39, -9999, 4, 69, 86, -9999, -9999, 28, 66, -9999, 48, -9999, -9999, 92, -9999, 94, -9999, -9999, -9999, 37, 69, 41, -9999, 36, 6, 85, 2, 67, -9999, 97, -9999, -9999, -9999, -9999, -9999, -9999, 98, -9999, -9999, 84, 14, 23, 53, -9999, -9999, 1, 1, 1, 1, 1],
[-9999, -9999, -9999, -9999, -9999, -9999, -9999, -9999, -9999, -9999, 25, 33, -9999, -9999, -9999, -9999, -9999, -9999, -9999, -9999, 20, -9999, 74, -9999, 66, -9999, 98, 12, 53, -9999, -9999, -9999, 53, -9999, -9999, -9999, -9999, -9999, -9999, -9999, -9999, -9999, -9999, -9999, -9999, -9999, -9999, -9999, -9999, -9999, 17, -9999, 47, -9999, 37, 79, -9999, -9999, -9999, -9999, -9999, -9999, -9999, 63, -9999, -9999, -9999, -9999, -9999, -9999, 13, -9999, 34, -9999, 76, -9999, -9999, -9999, -9999, 74, 71, -9999, 72, -9999, -9999, 1, -9999, -9999, -9999, -9999, -9999, -9999, -9999, -9999, 94, -9999, 95, -9999, -9999, -9999, 1, 1, 1, 1, 1],
[-9999, -9999, -9999, -9999, -9999, -9999, -9999, -9999, -9999, -9999, 69, -9999, -9999, -9999, -9999, -9999, -9999, -9999, 75, -9999, 32, -9999, 64, -9999, -9999, -9999, 57, -9999, 53, 66, -9999, -9999, -9999, -9999, -9999, -9999, -9999, -9999, -9999, -9999, -9999, 60, -9999, -9999, -9999, -9999, -9999, -9999, -9999, -9999, -9999, 54, -9999, 81, 23, 17, -9999, -9999, 29, -9999, -9999, -9999, -9999, -9999, -9999, -9999, -9999, -9999, -9999, -9999, -9999, -9999, 96, -9999, 82, -9999, -9999, -9999, -9999, 37, 63, -9999, 38, -9999, -9999, -9999, -9999, -9999, -9999, -9999, -9999, -9999, -9999, -9999, -9999, 5, 49, -9999, -9999, -9999, 1, 1, 1, 1, 1],
[-9999, -9999, -9999, -9999, -9999, -9999, -9999, -9999, 91, -9999, 16, -9999, 58, 83, -9999, -9999, 21, 40, -9999, 58, 7, -9999, -9999, -9999, 87, 46, 29, -9999, -9999, -9999, -9999, 49, 46, 78, -9999, 90, -9999, 34, -9999, 94, 39, -9999, -9999, -9999, -9999, -9999, -9999, -9999, -9999, -9999, -9999, -9999, 21, 36, 81, 90, 70, 46, -9999, 56, 68, 35, -9999, 45, -9999, -9999, -9999, -9999, -9999, 73, 9, 60, 92, -9999, 33, -9999, 13, -9999, 23, -9999, 72, 16, 47, -9999, -9999, 80, -9999, -9999, -9999, -9999, 20, 3, -9999, -9999, 17, -9999, -9999, 81, -9999, -9999, 1, 1, 1, 1, 1],
[-9999, -9999, -9999, -9999, -9999, -9999, -9999, -9999, -9999, -9999, 81, -9999, -9999, -9999, -9999, -9999, -9999, -9999, -9999, -9999, -9999, -9999, -9999, -9999, 50, -9999, 76, -9999, -9999, 98, -9999, -9999, 57, -9999, -9999, -9999, -9999, -9999, -9999, -9999, -9999, 87, -9999, -9999, -9999, -9999, -9999, -9999, -9999, -9999, 92, -9999, 29, 64, 50, 77, -9999, -9999, -9999, -9999, -9999, -9999, -9999, 72, -9999, -9999, -9999, -9999, -9999, -9999, 12, -9999, -9999, -9999, 58, -9999, -9999, -9999, -9999, 97, 71, -9999, 1, -9999, -9999, 26, -9999, -9999, -9999, -9999, -9999, -9999, -9999, -9999, 41, 45, -9999, -9999, -9999, -9999, 1, 1, 1, 1, 1],
[-9999, -9999, -9999, -9999, -9999, -9999, -9999, -9999, -9999, -9999, 53, 40, -9999, -9999, -9999, -9999, -9999, -9999, -9999, -9999, -9999, -9999, -9999, -9999, 60, -9999, 32, 81, 52, 14, -9999, -9999, 81, -9999, -9999, -9999, -9999, -9999, -9999, -9999, -9999, 81, -9999, 90, -9999, -9999, -9999, -9999, -9999, -9999, 51, 33, 34, -9999, -9999, 58, -9999, -9999, 10, -9999, -9999, -9999, -9999, -9999, -9999, -9999, -9999, -9999, -9999, -9999, 11, -9999, -9999, -9999, 59, -9999, -9999, -9999, -9999, 84, 85, -9999, -9999, -9999, -9999, -9999, -9999, -9999, -9999, -9999, -9999, -9999, -9999, -9999, 14, 40, 27, -9999, -9999, -9999, 1, 1, 1, 1, 1],
[-9999, -9999, -9999, -9999, -9999, 69, -9999, -9999, 38, -9999, 3, 81, -9999, -9999, -9999, -9999, 97, 96, -9999, 15, 52, -9999, 39, -9999, 11, 79, 39, 52, -9999, 60, 31, 72, 13, 55, -9999, 53, -9999, 30, -9999, 23, -9999, -9999, -9999, -9999, -9999, -9999, -9999, -9999, -9999, -9999, 28, -9999, 97, 35, -9999, 30, 3, 50, -9999, 84, -9999, 62, -9999, 22, 12, 97, -9999, -9999, 93, 22, -9999, 16, -9999, -9999, 30, 64, 84, -9999, -9999, -9999, 44, -9999, -9999, -9999, 100, 13, -9999, -9999, -9999, -9999, 14, 35, -9999, -9999, 31, 21, 18, -9999, -9999, -9999, 1, 1, 1, 1, 1],
[-9999, -9999, -9999, -9999, -9999, 17, 63, -9999, 10, 84, 53, 71, -9999, 22, 20, -9999, 9, 62, -9999, 59, 99, -9999, -9999, -9999, 96, -9999, -9999, -9999, 80, 37, -9999, 1, 96, 53, -9999, -9999, 30, 79, -9999, 43, 85, -9999, 22, -9999, 90, -9999, -9999, -9999, 31, -9999, 43, -9999, 62, 61, 72, 49, 29, 66, -9999, 9, -9999, -9999, 17, 28, -9999, 11, -9999, 15, 24, -9999, -9999, 63, 36, 46, -9999, -9999, 81, -9999, -9999, -9999, 53, -9999, -9999, 70, 94, 26, -9999, -9999, -9999, -9999, -9999, 66, -9999, -9999, 3, -9999, -9999, -9999, -9999, -9999, 1, 1, 1, 1, 1],
[-9999, -9999, -9999, -9999, -9999, -9999, -9999, -9999, -9999, -9999, -9999, -9999, -9999, -9999, -9999, -9999, -9999, -9999, -9999, -9999, -9999, -9999, -9999, -9999, -9999, -9999, -9999, -9999, -9999, -9999, -9999, -9999, -9999, -9999, -9999, -9999, -9999, -9999, -9999, -9999, -9999, -9999, -9999, -9999, -9999, -9999, -9999, -9999, -9999, -9999, 65, -9999, -9999, -9999, -9999, -9999, -9999, -9999, -9999, -9999, -9999, -9999, -9999, -9999, -9999, -9999, -9999, -9999, -9999, 35, -9999, -9999, -9999, -9999, -9999, -9999, -9999, -9999, -9999, -9999, -9999, -9999, -9999, -9999, -9999, -9999, -9999, -9999, -9999, -9999, -9999, -9999, -9999, -9999, -9999, -9999, -9999, -9999, -9999, -9999, 1, 1, 1, 1, 1],
[-9999, -9999, -9999, -9999, -9999, -9999, -9999, -9999, -9999, -9999, 36, 35, -9999, -9999, -9999, -9999, -9999, -9999, 57, -9999, -9999, -9999, 57, -9999, 85, -9999, -9999, -9999, 87, 95, -9999, -9999, -9999, -9999, -9999, -9999, -9999, -9999, -9999, -9999, -9999, 31, -9999, -9999, -9999, -9999, -9999, -9999, -9999, -9999, -9999, 52, 54, 4, 21, 7, -9999, -9999, -9999, -9999, -9999, -9999, -9999, -9999, -9999, -9999, -9999, -9999, -9999, -9999, 95, -9999, 25, -9999, -9999, -9999, -9999, -9999, -9999, -9999, 51, -9999, 24, -9999, -9999, 60, -9999, 96, -9999, -9999, -9999, -9999, -9999, -9999, 45, -9999, 71, -9999, -9999, -9999, 1, 1, 1, 1, 1],
[-9999, -9999, -9999, -9999, -9999, 90, -9999, -9999, 63, 16, 33, 14, 68, -9999, 41, 11, 45, 67, 60, 27, 66, -9999, 79, -9999, 2, 58, 71, -9999, -9999, 66, 59, -9999, 33, 82, -9999, 87, -9999, -9999, -9999, 8, -9999, 34, -9999, -9999, -9999, -9999, -9999, -9999, -9999, -9999, -9999, 22, -9999, 56, 50, 14, 23, 90, -9999, 81, -9999, -9999, -9999, 54, -9999, 30, -9999, -9999, -9999, 66, 65, -9999, 75, -9999, 55, 35, -9999, -9999, 54, -9999, 42, -9999, -9999, 29, 60, 63, 37, -9999, -9999, -9999, -9999, -9999, -9999, -9999, -9999, 35, -9999, 97, -9999, -9999, 1, 1, 1, 1, 1],
[-9999, -9999, -9999, -9999, -9999, 4, -9999, -9999, 95, 61, 32, 76, 4, -9999, 24, -9999, 95, 35, -9999, 8, 90, -9999, 99, -9999, -9999, -9999, -9999, -9999, -9999, -9999, 41, 18, 49, -9999, -9999, 39, -9999, 1, -9999, 80, 61, 16, -9999, -9999, -9999, -9999, -9999, -9999, -9999, -9999, -9999, -9999, 56, 53, -9999, 11, -9999, 73, -9999, 30, -9999, 66, 18, -9999, 88, -9999, -9999, -9999, 6, -9999, 13, -9999, 50, -9999, 14, 43, -9999, -9999, 13, -9999, 95, 47, -9999, -9999, 89, 59, -9999, -9999, -9999, 27, 1, -9999, 40, -9999, 54, 93, 40, 3, -9999, -9999, 1, 1, 1, 1, 1],
[-9999, -9999, -9999, -9999, -9999, -9999, -9999, -9999, -9999, -9999, 85, -9999, -9999, -9999, -9999, -9999, -9999, -9999, 47, -9999, -9999, -9999, 64, -9999, -9999, -9999, 70, -9999, 48, -9999, -9999, -9999, -9999, -9999, -9999, -9999, -9999, -9999, -9999, -9999, -9999, 6, -9999, 36, -9999, -9999, -9999, -9999, -9999, -9999, -9999, -9999, -9999, -9999, 31, 42, -9999, -9999, 14, -9999, -9999, -9999, -9999, 58, -9999, -9999, -9999, -9999, -9999, -9999, 17, -9999, -9999, -9999, 6, -9999, -9999, -9999, -9999, 57, 13, -9999, -9999, -9999, -9999, 64, -9999, -9999, -9999, -9999, -9999, -9999, -9999, -9999, 53, 51, 2, -9999, -9999, -9999, 1, 1, 1, 1, 1],
[-9999, -9999, -9999, -9999, -9999, 90, -9999, -9999, 62, 36, 74, 74, -9999, -9999, 68, -9999, 68, 28, 92, 90, -9999, -9999, 76, -9999, 90, 78, -9999, -9999, -9999, 26, 70, 87, -9999, 20, -9999, -9999, -9999, 43, -9999, 35, -9999, -9999, -9999, -9999, -9999, 28, -9999, -9999, -9999, -9999, 96, -9999, 27, -9999, -9999, 56, 61, 80, 49, 43, -9999, 52, 28, -9999, 4, 39, -9999, -9999, -9999, 63, -9999, -9999, 37, -9999, -9999, -9999, 49, -9999, 31, 51, 60, -9999, -9999, 43, -9999, 3, -9999, -9999, -9999, -9999, -9999, 90, -9999, -9999, 78, -9999, 73, -9999, -9999, -9999, 1, 1, 1, 1, 1],
[-9999, -9999, -9999, -9999, -9999, -9999, -9999, -9999, -9999, -9999, 7, -9999, -9999, -9999, -9999, -9999, -9999, -9999, -9999, -9999, -9999, -9999, 53, -9999, 6, -9999, 71, 41, 20, -9999, -9999, -9999, 99, -9999, -9999, -9999, 11, -9999, -9999, -9999, -9999, 40, 89, -9999, -9999, -9999, -9999, -9999, -9999, -9999, 37, -9999, 7, -9999, -9999, 14, -9999, -9999, 36, -9999, -9999, -9999, -9999, 66, -9999, -9999, -9999, -9999, -9999, -9999, 16, -9999, 20, 64, -9999, -9999, -9999, -9999, -9999, 39, 79, -9999, 51, -9999, -9999, -9999, -9999, -9999, -9999, -9999, -9999, -9999, -9999, -9999, -9999, -9999, 63, -9999, -9999, 80, 1, 1, 1, 1, 1],
[-9999, -9999, -9999, -9999, -9999, 92, -9999, -9999, 17, -9999, 67, 17, 17, 90, -9999, -9999, 77, 5, 36, 84, 43, -9999, -9999, -9999, -9999, -9999, 99, -9999, 54, 3, -9999, 50, 64, 56, -9999, -9999, -9999, 27, -9999, 24, 8, -9999, -9999, -9999, -9999, -9999, -9999, -9999, -9999, 91, -9999, 86, -9999, -9999, -9999, -9999, 15, 75, -9999, -9999, -9999, -9999, 76, -9999, -9999, -9999, -9999, -9999, 98, -9999, 23, 6, 99, -9999, 6, 42, 35, -9999, -9999, -9999, 43, 86, -9999, -9999, 59, -9999, -9999, -9999, -9999, 51, 85, 21, -9999, -9999, 80, 20, -9999, 23, -9999, -9999, 1, 1, 1, 1, 1],
[-9999, -9999, -9999, -9999, -9999, -9999, -9999, 13, 98, 59, 78, 93, 17, 74, 9, -9999, 21, 49, -9999, 22, 93, -9999, -9999, -9999, -9999, 71, -9999, -9999, 55, -9999, 19, 73, -9999, 49, -9999, -9999, -9999, 35, -9999, 51, 22, -9999, -9999, -9999, -9999, -9999, -9999, -9999, -9999, -9999, 49, -9999, -9999, 100, -9999, 57, -9999, 74, -9999, 7, 17, 1, 94, 34, -9999, -9999, -9999, -9999, -9999, -9999, 18, 25, -9999, -9999, 83, -9999, -9999, -9999, 78, 24, 53, 31, -9999, 70, -9999, 80, -9999, -9999, -9999, -9999, 25, -9999, -9999, -9999, -9999, 99, 25, -9999, -9999, -9999, 1, 1, 1, 1, 1],
[-9999, -9999, -9999, -9999, -9999, 4, -9999, -9999, 12, 44, 42, 43, 81, 55, 70, -9999, 89, 75, 17, 42, -9999, -9999, 61, -9999, 90, 12, -9999, -9999, 5, -9999, 50, 73, -9999, -9999, -9999, 15, -9999, 85, -9999, 19, -9999, -9999, -9999, -9999, -9999, -9999, -9999, -9999, -9999, -9999, -9999, 25, -9999, -9999, -9999, 80, 36, -9999, -9999, 71, -9999, 88, -9999, -9999, 59, 37, -9999, -9999, 29, 11, 28, -9999, -9999, -9999, 51, 34, -9999, -9999, 100, -9999, 90, 70, 13, 21, -9999, -9999, -9999, -9999, -9999, -9999, 84, 43, 84, -9999, 38, -9999, 78, 27, -9999, -9999, 1, 1, 1, 1, 1],
[-9999, -9999, -9999, -9999, -9999, 91, -9999, -9999, 74, 73, 4, -9999, -9999, -9999, -9999, -9999, 25, 24, 57, 35, -9999, -9999, 24, -9999, -9999, 52, -9999, -9999, 40, -9999, -9999, 76, 95, -9999, -9999, 80, -9999, 11, -9999, 30, -9999, -9999, -9999, -9999, -9999, -9999, -9999, -9999, -9999, -9999, -9999, 65, 60, 62, -9999, 49, 64, 51, -9999, -9999, -9999, 44, 71, -9999, 20, 85, -9999, -9999, 65, -9999, 13, 54, -9999, -9999, 95, 3, -9999, -9999, 72, 6, 20, 3, -9999, -9999, -9999, 93, -9999, -9999, -9999, -9999, -9999, 33, -9999, -9999, -9999, -9999, -9999, -9999, -9999, -9999, 1, 1, 1, 1, 1],
[-9999, -9999, -9999, -9999, -9999, -9999, 15, -9999, 44, -9999, 34, -9999, -9999, 59, -9999, -9999, 93, 96, 27, 1, 95, 32, 4, -9999, -9999, 68, 97, -9999, -9999, 27, 86, -9999, 10, -9999, -9999, -9999, -9999, -9999, -9999, 73, 96, 45, -9999, -9999, 12, 4, 80, 77, 39, -9999, -9999, 14, 19, -9999, 92, 59, 2, 16, 30, -9999, -9999, 62, 73, -9999, 21, -9999, -9999, -9999, 4, -9999, -9999, 12, 16, 25, -9999, 59, 57, -9999, 26, 90, 90, 95, 20, 23, 57, 92, -9999, -9999, -9999, -9999, -9999, -9999, 59, 82, -9999, 17, 74, 1, -9999, 38, 1, 1, 1, 1, 1],
[-9999, -9999, -9999, -9999, -9999, 45, 97, -9999, 16, -9999, 23, 23, 52, 94, 94, -9999, 20, 17, -9999, 57, 98, -9999, 62, -9999, 73, -9999, 25, 50, -9999, 62, 41, 81, 5, 89, -9999, 43, 86, -9999, -9999, 35, 73, 93, 97, -9999, 26, -9999, -9999, -9999, 91, -9999, 87, 49, -9999, -9999, 35, -9999, 82, 84, 14, -9999, -9999, -9999, 57, 12, 29, 56, -9999, 23, -9999, 79, 7, -9999, -9999, 49, -9999, 14, 28, -9999, 98, 32, 62, 98, -9999, 38, 20, 19, -9999, -9999, -9999, -9999, 15, 97, 6, -9999, 84, 79, 5, -9999, -9999, 84, 1, 1, 1, 1, 1],
[-9999, -9999, -9999, -9999, -9999, -9999, -9999, -9999, -9999, -9999, -9999, -9999, -9999, -9999, -9999, -9999, -9999, -9999, -9999, -9999, -9999, -9999, -9999, -9999, -9999, -9999, -9999, -9999, -9999, -9999, -9999, -9999, -9999, -9999, -9999, -9999, -9999, -9999, -9999, -9999, -9999, -9999, -9999, -9999, -9999, -9999, -9999, -9999, -9999, -9999, -9999, -9999, -9999, -9999, -9999, -9999, -9999, -9999, -9999, -9999, -9999, -9999, -9999, -9999, -9999, -9999, -9999, -9999, -9999, -9999, -9999, -9999, -9999, 49, -9999, -9999, -9999, -9999, -9999, -9999, -9999, -9999, -9999, -9999, -9999, -9999, -9999, -9999, -9999, -9999, -9999, -9999, -9999, -9999, -9999, -9999, -9999, -9999, -9999, -9999, 1, 1, 1, 1, 1],
[-9999, -9999, -9999, -9999, -9999, 40, -9999, -9999, 89, -9999, 35, 15, 71, 34, -9999, -9999, 19, 36, 29, 85, -9999, -9999, -9999, -9999, -9999, -9999, -9999, -9999, 61, -9999, 51, -9999, 82, 16, -9999, 68, -9999, 80, -9999, 77, 81, -9999, -9999, -9999, -9999, -9999, -9999, -9999, -9999, -9999, 32, 8, -9999, 13, 19, 49, 17, 85, -9999, 95, -9999, -9999, -9999, 58, -9999, 63, -9999, -9999, 89, 68, -9999, 55, 42, -9999, 68, 65, -9999, -9999, -9999, -9999, 47, -9999, -9999, 95, -9999, 87, -9999, -9999, 59, -9999, -9999, -9999, -9999, -9999, 7, 24, -9999, 86, -9999, -9999, 1, 1, 1, 1, 1],
[-9999, -9999, -9999, -9999, -9999, -9999, -9999, -9999, -9999, -9999, 38, -9999, -9999, -9999, -9999, -9999, -9999, -9999, 60, -9999, 86, -9999, 72, -9999, 59, -9999, -9999, -9999, -9999, -9999, -9999, -9999, 36, -9999, -9999, -9999, -9999, -9999, -9999, -9999, -9999, -9999, -9999, -9999, -9999, -9999, -9999, -9999, -9999, -9999, 44, 92, 86, 37, -9999, -9999, -9999, -9999, -9999, -9999, -9999, -9999, -9999, -9999, -9999, -9999, -9999, -9999, -9999, -9999, 65, -9999, 75, -9999, -9999, -9999, -9999, -9999, -9999, -9999, 7, -9999, -9999, -9999, -9999, -9999, -9999, -9999, -9999, -9999, -9999, -9999, -9999, -9999, -9999, 25, -9999, -9999, -9999, -9999, 1, 1, 1, 1, 1],
[-9999, -9999, -9999, -9999, -9999, -9999, -9999, -9999, -9999, 33, -9999, -9999, 45, -9999, -9999, -9999, -9999, -9999, -9999, -9999, -9999, -9999, -9999, -9999, -9999, 19, -9999, -9999, -9999, -9999, -9999, -9999, -9999, -9999, -9999, -9999, -9999, -9999, -9999, -9999, -9999, -9999, -9999, -9999, -9999, -9999, -9999, -9999, -9999, -9999, 20, -9999, -9999, -9999, -9999, -9999, -9999, -9999, -9999, -9999, -9999, -9999, -9999, -9999, -9999, -9999, -9999, -9999, -9999, 99, -9999, -9999, -9999, -9999, -9999, -9999, -9999, -9999, -9999, -9999, -9999, -9999, -9999, -9999, -9999, -9999, -9999, -9999, -9999, -9999, -9999, -9999, -9999, -9999, -9999, -9999, -9999, -9999, -9999, -9999, 1, 1, 1, 1, 1],
[-9999, -9999, -9999, -9999, -9999, -9999, -9999, -9999, -9999, -9999, 2, 56, -9999, -9999, -9999, -9999, -9999, -9999, 91, -9999, 33, -9999, -9999, -9999, 30, -9999, 28, -9999, -9999, 31, -9999, -9999, 78, -9999, -9999, -9999, -9999, -9999, -9999, -9999, -9999, 20, -9999, -9999, -9999, -9999, -9999, -9999, -9999, -9999, -9999, -9999, 9, -9999, -9999, 56, -9999, -9999, -9999, -9999, -9999, -9999, -9999, -9999, -9999, -9999, 16, -9999, -9999, -9999, -9999, -9999, 6, -9999, 79, -9999, -9999, -9999, -9999, 22, 17, -9999, -9999, -9999, -9999, -9999, -9999, -9999, -9999, -9999, -9999, -9999, -9999, -9999, 94, 1, 80, -9999, -9999, -9999, 1, 1, 1, 1, 1],
[-9999, -9999, -9999, -9999, -9999, -9999, -9999, -9999, 35, 92, 69, -9999, 51, 8, 46, -9999, 98, -9999, 73, 38, 55, 54, 12, -9999, 98, 64, -9999, -9999, 78, -9999, 39, 86, 98, 25, -9999, -9999, -9999, 64, -9999, 17, 31, -9999, 100, -9999, 15, -9999, -9999, 12, 38, -9999, 54, 78, -9999, -9999, -9999, 78, 37, -9999, -9999, 89, -9999, 37, 94, -9999, 69, -9999, -9999, 77, 28, 74, 88, -9999, 78, 64, 100, 65, 71, -9999, 55, 22, 8, 56, -9999, -9999, -9999, 32, -9999, -9999, -9999, -9999, 44, 50, 68, 5, 42, -9999, 2, 55, -9999, -9999, 1, 1, 1, 1, 1],
[-9999, -9999, -9999, -9999, -9999, 14, -9999, -9999, 24, -9999, 85, 45, 96, 5, 44, -9999, 54, 22, -9999, 18, -9999, -9999, 69, -9999, -9999, 6, 17, -9999, 82, 93, -9999, 91, 77, 67, 4, -9999, -9999, 23, 17, 72, 94, -9999, -9999, -9999, -9999, -9999, -9999, -9999, -9999, -9999, 27, -9999, 11, -9999, 48, 53, -9999, 81, 2, 67, -9999, -9999, 32, 66, -9999, 56, -9999, -9999, -9999, 89, -9999, 61, -9999, -9999, -9999, 31, -9999, -9999, 10, 49, 27, 42, -9999, -9999, 51, -9999, -9999, -9999, -9999, -9999, 50, 61, 53, -9999, 16, 72, 2, -9999, -9999, -9999, 1, 1, 1, 1, 1],
[-9999, -9999, -9999, -9999, -9999, 63, -9999, -9999, 68, -9999, 18, -9999, 59, 51, -9999, -9999, 27, 53, 89, 84, -9999, -9999, 83, -9999, 15, -9999, -9999, -9999, 48, -9999, -9999, -9999, -9999, 93, -9999, 53, -9999, 39, -9999, 67, 56, -9999, -9999, -9999, -9999, -9999, -9999, -9999, -9999, -9999, 12, 23, -9999, -9999, 91, 48, 61, 9, 13, 72, -9999, 50, -9999, 41, 51, 82, -9999, -9999, -9999, 63, 45, 48, -9999, -9999, -9999, -9999, 48, -9999, -9999, -9999, 80, 11, 100, -9999, 84, 69, -9999, -9999, -9999, -9999, -9999, -9999, 50, -9999, 45, -9999, -9999, 8, -9999, -9999, 1, 1, 1, 1, 1],
[-9999, -9999, -9999, -9999, -9999, -9999, -9999, -9999, -9999, -9999, 18, 3, -9999, -9999, -9999, -9999, -9999, -9999, -9999, -9999, 32, -9999, 23, -9999, 82, -9999, 53, 70, 37, 8, -9999, -9999, -9999, -9999, -9999, -9999, -9999, -9999, -9999, -9999, -9999, 52, -9999, -9999, -9999, -9999, -9999, -9999, -9999, -9999, -9999, 30, -9999, 32, 85, 42, -9999, -9999, -9999, -9999, -9999, -9999, -9999, -9999, -9999, -9999, -9999, -9999, -9999, -9999, 9, -9999, -9999, -9999, -9999, -9999, -9999, -9999, -9999, 11, 41, -9999, 97, -9999, -9999, 44, -9999, -9999, -9999, -9999, -9999, -9999, -9999, -9999, 23, 92, 58, -9999, -9999, -9999, 1, 1, 1, 1, 1],
[-9999, -9999, -9999, -9999, -9999, 10, -9999, -9999, 13, 77, 10, 39, 49, -9999, 59, -9999, 44, 67, -9999, 25, -9999, -9999, 63, -9999, -9999, 8, -9999, -9999, -9999, -9999, -9999, 95, 24, 27, -9999, 81, -9999, 16, -9999, 81, -9999, 92, -9999, 40, -9999, -9999, -9999, -9999, -9999, -9999, 92, 38, 22, 34, -9999, 70, 43, 31, 13, 38, -9999, -9999, 83, 9, 28, -9999, -9999, -9999, 80, 86, -9999, 12, -9999, -9999, -9999, 28, 17, -9999, 54, -9999, 98, -9999, 79, 71, 23, 73, -9999, -9999, -9999, -9999, 68, 98, 77, -9999, 40, 28, 54, 33, -9999, -9999, 1, 1, 1, 1, 1],
[-9999, -9999, -9999, -9999, -9999, -9999, -9999, -9999, -9999, -9999, -9999, -9999, -9999, -9999, -9999, -9999, -9999, -9999, -9999, -9999, -9999, -9999, -9999, -9999, -9999, -9999, -9999, -9999, -9999, -9999, -9999, -9999, -9999, -9999, -9999, -9999, -9999, -9999, -9999, -9999, -9999, -9999, -9999, -9999, -9999, -9999, -9999, -9999, -9999, -9999, 93, -9999, -9999, -9999, -9999, -9999, -9999, -9999, -9999, -9999, -9999, -9999, -9999, -9999, -9999, -9999, -9999, -9999, -9999, -9999, -9999, -9999, -9999, -9999, -9999, -9999, -9999, -9999, -9999, -9999, -9999, -9999, -9999, -9999, -9999, -9999, -9999, -9999, -9999, -9999, -9999, -9999, -9999, -9999, -9999, -9999, -9999, -9999, -9999, -9999, 1, 1, 1, 1, 1],
[-9999, -9999, -9999, -9999, -9999, -9999, -9999, -9999, -9999, -9999, -9999, -9999, -9999, -9999, -9999, -9999, -9999, -9999, -9999, -9999, -9999, -9999, -9999, -9999, -9999, -9999, -9999, -9999, -9999, -9999, -9999, -9999, -9999, -9999, -9999, -9999, -9999, -9999, -9999, -9999, -9999, -9999, -9999, -9999, -9999, -9999, -9999, -9999, -9999, -9999, -9999, -9999, -9999, -9999, -9999, -9999, -9999, -9999, -9999, -9999, -9999, -9999, -9999, -9999, -9999, -9999, -9999, -9999, -9999, -9999, -9999, -9999, -9999, -9999, -9999, -9999, -9999, -9999, -9999, -9999, -9999, -9999, -9999, -9999, -9999, -9999, -9999, -9999, -9999, -9999, -9999, -9999, -9999, -9999, -9999, -9999, -9999, -9999, -9999, -9999, 1, 1, 1, 1, 1],
[-9999, -9999, -9999, -9999, -9999, -9999, -9999, -9999, -9999, -9999, 25, -9999, -9999, -9999, -9999, -9999, -9999, -9999, 26, -9999, 40, -9999, -9999, -9999, 21, -9999, -9999, -9999, -9999, 48, -9999, -9999, 26, -9999, -9999, -9999, 12, -9999, -9999, -9999, -9999, 2, 79, -9999, -9999, -9999, -9999, -9999, -9999, 3, -9999, 18, 4, 17, 37, 98, -9999, -9999, 23, -9999, -9999, -9999, -9999, 5, -9999, -9999, -9999, 39, -9999, -9999, 22, -9999, 35, -9999, -9999, -9999, -9999, -9999, -9999, 93, 72, -9999, 2, -9999, -9999, -9999, -9999, -9999, -9999, -9999, -9999, -9999, -9999, -9999, 100, -9999, 61, -9999, -9999, 62, 1, 1, 1, 1, 1],
[-9999, -9999, -9999, -9999, -9999, -9999, -9999, -9999, -9999, -9999, -9999, -9999, -9999, -9999, -9999, -9999, -9999, -9999, -9999, -9999, -9999, -9999, -9999, -9999, -9999, -9999, -9999, -9999, -9999, -9999, -9999, -9999, -9999, -9999, -9999, -9999, -9999, -9999, -9999, -9999, -9999, -9999, -9999, -9999, -9999, -9999, -9999, -9999, -9999, -9999, 84, -9999, -9999, -9999, -9999, -9999, -9999, -9999, -9999, -9999, -9999, -9999, -9999, -9999, -9999, -9999, -9999, -9999, -9999, -9999, -9999, -9999, -9999, -9999, -9999, -9999, -9999, -9999, -9999, -9999, -9999, -9999, -9999, -9999, -9999, -9999, -9999, -9999, -9999, -9999, -9999, -9999, -9999, -9999, -9999, -9999, -9999, -9999, -9999, -9999, 1, 1, 1, 1, 1],
[-9999, -9999, -9999, -9999, -9999, -9999, -9999, -9999, -9999, -9999, 56, -9999, -9999, -9999, -9999, -9999, -9999, -9999, -9999, -9999, -9999, -9999, 35, -9999, 20, -9999, 32, -9999, -9999, 54, -9999, -9999, 82, -9999, -9999, -9999, -9999, -9999, -9999, -9999, -9999, 62, -9999, -9999, -9999, -9999, -9999, -9999, -9999, -9999, 14, -9999, -9999, -9999, -9999, 64, -9999, -9999, 87, -9999, -9999, -9999, -9999, 28, -9999, -9999, -9999, -9999, -9999, -9999, -9999, -9999, -9999, -9999, 79, -9999, -9999, -9999, -9999, 86, 12, -9999, -9999, -9999, -9999, -9999, -9999, -9999, -9999, -9999, -9999, -9999, -9999, -9999, -9999, 51, -9999, -9999, -9999, -9999, 1, 1, 1, 1, 1],
[-9999, -9999, -9999, -9999, -9999, -9999, -9999, -9999, -9999, -9999, 20, -9999, -9999, -9999, -9999, -9999, -9999, -9999, 10, -9999, -9999, -9999, -9999, -9999, -9999, -9999, 40, -9999, -9999, 82, -9999, -9999, 92, -9999, -9999, -9999, -9999, -9999, 59, -9999, -9999, 88, 65, -9999, -9999, -9999, -9999, -9999, -9999, -9999, 72, 8, 6, 85, 91, 50, -9999, -9999, 74, -9999, -9999, -9999, -9999, 88, -9999, -9999, -9999, 61, -9999, -9999, -9999, -9999, -9999, 81, 12, -9999, -9999, -9999, -9999, -9999, 35, -9999, 98, -9999, -9999, -9999, -9999, -9999, -9999, -9999, -9999, -9999, -9999, -9999, -9999, -9999, 55, -9999, -9999, 22, 1, 1, 1, 1, 1],
[-9999, -9999, -9999, -9999, -9999, -9999, -9999, -9999, -9999, -9999, 17, 71, -9999, -9999, -9999, -9999, -9999, -9999, 44, -9999, 23, -9999, -9999, -9999, -9999, -9999, -9999, 45, 39, 42, -9999, -9999, -9999, -9999, -9999, -9999, -9999, -9999, -9999, -9999, -9999, -9999, -9999, 71, -9999, -9999, -9999, -9999, -9999, -9999, 10, 49, 39, 38, -9999, 97, -9999, -9999, -9999, -9999, -9999, -9999, -9999, -9999, -9999, -9999, -9999, -9999, -9999, -9999, -9999, -9999, 79, -9999, -9999, -9999, -9999, -9999, -9999, -9999, 4, -9999, -9999, -9999, -9999, 48, -9999, -9999, -9999, -9999, -9999, -9999, -9999, -9999, -9999, -9999, 78, -9999, -9999, -9999, 1, 1, 1, 1, 1],
[-9999, -9999, -9999, -9999, -9999, -9999, -9999, -9999, -9999, -9999, -9999, -9999, 51, 92, -9999, -9999, -9999, -9999, -9999, -9999, -9999, -9999, -9999, -9999, -9999, 82, -9999, -9999, -9999, -9999, -9999, -9999, -9999, -9999, -9999, -9999, -9999, -9999, -9999, -9999, -9999, -9999, -9999, -9999, -9999, -9999, -9999, -9999, -9999, -9999, 21, -9999, -9999, -9999, -9999, -9999, -9999, -9999, -9999, -9999, -9999, -9999, -9999, -9999, -9999, -9999, -9999, -9999, -9999, -9999, -9999, -9999, -9999, -9999, -9999, -9999, -9999, -9999, -9999, -9999, -9999, -9999, -9999, -9999, -9999, -9999, -9999, -9999, -9999, -9999, -9999, -9999, -9999, -9999, -9999, -9999, -9999, -9999, -9999, -9999, 1, 1, 1, 1, 1],
[-9999, -9999, -9999, -9999, -9999, -9999, -9999, -9999, -9999, -9999, 9, -9999, -9999, -9999, -9999, -9999, -9999, -9999, 12, -9999, -9999, -9999, 17, -9999, -9999, -9999, 10, -9999, 92, -9999, -9999, -9999, -9999, -9999, -9999, -9999, -9999, -9999, 44, -9999, -9999, 87, -9999, -9999, -9999, -9999, -9999, -9999, -9999, 11, -9999, 95, 52, -9999, 12, 63, -9999, -9999, -9999, -9999, -9999, -9999, -9999, 41, -9999, -9999, -9999, -9999, -9999, -9999, 39, -9999, 89, -9999, 54, -9999, -9999, -9999, -9999, -9999, 34, -9999, -9999, -9999, -9999, -9999, -9999, -9999, -9999, -9999, -9999, -9999, -9999, -9999, 28, -9999, 81, -9999, -9999, -9999, 1, 1, 1, 1, 1],
[-9999, -9999, -9999, -9999, -9999, -9999, -9999, -9999, -9999, -9999, 13, 86, -9999, -9999, -9999, -9999, -9999, -9999, -9999, -9999, 48, -9999, -9999, -9999, 41, -9999, 74, 51, -9999, -9999, -9999, -9999, 64, -9999, -9999, -9999, -9999, -9999, -9999, -9999, -9999, 35, -9999, -9999, -9999, -9999, -9999, -9999, -9999, -9999, 72, -9999, 8, 55, 56, 100, -9999, -9999, 57, -9999, -9999, -9999, -9999, 76, -9999, -9999, -9999, -9999, -9999, -9999, -9999, -9999, -9999, -9999, -9999, -9999, -9999, -9999, -9999, 82, -9999, -9999, 60, -9999, -9999, 14, -9999, -9999, -9999, -9999, -9999, -9999, -9999, -9999, -9999, -9999, 5, -9999, -9999, -9999, 1, 1, 1, 1, 1],
[-9999, -9999, -9999, -9999, -9999, -9999, -9999, -9999, -9999, -9999, -9999, -9999, 71, -9999, -9999, -9999, -9999, -9999, -9999, -9999, -9999, -9999, -9999, -9999, -9999, 61, -9999, -9999, -9999, -9999, -9999, -9999, -9999, -9999, -9999, -9999, -9999, -9999, -9999, -9999, -9999, -9999, -9999, -9999, -9999, -9999, -9999, -9999, -9999, -9999, -9999, -9999, -9999, -9999, -9999, -9999, -9999, -9999, -9999, -9999, -9999, -9999, -9999, -9999, -9999, -9999, -9999, -9999, -9999, 85, -9999, -9999, -9999, -9999, -9999, -9999, -9999, -9999, -9999, -9999, -9999, -9999, -9999, -9999, -9999, -9999, -9999, -9999, -9999, -9999, -9999, -9999, -9999, -9999, -9999, -9999, -9999, -9999, -9999, -9999, 1, 1, 1, 1, 1],
[-9999, -9999, -9999, -9999, -9999, 10, -9999, -9999, 96, -9999, 34, -9999, 29, -9999, 30, 86, 57, 18, 84, 49, -9999, -9999, 38, -9999, -9999, -9999, 83, -9999, 17, 77, 31, -9999, 43, 78, -9999, 21, -9999, 50, 52, 36, -9999, -9999, -9999, -9999, -9999, -9999, -9999, -9999, -9999, -9999, -9999, 36, -9999, -9999, 55, 64, 79, 22, -9999, 77, -9999, -9999, 30, -9999, -9999, 55, -9999, -9999, 27, 82, -9999, -9999, -9999, -9999, 60, 60, -9999, -9999, 9, 95, 44, -9999, -9999, 77, 79, 36, -9999, -9999, -9999, 80, 42, 80, 99, -9999, 51, -9999, -9999, 81, -9999, -9999, 1, 1, 1, 1, 1],
[-9999, -9999, -9999, -9999, -9999, -9999, -9999, -9999, -9999, -9999, -9999, -9999, -9999, -9999, -9999, -9999, -9999, -9999, -9999, -9999, -9999, -9999, -9999, -9999, -9999, -9999, -9999, -9999, -9999, -9999, -9999, -9999, -9999, -9999, -9999, -9999, -9999, -9999, -9999, -9999, -9999, -9999, -9999, -9999, -9999, -9999, -9999, -9999, -9999, -9999, -9999, -9999, -9999, -9999, -9999, -9999, -9999, -9999, -9999, -9999, -9999, -9999, -9999, -9999, -9999, -9999, -9999, -9999, -9999, -9999, -9999, -9999, -9999, -9999, -9999, -9999, -9999, -9999, -9999, -9999, -9999, -9999, -9999, -9999, -9999, -9999, -9999, -9999, -9999, -9999, -9999, -9999, -9999, -9999, -9999, -9999, -9999, -9999, -9999, -9999, 1, 1, 1, 1, 1],
[-9999, -9999, -9999, -9999, -9999, -9999, -9999, -9999, -9999, -9999, 76, 36, -9999, -9999, -9999, -9999, -9999, -9999, 65, -9999, 64, -9999, -9999, -9999, -9999, -9999, 20, -9999, -9999, -9999, -9999, -9999, -9999, -9999, -9999, -9999, -9999, -9999, -9999, -9999, -9999, -9999, -9999, -9999, -9999, -9999, -9999, -9999, -9999, -9999, 49, 17, -9999, -9999, 1, 100, -9999, -9999, 80, -9999, -9999, -9999, -9999, -9999, -9999, -9999, -9999, -9999, -9999, -9999, -9999, -9999, -9999, -9999, -9999, -9999, -9999, -9999, -9999, -9999, 59, -9999, -9999, -9999, -9999, -9999, -9999, -9999, -9999, -9999, -9999, -9999, -9999, -9999, -9999, -9999, 43, -9999, -9999, -9999, 1, 1, 1, 1, 1],
[-9999, -9999, -9999, -9999, -9999, 77, -9999, -9999, 35, 27, 78, 50, -9999, 9, -9999, -9999, 5, 70, 53, 66, 46, -9999, 32, -9999, 39, 19, -9999, -9999, 65, -9999, -9999, -9999, -9999, 29, -9999, 12, -9999, 52, 4, 68, 87, -9999, -9999, -9999, -9999, -9999, -9999, -9999, -9999, 78, -9999, -9999, 5, 55, 55, 12, 67, 55, -9999, 52, -9999, 73, 92, 90, 28, 8, -9999, -9999, 4, 42, -9999, 63, 92, -9999, -9999, -9999, 13, -9999, -9999, -9999, 90, 95, -9999, -9999, 52, -9999, -9999, -9999, 44, -9999, 4, 39, -9999, -9999, -9999, 43, 77, 98, 40, -9999, 1, 1, 1, 1, 1],
[-9999, -9999, -9999, -9999, -9999, -9999, -9999, -9999, -9999, -9999, 53, 46, -9999, -9999, -9999, -9999, -9999, -9999, 19, -9999, 17, -9999, -9999, -9999, -9999, -9999, 94, -9999, -9999, 13, -9999, -9999, 35, -9999, -9999, -9999, -9999, -9999, -9999, -9999, -9999, 66, -9999, -9999, -9999, 2, -9999, -9999, -9999, -9999, 17, -9999, 14, -9999, -9999, 20, -9999, -9999, 95, -9999, -9999, -9999, -9999, -9999, -9999, -9999, -9999, -9999, -9999, -9999, 4, -9999, 69, -9999, 29, -9999, -9999, -9999, -9999, 68, 77, -9999, -9999, -9999, -9999, 73, -9999, -9999, -9999, -9999, -9999, -9999, -9999, -9999, -9999, 24, 5, -9999, -9999, -9999, 1, 1, 1, 1, 1],
[-9999, -9999, -9999, -9999, -9999, 45, -9999, -9999, 12, -9999, 97, 13, -9999, 1, 39, -9999, 29, 33, -9999, 6, -9999, -9999, 58, -9999, 23, 48, 12, 29, -9999, -9999, -9999, -9999, 40, -9999, -9999, 42, -9999, -9999, -9999, 46, 99, 96, -9999, -9999, -9999, 40, -9999, -9999, -9999, 42, -9999, -9999, -9999, 73, 92, 45, 27, 89, -9999, -9999, -9999, 79, -9999, 58, -9999, -9999, 48, -9999, 26, 30, 92, 30, -9999, -9999, 32, -9999, 37, -9999, -9999, 45, 77, -9999, -9999, -9999, -9999, 63, -9999, -9999, -9999, -9999, -9999, 40, 56, -9999, 79, 69, 13, 6, -9999, -9999, 1, 1, 1, 1, 1],
[-9999, -9999, -9999, -9999, -9999, 78, -9999, -9999, 43, -9999, 49, -9999, -9999, -9999, -9999, -9999, 99, 63, 63, 48, -9999, -9999, -9999, -9999, 2, -9999, -9999, -9999, 28, -9999, -9999, -9999, 89, -9999, -9999, -9999, -9999, 74, -9999, 42, 26, -9999, -9999, -9999, -9999, -9999, -9999, -9999, -9999, 7, 67, -9999, 61, 16, -9999, 49, 31, 28, -9999, -9999, -9999, 67, 6, -9999, -9999, 43, -9999, -9999, -9999, 6, -9999, -9999, 3, -9999, -9999, 47, 43, -9999, 41, -9999, 72, -9999, -9999, 15, 24, 48, -9999, -9999, -9999, -9999, 35, 88, 4, -9999, -9999, 57, 71, -9999, -9999, -9999, 1, 1, 1, 1, 1],
[-9999, -9999, -9999, -9999, -9999, -9999, -9999, -9999, -9999, -9999, 56, 11, -9999, -9999, -9999, -9999, -9999, -9999, 3, -9999, -9999, -9999, -9999, -9999, 14, -9999, 57, -9999, -9999, -9999, -9999, -9999, -9999, -9999, -9999, -9999, -9999, -9999, -9999, -9999, -9999, -9999, -9999, -9999, -9999, -9999, -9999, -9999, -9999, -9999, 53, -9999, 3, -9999, -9999, -9999, -9999, -9999, 11, -9999, -9999, -9999, -9999, 68, -9999, -9999, -9999, -9999, -9999, -9999, 76, -9999, 8, -9999, -9999, -9999, -9999, -9999, -9999, 26, 2, -9999, 10, -9999, -9999, -9999, -9999, -9999, -9999, -9999, -9999, -9999, -9999, -9999, -9999, 84, -9999, -9999, -9999, -9999, 1, 1, 1, 1, 1],
[-9999, -9999, -9999, -9999, -9999, -9999, -9999, -9999, -9999, -9999, -9999, -9999, -9999, -9999, -9999, -9999, -9999, -9999, -9999, -9999, -9999, -9999, -9999, -9999, -9999, -9999, -9999, -9999, -9999, -9999, -9999, -9999, -9999, -9999, -9999, -9999, -9999, -9999, -9999, -9999, -9999, -9999, -9999, -9999, -9999, -9999, -9999, -9999, -9999, -9999, -9999, -9999, -9999, -9999, -9999, -9999, -9999, -9999, -9999, -9999, -9999, -9999, -9999, -9999, -9999, -9999, -9999, -9999, -9999, -9999, -9999, -9999, -9999, 24, -9999, -9999, -9999, -9999, -9999, -9999, -9999, -9999, -9999, -9999, -9999, -9999, -9999, -9999, -9999, -9999, -9999, -9999, -9999, -9999, -9999, -9999, -9999, -9999, -9999, -9999, 1, 1, 1, 1, 1],
[-9999, -9999, -9999, -9999, -9999, -9999, -9999, -9999, -9999, -9999, 78, -9999, -9999, -9999, -9999, -9999, -9999, -9999, -9999, -9999, 37, -9999, -9999, -9999, -9999, -9999, -9999, -9999, -9999, -9999, -9999, -9999, 36, -9999, -9999, -9999, -9999, -9999, 10, -9999, -9999, 36, -9999, -9999, -9999, -9999, -9999, -9999, -9999, -9999, -9999, 99, 16, -9999, 77, 67, -9999, -9999, 63, -9999, -9999, -9999, -9999, 65, -9999, -9999, -9999, -9999, -9999, -9999, -9999, -9999, 34, -9999, -9999, -9999, -9999, -9999, -9999, 98, 56, -9999, -9999, -9999, -9999, 55, -9999, -9999, -9999, -9999, -9999, -9999, -9999, -9999, 82, -9999, 35, -9999, -9999, -9999, 1, 1, 1, 1, 1],
[-9999, -9999, -9999, -9999, -9999, 46, -9999, -9999, 23, 51, 65, 17, 28, -9999, 14, -9999, 28, 3, -9999, 51, 84, -9999, 31, -9999, -9999, 31, -9999, -9999, 9, -9999, 7, 61, 6, -9999, 57, 45, -9999, 23, -9999, 25, -9999, 13, -9999, -9999, -9999, -9999, -9999, -9999, -9999, -9999, 55, -9999, -9999, 65, -9999, 32, 32, 66, -9999, 18, -9999, -9999, -9999, 47, 99, 93, -9999, -9999, -9999, -9999, 10, 34, -9999, -9999, 76, 14, 46, -9999, 77, 22, 91, 69, -9999, -9999, 76, 13, -9999, -9999, 61, 19, 83, 74, -9999, -9999, 71, -9999, 48, 71, -9999, -9999, 1, 1, 1, 1, 1],
[-9999, -9999, -9999, -9999, -9999, -9999, -9999, -9999, -9999, -9999, 19, 54, -9999, -9999, -9999, -9999, -9999, -9999, 97, -9999, -9999, -9999, 73, -9999, 93, -9999, -9999, -9999, 52, 73, -9999, -9999, 9, -9999, -9999, -9999, -9999, -9999, -9999, -9999, -9999, -9999, -9999, 41, -9999, 41, -9999, -9999, -9999, -9999, 80, 71, -9999, 10, 64, 66, -9999, -9999, 25, -9999, -9999, -9999, -9999, -9999, -9999, -9999, -9999, -9999, -9999, -9999, -9999, -9999, 18, -9999, -9999, -9999, -9999, -9999, -9999, 89, 34, -9999, -9999, -9999, -9999, -9999, -9999, -9999, -9999, -9999, -9999, -9999, -9999, -9999, 81, 100, 1, -9999, -9999, -9999, 1, 1, 1, 1, 1],
[-9999, -9999, -9999, -9999, -9999, -9999, -9999, -9999, -9999, -9999, 20, 13, -9999, -9999, -9999, -9999, -9999, -9999, 23, -9999, -9999, -9999, 84, -9999, -9999, -9999, 31, -9999, 81, -9999, -9999, -9999, 72, -9999, -9999, -9999, -9999, -9999, -9999, -9999, -9999, 34, 87, -9999, -9999, -9999, -9999, -9999, -9999, -9999, 3, 16, 86, 28, -9999, 33, -9999, -9999, 61, -9999, -9999, -9999, -9999, 44, -9999, -9999, -9999, -9999, -9999, -9999, 45, -9999, 8, -9999, -9999, -9999, -9999, -9999, -9999, 13, 72, -9999, 56, -9999, -9999, -9999, -9999, -9999, -9999, -9999, -9999, -9999, -9999, -9999, -9999, 82, 86, -9999, -9999, -9999, 1, 1, 1, 1, 1],
[-9999, -9999, -9999, -9999, -9999, -9999, -9999, -9999, 38, -9999, 25, -9999, 31, 9, 9, -9999, 88, 14, 12, 45, 53, -9999, -9999, -9999, 36, 20, 3, -9999, -9999, 90, 93, 6, 56, 98, -9999, 16, -9999, 64, -9999, 70, 2, 93, -9999, -9999, -9999, -9999, -9999, -9999, -9999, -9999, -9999, 8, -9999, 46, -9999, 71, -9999, 15, 9, -9999, -9999, -9999, -9999, -9999, -9999, 23, -9999, -9999, 25, -9999, 48, -9999, -9999, -9999, 52, 84, 78, -9999, 32, 34, 8, -9999, 77, 14, 47, 92, -9999, -9999, -9999, -9999, 6, -9999, 64, -9999, -9999, -9999, 84, 92, 42, -9999, 1, 1, 1, 1, 1],
[-9999, -9999, -9999, -9999, -9999, -9999, -9999, -9999, 7, 42, 1, -9999, 26, -9999, -9999, -9999, 58, 86, -9999, 12, 11, -9999, -9999, -9999, -9999, 63, 52, 55, 79, 81, -9999, -9999, -9999, 6, -9999, -9999, -9999, -9999, -9999, 62, -9999, 35, -9999, 34, -9999, 96, -9999, -9999, -9999, -9999, -9999, -9999, 89, 5, 59, 62, 89, 89, 87, 42, -9999, -9999, 86, -9999, 29, 10, -9999, -9999, -9999, -9999, 13, 86, 88, -9999, -9999, 68, 67, -9999, -9999, 92, 51, 98, 81, 94, -9999, -9999, -9999, -9999, -9999, -9999, 15, 14, -9999, -9999, 95, 84, -9999, -9999, -9999, -9999, 1, 1, 1, 1, 1],
[-9999, -9999, -9999, -9999, -9999, -9999, -9999, -9999, 4, 23, 1, 15, -9999, 1, 51, -9999, 74, 10, 8, 47, -9999, -9999, 36, -9999, 52, -9999, -9999, -9999, -9999, -9999, 16, 5, 98, 75, -9999, 5, -9999, -9999, -9999, 35, -9999, 50, -9999, -9999, -9999, -9999, -9999, -9999, -9999, -9999, 61, 54, 76, 54, 60, 93, -9999, 39, -9999, 5, -9999, 1, 90, 31, 28, 82, 42, -9999, 49, -9999, 69, 33, -9999, -9999, 3, 17, 87, -9999, -9999, -9999, 75, -9999, 63, -9999, 93, 32, -9999, -9999, -9999, -9999, 70, 32, 84, -9999, -9999, -9999, 87, -9999, -9999, -9999, 1, 1, 1, 1, 1],
[-9999, -9999, -9999, -9999, -9999, -9999, -9999, -9999, -9999, -9999, 20, -9999, -9999, -9999, -9999, -9999, -9999, -9999, -9999, -9999, 59, -9999, -9999, -9999, 96, -9999, 32, -9999, 21, 24, -9999, -9999, 41, -9999, -9999, -9999, -9999, -9999, -9999, -9999, -9999, -9999, -9999, -9999, -9999, -9999, -9999, -9999, -9999, -9999, -9999, 89, 95, 19, -9999, 45, -9999, -9999, 82, -9999, -9999, -9999, -9999, 70, -9999, -9999, -9999, -9999, -9999, -9999, 32, -9999, 76, -9999, 47, -9999, -9999, -9999, -9999, -9999, 98, -9999, -9999, -9999, -9999, 85, -9999, -9999, -9999, -9999, -9999, -9999, -9999, -9999, 51, 37, 87, -9999, -9999, -9999, 1, 1, 1, 1, 1],
[-9999, -9999, -9999, -9999, -9999, 100, -9999, -9999, 87, 7, 52, 47, 73, -9999, 99, -9999, 64, 49, 28, 11, 5, -9999, 26, 15, -9999, -9999, -9999, -9999, 25, 16, -9999, 24, -9999, 81, -9999, -9999, -9999, -9999, -9999, 31, 51, -9999, -9999, -9999, -9999, -9999, -9999, -9999, -9999, 43, 68, -9999, -9999, 34, 27, 24, 48, 12, 11, -9999, -9999, -9999, -9999, -9999, -9999, 93, -9999, -9999, -9999, 3, 59, 96, 4, -9999, 56, 35, 30, -9999, 44, -9999, 44, -9999, 29, -9999, -9999, 78, -9999, -9999, 3, 15, 15, -9999, -9999, -9999, -9999, 62, -9999, -9999, -9999, -9999, 1, 1, 1, 1, 1],
[-9999, -9999, -9999, -9999, -9999, -9999, -9999, -9999, -9999, -9999, -9999, -9999, -9999, -9999, -9999, -9999, -9999, -9999, -9999, -9999, -9999, -9999, -9999, -9999, -9999, -9999, -9999, -9999, -9999, -9999, -9999, -9999, -9999, -9999, -9999, -9999, -9999, -9999, -9999, -9999, -9999, -9999, -9999, -9999, -9999, -9999, -9999, -9999, -9999, -9999, -9999, -9999, -9999, -9999, -9999, -9999, -9999, -9999, -9999, -9999, -9999, -9999, -9999, -9999, -9999, -9999, -9999, -9999, -9999, -9999, -9999, -9999, -9999, -9999, -9999, -9999, -9999, -9999, -9999, -9999, -9999, -9999, -9999, -9999, -9999, -9999, -9999, -9999, -9999, -9999, -9999, -9999, -9999, -9999, -9999, -9999, -9999, -9999, -9999, -9999, -9999, -9999, -9999, -9999, -9999],
[-9999, -9999, -9999, -9999, -9999, -9999, -9999, -9999, -9999, -9999, -9999, -9999, -9999, -9999, -9999, -9999, -9999, -9999, -9999, -9999, -9999, -9999, -9999, -9999, -9999, -9999, -9999, -9999, -9999, -9999, -9999, -9999, -9999, -9999, -9999, -9999, -9999, -9999, -9999, -9999, -9999, -9999, -9999, -9999, -9999, -9999, -9999, -9999, -9999, -9999, -9999, -9999, -9999, -9999, -9999, -9999, -9999, -9999, -9999, -9999, -9999, -9999, -9999, -9999, -9999, -9999, -9999, -9999, -9999, -9999, -9999, -9999, -9999, -9999, -9999, -9999, -9999, -9999, -9999, -9999, -9999, -9999, -9999, -9999, -9999, -9999, -9999, -9999, -9999, -9999, -9999, -9999, -9999, -9999, -9999, -9999, -9999, -9999, -9999, -9999, -9999, -9999, -9999, -9999, -9999],
[-9999, -9999, -9999, -9999, -9999, -9999, -9999, -9999, -9999, -9999, -9999, -9999, -9999, -9999, -9999, -9999, -9999, -9999, -9999, -9999, -9999, -9999, -9999, -9999, -9999, -9999, -9999, -9999, -9999, -9999, -9999, -9999, -9999, -9999, -9999, -9999, -9999, -9999, -9999, -9999, -9999, -9999, -9999, -9999, -9999, -9999, -9999, -9999, -9999, -9999, -9999, -9999, -9999, -9999, -9999, -9999, -9999, -9999, -9999, -9999, -9999, -9999, -9999, -9999, -9999, -9999, -9999, -9999, -9999, -9999, -9999, -9999, -9999, -9999, -9999, -9999, -9999, -9999, -9999, -9999, -9999, -9999, -9999, -9999, -9999, -9999, -9999, -9999, -9999, -9999, -9999, -9999, -9999, -9999, -9999, -9999, -9999, -9999, -9999, -9999, -9999, -9999, -9999, -9999, -9999],
[-9999, -9999, -9999, -9999, -9999, -9999, -9999, -9999, -9999, -9999, -9999, -9999, -9999, -9999, -9999, -9999, -9999, -9999, -9999, -9999, -9999, -9999, -9999, -9999, -9999, -9999, -9999, -9999, -9999, -9999, -9999, -9999, -9999, -9999, -9999, -9999, -9999, -9999, -9999, -9999, -9999, -9999, -9999, -9999, -9999, -9999, -9999, -9999, -9999, -9999, -9999, -9999, -9999, -9999, -9999, -9999, -9999, -9999, -9999, -9999, -9999, -9999, -9999, -9999, -9999, -9999, -9999, -9999, -9999, -9999, -9999, -9999, -9999, -9999, -9999, -9999, -9999, -9999, -9999, -9999, -9999, -9999, -9999, -9999, -9999, -9999, -9999, -9999, -9999, -9999, -9999, -9999, -9999, -9999, -9999, -9999, -9999, -9999, -9999, -9999, -9999, -9999, -9999, -9999, -9999],
[-9999, -9999, -9999, -9999, -9999, -9999, -9999, -9999, -9999, -9999, -9999, -9999, -9999, -9999, -9999, -9999, -9999, -9999, -9999, -9999, -9999, -9999, -9999, -9999, -9999, -9999, -9999, -9999, -9999, -9999, -9999, -9999, -9999, -9999, -9999, -9999, -9999, -9999, -9999, -9999, -9999, -9999, -9999, -9999, -9999, -9999, -9999, -9999, -9999, -9999, -9999, -9999, -9999, -9999, -9999, -9999, -9999, -9999, -9999, -9999, -9999, -9999, -9999, -9999, -9999, -9999, -9999, -9999, -9999, -9999, -9999, -9999, -9999, -9999, -9999, -9999, -9999, -9999, -9999, -9999, -9999, -9999, -9999, -9999, -9999, -9999, -9999, -9999, -9999, -9999, -9999, -9999, -9999, -9999, -9999, -9999, -9999, -9999, -9999, -9999, -9999, -9999, -9999, -9999, -9999]
];
