NbNodes = 105;
NbNDDs = 5;
NbPairs = 95;
NbTerminals = 5;
K = 0;
L = 97;
Wt = [
[-9999, -9999, -9999, -9999, -9999, -9999, -9999, -9999, -9999, -9999, -9999, -9999, -9999, -9999, -9999, -9999, -9999, -9999, -9999, -9999, -9999, -9999, -9999, -9999, -9999, -9999, -9999, -9999, -9999, -9999, -9999, -9999, -9999, -9999, -9999, -9999, -9999, -9999, -9999, -9999, -9999, -9999, -9999, -9999, -9999, -9999, -9999, -9999, -9999, -9999, -9999, -9999, -9999, -9999, -9999, -9999, -9999, -9999, -9999, -9999, -9999, -9999, -9999, -9999, -9999, -9999, -9999, -9999, -9999, -9999, -9999, -9999, -9999, -9999, -9999, -9999, -9999, -9999, 1, 73, -9999, -9999, -9999, -9999, -9999, -9999, -9999, -9999, -9999, -9999, -9999, -9999, -9999, -9999, -9999, -9999, -9999, -9999, -9999, -9999, 1, 1, 1, 1, 1],
[-9999, -9999, -9999, -9999, -9999, -9999, -9999, -9999, 74, -9999, 53, 74, 81, 9, -9999, 20, -9999, 35, -9999, -9999, -9999, 5, -9999, -9999, 67, -9999, 48, -9999, 84, -9999, 1, 4, 86, -9999, -9999, -9999, -9999, -9999, -9999, 7, -9999, -9999, -9999, 62, 3, -9999, 78, -9999, -9999, -9999, -9999, -9999, -9999, 97, -9999, 4, -9999, -9999, -9999, -9999, 96, 60, 32, 96, -9999, 84, -9999, -9999, 88, -9999, -9999, -9999, -9999, -9999, 20, 78, -9999, -9999, 21, -9999, -9999, 22, -9999, 55, -9999, -9999, -9999, -9999, 91, 2, -9999, 48, 94, -9999, 24, -9999, -9999, -9999, -9999, 53, 1, 1, 1, 1, 1],
[-9999, -9999, -9999, -9999, -9999, -9999, -9999, -9999, 16, -9999, 56, 72, 21, 100, -9999, -9999, -9999, -9999, 14, -9999, -9999, 55, -9999, -9999, 56, -9999, -9999, 33, 47, 89, 93, -9999, 40, -9999, -9999, -9999, -9999, 13, 11, 19, -9999, -9999, 68, -9999, 44, -9999, -9999, -9999, 96, -9999, -9999, 37, -9999, -9999, -9999, 22, 42, 39, -9999, 31, 100, -9999, 23, 93, -9999, 88, 31, -9999, 61, 19, -9999, 50, -9999, -9999, 86, -9999, -9999, -9999, 47, 30, -9999, 90, 71, -9999, -9999, -9999, -9999, -9999, 17, 42, -9999, 47, 49, -9999, -9999, -9999, 63, 88, -9999, 52, 1, 1, 1, 1, 1],
[-9999, -9999, -9999, -9999, -9999, 57, -9999, -9999, 65, -9999, 13, 23, -9999, 65, -9999, -9999, 74, 41, 17, 50, 58, -9999, 74, 17, -9999, 38, 61, 61, 33, 36, 72, 28, 98, -9999, -9999, -9999, -9999, -9999, 2, 28, 89, -9999, -9999, 85, 60, -9999, -9999, 37, 55, -9999, -9999, 45, 7, 51, -9999, -9999, 61, -9999, 27, 53, 99, 58, -9999, -9999, 52, -9999, -9999, -9999, -9999, 97, 94, -9999, -9999, -9999, -9999, 54, -9999, 98, 83, 39, 42, 91, -9999, 26, -9999, -9999, -9999, -9999, 71, 90, 73, -9999, 53, -9999, 76, -9999, -9999, -9999, 70, 77, 1, 1, 1, 1, 1],
[-9999, -9999, -9999, -9999, -9999, -9999, -9999, -9999, -9999, -9999, 22, -9999, -9999, 34, -9999, -9999, -9999, -9999, -9999, -9999, -9999, 97, -9999, 76, 57, -9999, 82, -9999, -9999, 95, -9999, -9999, -9999, -9999, -9999, -9999, -9999, -9999, -9999, -9999, 17, -9999, -9999, -9999, -9999, -9999, -9999, -9999, -9999, -9999, -9999, -9999, -9999, -9999, -9999, 71, 11, -9999, 66, -9999, 59, 42, -9999, -9999, -9999, -9999, -9999, -9999, 97, -9999, -9999, -9999, -9999, -9999, -9999, -9999, -9999, -9999, 37, 45, -9999, -9999, 43, -9999, 90, -9999, -9999, 88, -9999, 40, -9999, -9999, -9999, -9999, -9999, -9999, 45, 73, -9999, -9999, 1, 1, 1, 1, 1],
[-9999, -9999, -9999, -9999, -9999, -9999, -9999, -9999, -9999, -9999, -9999, -9999, -9999, -9999, -9999, -9999, -9999, -9999, -9999, -9999, -9999, -9999, -9999, -9999, -9999, -9999, -9999, -9999, -9999, -9999, -9999, -9999, -9999, -9999, -9999, -9999, -9999, -9999, -9999, -9999, -9999, -9999, -9999, -9999, -9999, -9999, -9999, -9999, -9999, -9999, -9999, -9999, -9999, -9999, -9999, -9999, -9999, -9999, -9999, -9999, -9999, -9999, -9999, 48, -9999, -9999, -9999, -9999, -9999, -9999, -9999, -9999, -9999, -9999, -9999, -9999, -9999, -9999, -9999, 32, -9999, -9999, -9999, -9999, -9999, -9999, -9999, -9999, -9999, -9999, -9999, -9999, -9999, -9999, -9999, -9999, -9999, -9999, -9999, -9999, 1, 1, 1, 1, 1],
[-9999, -9999, -9999, -9999, -9999, 79, -9999, -9999, -9999, -9999, -9999, -9999, -9999, -9999, -9999, -9999, -9999, -9999, -9999, -9999, -9999, -9999, -9999, -9999, 65, -9999, 39, -9999, -9999, 73, -9999, -9999, -9999, -9999, -9999, -9999, -9999, -9999, -9999, -9999, -9999, -9999, -9999, -9999, -9999, -9999, -9999, 61, -9999, -9999, -9999, -9999, -9999, -9999, -9999, 17, 19, 93, -9999, -9999, 52, -9999, -9999, -9999, -9999, -9999, -9999, -9999, 52, -9999, -9999, -9999, -9999, -9999, -9999, -9999, -9999, -9999, 64, 54, -9999, 95, -9999, -9999, 15, -9999, -9999, -9999, -9999, 81, -9999, -9999, -9999, -9999, -9999, -9999, 9, 30, -9999, -9999, 1, 1, 1, 1, 1],
[-9999, -9999, -9999, -9999, -9999, 70, 55, -9999, -9999, -9999, 100, -9999, -9999, -9999, -9999, -9999, -9999, -9999, -9999, -9999, -9999, -9999, -9999, -9999, -9999, -9999, -9999, -9999, -9999, -9999, -9999, -9999, -9999, -9999, -9999, -9999, -9999, -9999, -9999, -9999, 26, -9999, -9999, -9999, -9999, -9999, -9999, 59, -9999, -9999, -9999, -9999, -9999, -9999, -9999, -9999, 70, -9999, -9999, -9999, -9999, 22, -9999, -9999, -9999, -9999, -9999, -9999, -9999, -9999, -9999, -9999, -9999, -9999, -9999, -9999, -9999, -9999, 93, 40, -9999, -9999, -9999, -9999, -9999, -9999, -9999, -9999, -9999, 1, -9999, -9999, -9999, -9999, -9999, -9999, 7, 67, -9999, -9999, 1, 1, 1, 1, 1],
[-9999, -9999, -9999, -9999, -9999, -9999, -9999, -9999, -9999, -9999, 82, -9999, -9999, -9999, -9999, -9999, -9999, -9999, -9999, -9999, -9999, 61, -9999, 16, -9999, -9999, 17, -9999, -9999, -9999, -9999, -9999, -9999, -9999, -9999, -9999, -9999, -9999, -9999, -9999, 5, -9999, -9999, -9999, -9999, -9999, -9999, -9999, -9999, 60, -9999, -9999, -9999, -9999, -9999, -9999, -9999, -9999, -9999, -9999, 66, -9999, -9999, -9999, -9999, -9999, -9999, -9999, 11, -9999, -9999, -9999, -9999, -9999, -9999, -9999, -9999, -9999, 98, 11, -9999, 6, -9999, -9999, 51, -9999, -9999, 87, -9999, 77, -9999, -9999, -9999, -9999, -9999, -9999, -9999, 46, -9999, -9999, 1, 1, 1, 1, 1],
[-9999, -9999, -9999, -9999, -9999, -9999, 24, -9999, 50, -9999, -9999, 47, -9999, 47, 32, 71, -9999, 9, 14, -9999, 95, -9999, -9999, 5, 59, -9999, -9999, 63, -9999, 54, 1, -9999, 35, -9999, -9999, -9999, -9999, 1, 5, 35, 90, -9999, 62, -9999, 98, -9999, 51, -9999, 96, -9999, -9999, -9999, -9999, 84, 95, 52, -9999, -9999, 64, -9999, -9999, -9999, -9999, -9999, -9999, 50, -9999, -9999, -9999, -9999, -9999, -9999, -9999, -9999, 35, 24, -9999, -9999, 61, 11, -9999, -9999, -9999, 90, -9999, 89, -9999, 8, -9999, 77, 19, 44, 12, -9999, 57, 22, -9999, -9999, -9999, 66, 1, 1, 1, 1, 1],
[-9999, -9999, -9999, -9999, -9999, 23, 88, -9999, -9999, -9999, -9999, -9999, -9999, 50, -9999, -9999, -9999, -9999, -9999, -9999, -9999, -9999, -9999, -9999, -9999, -9999, 8, -9999, -9999, 94, -9999, -9999, -9999, -9999, -9999, -9999, -9999, -9999, -9999, -9999, -9999, -9999, -9999, -9999, -9999, -9999, -9999, -9999, -9999, -9999, -9999, -9999, -9999, -9999, -9999, 59, 85, -9999, -9999, -9999, 33, -9999, -9999, -9999, -9999, -9999, -9999, -9999, -9999, -9999, -9999, -9999, -9999, -9999, -9999, -9999, -9999, -9999, 69, -9999, -9999, 47, -9999, -9999, 58, -9999, -9999, -9999, -9999, 72, -9999, -9999, -9999, -9999, -9999, -9999, 28, 73, -9999, 44, 1, 1, 1, 1, 1],
[-9999, -9999, -9999, -9999, -9999, -9999, -9999, -9999, -9999, -9999, -9999, -9999, -9999, -9999, 1, -9999, -9999, 94, 14, -9999, -9999, 77, -9999, -9999, 28, -9999, 94, 69, 31, 40, -9999, -9999, 54, 21, -9999, -9999, -9999, 48, -9999, 48, -9999, -9999, 84, -9999, -9999, -9999, 86, -9999, 30, -9999, -9999, -9999, -9999, 72, -9999, 59, 4, -9999, -9999, 89, 48, -9999, 32, -9999, -9999, -9999, 63, 50, -9999, -9999, -9999, -9999, -9999, -9999, 57, -9999, -9999, -9999, 49, 36, -9999, -9999, -9999, -9999, 16, 12, -9999, -9999, -9999, 49, -9999, -9999, 20, -9999, 16, 10, 9, -9999, -9999, 58, 1, 1, 1, 1, 1],
[-9999, -9999, -9999, -9999, -9999, 20, -9999, -9999, -9999, -9999, 28, -9999, -9999, 72, -9999, -9999, -9999, -9999, -9999, -9999, -9999, 45, -9999, 100, 2, -9999, -9999, -9999, -9999, 38, -9999, -9999, -9999, -9999, -9999, -9999, -9999, -9999, -9999, -9999, 68, -9999, -9999, -9999, -9999, -9999, -9999, 71, -9999, -9999, -9999, -9999, -9999, -9999, -9999, 55, -9999, -9999, 100, -9999, 89, -9999, -9999, -9999, -9999, -9999, -9999, -9999, -9999, -9999, -9999, -9999, -9999, -9999, -9999, -9999, -9999, -9999, 23, -9999, -9999, 13, -9999, -9999, -9999, -9999, -9999, 3, -9999, 13, -9999, -9999, -9999, -9999, -9999, -9999, 5, -9999, -9999, 75, 1, 1, 1, 1, 1],
[-9999, -9999, -9999, -9999, -9999, 42, 54, -9999, -9999, -9999, 27, -9999, 28, -9999, -9999, -9999, -9999, -9999, -9999, -9999, -9999, 28, -9999, -9999, 97, -9999, 83, -9999, -9999, 40, -9999, -9999, -9999, -9999, -9999, -9999, -9999, -9999, -9999, -9999, 33, -9999, -9999, -9999, -9999, -9999, -9999, -9999, -9999, -9999, -9999, -9999, -9999, -9999, -9999, 19, 100, -9999, 22, -9999, -9999, -9999, -9999, -9999, -9999, -9999, -9999, -9999, 7, -9999, -9999, 12, -9999, -9999, -9999, -9999, -9999, -9999, 53, -9999, -9999, 68, 12, -9999, 86, -9999, -9999, -9999, -9999, 45, -9999, -9999, -9999, -9999, -9999, -9999, 31, 50, -9999, -9999, 1, 1, 1, 1, 1],
[-9999, -9999, -9999, -9999, -9999, 33, -9999, -9999, -9999, -9999, 23, 19, -9999, -9999, -9999, 23, -9999, 66, 73, -9999, 37, 85, -9999, -9999, 55, -9999, 62, 36, 54, -9999, 18, 75, 90, -9999, -9999, -9999, -9999, -9999, 94, -9999, 82, -9999, 79, 35, -9999, -9999, -9999, 42, -9999, -9999, -9999, 10, -9999, 91, -9999, -9999, 97, -9999, -9999, 92, -9999, 69, -9999, 14, -9999, -9999, 60, 84, 23, -9999, -9999, -9999, -9999, -9999, -9999, -9999, -9999, -9999, 79, 40, -9999, 37, 24, 22, -9999, -9999, -9999, -9999, -9999, 38, -9999, 29, 71, -9999, 19, 18, 84, -9999, -9999, 2, 1, 1, 1, 1, 1],
[-9999, -9999, -9999, -9999, -9999, 36, 63, -9999, -9999, -9999, -9999, -9999, -9999, 89, -9999, -9999, -9999, -9999, -9999, -9999, -9999, -9999, -9999, 35, -9999, -9999, 21, -9999, -9999, 31, -9999, -9999, -9999, -9999, -9999, -9999, -9999, -9999, -9999, -9999, 48, -9999, -9999, -9999, -9999, -9999, -9999, 71, -9999, -9999, -9999, -9999, -9999, -9999, -9999, -9999, 20, -9999, -9999, -9999, -9999, -9999, -9999, -9999, -9999, -9999, -9999, -9999, 75, -9999, -9999, -9999, -9999, -9999, -9999, -9999, -9999, -9999, 67, -9999, -9999, 96, -9999, -9999, 45, -9999, -9999, 15, -9999, 46, -9999, -9999, -9999, -9999, -9999, -9999, 34, -9999, -9999, 14, 1, 1, 1, 1, 1],
[-9999, -9999, -9999, -9999, -9999, -9999, -9999, -9999, 38, -9999, 11, 82, 5, -9999, -9999, -9999, -9999, -9999, -9999, -9999, -9999, 86, -9999, -9999, 38, -9999, 21, 52, 3, -9999, -9999, 39, 37, -9999, -9999, -9999, -9999, -9999, -9999, 85, 99, -9999, 95, 81, -9999, -9999, 25, 31, 69, -9999, -9999, 16, -9999, 59, -9999, 22, -9999, -9999, 2, 90, 29, -9999, -9999, 79, -9999, 43, -9999, 57, -9999, -9999, -9999, -9999, -9999, -9999, -9999, 68, -9999, -9999, 31, 84, -9999, 47, -9999, -9999, 27, -9999, -9999, -9999, -9999, 56, -9999, 63, 94, -9999, 38, 36, 94, 76, -9999, 19, 1, 1, 1, 1, 1],
[-9999, -9999, -9999, -9999, -9999, -9999, 75, 73, 77, -9999, 96, 93, -9999, -9999, 91, -9999, -9999, -9999, -9999, -9999, -9999, -9999, -9999, 9, 3, -9999, 86, 2, -9999, 17, 15, 66, 79, -9999, -9999, -9999, -9999, 19, 89, 61, 31, -9999, -9999, 47, 36, -9999, 29, 56, 42, -9999, -9999, 69, -9999, 40, -9999, 28, -9999, -9999, 26, 30, 31, 19, 35, 55, -9999, 95, -9999, 63, 17, 64, -9999, -9999, -9999, -9999, 77, 92, -9999, -9999, 99, 51, -9999, 62, -9999, 24, -9999, 81, -9999, 76, -9999, 14, -9999, 9, -9999, -9999, 89, 62, 38, 42, -9999, 40, 1, 1, 1, 1, 1],
[-9999, -9999, -9999, -9999, -9999, -9999, -9999, -9999, -9999, -9999, -9999, -9999, -9999, -9999, -9999, -9999, -9999, 26, -9999, -9999, -9999, 85, -9999, 25, 56, -9999, 33, 21, 78, -9999, 21, 35, 26, -9999, -9999, -9999, -9999, -9999, 61, 1, 83, -9999, -9999, -9999, -9999, -9999, -9999, 35, -9999, -9999, -9999, 50, -9999, -9999, -9999, -9999, 43, -9999, 18, -9999, -9999, -9999, -9999, -9999, -9999, 48, -9999, 4, 88, -9999, -9999, -9999, -9999, -9999, 20, -9999, -9999, -9999, 67, 7, -9999, -9999, -9999, 100, 23, -9999, -9999, 50, -9999, 76, 59, 51, 86, -9999, 81, 69, 65, -9999, -9999, -9999, 1, 1, 1, 1, 1],
[-9999, -9999, -9999, -9999, -9999, -9999, -9999, -9999, -9999, 88, 22, 52, -9999, -9999, -9999, 20, 42, 62, 88, -9999, 69, -9999, 84, -9999, 48, 33, 2, -9999, 16, 24, 49, 56, 94, -9999, -9999, 3, 53, -9999, 11, 91, 57, -9999, 49, -9999, 50, 60, 84, 44, -9999, -9999, -9999, 91, -9999, 91, -9999, 43, -9999, -9999, -9999, 71, 84, 37, -9999, -9999, 89, 18, 36, 92, 28, 32, -9999, -9999, -9999, -9999, 20, -9999, 66, 18, 39, 32, 70, -9999, -9999, -9999, 12, 33, -9999, 1, -9999, 57, -9999, 36, -9999, 15, 2, 12, -9999, -9999, 48, -9999, 1, 1, 1, 1, 1],
[-9999, -9999, -9999, -9999, -9999, -9999, 1, -9999, -9999, -9999, -9999, -9999, 6, -9999, -9999, -9999, -9999, -9999, -9999, -9999, -9999, 95, -9999, 67, -9999, -9999, 41, -9999, -9999, 63, -9999, -9999, -9999, -9999, -9999, -9999, -9999, -9999, -9999, -9999, -9999, -9999, -9999, -9999, -9999, -9999, -9999, 46, -9999, -9999, -9999, -9999, -9999, -9999, -9999, 7, -9999, -9999, 88, -9999, -9999, 36, -9999, -9999, -9999, -9999, -9999, -9999, 16, -9999, -9999, -9999, -9999, -9999, -9999, -9999, -9999, -9999, 22, 29, -9999, -9999, -9999, -9999, 80, -9999, -9999, 19, -9999, 32, -9999, -9999, -9999, -9999, -9999, -9999, 14, 47, -9999, 85, 1, 1, 1, 1, 1],
[-9999, -9999, -9999, -9999, -9999, -9999, 53, -9999, -9999, -9999, 80, -9999, -9999, 67, -9999, -9999, -9999, -9999, -9999, -9999, -9999, -9999, -9999, -9999, 50, -9999, 40, -9999, -9999, -9999, -9999, -9999, -9999, -9999, -9999, -9999, -9999, -9999, -9999, -9999, 9, -9999, -9999, -9999, -9999, -9999, -9999, 24, -9999, -9999, -9999, -9999, -9999, -9999, -9999, 8, -9999, -9999, -9999, -9999, 50, -9999, -9999, -9999, -9999, -9999, -9999, -9999, -9999, -9999, -9999, -9999, -9999, -9999, -9999, -9999, -9999, -9999, 97, 87, -9999, -9999, -9999, -9999, -9999, -9999, -9999, 21, -9999, 6, 91, -9999, -9999, -9999, -9999, -9999, -9999, -9999, -9999, 59, 1, 1, 1, 1, 1],
[-9999, -9999, -9999, -9999, -9999, 41, 44, -9999, 48, 18, -9999, -9999, -9999, 90, 46, 77, -9999, -9999, -9999, -9999, 72, -9999, -9999, 91, 22, 55, 17, 44, -9999, 21, 1, -9999, 29, -9999, -9999, 89, -9999, -9999, -9999, 42, 10, -9999, 3, -9999, 77, -9999, -9999, 50, 4, -9999, 74, 87, 11, 98, -9999, 46, 94, -9999, -9999, -9999, 79, 99, 93, 46, -9999, 67, 12, 3, -9999, -9999, 3, -9999, -9999, -9999, 40, -9999, -9999, -9999, 28, 12, 15, -9999, -9999, -9999, -9999, -9999, -9999, 93, -9999, 67, -9999, -9999, 76, 52, 31, -9999, 72, 13, -9999, 2, 1, 1, 1, 1, 1],
[-9999, -9999, -9999, -9999, -9999, 34, -9999, -9999, 84, -9999, 90, 57, -9999, 33, 5, 12, -9999, -9999, -9999, -9999, -9999, 86, -9999, -9999, 47, -9999, -9999, -9999, 29, 6, 80, 96, 54, 40, -9999, -9999, -9999, 3, 10, -9999, -9999, -9999, 39, 55, 60, 25, 25, 38, 8, -9999, -9999, 46, -9999, 65, -9999, 84, -9999, -9999, 29, -9999, -9999, 13, 38, 92, -9999, -9999, -9999, 9, -9999, 22, -9999, -9999, -9999, -9999, -9999, 5, -9999, -9999, 72, 10, -9999, -9999, 94, -9999, 47, 1, -9999, 14, -9999, 99, -9999, -9999, 43, -9999, 75, 41, 38, -9999, -9999, -9999, 1, 1, 1, 1, 1],
[-9999, -9999, -9999, -9999, -9999, 36, 7, -9999, 81, -9999, -9999, 6, -9999, 50, 1, -9999, -9999, 23, 44, -9999, -9999, 25, -9999, 7, -9999, -9999, 83, -9999, 42, 78, 22, 8, 77, 60, -9999, -9999, -9999, 90, 2, 9, 91, -9999, 40, 74, 61, -9999, -9999, -9999, 77, -9999, -9999, 96, -9999, 90, -9999, 35, -9999, -9999, 90, 55, 87, 76, 22, 57, -9999, -9999, -9999, -9999, 63, -9999, -9999, -9999, -9999, -9999, 99, 33, -9999, -9999, 61, 53, -9999, -9999, -9999, 22, -9999, 91, -9999, 33, -9999, 51, -9999, 24, 22, -9999, 82, 96, -9999, 88, -9999, -9999, 1, 1, 1, 1, 1],
[-9999, -9999, -9999, -9999, -9999, -9999, -9999, -9999, 61, -9999, -9999, -9999, -9999, -9999, -9999, 42, -9999, 4, 81, -9999, 2, -9999, -9999, -9999, -9999, -9999, -9999, -9999, 75, -9999, 46, -9999, 33, 6, -9999, -9999, -9999, -9999, -9999, -9999, -9999, -9999, 28, 22, 53, -9999, -9999, 29, 43, -9999, -9999, 30, -9999, -9999, -9999, 56, -9999, -9999, 80, 99, 45, 85, -9999, 45, -9999, 59, -9999, 79, 83, 63, -9999, -9999, -9999, 96, -9999, -9999, -9999, -9999, 24, 77, -9999, -9999, -9999, 99, -9999, 64, -9999, 84, -9999, 73, -9999, 62, 10, -9999, 91, 27, -9999, 46, -9999, 49, 1, 1, 1, 1, 1],
[-9999, -9999, -9999, -9999, -9999, -9999, -9999, -9999, -9999, -9999, 28, -9999, -9999, 51, -9999, -9999, -9999, -9999, -9999, -9999, -9999, -9999, -9999, -9999, -9999, -9999, -9999, -9999, -9999, -9999, -9999, -9999, -9999, -9999, -9999, -9999, -9999, -9999, -9999, -9999, 80, -9999, -9999, -9999, -9999, -9999, -9999, -9999, -9999, -9999, -9999, -9999, -9999, -9999, -9999, -9999, 55, -9999, -9999, -9999, 1, 42, -9999, -9999, -9999, -9999, -9999, -9999, 32, -9999, -9999, -9999, -9999, -9999, -9999, -9999, -9999, -9999, 71, -9999, -9999, 61, -9999, -9999, -9999, -9999, -9999, 70, -9999, 31, -9999, -9999, -9999, -9999, -9999, -9999, 52, -9999, -9999, 86, 1, 1, 1, 1, 1],
[-9999, -9999, -9999, -9999, -9999, -9999, 44, -9999, -9999, -9999, -9999, -9999, 67, 46, -9999, -9999, -9999, -9999, -9999, -9999, -9999, 81, -9999, 18, 77, -9999, -9999, -9999, -9999, -9999, -9999, -9999, -9999, -9999, -9999, -9999, -9999, -9999, -9999, -9999, -9999, -9999, -9999, -9999, -9999, -9999, -9999, 36, -9999, -9999, -9999, -9999, -9999, -9999, -9999, -9999, -9999, 65, 71, -9999, -9999, -9999, -9999, -9999, -9999, -9999, -9999, -9999, -9999, -9999, -9999, -9999, -9999, -9999, -9999, -9999, -9999, -9999, 69, -9999, -9999, -9999, -9999, -9999, 89, -9999, -9999, 20, -9999, 71, -9999, -9999, -9999, -9999, -9999, -9999, 18, -9999, -9999, -9999, 1, 1, 1, 1, 1],
[-9999, -9999, -9999, -9999, -9999, 73, 19, -9999, -9999, -9999, -9999, -9999, -9999, -9999, -9999, -9999, -9999, -9999, -9999, -9999, -9999, 62, -9999, 83, 47, 32, 89, -9999, -9999, 28, -9999, -9999, -9999, 54, -9999, -9999, -9999, -9999, -9999, -9999, 66, -9999, -9999, -9999, -9999, -9999, -9999, -9999, -9999, -9999, -9999, -9999, -9999, -9999, -9999, -9999, 12, -9999, 89, -9999, -9999, 60, -9999, -9999, -9999, -9999, -9999, -9999, 6, -9999, 33, -9999, -9999, -9999, -9999, -9999, -9999, 35, 50, -9999, 60, 68, -9999, -9999, 17, -9999, -9999, -9999, -9999, 33, 32, -9999, -9999, 72, -9999, -9999, 30, 98, -9999, 63, 1, 1, 1, 1, 1],
[-9999, -9999, -9999, -9999, -9999, 78, -9999, -9999, 90, -9999, -9999, -9999, -9999, -9999, 4, -9999, -9999, 2, 15, -9999, 50, 49, -9999, 78, 44, -9999, 15, 98, -9999, -9999, -9999, 27, 4, -9999, -9999, -9999, -9999, 1, -9999, 77, -9999, -9999, -9999, 44, 93, -9999, -9999, 57, 83, -9999, -9999, -9999, -9999, 97, -9999, 98, 50, -9999, -9999, 10, 31, 95, -9999, -9999, -9999, -9999, -9999, -9999, 14, -9999, -9999, -9999, -9999, -9999, 66, 7, -9999, -9999, 26, 73, -9999, 8, -9999, 45, 44, 92, -9999, 89, -9999, 69, -9999, 56, 28, -9999, 13, 55, -9999, -9999, -9999, 39, 1, 1, 1, 1, 1],
[-9999, -9999, -9999, -9999, -9999, 100, 7, -9999, 95, -9999, 89, -9999, -9999, 84, 25, 12, -9999, 2, 95, -9999, -9999, 62, -9999, 41, -9999, -9999, 54, -9999, 94, 40, -9999, 96, 90, -9999, -9999, -9999, -9999, -9999, -9999, -9999, 40, -9999, 2, -9999, -9999, -9999, 49, 43, -9999, -9999, -9999, 83, -9999, 17, -9999, -9999, 83, 20, 77, -9999, 79, -9999, -9999, -9999, -9999, 29, -9999, -9999, 99, 40, -9999, -9999, -9999, 77, -9999, 33, -9999, -9999, 67, -9999, -9999, -9999, -9999, -9999, -9999, 96, -9999, -9999, 32, 83, -9999, 96, -9999, -9999, 65, 93, -9999, 18, -9999, 21, 1, 1, 1, 1, 1],
[-9999, -9999, -9999, -9999, -9999, 64, 81, -9999, -9999, -9999, 36, -9999, -9999, -9999, -9999, -9999, -9999, -9999, -9999, -9999, -9999, -9999, -9999, 38, -9999, -9999, -9999, -9999, -9999, -9999, -9999, -9999, -9999, -9999, -9999, -9999, -9999, -9999, -9999, -9999, -9999, -9999, -9999, -9999, -9999, -9999, -9999, 83, -9999, -9999, -9999, -9999, -9999, -9999, -9999, -9999, 19, -9999, -9999, -9999, -9999, 97, -9999, -9999, -9999, -9999, -9999, -9999, 65, -9999, -9999, -9999, -9999, -9999, -9999, -9999, -9999, -9999, 94, 28, -9999, 47, -9999, -9999, -9999, -9999, -9999, -9999, -9999, 28, 94, -9999, -9999, -9999, -9999, -9999, 41, 41, -9999, -9999, 1, 1, 1, 1, 1],
[-9999, -9999, -9999, -9999, -9999, -9999, 78, -9999, -9999, -9999, -9999, -9999, 55, 94, -9999, -9999, -9999, -9999, -9999, -9999, -9999, -9999, -9999, -9999, 17, -9999, -9999, -9999, -9999, 23, -9999, -9999, -9999, -9999, -9999, -9999, -9999, -9999, -9999, -9999, -9999, -9999, -9999, -9999, -9999, -9999, -9999, 83, -9999, -9999, -9999, -9999, -9999, -9999, -9999, 1, 98, -9999, -9999, -9999, -9999, 31, -9999, -9999, -9999, -9999, -9999, -9999, 65, -9999, -9999, -9999, -9999, -9999, -9999, -9999, -9999, -9999, 44, 88, -9999, 25, 68, -9999, -9999, -9999, -9999, 14, -9999, 87, -9999, -9999, -9999, -9999, -9999, -9999, 78, -9999, -9999, -9999, 1, 1, 1, 1, 1],
[-9999, -9999, -9999, -9999, -9999, 14, -9999, -9999, 94, -9999, 87, -9999, -9999, 70, -9999, -9999, -9999, 19, 43, -9999, 8, 72, -9999, 59, -9999, -9999, 24, 91, 78, 67, 68, -9999, 33, -9999, -9999, -9999, -9999, 89, -9999, 58, 32, -9999, 42, -9999, 70, 99, 18, -9999, -9999, -9999, -9999, 59, -9999, -9999, -9999, 88, 3, -9999, 92, 62, -9999, 65, 85, -9999, -9999, 95, 91, 24, -9999, 88, -9999, -9999, -9999, -9999, 40, 87, -9999, -9999, 84, 26, -9999, -9999, -9999, 73, -9999, 27, -9999, 38, 43, 52, -9999, -9999, 22, -9999, 92, -9999, 16, 30, -9999, 89, 1, 1, 1, 1, 1],
[-9999, -9999, -9999, -9999, -9999, 31, -9999, -9999, -9999, -9999, 45, -9999, -9999, -9999, -9999, -9999, -9999, -9999, -9999, -9999, -9999, 78, -9999, -9999, -9999, -9999, -9999, -9999, -9999, 76, -9999, -9999, -9999, -9999, -9999, -9999, -9999, -9999, -9999, -9999, -9999, -9999, -9999, -9999, -9999, -9999, -9999, -9999, -9999, -9999, -9999, -9999, -9999, -9999, -9999, 98, 65, -9999, 13, -9999, 19, -9999, -9999, -9999, -9999, -9999, -9999, -9999, -9999, -9999, -9999, -9999, -9999, -9999, -9999, -9999, -9999, -9999, 41, -9999, -9999, 49, -9999, -9999, -9999, -9999, -9999, -9999, -9999, 90, -9999, -9999, -9999, -9999, -9999, -9999, 95, 52, -9999, -9999, 1, 1, 1, 1, 1],
[-9999, -9999, -9999, -9999, -9999, -9999, -9999, -9999, -9999, -9999, 68, -9999, -9999, -9999, -9999, -9999, -9999, -9999, -9999, -9999, -9999, 21, -9999, 56, -9999, -9999, -9999, -9999, -9999, -9999, -9999, -9999, -9999, -9999, -9999, -9999, -9999, -9999, -9999, -9999, -9999, -9999, -9999, -9999, -9999, -9999, -9999, 18, -9999, -9999, -9999, -9999, -9999, -9999, -9999, 82, 9, -9999, 69, -9999, 92, 3, -9999, -9999, -9999, -9999, -9999, -9999, 14, -9999, -9999, -9999, -9999, -9999, -9999, -9999, -9999, -9999, 26, 62, -9999, -9999, -9999, -9999, -9999, -9999, -9999, 97, -9999, 39, -9999, -9999, -9999, -9999, -9999, -9999, -9999, 66, -9999, 17, 1, 1, 1, 1, 1],
[-9999, -9999, -9999, -9999, -9999, 91, -9999, -9999, -9999, -9999, 37, -9999, -9999, -9999, -9999, -9999, -9999, -9999, -9999, -9999, -9999, 79, -9999, 86, 39, -9999, -9999, -9999, -9999, 1, -9999, -9999, -9999, -9999, -9999, -9999, -9999, -9999, -9999, -9999, -9999, -9999, -9999, -9999, -9999, -9999, -9999, 22, -9999, -9999, -9999, -9999, -9999, -9999, -9999, 22, 49, -9999, 63, -9999, 31, -9999, -9999, -9999, -9999, -9999, -9999, -9999, 95, -9999, -9999, -9999, -9999, -9999, -9999, -9999, -9999, -9999, 76, 10, -9999, 2, -9999, -9999, -9999, -9999, -9999, -9999, -9999, 51, -9999, -9999, -9999, -9999, -9999, -9999, 89, 94, -9999, -9999, 1, 1, 1, 1, 1],
[-9999, -9999, -9999, -9999, -9999, 89, -9999, -9999, 80, -9999, -9999, 89, -9999, 98, -9999, -9999, -9999, 63, 32, -9999, 58, 35, -9999, -9999, 92, -9999, -9999, 31, 96, 47, 15, -9999, 80, -9999, -9999, -9999, -9999, -9999, 91, -9999, -9999, -9999, 87, 97, 48, -9999, -9999, -9999, 19, -9999, -9999, -9999, -9999, -9999, -9999, -9999, 2, -9999, -9999, -9999, 59, 57, 10, 52, -9999, 73, 12, 21, 6, 53, -9999, -9999, -9999, -9999, -9999, 16, -9999, -9999, 79, -9999, -9999, -9999, -9999, -9999, -9999, 89, -9999, 41, 7, 73, -9999, -9999, 20, -9999, 29, 49, 84, 100, -9999, -9999, 1, 1, 1, 1, 1],
[-9999, -9999, -9999, -9999, -9999, -9999, -9999, -9999, -9999, -9999, -9999, 7, 45, 33, -9999, 12, -9999, -9999, -9999, -9999, -9999, 28, -9999, -9999, -9999, -9999, 52, -9999, 34, 82, -9999, -9999, 40, -9999, -9999, -9999, -9999, 44, -9999, 91, -9999, -9999, -9999, 61, 33, -9999, 29, -9999, -9999, -9999, -9999, 73, -9999, -9999, -9999, -9999, 7, -9999, -9999, 85, 13, -9999, 81, -9999, -9999, 1, -9999, -9999, 51, -9999, -9999, -9999, -9999, 28, 87, -9999, -9999, -9999, -9999, -9999, -9999, 69, 24, 29, 10, 100, -9999, 12, -9999, 51, -9999, -9999, 81, -9999, 52, -9999, -9999, 61, -9999, -9999, 1, 1, 1, 1, 1],
[-9999, -9999, -9999, -9999, -9999, -9999, 43, -9999, 45, -9999, -9999, 74, -9999, 77, 59, 68, -9999, -9999, 69, -9999, 38, 37, -9999, 10, 78, -9999, -9999, 41, 48, 80, -9999, 4, 15, -9999, -9999, -9999, -9999, -9999, -9999, -9999, 30, -9999, 47, 40, 61, -9999, 53, -9999, -9999, -9999, -9999, 96, -9999, -9999, -9999, 2, -9999, -9999, 70, 28, -9999, -9999, -9999, 67, -9999, 58, 26, -9999, -9999, -9999, -9999, -9999, -9999, -9999, -9999, 10, -9999, -9999, 32, 66, -9999, 91, -9999, 1, -9999, -9999, -9999, -9999, 48, 4, 82, 60, 60, -9999, 38, -9999, 34, -9999, -9999, 20, 1, 1, 1, 1, 1],
[-9999, -9999, -9999, -9999, -9999, 51, -9999, -9999, -9999, -9999, 64, -9999, -9999, -9999, -9999, -9999, -9999, -9999, -9999, -9999, -9999, 55, -9999, 9, 11, -9999, -9999, -9999, -9999, 47, -9999, -9999, -9999, 93, -9999, -9999, -9999, -9999, -9999, -9999, -9999, -9999, -9999, -9999, -9999, -9999, -9999, 76, -9999, -9999, -9999, -9999, -9999, -9999, -9999, 88, -9999, -9999, 96, -9999, 82, 71, -9999, -9999, -9999, -9999, -9999, -9999, -9999, -9999, -9999, -9999, -9999, -9999, -9999, -9999, -9999, -9999, 23, -9999, -9999, 82, -9999, -9999, -9999, -9999, -9999, -9999, -9999, 88, -9999, -9999, -9999, -9999, -9999, -9999, -9999, 34, -9999, 50, 1, 1, 1, 1, 1],
[-9999, -9999, -9999, -9999, -9999, 5, -9999, -9999, 7, -9999, 11, 18, -9999, 71, -9999, -9999, -9999, 3, 28, -9999, -9999, 6, -9999, 61, 72, -9999, -9999, -9999, -9999, 24, -9999, -9999, 3, -9999, -9999, -9999, -9999, 76, 35, 58, -9999, -9999, -9999, -9999, -9999, -9999, -9999, -9999, 17, -9999, -9999, 82, -9999, -9999, -9999, 82, 57, -9999, 84, 13, 55, -9999, 54, -9999, -9999, 16, 25, -9999, 9, 80, -9999, -9999, -9999, -9999, 73, 38, -9999, -9999, 39, 77, -9999, 75, -9999, 49, 59, 25, -9999, 12, 59, 70, -9999, 9, -9999, -9999, 5, 25, 2, -9999, -9999, -9999, 1, 1, 1, 1, 1],
[-9999, -9999, -9999, -9999, -9999, 33, 62, -9999, -9999, -9999, -9999, -9999, -9999, 26, -9999, -9999, -9999, -9999, -9999, -9999, -9999, 70, -9999, 94, 95, -9999, -9999, -9999, -9999, -9999, -9999, -9999, -9999, 79, -9999, -9999, -9999, -9999, -9999, -9999, 30, -9999, -9999, -9999, -9999, -9999, -9999, 80, -9999, -9999, -9999, -9999, -9999, -9999, -9999, -9999, 20, -9999, 72, -9999, 99, 84, -9999, -9999, -9999, -9999, -9999, -9999, 47, -9999, -9999, -9999, -9999, -9999, -9999, -9999, -9999, -9999, 10, 45, -9999, 56, -9999, -9999, -9999, -9999, -9999, 32, -9999, 7, -9999, -9999, -9999, -9999, -9999, -9999, 76, 75, -9999, -9999, 1, 1, 1, 1, 1],
[-9999, -9999, -9999, -9999, -9999, 41, -9999, -9999, -9999, -9999, 82, -9999, -9999, 12, -9999, -9999, -9999, -9999, -9999, -9999, -9999, 33, -9999, -9999, -9999, -9999, 29, -9999, -9999, 17, -9999, -9999, -9999, -9999, -9999, -9999, -9999, -9999, -9999, -9999, -9999, -9999, -9999, -9999, -9999, -9999, -9999, 59, -9999, -9999, -9999, -9999, -9999, -9999, -9999, -9999, -9999, -9999, -9999, -9999, -9999, 81, -9999, -9999, -9999, -9999, -9999, -9999, 31, -9999, -9999, -9999, -9999, -9999, -9999, -9999, -9999, -9999, 46, 70, -9999, 22, -9999, -9999, -9999, -9999, -9999, 68, -9999, 17, -9999, -9999, -9999, -9999, -9999, -9999, 70, 63, -9999, -9999, 1, 1, 1, 1, 1],
[-9999, -9999, -9999, -9999, -9999, -9999, -9999, 39, 38, -9999, -9999, 87, -9999, 100, 50, 46, -9999, 59, 67, -9999, -9999, 6, -9999, 38, -9999, -9999, 68, -9999, -9999, -9999, 49, 36, 5, -9999, -9999, -9999, -9999, 33, 5, -9999, 77, -9999, 55, 87, -9999, -9999, -9999, 86, 70, -9999, -9999, 22, -9999, -9999, -9999, -9999, 11, 80, 19, -9999, 85, -9999, 94, -9999, -9999, -9999, 86, 30, -9999, -9999, -9999, -9999, -9999, -9999, 41, -9999, -9999, -9999, 24, 45, -9999, -9999, -9999, 75, -9999, 60, -9999, -9999, -9999, 26, -9999, -9999, -9999, -9999, 37, 39, 23, 50, -9999, 62, 1, 1, 1, 1, 1],
[-9999, -9999, -9999, -9999, -9999, -9999, -9999, -9999, -9999, -9999, -9999, -9999, -9999, 66, -9999, -9999, -9999, -9999, -9999, -9999, -9999, -9999, -9999, 85, -9999, -9999, -9999, -9999, -9999, 34, -9999, -9999, -9999, -9999, -9999, -9999, -9999, -9999, -9999, -9999, -9999, -9999, -9999, -9999, -9999, -9999, -9999, -9999, -9999, -9999, -9999, -9999, -9999, -9999, -9999, -9999, -9999, -9999, 89, -9999, -9999, 63, -9999, -9999, -9999, -9999, -9999, -9999, 28, -9999, -9999, -9999, -9999, -9999, -9999, -9999, -9999, -9999, 69, 6, -9999, 33, -9999, -9999, 86, -9999, -9999, -9999, -9999, 30, -9999, -9999, -9999, -9999, -9999, -9999, -9999, 80, -9999, -9999, 1, 1, 1, 1, 1],
[-9999, -9999, -9999, -9999, -9999, 4, 86, -9999, -9999, -9999, 24, -9999, 42, 40, -9999, -9999, -9999, -9999, -9999, -9999, -9999, 92, -9999, -9999, 6, -9999, -9999, -9999, -9999, -9999, -9999, -9999, -9999, -9999, -9999, -9999, -9999, -9999, -9999, -9999, -9999, -9999, -9999, -9999, -9999, -9999, -9999, -9999, -9999, -9999, -9999, -9999, -9999, -9999, -9999, 35, -9999, -9999, 46, -9999, -9999, 38, -9999, -9999, -9999, -9999, -9999, -9999, -9999, -9999, -9999, 68, -9999, -9999, -9999, -9999, -9999, -9999, 19, 90, -9999, -9999, -9999, -9999, 85, -9999, -9999, -9999, -9999, 16, -9999, -9999, -9999, -9999, -9999, -9999, 87, -9999, -9999, -9999, 1, 1, 1, 1, 1],
[-9999, -9999, -9999, -9999, -9999, 42, 46, -9999, -9999, -9999, 3, -9999, -9999, 100, -9999, -9999, 47, -9999, -9999, -9999, -9999, -9999, -9999, -9999, 58, 38, 75, -9999, -9999, 90, -9999, -9999, -9999, -9999, -9999, -9999, -9999, -9999, -9999, -9999, 16, -9999, -9999, -9999, -9999, -9999, -9999, -9999, -9999, -9999, -9999, -9999, -9999, -9999, -9999, -9999, 82, 5, -9999, -9999, 54, 80, -9999, -9999, -9999, -9999, -9999, -9999, -9999, -9999, 92, -9999, -9999, -9999, -9999, -9999, -9999, -9999, 26, 39, 71, 100, -9999, -9999, -9999, -9999, 72, 27, -9999, 69, 74, -9999, -9999, -9999, -9999, -9999, -9999, 62, -9999, 9, 1, 1, 1, 1, 1],
[-9999, -9999, -9999, -9999, -9999, -9999, -9999, -9999, 19, -9999, 22, 56, -9999, 39, -9999, 21, 66, -9999, 29, -9999, 91, -9999, -9999, -9999, -9999, 74, 51, 96, 15, 69, 3, -9999, 81, -9999, -9999, -9999, 6, 70, -9999, -9999, 89, -9999, -9999, 19, 84, -9999, -9999, 7, -9999, -9999, -9999, 85, 59, 58, -9999, -9999, -9999, -9999, 56, -9999, -9999, -9999, -9999, -9999, 52, 78, 96, 78, 98, -9999, 25, -9999, 49, -9999, 89, 80, 76, -9999, 46, 25, -9999, -9999, -9999, -9999, 96, 78, -9999, -9999, -9999, 20, -9999, 15, -9999, 54, 87, -9999, 57, -9999, 74, -9999, 1, 1, 1, 1, 1],
[-9999, -9999, -9999, -9999, -9999, 51, -9999, -9999, 12, -9999, -9999, 93, -9999, 80, 13, 60, -9999, -9999, -9999, -9999, -9999, 4, -9999, 79, -9999, -9999, -9999, -9999, 82, -9999, 77, -9999, 60, -9999, -9999, -9999, -9999, 31, -9999, -9999, 84, -9999, 25, 15, -9999, -9999, 17, 60, -9999, -9999, -9999, 67, -9999, 40, -9999, 31, -9999, -9999, 31, 15, 93, -9999, 60, 45, -9999, -9999, 6, -9999, 93, 58, -9999, -9999, -9999, -9999, 32, -9999, -9999, -9999, 94, 87, -9999, 16, -9999, 83, -9999, 19, -9999, 84, 10, 45, -9999, -9999, 14, -9999, 23, 84, -9999, 42, -9999, 52, 1, 1, 1, 1, 1],
[-9999, -9999, -9999, -9999, -9999, 46, -9999, 70, -9999, -9999, 23, -9999, -9999, -9999, -9999, -9999, -9999, -9999, -9999, -9999, -9999, -9999, -9999, -9999, -9999, -9999, -9999, -9999, -9999, 17, -9999, -9999, -9999, -9999, -9999, -9999, -9999, -9999, -9999, -9999, 49, -9999, -9999, -9999, -9999, -9999, -9999, 15, -9999, -9999, -9999, -9999, -9999, -9999, -9999, -9999, 81, -9999, -9999, -9999, 69, 49, -9999, -9999, -9999, -9999, -9999, -9999, 11, -9999, -9999, -9999, -9999, -9999, -9999, -9999, -9999, -9999, 82, 29, -9999, 83, -9999, -9999, 64, -9999, -9999, 87, -9999, 97, -9999, -9999, -9999, -9999, -9999, -9999, 28, -9999, -9999, 11, 1, 1, 1, 1, 1],
[-9999, -9999, -9999, -9999, -9999, 79, -9999, -9999, -9999, -9999, 9, -9999, -9999, 39, -9999, -9999, -9999, -9999, -9999, -9999, -9999, -9999, -9999, 49, -9999, -9999, 47, -9999, -9999, -9999, -9999, -9999, -9999, -9999, -9999, -9999, -9999, -9999, -9999, -9999, -9999, -9999, -9999, -9999, -9999, -9999, -9999, 30, -9999, 96, -9999, -9999, -9999, -9999, -9999, 95, 79, -9999, 99, -9999, -9999, 84, -9999, -9999, -9999, -9999, -9999, -9999, 33, -9999, -9999, -9999, -9999, -9999, -9999, -9999, -9999, -9999, 25, 74, -9999, -9999, -9999, -9999, -9999, -9999, -9999, 98, -9999, 83, -9999, -9999, -9999, -9999, -9999, -9999, 64, -9999, -9999, 47, 1, 1, 1, 1, 1],
[-9999, -9999, -9999, -9999, -9999, -9999, -9999, -9999, -9999, -9999, 23, -9999, -9999, 34, -9999, -9999, -9999, -9999, -9999, -9999, -9999, -9999, -9999, 14, 57, -9999, 4, -9999, -9999, 71, -9999, -9999, -9999, -9999, -9999, -9999, -9999, -9999, -9999, -9999, -9999, -9999, -9999, -9999, -9999, -9999, -9999, -9999, -9999, -9999, -9999, -9999, -9999, -9999, -9999, 40, 24, -9999, 54, -9999, 55, -9999, -9999, -9999, -9999, -9999, -9999, -9999, -9999, -9999, -9999, -9999, -9999, -9999, -9999, -9999, -9999, -9999, 84, -9999, -9999, 64, -9999, -9999, 44, -9999, -9999, -9999, -9999, 45, -9999, -9999, -9999, -9999, -9999, -9999, -9999, -9999, -9999, 43, 1, 1, 1, 1, 1],
[-9999, -9999, -9999, -9999, -9999, -9999, 84, -9999, 61, -9999, -9999, 11, -9999, -9999, -9999, -9999, -9999, -9999, -9999, -9999, 62, 36, -9999, 43, 89, -9999, -9999, -9999, 62, 57, 30, 26, 80, -9999, -9999, -9999, -9999, 26, -9999, 55, -9999, -9999, 29, -9999, 57, 54, -9999, 97, 10, -9999, -9999, 96, -9999, -9999, -9999, 100, 93, -9999, 87, 94, -9999, 27, -9999, -9999, -9999, 51, 52, 42, 85, -9999, -9999, -9999, -9999, -9999, 9, -9999, -9999, -9999, 3, -9999, -9999, -9999, -9999, 63, -9999, -9999, -9999, 48, -9999, 100, -9999, -9999, 38, -9999, 22, -9999, 36, 87, -9999, 51, 1, 1, 1, 1, 1],
[-9999, -9999, -9999, -9999, -9999, -9999, 14, -9999, 98, -9999, 77, -9999, -9999, -9999, -9999, -9999, -9999, -9999, 37, -9999, 39, 22, -9999, 86, -9999, -9999, 36, 25, 50, 93, 77, 18, 13, -9999, -9999, -9999, -9999, -9999, 13, -9999, 91, -9999, -9999, -9999, 91, -9999, 40, -9999, -9999, -9999, -9999, 17, -9999, -9999, -9999, -9999, 45, -9999, -9999, 8, -9999, -9999, -9999, 44, -9999, -9999, 13, -9999, -9999, 32, -9999, -9999, -9999, -9999, -9999, -9999, -9999, -9999, 77, -9999, -9999, -9999, -9999, -9999, 16, -9999, -9999, -9999, 8, 55, -9999, -9999, 71, -9999, 50, 76, -9999, 88, -9999, -9999, 1, 1, 1, 1, 1],
[-9999, -9999, -9999, -9999, -9999, 73, 6, -9999, 4, -9999, -9999, 51, -9999, -9999, -9999, 64, -9999, 66, 93, -9999, -9999, 8, -9999, 17, 91, -9999, -9999, 72, -9999, 96, -9999, 62, 46, -9999, -9999, -9999, -9999, -9999, 82, 47, 48, -9999, -9999, 96, 44, -9999, 57, 46, -9999, -9999, -9999, -9999, -9999, 8, -9999, -9999, 39, -9999, -9999, -9999, 64, -9999, -9999, -9999, -9999, 5, 90, 27, 93, 31, -9999, 64, -9999, -9999, 60, 64, -9999, -9999, 53, -9999, -9999, 20, -9999, 100, -9999, 12, -9999, 20, -9999, 95, -9999, 50, 45, -9999, 37, 28, 50, -9999, -9999, 60, 1, 1, 1, 1, 1],
[-9999, -9999, -9999, -9999, -9999, -9999, -9999, -9999, -9999, -9999, -9999, -9999, -9999, -9999, -9999, -9999, -9999, -9999, -9999, -9999, -9999, -9999, -9999, -9999, -9999, -9999, -9999, -9999, -9999, -9999, -9999, -9999, -9999, -9999, -9999, -9999, -9999, -9999, -9999, -9999, -9999, -9999, -9999, -9999, -9999, -9999, -9999, -9999, -9999, -9999, -9999, -9999, -9999, -9999, -9999, -9999, -9999, -9999, -9999, -9999, -9999, -9999, -9999, 91, -9999, -9999, -9999, -9999, -9999, -9999, -9999, -9999, -9999, -9999, -9999, -9999, -9999, -9999, 8, 48, -9999, -9999, -9999, -9999, -9999, -9999, -9999, -9999, -9999, -9999, -9999, -9999, -9999, -9999, -9999, -9999, -9999, -9999, -9999, -9999, 1, 1, 1, 1, 1],
[-9999, -9999, -9999, -9999, -9999, -9999, 17, -9999, 1, -9999, -9999, 87, -9999, -9999, 59, -9999, -9999, -9999, 60, -9999, 53, -9999, -9999, 13, 97, -9999, -9999, 44, 99, 56, 69, -9999, 15, -9999, -9999, -9999, -9999, -9999, -9999, 66, -9999, -9999, 87, 24, 93, -9999, 72, 29, -9999, 97, -9999, -9999, -9999, -9999, -9999, 58, 83, -9999, -9999, 51, 37, 30, 70, -9999, -9999, 46, 12, 37, 100, 6, -9999, -9999, -9999, -9999, -9999, 56, -9999, -9999, 52, -9999, -9999, -9999, -9999, -9999, -9999, 72, -9999, 45, 12, 88, -9999, -9999, 11, -9999, 13, 92, 20, 20, -9999, -9999, 1, 1, 1, 1, 1],
[-9999, -9999, -9999, -9999, -9999, 56, -9999, -9999, 33, -9999, -9999, -9999, -9999, 10, 93, -9999, -9999, 91, 79, -9999, -9999, -9999, -9999, 58, -9999, -9999, 28, -9999, 100, -9999, -9999, -9999, 17, 67, -9999, -9999, -9999, -9999, 21, 25, 91, -9999, -9999, -9999, 74, -9999, -9999, 87, -9999, -9999, -9999, -9999, -9999, -9999, -9999, 41, -9999, -9999, -9999, 66, 49, 49, 64, 84, -9999, 7, -9999, 34, 63, 3, -9999, -9999, -9999, -9999, 90, 92, -9999, -9999, 66, 15, -9999, -9999, -9999, -9999, 80, 97, -9999, 78, 1, 92, -9999, 60, 14, -9999, 18, -9999, 100, 49, -9999, 67, 1, 1, 1, 1, 1],
[-9999, -9999, -9999, -9999, -9999, -9999, -9999, -9999, -9999, -9999, -9999, -9999, -9999, -9999, -9999, -9999, -9999, -9999, -9999, -9999, -9999, -9999, -9999, -9999, -9999, -9999, -9999, -9999, -9999, -9999, -9999, -9999, -9999, -9999, -9999, -9999, -9999, -9999, -9999, -9999, -9999, -9999, -9999, -9999, -9999, -9999, -9999, -9999, -9999, -9999, -9999, -9999, -9999, -9999, -9999, -9999, -9999, -9999, -9999, -9999, -9999, -9999, -9999, -9999, -9999, -9999, -9999, -9999, -9999, -9999, -9999, -9999, -9999, -9999, -9999, -9999, -9999, -9999, 2, -9999, -9999, -9999, -9999, -9999, -9999, -9999, -9999, -9999, -9999, -9999, -9999, -9999, -9999, -9999, -9999, -9999, -9999, -9999, -9999, -9999, 1, 1, 1, 1, 1],
[-9999, -9999, -9999, -9999, -9999, 78, 62, -9999, -9999, -9999, -9999, -9999, -9999, 58, -9999, -9999, -9999, -9999, -9999, -9999, -9999, 53, -9999, -9999, 62, -9999, 98, -9999, -9999, -9999, -9999, -9999, -9999, 32, -9999, -9999, -9999, -9999, -9999, -9999, -9999, -9999, -9999, -9999, -9999, -9999, -9999, -9999, -9999, 33, -9999, -9999, -9999, -9999, -9999, 66, -9999, 88, 15, -9999, -9999, 48, -9999, -9999, -9999, -9999, -9999, -9999, 66, -9999, -9999, -9999, -9999, -9999, -9999, -9999, -9999, -9999, 97, 54, -9999, -9999, -9999, -9999, -9999, -9999, -9999, 1, -9999, 6, 46, -9999, -9999, -9999, -9999, -9999, -9999, -9999, -9999, 81, 1, 1, 1, 1, 1],
[-9999, -9999, -9999, -9999, -9999, 97, 95, -9999, -9999, -9999, 4, -9999, -9999, -9999, -9999, -9999, -9999, -9999, -9999, -9999, -9999, 42, -9999, -9999, 54, -9999, -9999, -9999, -9999, 39, -9999, -9999, -9999, -9999, -9999, -9999, -9999, -9999, -9999, -9999, -9999, -9999, -9999, -9999, -9999, -9999, -9999, 94, -9999, -9999, -9999, -9999, -9999, -9999, -9999, 17, -9999, -9999, -9999, -9999, 100, -9999, -9999, -9999, -9999, -9999, -9999, -9999, 85, -9999, -9999, -9999, -9999, -9999, -9999, -9999, -9999, -9999, 94, 3, -9999, -9999, -9999, -9999, 1, -9999, -9999, 27, -9999, 40, -9999, -9999, -9999, -9999, -9999, -9999, -9999, -9999, -9999, -9999, 1, 1, 1, 1, 1],
[-9999, -9999, -9999, -9999, -9999, 31, 55, -9999, 30, 34, 17, -9999, -9999, 50, -9999, 29, 5, -9999, -9999, -9999, 53, 33, 88, -9999, -9999, 38, 70, 21, 3, -9999, -9999, -9999, 43, -9999, -9999, -9999, -9999, -9999, 47, 41, 28, -9999, -9999, 54, -9999, -9999, 57, -9999, 6, -9999, -9999, 74, -9999, -9999, -9999, 19, 55, -9999, 92, -9999, 4, 75, -9999, -9999, 75, 78, -9999, 24, 49, 23, 92, -9999, -9999, -9999, 41, 30, -9999, 96, 17, 43, -9999, -9999, 93, 92, -9999, 18, -9999, 22, 4, 21, 91, 96, -9999, -9999, 78, 33, 72, -9999, 7, 67, 1, 1, 1, 1, 1],
[-9999, -9999, -9999, -9999, -9999, -9999, 3, 26, 90, -9999, 14, -9999, -9999, -9999, 34, 84, 74, 73, 5, 100, 98, 84, 90, 73, 72, 50, 54, 10, -9999, -9999, 17, 40, 54, -9999, -9999, -9999, 49, -9999, -9999, 5, 17, -9999, -9999, 30, -9999, -9999, 98, -9999, 99, 54, -9999, 90, 65, 100, -9999, 100, -9999, 17, -9999, -9999, -9999, -9999, -9999, -9999, -9999, 43, 70, 87, 51, -9999, 38, -9999, -9999, -9999, -9999, -9999, 53, 87, 70, 2, 8, 46, -9999, 71, 11, -9999, -9999, 56, 87, 61, 56, 14, 83, 72, 48, -9999, 26, -9999, 22, 73, 1, 1, 1, 1, 1],
[-9999, -9999, -9999, -9999, -9999, -9999, -9999, -9999, -9999, -9999, -9999, -9999, -9999, -9999, -9999, 84, -9999, -9999, -9999, -9999, -9999, -9999, -9999, -9999, -9999, -9999, -9999, 82, -9999, -9999, -9999, -9999, -9999, -9999, -9999, -9999, -9999, -9999, -9999, -9999, -9999, -9999, -9999, -9999, -9999, -9999, -9999, -9999, -9999, -9999, -9999, -9999, -9999, -9999, -9999, -9999, -9999, -9999, -9999, -9999, -9999, -9999, -9999, 46, -9999, -9999, -9999, -9999, -9999, -9999, -9999, -9999, -9999, -9999, -9999, -9999, -9999, -9999, 47, 95, -9999, -9999, -9999, -9999, -9999, -9999, -9999, -9999, -9999, -9999, -9999, -9999, -9999, -9999, -9999, -9999, -9999, -9999, -9999, -9999, 1, 1, 1, 1, 1],
[-9999, -9999, -9999, -9999, -9999, -9999, -9999, -9999, -9999, -9999, -9999, -9999, -9999, -9999, -9999, 75, -9999, -9999, -9999, -9999, -9999, -9999, -9999, -9999, -9999, -9999, -9999, 60, -9999, -9999, -9999, -9999, -9999, -9999, -9999, -9999, -9999, -9999, -9999, -9999, -9999, -9999, -9999, -9999, -9999, -9999, -9999, -9999, -9999, -9999, -9999, -9999, -9999, -9999, -9999, -9999, -9999, -9999, -9999, -9999, -9999, -9999, -9999, -9999, -9999, -9999, -9999, -9999, -9999, -9999, -9999, -9999, -9999, -9999, -9999, -9999, -9999, -9999, 71, 66, -9999, -9999, -9999, -9999, -9999, -9999, -9999, -9999, -9999, -9999, -9999, -9999, -9999, -9999, -9999, -9999, -9999, -9999, -9999, -9999, 1, 1, 1, 1, 1],
[-9999, -9999, -9999, -9999, -9999, -9999, 60, -9999, -9999, -9999, -9999, -9999, -9999, -9999, -9999, 86, 15, -9999, -9999, 64, -9999, -9999, -9999, 25, -9999, 65, -9999, -9999, -9999, -9999, 16, 90, 47, -9999, 26, 59, 57, 18, -9999, 49, -9999, -9999, -9999, 82, -9999, -9999, 99, 71, 72, -9999, 72, -9999, -9999, 24, -9999, -9999, 42, -9999, -9999, -9999, 79, -9999, 96, 35, 72, -9999, -9999, -9999, -9999, 50, 1, -9999, -9999, -9999, 21, -9999, 29, 47, 61, -9999, 5, 49, -9999, -9999, -9999, 83, -9999, 96, -9999, 31, -9999, 53, 8, 36, 40, 82, -9999, 75, 5, 53, 1, 1, 1, 1, 1],
[-9999, -9999, -9999, -9999, -9999, -9999, 60, -9999, -9999, -9999, 39, -9999, -9999, 89, -9999, -9999, -9999, 12, 50, -9999, 57, -9999, -9999, 2, 41, -9999, 25, -9999, -9999, -9999, 30, 60, 24, -9999, -9999, -9999, -9999, 46, 48, -9999, 70, -9999, -9999, -9999, 46, 83, -9999, -9999, 80, -9999, -9999, -9999, -9999, 82, -9999, -9999, 82, -9999, 72, -9999, -9999, 49, 64, 27, -9999, -9999, 45, -9999, 46, 9, -9999, -9999, -9999, -9999, 23, -9999, -9999, -9999, 41, -9999, -9999, 86, -9999, 93, -9999, -9999, -9999, 80, -9999, 30, -9999, -9999, 70, -9999, 2, -9999, -9999, 25, -9999, 22, 1, 1, 1, 1, 1],
[-9999, -9999, -9999, -9999, -9999, -9999, 62, -9999, -9999, -9999, -9999, 85, -9999, -9999, -9999, 80, -9999, -9999, 70, -9999, -9999, 41, -9999, -9999, -9999, -9999, -9999, 27, 10, -9999, 85, 62, 58, -9999, -9999, -9999, -9999, -9999, -9999, 52, 32, -9999, 89, 45, 4, -9999, 36, 8, -9999, -9999, -9999, 37, -9999, 1, -9999, 89, 56, -9999, 39, -9999, 60, 74, 4, 30, -9999, 44, 50, -9999, -9999, -9999, -9999, 24, -9999, 54, -9999, -9999, -9999, -9999, 42, 45, -9999, -9999, -9999, 40, 49, 23, -9999, 70, -9999, 13, -9999, 29, 68, -9999, 46, 96, -9999, 5, -9999, -9999, 1, 1, 1, 1, 1],
[-9999, -9999, -9999, -9999, -9999, -9999, 69, -9999, 28, -9999, -9999, -9999, -9999, -9999, 17, 21, -9999, 56, 48, -9999, 70, 19, -9999, 87, 16, -9999, -9999, 88, 14, -9999, 70, 65, 3, -9999, -9999, -9999, -9999, -9999, 53, 17, -9999, -9999, -9999, 16, -9999, -9999, -9999, 66, 62, -9999, -9999, 34, -9999, 30, 7, 40, 57, -9999, -9999, 12, 1, -9999, 41, 34, -9999, -9999, -9999, -9999, 72, -9999, -9999, -9999, -9999, -9999, -9999, 54, -9999, -9999, 24, 74, -9999, -9999, -9999, -9999, -9999, -9999, -9999, 46, 76, 33, 64, 98, -9999, -9999, 26, 49, -9999, -9999, -9999, -9999, 1, 1, 1, 1, 1],
[-9999, -9999, -9999, -9999, -9999, -9999, 24, -9999, -9999, -9999, -9999, 48, -9999, -9999, 10, -9999, -9999, 10, 32, -9999, -9999, -9999, -9999, 90, -9999, -9999, 63, 42, 87, -9999, 75, 73, 84, -9999, -9999, -9999, -9999, 19, 82, -9999, 89, -9999, 16, -9999, 99, -9999, -9999, -9999, 14, -9999, -9999, -9999, -9999, 86, -9999, 31, 99, -9999, -9999, -9999, 20, 20, 95, -9999, -9999, -9999, 72, 70, -9999, -9999, -9999, -9999, -9999, -9999, 72, -9999, -9999, -9999, 44, -9999, -9999, 42, -9999, -9999, 45, -9999, -9999, 38, 71, 21, -9999, 82, -9999, -9999, 49, -9999, -9999, 42, -9999, -9999, 1, 1, 1, 1, 1],
[-9999, -9999, -9999, -9999, -9999, 25, 6, -9999, -9999, -9999, -9999, -9999, -9999, 74, -9999, -9999, -9999, -9999, -9999, -9999, -9999, 74, -9999, 7, 34, -9999, 4, -9999, -9999, 94, -9999, -9999, -9999, -9999, -9999, -9999, -9999, -9999, -9999, -9999, -9999, -9999, -9999, -9999, -9999, -9999, -9999, -9999, -9999, -9999, -9999, -9999, -9999, -9999, -9999, 48, 7, -9999, 65, -9999, -9999, -9999, -9999, -9999, -9999, -9999, -9999, -9999, -9999, -9999, -9999, -9999, -9999, -9999, -9999, -9999, -9999, -9999, 57, 6, -9999, 30, 69, -9999, 21, -9999, -9999, -9999, -9999, 15, -9999, -9999, -9999, -9999, -9999, -9999, 64, -9999, -9999, 98, 1, 1, 1, 1, 1],
[-9999, -9999, -9999, -9999, -9999, -9999, 95, -9999, 87, -9999, 72, 38, -9999, 27, -9999, -9999, -9999, 37, 22, -9999, 88, 40, -9999, 36, 85, -9999, 95, -9999, 56, 9, 19, 5, 14, -9999, -9999, -9999, -9999, -9999, -9999, 46, -9999, -9999, -9999, -9999, 76, -9999, -9999, 43, -9999, -9999, -9999, -9999, -9999, 44, -9999, 35, 5, 85, -9999, 52, 32, 20, 86, 18, -9999, 26, 88, 30, -9999, -9999, -9999, -9999, -9999, -9999, 2, -9999, -9999, -9999, 72, -9999, -9999, -9999, -9999, 19, 77, -9999, -9999, -9999, 79, 30, -9999, 82, -9999, -9999, 54, 6, 44, 18, -9999, 4, 1, 1, 1, 1, 1],
[-9999, -9999, -9999, -9999, -9999, 90, 64, -9999, -9999, -9999, -9999, -9999, -9999, 87, 35, -9999, -9999, -9999, 87, -9999, 3, 76, -9999, 78, 6, -9999, 12, 25, -9999, 10, 82, 82, 52, -9999, -9999, -9999, -9999, 76, 82, -9999, -9999, -9999, 44, -9999, -9999, -9999, 77, 36, 6, -9999, -9999, -9999, -9999, 54, -9999, -9999, 81, -9999, 36, 41, -9999, -9999, 24, 27, -9999, -9999, 100, -9999, -9999, 54, -9999, -9999, -9999, -9999, 19, 99, -9999, -9999, 63, 22, -9999, 25, -9999, -9999, 44, 62, -9999, 60, -9999, 98, -9999, 21, 51, -9999, 16, -9999, -9999, 33, -9999, -9999, 1, 1, 1, 1, 1],
[-9999, -9999, -9999, -9999, -9999, -9999, 6, 39, 31, -9999, -9999, 94, -9999, 61, -9999, 20, -9999, 64, -9999, -9999, 92, 32, -9999, -9999, -9999, -9999, -9999, 31, -9999, -9999, 59, 89, 79, -9999, -9999, -9999, -9999, -9999, -9999, 94, 82, -9999, 2, 70, 44, -9999, 70, -9999, -9999, -9999, -9999, 100, -9999, 46, -9999, -9999, 94, -9999, -9999, 91, 78, -9999, 74, 80, -9999, 97, 33, -9999, -9999, -9999, -9999, -9999, -9999, -9999, -9999, -9999, -9999, -9999, 57, -9999, -9999, -9999, 27, -9999, -9999, -9999, -9999, 47, -9999, 6, -9999, 98, -9999, -9999, 54, 40, -9999, 72, -9999, -9999, 1, 1, 1, 1, 1],
[-9999, -9999, -9999, -9999, -9999, 26, 82, -9999, -9999, -9999, 89, -9999, -9999, 7, -9999, -9999, -9999, -9999, -9999, -9999, -9999, 85, -9999, -9999, 58, -9999, -9999, -9999, -9999, 3, -9999, -9999, -9999, -9999, -9999, -9999, -9999, -9999, -9999, -9999, -9999, -9999, -9999, -9999, -9999, -9999, -9999, 46, -9999, -9999, -9999, -9999, -9999, -9999, -9999, 73, -9999, -9999, -9999, -9999, 4, 79, -9999, -9999, -9999, -9999, -9999, -9999, -9999, -9999, -9999, -9999, -9999, -9999, -9999, -9999, -9999, -9999, 72, -9999, -9999, 44, -9999, -9999, 16, -9999, -9999, 3, -9999, -9999, -9999, -9999, -9999, -9999, -9999, -9999, 3, 25, -9999, -9999, 1, 1, 1, 1, 1],
[-9999, -9999, -9999, -9999, -9999, -9999, -9999, -9999, -9999, -9999, -9999, -9999, -9999, 17, -9999, -9999, -9999, -9999, -9999, -9999, -9999, -9999, -9999, 71, 17, -9999, 73, -9999, -9999, 10, -9999, -9999, -9999, -9999, -9999, -9999, -9999, -9999, -9999, -9999, 3, -9999, -9999, -9999, -9999, -9999, -9999, 80, -9999, -9999, -9999, -9999, -9999, -9999, -9999, 69, 25, 19, -9999, -9999, 96, 46, -9999, -9999, -9999, -9999, -9999, -9999, 43, -9999, -9999, -9999, -9999, -9999, -9999, -9999, -9999, -9999, 98, -9999, -9999, 100, -9999, -9999, -9999, -9999, -9999, 15, -9999, 84, -9999, -9999, -9999, -9999, -9999, -9999, -9999, -9999, -9999, -9999, 1, 1, 1, 1, 1],
[-9999, -9999, -9999, -9999, -9999, -9999, -9999, -9999, -9999, -9999, -9999, 34, -9999, 19, 41, -9999, -9999, 55, -9999, -9999, 75, 79, -9999, 88, -9999, -9999, -9999, -9999, 47, 5, 82, 55, 90, -9999, -9999, -9999, -9999, 66, 10, -9999, -9999, -9999, 100, -9999, -9999, -9999, 96, -9999, -9999, -9999, -9999, 80, -9999, 30, -9999, 76, -9999, -9999, -9999, 85, -9999, 11, 89, -9999, -9999, 39, -9999, 18, -9999, -9999, -9999, -9999, -9999, -9999, -9999, 93, -9999, -9999, 34, -9999, -9999, -9999, -9999, 73, -9999, 32, -9999, 34, -9999, 64, 72, 53, 57, -9999, 28, -9999, -9999, -9999, -9999, -9999, 1, 1, 1, 1, 1],
[-9999, -9999, -9999, -9999, -9999, -9999, -9999, -9999, 56, -9999, -9999, 94, -9999, 54, 22, 28, -9999, -9999, -9999, -9999, 5, 13, -9999, 85, 59, -9999, -9999, -9999, 84, -9999, -9999, -9999, 17, -9999, -9999, -9999, -9999, -9999, 31, 52, -9999, -9999, -9999, 55, -9999, -9999, 34, 81, 86, -9999, -9999, 70, -9999, 3, -9999, 13, 44, -9999, 31, 21, 80, -9999, -9999, 4, -9999, 21, -9999, -9999, 69, 9, -9999, 12, -9999, -9999, -9999, -9999, -9999, -9999, -9999, 7, -9999, 41, -9999, 35, -9999, 43, -9999, 98, -9999, 81, -9999, 4, 90, -9999, 1, 37, -9999, 20, -9999, -9999, 1, 1, 1, 1, 1],
[-9999, -9999, -9999, -9999, -9999, 26, 75, -9999, 5, -9999, 31, 15, -9999, 3, -9999, 84, -9999, -9999, -9999, -9999, 63, -9999, -9999, 80, 16, -9999, 83, -9999, 9, -9999, 14, 68, 39, 66, -9999, -9999, -9999, -9999, 64, -9999, -9999, -9999, 18, 47, 7, -9999, -9999, 43, -9999, -9999, -9999, -9999, -9999, 54, -9999, 70, 96, -9999, -9999, -9999, -9999, -9999, -9999, 43, -9999, 27, -9999, 6, -9999, 19, -9999, -9999, -9999, -9999, -9999, -9999, -9999, -9999, 8, -9999, -9999, -9999, -9999, -9999, -9999, -9999, -9999, -9999, -9999, 18, -9999, -9999, 5, -9999, 58, -9999, 95, 88, -9999, 57, 1, 1, 1, 1, 1],
[-9999, -9999, -9999, -9999, -9999, -9999, 18, 86, -9999, -9999, 27, -9999, -9999, 72, -9999, -9999, -9999, -9999, -9999, -9999, -9999, 16, -9999, -9999, -9999, -9999, -9999, -9999, -9999, -9999, -9999, -9999, -9999, -9999, -9999, -9999, -9999, -9999, -9999, -9999, 99, -9999, -9999, -9999, -9999, -9999, -9999, -9999, -9999, -9999, -9999, -9999, -9999, -9999, -9999, -9999, 41, -9999, 49, -9999, -9999, 95, -9999, -9999, -9999, -9999, -9999, -9999, -9999, -9999, -9999, -9999, -9999, -9999, -9999, -9999, -9999, -9999, 91, 77, -9999, 45, -9999, -9999, 48, -9999, -9999, -9999, -9999, 36, -9999, -9999, -9999, -9999, -9999, -9999, -9999, 44, -9999, 43, 1, 1, 1, 1, 1],
[-9999, -9999, -9999, -9999, -9999, 94, 55, 93, 40, -9999, 56, 18, -9999, 34, -9999, 46, -9999, 26, 64, -9999, -9999, 12, -9999, -9999, -9999, -9999, -9999, 38, -9999, -9999, -9999, 93, 40, -9999, -9999, -9999, -9999, 93, -9999, -9999, 11, -9999, 80, 6, 6, -9999, -9999, 69, 56, -9999, -9999, 55, -9999, -9999, -9999, 99, 1, -9999, 24, -9999, -9999, 66, 59, -9999, -9999, 65, 75, -9999, -9999, -9999, -9999, -9999, -9999, -9999, 28, 22, -9999, -9999, 67, -9999, -9999, -9999, -9999, -9999, 71, 31, -9999, -9999, 92, 44, -9999, 56, 64, -9999, 2, 26, -9999, -9999, -9999, 79, 1, 1, 1, 1, 1],
[-9999, -9999, -9999, -9999, -9999, 58, -9999, -9999, -9999, -9999, 90, -9999, -9999, -9999, -9999, -9999, -9999, -9999, -9999, -9999, -9999, -9999, -9999, -9999, -9999, -9999, -9999, -9999, -9999, 52, -9999, -9999, -9999, -9999, -9999, -9999, -9999, -9999, -9999, -9999, 83, -9999, -9999, -9999, -9999, -9999, -9999, 15, -9999, -9999, -9999, -9999, -9999, -9999, -9999, -9999, 32, 4, -9999, -9999, 99, -9999, -9999, -9999, -9999, -9999, -9999, -9999, 84, -9999, -9999, -9999, -9999, -9999, -9999, -9999, -9999, -9999, 94, 73, -9999, 59, -9999, -9999, 81, -9999, -9999, 75, -9999, 65, -9999, -9999, -9999, -9999, -9999, -9999, 51, -9999, -9999, 3, 1, 1, 1, 1, 1],
[-9999, -9999, -9999, -9999, -9999, 7, 86, -9999, 22, -9999, -9999, 90, -9999, 100, 34, -9999, -9999, 25, 81, -9999, -9999, 56, -9999, 46, 28, -9999, -9999, 93, -9999, 37, -9999, 56, 56, 78, -9999, -9999, -9999, -9999, 81, 29, 74, -9999, 98, 78, -9999, 28, -9999, -9999, 17, -9999, -9999, 8, -9999, 24, -9999, -9999, 26, -9999, -9999, 90, 20, -9999, 6, 7, -9999, 79, -9999, 11, 69, -9999, -9999, -9999, -9999, -9999, 59, -9999, -9999, -9999, 30, 10, -9999, 78, -9999, -9999, 2, 16, -9999, 72, -9999, 63, -9999, -9999, 27, -9999, 62, 17, 7, 16, -9999, -9999, 1, 1, 1, 1, 1],
[-9999, -9999, -9999, -9999, -9999, -9999, -9999, -9999, -9999, 77, -9999, -9999, -9999, -9999, -9999, 88, -9999, -9999, -9999, -9999, -9999, -9999, -9999, -9999, -9999, -9999, -9999, -9999, -9999, -9999, -9999, -9999, -9999, -9999, -9999, -9999, -9999, -9999, -9999, -9999, -9999, -9999, -9999, -9999, -9999, -9999, -9999, -9999, -9999, -9999, -9999, -9999, -9999, -9999, -9999, -9999, -9999, -9999, -9999, -9999, -9999, -9999, -9999, 25, -9999, -9999, -9999, -9999, -9999, -9999, -9999, -9999, -9999, -9999, -9999, -9999, 71, -9999, 57, -9999, -9999, -9999, -9999, -9999, -9999, -9999, -9999, -9999, -9999, -9999, -9999, -9999, -9999, -9999, -9999, -9999, -9999, -9999, -9999, -9999, 1, 1, 1, 1, 1],
[-9999, -9999, -9999, -9999, -9999, -9999, -9999, -9999, -9999, -9999, 54, -9999, -9999, 18, -9999, -9999, -9999, -9999, -9999, -9999, -9999, -9999, -9999, 88, 16, -9999, -9999, -9999, -9999, 11, -9999, -9999, -9999, -9999, -9999, -9999, -9999, -9999, -9999, -9999, -9999, -9999, -9999, -9999, -9999, -9999, -9999, -9999, -9999, -9999, -9999, -9999, -9999, -9999, -9999, -9999, 46, -9999, 94, -9999, -9999, 76, -9999, -9999, -9999, -9999, -9999, -9999, 34, -9999, -9999, -9999, -9999, -9999, -9999, -9999, -9999, -9999, 56, 67, -9999, -9999, -9999, -9999, -9999, -9999, -9999, 96, -9999, 86, -9999, -9999, -9999, -9999, -9999, -9999, -9999, 77, -9999, 60, 1, 1, 1, 1, 1],
[-9999, -9999, -9999, -9999, -9999, -9999, 32, -9999, -9999, -9999, -9999, -9999, -9999, 7, 34, -9999, -9999, -9999, 42, -9999, -9999, -9999, -9999, -9999, 16, -9999, 40, -9999, 92, -9999, -9999, 56, 77, -9999, -9999, -9999, -9999, 98, 94, -9999, 66, -9999, -9999, -9999, 63, -9999, 63, 50, 35, -9999, -9999, -9999, -9999, 4, -9999, -9999, 12, -9999, 82, 63, 10, 18, 74, 24, -9999, 68, -9999, -9999, 75, 45, -9999, -9999, -9999, -9999, 7, 40, -9999, -9999, 47, 42, -9999, 29, -9999, 41, 10, 33, -9999, 12, -9999, 97, -9999, -9999, 54, -9999, 58, 91, 66, 13, -9999, -9999, 1, 1, 1, 1, 1],
[-9999, -9999, -9999, -9999, -9999, 4, 14, -9999, -9999, -9999, -9999, -9999, -9999, 28, -9999, -9999, -9999, -9999, -9999, -9999, -9999, -9999, -9999, 25, -9999, -9999, -9999, -9999, -9999, 2, -9999, -9999, -9999, -9999, -9999, -9999, -9999, -9999, -9999, -9999, 21, -9999, -9999, -9999, -9999, -9999, -9999, 45, -9999, -9999, -9999, -9999, -9999, -9999, -9999, 71, 91, -9999, -9999, -9999, -9999, -9999, -9999, -9999, -9999, -9999, -9999, -9999, 64, -9999, -9999, 9, -9999, -9999, -9999, -9999, -9999, -9999, 91, -9999, -9999, 79, -9999, -9999, 67, -9999, -9999, -9999, -9999, 76, -9999, -9999, -9999, -9999, -9999, -9999, -9999, 43, -9999, -9999, 1, 1, 1, 1, 1],
[-9999, -9999, -9999, -9999, -9999, 19, 30, -9999, -9999, -9999, 67, -9999, -9999, 49, -9999, -9999, -9999, -9999, -9999, -9999, -9999, -9999, -9999, -9999, -9999, -9999, 80, -9999, -9999, -9999, -9999, -9999, -9999, -9999, -9999, -9999, -9999, -9999, -9999, -9999, 28, -9999, -9999, -9999, -9999, -9999, -9999, 82, -9999, -9999, -9999, -9999, -9999, -9999, -9999, 9, 79, 43, 95, -9999, -9999, 69, -9999, -9999, -9999, -9999, -9999, -9999, 95, -9999, -9999, -9999, -9999, -9999, -9999, -9999, -9999, -9999, 30, -9999, -9999, 83, -9999, -9999, -9999, -9999, -9999, 6, -9999, 17, -9999, -9999, -9999, -9999, -9999, -9999, 35, -9999, -9999, 69, 1, 1, 1, 1, 1],
[-9999, -9999, -9999, -9999, -9999, 53, 96, -9999, -9999, -9999, -9999, -9999, -9999, -9999, -9999, -9999, -9999, -9999, -9999, -9999, -9999, 4, -9999, -9999, 73, -9999, -9999, -9999, -9999, -9999, -9999, -9999, -9999, -9999, -9999, -9999, -9999, -9999, -9999, -9999, 91, -9999, -9999, -9999, -9999, -9999, -9999, -9999, -9999, -9999, -9999, -9999, -9999, -9999, -9999, -9999, 65, -9999, -9999, -9999, 63, 17, -9999, -9999, -9999, -9999, -9999, -9999, -9999, -9999, -9999, -9999, -9999, -9999, -9999, -9999, -9999, -9999, 70, 79, -9999, -9999, -9999, -9999, 26, -9999, -9999, 15, -9999, -9999, -9999, -9999, -9999, -9999, -9999, -9999, -9999, -9999, -9999, 16, 1, 1, 1, 1, 1],
[-9999, -9999, -9999, -9999, -9999, 68, -9999, -9999, -9999, -9999, 10, 76, 55, 70, 45, 26, 90, 79, 87, 10, -9999, 84, -9999, -9999, 97, 85, 78, 65, -9999, 24, 18, 12, 18, -9999, -9999, -9999, 33, -9999, 90, 13, 76, -9999, 34, -9999, 33, -9999, 60, -9999, -9999, -9999, 64, 66, 79, -9999, -9999, -9999, 17, -9999, 81, 21, 56, 62, 7, 21, 29, -9999, 49, 42, -9999, 23, -9999, -9999, -9999, -9999, 70, 33, 5, -9999, 29, 77, 59, -9999, -9999, 87, 77, -9999, -9999, 92, 23, 20, -9999, 67, -9999, 31, 66, 94, 59, -9999, -9999, 78, 1, 1, 1, 1, 1],
[-9999, -9999, -9999, -9999, -9999, 42, -9999, -9999, -9999, -9999, -9999, -9999, -9999, 81, -9999, -9999, -9999, -9999, -9999, -9999, -9999, 32, -9999, -9999, 41, -9999, 23, -9999, -9999, 34, -9999, -9999, -9999, -9999, -9999, -9999, -9999, -9999, -9999, -9999, -9999, -9999, -9999, -9999, -9999, -9999, -9999, -9999, -9999, 68, -9999, -9999, -9999, -9999, -9999, -9999, -9999, -9999, 32, -9999, 77, -9999, -9999, -9999, -9999, -9999, -9999, -9999, 59, -9999, -9999, -9999, -9999, -9999, -9999, -9999, -9999, -9999, 64, 3, -9999, -9999, -9999, -9999, 11, -9999, -9999, -9999, -9999, 36, -9999, -9999, -9999, -9999, -9999, -9999, 69, 78, -9999, -9999, 1, 1, 1, 1, 1],
[-9999, -9999, -9999, -9999, -9999, -9999, 79, -9999, -9999, -9999, 40, -9999, -9999, -9999, -9999, -9999, -9999, -9999, -9999, -9999, -9999, 31, -9999, -9999, 17, -9999, -9999, -9999, -9999, 13, -9999, -9999, -9999, -9999, -9999, -9999, -9999, -9999, -9999, -9999, -9999, -9999, -9999, -9999, -9999, -9999, -9999, -9999, -9999, 32, -9999, -9999, -9999, -9999, -9999, -9999, 39, 54, 46, -9999, -9999, 40, -9999, -9999, -9999, -9999, -9999, -9999, -9999, -9999, -9999, -9999, -9999, -9999, -9999, -9999, -9999, -9999, 13, 99, -9999, 84, -9999, -9999, -9999, -9999, -9999, -9999, -9999, 4, -9999, -9999, -9999, -9999, -9999, -9999, 43, -9999, -9999, 69, 1, 1, 1, 1, 1],
[-9999, -9999, -9999, -9999, -9999, -9999, -9999, -9999, -9999, -9999, 86, -9999, -9999, 60, -9999, -9999, -9999, -9999, -9999, -9999, -9999, 68, -9999, 81, -9999, -9999, -9999, -9999, -9999, 24, -9999, -9999, -9999, 30, -9999, -9999, -9999, -9999, -9999, -9999, 82, -9999, -9999, -9999, -9999, -9999, -9999, 56, -9999, -9999, -9999, -9999, -9999, -9999, -9999, 52, -9999, -9999, -9999, -9999, -9999, 36, -9999, -9999, -9999, -9999, -9999, -9999, 46, -9999, -9999, -9999, -9999, -9999, -9999, -9999, -9999, -9999, 46, -9999, -9999, -9999, -9999, -9999, -9999, -9999, -9999, 92, -9999, 2, -9999, -9999, -9999, -9999, -9999, -9999, 92, -9999, -9999, 98, 1, 1, 1, 1, 1],
[-9999, -9999, -9999, -9999, -9999, -9999, 61, -9999, -9999, -9999, -9999, -9999, -9999, 42, 26, 2, -9999, 89, 71, -9999, 26, -9999, -9999, 52, 55, -9999, 40, -9999, 66, -9999, 15, 43, 71, -9999, -9999, -9999, -9999, 5, 65, 62, 42, -9999, -9999, -9999, 73, 18, -9999, -9999, -9999, -9999, -9999, -9999, -9999, -9999, -9999, 47, 33, -9999, -9999, -9999, -9999, 53, -9999, 92, -9999, -9999, 43, 37, 13, -9999, -9999, -9999, -9999, -9999, -9999, 86, -9999, -9999, 20, -9999, -9999, 37, -9999, 31, 3, 22, -9999, 6, 46, 32, -9999, -9999, -9999, -9999, -9999, -9999, 21, 74, -9999, 43, 1, 1, 1, 1, 1],
[-9999, -9999, -9999, -9999, -9999, -9999, 64, -9999, 100, -9999, 14, -9999, -9999, -9999, 18, -9999, -9999, -9999, 99, -9999, 65, -9999, -9999, 46, -9999, -9999, 18, 91, 74, 34, -9999, -9999, 95, -9999, -9999, -9999, -9999, 61, -9999, 91, 62, -9999, 10, 79, 46, 98, 86, 85, -9999, -9999, -9999, 28, -9999, -9999, -9999, -9999, 48, -9999, 22, -9999, 71, -9999, 57, -9999, -9999, -9999, -9999, -9999, 53, 88, -9999, -9999, -9999, -9999, 9, 50, -9999, -9999, 82, -9999, -9999, -9999, -9999, -9999, 17, 100, -9999, 88, 36, 33, -9999, -9999, -9999, -9999, 50, -9999, -9999, 43, -9999, -9999, 1, 1, 1, 1, 1],
[-9999, -9999, -9999, -9999, -9999, 41, 69, -9999, -9999, -9999, -9999, -9999, 82, 49, -9999, -9999, 52, -9999, -9999, -9999, -9999, -9999, -9999, 72, -9999, 3, 60, -9999, -9999, 66, -9999, -9999, -9999, -9999, -9999, -9999, -9999, -9999, -9999, -9999, -9999, -9999, -9999, -9999, -9999, -9999, -9999, 6, -9999, -9999, -9999, -9999, -9999, -9999, -9999, 84, 40, -9999, 49, -9999, 95, 65, -9999, -9999, -9999, -9999, -9999, -9999, 39, -9999, -9999, -9999, -9999, -9999, -9999, -9999, -9999, 20, 62, 37, 100, 98, -9999, -9999, 78, -9999, -9999, 12, -9999, 12, -9999, -9999, -9999, 35, -9999, -9999, -9999, -9999, -9999, -9999, 1, 1, 1, 1, 1],
[-9999, -9999, -9999, -9999, -9999, 99, -9999, -9999, 22, -9999, 23, 10, -9999, -9999, -9999, 19, -9999, 78, 11, -9999, -9999, 95, -9999, -9999, 72, -9999, 61, 87, 34, -9999, 91, -9999, 57, -9999, -9999, -9999, -9999, 83, 31, -9999, 38, -9999, 60, 32, -9999, -9999, 38, 51, 47, -9999, -9999, -9999, -9999, -9999, -9999, -9999, -9999, -9999, 98, -9999, 27, -9999, -9999, -9999, -9999, 1, -9999, 100, 20, -9999, -9999, -9999, -9999, -9999, -9999, 55, -9999, -9999, 26, -9999, -9999, -9999, -9999, 95, -9999, -9999, -9999, 97, -9999, 21, -9999, 58, 79, -9999, 64, 27, 71, -9999, -9999, -9999, 1, 1, 1, 1, 1],
[-9999, -9999, -9999, -9999, -9999, -9999, -9999, -9999, -9999, 83, -9999, -9999, -9999, -9999, -9999, 78, -9999, -9999, -9999, -9999, -9999, -9999, -9999, -9999, -9999, -9999, -9999, 19, -9999, -9999, -9999, -9999, -9999, -9999, -9999, -9999, -9999, -9999, -9999, -9999, -9999, -9999, -9999, -9999, -9999, -9999, -9999, -9999, -9999, -9999, -9999, -9999, -9999, -9999, -9999, -9999, -9999, -9999, -9999, -9999, -9999, -9999, -9999, 44, -9999, -9999, -9999, -9999, -9999, -9999, -9999, -9999, -9999, -9999, -9999, -9999, 7, -9999, 62, -9999, -9999, -9999, -9999, -9999, -9999, -9999, -9999, -9999, -9999, -9999, -9999, -9999, -9999, -9999, -9999, -9999, -9999, -9999, -9999, -9999, 1, 1, 1, 1, 1],
[-9999, -9999, -9999, -9999, -9999, -9999, 2, -9999, -9999, -9999, 65, -9999, -9999, -9999, -9999, -9999, -9999, -9999, -9999, -9999, -9999, -9999, -9999, -9999, 56, 85, 5, -9999, -9999, -9999, -9999, -9999, -9999, -9999, -9999, -9999, -9999, -9999, -9999, -9999, -9999, -9999, -9999, -9999, -9999, -9999, -9999, 15, -9999, -9999, -9999, -9999, -9999, -9999, -9999, 29, -9999, -9999, -9999, -9999, 62, 37, -9999, -9999, -9999, -9999, -9999, -9999, -9999, -9999, 84, -9999, -9999, -9999, -9999, -9999, -9999, 93, 77, -9999, 45, -9999, -9999, -9999, 95, -9999, -9999, 97, -9999, 47, -9999, -9999, -9999, -9999, -9999, -9999, -9999, -9999, -9999, -9999, 1, 1, 1, 1, 1],
[-9999, -9999, -9999, -9999, -9999, -9999, -9999, -9999, -9999, -9999, -9999, -9999, -9999, -9999, -9999, -9999, -9999, -9999, -9999, -9999, -9999, -9999, -9999, -9999, -9999, -9999, -9999, -9999, -9999, -9999, -9999, -9999, -9999, -9999, -9999, -9999, -9999, -9999, -9999, -9999, -9999, -9999, -9999, -9999, -9999, -9999, -9999, -9999, -9999, -9999, -9999, -9999, -9999, -9999, -9999, -9999, -9999, -9999, -9999, -9999, -9999, -9999, -9999, -9999, -9999, -9999, -9999, -9999, -9999, -9999, -9999, -9999, -9999, -9999, -9999, -9999, -9999, -9999, -9999, -9999, -9999, -9999, -9999, -9999, -9999, -9999, -9999, -9999, -9999, -9999, -9999, -9999, -9999, -9999, -9999, -9999, -9999, -9999, -9999, -9999, -9999, -9999, -9999, -9999, -9999],
[-9999, -9999, -9999, -9999, -9999, -9999, -9999, -9999, -9999, -9999, -9999, -9999, -9999, -9999, -9999, -9999, -9999, -9999, -9999, -9999, -9999, -9999, -9999, -9999, -9999, -9999, -9999, -9999, -9999, -9999, -9999, -9999, -9999, -9999, -9999, -9999, -9999, -9999, -9999, -9999, -9999, -9999, -9999, -9999, -9999, -9999, -9999, -9999, -9999, -9999, -9999, -9999, -9999, -9999, -9999, -9999, -9999, -9999, -9999, -9999, -9999, -9999, -9999, -9999, -9999, -9999, -9999, -9999, -9999, -9999, -9999, -9999, -9999, -9999, -9999, -9999, -9999, -9999, -9999, -9999, -9999, -9999, -9999, -9999, -9999, -9999, -9999, -9999, -9999, -9999, -9999, -9999, -9999, -9999, -9999, -9999, -9999, -9999, -9999, -9999, -9999, -9999, -9999, -9999, -9999],
[-9999, -9999, -9999, -9999, -9999, -9999, -9999, -9999, -9999, -9999, -9999, -9999, -9999, -9999, -9999, -9999, -9999, -9999, -9999, -9999, -9999, -9999, -9999, -9999, -9999, -9999, -9999, -9999, -9999, -9999, -9999, -9999, -9999, -9999, -9999, -9999, -9999, -9999, -9999, -9999, -9999, -9999, -9999, -9999, -9999, -9999, -9999, -9999, -9999, -9999, -9999, -9999, -9999, -9999, -9999, -9999, -9999, -9999, -9999, -9999, -9999, -9999, -9999, -9999, -9999, -9999, -9999, -9999, -9999, -9999, -9999, -9999, -9999, -9999, -9999, -9999, -9999, -9999, -9999, -9999, -9999, -9999, -9999, -9999, -9999, -9999, -9999, -9999, -9999, -9999, -9999, -9999, -9999, -9999, -9999, -9999, -9999, -9999, -9999, -9999, -9999, -9999, -9999, -9999, -9999],
[-9999, -9999, -9999, -9999, -9999, -9999, -9999, -9999, -9999, -9999, -9999, -9999, -9999, -9999, -9999, -9999, -9999, -9999, -9999, -9999, -9999, -9999, -9999, -9999, -9999, -9999, -9999, -9999, -9999, -9999, -9999, -9999, -9999, -9999, -9999, -9999, -9999, -9999, -9999, -9999, -9999, -9999, -9999, -9999, -9999, -9999, -9999, -9999, -9999, -9999, -9999, -9999, -9999, -9999, -9999, -9999, -9999, -9999, -9999, -9999, -9999, -9999, -9999, -9999, -9999, -9999, -9999, -9999, -9999, -9999, -9999, -9999, -9999, -9999, -9999, -9999, -9999, -9999, -9999, -9999, -9999, -9999, -9999, -9999, -9999, -9999, -9999, -9999, -9999, -9999, -9999, -9999, -9999, -9999, -9999, -9999, -9999, -9999, -9999, -9999, -9999, -9999, -9999, -9999, -9999],
[-9999, -9999, -9999, -9999, -9999, -9999, -9999, -9999, -9999, -9999, -9999, -9999, -9999, -9999, -9999, -9999, -9999, -9999, -9999, -9999, -9999, -9999, -9999, -9999, -9999, -9999, -9999, -9999, -9999, -9999, -9999, -9999, -9999, -9999, -9999, -9999, -9999, -9999, -9999, -9999, -9999, -9999, -9999, -9999, -9999, -9999, -9999, -9999, -9999, -9999, -9999, -9999, -9999, -9999, -9999, -9999, -9999, -9999, -9999, -9999, -9999, -9999, -9999, -9999, -9999, -9999, -9999, -9999, -9999, -9999, -9999, -9999, -9999, -9999, -9999, -9999, -9999, -9999, -9999, -9999, -9999, -9999, -9999, -9999, -9999, -9999, -9999, -9999, -9999, -9999, -9999, -9999, -9999, -9999, -9999, -9999, -9999, -9999, -9999, -9999, -9999, -9999, -9999, -9999, -9999]
];
