NbNodes = 105;
NbNDDs = 5;
NbPairs = 95;
NbTerminals = 5;
K = 0;
L = 97;
Wt = [
[-9999, -9999, -9999, -9999, -9999, -9999, -9999, 37, -9999, -9999, -9999, -9999, -9999, 76, -9999, -9999, 1, -9999, -9999, -9999, -9999, -9999, -9999, -9999, -9999, -9999, -9999, -9999, -9999, -9999, -9999, -9999, -9999, -9999, -9999, 9, -9999, -9999, 70, -9999, -9999, -9999, -9999, -9999, -9999, -9999, -9999, -9999, 25, -9999, -9999, 25, -9999, -9999, -9999, 99, 14, -9999, -9999, -9999, -9999, -9999, -9999, -9999, -9999, 87, -9999, 100, -9999, -9999, -9999, 50, 29, -9999, -9999, -9999, -9999, -9999, -9999, -9999, -9999, -9999, -9999, -9999, -9999, -9999, -9999, -9999, -9999, -9999, -9999, 84, -9999, -9999, -9999, -9999, 13, -9999, -9999, 96, 1, 1, 1, 1, 1],
[-9999, -9999, -9999, -9999, -9999, -9999, -9999, -9999, -9999, -9999, -9999, -9999, -9999, 52, -9999, -9999, 71, -9999, -9999, -9999, -9999, -9999, -9999, -9999, -9999, 13, -9999, -9999, -9999, -9999, -9999, -9999, -9999, -9999, -9999, -9999, -9999, -9999, 7, -9999, -9999, -9999, -9999, -9999, -9999, -9999, -9999, -9999, 2, -9999, -9999, -9999, -9999, -9999, -9999, 14, 46, -9999, -9999, -9999, -9999, -9999, -9999, -9999, -9999, 29, -9999, 7, -9999, -9999, -9999, 84, 71, -9999, -9999, -9999, -9999, -9999, 90, -9999, -9999, -9999, -9999, -9999, -9999, -9999, 56, -9999, -9999, -9999, -9999, -9999, -9999, 9, -9999, -9999, 26, -9999, -9999, -9999, 1, 1, 1, 1, 1],
[-9999, -9999, -9999, -9999, -9999, -9999, -9999, 43, -9999, -9999, -9999, -9999, -9999, 42, -9999, -9999, 71, 72, -9999, -9999, -9999, -9999, -9999, -9999, -9999, -9999, -9999, -9999, -9999, -9999, -9999, -9999, -9999, -9999, -9999, -9999, -9999, -9999, 39, -9999, -9999, -9999, -9999, -9999, -9999, -9999, -9999, -9999, 28, -9999, -9999, 55, 70, 73, -9999, -9999, 64, 54, -9999, -9999, -9999, -9999, 63, -9999, -9999, -9999, -9999, -9999, -9999, 92, -9999, 49, 19, -9999, 93, -9999, -9999, -9999, -9999, -9999, -9999, -9999, -9999, -9999, -9999, -9999, -9999, -9999, -9999, -9999, -9999, -9999, -9999, -9999, -9999, -9999, 63, -9999, -9999, -9999, 1, 1, 1, 1, 1],
[-9999, -9999, -9999, -9999, -9999, -9999, -9999, 71, 49, -9999, 75, 79, 41, 99, 86, -9999, 9, -9999, 32, -9999, -9999, -9999, 67, 6, 19, -9999, -9999, -9999, 5, -9999, -9999, 39, -9999, 19, -9999, -9999, 36, -9999, 96, 80, -9999, 35, -9999, -9999, -9999, 40, 79, -9999, 51, -9999, -9999, -9999, -9999, -9999, -9999, 39, 26, 32, 75, -9999, -9999, -9999, -9999, -9999, -9999, -9999, 25, -9999, 65, -9999, -9999, 98, 49, 82, -9999, -9999, 64, -9999, 82, 2, -9999, -9999, -9999, -9999, 83, 56, -9999, 59, -9999, 57, 18, 43, -9999, 29, -9999, -9999, -9999, -9999, -9999, 54, 1, 1, 1, 1, 1],
[-9999, -9999, -9999, -9999, -9999, 3, -9999, -9999, 75, -9999, -9999, -9999, 62, 80, 58, 54, -9999, -9999, 44, -9999, -9999, 5, 3, 33, -9999, 13, -9999, -9999, -9999, -9999, -9999, 2, 49, 22, 17, 29, -9999, -9999, -9999, 71, -9999, -9999, 34, 73, -9999, 13, 85, -9999, 96, -9999, -9999, 89, -9999, -9999, -9999, -9999, 6, -9999, -9999, -9999, -9999, 19, -9999, -9999, 10, 11, -9999, -9999, -9999, -9999, -9999, 10, -9999, -9999, -9999, -9999, 97, -9999, 15, 92, 67, 86, -9999, -9999, 34, 38, -9999, 8, -9999, 100, 43, 79, -9999, -9999, -9999, -9999, -9999, -9999, -9999, 64, 1, 1, 1, 1, 1],
[-9999, -9999, -9999, -9999, -9999, -9999, 61, 86, 55, -9999, 40, -9999, -9999, 65, 55, 61, 69, -9999, -9999, -9999, -9999, -9999, 2, 19, 1, 73, -9999, -9999, 91, -9999, -9999, 56, 58, 74, 26, -9999, -9999, -9999, -9999, 3, -9999, 66, 99, 51, -9999, -9999, -9999, -9999, 39, -9999, -9999, 77, -9999, -9999, -9999, 29, 5, 8, 10, -9999, -9999, -9999, -9999, -9999, 35, -9999, 69, -9999, 44, 97, -9999, 41, -9999, -9999, -9999, -9999, -9999, -9999, -9999, -9999, 13, -9999, 11, -9999, -9999, 60, -9999, 86, -9999, -9999, -9999, -9999, -9999, 2, -9999, -9999, 18, -9999, -9999, 77, 1, 1, 1, 1, 1],
[-9999, -9999, -9999, -9999, -9999, -9999, -9999, -9999, -9999, -9999, -9999, -9999, -9999, -9999, -9999, -9999, -9999, -9999, -9999, -9999, -9999, -9999, -9999, -9999, -9999, -9999, -9999, -9999, -9999, -9999, -9999, -9999, -9999, -9999, -9999, -9999, -9999, -9999, -9999, -9999, -9999, -9999, -9999, -9999, -9999, -9999, -9999, -9999, -9999, -9999, -9999, -9999, -9999, -9999, -9999, -9999, -9999, -9999, -9999, -9999, -9999, -9999, -9999, -9999, -9999, -9999, -9999, -9999, -9999, -9999, -9999, -9999, -9999, -9999, -9999, -9999, -9999, -9999, -9999, -9999, -9999, -9999, -9999, -9999, -9999, -9999, -9999, -9999, -9999, -9999, -9999, -9999, -9999, -9999, -9999, -9999, -9999, -9999, -9999, -9999, 1, 1, 1, 1, 1],
[-9999, -9999, -9999, -9999, -9999, -9999, -9999, -9999, -9999, -9999, -9999, -9999, -9999, 50, -9999, -9999, 75, 46, -9999, -9999, -9999, -9999, -9999, -9999, -9999, 46, -9999, -9999, -9999, -9999, -9999, -9999, -9999, -9999, -9999, -9999, -9999, -9999, -9999, -9999, 69, -9999, -9999, -9999, -9999, -9999, -9999, -9999, 71, -9999, -9999, -9999, 65, -9999, -9999, 38, 82, 49, -9999, -9999, -9999, -9999, 53, -9999, -9999, 82, -9999, -9999, -9999, -9999, -9999, 39, -9999, -9999, 61, -9999, -9999, -9999, 63, -9999, -9999, -9999, -9999, -9999, -9999, -9999, -9999, -9999, -9999, -9999, -9999, 48, -9999, 90, 32, 24, 28, -9999, -9999, -9999, 1, 1, 1, 1, 1],
[-9999, -9999, -9999, -9999, -9999, -9999, 82, -9999, -9999, -9999, -9999, 69, -9999, 34, 14, 27, 85, -9999, 92, -9999, -9999, 66, 91, 13, 68, 53, -9999, -9999, 38, -9999, -9999, 62, 73, 51, 70, -9999, -9999, -9999, 25, -9999, -9999, -9999, -9999, 10, -9999, 26, -9999, 30, 32, -9999, -9999, 19, -9999, -9999, -9999, 24, 65, -9999, 7, -9999, -9999, 93, -9999, -9999, -9999, -9999, -9999, 45, 38, -9999, -9999, 6, 66, 71, -9999, -9999, -9999, -9999, 49, -9999, 70, -9999, -9999, -9999, -9999, 80, -9999, 82, -9999, 6, -9999, 54, -9999, -9999, -9999, 98, 73, -9999, -9999, -9999, 1, 1, 1, 1, 1],
[-9999, -9999, -9999, -9999, -9999, -9999, -9999, -9999, 75, -9999, 86, -9999, -9999, 72, 38, -9999, 28, -9999, 61, -9999, -9999, 95, 95, 77, -9999, -9999, -9999, -9999, -9999, 75, -9999, 38, -9999, 2, -9999, 50, -9999, -9999, -9999, -9999, -9999, -9999, -9999, -9999, -9999, 78, 21, -9999, 21, -9999, -9999, 69, -9999, -9999, 33, 96, 80, 67, 60, 96, -9999, 26, -9999, -9999, 42, 25, -9999, 73, 95, -9999, -9999, 71, 6, -9999, 41, -9999, -9999, -9999, -9999, -9999, 33, 100, -9999, -9999, 29, 73, -9999, -9999, -9999, 16, 10, -9999, -9999, -9999, -9999, -9999, -9999, -9999, -9999, -9999, 1, 1, 1, 1, 1],
[-9999, -9999, -9999, -9999, -9999, 56, 59, -9999, 15, 63, -9999, -9999, 57, 47, 36, -9999, 59, 29, -9999, -9999, -9999, -9999, 80, 80, 14, 32, -9999, -9999, 40, -9999, 83, 12, 79, 16, 9, 55, -9999, -9999, 27, -9999, -9999, -9999, 14, -9999, 48, 29, -9999, 84, 82, 8, -9999, 46, 71, 72, -9999, 91, 54, -9999, 32, -9999, -9999, 55, 32, -9999, -9999, -9999, -9999, 49, 62, -9999, 48, 2, 91, 59, -9999, 78, 39, 71, 52, -9999, 65, -9999, -9999, 69, 68, 69, -9999, 99, -9999, 47, 33, -9999, 33, -9999, 5, -9999, 50, -9999, -9999, 89, 1, 1, 1, 1, 1],
[-9999, -9999, -9999, -9999, -9999, 78, 82, -9999, 46, -9999, -9999, -9999, 31, 52, 79, -9999, 44, -9999, -9999, -9999, -9999, 100, 46, 29, 51, 7, -9999, -9999, 41, -9999, -9999, 84, 14, 11, 93, 42, 93, -9999, -9999, 59, -9999, 15, -9999, -9999, 16, -9999, 86, -9999, 3, -9999, -9999, -9999, -9999, -9999, -9999, 54, 96, -9999, 8, -9999, -9999, 64, -9999, -9999, 8, 75, 86, -9999, 36, -9999, -9999, 8, -9999, 85, 54, -9999, -9999, -9999, 79, 74, -9999, 75, -9999, -9999, -9999, 28, -9999, 65, -9999, 53, 32, -9999, -9999, 24, -9999, -9999, 75, -9999, -9999, -9999, 1, 1, 1, 1, 1],
[-9999, -9999, -9999, -9999, -9999, -9999, -9999, -9999, -9999, -9999, -9999, -9999, -9999, 87, -9999, -9999, 40, -9999, -9999, -9999, -9999, -9999, -9999, -9999, -9999, 29, -9999, -9999, -9999, -9999, -9999, -9999, -9999, -9999, -9999, 68, -9999, -9999, 56, -9999, -9999, -9999, -9999, -9999, -9999, -9999, -9999, -9999, 51, -9999, -9999, -9999, -9999, -9999, -9999, 70, 16, 80, -9999, -9999, -9999, -9999, -9999, -9999, -9999, 33, -9999, 60, -9999, -9999, -9999, -9999, 30, -9999, 3, -9999, -9999, -9999, -9999, -9999, -9999, -9999, -9999, -9999, -9999, -9999, -9999, -9999, -9999, -9999, -9999, 52, -9999, 34, -9999, -9999, -9999, 73, -9999, -9999, 1, 1, 1, 1, 1],
[-9999, -9999, -9999, -9999, -9999, -9999, -9999, 36, -9999, -9999, -9999, -9999, -9999, -9999, -9999, -9999, 32, 43, -9999, -9999, -9999, -9999, -9999, -9999, -9999, 51, -9999, -9999, -9999, -9999, -9999, -9999, -9999, -9999, -9999, 73, -9999, -9999, 82, -9999, 93, -9999, -9999, -9999, -9999, -9999, -9999, -9999, 27, -9999, -9999, -9999, 7, 86, -9999, -9999, 86, 79, -9999, -9999, -9999, -9999, 64, -9999, -9999, 89, -9999, 8, -9999, -9999, -9999, 38, 2, -9999, -9999, -9999, -9999, -9999, -9999, -9999, -9999, -9999, 75, -9999, -9999, -9999, -9999, -9999, -9999, -9999, 1, 19, -9999, -9999, 71, -9999, 49, 68, -9999, -9999, 1, 1, 1, 1, 1],
[-9999, -9999, -9999, -9999, -9999, -9999, -9999, -9999, 67, -9999, -9999, -9999, 94, 15, -9999, 87, -9999, 33, 57, -9999, -9999, -9999, 94, 76, 30, -9999, -9999, 92, -9999, -9999, -9999, 56, -9999, 65, -9999, -9999, -9999, -9999, -9999, -9999, -9999, -9999, 61, -9999, 85, -9999, 73, 56, 68, 62, -9999, -9999, 3, -9999, -9999, 52, 79, 85, 75, -9999, -9999, -9999, 72, -9999, -9999, 8, 97, 10, 8, -9999, 56, 99, 8, 53, 100, 8, 44, 44, 90, 37, 28, 15, -9999, 29, -9999, -9999, -9999, 75, -9999, 83, 96, 41, -9999, -9999, 97, -9999, 87, -9999, -9999, 55, 1, 1, 1, 1, 1],
[-9999, -9999, -9999, -9999, -9999, -9999, -9999, -9999, -9999, -9999, -9999, -9999, -9999, -9999, -9999, -9999, -9999, -9999, -9999, -9999, -9999, -9999, -9999, -9999, -9999, -9999, -9999, -9999, -9999, -9999, -9999, -9999, -9999, -9999, -9999, -9999, -9999, -9999, -9999, -9999, -9999, -9999, -9999, -9999, -9999, -9999, -9999, -9999, -9999, -9999, -9999, -9999, -9999, -9999, -9999, -9999, -9999, -9999, -9999, -9999, -9999, -9999, -9999, -9999, -9999, -9999, -9999, -9999, -9999, -9999, -9999, -9999, -9999, -9999, -9999, -9999, -9999, -9999, -9999, -9999, -9999, -9999, -9999, -9999, -9999, -9999, -9999, -9999, -9999, -9999, -9999, -9999, -9999, -9999, -9999, -9999, -9999, -9999, -9999, -9999, 1, 1, 1, 1, 1],
[-9999, -9999, -9999, -9999, -9999, -9999, 45, -9999, 5, -9999, -9999, 71, 52, 84, 67, -9999, -9999, -9999, 89, -9999, -9999, 43, 70, 5, 20, 60, -9999, -9999, -9999, 36, -9999, -9999, 94, 19, 50, 14, 7, -9999, 10, -9999, -9999, -9999, -9999, 48, -9999, 51, -9999, 65, 39, -9999, -9999, 33, -9999, -9999, 86, 29, -9999, 10, 77, -9999, -9999, 31, -9999, -9999, 84, -9999, 31, -9999, 60, -9999, -9999, 95, 73, 27, -9999, -9999, 16, -9999, -9999, -9999, -9999, -9999, -9999, -9999, 81, 97, -9999, 33, -9999, -9999, 30, 22, -9999, 81, -9999, -9999, 58, -9999, -9999, 94, 1, 1, 1, 1, 1],
[-9999, -9999, -9999, -9999, -9999, -9999, -9999, 63, -9999, -9999, -9999, -9999, -9999, 40, -9999, -9999, -9999, -9999, -9999, -9999, -9999, -9999, -9999, -9999, -9999, -9999, -9999, -9999, -9999, -9999, -9999, -9999, -9999, -9999, -9999, -9999, -9999, -9999, 57, -9999, -9999, -9999, -9999, -9999, -9999, -9999, -9999, -9999, -9999, -9999, -9999, -9999, -9999, -9999, -9999, -9999, 64, -9999, -9999, -9999, -9999, -9999, -9999, -9999, -9999, -9999, -9999, -9999, -9999, -9999, -9999, 90, 69, -9999, 10, -9999, -9999, -9999, 79, -9999, -9999, -9999, -9999, -9999, -9999, -9999, -9999, -9999, -9999, -9999, 40, 54, -9999, 90, -9999, -9999, 27, -9999, -9999, -9999, 1, 1, 1, 1, 1],
[-9999, -9999, -9999, -9999, -9999, -9999, 21, -9999, 80, -9999, 11, -9999, 41, 3, 4, 79, -9999, -9999, -9999, -9999, 12, 12, 47, 20, -9999, -9999, -9999, -9999, 86, -9999, -9999, 3, -9999, 2, 9, -9999, -9999, -9999, -9999, -9999, -9999, -9999, -9999, -9999, 78, -9999, 15, -9999, -9999, -9999, 23, 44, -9999, -9999, -9999, 1, 87, -9999, 69, -9999, -9999, -9999, -9999, -9999, 17, 94, -9999, -9999, 75, -9999, -9999, 51, -9999, 87, 26, -9999, -9999, -9999, -9999, 16, -9999, -9999, 78, -9999, 25, 7, -9999, 46, -9999, 25, -9999, -9999, -9999, 8, -9999, -9999, 39, -9999, 2, 80, 1, 1, 1, 1, 1],
[-9999, -9999, -9999, -9999, -9999, -9999, -9999, -9999, -9999, -9999, -9999, -9999, -9999, -9999, -9999, -9999, -9999, -9999, -9999, -9999, -9999, -9999, -9999, -9999, -9999, -9999, -9999, -9999, -9999, -9999, -9999, 18, -9999, -9999, -9999, -9999, -9999, -9999, -9999, -9999, -9999, -9999, 2, -9999, -9999, -9999, -9999, -9999, -9999, -9999, -9999, -9999, -9999, -9999, -9999, -9999, -9999, -9999, 58, -9999, -9999, 30, -9999, -9999, -9999, -9999, -9999, -9999, -9999, -9999, -9999, -9999, -9999, -9999, -9999, -9999, -9999, -9999, 8, 48, -9999, -9999, -9999, -9999, -9999, -9999, -9999, 96, -9999, -9999, -9999, -9999, -9999, -9999, -9999, -9999, -9999, -9999, -9999, -9999, 1, 1, 1, 1, 1],
[-9999, -9999, -9999, -9999, -9999, -9999, -9999, 76, -9999, -9999, -9999, -9999, -9999, 4, -9999, -9999, -9999, -9999, -9999, -9999, -9999, -9999, -9999, -9999, -9999, -9999, -9999, -9999, -9999, -9999, -9999, -9999, -9999, -9999, -9999, -9999, -9999, -9999, 82, -9999, -9999, -9999, -9999, -9999, -9999, -9999, -9999, -9999, 70, -9999, -9999, -9999, -9999, -9999, -9999, 98, 82, 13, -9999, -9999, -9999, -9999, -9999, -9999, -9999, 90, -9999, 7, -9999, -9999, -9999, 37, 7, -9999, -9999, -9999, -9999, -9999, -9999, -9999, -9999, -9999, -9999, -9999, -9999, -9999, -9999, -9999, -9999, -9999, -9999, 71, -9999, 43, -9999, -9999, 98, -9999, -9999, 61, 1, 1, 1, 1, 1],
[-9999, -9999, -9999, -9999, -9999, -9999, -9999, 50, -9999, -9999, -9999, -9999, -9999, 88, -9999, -9999, 33, -9999, -9999, -9999, -9999, -9999, -9999, -9999, -9999, 49, -9999, -9999, -9999, -9999, -9999, -9999, -9999, -9999, -9999, -9999, -9999, -9999, -9999, -9999, -9999, -9999, -9999, -9999, -9999, -9999, -9999, -9999, 41, -9999, -9999, 28, -9999, -9999, -9999, 31, 30, 61, -9999, -9999, -9999, -9999, -9999, -9999, -9999, 92, -9999, 2, -9999, -9999, -9999, 77, 8, -9999, -9999, -9999, -9999, -9999, 29, -9999, -9999, -9999, -9999, -9999, -9999, -9999, -9999, -9999, -9999, -9999, -9999, -9999, -9999, -9999, -9999, -9999, 71, -9999, -9999, 2, 1, 1, 1, 1, 1],
[-9999, -9999, -9999, -9999, -9999, 15, -9999, 50, 68, -9999, 91, 36, 34, 63, 79, 62, -9999, 32, 19, -9999, -9999, -9999, -9999, 60, 7, 49, -9999, -9999, -9999, -9999, 83, 12, 89, 85, 74, -9999, -9999, -9999, 28, 36, -9999, -9999, 14, -9999, 71, -9999, 6, 24, 65, 15, 91, -9999, 81, 69, -9999, 56, -9999, -9999, 56, -9999, 58, -9999, 4, -9999, 19, -9999, 14, 1, 33, -9999, 81, 92, 58, -9999, 93, 99, -9999, 10, -9999, -9999, -9999, 28, -9999, 44, 70, 26, -9999, 40, -9999, 26, 78, 3, -9999, 52, -9999, -9999, -9999, -9999, -9999, 19, 1, 1, 1, 1, 1],
[-9999, -9999, -9999, -9999, -9999, -9999, -9999, 39, -9999, -9999, -9999, -9999, -9999, 60, -9999, -9999, -9999, -9999, -9999, -9999, -9999, -9999, -9999, -9999, -9999, 67, -9999, -9999, -9999, -9999, -9999, -9999, -9999, -9999, -9999, 57, -9999, -9999, 11, -9999, -9999, -9999, -9999, -9999, -9999, -9999, -9999, -9999, 96, -9999, -9999, 76, -9999, -9999, -9999, -9999, 80, -9999, -9999, -9999, -9999, -9999, -9999, -9999, -9999, 49, -9999, 33, -9999, -9999, -9999, 100, -9999, -9999, -9999, -9999, -9999, -9999, -9999, -9999, -9999, -9999, -9999, -9999, -9999, -9999, -9999, -9999, -9999, -9999, 68, 66, -9999, -9999, -9999, -9999, 5, -9999, -9999, 46, 1, 1, 1, 1, 1],
[-9999, -9999, -9999, -9999, -9999, -9999, -9999, -9999, -9999, -9999, -9999, -9999, -9999, 40, -9999, -9999, 57, -9999, -9999, -9999, -9999, -9999, -9999, -9999, -9999, 56, -9999, -9999, -9999, -9999, -9999, -9999, -9999, -9999, -9999, 51, -9999, -9999, 13, -9999, -9999, -9999, -9999, -9999, -9999, -9999, -9999, -9999, 95, -9999, -9999, 72, -9999, -9999, -9999, -9999, 82, -9999, -9999, -9999, -9999, -9999, -9999, -9999, -9999, -9999, -9999, 90, -9999, -9999, -9999, 47, -9999, -9999, -9999, -9999, -9999, -9999, -9999, -9999, -9999, -9999, -9999, -9999, -9999, -9999, -9999, -9999, -9999, -9999, 48, 55, -9999, -9999, -9999, -9999, -9999, -9999, -9999, 23, 1, 1, 1, 1, 1],
[-9999, -9999, -9999, -9999, -9999, -9999, -9999, 9, -9999, -9999, -9999, -9999, -9999, 67, -9999, -9999, 81, -9999, -9999, -9999, -9999, -9999, -9999, -9999, -9999, -9999, -9999, -9999, -9999, -9999, -9999, -9999, -9999, -9999, -9999, 68, -9999, -9999, -9999, -9999, -9999, -9999, -9999, -9999, -9999, -9999, -9999, -9999, 36, -9999, -9999, 47, -9999, -9999, -9999, 1, 90, 64, -9999, -9999, -9999, -9999, -9999, -9999, -9999, -9999, -9999, 73, -9999, -9999, -9999, 22, -9999, -9999, -9999, -9999, -9999, -9999, -9999, -9999, -9999, -9999, 95, -9999, -9999, -9999, -9999, -9999, -9999, -9999, 34, 3, -9999, 24, -9999, -9999, 98, -9999, -9999, 53, 1, 1, 1, 1, 1],
[-9999, -9999, -9999, -9999, -9999, -9999, -9999, -9999, -9999, -9999, -9999, -9999, -9999, -9999, -9999, -9999, -9999, -9999, -9999, -9999, -9999, -9999, -9999, -9999, -9999, -9999, -9999, -9999, -9999, -9999, -9999, 36, -9999, -9999, -9999, -9999, -9999, -9999, -9999, -9999, -9999, -9999, 58, -9999, -9999, 43, -9999, -9999, -9999, -9999, -9999, -9999, -9999, -9999, -9999, -9999, -9999, -9999, 46, -9999, -9999, 78, -9999, -9999, -9999, -9999, -9999, -9999, -9999, -9999, -9999, -9999, -9999, -9999, -9999, -9999, -9999, -9999, 90, -9999, -9999, -9999, -9999, -9999, -9999, -9999, -9999, 79, -9999, -9999, -9999, -9999, -9999, -9999, -9999, -9999, -9999, -9999, -9999, -9999, 1, 1, 1, 1, 1],
[-9999, -9999, -9999, -9999, -9999, -9999, -9999, 13, -9999, -9999, -9999, -9999, -9999, 84, -9999, -9999, 13, -9999, -9999, -9999, -9999, -9999, -9999, -9999, -9999, 68, -9999, -9999, -9999, -9999, -9999, -9999, -9999, -9999, -9999, -9999, -9999, -9999, -9999, -9999, -9999, -9999, -9999, -9999, -9999, -9999, -9999, -9999, 75, -9999, -9999, -9999, -9999, -9999, -9999, 20, 6, 94, -9999, -9999, -9999, -9999, -9999, -9999, -9999, -9999, -9999, 86, -9999, -9999, -9999, -9999, 98, -9999, -9999, -9999, -9999, -9999, 86, -9999, -9999, -9999, -9999, -9999, -9999, -9999, -9999, -9999, -9999, -9999, 20, 17, -9999, 92, -9999, -9999, -9999, -9999, -9999, 49, 1, 1, 1, 1, 1],
[-9999, -9999, -9999, -9999, -9999, -9999, -9999, 24, -9999, -9999, -9999, -9999, -9999, 11, -9999, -9999, -9999, 98, -9999, -9999, -9999, -9999, -9999, -9999, -9999, 44, -9999, -9999, -9999, -9999, -9999, -9999, -9999, -9999, -9999, -9999, -9999, -9999, 25, -9999, 36, -9999, -9999, -9999, -9999, -9999, -9999, -9999, 93, -9999, -9999, 21, -9999, 5, -9999, 20, 5, 75, -9999, -9999, -9999, -9999, 45, -9999, -9999, 42, -9999, -9999, -9999, 56, -9999, 92, 1, -9999, -9999, -9999, -9999, -9999, -9999, -9999, -9999, -9999, -9999, -9999, -9999, -9999, -9999, -9999, -9999, -9999, 32, 69, -9999, -9999, -9999, -9999, -9999, -9999, -9999, 87, 1, 1, 1, 1, 1],
[-9999, -9999, -9999, -9999, -9999, -9999, -9999, -9999, -9999, -9999, -9999, -9999, -9999, -9999, -9999, -9999, -9999, -9999, -9999, -9999, -9999, -9999, -9999, -9999, -9999, -9999, -9999, -9999, -9999, -9999, -9999, 78, -9999, -9999, -9999, -9999, -9999, -9999, -9999, -9999, -9999, -9999, -9999, -9999, -9999, -9999, -9999, -9999, -9999, -9999, -9999, -9999, -9999, -9999, -9999, -9999, -9999, -9999, 68, -9999, -9999, 17, -9999, -9999, -9999, -9999, -9999, -9999, -9999, -9999, -9999, -9999, -9999, -9999, -9999, -9999, -9999, -9999, 53, -9999, -9999, -9999, -9999, -9999, 16, -9999, -9999, 49, -9999, -9999, -9999, -9999, -9999, -9999, -9999, -9999, -9999, -9999, -9999, -9999, 1, 1, 1, 1, 1],
[-9999, -9999, -9999, -9999, -9999, -9999, 94, -9999, 17, -9999, 74, 14, 43, 25, 37, -9999, 51, 29, 81, -9999, -9999, 74, 13, 6, 40, -9999, -9999, -9999, 43, -9999, -9999, 75, -9999, 10, 100, 73, 77, -9999, -9999, 28, 6, -9999, -9999, 7, 66, -9999, 16, 43, 48, -9999, -9999, 46, 5, -9999, -9999, -9999, 28, 77, 61, -9999, -9999, 68, 45, 82, 93, 100, -9999, 95, 42, -9999, 46, 65, 1, -9999, -9999, 51, -9999, -9999, -9999, 81, -9999, 16, -9999, 29, 68, 22, -9999, 75, -9999, 88, 8, -9999, 41, -9999, 41, -9999, 49, -9999, 66, 88, 1, 1, 1, 1, 1],
[-9999, -9999, -9999, -9999, -9999, -9999, -9999, -9999, -9999, -9999, -9999, -9999, -9999, -9999, -9999, -9999, -9999, -9999, -9999, -9999, -9999, -9999, -9999, -9999, -9999, -9999, -9999, -9999, -9999, -9999, -9999, -9999, -9999, -9999, -9999, -9999, -9999, -9999, -9999, -9999, -9999, -9999, 72, -9999, -9999, 42, -9999, -9999, -9999, -9999, -9999, -9999, -9999, -9999, -9999, -9999, -9999, -9999, 84, -9999, -9999, 70, -9999, -9999, -9999, -9999, -9999, -9999, -9999, -9999, -9999, -9999, -9999, -9999, -9999, -9999, -9999, -9999, -9999, -9999, -9999, -9999, -9999, -9999, -9999, -9999, -9999, 4, -9999, -9999, -9999, -9999, -9999, -9999, -9999, -9999, -9999, -9999, -9999, -9999, 1, 1, 1, 1, 1],
[-9999, -9999, -9999, -9999, -9999, -9999, -9999, -9999, -9999, -9999, -9999, -9999, -9999, -9999, -9999, -9999, -9999, -9999, -9999, -9999, -9999, -9999, -9999, -9999, -9999, -9999, -9999, -9999, -9999, -9999, -9999, 37, -9999, -9999, -9999, -9999, -9999, -9999, -9999, -9999, -9999, -9999, -9999, -9999, -9999, 6, -9999, -9999, -9999, -9999, -9999, -9999, -9999, -9999, -9999, -9999, -9999, -9999, 11, -9999, -9999, 43, -9999, 31, -9999, -9999, -9999, -9999, -9999, -9999, -9999, -9999, -9999, -9999, -9999, -9999, -9999, -9999, 90, 11, -9999, -9999, -9999, -9999, 100, -9999, -9999, 65, -9999, -9999, -9999, -9999, 29, -9999, -9999, -9999, -9999, -9999, -9999, -9999, 1, 1, 1, 1, 1],
[-9999, -9999, -9999, -9999, -9999, -9999, -9999, 26, -9999, -9999, -9999, -9999, -9999, 60, -9999, -9999, 53, -9999, -9999, -9999, -9999, -9999, -9999, -9999, -9999, 90, -9999, -9999, -9999, -9999, -9999, -9999, -9999, -9999, -9999, 87, -9999, -9999, 63, -9999, -9999, -9999, -9999, -9999, -9999, -9999, -9999, -9999, 96, -9999, -9999, -9999, -9999, -9999, -9999, -9999, 10, -9999, -9999, -9999, -9999, -9999, -9999, -9999, -9999, 15, -9999, -9999, -9999, -9999, -9999, 77, -9999, -9999, 86, -9999, -9999, -9999, 17, -9999, -9999, -9999, -9999, -9999, -9999, -9999, -9999, -9999, -9999, -9999, 42, 16, -9999, 6, -9999, -9999, 50, -9999, -9999, 33, 1, 1, 1, 1, 1],
[-9999, -9999, -9999, -9999, -9999, -9999, -9999, 9, -9999, -9999, -9999, -9999, -9999, -9999, -9999, -9999, -9999, -9999, -9999, -9999, -9999, -9999, -9999, -9999, -9999, 27, -9999, -9999, -9999, -9999, -9999, -9999, -9999, -9999, -9999, 62, -9999, -9999, -9999, -9999, -9999, -9999, -9999, -9999, -9999, -9999, -9999, -9999, 98, -9999, -9999, 56, -9999, -9999, -9999, 93, 70, 39, -9999, -9999, -9999, -9999, -9999, -9999, -9999, -9999, -9999, -9999, -9999, 29, -9999, 84, 32, -9999, -9999, -9999, -9999, -9999, 73, -9999, -9999, -9999, -9999, -9999, -9999, -9999, -9999, -9999, -9999, -9999, -9999, -9999, -9999, 70, -9999, -9999, 17, -9999, -9999, 63, 1, 1, 1, 1, 1],
[-9999, -9999, -9999, -9999, -9999, -9999, -9999, -9999, -9999, -9999, -9999, -9999, -9999, -9999, -9999, -9999, -9999, -9999, -9999, -9999, -9999, -9999, -9999, -9999, -9999, -9999, -9999, -9999, -9999, -9999, -9999, 83, -9999, -9999, -9999, -9999, -9999, -9999, -9999, -9999, -9999, -9999, -9999, -9999, -9999, -9999, -9999, -9999, -9999, -9999, -9999, -9999, -9999, -9999, -9999, -9999, -9999, -9999, 72, -9999, -9999, 86, -9999, -9999, -9999, -9999, -9999, -9999, -9999, -9999, -9999, -9999, -9999, -9999, -9999, -9999, -9999, -9999, -9999, -9999, -9999, -9999, -9999, -9999, -9999, -9999, -9999, 100, -9999, -9999, -9999, -9999, -9999, -9999, -9999, -9999, -9999, -9999, -9999, -9999, 1, 1, 1, 1, 1],
[-9999, -9999, -9999, -9999, -9999, 52, -9999, 73, 37, -9999, 94, 46, 63, 53, 27, 96, 50, -9999, -9999, -9999, -9999, -9999, 38, 98, -9999, 34, -9999, -9999, -9999, -9999, -9999, -9999, 34, 17, 14, 77, -9999, -9999, 36, 2, -9999, -9999, 100, 12, 73, 86, -9999, 33, 53, -9999, 3, 19, -9999, -9999, 70, 96, 45, 12, 68, -9999, -9999, -9999, -9999, -9999, -9999, -9999, 51, 98, 60, -9999, -9999, 4, -9999, -9999, 5, -9999, -9999, -9999, 40, -9999, 21, 82, 12, -9999, 56, 4, -9999, 3, 98, 50, -9999, 42, -9999, 57, -9999, -9999, -9999, -9999, -9999, 1, 1, 1, 1, 1, 1],
[-9999, -9999, -9999, -9999, -9999, -9999, -9999, 96, -9999, -9999, -9999, -9999, -9999, 15, -9999, -9999, 61, -9999, -9999, -9999, -9999, -9999, -9999, -9999, -9999, -9999, -9999, -9999, -9999, -9999, -9999, -9999, -9999, -9999, -9999, -9999, -9999, -9999, 74, -9999, -9999, -9999, -9999, -9999, -9999, -9999, -9999, -9999, 87, -9999, -9999, -9999, -9999, -9999, 16, -9999, 93, -9999, -9999, -9999, -9999, -9999, -9999, -9999, -9999, 92, -9999, 77, -9999, -9999, -9999, 64, 1, -9999, -9999, -9999, -9999, -9999, 50, -9999, -9999, -9999, -9999, -9999, -9999, -9999, -9999, -9999, -9999, -9999, 89, 44, -9999, 2, -9999, -9999, 13, -9999, -9999, 34, 1, 1, 1, 1, 1],
[-9999, -9999, -9999, -9999, -9999, -9999, -9999, 76, -9999, -9999, -9999, -9999, -9999, 7, -9999, -9999, 10, -9999, -9999, -9999, -9999, -9999, -9999, -9999, -9999, 57, -9999, -9999, -9999, -9999, -9999, -9999, -9999, -9999, -9999, 80, -9999, -9999, -9999, -9999, -9999, -9999, -9999, -9999, -9999, -9999, -9999, -9999, 55, -9999, -9999, -9999, -9999, -9999, 69, 54, 39, 26, -9999, -9999, -9999, -9999, -9999, -9999, -9999, -9999, -9999, 40, -9999, -9999, -9999, 12, 88, -9999, -9999, -9999, -9999, -9999, 88, -9999, -9999, -9999, -9999, -9999, -9999, -9999, -9999, -9999, -9999, -9999, 82, -9999, -9999, 77, -9999, -9999, 61, 49, -9999, -9999, 1, 1, 1, 1, 1],
[-9999, -9999, -9999, -9999, -9999, 42, 2, 83, 28, -9999, -9999, 69, -9999, 28, 60, 43, -9999, -9999, 46, -9999, -9999, 72, 2, 13, -9999, 5, 31, -9999, 22, -9999, 31, 85, -9999, 56, 56, 69, 68, -9999, 97, -9999, 3, -9999, 45, -9999, 51, 84, 43, -9999, 86, 48, 57, 34, -9999, 70, -9999, 20, 50, 95, 46, -9999, -9999, 25, 26, 20, -9999, 94, 53, 41, 86, -9999, 45, 67, -9999, -9999, 75, 80, -9999, -9999, 8, -9999, -9999, 9, -9999, 70, -9999, 19, 14, 70, -9999, 94, -9999, -9999, 11, 83, 65, -9999, 94, -9999, -9999, -9999, 1, 1, 1, 1, 1],
[-9999, -9999, -9999, -9999, -9999, -9999, -9999, -9999, -9999, -9999, -9999, -9999, -9999, 81, -9999, -9999, 6, 45, -9999, -9999, -9999, -9999, -9999, -9999, -9999, -9999, -9999, -9999, -9999, -9999, -9999, -9999, -9999, -9999, -9999, 53, -9999, -9999, -9999, -9999, -9999, -9999, -9999, -9999, -9999, -9999, -9999, -9999, 20, -9999, -9999, -9999, 48, -9999, -9999, 49, 5, 19, -9999, -9999, -9999, -9999, 92, -9999, -9999, -9999, -9999, 22, -9999, -9999, -9999, 47, 43, -9999, 13, -9999, -9999, -9999, 85, -9999, -9999, -9999, -9999, -9999, -9999, -9999, -9999, -9999, -9999, -9999, 59, -9999, -9999, -9999, 3, -9999, 53, -9999, -9999, 9, 1, 1, 1, 1, 1],
[-9999, -9999, -9999, -9999, -9999, -9999, -9999, 54, -9999, -9999, -9999, -9999, -9999, 43, -9999, -9999, -9999, 35, -9999, -9999, -9999, -9999, -9999, -9999, -9999, 67, -9999, -9999, -9999, -9999, -9999, -9999, -9999, -9999, -9999, 79, -9999, -9999, -9999, -9999, 66, -9999, -9999, -9999, -9999, -9999, -9999, -9999, 37, -9999, -9999, 79, 56, 25, 34, -9999, 17, -9999, -9999, -9999, -9999, -9999, 64, -9999, -9999, -9999, -9999, -9999, -9999, -9999, -9999, 40, 92, -9999, -9999, -9999, -9999, -9999, -9999, -9999, -9999, -9999, -9999, -9999, -9999, -9999, -9999, -9999, -9999, -9999, -9999, 41, -9999, -9999, 24, -9999, -9999, -9999, 27, -9999, 1, 1, 1, 1, 1],
[-9999, -9999, -9999, -9999, -9999, -9999, -9999, -9999, -9999, -9999, -9999, -9999, -9999, -9999, -9999, -9999, -9999, -9999, -9999, -9999, -9999, -9999, -9999, -9999, -9999, -9999, -9999, -9999, -9999, -9999, -9999, -9999, -9999, -9999, -9999, -9999, -9999, -9999, -9999, -9999, -9999, -9999, -9999, -9999, -9999, -9999, -9999, -9999, -9999, -9999, -9999, -9999, -9999, -9999, -9999, -9999, -9999, -9999, -9999, -9999, -9999, -9999, -9999, -9999, -9999, -9999, -9999, -9999, -9999, -9999, -9999, -9999, -9999, -9999, -9999, -9999, -9999, -9999, 23, -9999, -9999, -9999, -9999, -9999, -9999, -9999, -9999, -9999, -9999, -9999, -9999, -9999, -9999, -9999, -9999, -9999, -9999, -9999, -9999, -9999, 1, 1, 1, 1, 1],
[-9999, -9999, -9999, -9999, -9999, 21, -9999, -9999, 94, -9999, 18, 35, 58, 13, 55, 97, 74, -9999, -9999, -9999, -9999, 87, 37, 58, -9999, 96, -9999, 88, 38, -9999, -9999, -9999, -9999, 91, -9999, 17, 92, -9999, 68, 48, -9999, -9999, -9999, -9999, -9999, -9999, -9999, 34, 15, -9999, 87, 50, -9999, -9999, -9999, -9999, 17, -9999, 10, -9999, -9999, -9999, -9999, -9999, 28, -9999, -9999, 68, 2, -9999, -9999, 62, -9999, -9999, 61, -9999, -9999, -9999, 47, -9999, 33, 23, -9999, -9999, -9999, 100, -9999, 30, -9999, 85, -9999, -9999, -9999, 64, -9999, -9999, 75, 58, -9999, 33, 1, 1, 1, 1, 1],
[-9999, -9999, -9999, -9999, -9999, -9999, -9999, 52, -9999, -9999, -9999, -9999, -9999, 14, -9999, -9999, -9999, -9999, -9999, -9999, -9999, -9999, -9999, -9999, -9999, -9999, -9999, -9999, -9999, -9999, -9999, -9999, -9999, -9999, -9999, -9999, -9999, -9999, 10, -9999, -9999, -9999, -9999, -9999, -9999, -9999, -9999, -9999, 14, -9999, -9999, 90, -9999, -9999, -9999, 98, 19, 28, -9999, -9999, -9999, -9999, -9999, -9999, -9999, 20, -9999, 90, -9999, -9999, -9999, 4, 39, -9999, -9999, -9999, -9999, -9999, -9999, -9999, -9999, -9999, -9999, -9999, -9999, -9999, -9999, -9999, -9999, -9999, 90, 55, -9999, -9999, -9999, -9999, 25, -9999, -9999, 69, 1, 1, 1, 1, 1],
[-9999, -9999, -9999, -9999, -9999, 23, 10, -9999, 24, -9999, 18, -9999, -9999, 27, 42, 8, 18, -9999, 5, -9999, -9999, -9999, 5, 17, 11, -9999, -9999, -9999, 81, -9999, -9999, 42, 47, 76, -9999, 69, 58, -9999, -9999, 42, -9999, -9999, 26, 97, 55, -9999, -9999, 93, 100, -9999, 73, 47, -9999, -9999, -9999, 25, 61, 86, 77, -9999, -9999, 48, -9999, -9999, -9999, 48, -9999, 59, 29, -9999, -9999, 12, -9999, 43, -9999, -9999, -9999, -9999, 84, 63, -9999, 24, -9999, -9999, -9999, 74, -9999, 91, -9999, -9999, -9999, -9999, -9999, 18, -9999, -9999, 96, -9999, -9999, -9999, 1, 1, 1, 1, 1],
[-9999, -9999, -9999, -9999, -9999, -9999, -9999, 13, 16, -9999, -9999, 20, -9999, 9, 58, 71, 84, -9999, -9999, -9999, -9999, -9999, 94, 71, -9999, 5, -9999, -9999, 36, -9999, -9999, 2, 9, 43, 31, 77, -9999, -9999, -9999, -9999, -9999, -9999, 90, -9999, 32, 7, -9999, 2, 55, -9999, 12, 99, -9999, -9999, -9999, 92, 53, -9999, 15, -9999, -9999, 9, -9999, -9999, -9999, -9999, 89, -9999, 88, -9999, -9999, 54, -9999, 22, 92, -9999, -9999, -9999, -9999, 8, 3, -9999, -9999, -9999, -9999, 87, -9999, 29, 95, -9999, 6, 79, -9999, -9999, -9999, -9999, -9999, -9999, -9999, 28, 1, 1, 1, 1, 1],
[-9999, -9999, -9999, -9999, -9999, 50, 18, 2, 30, -9999, -9999, -9999, 25, 55, 29, -9999, 11, -9999, 70, -9999, -9999, -9999, 35, 4, 33, 66, -9999, -9999, -9999, -9999, -9999, 77, -9999, 30, -9999, -9999, -9999, -9999, -9999, -9999, -9999, -9999, 36, 85, 11, -9999, -9999, -9999, 44, -9999, -9999, 98, -9999, -9999, -9999, 1, 57, -9999, 61, -9999, -9999, -9999, -9999, -9999, -9999, -9999, 93, 47, 68, -9999, -9999, 64, -9999, 15, 24, -9999, -9999, -9999, -9999, -9999, -9999, 87, -9999, -9999, -9999, 92, -9999, 57, -9999, 100, 65, -9999, -9999, 1, -9999, -9999, 86, -9999, 83, -9999, 1, 1, 1, 1, 1],
[-9999, -9999, -9999, -9999, -9999, -9999, -9999, 24, -9999, -9999, -9999, -9999, -9999, 91, -9999, -9999, 33, -9999, -9999, -9999, -9999, -9999, -9999, -9999, -9999, -9999, -9999, -9999, -9999, -9999, -9999, -9999, -9999, -9999, -9999, 13, -9999, -9999, -9999, -9999, -9999, -9999, -9999, -9999, -9999, -9999, -9999, -9999, -9999, -9999, -9999, -9999, -9999, -9999, -9999, 61, 50, -9999, -9999, -9999, -9999, -9999, -9999, -9999, -9999, 1, -9999, 88, -9999, -9999, -9999, 56, 55, -9999, 80, -9999, -9999, -9999, -9999, -9999, -9999, -9999, -9999, -9999, -9999, -9999, -9999, -9999, -9999, -9999, 50, -9999, -9999, 82, -9999, -9999, 32, -9999, -9999, 65, 1, 1, 1, 1, 1],
[-9999, -9999, -9999, -9999, -9999, -9999, 31, 84, 38, -9999, -9999, 89, -9999, 86, 74, -9999, 9, -9999, 8, -9999, -9999, -9999, 100, 43, 50, -9999, -9999, -9999, -9999, -9999, -9999, 78, 54, 59, 85, 86, 57, -9999, -9999, 83, -9999, -9999, 16, 42, 66, -9999, -9999, -9999, 52, -9999, 62, 59, -9999, -9999, -9999, -9999, 20, 17, 38, 45, -9999, 68, -9999, -9999, 34, -9999, 19, 59, 42, -9999, -9999, 25, 89, -9999, -9999, -9999, -9999, -9999, -9999, 11, 3, 24, -9999, -9999, 62, 21, -9999, 34, -9999, 81, 32, 96, -9999, -9999, -9999, -9999, -9999, -9999, -9999, -9999, 1, 1, 1, 1, 1],
[-9999, -9999, -9999, -9999, -9999, 3, 88, -9999, 54, -9999, 73, 41, 9, 64, 63, -9999, 55, -9999, -9999, -9999, -9999, -9999, 59, 98, 29, 86, -9999, -9999, -9999, -9999, -9999, 17, 24, 89, 80, 89, -9999, -9999, -9999, -9999, -9999, -9999, -9999, 75, -9999, 93, 18, 37, 58, -9999, -9999, 29, -9999, -9999, -9999, 80, 19, 78, 55, -9999, -9999, 48, -9999, -9999, 3, 77, 44, -9999, 7, 75, -9999, 8, -9999, 53, -9999, -9999, -9999, -9999, 2, 27, -9999, 25, -9999, -9999, 93, 27, -9999, 7, -9999, 41, 97, 77, -9999, 82, -9999, -9999, -9999, -9999, -9999, 88, 1, 1, 1, 1, 1],
[-9999, -9999, -9999, -9999, -9999, -9999, 19, -9999, 9, -9999, 83, 90, -9999, 58, 72, -9999, 35, -9999, 28, -9999, 22, 68, 96, 83, 52, -9999, -9999, -9999, -9999, -9999, -9999, 89, 58, 95, 60, -9999, -9999, -9999, 62, -9999, -9999, 25, -9999, -9999, -9999, 67, -9999, -9999, 98, -9999, -9999, -9999, -9999, -9999, -9999, 66, 49, -9999, 76, -9999, -9999, -9999, -9999, -9999, -9999, 17, 34, -9999, 32, 99, -9999, 58, -9999, 13, -9999, -9999, -9999, -9999, 40, 69, 37, -9999, -9999, -9999, -9999, 66, -9999, 98, -9999, -9999, 59, 25, -9999, -9999, -9999, -9999, -9999, -9999, -9999, 22, 1, 1, 1, 1, 1],
[-9999, -9999, -9999, -9999, -9999, -9999, -9999, 46, -9999, -9999, -9999, -9999, -9999, 14, -9999, -9999, 51, -9999, -9999, -9999, -9999, -9999, -9999, -9999, -9999, 70, -9999, -9999, -9999, -9999, -9999, -9999, -9999, -9999, -9999, 90, -9999, -9999, -9999, -9999, -9999, -9999, -9999, -9999, -9999, -9999, -9999, -9999, 38, -9999, -9999, 21, -9999, -9999, -9999, -9999, -9999, -9999, -9999, -9999, -9999, -9999, -9999, -9999, -9999, 66, -9999, 37, -9999, -9999, -9999, 27, -9999, -9999, 86, -9999, -9999, -9999, -9999, -9999, -9999, -9999, -9999, -9999, -9999, -9999, -9999, -9999, -9999, -9999, 62, 51, -9999, -9999, -9999, -9999, 69, -9999, -9999, 72, 1, 1, 1, 1, 1],
[-9999, -9999, -9999, -9999, -9999, -9999, -9999, 24, 2, -9999, -9999, -9999, 93, 67, 42, 43, -9999, -9999, -9999, -9999, -9999, 34, 90, 52, 17, 87, -9999, -9999, 70, -9999, 96, -9999, 34, 16, -9999, -9999, 50, 39, 10, 74, 31, -9999, 74, -9999, 84, 7, -9999, -9999, 82, 34, -9999, -9999, 28, -9999, -9999, -9999, 92, -9999, 63, -9999, 50, 13, 95, 75, -9999, 60, -9999, 26, 20, -9999, -9999, 65, -9999, -9999, -9999, 59, -9999, 5, -9999, 76, 44, 8, 64, 52, 87, 45, -9999, 23, -9999, 50, 86, 42, 52, 49, 60, -9999, -9999, -9999, -9999, -9999, 1, 1, 1, 1, 1],
[-9999, -9999, -9999, -9999, -9999, -9999, -9999, -9999, -9999, -9999, -9999, -9999, -9999, 76, -9999, -9999, 19, -9999, -9999, -9999, -9999, -9999, -9999, -9999, -9999, -9999, -9999, -9999, -9999, -9999, -9999, -9999, -9999, -9999, -9999, 70, -9999, -9999, -9999, -9999, 52, -9999, -9999, -9999, -9999, -9999, -9999, -9999, 59, -9999, -9999, 10, 17, -9999, -9999, -9999, 91, 93, -9999, -9999, -9999, -9999, 44, -9999, -9999, -9999, -9999, 77, -9999, -9999, -9999, 40, -9999, -9999, -9999, -9999, -9999, -9999, -9999, -9999, -9999, -9999, -9999, -9999, -9999, -9999, -9999, -9999, -9999, -9999, 33, 29, -9999, 97, -9999, -9999, 63, -9999, -9999, 96, 1, 1, 1, 1, 1],
[-9999, -9999, -9999, -9999, -9999, 28, 82, 78, 63, -9999, 38, 11, 49, 39, 20, 55, -9999, 94, -9999, -9999, -9999, 83, 47, 33, 44, -9999, -9999, -9999, -9999, -9999, 66, 63, -9999, 44, 15, 52, 59, -9999, 24, 55, 29, -9999, 42, 22, 71, 70, -9999, -9999, 1, 10, 5, 39, 99, 98, -9999, -9999, 68, -9999, 70, -9999, 89, 100, 10, 16, -9999, 98, 96, 39, 94, -9999, 25, 3, 46, -9999, -9999, 50, -9999, 94, -9999, -9999, 16, -9999, -9999, -9999, -9999, 92, -9999, -9999, -9999, 83, 15, -9999, 64, -9999, 98, 46, -9999, -9999, -9999, -9999, 1, 1, 1, 1, 1],
[-9999, -9999, -9999, -9999, -9999, 50, 70, -9999, 91, -9999, 87, 71, 9, 4, 64, 52, -9999, -9999, -9999, -9999, -9999, -9999, 81, 4, 78, -9999, -9999, -9999, -9999, -9999, -9999, 25, -9999, 74, 90, 84, -9999, -9999, -9999, 10, -9999, -9999, 15, 88, 37, 66, 52, -9999, 10, -9999, 65, 96, -9999, -9999, -9999, -9999, -9999, -9999, 74, -9999, -9999, -9999, -9999, -9999, -9999, 31, 13, -9999, 37, 70, -9999, 31, -9999, -9999, 11, -9999, -9999, -9999, 58, -9999, 69, 100, -9999, -9999, -9999, 74, -9999, 12, -9999, 84, -9999, -9999, -9999, 82, -9999, -9999, -9999, -9999, -9999, -9999, 1, 1, 1, 1, 1],
[-9999, -9999, -9999, -9999, -9999, -9999, 81, -9999, 20, -9999, 44, -9999, -9999, 77, 80, 54, 76, 32, -9999, -9999, -9999, 87, 13, 39, 24, 42, -9999, -9999, 98, -9999, 48, 82, -9999, -9999, 60, 18, -9999, -9999, 100, 44, -9999, -9999, 73, 2, 40, 45, 78, 94, 82, -9999, 64, 19, -9999, 89, -9999, -9999, 88, -9999, 35, -9999, 95, -9999, 99, -9999, 18, 25, 76, 14, 46, -9999, -9999, 92, 35, -9999, 31, 87, -9999, 29, -9999, -9999, 7, -9999, -9999, -9999, -9999, 10, -9999, 2, -9999, -9999, 69, 56, -9999, -9999, -9999, -9999, 94, -9999, -9999, -9999, 1, 1, 1, 1, 1],
[-9999, -9999, -9999, -9999, -9999, 4, 81, -9999, 3, -9999, 22, -9999, 62, 45, 28, 45, 43, -9999, 60, -9999, -9999, -9999, 36, 91, 95, -9999, -9999, -9999, -9999, -9999, -9999, -9999, 51, 60, 37, 48, 14, -9999, -9999, 100, -9999, -9999, -9999, 90, 68, 70, 61, 92, 50, -9999, 42, -9999, -9999, -9999, -9999, 87, 31, 23, -9999, -9999, -9999, 13, -9999, -9999, -9999, -9999, -9999, 93, 22, 56, -9999, 66, 69, 38, 56, -9999, -9999, -9999, 32, 29, -9999, 85, -9999, -9999, -9999, 52, -9999, 6, -9999, 77, -9999, -9999, -9999, 79, -9999, -9999, 74, -9999, -9999, -9999, 1, 1, 1, 1, 1],
[-9999, -9999, -9999, -9999, -9999, 2, 16, -9999, 38, -9999, 84, 29, 69, 86, 20, -9999, 68, -9999, -9999, -9999, -9999, 46, 42, 62, -9999, 46, -9999, -9999, -9999, -9999, -9999, 19, -9999, 22, -9999, -9999, -9999, -9999, -9999, -9999, -9999, -9999, 12, 39, 56, -9999, -9999, -9999, 54, -9999, 84, -9999, -9999, -9999, -9999, 58, 92, 18, 99, -9999, -9999, 83, -9999, -9999, -9999, 99, 88, 37, 14, 43, -9999, 21, -9999, 70, -9999, -9999, 64, -9999, -9999, 95, -9999, 30, -9999, -9999, -9999, 29, -9999, 63, 68, 93, 85, 82, -9999, 89, -9999, -9999, -9999, -9999, -9999, -9999, 1, 1, 1, 1, 1],
[-9999, -9999, -9999, -9999, -9999, 96, 41, 44, 76, -9999, -9999, 56, 88, 67, 36, -9999, -9999, -9999, 68, -9999, -9999, 19, 79, 93, 84, -9999, -9999, -9999, 60, -9999, -9999, -9999, 19, 91, 70, 92, 92, -9999, 65, 81, -9999, -9999, -9999, 86, 74, -9999, 83, 54, 28, -9999, 54, -9999, -9999, -9999, -9999, 35, 58, -9999, 21, -9999, -9999, -9999, -9999, -9999, -9999, -9999, 43, 77, 42, -9999, -9999, 67, -9999, -9999, -9999, -9999, -9999, -9999, -9999, 24, 15, 100, -9999, -9999, -9999, 35, -9999, 57, -9999, 32, 44, 42, -9999, 83, -9999, 53, 39, -9999, -9999, -9999, 1, 1, 1, 1, 1],
[-9999, -9999, -9999, -9999, -9999, 86, 47, 11, 24, 53, 84, -9999, 11, 42, 10, 71, -9999, -9999, 64, -9999, -9999, 72, 35, 32, 83, 23, -9999, -9999, 35, -9999, -9999, -9999, -9999, 19, 94, -9999, 20, -9999, -9999, -9999, -9999, -9999, -9999, 49, -9999, 63, 68, 4, 41, -9999, 77, 69, -9999, -9999, -9999, -9999, 42, -9999, 63, -9999, -9999, -9999, -9999, -9999, 26, 94, -9999, 97, 66, -9999, -9999, 95, 25, -9999, -9999, -9999, -9999, -9999, -9999, 4, -9999, -9999, -9999, -9999, -9999, 43, -9999, 38, -9999, -9999, 21, -9999, -9999, -9999, -9999, -9999, -9999, 94, -9999, -9999, 1, 1, 1, 1, 1],
[-9999, -9999, -9999, -9999, -9999, -9999, -9999, -9999, 52, -9999, 78, 63, 64, 75, 20, -9999, 99, -9999, -9999, -9999, -9999, -9999, 30, 13, 35, 11, -9999, -9999, -9999, 72, -9999, -9999, -9999, 42, 62, -9999, 73, -9999, 20, 8, -9999, -9999, 59, 42, 73, 65, 5, -9999, 77, -9999, -9999, 66, -9999, -9999, -9999, -9999, 37, -9999, 71, -9999, -9999, 14, -9999, -9999, -9999, -9999, -9999, 35, 95, -9999, -9999, 47, -9999, -9999, 33, -9999, -9999, -9999, 39, 100, -9999, -9999, -9999, -9999, -9999, 8, -9999, 4, -9999, 43, -9999, -9999, -9999, -9999, -9999, -9999, 35, -9999, -9999, 10, 1, 1, 1, 1, 1],
[-9999, -9999, -9999, -9999, -9999, -9999, -9999, -9999, -9999, -9999, -9999, -9999, -9999, -9999, -9999, -9999, -9999, -9999, -9999, -9999, -9999, -9999, -9999, -9999, -9999, -9999, -9999, -9999, -9999, -9999, -9999, 71, -9999, -9999, -9999, -9999, -9999, -9999, -9999, -9999, -9999, -9999, -9999, -9999, -9999, 12, -9999, -9999, -9999, -9999, -9999, -9999, -9999, -9999, -9999, -9999, -9999, -9999, 74, -9999, -9999, -9999, -9999, -9999, -9999, -9999, -9999, -9999, -9999, -9999, -9999, -9999, -9999, -9999, -9999, -9999, -9999, -9999, 73, 90, -9999, -9999, -9999, -9999, 61, -9999, -9999, 30, -9999, -9999, -9999, -9999, -9999, -9999, -9999, -9999, -9999, -9999, -9999, -9999, 1, 1, 1, 1, 1],
[-9999, -9999, -9999, -9999, -9999, -9999, 7, -9999, 57, -9999, -9999, 52, -9999, 33, 60, -9999, -9999, -9999, -9999, -9999, -9999, 59, 57, 68, -9999, 7, -9999, -9999, 50, -9999, -9999, -9999, 36, 19, 62, -9999, 70, -9999, 5, 89, -9999, 83, 30, -9999, 11, 23, 31, 44, 33, -9999, 51, 69, -9999, -9999, -9999, -9999, 43, -9999, 84, 30, -9999, 37, -9999, -9999, -9999, 85, -9999, 15, 19, -9999, -9999, 80, 65, 16, 90, -9999, -9999, -9999, -9999, -9999, 21, -9999, -9999, -9999, 62, 89, -9999, 5, -9999, 12, 5, 71, -9999, -9999, -9999, -9999, 29, -9999, -9999, -9999, 1, 1, 1, 1, 1],
[-9999, -9999, -9999, -9999, -9999, 4, 75, -9999, 33, -9999, -9999, -9999, 84, 30, 89, 95, 81, -9999, 52, -9999, 60, 59, 53, 23, 20, -9999, -9999, -9999, 61, -9999, -9999, 28, 42, 53, 10, 46, 99, -9999, 46, 57, -9999, -9999, -9999, 57, -9999, 31, 61, 15, 32, -9999, 94, -9999, -9999, -9999, -9999, 17, 17, 62, 44, -9999, -9999, 9, -9999, -9999, 27, -9999, -9999, -9999, 75, -9999, -9999, 59, 41, -9999, -9999, -9999, -9999, -9999, -9999, 44, -9999, -9999, -9999, -9999, -9999, 77, -9999, 67, -9999, -9999, -9999, 35, -9999, 7, -9999, -9999, 90, -9999, -9999, 60, 1, 1, 1, 1, 1],
[-9999, -9999, -9999, -9999, -9999, -9999, 89, 24, 17, 27, -9999, -9999, -9999, 98, 88, 24, 65, -9999, 99, -9999, -9999, 91, 16, 53, -9999, -9999, -9999, -9999, -9999, -9999, -9999, -9999, 76, 82, 33, 82, 91, -9999, 22, 17, -9999, -9999, -9999, 26, 9, -9999, -9999, 84, 71, -9999, 88, 95, -9999, -9999, -9999, 74, 34, -9999, 86, -9999, -9999, -9999, -9999, -9999, -9999, -9999, -9999, -9999, 100, -9999, -9999, 99, 62, -9999, 13, -9999, -9999, -9999, 59, 25, 44, -9999, -9999, -9999, -9999, 99, -9999, 61, -9999, -9999, 76, 26, -9999, -9999, -9999, -9999, 100, -9999, -9999, -9999, 1, 1, 1, 1, 1],
[-9999, -9999, -9999, -9999, -9999, 100, 58, 20, 72, -9999, -9999, 87, 46, 75, 58, 57, 13, -9999, -9999, -9999, -9999, -9999, 48, 80, -9999, 53, -9999, -9999, 75, -9999, -9999, 92, 76, 95, 58, 93, 4, -9999, -9999, 2, -9999, -9999, 73, 20, -9999, 56, 39, 60, 56, -9999, -9999, 77, -9999, -9999, -9999, -9999, 3, -9999, 51, -9999, -9999, 3, -9999, -9999, 16, -9999, -9999, -9999, 39, 77, -9999, 87, 15, -9999, -9999, -9999, -9999, -9999, -9999, 84, 74, -9999, 3, -9999, 79, 89, -9999, 2, -9999, 75, 27, -9999, -9999, 48, -9999, 17, 23, -9999, -9999, -9999, 1, 1, 1, 1, 1],
[-9999, -9999, -9999, -9999, -9999, -9999, -9999, -9999, -9999, -9999, -9999, -9999, -9999, 51, -9999, -9999, 45, -9999, -9999, -9999, -9999, -9999, -9999, -9999, -9999, -9999, -9999, -9999, -9999, -9999, -9999, -9999, -9999, -9999, -9999, 41, -9999, -9999, -9999, -9999, -9999, -9999, -9999, -9999, -9999, -9999, -9999, -9999, 26, -9999, -9999, 83, -9999, -9999, -9999, 58, 59, -9999, -9999, -9999, -9999, -9999, -9999, -9999, -9999, -9999, -9999, -9999, -9999, -9999, -9999, 41, 99, -9999, 23, -9999, -9999, -9999, 65, -9999, -9999, -9999, -9999, -9999, -9999, -9999, -9999, -9999, -9999, -9999, 2, 75, -9999, 78, -9999, -9999, 13, 28, -9999, 12, 1, 1, 1, 1, 1],
[-9999, -9999, -9999, -9999, -9999, -9999, -9999, -9999, -9999, -9999, -9999, -9999, -9999, 28, -9999, -9999, -9999, -9999, -9999, -9999, -9999, -9999, -9999, -9999, -9999, -9999, -9999, -9999, -9999, -9999, -9999, -9999, -9999, -9999, -9999, 85, -9999, -9999, -9999, -9999, -9999, -9999, -9999, -9999, -9999, -9999, -9999, -9999, 68, -9999, -9999, -9999, -9999, -9999, 95, 56, 23, 25, -9999, -9999, -9999, -9999, -9999, -9999, -9999, 99, -9999, 24, -9999, -9999, -9999, 23, -9999, -9999, -9999, -9999, -9999, -9999, -9999, -9999, -9999, -9999, -9999, -9999, -9999, -9999, -9999, -9999, -9999, -9999, 6, 76, -9999, 42, -9999, -9999, 96, -9999, -9999, -9999, 1, 1, 1, 1, 1],
[-9999, -9999, -9999, -9999, -9999, -9999, 28, -9999, 46, -9999, -9999, -9999, -9999, 63, 99, -9999, 87, -9999, 98, -9999, -9999, 48, 79, 24, -9999, 50, -9999, -9999, -9999, -9999, -9999, 19, 45, 80, 53, -9999, 80, -9999, 20, 37, -9999, -9999, -9999, -9999, -9999, -9999, 8, -9999, 31, -9999, 28, 42, -9999, -9999, -9999, 20, 54, 67, 94, -9999, -9999, 63, -9999, -9999, 84, 58, -9999, 8, 56, -9999, -9999, 63, 23, -9999, 84, -9999, -9999, -9999, -9999, -9999, -9999, -9999, -9999, -9999, 10, 84, -9999, 94, -9999, -9999, -9999, 38, -9999, -9999, -9999, -9999, 18, -9999, -9999, -9999, 1, 1, 1, 1, 1],
[-9999, -9999, -9999, -9999, -9999, -9999, -9999, -9999, -9999, -9999, -9999, -9999, -9999, 80, -9999, -9999, 77, -9999, -9999, -9999, -9999, -9999, -9999, -9999, -9999, -9999, -9999, -9999, -9999, -9999, -9999, -9999, -9999, -9999, -9999, 52, -9999, -9999, -9999, -9999, -9999, -9999, -9999, -9999, -9999, -9999, -9999, -9999, 66, -9999, -9999, 45, -9999, -9999, -9999, 7, 69, 39, -9999, -9999, -9999, -9999, -9999, -9999, -9999, 13, -9999, 25, -9999, -9999, -9999, -9999, -9999, -9999, 83, -9999, -9999, -9999, 5, -9999, -9999, -9999, -9999, -9999, -9999, -9999, -9999, -9999, -9999, -9999, -9999, 75, -9999, 3, -9999, -9999, 42, -9999, -9999, 44, 1, 1, 1, 1, 1],
[-9999, -9999, -9999, -9999, -9999, -9999, -9999, -9999, -9999, -9999, -9999, -9999, -9999, -9999, -9999, -9999, -9999, -9999, -9999, -9999, -9999, -9999, -9999, -9999, -9999, -9999, -9999, -9999, -9999, -9999, -9999, -9999, -9999, -9999, -9999, -9999, -9999, -9999, -9999, -9999, -9999, -9999, -9999, -9999, -9999, -9999, -9999, -9999, -9999, -9999, -9999, -9999, -9999, -9999, -9999, -9999, -9999, -9999, -9999, -9999, -9999, -9999, -9999, -9999, -9999, -9999, -9999, -9999, -9999, -9999, -9999, -9999, -9999, -9999, -9999, -9999, -9999, -9999, -9999, -9999, -9999, -9999, -9999, -9999, -9999, -9999, -9999, -9999, -9999, -9999, -9999, -9999, -9999, -9999, -9999, -9999, -9999, -9999, -9999, -9999, 1, 1, 1, 1, 1],
[-9999, -9999, -9999, -9999, -9999, 60, 34, 20, 30, -9999, 10, -9999, -9999, 84, 96, 88, -9999, -9999, 88, -9999, -9999, 53, 97, 3, 12, -9999, -9999, -9999, 18, -9999, 75, 78, 93, 81, 38, 11, 38, 34, -9999, 2, -9999, -9999, -9999, 95, 9, 61, -9999, -9999, 70, 91, 6, 62, 18, 33, -9999, -9999, 85, 99, 77, -9999, 4, -9999, 10, -9999, -9999, -9999, 26, 72, 62, -9999, -9999, 17, 38, -9999, -9999, 84, -9999, 62, -9999, 63, 10, 33, -9999, -9999, 80, 1, -9999, 49, -9999, -9999, -9999, 43, 76, 88, 6, -9999, 28, -9999, -9999, -9999, 1, 1, 1, 1, 1],
[-9999, -9999, -9999, -9999, -9999, -9999, -9999, -9999, -9999, -9999, -9999, -9999, -9999, 17, -9999, -9999, -9999, -9999, -9999, -9999, -9999, -9999, -9999, -9999, -9999, 84, -9999, -9999, -9999, -9999, -9999, -9999, -9999, -9999, -9999, 59, -9999, -9999, -9999, -9999, -9999, -9999, -9999, -9999, -9999, -9999, -9999, -9999, 20, -9999, -9999, -9999, -9999, -9999, -9999, -9999, 4, -9999, -9999, -9999, -9999, -9999, -9999, -9999, -9999, -9999, -9999, -9999, -9999, -9999, -9999, 59, 56, -9999, -9999, -9999, -9999, -9999, -9999, -9999, -9999, -9999, -9999, -9999, -9999, -9999, -9999, -9999, -9999, -9999, -9999, 47, -9999, -9999, -9999, -9999, 79, -9999, -9999, 61, 1, 1, 1, 1, 1],
[-9999, -9999, -9999, -9999, -9999, -9999, -9999, -9999, -9999, -9999, -9999, -9999, -9999, 70, -9999, -9999, 71, -9999, -9999, -9999, -9999, -9999, -9999, -9999, -9999, 7, -9999, -9999, -9999, -9999, -9999, -9999, -9999, -9999, -9999, 92, -9999, -9999, -9999, -9999, -9999, -9999, -9999, -9999, -9999, -9999, -9999, -9999, 69, -9999, -9999, 44, -9999, 62, -9999, 91, 29, 73, -9999, -9999, -9999, -9999, 17, -9999, -9999, -9999, -9999, 100, -9999, -9999, -9999, -9999, 3, -9999, 84, -9999, -9999, -9999, 89, -9999, -9999, -9999, -9999, -9999, -9999, -9999, -9999, -9999, -9999, -9999, -9999, 18, -9999, 38, 47, -9999, 31, -9999, -9999, 62, 1, 1, 1, 1, 1],
[-9999, -9999, -9999, -9999, -9999, -9999, 73, -9999, 55, -9999, -9999, -9999, 24, 100, 88, 63, -9999, -9999, 21, -9999, -9999, -9999, 83, 40, 54, -9999, -9999, -9999, 23, -9999, -9999, 30, 80, 92, 87, 64, -9999, -9999, -9999, 44, -9999, -9999, -9999, 41, -9999, -9999, -9999, 1, 90, -9999, 12, 66, -9999, -9999, -9999, -9999, 9, -9999, 49, -9999, -9999, 33, -9999, -9999, -9999, 95, 81, 9, 26, -9999, -9999, 25, 10, 22, -9999, -9999, -9999, -9999, 4, 91, 3, 89, -9999, -9999, -9999, 8, 43, 48, -9999, -9999, 38, 5, -9999, -9999, -9999, 60, -9999, -9999, 90, -9999, 1, 1, 1, 1, 1],
[-9999, -9999, -9999, -9999, -9999, -9999, -9999, -9999, -9999, -9999, -9999, -9999, -9999, 4, -9999, -9999, 26, -9999, -9999, -9999, -9999, -9999, -9999, -9999, -9999, 87, -9999, -9999, -9999, -9999, -9999, -9999, -9999, -9999, -9999, 47, -9999, -9999, -9999, -9999, -9999, -9999, -9999, -9999, -9999, -9999, -9999, -9999, 60, -9999, -9999, 56, -9999, -9999, -9999, -9999, 74, 61, -9999, -9999, -9999, -9999, -9999, -9999, -9999, -9999, -9999, 56, -9999, 84, -9999, 85, 8, -9999, -9999, -9999, -9999, -9999, -9999, -9999, -9999, -9999, -9999, -9999, -9999, -9999, -9999, -9999, -9999, -9999, 18, 21, -9999, 73, -9999, -9999, 58, -9999, -9999, -9999, 1, 1, 1, 1, 1],
[-9999, -9999, -9999, -9999, -9999, -9999, 36, -9999, 82, -9999, 1, 71, -9999, 62, 75, -9999, -9999, -9999, 48, -9999, -9999, -9999, 28, 45, 85, 94, -9999, -9999, 39, 80, -9999, 98, -9999, 28, 43, -9999, 59, -9999, 85, -9999, -9999, -9999, 28, -9999, 37, -9999, -9999, 11, 25, -9999, 44, 86, -9999, -9999, -9999, 43, 5, -9999, 40, -9999, -9999, 46, -9999, -9999, 99, 86, 36, 53, 45, -9999, -9999, 78, -9999, -9999, 11, -9999, -9999, -9999, -9999, -9999, 17, -9999, -9999, -9999, 100, 75, -9999, 18, -9999, 90, -9999, -9999, -9999, -9999, -9999, -9999, -9999, -9999, -9999, 58, 1, 1, 1, 1, 1],
[-9999, -9999, -9999, -9999, -9999, -9999, -9999, 67, -9999, -9999, -9999, -9999, -9999, 12, -9999, -9999, 97, -9999, -9999, -9999, -9999, -9999, -9999, -9999, -9999, 54, -9999, -9999, -9999, -9999, -9999, -9999, -9999, -9999, -9999, 44, -9999, -9999, -9999, -9999, -9999, -9999, -9999, -9999, -9999, -9999, -9999, -9999, 29, -9999, -9999, 92, -9999, -9999, -9999, 94, 70, 47, -9999, -9999, -9999, -9999, -9999, -9999, -9999, -9999, -9999, 74, -9999, -9999, -9999, 99, -9999, -9999, -9999, -9999, -9999, -9999, -9999, -9999, -9999, -9999, -9999, -9999, -9999, -9999, -9999, -9999, -9999, -9999, 92, 91, -9999, 29, -9999, -9999, 92, -9999, 15, 90, 1, 1, 1, 1, 1],
[-9999, -9999, -9999, -9999, -9999, -9999, -9999, -9999, -9999, -9999, -9999, -9999, -9999, -9999, -9999, -9999, -9999, -9999, -9999, -9999, -9999, -9999, -9999, -9999, -9999, -9999, -9999, -9999, -9999, -9999, -9999, -9999, -9999, -9999, -9999, -9999, -9999, -9999, -9999, -9999, -9999, -9999, -9999, -9999, -9999, -9999, -9999, -9999, -9999, -9999, -9999, -9999, -9999, -9999, -9999, -9999, -9999, -9999, -9999, -9999, -9999, -9999, -9999, -9999, -9999, -9999, -9999, -9999, -9999, -9999, -9999, -9999, -9999, -9999, -9999, -9999, -9999, -9999, -9999, -9999, -9999, -9999, -9999, -9999, -9999, -9999, -9999, -9999, -9999, -9999, -9999, -9999, -9999, -9999, -9999, -9999, -9999, -9999, -9999, -9999, 1, 1, 1, 1, 1],
[-9999, -9999, -9999, -9999, -9999, -9999, -9999, 36, -9999, -9999, -9999, -9999, -9999, 63, -9999, -9999, -9999, -9999, -9999, -9999, -9999, -9999, -9999, -9999, -9999, -9999, -9999, -9999, -9999, -9999, -9999, -9999, -9999, -9999, -9999, 43, -9999, -9999, 20, -9999, -9999, -9999, -9999, -9999, -9999, -9999, -9999, -9999, 72, -9999, -9999, 87, -9999, -9999, -9999, 32, 9, -9999, -9999, -9999, -9999, -9999, -9999, -9999, -9999, -9999, -9999, 17, -9999, -9999, -9999, 10, -9999, -9999, 19, -9999, -9999, -9999, -9999, -9999, -9999, -9999, -9999, -9999, -9999, -9999, -9999, -9999, -9999, -9999, 43, 31, -9999, 15, -9999, -9999, -9999, -9999, -9999, -9999, 1, 1, 1, 1, 1],
[-9999, -9999, -9999, -9999, -9999, -9999, -9999, 7, 89, -9999, -9999, 71, 15, 18, 12, 89, -9999, 71, 38, 78, 22, 68, 6, 27, 87, 11, -9999, -9999, -9999, -9999, 2, -9999, 60, 41, -9999, 69, 72, -9999, 20, -9999, 94, -9999, 84, -9999, 79, -9999, 34, -9999, 81, -9999, 44, -9999, 54, -9999, -9999, 29, 80, -9999, 49, -9999, 97, -9999, 6, 15, -9999, -9999, 44, 18, 11, -9999, 13, 20, 69, -9999, 2, 92, -9999, -9999, -9999, -9999, 3, -9999, -9999, 93, 81, 85, 12, 36, -9999, 62, 92, 91, 63, 80, -9999, 38, -9999, -9999, -9999, -9999, 1, 1, 1, 1, 1],
[-9999, -9999, -9999, -9999, -9999, -9999, -9999, -9999, -9999, -9999, -9999, -9999, -9999, -9999, -9999, -9999, -9999, -9999, -9999, -9999, -9999, -9999, -9999, -9999, -9999, -9999, -9999, -9999, -9999, -9999, -9999, 23, -9999, -9999, -9999, -9999, -9999, -9999, -9999, -9999, -9999, -9999, -9999, -9999, -9999, 3, -9999, -9999, -9999, -9999, -9999, -9999, -9999, -9999, -9999, -9999, -9999, -9999, 84, -9999, -9999, 82, -9999, -9999, -9999, -9999, -9999, -9999, -9999, -9999, -9999, -9999, -9999, -9999, -9999, -9999, -9999, -9999, 30, 60, -9999, -9999, -9999, -9999, 75, -9999, -9999, 27, -9999, -9999, -9999, -9999, -9999, -9999, -9999, -9999, -9999, -9999, -9999, -9999, 1, 1, 1, 1, 1],
[-9999, -9999, -9999, -9999, -9999, -9999, -9999, 9, -9999, -9999, -9999, -9999, -9999, 65, -9999, -9999, 68, -9999, -9999, -9999, -9999, -9999, -9999, -9999, -9999, 86, -9999, -9999, -9999, -9999, -9999, -9999, -9999, -9999, -9999, 2, -9999, -9999, 23, -9999, -9999, -9999, -9999, -9999, -9999, -9999, -9999, -9999, 70, -9999, -9999, 98, -9999, -9999, 92, 31, 42, 90, -9999, -9999, -9999, -9999, -9999, -9999, -9999, -9999, -9999, -9999, -9999, -9999, -9999, 10, -9999, -9999, 33, -9999, -9999, -9999, -9999, -9999, -9999, -9999, -9999, -9999, -9999, -9999, -9999, -9999, -9999, -9999, 64, -9999, -9999, 60, -9999, -9999, 64, -9999, -9999, 50, 1, 1, 1, 1, 1],
[-9999, -9999, -9999, -9999, -9999, -9999, 53, -9999, 26, 95, 50, -9999, 4, 37, 56, 36, -9999, -9999, -9999, -9999, -9999, 58, 31, 73, -9999, 8, -9999, -9999, 86, -9999, -9999, -9999, 77, 62, 9, -9999, -9999, -9999, 76, -9999, -9999, -9999, 10, 22, -9999, -9999, -9999, -9999, 40, -9999, -9999, 92, -9999, -9999, -9999, 86, 27, -9999, 4, -9999, -9999, 90, -9999, -9999, 35, 77, 36, 89, 82, -9999, -9999, 77, -9999, -9999, 70, -9999, 98, -9999, 18, -9999, 26, 43, -9999, -9999, 97, -9999, -9999, 39, -9999, 70, 50, 2, -9999, 11, -9999, -9999, 31, -9999, -9999, -9999, 1, 1, 1, 1, 1],
[-9999, -9999, -9999, -9999, -9999, 62, 42, -9999, 33, -9999, 65, -9999, 34, 26, 75, 74, 88, 7, 68, -9999, -9999, 52, 26, 43, -9999, 25, -9999, -9999, -9999, -9999, 36, 47, 65, 13, -9999, -9999, 58, -9999, -9999, -9999, -9999, -9999, 72, -9999, 68, -9999, 32, -9999, 32, 31, 52, 93, 32, 72, -9999, -9999, 56, 80, 77, -9999, 61, -9999, 12, 89, -9999, 29, -9999, 60, 28, 68, 52, 10, 92, 30, 8, 32, -9999, -9999, -9999, -9999, -9999, -9999, 70, -9999, -9999, 63, -9999, 95, -9999, 64, -9999, 52, -9999, 3, 85, -9999, 9, -9999, -9999, 78, 1, 1, 1, 1, 1],
[-9999, -9999, -9999, -9999, -9999, -9999, -9999, -9999, -9999, -9999, -9999, -9999, -9999, -9999, -9999, -9999, -9999, -9999, -9999, -9999, -9999, -9999, -9999, -9999, -9999, -9999, -9999, -9999, -9999, -9999, -9999, 23, -9999, -9999, -9999, -9999, -9999, -9999, -9999, -9999, -9999, -9999, 29, -9999, -9999, 50, -9999, -9999, -9999, -9999, -9999, -9999, -9999, -9999, -9999, -9999, -9999, -9999, 63, -9999, -9999, 19, -9999, -9999, -9999, -9999, -9999, -9999, -9999, -9999, -9999, -9999, -9999, -9999, -9999, -9999, -9999, -9999, -9999, 71, -9999, -9999, -9999, -9999, 66, -9999, -9999, -9999, -9999, -9999, -9999, -9999, -9999, -9999, -9999, -9999, -9999, -9999, -9999, -9999, 1, 1, 1, 1, 1],
[-9999, -9999, -9999, -9999, -9999, -9999, -9999, -9999, -9999, -9999, -9999, -9999, -9999, 83, -9999, -9999, 11, -9999, -9999, -9999, -9999, -9999, -9999, -9999, -9999, 67, -9999, -9999, -9999, -9999, -9999, -9999, -9999, -9999, -9999, -9999, -9999, -9999, 15, -9999, -9999, -9999, -9999, -9999, -9999, -9999, -9999, -9999, 2, -9999, -9999, 62, -9999, -9999, 83, 58, 76, -9999, -9999, -9999, -9999, -9999, -9999, -9999, -9999, -9999, -9999, 13, -9999, -9999, -9999, 39, 97, -9999, 67, -9999, -9999, -9999, 30, -9999, -9999, -9999, -9999, -9999, -9999, -9999, -9999, -9999, -9999, -9999, 27, -9999, -9999, -9999, -9999, -9999, 52, 75, -9999, -9999, 1, 1, 1, 1, 1],
[-9999, -9999, -9999, -9999, -9999, -9999, -9999, -9999, -9999, -9999, -9999, -9999, -9999, 70, -9999, -9999, 8, -9999, -9999, -9999, -9999, -9999, -9999, -9999, -9999, -9999, -9999, -9999, -9999, -9999, -9999, -9999, -9999, -9999, -9999, 28, -9999, -9999, -9999, -9999, -9999, -9999, -9999, -9999, -9999, -9999, -9999, -9999, 51, -9999, -9999, 99, -9999, -9999, -9999, 36, 55, -9999, -9999, -9999, -9999, -9999, -9999, -9999, -9999, 100, -9999, 81, -9999, -9999, -9999, 32, -9999, -9999, 90, -9999, -9999, -9999, 56, -9999, -9999, -9999, -9999, -9999, -9999, -9999, 6, -9999, -9999, -9999, -9999, 76, -9999, -9999, -9999, -9999, 9, -9999, -9999, 11, 1, 1, 1, 1, 1],
[-9999, -9999, -9999, -9999, -9999, -9999, -9999, 21, -9999, -9999, -9999, -9999, -9999, 2, -9999, -9999, -9999, -9999, -9999, -9999, -9999, -9999, -9999, -9999, -9999, 13, -9999, -9999, -9999, -9999, -9999, -9999, -9999, -9999, -9999, -9999, -9999, -9999, 31, -9999, -9999, -9999, -9999, -9999, -9999, -9999, -9999, -9999, 81, -9999, -9999, 92, -9999, -9999, -9999, 64, 71, -9999, -9999, -9999, -9999, -9999, -9999, -9999, -9999, 96, -9999, 4, -9999, -9999, -9999, 47, -9999, -9999, -9999, -9999, -9999, -9999, 25, -9999, -9999, -9999, -9999, -9999, -9999, -9999, -9999, -9999, -9999, -9999, -9999, 96, -9999, -9999, -9999, -9999, 66, -9999, -9999, 35, 1, 1, 1, 1, 1],
[-9999, -9999, -9999, -9999, -9999, -9999, -9999, -9999, -9999, -9999, -9999, -9999, -9999, -9999, -9999, -9999, -9999, -9999, -9999, -9999, -9999, -9999, -9999, -9999, -9999, -9999, -9999, -9999, -9999, -9999, -9999, 41, -9999, -9999, -9999, -9999, -9999, -9999, -9999, -9999, -9999, -9999, -9999, -9999, -9999, -9999, -9999, -9999, -9999, -9999, -9999, -9999, -9999, -9999, -9999, -9999, -9999, -9999, 88, -9999, -9999, 15, -9999, -9999, -9999, -9999, -9999, -9999, -9999, -9999, -9999, -9999, -9999, -9999, -9999, -9999, -9999, -9999, 54, 13, -9999, -9999, -9999, -9999, -9999, -9999, -9999, 19, -9999, -9999, -9999, -9999, -9999, -9999, -9999, -9999, -9999, -9999, -9999, -9999, 1, 1, 1, 1, 1],
[-9999, -9999, -9999, -9999, -9999, -9999, -9999, 73, -9999, -9999, -9999, -9999, -9999, 98, -9999, -9999, 55, -9999, -9999, -9999, -9999, -9999, -9999, -9999, -9999, 66, -9999, -9999, -9999, -9999, -9999, -9999, -9999, -9999, -9999, -9999, -9999, -9999, 66, -9999, -9999, -9999, -9999, -9999, -9999, -9999, -9999, -9999, 72, -9999, -9999, 32, -9999, -9999, -9999, 76, 22, 68, -9999, -9999, -9999, -9999, -9999, -9999, -9999, 77, -9999, -9999, -9999, -9999, -9999, 93, 93, -9999, -9999, -9999, -9999, -9999, -9999, -9999, -9999, -9999, -9999, -9999, -9999, -9999, -9999, -9999, -9999, -9999, -9999, -9999, -9999, 95, -9999, -9999, 60, 82, 29, 44, 1, 1, 1, 1, 1],
[-9999, -9999, -9999, -9999, -9999, -9999, -9999, -9999, -9999, -9999, -9999, -9999, -9999, -9999, -9999, -9999, -9999, -9999, -9999, -9999, -9999, -9999, -9999, -9999, -9999, -9999, -9999, -9999, -9999, -9999, -9999, 13, -9999, -9999, -9999, -9999, -9999, -9999, -9999, -9999, -9999, -9999, -9999, -9999, -9999, 52, -9999, -9999, -9999, -9999, -9999, -9999, -9999, -9999, -9999, -9999, -9999, -9999, 69, -9999, -9999, 14, -9999, -9999, -9999, -9999, -9999, -9999, -9999, -9999, -9999, -9999, -9999, -9999, -9999, -9999, -9999, -9999, 62, 72, -9999, -9999, -9999, -9999, -9999, -9999, -9999, 40, -9999, -9999, -9999, -9999, -9999, -9999, -9999, -9999, -9999, -9999, -9999, -9999, 1, 1, 1, 1, 1],
[-9999, -9999, -9999, -9999, -9999, 72, 9, 14, 73, -9999, -9999, -9999, 61, 28, 82, 65, 33, -9999, -9999, -9999, -9999, 66, 95, 86, -9999, -9999, -9999, -9999, 95, 24, -9999, -9999, 58, 94, -9999, 75, 2, -9999, -9999, -9999, -9999, -9999, -9999, -9999, -9999, 88, -9999, -9999, 1, -9999, -9999, 35, -9999, -9999, -9999, 2, 14, 30, 83, -9999, -9999, -9999, -9999, -9999, -9999, 23, 18, -9999, 92, -9999, -9999, 88, 78, 17, 33, -9999, 66, -9999, 21, 4, 32, 71, -9999, -9999, 58, 63, -9999, 55, -9999, -9999, -9999, 83, -9999, 94, -9999, -9999, 32, -9999, -9999, 13, 1, 1, 1, 1, 1],
[-9999, -9999, -9999, -9999, -9999, 55, 9, 77, 33, -9999, -9999, 72, -9999, 63, 74, 23, 3, -9999, -9999, -9999, -9999, 71, 57, 83, -9999, 29, -9999, 28, 52, -9999, -9999, -9999, 100, 73, 39, 14, -9999, -9999, 43, -9999, -9999, 28, 38, -9999, 14, 95, 34, 70, 64, -9999, -9999, 67, -9999, -9999, 88, 53, 97, 51, 91, -9999, -9999, 93, -9999, -9999, 6, 39, -9999, -9999, 34, -9999, -9999, 100, -9999, -9999, 79, -9999, -9999, -9999, 53, 68, 96, 2, -9999, -9999, 21, 48, 96, 74, 51, 29, -9999, -9999, -9999, 6, -9999, -9999, -9999, -9999, -9999, 21, 1, 1, 1, 1, 1],
[-9999, -9999, -9999, -9999, -9999, -9999, -9999, 2, -9999, -9999, -9999, -9999, -9999, 59, -9999, -9999, -9999, 68, -9999, -9999, -9999, -9999, -9999, -9999, -9999, -9999, -9999, -9999, -9999, -9999, -9999, -9999, -9999, -9999, -9999, 51, -9999, -9999, -9999, -9999, 17, -9999, -9999, -9999, -9999, -9999, -9999, -9999, 44, -9999, -9999, -9999, 70, 87, 8, 63, 21, 84, -9999, -9999, -9999, -9999, 87, -9999, -9999, 58, -9999, 51, -9999, -9999, -9999, 58, 6, -9999, 67, -9999, -9999, -9999, -9999, -9999, -9999, -9999, -9999, -9999, -9999, -9999, 4, -9999, -9999, -9999, -9999, 30, -9999, 100, 45, -9999, -9999, -9999, -9999, 93, 1, 1, 1, 1, 1],
[-9999, -9999, -9999, -9999, -9999, 71, -9999, 17, 21, -9999, 68, -9999, -9999, 44, 82, 66, 51, -9999, -9999, -9999, -9999, 4, 93, 96, 33, -9999, -9999, -9999, 12, -9999, -9999, -9999, 72, 17, 49, -9999, -9999, -9999, 51, 36, -9999, -9999, 76, 28, 53, -9999, 6, 38, 20, -9999, 74, 97, -9999, -9999, -9999, 98, 27, -9999, 45, -9999, -9999, 30, -9999, -9999, -9999, 20, 70, -9999, 21, -9999, -9999, 59, 81, 39, 76, -9999, -9999, -9999, -9999, 23, 73, 72, 69, -9999, 14, 69, -9999, 59, -9999, -9999, 21, 42, -9999, 78, -9999, -9999, 72, -9999, -9999, 97, 1, 1, 1, 1, 1],
[-9999, -9999, -9999, -9999, -9999, -9999, -9999, 43, -9999, -9999, -9999, -9999, -9999, 40, -9999, -9999, -9999, -9999, -9999, -9999, -9999, -9999, -9999, -9999, -9999, 91, -9999, -9999, -9999, -9999, -9999, -9999, -9999, -9999, -9999, 64, -9999, -9999, 44, -9999, 77, -9999, -9999, -9999, -9999, -9999, -9999, -9999, 73, -9999, -9999, 47, -9999, -9999, -9999, 98, 66, 81, -9999, -9999, -9999, -9999, 69, -9999, -9999, 42, -9999, -9999, -9999, -9999, -9999, 71, -9999, -9999, 63, -9999, -9999, -9999, 97, -9999, -9999, -9999, -9999, -9999, -9999, -9999, -9999, -9999, -9999, -9999, -9999, -9999, -9999, 89, -9999, -9999, 85, -9999, -9999, -9999, 1, 1, 1, 1, 1],
[-9999, -9999, -9999, -9999, -9999, -9999, -9999, -9999, -9999, -9999, -9999, -9999, -9999, 19, -9999, -9999, -9999, -9999, -9999, -9999, -9999, -9999, -9999, -9999, -9999, -9999, -9999, -9999, -9999, -9999, -9999, -9999, -9999, -9999, -9999, 95, -9999, -9999, 9, -9999, -9999, -9999, -9999, -9999, -9999, -9999, -9999, -9999, 59, -9999, -9999, 73, -9999, -9999, -9999, 71, 79, 19, -9999, -9999, -9999, -9999, -9999, -9999, -9999, 2, -9999, 70, -9999, -9999, -9999, 14, 36, -9999, 35, -9999, -9999, -9999, 99, -9999, -9999, -9999, -9999, -9999, -9999, -9999, -9999, -9999, -9999, -9999, 68, 75, -9999, -9999, -9999, -9999, 44, -9999, -9999, -9999, 1, 1, 1, 1, 1],
[-9999, -9999, -9999, -9999, -9999, -9999, -9999, -9999, -9999, -9999, -9999, -9999, -9999, -9999, -9999, -9999, -9999, -9999, -9999, -9999, -9999, -9999, -9999, -9999, -9999, -9999, -9999, -9999, -9999, -9999, -9999, -9999, -9999, -9999, -9999, -9999, -9999, -9999, -9999, -9999, -9999, -9999, -9999, -9999, -9999, -9999, -9999, -9999, -9999, -9999, -9999, -9999, -9999, -9999, -9999, -9999, -9999, -9999, -9999, -9999, -9999, -9999, -9999, -9999, -9999, -9999, -9999, -9999, -9999, -9999, -9999, -9999, -9999, -9999, -9999, -9999, -9999, -9999, -9999, -9999, -9999, -9999, -9999, -9999, -9999, -9999, -9999, -9999, -9999, -9999, -9999, -9999, -9999, -9999, -9999, -9999, -9999, -9999, -9999, -9999, -9999, -9999, -9999, -9999, -9999],
[-9999, -9999, -9999, -9999, -9999, -9999, -9999, -9999, -9999, -9999, -9999, -9999, -9999, -9999, -9999, -9999, -9999, -9999, -9999, -9999, -9999, -9999, -9999, -9999, -9999, -9999, -9999, -9999, -9999, -9999, -9999, -9999, -9999, -9999, -9999, -9999, -9999, -9999, -9999, -9999, -9999, -9999, -9999, -9999, -9999, -9999, -9999, -9999, -9999, -9999, -9999, -9999, -9999, -9999, -9999, -9999, -9999, -9999, -9999, -9999, -9999, -9999, -9999, -9999, -9999, -9999, -9999, -9999, -9999, -9999, -9999, -9999, -9999, -9999, -9999, -9999, -9999, -9999, -9999, -9999, -9999, -9999, -9999, -9999, -9999, -9999, -9999, -9999, -9999, -9999, -9999, -9999, -9999, -9999, -9999, -9999, -9999, -9999, -9999, -9999, -9999, -9999, -9999, -9999, -9999],
[-9999, -9999, -9999, -9999, -9999, -9999, -9999, -9999, -9999, -9999, -9999, -9999, -9999, -9999, -9999, -9999, -9999, -9999, -9999, -9999, -9999, -9999, -9999, -9999, -9999, -9999, -9999, -9999, -9999, -9999, -9999, -9999, -9999, -9999, -9999, -9999, -9999, -9999, -9999, -9999, -9999, -9999, -9999, -9999, -9999, -9999, -9999, -9999, -9999, -9999, -9999, -9999, -9999, -9999, -9999, -9999, -9999, -9999, -9999, -9999, -9999, -9999, -9999, -9999, -9999, -9999, -9999, -9999, -9999, -9999, -9999, -9999, -9999, -9999, -9999, -9999, -9999, -9999, -9999, -9999, -9999, -9999, -9999, -9999, -9999, -9999, -9999, -9999, -9999, -9999, -9999, -9999, -9999, -9999, -9999, -9999, -9999, -9999, -9999, -9999, -9999, -9999, -9999, -9999, -9999],
[-9999, -9999, -9999, -9999, -9999, -9999, -9999, -9999, -9999, -9999, -9999, -9999, -9999, -9999, -9999, -9999, -9999, -9999, -9999, -9999, -9999, -9999, -9999, -9999, -9999, -9999, -9999, -9999, -9999, -9999, -9999, -9999, -9999, -9999, -9999, -9999, -9999, -9999, -9999, -9999, -9999, -9999, -9999, -9999, -9999, -9999, -9999, -9999, -9999, -9999, -9999, -9999, -9999, -9999, -9999, -9999, -9999, -9999, -9999, -9999, -9999, -9999, -9999, -9999, -9999, -9999, -9999, -9999, -9999, -9999, -9999, -9999, -9999, -9999, -9999, -9999, -9999, -9999, -9999, -9999, -9999, -9999, -9999, -9999, -9999, -9999, -9999, -9999, -9999, -9999, -9999, -9999, -9999, -9999, -9999, -9999, -9999, -9999, -9999, -9999, -9999, -9999, -9999, -9999, -9999],
[-9999, -9999, -9999, -9999, -9999, -9999, -9999, -9999, -9999, -9999, -9999, -9999, -9999, -9999, -9999, -9999, -9999, -9999, -9999, -9999, -9999, -9999, -9999, -9999, -9999, -9999, -9999, -9999, -9999, -9999, -9999, -9999, -9999, -9999, -9999, -9999, -9999, -9999, -9999, -9999, -9999, -9999, -9999, -9999, -9999, -9999, -9999, -9999, -9999, -9999, -9999, -9999, -9999, -9999, -9999, -9999, -9999, -9999, -9999, -9999, -9999, -9999, -9999, -9999, -9999, -9999, -9999, -9999, -9999, -9999, -9999, -9999, -9999, -9999, -9999, -9999, -9999, -9999, -9999, -9999, -9999, -9999, -9999, -9999, -9999, -9999, -9999, -9999, -9999, -9999, -9999, -9999, -9999, -9999, -9999, -9999, -9999, -9999, -9999, -9999, -9999, -9999, -9999, -9999, -9999]
];
