NbNodes = 105;
NbNDDs = 5;
NbPairs = 95;
NbTerminals = 5;
K = 0;
L = 97;
Wt = [
[-9999, -9999, -9999, -9999, -9999, -9999, -9999, -9999, -9999, -9999, -9999, 33, -9999, -9999, 50, -9999, -9999, -9999, -9999, -9999, -9999, -9999, -9999, -9999, -9999, -9999, -9999, -9999, -9999, 57, -9999, 42, -9999, -9999, 42, 43, -9999, -9999, -9999, -9999, -9999, -9999, 86, -9999, -9999, -9999, -9999, -9999, 81, -9999, -9999, -9999, -9999, -9999, -9999, -9999, -9999, -9999, -9999, -9999, -9999, -9999, -9999, -9999, -9999, -9999, -9999, 31, -9999, -9999, -9999, -9999, -9999, -9999, -9999, -9999, 57, -9999, -9999, 68, 73, -9999, -9999, -9999, -9999, -9999, 30, -9999, -9999, -9999, -9999, -9999, 83, -9999, -9999, -9999, -9999, -9999, -9999, -9999, 1, 1, 1, 1, 1],
[-9999, -9999, -9999, -9999, -9999, 59, -9999, -9999, 85, -9999, 2, 81, 72, -9999, -9999, -9999, -9999, -9999, -9999, 24, 88, -9999, 55, -9999, -9999, -9999, 54, -9999, -9999, 69, -9999, -9999, -9999, -9999, 63, -9999, -9999, -9999, 74, -9999, -9999, -9999, -9999, -9999, -9999, 74, 7, -9999, 7, -9999, 74, 19, 84, 49, 42, -9999, 69, 77, 75, -9999, 71, -9999, 73, -9999, -9999, -9999, -9999, 47, -9999, -9999, 11, -9999, -9999, 94, -9999, 32, 81, -9999, -9999, -9999, 10, 84, 98, 29, -9999, 18, 87, 84, -9999, 27, 48, -9999, 2, -9999, -9999, -9999, 36, 52, -9999, 65, 1, 1, 1, 1, 1],
[-9999, -9999, -9999, -9999, -9999, 71, -9999, -9999, 83, -9999, 12, 32, -9999, 62, 32, -9999, -9999, 44, 42, -9999, 23, 82, 5, -9999, 28, 31, 30, -9999, -9999, 73, -9999, 75, 61, 66, 83, 51, 54, 77, -9999, -9999, -9999, 48, -9999, 40, 58, 36, 4, -9999, -9999, -9999, -9999, 92, 56, 52, -9999, 50, -9999, 70, -9999, -9999, -9999, 13, 99, 90, -9999, -9999, -9999, 18, -9999, 89, -9999, -9999, 38, 85, 31, -9999, 56, -9999, 47, 53, 58, 42, 54, 2, -9999, 57, 83, 75, 35, 5, 53, -9999, -9999, 71, 50, -9999, 95, -9999, 23, 96, 1, 1, 1, 1, 1],
[-9999, -9999, -9999, -9999, -9999, 1, -9999, -9999, -9999, -9999, -9999, 91, -9999, 32, 99, -9999, -9999, -9999, 38, -9999, -9999, -9999, -9999, -9999, -9999, -9999, -9999, -9999, -9999, 27, -9999, -9999, -9999, -9999, -9999, 39, -9999, 44, -9999, -9999, -9999, 49, 56, -9999, -9999, -9999, -9999, -9999, -9999, -9999, -9999, -9999, 57, -9999, -9999, -9999, -9999, -9999, -9999, 2, -9999, -9999, -9999, -9999, -9999, 28, -9999, -9999, -9999, -9999, 48, -9999, -9999, -9999, 87, -9999, 37, -9999, -9999, -9999, 91, -9999, -9999, -9999, -9999, -9999, 46, -9999, -9999, -9999, -9999, -9999, -9999, -9999, 13, -9999, -9999, -9999, -9999, -9999, 1, 1, 1, 1, 1],
[-9999, -9999, -9999, -9999, -9999, 47, -9999, -9999, 87, -9999, 77, 46, -9999, -9999, 29, -9999, -9999, 100, -9999, -9999, 1, -9999, 28, -9999, 73, 54, 25, 75, 38, 76, 94, 82, 81, -9999, 87, -9999, 58, -9999, 30, -9999, -9999, -9999, 95, -9999, 75, 12, -9999, -9999, -9999, -9999, -9999, 100, 58, 8, -9999, -9999, 35, 48, -9999, -9999, 79, -9999, 47, -9999, -9999, -9999, 75, -9999, -9999, -9999, -9999, -9999, -9999, -9999, -9999, 89, -9999, -9999, -9999, -9999, 54, -9999, 55, -9999, -9999, 52, -9999, 83, 23, 76, -9999, -9999, 45, -9999, -9999, -9999, 21, -9999, 30, 79, 1, 1, 1, 1, 1],
[-9999, -9999, -9999, -9999, -9999, -9999, -9999, -9999, -9999, -9999, -9999, 4, -9999, -9999, -9999, -9999, -9999, -9999, -9999, -9999, -9999, -9999, -9999, -9999, -9999, -9999, -9999, -9999, -9999, 83, -9999, 52, -9999, -9999, 52, 61, -9999, -9999, -9999, -9999, -9999, -9999, 57, -9999, -9999, -9999, -9999, -9999, -9999, -9999, -9999, -9999, -9999, -9999, -9999, -9999, -9999, -9999, -9999, 67, 20, -9999, -9999, -9999, -9999, -9999, -9999, 62, -9999, -9999, 26, -9999, -9999, -9999, -9999, -9999, -9999, 2, -9999, 30, -9999, -9999, -9999, -9999, 64, -9999, -9999, -9999, -9999, -9999, -9999, -9999, 11, -9999, -9999, -9999, -9999, -9999, 77, -9999, 1, 1, 1, 1, 1],
[-9999, -9999, -9999, -9999, -9999, -9999, -9999, -9999, -9999, -9999, -9999, 65, -9999, -9999, 30, -9999, -9999, -9999, -9999, -9999, -9999, -9999, -9999, -9999, -9999, -9999, -9999, -9999, -9999, 52, -9999, 7, -9999, -9999, -9999, -9999, -9999, -9999, -9999, -9999, -9999, -9999, 93, -9999, -9999, -9999, -9999, -9999, -9999, -9999, -9999, -9999, 39, -9999, 19, -9999, -9999, -9999, -9999, 31, 29, -9999, -9999, -9999, -9999, -9999, -9999, -9999, -9999, -9999, 82, -9999, -9999, -9999, -9999, -9999, -9999, -9999, -9999, -9999, 52, -9999, -9999, -9999, 45, -9999, 63, -9999, -9999, -9999, -9999, -9999, 53, -9999, -9999, -9999, -9999, -9999, 11, -9999, 1, 1, 1, 1, 1],
[-9999, -9999, -9999, -9999, -9999, -9999, -9999, -9999, -9999, -9999, -9999, 33, -9999, -9999, 76, -9999, -9999, -9999, -9999, -9999, -9999, -9999, -9999, -9999, -9999, -9999, -9999, -9999, -9999, 46, -9999, -9999, -9999, -9999, 100, 62, -9999, -9999, -9999, -9999, -9999, -9999, -9999, -9999, -9999, -9999, -9999, -9999, -9999, -9999, -9999, -9999, 19, -9999, -9999, -9999, -9999, -9999, -9999, -9999, 44, -9999, -9999, -9999, -9999, -9999, -9999, 72, -9999, -9999, -9999, -9999, -9999, -9999, -9999, -9999, 15, -9999, -9999, 73, 40, -9999, -9999, -9999, 23, -9999, -9999, -9999, -9999, -9999, -9999, -9999, -9999, -9999, -9999, -9999, -9999, -9999, -9999, -9999, 1, 1, 1, 1, 1],
[-9999, -9999, -9999, -9999, -9999, 39, -9999, -9999, -9999, -9999, -9999, 90, -9999, -9999, -9999, -9999, -9999, -9999, -9999, -9999, -9999, -9999, -9999, -9999, -9999, -9999, -9999, -9999, -9999, 49, -9999, 32, -9999, -9999, 47, 53, -9999, 63, -9999, -9999, -9999, 85, -9999, -9999, -9999, -9999, -9999, -9999, -9999, -9999, -9999, -9999, 50, -9999, -9999, -9999, -9999, -9999, -9999, 67, -9999, -9999, -9999, -9999, -9999, -9999, -9999, 6, -9999, -9999, -9999, -9999, -9999, -9999, 60, -9999, 15, -9999, -9999, -9999, -9999, -9999, -9999, -9999, -9999, -9999, -9999, -9999, -9999, -9999, -9999, -9999, -9999, -9999, 96, -9999, -9999, -9999, 65, -9999, 1, 1, 1, 1, 1],
[-9999, -9999, -9999, -9999, -9999, 10, -9999, -9999, -9999, -9999, -9999, 13, -9999, -9999, -9999, -9999, -9999, -9999, -9999, -9999, -9999, -9999, -9999, -9999, -9999, -9999, -9999, -9999, -9999, 40, -9999, -9999, -9999, -9999, -9999, -9999, -9999, 33, -9999, -9999, -9999, 58, 82, -9999, -9999, -9999, -9999, -9999, 41, -9999, -9999, -9999, -9999, -9999, 12, -9999, -9999, -9999, -9999, -9999, -9999, -9999, -9999, -9999, -9999, -9999, -9999, 40, -9999, -9999, -9999, -9999, -9999, -9999, 64, -9999, -9999, 72, -9999, 97, 58, -9999, -9999, -9999, -9999, -9999, 91, -9999, -9999, -9999, -9999, -9999, 21, -9999, 5, -9999, -9999, -9999, 75, -9999, 1, 1, 1, 1, 1],
[-9999, -9999, -9999, -9999, -9999, -9999, -9999, -9999, -9999, -9999, -9999, 97, -9999, -9999, -9999, -9999, -9999, -9999, -9999, -9999, -9999, -9999, -9999, -9999, -9999, -9999, -9999, -9999, -9999, 61, -9999, 36, -9999, -9999, 47, 28, -9999, -9999, -9999, -9999, -9999, -9999, 81, -9999, -9999, -9999, -9999, -9999, -9999, -9999, -9999, -9999, -9999, -9999, 53, -9999, -9999, -9999, -9999, -9999, -9999, -9999, -9999, -9999, -9999, -9999, -9999, 78, -9999, -9999, -9999, -9999, -9999, -9999, -9999, -9999, -9999, -9999, -9999, -9999, 80, -9999, -9999, -9999, -9999, -9999, -9999, -9999, -9999, -9999, -9999, -9999, -9999, -9999, -9999, -9999, -9999, -9999, 3, -9999, 1, 1, 1, 1, 1],
[-9999, -9999, -9999, -9999, -9999, -9999, -9999, -9999, -9999, -9999, 75, -9999, -9999, -9999, -9999, -9999, -9999, -9999, -9999, -9999, -9999, -9999, -9999, -9999, -9999, -9999, -9999, -9999, -9999, 67, 54, -9999, -9999, -9999, -9999, 87, -9999, -9999, 35, -9999, -9999, -9999, -9999, -9999, -9999, -9999, -9999, -9999, -9999, -9999, -9999, -9999, -9999, -9999, -9999, -9999, -9999, -9999, -9999, -9999, -9999, -9999, -9999, -9999, -9999, -9999, -9999, -9999, -9999, -9999, -9999, -9999, -9999, -9999, -9999, -9999, -9999, -9999, -9999, -9999, -9999, -9999, -9999, -9999, -9999, -9999, -9999, -9999, 42, -9999, 88, -9999, -9999, -9999, -9999, -9999, 93, -9999, -9999, -9999, 1, 1, 1, 1, 1],
[-9999, -9999, -9999, -9999, -9999, -9999, -9999, -9999, -9999, -9999, -9999, 96, -9999, 11, 62, -9999, -9999, -9999, -9999, -9999, -9999, -9999, -9999, -9999, -9999, -9999, -9999, -9999, -9999, 80, -9999, 93, -9999, -9999, 46, -9999, -9999, -9999, -9999, -9999, -9999, -9999, -9999, -9999, -9999, -9999, -9999, -9999, -9999, -9999, -9999, -9999, 75, -9999, -9999, -9999, -9999, -9999, -9999, 33, 91, -9999, -9999, -9999, -9999, -9999, -9999, -9999, -9999, -9999, 27, -9999, -9999, -9999, -9999, -9999, 14, -9999, -9999, 15, 75, -9999, -9999, -9999, -9999, -9999, 7, -9999, -9999, -9999, -9999, -9999, 88, -9999, -9999, -9999, -9999, -9999, -9999, -9999, 1, 1, 1, 1, 1],
[-9999, -9999, -9999, -9999, -9999, -9999, -9999, -9999, 2, 91, -9999, 87, -9999, -9999, -9999, -9999, -9999, 59, 61, -9999, -9999, 57, 41, 43, 86, 93, 16, -9999, -9999, 99, 73, -9999, 63, -9999, 34, 2, -9999, 19, -9999, -9999, -9999, 59, -9999, -9999, -9999, 48, 34, -9999, 83, -9999, 74, 37, -9999, -9999, 70, -9999, 64, -9999, 29, -9999, -9999, -9999, 23, -9999, 64, -9999, 89, 34, -9999, -9999, 16, -9999, 28, 92, 42, -9999, 28, -9999, 53, -9999, 54, 26, 12, -9999, -9999, -9999, 41, 31, 27, 37, -9999, -9999, 35, 62, 25, -9999, 28, 41, 50, -9999, 1, 1, 1, 1, 1],
[-9999, -9999, -9999, -9999, -9999, -9999, -9999, -9999, -9999, -9999, -9999, -9999, -9999, -9999, -9999, -9999, 3, -9999, -9999, -9999, -9999, -9999, -9999, -9999, -9999, -9999, -9999, -9999, -9999, 81, 71, -9999, -9999, 79, -9999, 66, -9999, -9999, 98, -9999, -9999, -9999, -9999, -9999, 38, -9999, -9999, -9999, -9999, -9999, -9999, -9999, -9999, -9999, -9999, -9999, -9999, -9999, -9999, -9999, -9999, -9999, -9999, -9999, -9999, -9999, -9999, -9999, -9999, -9999, -9999, -9999, -9999, -9999, -9999, -9999, -9999, -9999, -9999, -9999, 32, -9999, -9999, -9999, -9999, -9999, -9999, -9999, 54, -9999, 17, -9999, -9999, -9999, -9999, -9999, -9999, -9999, -9999, -9999, 1, 1, 1, 1, 1],
[-9999, -9999, -9999, -9999, -9999, 23, -9999, -9999, -9999, -9999, -9999, 6, 11, -9999, 53, -9999, 73, 30, -9999, -9999, 32, -9999, 40, -9999, -9999, 39, 17, -9999, 71, 48, 39, -9999, -9999, 85, 53, 80, 31, -9999, 20, -9999, -9999, -9999, 13, -9999, 70, 99, 95, -9999, 77, -9999, 45, 91, 54, 87, 22, -9999, 88, -9999, 98, 29, 7, -9999, 72, -9999, -9999, -9999, -9999, 51, -9999, -9999, 6, -9999, -9999, -9999, -9999, 6, 32, -9999, 33, -9999, 33, -9999, 14, 94, 18, 46, 4, 71, -9999, 46, 69, -9999, -9999, -9999, -9999, -9999, 4, -9999, -9999, 84, 1, 1, 1, 1, 1],
[-9999, -9999, -9999, -9999, -9999, -9999, -9999, -9999, -9999, -9999, 62, -9999, -9999, -9999, -9999, -9999, -9999, -9999, -9999, -9999, -9999, -9999, -9999, -9999, -9999, -9999, -9999, -9999, -9999, 41, 58, -9999, -9999, -9999, -9999, -9999, -9999, -9999, -9999, -9999, -9999, -9999, -9999, -9999, -9999, -9999, -9999, -9999, -9999, -9999, -9999, -9999, -9999, -9999, -9999, -9999, -9999, -9999, -9999, -9999, -9999, -9999, -9999, -9999, -9999, -9999, -9999, -9999, -9999, -9999, -9999, -9999, -9999, -9999, -9999, -9999, -9999, -9999, -9999, -9999, 44, -9999, -9999, -9999, -9999, -9999, -9999, -9999, 56, -9999, 96, -9999, -9999, -9999, -9999, -9999, 32, -9999, -9999, -9999, 1, 1, 1, 1, 1],
[-9999, -9999, -9999, -9999, -9999, -9999, -9999, -9999, -9999, -9999, -9999, 41, -9999, -9999, 91, -9999, -9999, -9999, -9999, -9999, -9999, -9999, -9999, -9999, -9999, -9999, -9999, -9999, -9999, 71, -9999, -9999, -9999, -9999, 57, -9999, -9999, -9999, -9999, -9999, -9999, -9999, 32, -9999, -9999, -9999, -9999, -9999, 47, -9999, -9999, -9999, -9999, -9999, 25, -9999, -9999, -9999, -9999, 37, -9999, -9999, -9999, -9999, -9999, -9999, -9999, 82, -9999, -9999, 46, -9999, -9999, -9999, -9999, -9999, -9999, -9999, -9999, 100, 16, -9999, -9999, -9999, -9999, -9999, -9999, -9999, -9999, -9999, -9999, -9999, 79, -9999, -9999, -9999, -9999, -9999, 96, -9999, 1, 1, 1, 1, 1],
[-9999, -9999, -9999, -9999, -9999, 36, -9999, 75, -9999, -9999, -9999, 73, -9999, -9999, 61, -9999, -9999, -9999, -9999, -9999, -9999, -9999, -9999, -9999, -9999, -9999, -9999, -9999, -9999, 23, -9999, -9999, -9999, -9999, 90, 73, -9999, 55, -9999, -9999, -9999, -9999, 83, -9999, -9999, -9999, -9999, -9999, -9999, -9999, -9999, -9999, -9999, -9999, -9999, -9999, -9999, -9999, -9999, 100, -9999, -9999, -9999, -9999, -9999, -9999, -9999, 67, -9999, -9999, -9999, -9999, -9999, -9999, 9, -9999, 85, -9999, -9999, 31, -9999, -9999, -9999, -9999, 2, -9999, -9999, -9999, -9999, -9999, -9999, -9999, 23, -9999, 46, -9999, -9999, -9999, 37, -9999, 1, 1, 1, 1, 1],
[-9999, -9999, -9999, -9999, -9999, 34, -9999, -9999, -9999, -9999, -9999, 91, -9999, -9999, -9999, -9999, -9999, -9999, 87, -9999, -9999, -9999, -9999, 23, -9999, -9999, -9999, -9999, -9999, 40, -9999, 69, -9999, -9999, 9, -9999, -9999, -9999, -9999, -9999, -9999, 72, 25, -9999, -9999, -9999, -9999, -9999, 33, -9999, -9999, -9999, -9999, -9999, 83, -9999, -9999, -9999, -9999, 85, 19, -9999, -9999, -9999, -9999, -9999, -9999, -9999, -9999, -9999, -9999, -9999, -9999, -9999, 33, -9999, 3, -9999, -9999, 71, 53, -9999, -9999, -9999, 77, -9999, 68, -9999, -9999, -9999, -9999, -9999, -9999, -9999, 13, -9999, -9999, -9999, -9999, -9999, 1, 1, 1, 1, 1],
[-9999, -9999, -9999, -9999, -9999, -9999, -9999, -9999, -9999, -9999, -9999, -9999, -9999, -9999, -9999, -9999, -9999, -9999, -9999, -9999, -9999, -9999, -9999, -9999, -9999, -9999, -9999, -9999, -9999, 15, -9999, -9999, -9999, 53, -9999, 38, -9999, -9999, -9999, -9999, -9999, -9999, -9999, -9999, -9999, -9999, -9999, -9999, -9999, -9999, -9999, -9999, -9999, -9999, -9999, -9999, -9999, -9999, -9999, -9999, -9999, -9999, -9999, -9999, -9999, -9999, -9999, -9999, -9999, -9999, -9999, -9999, -9999, -9999, -9999, -9999, -9999, -9999, -9999, -9999, 65, -9999, -9999, -9999, -9999, -9999, -9999, -9999, 45, -9999, -9999, -9999, -9999, -9999, -9999, -9999, 20, -9999, -9999, -9999, 1, 1, 1, 1, 1],
[-9999, -9999, -9999, -9999, -9999, -9999, -9999, -9999, -9999, -9999, 71, -9999, -9999, -9999, -9999, -9999, -9999, -9999, -9999, -9999, -9999, -9999, -9999, -9999, -9999, -9999, -9999, -9999, -9999, 34, -9999, -9999, -9999, 57, -9999, 20, -9999, -9999, -9999, -9999, -9999, -9999, -9999, -9999, 56, -9999, -9999, -9999, -9999, -9999, -9999, -9999, -9999, -9999, -9999, -9999, -9999, -9999, -9999, -9999, -9999, -9999, -9999, -9999, -9999, -9999, -9999, -9999, -9999, -9999, -9999, -9999, -9999, -9999, 77, -9999, -9999, -9999, -9999, -9999, -9999, -9999, -9999, -9999, -9999, -9999, -9999, -9999, 92, -9999, -9999, -9999, -9999, -9999, 89, -9999, 26, -9999, -9999, -9999, 1, 1, 1, 1, 1],
[-9999, -9999, -9999, -9999, -9999, -9999, -9999, -9999, -9999, -9999, -9999, -9999, -9999, -9999, -9999, -9999, -9999, -9999, -9999, -9999, -9999, -9999, -9999, -9999, -9999, -9999, -9999, -9999, -9999, 27, -9999, -9999, -9999, -9999, -9999, 13, -9999, -9999, -9999, -9999, -9999, -9999, -9999, -9999, -9999, -9999, -9999, -9999, -9999, -9999, -9999, -9999, -9999, -9999, -9999, -9999, -9999, -9999, -9999, -9999, -9999, -9999, -9999, -9999, -9999, -9999, -9999, -9999, -9999, -9999, -9999, -9999, -9999, -9999, 28, -9999, -9999, -9999, -9999, -9999, 85, -9999, -9999, -9999, -9999, -9999, -9999, -9999, -9999, -9999, -9999, -9999, -9999, -9999, 52, -9999, -9999, -9999, -9999, -9999, 1, 1, 1, 1, 1],
[-9999, -9999, -9999, -9999, -9999, -9999, -9999, -9999, -9999, -9999, -9999, -9999, -9999, -9999, -9999, -9999, -9999, -9999, -9999, -9999, -9999, -9999, -9999, -9999, -9999, -9999, -9999, -9999, -9999, 73, -9999, -9999, -9999, -9999, -9999, -9999, -9999, -9999, -9999, -9999, -9999, -9999, 67, -9999, -9999, -9999, -9999, -9999, -9999, -9999, -9999, -9999, 21, -9999, -9999, -9999, -9999, -9999, -9999, -9999, -9999, -9999, -9999, -9999, -9999, -9999, -9999, 81, -9999, -9999, -9999, -9999, -9999, -9999, -9999, -9999, -9999, 16, -9999, -9999, 89, -9999, -9999, -9999, 97, -9999, 45, -9999, -9999, -9999, -9999, -9999, -9999, -9999, -9999, -9999, -9999, 68, 19, -9999, 1, 1, 1, 1, 1],
[-9999, -9999, -9999, -9999, -9999, -9999, -9999, -9999, -9999, -9999, 28, 75, -9999, -9999, -9999, -9999, -9999, 31, -9999, -9999, 59, -9999, 95, -9999, -9999, 23, 79, -9999, 7, 87, -9999, -9999, 90, 33, -9999, 61, -9999, -9999, -9999, -9999, -9999, -9999, 20, -9999, 47, 86, 53, -9999, -9999, -9999, -9999, 88, -9999, -9999, 17, -9999, 19, -9999, -9999, -9999, 75, 14, 44, 46, -9999, -9999, 94, 100, -9999, -9999, 27, -9999, -9999, -9999, -9999, 21, 51, -9999, 15, -9999, 53, 59, 56, -9999, 82, -9999, -9999, 97, 47, -9999, 45, -9999, -9999, -9999, -9999, -9999, 74, -9999, 65, -9999, 1, 1, 1, 1, 1],
[-9999, -9999, -9999, -9999, -9999, 23, -9999, -9999, -9999, -9999, -9999, 21, -9999, -9999, -9999, -9999, -9999, -9999, -9999, -9999, -9999, -9999, -9999, -9999, -9999, -9999, -9999, -9999, -9999, 57, -9999, 87, -9999, -9999, -9999, -9999, -9999, -9999, -9999, -9999, -9999, -9999, 67, -9999, -9999, -9999, -9999, -9999, -9999, -9999, -9999, -9999, -9999, -9999, 47, -9999, -9999, -9999, -9999, 8, 63, -9999, -9999, -9999, -9999, -9999, -9999, -9999, -9999, -9999, 57, -9999, -9999, -9999, -9999, -9999, 35, -9999, -9999, 22, 67, -9999, -9999, -9999, -9999, -9999, -9999, -9999, -9999, -9999, -9999, -9999, -9999, -9999, -9999, -9999, -9999, -9999, 98, -9999, 1, 1, 1, 1, 1],
[-9999, -9999, -9999, -9999, -9999, 42, 24, -9999, -9999, -9999, 78, 95, -9999, -9999, 10, -9999, 67, 46, -9999, -9999, 38, -9999, 36, -9999, 6, -9999, -9999, -9999, -9999, 60, 26, -9999, -9999, -9999, 16, -9999, 98, -9999, -9999, -9999, -9999, -9999, 43, -9999, 10, 96, 49, -9999, 52, -9999, -9999, 45, 41, 39, 17, -9999, 11, 66, -9999, -9999, 78, -9999, 19, 56, -9999, 55, -9999, 39, -9999, -9999, 65, -9999, -9999, 16, -9999, -9999, 74, -9999, 85, 4, -9999, -9999, 3, 39, 1, -9999, -9999, 60, 28, 81, -9999, -9999, -9999, -9999, -9999, -9999, -9999, -9999, 40, 81, 1, 1, 1, 1, 1],
[-9999, -9999, -9999, -9999, -9999, 43, -9999, -9999, 42, -9999, 99, 96, -9999, -9999, -9999, -9999, -9999, 43, -9999, -9999, -9999, 94, 28, 88, 23, 69, 71, -9999, 43, 92, -9999, 10, -9999, 35, 70, 93, -9999, 17, 45, -9999, 88, 81, -9999, 2, -9999, 98, -9999, 86, -9999, -9999, 26, 15, -9999, -9999, -9999, 8, 52, -9999, 24, 91, 57, 53, 73, -9999, 60, -9999, 31, -9999, -9999, -9999, -9999, -9999, 24, 76, 14, 39, -9999, 52, -9999, 50, 37, 87, 39, -9999, 99, 7, -9999, 77, 29, -9999, 81, -9999, 65, 11, 68, -9999, -9999, 7, 15, 97, 1, 1, 1, 1, 1],
[-9999, -9999, -9999, -9999, -9999, -9999, -9999, -9999, -9999, -9999, -9999, 89, -9999, -9999, 38, -9999, -9999, -9999, -9999, -9999, -9999, -9999, -9999, -9999, -9999, -9999, -9999, -9999, -9999, 73, -9999, -9999, -9999, -9999, 99, -9999, -9999, -9999, -9999, -9999, -9999, -9999, 46, -9999, -9999, -9999, -9999, -9999, -9999, -9999, -9999, -9999, 19, -9999, -9999, -9999, -9999, -9999, -9999, -9999, 1, -9999, -9999, -9999, -9999, -9999, -9999, 41, -9999, -9999, 23, -9999, -9999, -9999, -9999, -9999, 38, -9999, -9999, 95, -9999, -9999, -9999, -9999, 81, -9999, -9999, -9999, -9999, -9999, -9999, -9999, 19, -9999, -9999, -9999, -9999, -9999, 87, -9999, 1, 1, 1, 1, 1],
[-9999, -9999, -9999, -9999, -9999, 45, -9999, -9999, -9999, -9999, -9999, 77, -9999, -9999, -9999, -9999, -9999, -9999, -9999, -9999, -9999, -9999, -9999, -9999, -9999, -9999, -9999, -9999, -9999, -9999, -9999, 45, -9999, -9999, 92, 95, -9999, -9999, -9999, -9999, -9999, -9999, -9999, -9999, -9999, -9999, -9999, -9999, -9999, -9999, -9999, -9999, 37, -9999, 82, -9999, -9999, -9999, -9999, 85, 19, -9999, -9999, -9999, -9999, -9999, -9999, 65, -9999, -9999, -9999, -9999, -9999, -9999, -9999, -9999, 5, -9999, -9999, 56, -9999, -9999, -9999, -9999, -9999, -9999, 90, -9999, -9999, -9999, -9999, -9999, 94, -9999, -9999, -9999, -9999, -9999, -9999, -9999, 1, 1, 1, 1, 1],
[-9999, -9999, -9999, -9999, -9999, 23, -9999, -9999, 32, -9999, 4, 97, 72, -9999, 65, -9999, -9999, 44, -9999, -9999, -9999, -9999, 26, -9999, 71, -9999, 89, 78, 64, 29, -9999, 33, 88, 54, 2, -9999, -9999, -9999, -9999, -9999, -9999, -9999, -9999, -9999, 96, 18, 28, -9999, -9999, -9999, -9999, 52, 63, -9999, -9999, 99, -9999, 48, 72, 14, -9999, -9999, -9999, 67, -9999, -9999, 2, -9999, -9999, -9999, -9999, -9999, -9999, 64, -9999, 80, 9, -9999, 65, 49, 3, -9999, 47, 54, 61, 75, 91, 71, 50, 39, 48, -9999, -9999, -9999, -9999, -9999, 63, -9999, -9999, 77, 1, 1, 1, 1, 1],
[-9999, -9999, -9999, -9999, -9999, 64, -9999, -9999, -9999, -9999, -9999, 66, -9999, -9999, 4, -9999, -9999, -9999, -9999, -9999, -9999, -9999, -9999, -9999, -9999, -9999, -9999, -9999, -9999, 39, -9999, -9999, -9999, -9999, 70, -9999, -9999, -9999, -9999, -9999, -9999, -9999, 61, -9999, -9999, -9999, -9999, -9999, 35, -9999, -9999, -9999, 89, -9999, 53, -9999, -9999, -9999, -9999, -9999, 89, -9999, -9999, -9999, -9999, -9999, -9999, -9999, -9999, -9999, 29, -9999, -9999, -9999, -9999, -9999, 1, -9999, -9999, 45, 84, -9999, -9999, -9999, 80, -9999, 81, -9999, -9999, -9999, -9999, -9999, 77, -9999, -9999, -9999, -9999, -9999, -9999, -9999, 1, 1, 1, 1, 1],
[-9999, -9999, -9999, -9999, -9999, 30, -9999, -9999, 41, -9999, -9999, 57, 54, -9999, 11, -9999, -9999, -9999, -9999, 7, 89, -9999, 63, -9999, 27, -9999, 35, -9999, -9999, 95, 95, -9999, -9999, -9999, 15, -9999, -9999, -9999, 95, -9999, -9999, -9999, -9999, -9999, -9999, 82, 58, -9999, 45, -9999, 9, 21, 3, 29, -9999, 3, 4, 82, -9999, -9999, 92, 47, 6, 83, -9999, -9999, -9999, -9999, -9999, -9999, 78, -9999, -9999, 80, -9999, 86, 52, -9999, 36, 67, 23, 90, 77, -9999, 75, -9999, 54, 24, 69, 6, -9999, -9999, -9999, -9999, -9999, -9999, -9999, -9999, 88, 23, 1, 1, 1, 1, 1],
[-9999, -9999, -9999, -9999, -9999, -9999, 97, -9999, -9999, -9999, 96, 11, 91, -9999, 37, -9999, 6, -9999, -9999, -9999, -9999, -9999, 60, -9999, 91, -9999, 42, -9999, 53, 7, 2, 92, 78, -9999, 39, 93, -9999, -9999, 11, -9999, -9999, -9999, -9999, -9999, 97, 57, -9999, -9999, 2, -9999, -9999, 60, 88, 48, -9999, 17, -9999, 6, -9999, 21, 31, 20, 94, 54, -9999, -9999, -9999, -9999, -9999, -9999, 81, -9999, -9999, -9999, -9999, 96, -9999, -9999, 64, -9999, -9999, -9999, 21, 27, 88, -9999, -9999, 75, 45, -9999, -9999, -9999, -9999, -9999, -9999, -9999, 68, -9999, 12, 24, 1, 1, 1, 1, 1],
[-9999, -9999, -9999, -9999, -9999, 86, 42, -9999, 74, -9999, 8, 37, 57, -9999, -9999, -9999, 90, 10, -9999, -9999, 19, -9999, 87, -9999, 79, 65, 3, -9999, -9999, 48, 90, -9999, -9999, 28, -9999, 58, 85, -9999, 10, -9999, -9999, -9999, 20, -9999, -9999, 30, 94, -9999, 27, 19, 48, -9999, 10, 60, 1, -9999, -9999, -9999, 91, 26, 5, 30, 7, 29, -9999, -9999, -9999, -9999, -9999, -9999, 84, -9999, -9999, 52, -9999, -9999, -9999, -9999, 35, 61, 36, -9999, 16, -9999, -9999, 53, 74, 79, 57, 50, -9999, -9999, -9999, -9999, -9999, -9999, 38, -9999, 20, -9999, 1, 1, 1, 1, 1],
[-9999, -9999, -9999, -9999, -9999, 93, -9999, -9999, -9999, -9999, -9999, 19, -9999, -9999, -9999, -9999, -9999, -9999, -9999, -9999, -9999, -9999, -9999, -9999, -9999, -9999, -9999, -9999, -9999, 75, -9999, 30, -9999, -9999, 97, -9999, -9999, -9999, -9999, -9999, -9999, -9999, 80, -9999, -9999, -9999, -9999, -9999, 83, -9999, -9999, -9999, 40, -9999, -9999, -9999, -9999, -9999, -9999, -9999, 100, -9999, -9999, -9999, -9999, -9999, -9999, 32, -9999, -9999, 71, -9999, -9999, -9999, -9999, -9999, 87, -9999, -9999, 29, 54, -9999, -9999, -9999, -9999, -9999, -9999, -9999, -9999, -9999, -9999, -9999, 94, -9999, -9999, -9999, -9999, -9999, 42, -9999, 1, 1, 1, 1, 1],
[-9999, -9999, -9999, -9999, -9999, -9999, -9999, -9999, -9999, -9999, -9999, -9999, -9999, -9999, -9999, -9999, -9999, -9999, -9999, -9999, -9999, -9999, -9999, -9999, -9999, -9999, -9999, -9999, -9999, 92, 45, -9999, -9999, -9999, -9999, 18, -9999, -9999, 59, -9999, -9999, -9999, -9999, -9999, -9999, -9999, -9999, -9999, -9999, -9999, -9999, -9999, -9999, -9999, -9999, -9999, -9999, -9999, -9999, -9999, -9999, -9999, -9999, -9999, -9999, -9999, -9999, -9999, -9999, -9999, -9999, -9999, -9999, -9999, -9999, -9999, -9999, -9999, -9999, -9999, 100, -9999, -9999, -9999, -9999, -9999, -9999, -9999, 91, -9999, -9999, -9999, -9999, -9999, -9999, -9999, -9999, -9999, -9999, -9999, 1, 1, 1, 1, 1],
[-9999, -9999, -9999, -9999, -9999, -9999, -9999, -9999, -9999, -9999, -9999, 40, -9999, -9999, -9999, -9999, -9999, -9999, -9999, -9999, -9999, -9999, -9999, -9999, -9999, -9999, -9999, -9999, -9999, 99, -9999, 20, -9999, -9999, 26, 18, -9999, -9999, -9999, -9999, -9999, -9999, 80, -9999, -9999, -9999, -9999, -9999, -9999, -9999, -9999, -9999, 21, -9999, -9999, -9999, -9999, -9999, -9999, -9999, -9999, -9999, -9999, -9999, -9999, -9999, -9999, -9999, -9999, -9999, 21, -9999, -9999, -9999, -9999, -9999, 33, -9999, -9999, 39, -9999, -9999, -9999, -9999, 1, -9999, -9999, -9999, -9999, -9999, -9999, -9999, -9999, -9999, -9999, -9999, -9999, -9999, -9999, -9999, 1, 1, 1, 1, 1],
[-9999, -9999, -9999, -9999, -9999, -9999, 10, -9999, -9999, -9999, -9999, 75, -9999, -9999, -9999, -9999, -9999, 84, -9999, -9999, 99, -9999, 13, -9999, 13, -9999, 60, -9999, 31, 34, 14, -9999, 65, -9999, 77, 52, -9999, -9999, -9999, -9999, -9999, -9999, -9999, -9999, -9999, 27, 27, -9999, -9999, -9999, 63, 49, 54, 79, 84, -9999, 90, 26, 77, 76, 22, 93, 34, 12, -9999, -9999, 66, 4, -9999, -9999, -9999, 8, -9999, -9999, -9999, 27, 98, -9999, 57, -9999, 49, -9999, 78, 43, 30, 62, 84, 94, 25, 78, -9999, -9999, -9999, -9999, -9999, -9999, 4, -9999, 61, -9999, 1, 1, 1, 1, 1],
[-9999, -9999, -9999, -9999, -9999, 61, 70, -9999, 52, -9999, -9999, 5, 91, -9999, 20, -9999, 51, 83, -9999, -9999, -9999, -9999, 5, -9999, -9999, 57, 76, -9999, -9999, 54, 21, 10, 54, 74, 3, -9999, 92, -9999, 87, -9999, -9999, -9999, 77, -9999, -9999, 18, -9999, -9999, -9999, -9999, 72, 71, -9999, 8, 2, 76, 15, 82, -9999, -9999, 16, 37, 46, -9999, -9999, -9999, 55, -9999, -9999, -9999, -9999, -9999, -9999, 98, -9999, -9999, 93, -9999, 57, 75, -9999, 63, 97, -9999, -9999, -9999, 59, 83, 89, 17, 100, -9999, -9999, -9999, -9999, -9999, 15, 57, 100, -9999, 1, 1, 1, 1, 1],
[-9999, -9999, -9999, -9999, -9999, 54, 79, -9999, 46, -9999, 42, 19, 28, 46, 10, -9999, 44, 65, -9999, 78, -9999, -9999, 50, -9999, 12, 15, 85, -9999, 100, 62, -9999, -9999, 75, 79, 51, 56, 68, -9999, 45, -9999, -9999, -9999, 57, -9999, -9999, 44, 99, -9999, -9999, -9999, -9999, 95, -9999, -9999, 21, 25, 100, 99, 42, -9999, 37, -9999, 23, 48, -9999, -9999, 76, -9999, -9999, -9999, -9999, -9999, -9999, 73, -9999, 67, 35, -9999, 47, 42, 73, -9999, 1, 38, 55, 89, -9999, 34, 50, 48, 78, -9999, 9, -9999, -9999, -9999, 75, -9999, -9999, 51, 1, 1, 1, 1, 1],
[-9999, -9999, -9999, -9999, -9999, -9999, -9999, -9999, -9999, 100, -9999, -9999, -9999, -9999, -9999, -9999, 69, -9999, -9999, -9999, -9999, -9999, -9999, -9999, -9999, -9999, -9999, -9999, -9999, 64, -9999, -9999, -9999, -9999, -9999, 58, -9999, -9999, 81, -9999, -9999, -9999, -9999, -9999, -9999, -9999, -9999, -9999, -9999, -9999, -9999, -9999, -9999, -9999, -9999, -9999, -9999, -9999, -9999, -9999, -9999, -9999, -9999, -9999, -9999, -9999, -9999, -9999, -9999, -9999, -9999, -9999, -9999, -9999, -9999, -9999, -9999, -9999, -9999, -9999, 7, -9999, -9999, -9999, -9999, -9999, -9999, -9999, 6, -9999, -9999, -9999, -9999, -9999, -9999, -9999, -9999, -9999, -9999, -9999, 1, 1, 1, 1, 1],
[-9999, -9999, -9999, -9999, -9999, 52, 12, -9999, 62, -9999, 90, 32, 1, -9999, 92, -9999, -9999, -9999, -9999, -9999, 88, -9999, 62, -9999, 70, 96, 84, -9999, 64, 5, 45, -9999, -9999, 72, 51, -9999, -9999, -9999, -9999, -9999, -9999, -9999, -9999, -9999, -9999, 46, 3, -9999, -9999, -9999, -9999, 29, 79, -9999, -9999, -9999, 94, 12, 32, 16, -9999, 92, 76, 81, -9999, -9999, -9999, -9999, -9999, -9999, 70, -9999, -9999, -9999, -9999, -9999, 18, 44, 12, -9999, 64, -9999, 29, 31, 87, -9999, 96, 9, 98, -9999, 83, -9999, 17, -9999, -9999, -9999, 54, -9999, 40, 23, 1, 1, 1, 1, 1],
[-9999, -9999, -9999, -9999, -9999, 27, -9999, -9999, 43, -9999, -9999, 60, -9999, -9999, 18, -9999, 66, 81, -9999, -9999, 4, -9999, 73, -9999, 29, 47, 39, -9999, 40, 33, 98, 22, 48, -9999, 20, 29, -9999, -9999, 14, -9999, -9999, -9999, -9999, -9999, 17, 36, 50, -9999, 75, 61, -9999, 97, -9999, 73, 23, 1, 19, 95, 5, 14, 46, -9999, 46, 53, -9999, 95, -9999, -9999, -9999, -9999, 86, -9999, -9999, -9999, -9999, 67, 45, -9999, 31, -9999, -9999, 79, 39, 12, 68, 54, 84, 13, 43, 93, 84, -9999, 38, -9999, -9999, -9999, 62, -9999, 64, 82, 1, 1, 1, 1, 1],
[-9999, -9999, -9999, -9999, -9999, -9999, -9999, -9999, -9999, -9999, -9999, -9999, -9999, -9999, -9999, -9999, 95, -9999, -9999, -9999, -9999, -9999, -9999, -9999, -9999, -9999, -9999, -9999, -9999, 19, 87, -9999, -9999, 81, -9999, 77, -9999, -9999, 36, -9999, -9999, -9999, -9999, -9999, -9999, -9999, -9999, -9999, -9999, -9999, -9999, -9999, -9999, -9999, -9999, -9999, -9999, -9999, -9999, -9999, -9999, -9999, -9999, -9999, -9999, -9999, -9999, -9999, -9999, -9999, -9999, -9999, -9999, -9999, -9999, -9999, -9999, -9999, -9999, -9999, -9999, -9999, -9999, -9999, -9999, -9999, -9999, -9999, 58, -9999, 80, -9999, -9999, -9999, -9999, -9999, -9999, -9999, -9999, -9999, 1, 1, 1, 1, 1],
[-9999, -9999, -9999, -9999, -9999, 6, 50, -9999, -9999, 31, -9999, 57, -9999, -9999, -9999, -9999, -9999, 89, 98, -9999, 22, 87, 60, 36, 42, -9999, 64, -9999, -9999, 48, 99, 3, -9999, 60, -9999, -9999, 77, -9999, -9999, -9999, 4, 43, 35, -9999, 55, -9999, 63, -9999, 74, -9999, -9999, 34, -9999, -9999, 28, -9999, 12, -9999, -9999, -9999, 73, -9999, 26, 3, 26, -9999, 86, 54, -9999, 29, 17, -9999, -9999, -9999, 30, -9999, -9999, -9999, -9999, -9999, -9999, 92, 58, -9999, -9999, 92, 90, 72, 19, 42, -9999, -9999, -9999, -9999, 69, -9999, -9999, -9999, -9999, -9999, 1, 1, 1, 1, 1],
[-9999, -9999, -9999, -9999, -9999, -9999, -9999, -9999, 94, -9999, 26, 84, 94, -9999, 96, -9999, -9999, -9999, -9999, -9999, -9999, -9999, 78, -9999, 91, -9999, 21, -9999, 20, 68, 98, 19, 53, 13, 17, 37, 73, -9999, -9999, -9999, -9999, -9999, 17, -9999, 56, 32, -9999, -9999, 7, 77, 31, 36, 59, 9, -9999, 36, 4, -9999, 64, 50, 54, 26, -9999, 50, -9999, -9999, 52, 15, -9999, -9999, 30, -9999, -9999, 13, -9999, 89, 14, 24, 41, -9999, -9999, 62, 22, 10, 42, 46, -9999, 59, 13, 23, 33, -9999, -9999, -9999, -9999, -9999, 3, -9999, -9999, 24, 1, 1, 1, 1, 1],
[-9999, -9999, -9999, -9999, -9999, 24, -9999, -9999, -9999, -9999, 64, 77, -9999, -9999, 12, -9999, 18, -9999, -9999, -9999, 95, -9999, 45, -9999, 62, 65, 94, -9999, -9999, 20, 50, -9999, -9999, 66, -9999, -9999, 84, -9999, -9999, -9999, -9999, -9999, -9999, -9999, -9999, 33, 38, -9999, 76, -9999, -9999, 52, -9999, -9999, 39, 34, -9999, 93, -9999, -9999, 68, -9999, 57, 50, -9999, -9999, -9999, 72, -9999, -9999, -9999, -9999, -9999, 63, -9999, -9999, 16, -9999, -9999, -9999, -9999, 7, 31, -9999, -9999, -9999, 23, 84, 3, 66, -9999, -9999, 19, -9999, -9999, -9999, -9999, -9999, 54, 13, 1, 1, 1, 1, 1],
[-9999, -9999, -9999, -9999, -9999, 70, -9999, -9999, -9999, -9999, -9999, 54, -9999, -9999, 4, -9999, -9999, -9999, -9999, -9999, -9999, -9999, -9999, -9999, -9999, -9999, -9999, -9999, -9999, 98, -9999, -9999, -9999, -9999, 83, -9999, -9999, -9999, -9999, -9999, -9999, -9999, 84, -9999, -9999, -9999, -9999, -9999, -9999, -9999, -9999, -9999, 57, -9999, 57, -9999, -9999, -9999, -9999, 76, 31, -9999, -9999, -9999, -9999, -9999, -9999, 53, -9999, -9999, 46, -9999, -9999, -9999, -9999, -9999, 53, -9999, -9999, -9999, 54, -9999, -9999, -9999, 27, -9999, 19, -9999, -9999, -9999, -9999, -9999, -9999, -9999, -9999, -9999, -9999, -9999, 22, -9999, 1, 1, 1, 1, 1],
[-9999, -9999, -9999, -9999, -9999, 12, -9999, -9999, -9999, -9999, -9999, 89, -9999, -9999, -9999, -9999, -9999, -9999, -9999, -9999, -9999, -9999, -9999, -9999, -9999, -9999, -9999, -9999, -9999, 77, -9999, -9999, -9999, -9999, 50, -9999, -9999, -9999, -9999, -9999, -9999, -9999, 21, -9999, -9999, -9999, -9999, -9999, 45, -9999, -9999, -9999, 25, -9999, -9999, -9999, -9999, -9999, -9999, 45, -9999, -9999, -9999, -9999, -9999, -9999, -9999, -9999, -9999, -9999, 45, -9999, -9999, -9999, -9999, -9999, 14, 35, -9999, -9999, -9999, -9999, -9999, -9999, 16, -9999, 37, -9999, -9999, -9999, -9999, -9999, -9999, -9999, -9999, -9999, -9999, -9999, 92, -9999, 1, 1, 1, 1, 1],
[-9999, -9999, -9999, -9999, -9999, -9999, 50, -9999, -9999, 95, -9999, -9999, -9999, -9999, -9999, -9999, -9999, -9999, 84, -9999, 2, -9999, 68, -9999, 2, -9999, 92, -9999, 23, 86, 48, -9999, -9999, -9999, 66, -9999, -9999, -9999, -9999, -9999, -9999, 75, 39, 72, 2, -9999, -9999, 71, -9999, -9999, -9999, 31, 57, -9999, 82, 91, 1, 100, -9999, -9999, -9999, 8, 24, -9999, 24, 99, -9999, -9999, -9999, 6, -9999, -9999, 18, 18, 97, -9999, 83, 100, -9999, -9999, -9999, 32, 86, -9999, -9999, 1, -9999, 57, 22, -9999, -9999, -9999, -9999, 49, 97, 7, -9999, -9999, 10, -9999, 1, 1, 1, 1, 1],
[-9999, -9999, -9999, -9999, -9999, 57, -9999, -9999, -9999, -9999, -9999, 32, -9999, -9999, 11, -9999, -9999, -9999, -9999, -9999, -9999, -9999, -9999, -9999, -9999, -9999, -9999, -9999, -9999, 57, -9999, 7, -9999, -9999, 10, -9999, -9999, -9999, -9999, -9999, -9999, -9999, 45, -9999, -9999, -9999, -9999, -9999, 36, -9999, -9999, -9999, 54, -9999, 70, -9999, -9999, -9999, -9999, -9999, 63, -9999, -9999, -9999, -9999, -9999, -9999, -9999, -9999, -9999, 72, -9999, -9999, -9999, -9999, -9999, 49, -9999, -9999, -9999, 84, -9999, -9999, -9999, 35, -9999, 25, -9999, -9999, -9999, -9999, -9999, 68, -9999, -9999, -9999, -9999, -9999, -9999, -9999, 1, 1, 1, 1, 1],
[-9999, -9999, -9999, -9999, -9999, -9999, -9999, -9999, -9999, -9999, -9999, 86, -9999, -9999, 24, -9999, -9999, -9999, -9999, -9999, -9999, -9999, -9999, -9999, -9999, -9999, -9999, -9999, -9999, 1, -9999, -9999, -9999, -9999, 37, 24, -9999, -9999, -9999, -9999, -9999, -9999, -9999, -9999, -9999, -9999, -9999, -9999, -9999, -9999, -9999, -9999, -9999, -9999, 11, -9999, -9999, -9999, -9999, 50, 37, -9999, -9999, -9999, -9999, -9999, -9999, -9999, -9999, -9999, 44, -9999, -9999, -9999, -9999, -9999, 68, -9999, -9999, -9999, 50, -9999, -9999, -9999, -9999, -9999, 30, -9999, -9999, -9999, -9999, -9999, 3, -9999, -9999, -9999, -9999, -9999, 92, -9999, 1, 1, 1, 1, 1],
[-9999, -9999, -9999, -9999, -9999, -9999, -9999, -9999, -9999, -9999, -9999, 53, -9999, -9999, 19, -9999, -9999, -9999, -9999, -9999, -9999, -9999, -9999, -9999, -9999, -9999, -9999, -9999, -9999, 82, -9999, 41, -9999, -9999, -9999, 6, -9999, -9999, -9999, -9999, -9999, 17, -9999, -9999, -9999, -9999, -9999, -9999, 85, -9999, -9999, -9999, 64, -9999, 94, -9999, -9999, -9999, -9999, -9999, -9999, -9999, -9999, -9999, -9999, -9999, -9999, 19, -9999, -9999, 98, -9999, -9999, -9999, 21, -9999, 18, -9999, -9999, -9999, -9999, -9999, -9999, -9999, -9999, -9999, -9999, -9999, -9999, -9999, -9999, -9999, -9999, -9999, 98, -9999, -9999, -9999, -9999, -9999, 1, 1, 1, 1, 1],
[-9999, -9999, -9999, -9999, -9999, 65, -9999, -9999, -9999, -9999, -9999, 92, -9999, -9999, 28, -9999, -9999, -9999, -9999, -9999, -9999, -9999, -9999, -9999, -9999, -9999, -9999, -9999, -9999, 43, -9999, -9999, -9999, -9999, 92, -9999, -9999, -9999, -9999, -9999, -9999, -9999, 75, -9999, -9999, -9999, -9999, -9999, -9999, -9999, -9999, -9999, 89, -9999, -9999, -9999, -9999, -9999, -9999, -9999, 62, -9999, -9999, -9999, -9999, -9999, -9999, 14, -9999, -9999, -9999, -9999, -9999, -9999, -9999, -9999, 48, -9999, -9999, 7, -9999, -9999, -9999, -9999, 32, -9999, -9999, -9999, -9999, -9999, -9999, -9999, 82, -9999, -9999, -9999, -9999, -9999, 16, -9999, 1, 1, 1, 1, 1],
[-9999, -9999, -9999, -9999, -9999, 79, -9999, -9999, -9999, -9999, -9999, 50, -9999, -9999, -9999, -9999, -9999, -9999, -9999, -9999, -9999, -9999, -9999, -9999, -9999, -9999, -9999, -9999, -9999, 26, -9999, 100, -9999, -9999, 25, -9999, -9999, -9999, -9999, -9999, -9999, -9999, -9999, -9999, -9999, -9999, -9999, -9999, -9999, -9999, -9999, -9999, -9999, -9999, 12, -9999, -9999, -9999, -9999, -9999, -9999, -9999, -9999, -9999, -9999, 39, -9999, -9999, -9999, -9999, 37, -9999, -9999, -9999, -9999, -9999, 17, -9999, -9999, 43, -9999, -9999, -9999, -9999, 80, -9999, -9999, -9999, -9999, -9999, -9999, -9999, -9999, -9999, -9999, -9999, -9999, -9999, 100, -9999, 1, 1, 1, 1, 1],
[-9999, -9999, -9999, -9999, -9999, 70, 66, -9999, -9999, -9999, 92, 7, 67, -9999, 79, -9999, -9999, 39, -9999, -9999, 69, -9999, 68, -9999, -9999, 38, 94, -9999, 24, 31, -9999, -9999, 83, 67, 82, -9999, 82, -9999, 29, -9999, -9999, -9999, -9999, -9999, 53, 80, 98, -9999, -9999, -9999, 19, 27, 95, 58, 69, -9999, -9999, -9999, -9999, -9999, -9999, -9999, 28, -9999, -9999, -9999, 80, 53, -9999, -9999, -9999, -9999, -9999, -9999, -9999, -9999, 61, -9999, -9999, 68, 32, 5, 71, 81, 13, 84, 57, 41, 31, -9999, -9999, -9999, -9999, -9999, -9999, -9999, -9999, -9999, 55, -9999, 1, 1, 1, 1, 1],
[-9999, -9999, -9999, -9999, -9999, 30, -9999, 23, -9999, -9999, -9999, 51, -9999, -9999, -9999, -9999, -9999, -9999, -9999, -9999, -9999, -9999, -9999, -9999, -9999, -9999, -9999, -9999, -9999, 77, -9999, 87, -9999, -9999, -9999, -9999, -9999, -9999, -9999, -9999, -9999, -9999, -9999, -9999, -9999, -9999, -9999, -9999, -9999, -9999, -9999, -9999, 12, -9999, 14, -9999, -9999, -9999, -9999, -9999, 50, -9999, -9999, -9999, -9999, -9999, -9999, -9999, -9999, -9999, -9999, -9999, -9999, -9999, -9999, -9999, 90, -9999, -9999, 42, -9999, -9999, -9999, -9999, 56, -9999, -9999, -9999, -9999, -9999, -9999, -9999, -9999, -9999, -9999, -9999, -9999, -9999, 59, -9999, 1, 1, 1, 1, 1],
[-9999, -9999, -9999, -9999, -9999, 63, 39, -9999, -9999, -9999, 80, 88, 68, -9999, 32, -9999, 39, 71, -9999, -9999, -9999, -9999, 2, -9999, 48, 99, 15, -9999, 77, 17, -9999, 13, 83, -9999, 16, 96, 86, -9999, 39, -9999, -9999, -9999, -9999, -9999, -9999, 39, 26, -9999, 29, -9999, 62, 78, -9999, 24, -9999, 2, 39, 75, -9999, 55, 97, -9999, 64, 5, -9999, -9999, 5, 11, -9999, -9999, 84, -9999, -9999, 22, -9999, -9999, 10, -9999, 75, -9999, -9999, 11, 23, 96, -9999, -9999, -9999, 58, 85, -9999, -9999, -9999, 3, -9999, -9999, -9999, -9999, -9999, 82, -9999, 1, 1, 1, 1, 1],
[-9999, -9999, -9999, -9999, -9999, 67, -9999, -9999, -9999, -9999, -9999, 50, -9999, -9999, 48, -9999, -9999, -9999, 93, -9999, -9999, -9999, -9999, 75, -9999, -9999, -9999, -9999, -9999, 35, -9999, -9999, -9999, -9999, 22, -9999, -9999, 16, -9999, -9999, -9999, 24, -9999, -9999, -9999, -9999, -9999, -9999, -9999, -9999, -9999, -9999, 33, -9999, -9999, -9999, -9999, -9999, -9999, -9999, -9999, -9999, -9999, -9999, -9999, -9999, -9999, 36, -9999, -9999, 1, -9999, -9999, -9999, 95, -9999, -9999, -9999, -9999, -9999, -9999, -9999, -9999, -9999, 43, -9999, -9999, -9999, -9999, -9999, -9999, -9999, -9999, -9999, 61, -9999, -9999, -9999, 38, -9999, 1, 1, 1, 1, 1],
[-9999, -9999, -9999, -9999, -9999, 15, -9999, -9999, -9999, -9999, -9999, 67, -9999, -9999, -9999, -9999, -9999, -9999, -9999, -9999, -9999, -9999, -9999, -9999, -9999, -9999, -9999, -9999, -9999, 78, -9999, -9999, -9999, -9999, -9999, 1, -9999, -9999, -9999, 37, -9999, -9999, 70, -9999, -9999, -9999, -9999, -9999, 14, -9999, -9999, -9999, 44, -9999, 48, -9999, -9999, -9999, -9999, -9999, -9999, -9999, -9999, -9999, -9999, -9999, -9999, -9999, -9999, -9999, -9999, -9999, -9999, -9999, -9999, -9999, -9999, -9999, -9999, 6, -9999, -9999, -9999, -9999, 47, -9999, -9999, -9999, -9999, -9999, -9999, -9999, -9999, -9999, -9999, -9999, -9999, -9999, -9999, -9999, 1, 1, 1, 1, 1],
[-9999, -9999, -9999, -9999, -9999, -9999, -9999, -9999, -9999, -9999, 11, -9999, -9999, -9999, -9999, -9999, 32, -9999, -9999, -9999, -9999, -9999, -9999, -9999, -9999, -9999, -9999, -9999, -9999, 23, -9999, -9999, -9999, -9999, -9999, -9999, -9999, -9999, -9999, -9999, -9999, -9999, -9999, -9999, -9999, -9999, -9999, -9999, -9999, -9999, -9999, -9999, -9999, -9999, -9999, -9999, -9999, -9999, -9999, -9999, -9999, -9999, -9999, -9999, -9999, -9999, -9999, -9999, -9999, -9999, -9999, -9999, -9999, -9999, -9999, -9999, -9999, -9999, -9999, -9999, -9999, -9999, -9999, -9999, -9999, -9999, -9999, -9999, 94, -9999, 25, -9999, -9999, -9999, -9999, -9999, 75, -9999, -9999, -9999, 1, 1, 1, 1, 1],
[-9999, -9999, -9999, -9999, -9999, -9999, -9999, -9999, 77, -9999, 43, 66, -9999, 51, -9999, -9999, 43, 2, -9999, -9999, 100, -9999, 10, -9999, 38, -9999, 92, -9999, 43, 31, 97, -9999, -9999, 1, -9999, 28, -9999, -9999, 21, -9999, -9999, -9999, -9999, -9999, -9999, 62, -9999, -9999, 1, -9999, -9999, 31, 80, -9999, -9999, -9999, 49, 85, 78, 61, 43, 35, -9999, 75, -9999, -9999, 30, -9999, -9999, -9999, -9999, -9999, -9999, -9999, -9999, 65, -9999, -9999, 76, 49, 49, -9999, 65, 14, 3, 23, 17, 98, 8, 29, 57, -9999, 33, -9999, -9999, -9999, 78, -9999, -9999, -9999, 1, 1, 1, 1, 1],
[-9999, -9999, -9999, -9999, -9999, 93, -9999, -9999, -9999, -9999, -9999, 7, -9999, -9999, -9999, -9999, -9999, -9999, -9999, -9999, -9999, -9999, -9999, -9999, -9999, -9999, -9999, -9999, -9999, 53, -9999, -9999, -9999, -9999, -9999, -9999, -9999, -9999, -9999, -9999, -9999, -9999, 90, -9999, -9999, -9999, -9999, -9999, 4, -9999, -9999, -9999, -9999, -9999, 71, -9999, -9999, -9999, -9999, -9999, 84, -9999, -9999, -9999, -9999, -9999, -9999, 13, -9999, -9999, 17, -9999, -9999, -9999, -9999, -9999, 26, 54, -9999, -9999, -9999, -9999, -9999, -9999, -9999, -9999, 93, -9999, -9999, -9999, -9999, -9999, 78, -9999, -9999, -9999, -9999, -9999, -9999, -9999, 1, 1, 1, 1, 1],
[-9999, -9999, -9999, -9999, -9999, -9999, -9999, -9999, -9999, -9999, 3, 16, 15, -9999, 71, -9999, 5, 53, -9999, -9999, 44, -9999, 68, -9999, 70, -9999, 57, -9999, 75, 42, 62, -9999, -9999, -9999, -9999, -9999, 58, -9999, 59, 76, -9999, -9999, 40, -9999, 43, 51, 58, -9999, 47, -9999, 7, 31, 68, 61, 29, -9999, 57, 32, 26, -9999, 69, 33, 26, 50, -9999, -9999, -9999, 90, -9999, -9999, 92, -9999, -9999, 82, -9999, -9999, 58, -9999, 32, 7, -9999, 31, 98, 62, -9999, 40, 85, 40, 36, 96, 97, -9999, -9999, -9999, -9999, -9999, 72, -9999, -9999, -9999, 1, 1, 1, 1, 1],
[-9999, -9999, -9999, -9999, -9999, -9999, -9999, -9999, -9999, -9999, -9999, -9999, -9999, -9999, -9999, -9999, -9999, -9999, -9999, -9999, -9999, -9999, -9999, -9999, -9999, -9999, -9999, -9999, -9999, 44, -9999, -9999, -9999, -9999, -9999, 74, -9999, -9999, -9999, -9999, -9999, -9999, -9999, -9999, -9999, -9999, -9999, -9999, -9999, -9999, -9999, -9999, -9999, -9999, -9999, -9999, -9999, -9999, -9999, -9999, -9999, -9999, -9999, -9999, -9999, -9999, -9999, -9999, -9999, -9999, -9999, -9999, -9999, -9999, 29, -9999, -9999, -9999, -9999, -9999, -9999, -9999, -9999, -9999, -9999, -9999, -9999, -9999, 76, -9999, 43, -9999, -9999, -9999, 71, -9999, -9999, -9999, -9999, -9999, 1, 1, 1, 1, 1],
[-9999, -9999, -9999, -9999, -9999, 80, -9999, 18, 62, -9999, -9999, 80, -9999, -9999, -9999, -9999, 93, 77, -9999, 56, 75, -9999, 8, -9999, 34, -9999, 76, -9999, 86, 28, 32, 58, 24, 27, -9999, -9999, 18, -9999, 26, -9999, -9999, -9999, -9999, -9999, 66, 67, -9999, -9999, -9999, -9999, -9999, 2, 10, -9999, 38, 65, 88, 78, 82, -9999, -9999, 33, 85, 99, -9999, -9999, -9999, -9999, -9999, -9999, 79, -9999, -9999, 87, -9999, 20, 90, 62, 36, 54, 77, -9999, 77, -9999, -9999, 78, 10, 73, -9999, 24, -9999, -9999, -9999, -9999, -9999, 31, 44, -9999, -9999, -9999, 1, 1, 1, 1, 1],
[-9999, -9999, -9999, -9999, -9999, -9999, -9999, 28, 95, -9999, 52, 5, 45, -9999, 78, -9999, 70, -9999, -9999, -9999, 28, -9999, 45, -9999, 81, 25, 85, -9999, -9999, 69, -9999, 26, -9999, -9999, -9999, -9999, 3, -9999, 22, -9999, -9999, -9999, 87, -9999, 71, 14, 96, -9999, 92, -9999, 43, 28, 18, -9999, 19, -9999, 37, 62, -9999, 83, -9999, -9999, 80, 82, -9999, -9999, -9999, -9999, -9999, -9999, -9999, -9999, -9999, 18, -9999, 77, 32, -9999, -9999, 23, 21, 39, 87, -9999, 66, 89, 100, 63, 45, 19, 83, -9999, -9999, -9999, -9999, -9999, 89, 80, 92, 9, 1, 1, 1, 1, 1],
[-9999, -9999, -9999, -9999, -9999, 43, -9999, -9999, -9999, -9999, -9999, 37, -9999, -9999, -9999, -9999, -9999, -9999, -9999, -9999, -9999, -9999, -9999, -9999, -9999, -9999, -9999, -9999, -9999, 92, -9999, 88, -9999, -9999, -9999, 19, -9999, -9999, -9999, -9999, -9999, -9999, 7, -9999, -9999, -9999, -9999, -9999, 46, -9999, -9999, -9999, -9999, -9999, 5, -9999, -9999, -9999, -9999, 76, -9999, -9999, -9999, -9999, -9999, -9999, -9999, -9999, -9999, -9999, 61, -9999, -9999, -9999, -9999, -9999, -9999, 74, -9999, -9999, -9999, -9999, -9999, -9999, 87, -9999, -9999, -9999, -9999, -9999, -9999, -9999, 4, -9999, -9999, -9999, -9999, -9999, 79, -9999, 1, 1, 1, 1, 1],
[-9999, -9999, -9999, -9999, -9999, 55, -9999, -9999, -9999, -9999, -9999, 73, -9999, -9999, 85, -9999, -9999, -9999, -9999, 12, -9999, -9999, -9999, -9999, -9999, -9999, -9999, -9999, -9999, 16, -9999, 40, -9999, -9999, 77, -9999, -9999, -9999, -9999, -9999, -9999, -9999, 62, -9999, -9999, -9999, -9999, -9999, 24, -9999, -9999, -9999, -9999, -9999, 13, -9999, -9999, -9999, -9999, -9999, 50, -9999, -9999, -9999, -9999, -9999, -9999, 80, -9999, -9999, 28, -9999, -9999, -9999, -9999, -9999, 42, 57, -9999, 93, -9999, -9999, -9999, -9999, -9999, -9999, 56, -9999, -9999, -9999, -9999, -9999, 29, -9999, -9999, -9999, -9999, -9999, 55, -9999, 1, 1, 1, 1, 1],
[-9999, -9999, -9999, -9999, -9999, -9999, 55, -9999, -9999, 90, 23, 4, -9999, -9999, 74, -9999, -9999, 61, -9999, -9999, -9999, -9999, 7, -9999, -9999, 19, 90, -9999, -9999, 43, -9999, 79, -9999, -9999, -9999, 45, 68, -9999, -9999, 15, -9999, -9999, 94, -9999, 45, 10, 66, -9999, 60, -9999, -9999, 26, 53, -9999, 95, -9999, 31, 46, -9999, -9999, 48, 8, 25, 94, -9999, -9999, 84, -9999, -9999, -9999, -9999, -9999, -9999, 60, -9999, 89, 68, -9999, 40, 14, -9999, 77, 36, -9999, -9999, -9999, -9999, 13, 89, -9999, 94, -9999, 83, -9999, -9999, -9999, -9999, -9999, 44, -9999, 1, 1, 1, 1, 1],
[-9999, -9999, -9999, -9999, -9999, 61, -9999, -9999, -9999, -9999, -9999, -9999, -9999, -9999, 2, -9999, -9999, -9999, -9999, -9999, -9999, -9999, -9999, -9999, -9999, -9999, -9999, -9999, -9999, 43, -9999, 8, -9999, -9999, 56, -9999, -9999, -9999, -9999, -9999, -9999, -9999, -9999, -9999, -9999, -9999, -9999, -9999, 73, -9999, -9999, -9999, 60, -9999, -9999, -9999, -9999, -9999, -9999, 42, 31, -9999, -9999, -9999, -9999, -9999, -9999, -9999, -9999, -9999, -9999, -9999, -9999, -9999, -9999, -9999, 74, -9999, -9999, 5, 58, -9999, -9999, -9999, -9999, -9999, 27, -9999, -9999, -9999, -9999, -9999, -9999, -9999, -9999, -9999, -9999, 66, -9999, -9999, 1, 1, 1, 1, 1],
[-9999, -9999, -9999, -9999, -9999, -9999, -9999, -9999, 57, -9999, 54, 95, 93, -9999, 61, -9999, -9999, -9999, -9999, -9999, 24, -9999, 84, -9999, 36, -9999, 44, -9999, 32, 52, -9999, 63, 77, 84, 18, -9999, 3, -9999, 80, -9999, -9999, -9999, 39, -9999, 4, 70, -9999, -9999, 49, -9999, -9999, 32, 25, 44, -9999, 97, 81, 6, 78, 73, 37, 72, 50, -9999, -9999, -9999, -9999, 78, -9999, -9999, -9999, -9999, -9999, 16, -9999, 34, 11, -9999, 50, 63, -9999, 34, 22, -9999, 72, -9999, 43, 92, 34, 11, -9999, -9999, 82, -9999, -9999, -9999, 60, -9999, -9999, 22, 1, 1, 1, 1, 1],
[-9999, -9999, -9999, -9999, -9999, 74, 77, -9999, -9999, -9999, -9999, 40, 69, -9999, 40, -9999, -9999, 97, -9999, -9999, 49, -9999, 45, -9999, 68, -9999, 43, -9999, -9999, 30, 9, -9999, 73, 92, -9999, 42, 81, -9999, 4, 70, -9999, -9999, 59, -9999, -9999, 71, 58, -9999, 98, -9999, 92, 39, 65, 34, -9999, 37, 82, 23, 8, 75, 32, 62, 40, -9999, -9999, -9999, 83, -9999, -9999, -9999, 54, 24, -9999, -9999, -9999, 1, 38, -9999, 66, -9999, 72, 78, 42, 62, -9999, 87, 19, 48, 63, 64, 21, -9999, 42, -9999, -9999, -9999, 21, -9999, 8, 62, 1, 1, 1, 1, 1],
[-9999, -9999, -9999, -9999, -9999, -9999, -9999, -9999, -9999, -9999, -9999, 20, -9999, 84, 61, -9999, -9999, -9999, -9999, 91, -9999, -9999, -9999, -9999, -9999, -9999, -9999, -9999, -9999, 92, -9999, 72, -9999, -9999, 74, 33, -9999, -9999, -9999, -9999, -9999, -9999, 37, -9999, -9999, -9999, -9999, -9999, 8, -9999, -9999, -9999, 41, -9999, 24, -9999, -9999, -9999, -9999, -9999, -9999, -9999, -9999, -9999, -9999, -9999, -9999, -9999, -9999, -9999, 93, -9999, -9999, -9999, -9999, -9999, -9999, -9999, -9999, -9999, 20, -9999, -9999, -9999, 12, -9999, 75, -9999, -9999, -9999, -9999, -9999, -9999, -9999, -9999, -9999, -9999, -9999, 32, -9999, 1, 1, 1, 1, 1],
[-9999, -9999, -9999, -9999, -9999, 19, -9999, -9999, -9999, -9999, -9999, 93, -9999, -9999, 95, -9999, -9999, -9999, 71, -9999, -9999, -9999, -9999, 25, -9999, -9999, -9999, -9999, -9999, 83, -9999, -9999, -9999, -9999, -9999, -9999, -9999, -9999, -9999, 52, -9999, 20, -9999, -9999, -9999, -9999, -9999, -9999, -9999, -9999, -9999, -9999, -9999, -9999, -9999, -9999, -9999, -9999, -9999, -9999, -9999, -9999, -9999, -9999, -9999, -9999, -9999, 93, -9999, -9999, 25, -9999, -9999, -9999, 99, -9999, 99, 11, -9999, 50, -9999, -9999, -9999, -9999, 9, -9999, 76, -9999, -9999, -9999, -9999, -9999, -9999, -9999, 33, -9999, -9999, -9999, -9999, -9999, 1, 1, 1, 1, 1],
[-9999, -9999, -9999, -9999, -9999, -9999, 4, -9999, 3, 6, -9999, 94, 88, -9999, -9999, -9999, 75, -9999, -9999, -9999, -9999, -9999, 56, -9999, 98, -9999, 25, -9999, 18, 17, 54, 45, -9999, 63, 40, 93, 45, -9999, 77, -9999, -9999, -9999, 17, -9999, 98, 23, -9999, -9999, -9999, -9999, -9999, 69, 23, 46, 50, -9999, -9999, 91, 4, 77, -9999, 23, 79, -9999, -9999, -9999, -9999, -9999, -9999, -9999, 79, -9999, -9999, 21, -9999, 48, -9999, -9999, -9999, 18, -9999, 8, 63, -9999, 17, -9999, 74, 18, 96, 14, 52, -9999, 83, -9999, -9999, -9999, 68, -9999, 79, -9999, 1, 1, 1, 1, 1],
[-9999, -9999, -9999, -9999, -9999, 46, -9999, -9999, -9999, -9999, -9999, -9999, -9999, -9999, 96, -9999, -9999, -9999, -9999, -9999, -9999, -9999, -9999, -9999, -9999, -9999, -9999, -9999, -9999, 11, -9999, 90, -9999, -9999, -9999, 86, -9999, -9999, -9999, -9999, -9999, -9999, 5, -9999, -9999, -9999, -9999, -9999, 53, -9999, -9999, -9999, 15, -9999, -9999, -9999, -9999, -9999, -9999, 86, -9999, -9999, -9999, -9999, -9999, -9999, -9999, -9999, -9999, -9999, -9999, -9999, -9999, -9999, -9999, -9999, -9999, -9999, -9999, -9999, -9999, -9999, -9999, -9999, 23, -9999, 2, -9999, -9999, -9999, -9999, -9999, -9999, -9999, -9999, -9999, -9999, -9999, 95, -9999, 1, 1, 1, 1, 1],
[-9999, -9999, -9999, -9999, -9999, 49, -9999, -9999, -9999, -9999, -9999, 84, -9999, -9999, -9999, -9999, -9999, -9999, -9999, -9999, -9999, -9999, -9999, -9999, -9999, -9999, -9999, -9999, -9999, 50, -9999, 96, -9999, -9999, 39, 35, -9999, -9999, -9999, -9999, -9999, -9999, 22, -9999, -9999, -9999, -9999, -9999, 61, -9999, -9999, -9999, 69, -9999, 7, -9999, -9999, -9999, -9999, 34, 56, -9999, -9999, -9999, -9999, -9999, -9999, -9999, -9999, -9999, 66, -9999, -9999, -9999, -9999, -9999, 94, -9999, -9999, 44, -9999, -9999, -9999, -9999, 96, -9999, -9999, -9999, -9999, -9999, -9999, -9999, -9999, -9999, -9999, -9999, -9999, -9999, -9999, -9999, 1, 1, 1, 1, 1],
[-9999, -9999, -9999, -9999, -9999, -9999, -9999, -9999, -9999, -9999, -9999, 11, -9999, -9999, -9999, -9999, -9999, -9999, 38, -9999, -9999, -9999, -9999, 91, -9999, -9999, -9999, -9999, -9999, 99, -9999, 46, -9999, -9999, -9999, 4, -9999, 71, -9999, -9999, -9999, 29, 61, -9999, -9999, -9999, -9999, -9999, -9999, -9999, -9999, -9999, 97, -9999, 73, -9999, -9999, -9999, -9999, -9999, 83, -9999, -9999, -9999, -9999, -9999, -9999, 33, -9999, -9999, 61, -9999, -9999, -9999, 92, -9999, 67, -9999, -9999, -9999, -9999, -9999, -9999, -9999, 40, -9999, 38, -9999, -9999, -9999, -9999, -9999, 62, -9999, 55, -9999, -9999, -9999, 96, -9999, 1, 1, 1, 1, 1],
[-9999, -9999, -9999, -9999, -9999, 55, -9999, -9999, -9999, -9999, -9999, 88, -9999, -9999, 27, -9999, -9999, -9999, -9999, -9999, -9999, -9999, -9999, -9999, -9999, -9999, -9999, -9999, -9999, 32, -9999, 25, -9999, -9999, -9999, -9999, -9999, -9999, -9999, -9999, -9999, -9999, 24, -9999, -9999, -9999, -9999, -9999, -9999, -9999, -9999, -9999, -9999, -9999, -9999, -9999, -9999, -9999, -9999, -9999, 57, -9999, -9999, -9999, -9999, -9999, -9999, -9999, -9999, -9999, -9999, -9999, -9999, -9999, -9999, -9999, -9999, 49, -9999, 61, -9999, -9999, -9999, -9999, 2, -9999, 18, -9999, -9999, -9999, -9999, -9999, 75, -9999, -9999, -9999, -9999, 50, 48, -9999, 1, 1, 1, 1, 1],
[-9999, -9999, -9999, -9999, -9999, -9999, -9999, -9999, -9999, -9999, -9999, 96, -9999, -9999, 56, -9999, -9999, -9999, -9999, 66, -9999, -9999, -9999, -9999, -9999, -9999, -9999, -9999, -9999, 53, -9999, -9999, -9999, -9999, 29, 83, -9999, -9999, -9999, -9999, -9999, -9999, 100, -9999, -9999, -9999, -9999, -9999, -9999, -9999, -9999, -9999, 6, -9999, -9999, -9999, -9999, -9999, -9999, -9999, 14, -9999, -9999, -9999, -9999, 99, -9999, 33, -9999, -9999, -9999, -9999, -9999, -9999, -9999, -9999, 11, -9999, -9999, 8, 26, -9999, -9999, -9999, 53, -9999, -9999, -9999, -9999, -9999, -9999, -9999, -9999, -9999, -9999, -9999, -9999, -9999, 86, -9999, 1, 1, 1, 1, 1],
[-9999, -9999, -9999, -9999, -9999, 43, -9999, -9999, -9999, -9999, -9999, 5, -9999, 5, -9999, -9999, -9999, -9999, -9999, -9999, -9999, -9999, -9999, -9999, -9999, -9999, -9999, -9999, -9999, -9999, -9999, 82, -9999, -9999, 3, -9999, -9999, 45, -9999, -9999, -9999, 19, -9999, -9999, -9999, -9999, -9999, -9999, 13, -9999, -9999, -9999, -9999, -9999, -9999, -9999, -9999, -9999, -9999, -9999, 29, -9999, -9999, -9999, -9999, -9999, -9999, 59, -9999, -9999, 45, -9999, -9999, -9999, 37, -9999, -9999, -9999, -9999, -9999, 84, -9999, -9999, -9999, 65, -9999, 69, -9999, -9999, -9999, -9999, -9999, -9999, -9999, 66, -9999, -9999, -9999, 71, -9999, 1, 1, 1, 1, 1],
[-9999, -9999, -9999, -9999, -9999, -9999, -9999, -9999, -9999, 3, -9999, -9999, -9999, -9999, -9999, -9999, 95, -9999, -9999, -9999, -9999, -9999, -9999, -9999, -9999, -9999, -9999, -9999, -9999, 71, -9999, -9999, -9999, 43, -9999, 95, -9999, -9999, -9999, -9999, -9999, -9999, -9999, -9999, 15, -9999, -9999, -9999, -9999, -9999, -9999, -9999, -9999, -9999, -9999, -9999, -9999, -9999, -9999, -9999, -9999, -9999, -9999, -9999, -9999, -9999, -9999, -9999, -9999, -9999, -9999, -9999, -9999, -9999, -9999, -9999, -9999, -9999, -9999, -9999, 41, -9999, -9999, -9999, -9999, -9999, -9999, -9999, 90, -9999, 91, -9999, -9999, -9999, -9999, -9999, 39, -9999, -9999, -9999, 1, 1, 1, 1, 1],
[-9999, -9999, -9999, -9999, -9999, 43, -9999, -9999, -9999, -9999, -9999, 31, -9999, -9999, 82, -9999, -9999, -9999, -9999, -9999, -9999, -9999, -9999, -9999, -9999, -9999, -9999, -9999, -9999, 45, -9999, -9999, -9999, -9999, 11, -9999, -9999, -9999, -9999, -9999, -9999, -9999, 51, -9999, -9999, -9999, -9999, -9999, -9999, -9999, -9999, -9999, 54, -9999, -9999, -9999, -9999, -9999, -9999, 52, -9999, -9999, -9999, -9999, -9999, -9999, -9999, 36, -9999, -9999, -9999, -9999, -9999, -9999, -9999, -9999, 69, -9999, -9999, 50, -9999, -9999, -9999, -9999, -9999, -9999, -9999, -9999, -9999, -9999, -9999, -9999, 22, -9999, -9999, -9999, -9999, 29, 10, -9999, 1, 1, 1, 1, 1],
[-9999, -9999, -9999, -9999, -9999, -9999, -9999, -9999, 33, -9999, 58, 85, -9999, -9999, -9999, -9999, -9999, -9999, -9999, -9999, -9999, -9999, 49, -9999, -9999, 39, 19, -9999, -9999, 83, -9999, 100, 35, -9999, -9999, 67, 17, -9999, 1, -9999, -9999, -9999, -9999, -9999, -9999, 37, -9999, -9999, -9999, 23, 40, 23, 39, -9999, 79, -9999, 18, 19, 83, 59, 6, -9999, 26, -9999, -9999, -9999, 57, 26, -9999, -9999, -9999, -9999, -9999, 32, -9999, 45, -9999, -9999, -9999, 48, -9999, 82, 52, 38, -9999, -9999, -9999, 14, 28, 22, 7, -9999, -9999, -9999, -9999, -9999, 36, -9999, 86, 74, 1, 1, 1, 1, 1],
[-9999, -9999, -9999, -9999, -9999, 40, 56, -9999, 47, -9999, -9999, 95, 69, -9999, -9999, -9999, 4, 56, 16, -9999, 81, 60, 89, -9999, 14, 81, 64, -9999, -9999, 56, 71, 72, -9999, -9999, 59, 46, -9999, -9999, 43, -9999, 89, 71, -9999, 95, 85, 20, 62, 43, 34, 54, -9999, 85, 93, 31, -9999, 100, 59, -9999, -9999, 59, 17, 64, 65, 25, -9999, -9999, 26, -9999, -9999, 87, 84, -9999, 45, -9999, 83, -9999, -9999, -9999, -9999, 26, 64, -9999, 51, 8, -9999, 88, -9999, 68, 34, -9999, -9999, -9999, 39, 64, 5, -9999, 3, -9999, -9999, -9999, 1, 1, 1, 1, 1],
[-9999, -9999, -9999, -9999, -9999, -9999, -9999, -9999, -9999, -9999, -9999, -9999, -9999, -9999, -9999, -9999, 9, -9999, -9999, -9999, -9999, -9999, -9999, -9999, -9999, -9999, -9999, -9999, -9999, 100, 31, -9999, -9999, -9999, -9999, 83, -9999, -9999, -9999, -9999, -9999, -9999, -9999, -9999, 44, -9999, -9999, -9999, -9999, 88, -9999, -9999, -9999, -9999, -9999, -9999, -9999, -9999, -9999, -9999, -9999, -9999, -9999, -9999, -9999, -9999, -9999, -9999, -9999, -9999, -9999, -9999, -9999, -9999, -9999, -9999, -9999, -9999, -9999, -9999, -9999, -9999, -9999, -9999, -9999, -9999, -9999, -9999, -9999, -9999, -9999, -9999, -9999, -9999, -9999, -9999, 25, -9999, -9999, -9999, 1, 1, 1, 1, 1],
[-9999, -9999, -9999, -9999, -9999, -9999, -9999, -9999, -9999, -9999, -9999, 6, -9999, -9999, 64, -9999, -9999, -9999, -9999, -9999, -9999, -9999, -9999, -9999, -9999, -9999, -9999, -9999, -9999, 75, -9999, -9999, -9999, -9999, -9999, 70, -9999, -9999, -9999, -9999, -9999, -9999, 46, -9999, -9999, -9999, -9999, -9999, 83, -9999, -9999, -9999, -9999, -9999, 86, -9999, -9999, -9999, -9999, 15, 28, -9999, -9999, -9999, -9999, -9999, -9999, -9999, -9999, -9999, -9999, -9999, -9999, -9999, -9999, -9999, 48, -9999, -9999, 51, 77, -9999, -9999, -9999, 19, -9999, -9999, -9999, -9999, -9999, -9999, -9999, 65, -9999, -9999, -9999, -9999, -9999, 68, -9999, 1, 1, 1, 1, 1],
[-9999, -9999, -9999, -9999, -9999, 20, 66, -9999, -9999, -9999, 77, 36, 95, -9999, 55, -9999, -9999, -9999, -9999, -9999, -9999, -9999, 41, -9999, -9999, 81, 22, -9999, 33, 47, 43, -9999, 95, -9999, -9999, -9999, 31, -9999, -9999, 33, -9999, -9999, 69, -9999, 25, 79, 71, -9999, -9999, -9999, 19, 23, -9999, -9999, 76, 46, 39, -9999, 61, -9999, -9999, -9999, 5, -9999, -9999, -9999, 36, 31, -9999, -9999, 45, -9999, -9999, -9999, -9999, -9999, 46, -9999, 56, 35, 78, 83, 78, 22, -9999, -9999, 93, 30, 66, -9999, -9999, -9999, -9999, -9999, -9999, -9999, 48, -9999, 64, 83, 1, 1, 1, 1, 1],
[-9999, -9999, -9999, -9999, -9999, -9999, -9999, 90, -9999, -9999, -9999, 28, -9999, -9999, 89, -9999, -9999, -9999, -9999, -9999, -9999, -9999, -9999, -9999, -9999, -9999, -9999, -9999, -9999, 56, -9999, 66, -9999, -9999, -9999, 34, -9999, -9999, -9999, 61, -9999, -9999, -9999, -9999, -9999, -9999, -9999, -9999, 93, -9999, -9999, -9999, -9999, -9999, -9999, -9999, -9999, -9999, -9999, -9999, 10, -9999, -9999, -9999, -9999, -9999, -9999, 43, -9999, -9999, 51, -9999, -9999, -9999, -9999, -9999, 83, 42, -9999, 17, 80, -9999, -9999, -9999, 15, -9999, 62, -9999, -9999, -9999, -9999, -9999, -9999, -9999, -9999, -9999, -9999, -9999, 80, -9999, 1, 1, 1, 1, 1],
[-9999, -9999, -9999, -9999, -9999, 62, 2, -9999, -9999, -9999, -9999, 91, 16, -9999, -9999, -9999, 9, 76, 66, -9999, -9999, 41, 96, -9999, 37, -9999, 86, -9999, -9999, 95, -9999, 42, -9999, -9999, 97, 19, -9999, 35, 41, -9999, 66, 11, -9999, 59, -9999, 56, -9999, 84, -9999, -9999, 81, 83, 61, -9999, 67, -9999, -9999, -9999, 50, -9999, 52, 68, 79, -9999, -9999, -9999, 81, -9999, 99, -9999, -9999, -9999, 57, 76, 70, 65, -9999, 83, 81, 4, 5, -9999, 51, 81, -9999, 87, 18, 41, 75, -9999, 12, -9999, -9999, 85, 88, -9999, -9999, -9999, -9999, -9999, 1, 1, 1, 1, 1],
[-9999, -9999, -9999, -9999, -9999, 35, -9999, -9999, -9999, -9999, -9999, 22, -9999, -9999, -9999, -9999, -9999, -9999, -9999, -9999, -9999, -9999, -9999, -9999, -9999, -9999, -9999, -9999, -9999, 74, -9999, 43, -9999, -9999, 79, -9999, -9999, -9999, -9999, -9999, -9999, 48, -9999, -9999, -9999, -9999, -9999, -9999, 95, -9999, -9999, -9999, -9999, -9999, 26, -9999, -9999, -9999, -9999, 8, -9999, -9999, -9999, -9999, -9999, -9999, -9999, 10, -9999, -9999, -9999, -9999, -9999, -9999, 31, -9999, 3, -9999, -9999, 39, -9999, -9999, -9999, -9999, 46, -9999, 3, -9999, -9999, -9999, -9999, -9999, -9999, -9999, 56, -9999, -9999, -9999, 83, -9999, 1, 1, 1, 1, 1],
[-9999, -9999, -9999, -9999, -9999, -9999, -9999, -9999, -9999, -9999, -9999, -9999, -9999, -9999, -9999, -9999, -9999, -9999, -9999, -9999, -9999, -9999, -9999, -9999, -9999, -9999, -9999, -9999, -9999, 81, -9999, -9999, -9999, 63, -9999, 21, -9999, -9999, 10, -9999, -9999, -9999, -9999, -9999, 17, -9999, -9999, -9999, -9999, -9999, -9999, -9999, -9999, -9999, -9999, -9999, -9999, -9999, -9999, -9999, -9999, -9999, -9999, -9999, -9999, -9999, -9999, -9999, -9999, -9999, -9999, -9999, -9999, -9999, -9999, -9999, -9999, -9999, -9999, -9999, -9999, -9999, -9999, -9999, -9999, -9999, -9999, -9999, 18, -9999, -9999, -9999, -9999, -9999, -9999, -9999, 29, -9999, -9999, -9999, 1, 1, 1, 1, 1],
[-9999, -9999, -9999, -9999, -9999, -9999, -9999, -9999, -9999, -9999, -9999, 57, -9999, -9999, -9999, -9999, -9999, 11, -9999, -9999, -9999, -9999, 47, -9999, 17, -9999, 29, -9999, 66, 23, 77, -9999, 31, 58, 24, 39, -9999, -9999, 36, -9999, -9999, -9999, 38, -9999, -9999, 5, -9999, -9999, -9999, -9999, 51, 76, -9999, 87, 92, 42, -9999, 40, 67, 85, 10, 64, 2, -9999, -9999, -9999, -9999, 93, -9999, -9999, 82, -9999, -9999, -9999, -9999, 47, 7, -9999, -9999, 21, 11, -9999, 50, 56, 90, -9999, -9999, 13, -9999, -9999, 43, -9999, 18, -9999, -9999, -9999, 9, -9999, 56, 61, 1, 1, 1, 1, 1],
[-9999, -9999, -9999, -9999, -9999, 38, -9999, -9999, -9999, -9999, -9999, 55, -9999, -9999, -9999, -9999, -9999, -9999, -9999, -9999, -9999, -9999, -9999, -9999, -9999, -9999, -9999, -9999, -9999, 73, -9999, 16, -9999, -9999, 13, 75, -9999, -9999, -9999, -9999, -9999, -9999, 35, -9999, -9999, -9999, -9999, -9999, 12, -9999, -9999, -9999, -9999, -9999, 40, -9999, -9999, -9999, -9999, -9999, -9999, -9999, -9999, -9999, -9999, -9999, -9999, -9999, -9999, -9999, -9999, -9999, -9999, -9999, -9999, -9999, -9999, -9999, -9999, 53, 81, -9999, -9999, -9999, -9999, -9999, -9999, -9999, -9999, -9999, -9999, -9999, 70, -9999, -9999, -9999, -9999, -9999, 24, -9999, 1, 1, 1, 1, 1],
[-9999, -9999, -9999, -9999, -9999, -9999, -9999, -9999, -9999, -9999, -9999, -9999, -9999, -9999, -9999, -9999, -9999, -9999, -9999, -9999, -9999, -9999, -9999, -9999, -9999, -9999, -9999, -9999, -9999, 66, -9999, -9999, -9999, -9999, -9999, -9999, -9999, -9999, -9999, -9999, -9999, -9999, -9999, -9999, -9999, -9999, -9999, -9999, -9999, -9999, -9999, -9999, -9999, -9999, -9999, -9999, -9999, -9999, -9999, -9999, -9999, -9999, -9999, -9999, -9999, -9999, -9999, -9999, -9999, -9999, -9999, -9999, -9999, -9999, 32, -9999, -9999, -9999, -9999, -9999, 14, -9999, -9999, -9999, -9999, -9999, -9999, -9999, -9999, -9999, -9999, -9999, -9999, -9999, 42, -9999, -9999, -9999, -9999, -9999, 1, 1, 1, 1, 1],
[-9999, -9999, -9999, -9999, -9999, 24, -9999, -9999, -9999, -9999, -9999, 13, -9999, -9999, -9999, -9999, -9999, -9999, -9999, -9999, -9999, -9999, -9999, -9999, -9999, -9999, -9999, -9999, -9999, 56, -9999, 93, -9999, -9999, -9999, 76, -9999, -9999, -9999, 11, -9999, -9999, -9999, -9999, -9999, -9999, -9999, -9999, 48, -9999, -9999, -9999, -9999, -9999, 84, -9999, -9999, -9999, -9999, 5, 52, -9999, -9999, -9999, -9999, -9999, -9999, -9999, -9999, -9999, 11, -9999, -9999, -9999, -9999, -9999, -9999, -9999, -9999, 23, -9999, -9999, -9999, -9999, -9999, -9999, 30, -9999, -9999, -9999, -9999, -9999, -9999, -9999, -9999, -9999, -9999, -9999, 55, -9999, 1, 1, 1, 1, 1],
[-9999, -9999, -9999, -9999, -9999, 86, -9999, -9999, -9999, -9999, -9999, 16, -9999, -9999, -9999, -9999, -9999, -9999, -9999, -9999, -9999, -9999, -9999, -9999, -9999, -9999, -9999, -9999, -9999, 9, -9999, -9999, -9999, -9999, -9999, 52, -9999, -9999, -9999, -9999, -9999, -9999, -9999, -9999, -9999, -9999, -9999, -9999, 77, -9999, -9999, -9999, -9999, -9999, -9999, -9999, -9999, -9999, -9999, -9999, -9999, -9999, -9999, -9999, -9999, -9999, -9999, 89, -9999, -9999, -9999, -9999, -9999, -9999, -9999, -9999, -9999, -9999, -9999, 31, 38, -9999, -9999, -9999, 32, -9999, -9999, -9999, -9999, -9999, -9999, -9999, 56, -9999, -9999, -9999, -9999, -9999, -9999, -9999, 1, 1, 1, 1, 1],
[-9999, -9999, -9999, -9999, -9999, -9999, -9999, -9999, -9999, -9999, -9999, 66, -9999, -9999, 64, -9999, -9999, -9999, 64, -9999, -9999, -9999, -9999, 68, -9999, -9999, -9999, -9999, -9999, 64, -9999, 95, -9999, -9999, 99, 34, -9999, -9999, -9999, -9999, -9999, 8, 65, -9999, -9999, -9999, -9999, -9999, 9, -9999, -9999, -9999, -9999, -9999, -9999, -9999, -9999, -9999, -9999, 24, 76, -9999, -9999, -9999, -9999, -9999, -9999, 18, -9999, -9999, 92, -9999, -9999, -9999, 46, -9999, 67, -9999, -9999, 70, 80, -9999, -9999, -9999, 32, -9999, 27, -9999, -9999, -9999, -9999, -9999, 5, -9999, 80, -9999, -9999, -9999, 31, -9999, 1, 1, 1, 1, 1],
[-9999, -9999, -9999, -9999, -9999, -9999, -9999, -9999, -9999, -9999, -9999, -9999, -9999, -9999, -9999, -9999, -9999, -9999, -9999, -9999, -9999, -9999, -9999, -9999, -9999, -9999, -9999, -9999, -9999, -9999, -9999, -9999, -9999, -9999, -9999, -9999, -9999, -9999, -9999, -9999, -9999, -9999, -9999, -9999, -9999, -9999, -9999, -9999, -9999, -9999, -9999, -9999, -9999, -9999, -9999, -9999, -9999, -9999, -9999, -9999, -9999, -9999, -9999, -9999, -9999, -9999, -9999, -9999, -9999, -9999, -9999, -9999, -9999, -9999, -9999, -9999, -9999, -9999, -9999, -9999, -9999, -9999, -9999, -9999, -9999, -9999, -9999, -9999, -9999, -9999, -9999, -9999, -9999, -9999, -9999, -9999, -9999, -9999, -9999, -9999, -9999, -9999, -9999, -9999, -9999],
[-9999, -9999, -9999, -9999, -9999, -9999, -9999, -9999, -9999, -9999, -9999, -9999, -9999, -9999, -9999, -9999, -9999, -9999, -9999, -9999, -9999, -9999, -9999, -9999, -9999, -9999, -9999, -9999, -9999, -9999, -9999, -9999, -9999, -9999, -9999, -9999, -9999, -9999, -9999, -9999, -9999, -9999, -9999, -9999, -9999, -9999, -9999, -9999, -9999, -9999, -9999, -9999, -9999, -9999, -9999, -9999, -9999, -9999, -9999, -9999, -9999, -9999, -9999, -9999, -9999, -9999, -9999, -9999, -9999, -9999, -9999, -9999, -9999, -9999, -9999, -9999, -9999, -9999, -9999, -9999, -9999, -9999, -9999, -9999, -9999, -9999, -9999, -9999, -9999, -9999, -9999, -9999, -9999, -9999, -9999, -9999, -9999, -9999, -9999, -9999, -9999, -9999, -9999, -9999, -9999],
[-9999, -9999, -9999, -9999, -9999, -9999, -9999, -9999, -9999, -9999, -9999, -9999, -9999, -9999, -9999, -9999, -9999, -9999, -9999, -9999, -9999, -9999, -9999, -9999, -9999, -9999, -9999, -9999, -9999, -9999, -9999, -9999, -9999, -9999, -9999, -9999, -9999, -9999, -9999, -9999, -9999, -9999, -9999, -9999, -9999, -9999, -9999, -9999, -9999, -9999, -9999, -9999, -9999, -9999, -9999, -9999, -9999, -9999, -9999, -9999, -9999, -9999, -9999, -9999, -9999, -9999, -9999, -9999, -9999, -9999, -9999, -9999, -9999, -9999, -9999, -9999, -9999, -9999, -9999, -9999, -9999, -9999, -9999, -9999, -9999, -9999, -9999, -9999, -9999, -9999, -9999, -9999, -9999, -9999, -9999, -9999, -9999, -9999, -9999, -9999, -9999, -9999, -9999, -9999, -9999],
[-9999, -9999, -9999, -9999, -9999, -9999, -9999, -9999, -9999, -9999, -9999, -9999, -9999, -9999, -9999, -9999, -9999, -9999, -9999, -9999, -9999, -9999, -9999, -9999, -9999, -9999, -9999, -9999, -9999, -9999, -9999, -9999, -9999, -9999, -9999, -9999, -9999, -9999, -9999, -9999, -9999, -9999, -9999, -9999, -9999, -9999, -9999, -9999, -9999, -9999, -9999, -9999, -9999, -9999, -9999, -9999, -9999, -9999, -9999, -9999, -9999, -9999, -9999, -9999, -9999, -9999, -9999, -9999, -9999, -9999, -9999, -9999, -9999, -9999, -9999, -9999, -9999, -9999, -9999, -9999, -9999, -9999, -9999, -9999, -9999, -9999, -9999, -9999, -9999, -9999, -9999, -9999, -9999, -9999, -9999, -9999, -9999, -9999, -9999, -9999, -9999, -9999, -9999, -9999, -9999],
[-9999, -9999, -9999, -9999, -9999, -9999, -9999, -9999, -9999, -9999, -9999, -9999, -9999, -9999, -9999, -9999, -9999, -9999, -9999, -9999, -9999, -9999, -9999, -9999, -9999, -9999, -9999, -9999, -9999, -9999, -9999, -9999, -9999, -9999, -9999, -9999, -9999, -9999, -9999, -9999, -9999, -9999, -9999, -9999, -9999, -9999, -9999, -9999, -9999, -9999, -9999, -9999, -9999, -9999, -9999, -9999, -9999, -9999, -9999, -9999, -9999, -9999, -9999, -9999, -9999, -9999, -9999, -9999, -9999, -9999, -9999, -9999, -9999, -9999, -9999, -9999, -9999, -9999, -9999, -9999, -9999, -9999, -9999, -9999, -9999, -9999, -9999, -9999, -9999, -9999, -9999, -9999, -9999, -9999, -9999, -9999, -9999, -9999, -9999, -9999, -9999, -9999, -9999, -9999, -9999]
];
