NbNodes = 105;
NbNDDs = 5;
NbPairs = 95;
NbTerminals = 5;
K = 0;
L = 97;
Wt = [
[-9999, -9999, -9999, -9999, -9999, 4, -9999, -9999, 71, 82, -9999, 56, 41, -9999, -9999, 77, -9999, 85, 9, -9999, 56, 66, 50, 91, 82, 76, 36, 16, -9999, -9999, 79, -9999, 71, -9999, 95, 10, 14, -9999, -9999, -9999, 91, -9999, 59, 36, 64, -9999, 30, 70, -9999, -9999, 44, 40, 78, 12, 11, 31, -9999, 92, 43, 24, 90, 85, -9999, -9999, -9999, -9999, -9999, 48, -9999, 48, -9999, 51, 8, 95, 66, 49, -9999, 68, 36, 5, -9999, 41, -9999, -9999, -9999, 67, -9999, 68, 88, -9999, -9999, -9999, -9999, 25, -9999, 60, 17, -9999, 57, 49, 1, 1, 1, 1, 1],
[-9999, -9999, -9999, -9999, -9999, 81, -9999, -9999, -9999, -9999, 78, 73, -9999, -9999, 93, -9999, -9999, -9999, -9999, -9999, -9999, -9999, 10, 76, -9999, -9999, -9999, -9999, 21, -9999, -9999, 21, 54, 14, -9999, -9999, 34, -9999, -9999, -9999, 41, -9999, -9999, -9999, -9999, -9999, -9999, 72, -9999, -9999, -9999, -9999, -9999, -9999, -9999, -9999, -9999, 97, -9999, -9999, -9999, -9999, -9999, -9999, -9999, -9999, -9999, -9999, -9999, -9999, -9999, -9999, 49, -9999, 63, -9999, -9999, -9999, 32, 65, -9999, -9999, 10, -9999, -9999, -9999, -9999, -9999, -9999, -9999, -9999, -9999, -9999, 40, -9999, -9999, -9999, -9999, 25, -9999, 1, 1, 1, 1, 1],
[-9999, -9999, -9999, -9999, -9999, 50, -9999, -9999, -9999, 27, -9999, -9999, -9999, -9999, 13, -9999, -9999, -9999, -9999, -9999, -9999, -9999, 31, -9999, -9999, -9999, -9999, -9999, 90, -9999, -9999, 66, 31, 74, 32, -9999, -9999, -9999, -9999, -9999, 15, -9999, -9999, -9999, -9999, -9999, -9999, 60, -9999, -9999, -9999, -9999, -9999, -9999, -9999, -9999, 50, 33, -9999, -9999, -9999, -9999, -9999, -9999, -9999, -9999, -9999, -9999, 21, -9999, -9999, -9999, 10, -9999, -9999, -9999, -9999, -9999, 38, 11, -9999, -9999, 25, -9999, -9999, 81, -9999, -9999, -9999, -9999, 68, -9999, -9999, 92, -9999, -9999, -9999, -9999, -9999, -9999, 1, 1, 1, 1, 1],
[-9999, -9999, -9999, -9999, -9999, 77, -9999, -9999, -9999, -9999, 16, -9999, -9999, -9999, 15, -9999, -9999, -9999, -9999, -9999, -9999, -9999, -9999, -9999, -9999, -9999, -9999, -9999, 27, -9999, -9999, 31, 13, -9999, 67, -9999, 31, 88, -9999, -9999, -9999, -9999, -9999, -9999, -9999, -9999, -9999, 30, -9999, -9999, -9999, -9999, -9999, -9999, -9999, -9999, -9999, 12, -9999, -9999, -9999, -9999, -9999, -9999, -9999, -9999, -9999, -9999, 26, -9999, -9999, -9999, 92, -9999, 62, -9999, -9999, -9999, 8, -9999, -9999, -9999, -9999, -9999, -9999, 55, -9999, -9999, -9999, -9999, -9999, -9999, -9999, -9999, -9999, -9999, -9999, -9999, -9999, -9999, 1, 1, 1, 1, 1],
[-9999, -9999, -9999, -9999, -9999, 49, -9999, 64, -9999, 56, 33, -9999, 49, 6, 22, -9999, -9999, 66, -9999, 83, 98, -9999, 36, 97, 1, 9, -9999, -9999, 83, -9999, 79, -9999, 82, -9999, 34, -9999, 73, -9999, -9999, -9999, 26, -9999, 17, 75, 18, -9999, 64, 21, -9999, -9999, 33, -9999, -9999, 49, 63, 21, 3, 72, -9999, 47, -9999, 85, 60, -9999, -9999, 80, 65, 5, 71, 18, -9999, 19, 24, 37, -9999, 49, -9999, -9999, 97, 66, -9999, -9999, -9999, -9999, 74, -9999, -9999, 88, -9999, -9999, -9999, 13, -9999, 90, -9999, 52, 97, -9999, -9999, 95, 1, 1, 1, 1, 1],
[-9999, -9999, -9999, -9999, -9999, -9999, -9999, -9999, -9999, -9999, 73, -9999, -9999, -9999, 81, -9999, -9999, -9999, -9999, -9999, -9999, -9999, 5, 19, -9999, -9999, -9999, -9999, 28, -9999, -9999, 28, 73, -9999, 24, -9999, 69, -9999, -9999, -9999, -9999, -9999, -9999, -9999, -9999, -9999, -9999, 97, -9999, -9999, -9999, -9999, -9999, -9999, -9999, -9999, -9999, -9999, -9999, -9999, -9999, -9999, -9999, 82, -9999, -9999, 4, -9999, 44, -9999, -9999, -9999, 56, -9999, -9999, -9999, -9999, -9999, 96, -9999, -9999, -9999, -9999, -9999, -9999, 93, -9999, -9999, -9999, -9999, -9999, -9999, -9999, -9999, -9999, -9999, -9999, -9999, -9999, -9999, 1, 1, 1, 1, 1],
[-9999, -9999, -9999, -9999, -9999, 8, -9999, -9999, -9999, -9999, 60, -9999, -9999, -9999, 19, -9999, -9999, -9999, 34, -9999, -9999, -9999, 50, 46, 36, -9999, -9999, -9999, 74, -9999, -9999, 88, 45, -9999, -9999, -9999, 26, -9999, -9999, -9999, -9999, -9999, -9999, -9999, -9999, -9999, -9999, 94, -9999, -9999, -9999, 10, -9999, -9999, -9999, -9999, -9999, 20, -9999, -9999, -9999, -9999, -9999, -9999, -9999, -9999, 29, -9999, 58, -9999, -9999, -9999, 88, -9999, -9999, -9999, -9999, -9999, -9999, -9999, -9999, -9999, -9999, -9999, -9999, -9999, -9999, -9999, -9999, -9999, -9999, -9999, -9999, -9999, -9999, -9999, -9999, -9999, 8, -9999, 1, 1, 1, 1, 1],
[-9999, -9999, -9999, -9999, -9999, 2, -9999, -9999, -9999, -9999, -9999, 13, -9999, -9999, 93, 92, -9999, 91, 95, 15, -9999, -9999, -9999, 20, 90, 45, -9999, -9999, 7, -9999, 58, 2, 2, 63, 6, -9999, 76, 29, -9999, 89, 85, -9999, -9999, 3, -9999, -9999, 94, 89, -9999, -9999, 40, -9999, 13, 25, 1, -9999, -9999, 22, 52, 92, 27, 24, 69, -9999, -9999, -9999, 27, -9999, -9999, 51, 21, 83, 45, 7, -9999, -9999, -9999, -9999, 30, -9999, -9999, 15, -9999, -9999, 89, -9999, -9999, 48, -9999, 78, -9999, -9999, -9999, 84, -9999, 59, 49, -9999, -9999, 43, 1, 1, 1, 1, 1],
[-9999, -9999, -9999, -9999, -9999, 13, -9999, 31, -9999, -9999, 31, -9999, 58, -9999, 100, -9999, -9999, 57, -9999, -9999, -9999, 51, 96, 72, 6, 30, -9999, -9999, 1, 14, 30, -9999, 78, -9999, 62, -9999, 97, -9999, -9999, 60, -9999, -9999, -9999, 5, 46, -9999, -9999, 40, -9999, -9999, -9999, -9999, -9999, -9999, 58, 23, -9999, -9999, 24, 3, 42, 87, -9999, -9999, -9999, -9999, -9999, -9999, 27, -9999, -9999, -9999, 24, -9999, 68, -9999, -9999, -9999, 64, -9999, 45, -9999, -9999, 68, -9999, -9999, -9999, 62, -9999, -9999, -9999, 83, -9999, -9999, -9999, 54, -9999, -9999, 36, -9999, 1, 1, 1, 1, 1],
[-9999, -9999, -9999, -9999, -9999, 91, -9999, 9, 16, -9999, 96, -9999, -9999, 18, 27, -9999, -9999, 6, 99, -9999, 90, 27, -9999, 82, 30, -9999, 17, -9999, 20, -9999, 31, -9999, -9999, -9999, 38, -9999, -9999, -9999, 97, 10, -9999, -9999, 72, 66, 28, 87, 69, 46, -9999, 92, -9999, 45, -9999, 71, 69, -9999, -9999, -9999, -9999, 11, 97, 64, 3, -9999, -9999, -9999, 29, 66, -9999, -9999, -9999, -9999, 100, 52, 99, -9999, -9999, 24, 64, -9999, 71, 48, -9999, -9999, 93, -9999, 37, 62, -9999, -9999, -9999, 62, -9999, -9999, -9999, 86, -9999, -9999, -9999, -9999, 1, 1, 1, 1, 1],
[-9999, -9999, -9999, -9999, -9999, 47, -9999, 36, 22, -9999, -9999, -9999, 62, 69, -9999, -9999, -9999, 25, -9999, -9999, -9999, 52, 20, 25, -9999, -9999, -9999, -9999, 67, -9999, -9999, 9, 96, -9999, 34, 3, 8, 41, -9999, 46, -9999, 54, 33, 81, -9999, 44, 69, 65, -9999, 35, -9999, -9999, -9999, 81, 95, 64, -9999, -9999, 89, 73, 19, 72, -9999, -9999, -9999, -9999, -9999, 64, -9999, -9999, -9999, -9999, 9, -9999, -9999, -9999, -9999, 89, 37, -9999, -9999, -9999, -9999, -9999, 26, 90, -9999, 13, -9999, -9999, -9999, 4, -9999, -9999, -9999, 14, -9999, -9999, 91, 3, 1, 1, 1, 1, 1],
[-9999, -9999, -9999, -9999, -9999, 49, -9999, -9999, -9999, -9999, -9999, -9999, -9999, -9999, 15, -9999, -9999, -9999, -9999, -9999, -9999, -9999, -9999, 96, 28, -9999, -9999, -9999, 80, -9999, -9999, -9999, -9999, -9999, 49, -9999, -9999, 44, -9999, -9999, -9999, -9999, -9999, -9999, -9999, -9999, -9999, 72, -9999, -9999, -9999, -9999, -9999, -9999, -9999, -9999, -9999, 9, -9999, -9999, -9999, -9999, -9999, -9999, -9999, -9999, -9999, -9999, 93, -9999, -9999, -9999, 14, -9999, 97, -9999, -9999, -9999, -9999, -9999, -9999, -9999, -9999, -9999, -9999, 99, -9999, -9999, -9999, -9999, -9999, -9999, -9999, -9999, 56, -9999, -9999, -9999, -9999, -9999, 1, 1, 1, 1, 1],
[-9999, -9999, -9999, -9999, -9999, 82, -9999, 77, -9999, -9999, 59, -9999, -9999, 64, 34, -9999, -9999, 39, 10, -9999, 16, -9999, -9999, 71, -9999, 79, 31, -9999, -9999, -9999, -9999, 14, 96, -9999, 15, -9999, 98, 7, -9999, -9999, -9999, -9999, -9999, 28, -9999, 47, 52, 23, 93, -9999, 57, -9999, -9999, -9999, 33, -9999, -9999, -9999, -9999, 87, -9999, 65, 60, -9999, -9999, -9999, 88, -9999, 91, -9999, -9999, -9999, 79, 39, 14, -9999, -9999, 50, 85, -9999, -9999, -9999, -9999, 95, 36, 73, -9999, 24, -9999, -9999, -9999, 52, -9999, -9999, -9999, 13, -9999, -9999, 25, 71, 1, 1, 1, 1, 1],
[-9999, -9999, -9999, -9999, -9999, -9999, -9999, -9999, -9999, -9999, -9999, -9999, -9999, -9999, -9999, -9999, -9999, -9999, -9999, -9999, -9999, -9999, -9999, -9999, -9999, -9999, -9999, -9999, -9999, -9999, -9999, -9999, -9999, -9999, -9999, -9999, -9999, -9999, -9999, -9999, -9999, -9999, -9999, -9999, -9999, -9999, -9999, -9999, -9999, -9999, -9999, -9999, -9999, -9999, -9999, -9999, -9999, -9999, -9999, -9999, -9999, -9999, -9999, -9999, -9999, -9999, -9999, -9999, -9999, -9999, -9999, -9999, -9999, -9999, -9999, -9999, -9999, -9999, -9999, -9999, -9999, -9999, -9999, -9999, -9999, -9999, -9999, -9999, -9999, -9999, -9999, -9999, -9999, -9999, -9999, -9999, -9999, -9999, -9999, -9999, 1, 1, 1, 1, 1],
[-9999, -9999, -9999, -9999, -9999, 70, -9999, -9999, -9999, -9999, 47, -9999, -9999, -9999, -9999, -9999, -9999, -9999, -9999, -9999, -9999, -9999, 12, -9999, 93, -9999, -9999, -9999, -9999, -9999, -9999, -9999, 43, -9999, 17, -9999, 51, -9999, -9999, -9999, -9999, -9999, -9999, -9999, -9999, -9999, -9999, 20, -9999, -9999, -9999, -9999, -9999, -9999, -9999, -9999, -9999, -9999, -9999, -9999, -9999, -9999, -9999, -9999, -9999, -9999, 70, -9999, -9999, -9999, -9999, -9999, -9999, -9999, 16, -9999, -9999, -9999, 92, -9999, -9999, -9999, -9999, -9999, -9999, 39, -9999, -9999, -9999, -9999, -9999, -9999, -9999, -9999, -9999, -9999, -9999, -9999, 61, -9999, 1, 1, 1, 1, 1],
[-9999, -9999, -9999, -9999, -9999, -9999, -9999, -9999, -9999, -9999, -9999, -9999, -9999, -9999, -9999, -9999, -9999, -9999, -9999, -9999, -9999, 45, -9999, -9999, 59, -9999, -9999, -9999, -9999, -9999, -9999, -9999, -9999, -9999, -9999, -9999, -9999, -9999, -9999, -9999, -9999, -9999, -9999, -9999, -9999, -9999, 13, -9999, -9999, -9999, -9999, -9999, -9999, -9999, -9999, -9999, -9999, -9999, -9999, -9999, 87, -9999, 96, -9999, -9999, -9999, -9999, 20, -9999, -9999, -9999, -9999, -9999, -9999, -9999, -9999, -9999, -9999, -9999, -9999, -9999, -9999, -9999, -9999, -9999, -9999, -9999, 63, -9999, -9999, -9999, -9999, -9999, -9999, -9999, -9999, 14, -9999, -9999, -9999, 1, 1, 1, 1, 1],
[-9999, -9999, -9999, -9999, -9999, 13, -9999, 88, 74, -9999, -9999, -9999, 47, 32, 79, -9999, -9999, 7, 95, -9999, 71, 86, 26, 44, -9999, -9999, 31, -9999, -9999, -9999, 50, 32, 93, -9999, 63, 85, 96, 60, -9999, -9999, -9999, -9999, 99, 7, -9999, 16, 6, 10, -9999, -9999, 5, 34, -9999, 10, 88, 31, -9999, -9999, -9999, -9999, -9999, -9999, 70, -9999, -9999, -9999, -9999, -9999, -9999, -9999, -9999, -9999, 19, -9999, 74, -9999, -9999, -9999, 7, -9999, 79, -9999, -9999, -9999, 15, 69, -9999, 61, -9999, -9999, -9999, 18, -9999, -9999, -9999, 96, -9999, -9999, 14, 70, 1, 1, 1, 1, 1],
[-9999, -9999, -9999, -9999, -9999, 61, -9999, -9999, -9999, -9999, -9999, -9999, -9999, -9999, 35, -9999, -9999, -9999, 82, -9999, -9999, -9999, -9999, 75, 58, -9999, -9999, -9999, 65, -9999, -9999, 94, 30, -9999, 64, -9999, -9999, 42, -9999, -9999, -9999, -9999, -9999, -9999, -9999, -9999, -9999, 40, -9999, -9999, -9999, -9999, -9999, -9999, -9999, -9999, -9999, 42, -9999, -9999, -9999, -9999, -9999, -9999, -9999, -9999, 38, -9999, 61, -9999, -9999, -9999, 46, -9999, -9999, -9999, -9999, -9999, 100, -9999, -9999, -9999, 28, -9999, -9999, 65, -9999, -9999, -9999, -9999, -9999, -9999, -9999, -9999, -9999, -9999, -9999, -9999, 13, -9999, 1, 1, 1, 1, 1],
[-9999, -9999, -9999, -9999, -9999, 85, -9999, -9999, -9999, -9999, -9999, -9999, -9999, -9999, 29, -9999, -9999, -9999, -9999, -9999, -9999, -9999, 84, -9999, 77, -9999, -9999, -9999, -9999, -9999, -9999, 93, -9999, -9999, -9999, -9999, -9999, -9999, -9999, -9999, -9999, -9999, -9999, -9999, -9999, -9999, -9999, 41, -9999, -9999, -9999, -9999, -9999, -9999, -9999, -9999, -9999, -9999, -9999, -9999, -9999, -9999, -9999, 86, -9999, -9999, 85, -9999, -9999, -9999, -9999, -9999, 17, -9999, -9999, -9999, -9999, -9999, -9999, -9999, -9999, -9999, -9999, -9999, -9999, -9999, -9999, -9999, -9999, -9999, -9999, -9999, -9999, -9999, -9999, -9999, -9999, -9999, 64, -9999, 1, 1, 1, 1, 1],
[-9999, -9999, -9999, -9999, -9999, 88, -9999, -9999, -9999, -9999, -9999, -9999, 80, 93, 71, -9999, -9999, 79, 35, -9999, 70, 65, 51, -9999, 82, 28, 12, -9999, 93, -9999, 95, 96, 60, -9999, 36, -9999, 36, -9999, -9999, 61, -9999, -9999, -9999, -9999, 45, 65, 87, 87, 85, -9999, -9999, -9999, -9999, -9999, 38, -9999, -9999, 63, 12, -9999, 83, 4, 47, -9999, -9999, -9999, -9999, 54, -9999, -9999, -9999, -9999, 93, -9999, 22, -9999, -9999, 83, -9999, -9999, -9999, 76, -9999, -9999, -9999, 32, -9999, 70, -9999, -9999, -9999, 82, -9999, -9999, -9999, 72, -9999, -9999, 98, 10, 1, 1, 1, 1, 1],
[-9999, -9999, -9999, -9999, -9999, 74, -9999, 25, -9999, -9999, 12, -9999, 56, 5, -9999, -9999, -9999, 87, -9999, -9999, -9999, 84, -9999, 29, 40, 97, -9999, -9999, 95, -9999, 43, 81, 50, -9999, -9999, 99, 47, 26, 18, -9999, -9999, -9999, 12, 90, -9999, -9999, 82, 46, -9999, 47, -9999, -9999, -9999, 63, 13, 9, -9999, -9999, -9999, -9999, -9999, 96, -9999, -9999, -9999, -9999, 27, -9999, 2, -9999, -9999, -9999, 20, -9999, 23, -9999, -9999, -9999, -9999, -9999, -9999, -9999, 26, -9999, -9999, -9999, -9999, 75, -9999, -9999, -9999, -9999, -9999, -9999, -9999, 5, -9999, -9999, 99, -9999, 1, 1, 1, 1, 1],
[-9999, -9999, -9999, -9999, -9999, 67, -9999, -9999, -9999, -9999, 9, -9999, -9999, -9999, 40, -9999, -9999, -9999, 49, -9999, -9999, -9999, 72, 3, 74, -9999, -9999, -9999, 26, -9999, -9999, 98, 89, -9999, -9999, -9999, 75, 29, -9999, -9999, -9999, -9999, -9999, -9999, -9999, -9999, -9999, 97, -9999, -9999, -9999, -9999, -9999, -9999, -9999, -9999, -9999, -9999, -9999, -9999, -9999, -9999, -9999, 78, -9999, -9999, -9999, -9999, 26, -9999, -9999, -9999, 9, -9999, -9999, -9999, -9999, -9999, -9999, -9999, -9999, -9999, -9999, -9999, -9999, 77, -9999, -9999, -9999, -9999, -9999, -9999, -9999, -9999, -9999, -9999, -9999, -9999, -9999, -9999, 1, 1, 1, 1, 1],
[-9999, -9999, -9999, -9999, -9999, -9999, -9999, -9999, -9999, -9999, -9999, -9999, -9999, -9999, -9999, -9999, -9999, -9999, -9999, -9999, -9999, 42, -9999, -9999, 10, -9999, -9999, -9999, -9999, -9999, -9999, -9999, -9999, -9999, -9999, -9999, -9999, -9999, -9999, -9999, -9999, -9999, -9999, -9999, -9999, -9999, 51, -9999, -9999, -9999, -9999, -9999, -9999, -9999, -9999, -9999, -9999, -9999, -9999, -9999, -9999, -9999, -9999, -9999, -9999, -9999, -9999, 39, -9999, -9999, -9999, -9999, -9999, -9999, -9999, -9999, -9999, -9999, -9999, -9999, -9999, -9999, -9999, -9999, -9999, -9999, -9999, 70, -9999, -9999, -9999, -9999, -9999, -9999, -9999, -9999, -9999, -9999, -9999, -9999, 1, 1, 1, 1, 1],
[-9999, -9999, -9999, -9999, -9999, 1, -9999, -9999, -9999, -9999, -9999, -9999, 45, -9999, 24, -9999, -9999, 25, 31, -9999, -9999, 70, 17, -9999, -9999, -9999, -9999, 57, -9999, -9999, -9999, 26, -9999, -9999, 80, 96, 13, 19, 21, 9, -9999, -9999, 92, 38, 35, -9999, 10, 63, -9999, -9999, 24, -9999, -9999, -9999, 88, -9999, -9999, 17, -9999, -9999, -9999, 61, 96, 60, -9999, -9999, 100, 64, 99, -9999, -9999, -9999, 66, 81, 60, -9999, -9999, 90, 28, -9999, 46, -9999, -9999, -9999, -9999, -9999, -9999, 17, -9999, -9999, -9999, -9999, -9999, -9999, -9999, 1, -9999, -9999, 56, -9999, 1, 1, 1, 1, 1],
[-9999, -9999, -9999, -9999, -9999, 18, -9999, -9999, -9999, -9999, 35, -9999, -9999, -9999, -9999, -9999, -9999, -9999, -9999, -9999, -9999, -9999, 81, 50, -9999, -9999, -9999, -9999, -9999, -9999, -9999, 21, -9999, -9999, 48, -9999, 82, -9999, -9999, -9999, -9999, -9999, -9999, -9999, -9999, -9999, -9999, 31, -9999, -9999, -9999, -9999, -9999, -9999, -9999, -9999, -9999, 84, -9999, -9999, -9999, -9999, -9999, -9999, -9999, -9999, 72, -9999, 14, -9999, -9999, -9999, 80, -9999, 35, -9999, -9999, -9999, -9999, -9999, -9999, -9999, 61, -9999, -9999, 43, -9999, -9999, -9999, -9999, -9999, -9999, -9999, -9999, -9999, -9999, -9999, -9999, 65, -9999, 1, 1, 1, 1, 1],
[-9999, -9999, -9999, -9999, -9999, 83, -9999, -9999, -9999, -9999, -9999, -9999, -9999, -9999, 21, -9999, -9999, -9999, 38, -9999, -9999, -9999, 47, 58, 36, -9999, -9999, -9999, 58, -9999, -9999, 14, 12, -9999, 24, -9999, 94, 25, -9999, -9999, -9999, -9999, -9999, -9999, -9999, -9999, -9999, 93, -9999, -9999, -9999, -9999, -9999, -9999, -9999, -9999, -9999, 90, -9999, -9999, -9999, -9999, -9999, -9999, -9999, -9999, 92, -9999, 49, -9999, -9999, -9999, 82, -9999, 82, -9999, -9999, -9999, 25, -9999, -9999, -9999, -9999, -9999, -9999, -9999, -9999, -9999, -9999, -9999, -9999, -9999, -9999, -9999, 7, -9999, -9999, -9999, 21, -9999, 1, 1, 1, 1, 1],
[-9999, -9999, -9999, -9999, -9999, 57, -9999, -9999, -9999, -9999, 21, -9999, -9999, -9999, -9999, -9999, -9999, -9999, 14, -9999, -9999, -9999, 100, -9999, 76, -9999, -9999, -9999, -9999, -9999, -9999, 76, 71, -9999, 55, -9999, 10, 60, 25, -9999, -9999, -9999, -9999, -9999, -9999, -9999, -9999, 94, -9999, -9999, -9999, -9999, -9999, -9999, -9999, -9999, -9999, -9999, -9999, -9999, -9999, -9999, -9999, -9999, -9999, -9999, 73, -9999, 25, -9999, -9999, -9999, 92, -9999, -9999, -9999, -9999, -9999, 58, -9999, -9999, -9999, -9999, -9999, -9999, 63, 38, -9999, -9999, -9999, -9999, -9999, -9999, -9999, -9999, -9999, -9999, -9999, -9999, -9999, 1, 1, 1, 1, 1],
[-9999, -9999, -9999, -9999, -9999, 65, -9999, -9999, -9999, -9999, 48, -9999, -9999, -9999, 15, -9999, -9999, -9999, -9999, -9999, -9999, -9999, -9999, 34, -9999, -9999, -9999, -9999, -9999, -9999, -9999, 41, 35, -9999, -9999, -9999, 49, -9999, -9999, -9999, -9999, -9999, -9999, -9999, -9999, -9999, -9999, 99, -9999, -9999, -9999, -9999, -9999, -9999, -9999, -9999, -9999, -9999, -9999, -9999, -9999, -9999, -9999, -9999, -9999, -9999, -9999, -9999, 15, -9999, -9999, -9999, 33, -9999, -9999, -9999, -9999, -9999, -9999, -9999, -9999, -9999, -9999, -9999, -9999, 30, -9999, -9999, -9999, -9999, -9999, -9999, -9999, -9999, -9999, -9999, -9999, -9999, -9999, -9999, 1, 1, 1, 1, 1],
[-9999, -9999, -9999, -9999, -9999, 90, 18, 96, 1, 66, 10, 68, 61, 71, 37, -9999, -9999, 2, 58, 74, 6, -9999, 23, 4, -9999, 50, 34, -9999, -9999, -9999, 9, 98, 29, -9999, -9999, 96, -9999, 95, 70, 20, -9999, -9999, 72, 89, -9999, 99, 3, 15, -9999, -9999, 92, -9999, -9999, 93, 47, -9999, -9999, -9999, 13, 83, 39, -9999, 35, -9999, -9999, 38, -9999, -9999, -9999, 88, 7, 6, 59, 18, 41, -9999, -9999, 51, -9999, 25, 10, 56, -9999, -9999, -9999, -9999, -9999, 60, -9999, -9999, 22, 43, -9999, 80, -9999, 84, 87, -9999, 23, 72, 1, 1, 1, 1, 1],
[-9999, -9999, -9999, -9999, -9999, 39, -9999, -9999, -9999, -9999, -9999, -9999, -9999, -9999, -9999, -9999, -9999, -9999, 46, -9999, -9999, -9999, 19, 93, 64, -9999, -9999, -9999, 94, -9999, -9999, 13, 31, -9999, 11, -9999, -9999, 24, -9999, -9999, -9999, -9999, -9999, -9999, -9999, -9999, -9999, 71, -9999, -9999, -9999, -9999, -9999, -9999, -9999, -9999, -9999, -9999, -9999, -9999, -9999, -9999, -9999, -9999, -9999, -9999, 27, -9999, 41, -9999, -9999, -9999, 31, -9999, 17, -9999, -9999, -9999, -9999, -9999, -9999, -9999, -9999, -9999, -9999, 38, -9999, -9999, -9999, -9999, -9999, -9999, -9999, -9999, -9999, -9999, -9999, -9999, 41, -9999, 1, 1, 1, 1, 1],
[-9999, -9999, -9999, -9999, -9999, -9999, -9999, -9999, -9999, -9999, -9999, -9999, -9999, 43, -9999, -9999, -9999, -9999, -9999, -9999, -9999, -9999, -9999, -9999, -9999, -9999, -9999, -9999, -9999, -9999, -9999, -9999, -9999, -9999, -9999, -9999, -9999, -9999, -9999, -9999, -9999, -9999, -9999, -9999, -9999, -9999, -9999, -9999, -9999, -9999, -9999, -9999, -9999, -9999, -9999, -9999, -9999, -9999, -9999, -9999, 54, -9999, -9999, -9999, -9999, -9999, -9999, 75, -9999, -9999, -9999, -9999, -9999, -9999, -9999, -9999, -9999, -9999, -9999, -9999, -9999, -9999, -9999, -9999, -9999, -9999, -9999, 79, -9999, -9999, -9999, -9999, -9999, -9999, -9999, -9999, -9999, -9999, -9999, -9999, 1, 1, 1, 1, 1],
[-9999, -9999, -9999, -9999, -9999, -9999, -9999, -9999, -9999, -9999, -9999, -9999, -9999, 83, -9999, -9999, -9999, -9999, -9999, -9999, -9999, 56, -9999, -9999, 79, -9999, -9999, -9999, -9999, -9999, -9999, -9999, -9999, -9999, -9999, -9999, -9999, -9999, -9999, -9999, -9999, -9999, -9999, -9999, -9999, -9999, 89, -9999, -9999, -9999, -9999, -9999, -9999, -9999, -9999, -9999, -9999, -9999, -9999, -9999, -9999, -9999, -9999, -9999, -9999, -9999, -9999, 14, -9999, -9999, -9999, -9999, -9999, -9999, -9999, -9999, -9999, -9999, -9999, -9999, -9999, -9999, -9999, -9999, -9999, -9999, -9999, 25, -9999, -9999, -9999, -9999, -9999, -9999, -9999, -9999, 69, -9999, -9999, -9999, 1, 1, 1, 1, 1],
[-9999, -9999, -9999, -9999, -9999, 94, -9999, -9999, -9999, -9999, 20, -9999, -9999, -9999, -9999, -9999, -9999, -9999, -9999, -9999, -9999, -9999, -9999, 64, 87, -9999, -9999, -9999, 8, -9999, -9999, 15, -9999, -9999, -9999, -9999, -9999, 63, 1, -9999, -9999, -9999, -9999, -9999, -9999, -9999, -9999, 67, -9999, -9999, -9999, -9999, -9999, -9999, -9999, -9999, -9999, 10, -9999, -9999, -9999, -9999, -9999, -9999, -9999, -9999, 47, -9999, -9999, -9999, -9999, -9999, 87, -9999, 52, -9999, -9999, -9999, -9999, -9999, -9999, -9999, -9999, -9999, -9999, -9999, -9999, -9999, -9999, -9999, -9999, -9999, -9999, -9999, -9999, -9999, -9999, -9999, -9999, -9999, 1, 1, 1, 1, 1],
[-9999, -9999, -9999, -9999, -9999, 57, -9999, -9999, -9999, -9999, 42, -9999, -9999, -9999, -9999, -9999, -9999, -9999, -9999, -9999, -9999, -9999, -9999, 42, 98, -9999, -9999, -9999, 15, -9999, -9999, -9999, 63, -9999, 41, -9999, 83, 78, -9999, -9999, -9999, -9999, -9999, -9999, -9999, -9999, -9999, 31, -9999, -9999, -9999, 96, -9999, -9999, -9999, -9999, -9999, 38, -9999, -9999, -9999, -9999, -9999, -9999, -9999, -9999, 99, -9999, 66, -9999, -9999, -9999, 59, -9999, 76, -9999, -9999, -9999, 13, -9999, -9999, -9999, -9999, -9999, -9999, -9999, -9999, -9999, -9999, -9999, -9999, -9999, -9999, -9999, -9999, -9999, -9999, -9999, 96, -9999, 1, 1, 1, 1, 1],
[-9999, -9999, -9999, -9999, -9999, -9999, -9999, -9999, -9999, -9999, -9999, -9999, -9999, 48, -9999, -9999, -9999, -9999, -9999, -9999, -9999, 69, -9999, -9999, -9999, -9999, -9999, -9999, -9999, -9999, -9999, -9999, -9999, -9999, -9999, -9999, -9999, -9999, -9999, -9999, -9999, -9999, -9999, -9999, -9999, -9999, 86, -9999, -9999, -9999, -9999, -9999, -9999, -9999, -9999, -9999, -9999, -9999, -9999, -9999, -9999, -9999, -9999, -9999, -9999, -9999, -9999, 72, -9999, -9999, -9999, -9999, -9999, -9999, -9999, -9999, -9999, -9999, -9999, -9999, -9999, -9999, -9999, -9999, -9999, -9999, -9999, 77, -9999, -9999, -9999, -9999, -9999, -9999, -9999, -9999, 36, -9999, -9999, -9999, 1, 1, 1, 1, 1],
[-9999, -9999, -9999, -9999, -9999, 7, -9999, 25, -9999, -9999, -9999, -9999, 21, 51, 41, -9999, -9999, 79, 32, -9999, -9999, -9999, -9999, -9999, 87, -9999, 72, -9999, 20, 97, 89, -9999, 77, -9999, -9999, -9999, 50, -9999, -9999, -9999, -9999, -9999, -9999, 98, 21, -9999, 39, 49, -9999, -9999, 87, -9999, -9999, 19, 71, -9999, -9999, -9999, 70, 28, 89, 47, 28, -9999, -9999, -9999, 84, 97, -9999, -9999, -9999, -9999, 83, -9999, -9999, -9999, -9999, -9999, 2, -9999, 83, -9999, -9999, -9999, 36, -9999, -9999, 63, -9999, -9999, -9999, 41, -9999, -9999, -9999, 14, -9999, -9999, 26, 55, 1, 1, 1, 1, 1],
[-9999, -9999, -9999, -9999, -9999, 43, 47, 91, 65, -9999, -9999, -9999, -9999, -9999, 16, -9999, -9999, 57, -9999, -9999, 30, -9999, -9999, -9999, 1, 30, -9999, -9999, 67, 80, -9999, 94, -9999, -9999, 43, 44, -9999, 52, 97, -9999, -9999, -9999, 15, -9999, -9999, -9999, 58, 67, -9999, -9999, 3, -9999, -9999, -9999, 62, -9999, -9999, 79, -9999, 89, -9999, -9999, 72, -9999, -9999, -9999, -9999, 31, -9999, -9999, -9999, -9999, 37, -9999, 96, -9999, -9999, 78, 49, -9999, -9999, -9999, -9999, -9999, 46, 73, 78, 2, -9999, -9999, -9999, 81, -9999, -9999, 6, 18, -9999, -9999, 39, 3, 1, 1, 1, 1, 1],
[-9999, -9999, -9999, -9999, -9999, 62, -9999, -9999, -9999, -9999, 21, -9999, 33, 17, 30, -9999, -9999, 19, 100, -9999, 8, 73, 81, -9999, 65, 2, 18, 32, -9999, -9999, -9999, 59, -9999, -9999, -9999, 42, 74, -9999, -9999, -9999, -9999, 16, -9999, 93, -9999, -9999, 43, 97, -9999, -9999, 58, -9999, -9999, -9999, 69, -9999, -9999, 87, -9999, 29, 82, -9999, 31, -9999, -9999, -9999, 38, -9999, 5, -9999, -9999, -9999, 39, 35, -9999, -9999, -9999, -9999, -9999, -9999, -9999, -9999, -9999, -9999, -9999, 10, -9999, 92, -9999, -9999, -9999, 28, -9999, -9999, -9999, 33, -9999, -9999, 86, 25, 1, 1, 1, 1, 1],
[-9999, -9999, -9999, -9999, -9999, -9999, -9999, -9999, -9999, -9999, -9999, -9999, -9999, 19, -9999, -9999, -9999, -9999, -9999, -9999, -9999, -9999, -9999, -9999, 51, -9999, -9999, -9999, -9999, -9999, -9999, -9999, -9999, -9999, -9999, -9999, -9999, -9999, -9999, -9999, -9999, -9999, -9999, -9999, -9999, -9999, 53, -9999, -9999, -9999, -9999, -9999, -9999, -9999, -9999, -9999, -9999, -9999, 25, -9999, -9999, -9999, 80, -9999, -9999, -9999, -9999, -9999, -9999, -9999, -9999, -9999, -9999, -9999, -9999, -9999, -9999, -9999, -9999, -9999, -9999, -9999, -9999, -9999, -9999, -9999, -9999, 24, -9999, -9999, -9999, -9999, -9999, -9999, -9999, -9999, -9999, -9999, -9999, -9999, 1, 1, 1, 1, 1],
[-9999, -9999, -9999, -9999, -9999, 99, -9999, -9999, 26, 53, 49, -9999, 7, -9999, -9999, -9999, -9999, 71, 50, 79, 38, 76, 66, -9999, 49, -9999, 15, -9999, 65, 68, 62, 33, 77, -9999, -9999, 44, -9999, 20, 30, -9999, -9999, -9999, -9999, 31, -9999, 28, 94, 31, -9999, 40, -9999, -9999, -9999, 25, 39, 52, -9999, -9999, 42, 45, -9999, -9999, 69, -9999, 32, -9999, 99, 73, -9999, 44, -9999, 11, 50, 15, 42, -9999, -9999, -9999, -9999, -9999, -9999, 85, -9999, -9999, 61, 14, -9999, 73, 15, 54, -9999, 27, -9999, 89, -9999, 13, 18, -9999, -9999, 3, 1, 1, 1, 1, 1],
[-9999, -9999, -9999, -9999, -9999, 86, -9999, -9999, -9999, -9999, -9999, -9999, 69, 10, -9999, -9999, -9999, 43, 84, -9999, -9999, 70, 65, -9999, 3, 92, -9999, -9999, 31, -9999, 90, 73, -9999, -9999, 83, -9999, 28, -9999, 30, 2, -9999, -9999, -9999, 4, 55, 6, 95, 68, -9999, -9999, 75, 61, -9999, -9999, 35, 53, -9999, -9999, 5, -9999, -9999, 43, -9999, -9999, -9999, -9999, 83, -9999, -9999, -9999, -9999, -9999, -9999, 12, -9999, -9999, -9999, 26, 77, -9999, -9999, 25, 81, -9999, -9999, 10, 55, 35, -9999, -9999, -9999, 96, -9999, -9999, -9999, 62, -9999, -9999, 73, 38, 1, 1, 1, 1, 1],
[-9999, -9999, -9999, -9999, -9999, 13, -9999, -9999, -9999, -9999, 16, -9999, -9999, -9999, 56, -9999, -9999, -9999, 64, -9999, -9999, -9999, -9999, 15, 69, -9999, -9999, -9999, -9999, -9999, -9999, 20, 16, -9999, 31, -9999, -9999, 41, -9999, -9999, -9999, -9999, -9999, -9999, -9999, -9999, -9999, 41, -9999, -9999, -9999, -9999, -9999, -9999, -9999, -9999, -9999, 94, -9999, -9999, -9999, -9999, -9999, -9999, -9999, -9999, -9999, -9999, -9999, -9999, -9999, -9999, 3, -9999, -9999, -9999, -9999, -9999, 69, -9999, -9999, -9999, -9999, -9999, -9999, 30, -9999, -9999, -9999, -9999, -9999, -9999, -9999, -9999, -9999, -9999, -9999, -9999, 92, -9999, 1, 1, 1, 1, 1],
[-9999, -9999, -9999, -9999, -9999, 9, -9999, -9999, -9999, -9999, -9999, -9999, -9999, -9999, -9999, -9999, -9999, -9999, 33, -9999, -9999, -9999, 14, -9999, 76, -9999, -9999, -9999, -9999, -9999, -9999, 62, 3, -9999, -9999, -9999, -9999, -9999, -9999, -9999, -9999, -9999, -9999, -9999, -9999, -9999, -9999, 100, -9999, -9999, -9999, -9999, -9999, -9999, -9999, -9999, -9999, -9999, -9999, -9999, -9999, -9999, -9999, -9999, -9999, -9999, -9999, -9999, 39, -9999, -9999, -9999, 79, -9999, -9999, -9999, -9999, -9999, 6, -9999, -9999, -9999, -9999, -9999, -9999, -9999, -9999, -9999, -9999, -9999, -9999, -9999, -9999, -9999, -9999, -9999, -9999, -9999, 57, -9999, 1, 1, 1, 1, 1],
[-9999, -9999, -9999, -9999, -9999, 26, -9999, -9999, -9999, -9999, 76, -9999, 86, 23, -9999, -9999, -9999, 48, -9999, -9999, 25, 56, 82, 69, 60, -9999, 42, -9999, 93, -9999, -9999, 9, 6, -9999, -9999, 78, 81, 42, -9999, 86, -9999, -9999, 26, -9999, -9999, -9999, 83, 7, -9999, -9999, -9999, -9999, 9, -9999, 37, -9999, -9999, 46, 28, 49, 89, 61, 29, -9999, -9999, -9999, 8, -9999, 34, -9999, -9999, -9999, 8, 6, 22, -9999, -9999, -9999, 69, -9999, 25, -9999, -9999, -9999, -9999, -9999, -9999, 29, -9999, -9999, -9999, -9999, -9999, -9999, 68, 44, -9999, -9999, -9999, 82, 1, 1, 1, 1, 1],
[-9999, -9999, -9999, -9999, -9999, 82, -9999, -9999, -9999, -9999, -9999, -9999, -9999, -9999, -9999, -9999, -9999, -9999, 60, -9999, -9999, -9999, -9999, 93, 81, -9999, -9999, -9999, 100, -9999, -9999, -9999, -9999, -9999, 99, -9999, -9999, -9999, -9999, -9999, -9999, -9999, -9999, -9999, -9999, -9999, -9999, 98, -9999, -9999, -9999, -9999, -9999, -9999, -9999, -9999, -9999, 47, -9999, -9999, -9999, -9999, -9999, 38, -9999, -9999, 18, -9999, -9999, -9999, -9999, -9999, 1, -9999, -9999, -9999, -9999, -9999, -9999, -9999, -9999, -9999, -9999, -9999, -9999, 18, -9999, -9999, -9999, -9999, -9999, -9999, -9999, -9999, 55, -9999, -9999, -9999, -9999, -9999, 1, 1, 1, 1, 1],
[-9999, -9999, -9999, -9999, -9999, 56, -9999, 47, 66, -9999, 23, -9999, -9999, -9999, -9999, -9999, -9999, 12, -9999, -9999, 61, -9999, -9999, 73, 10, -9999, 68, -9999, 94, -9999, 18, 50, 53, -9999, -9999, 63, -9999, 35, -9999, -9999, -9999, -9999, 28, 10, -9999, -9999, 27, 74, -9999, -9999, 9, 53, -9999, 57, 60, 38, -9999, 26, 37, 85, 77, 42, -9999, -9999, -9999, -9999, 65, -9999, 76, -9999, -9999, -9999, 86, 46, 66, -9999, -9999, 3, 58, -9999, -9999, 76, -9999, -9999, 53, 65, -9999, 84, -9999, -9999, -9999, 96, -9999, -9999, -9999, 97, -9999, -9999, 66, 85, 1, 1, 1, 1, 1],
[-9999, -9999, -9999, -9999, -9999, 65, -9999, -9999, 86, -9999, -9999, -9999, -9999, 90, -9999, -9999, -9999, 95, -9999, -9999, 11, 20, -9999, -9999, -9999, 71, 8, -9999, 45, -9999, 54, 25, -9999, -9999, -9999, 43, -9999, 6, -9999, -9999, -9999, -9999, -9999, -9999, -9999, 10, -9999, 11, 43, -9999, 52, -9999, -9999, 91, 94, 38, -9999, 17, 33, 12, 29, -9999, 85, -9999, -9999, -9999, -9999, -9999, -9999, -9999, -9999, -9999, 42, -9999, -9999, -9999, -9999, -9999, -9999, -9999, 29, 91, -9999, -9999, -9999, 30, -9999, 68, -9999, -9999, -9999, 14, -9999, -9999, -9999, 27, -9999, -9999, -9999, 66, 1, 1, 1, 1, 1],
[-9999, -9999, -9999, -9999, -9999, 41, -9999, 91, -9999, -9999, 22, -9999, 96, 96, 80, -9999, -9999, 99, -9999, -9999, -9999, -9999, 10, 23, -9999, -9999, 70, -9999, -9999, 76, -9999, -9999, -9999, -9999, 2, -9999, -9999, -9999, -9999, -9999, -9999, -9999, -9999, -9999, -9999, 84, 21, -9999, -9999, -9999, 100, -9999, -9999, -9999, 97, 75, -9999, -9999, -9999, 16, 79, 86, 29, 50, -9999, -9999, 52, 19, 44, -9999, -9999, -9999, 48, 55, 52, -9999, -9999, -9999, 68, -9999, 9, -9999, -9999, -9999, 71, 53, -9999, 37, -9999, -9999, -9999, 19, -9999, -9999, -9999, 54, -9999, -9999, -9999, 90, 1, 1, 1, 1, 1],
[-9999, -9999, -9999, -9999, -9999, 18, -9999, -9999, -9999, -9999, 67, -9999, -9999, -9999, -9999, -9999, -9999, -9999, -9999, -9999, -9999, -9999, 78, 90, 69, -9999, -9999, -9999, 84, -9999, -9999, 10, -9999, -9999, -9999, -9999, -9999, -9999, -9999, -9999, -9999, -9999, -9999, -9999, -9999, -9999, -9999, 86, -9999, -9999, -9999, 52, -9999, -9999, -9999, -9999, -9999, -9999, -9999, -9999, -9999, -9999, -9999, -9999, -9999, -9999, 32, -9999, 3, -9999, -9999, -9999, 6, -9999, 52, -9999, -9999, -9999, 50, -9999, -9999, -9999, -9999, -9999, -9999, -9999, -9999, -9999, -9999, -9999, -9999, -9999, -9999, -9999, -9999, -9999, -9999, -9999, 79, -9999, 1, 1, 1, 1, 1],
[-9999, -9999, -9999, -9999, -9999, 39, -9999, -9999, -9999, -9999, -9999, -9999, -9999, -9999, -9999, -9999, -9999, -9999, 91, -9999, -9999, -9999, -9999, -9999, 67, -9999, -9999, -9999, 58, -9999, -9999, -9999, -9999, -9999, -9999, -9999, -9999, -9999, -9999, -9999, -9999, -9999, -9999, -9999, -9999, -9999, -9999, 63, -9999, -9999, -9999, -9999, -9999, -9999, -9999, -9999, -9999, 42, -9999, -9999, -9999, -9999, -9999, -9999, -9999, -9999, -9999, -9999, -9999, -9999, -9999, -9999, 9, -9999, 27, -9999, -9999, -9999, 21, -9999, -9999, -9999, -9999, -9999, -9999, 3, -9999, -9999, -9999, -9999, -9999, -9999, -9999, -9999, -9999, -9999, -9999, -9999, 43, -9999, 1, 1, 1, 1, 1],
[-9999, -9999, -9999, -9999, -9999, -9999, -9999, -9999, -9999, -9999, -9999, -9999, -9999, 54, -9999, -9999, -9999, -9999, -9999, -9999, -9999, 78, -9999, -9999, -9999, -9999, -9999, -9999, -9999, -9999, -9999, -9999, -9999, -9999, -9999, -9999, -9999, -9999, -9999, -9999, -9999, -9999, -9999, -9999, -9999, -9999, 53, -9999, -9999, -9999, -9999, -9999, -9999, -9999, -9999, -9999, -9999, -9999, 95, -9999, -9999, -9999, 67, -9999, -9999, -9999, -9999, -9999, -9999, -9999, -9999, -9999, -9999, -9999, -9999, -9999, -9999, -9999, -9999, -9999, -9999, -9999, -9999, -9999, -9999, -9999, -9999, 69, -9999, -9999, -9999, -9999, -9999, -9999, -9999, -9999, -9999, -9999, -9999, -9999, 1, 1, 1, 1, 1],
[-9999, -9999, -9999, -9999, -9999, 79, -9999, -9999, -9999, -9999, 87, -9999, -9999, -9999, 7, -9999, -9999, -9999, 20, -9999, -9999, -9999, -9999, -9999, -9999, -9999, -9999, -9999, -9999, -9999, -9999, 43, -9999, -9999, -9999, -9999, -9999, 72, -9999, -9999, -9999, -9999, -9999, -9999, -9999, -9999, -9999, 41, -9999, -9999, -9999, -9999, -9999, -9999, -9999, -9999, -9999, 86, -9999, -9999, -9999, -9999, -9999, -9999, -9999, -9999, 3, -9999, -9999, -9999, -9999, -9999, 18, -9999, 52, -9999, -9999, -9999, 53, -9999, -9999, -9999, -9999, -9999, -9999, -9999, -9999, -9999, -9999, -9999, -9999, -9999, -9999, -9999, -9999, -9999, -9999, -9999, -9999, -9999, 1, 1, 1, 1, 1],
[-9999, -9999, -9999, -9999, -9999, 76, -9999, -9999, -9999, -9999, 85, -9999, -9999, -9999, 89, -9999, -9999, -9999, 37, -9999, -9999, -9999, -9999, 86, 35, -9999, -9999, -9999, 49, -9999, -9999, -9999, 22, -9999, -9999, -9999, -9999, 77, -9999, -9999, -9999, -9999, -9999, -9999, -9999, -9999, -9999, 74, -9999, -9999, -9999, -9999, -9999, -9999, -9999, -9999, -9999, -9999, -9999, -9999, -9999, -9999, -9999, -9999, -9999, -9999, -9999, -9999, -9999, -9999, -9999, -9999, 88, -9999, 32, -9999, -9999, -9999, 66, -9999, -9999, -9999, -9999, -9999, -9999, -9999, -9999, -9999, -9999, -9999, -9999, -9999, -9999, -9999, -9999, -9999, -9999, -9999, 53, -9999, 1, 1, 1, 1, 1],
[-9999, -9999, -9999, -9999, -9999, 97, -9999, -9999, -9999, 96, -9999, -9999, -9999, -9999, 24, -9999, -9999, -9999, 40, -9999, -9999, -9999, -9999, 41, 87, -9999, -9999, -9999, -9999, -9999, -9999, 84, -9999, -9999, 61, -9999, 82, 96, 40, -9999, 28, -9999, -9999, -9999, -9999, -9999, -9999, 84, -9999, -9999, -9999, -9999, -9999, -9999, -9999, -9999, -9999, -9999, -9999, -9999, -9999, -9999, -9999, -9999, -9999, -9999, 57, -9999, -9999, -9999, -9999, -9999, 7, -9999, -9999, -9999, -9999, -9999, 14, 82, -9999, -9999, -9999, -9999, -9999, 19, -9999, -9999, -9999, -9999, -9999, -9999, -9999, 48, -9999, -9999, -9999, -9999, 60, -9999, 1, 1, 1, 1, 1],
[-9999, -9999, -9999, -9999, -9999, 89, -9999, -9999, -9999, 76, -9999, 52, 33, -9999, -9999, 1, -9999, 15, 29, 14, 41, -9999, 53, -9999, 7, 59, -9999, -9999, 78, -9999, -9999, 73, 29, -9999, 68, 46, 76, 72, 60, -9999, 11, -9999, -9999, -9999, 98, -9999, 54, 3, -9999, -9999, 68, -9999, -9999, -9999, -9999, 64, -9999, -9999, 94, -9999, 6, -9999, -9999, -9999, -9999, 27, -9999, 5, -9999, 57, -9999, 34, 63, 100, 7, -9999, -9999, -9999, 77, 95, 54, -9999, -9999, -9999, 2, -9999, -9999, 98, -9999, 51, -9999, 15, 97, 5, -9999, 59, 97, -9999, -9999, -9999, 1, 1, 1, 1, 1],
[-9999, -9999, -9999, -9999, -9999, 19, -9999, -9999, 29, -9999, 20, -9999, 35, -9999, -9999, -9999, -9999, 80, -9999, -9999, 31, -9999, -9999, 3, -9999, 69, 56, -9999, 41, -9999, -9999, -9999, 94, -9999, -9999, 60, 46, 30, -9999, 56, -9999, -9999, 7, -9999, 93, -9999, 33, 31, 43, -9999, -9999, -9999, -9999, 94, 89, -9999, -9999, -9999, -9999, -9999, 37, 49, -9999, -9999, -9999, -9999, -9999, 17, 42, -9999, -9999, -9999, 75, 65, 68, -9999, -9999, -9999, 68, -9999, 57, 89, -9999, -9999, -9999, -9999, -9999, -9999, -9999, -9999, -9999, -9999, -9999, -9999, -9999, 23, -9999, -9999, -9999, -9999, 1, 1, 1, 1, 1],
[-9999, -9999, -9999, -9999, -9999, 28, -9999, -9999, -9999, -9999, 90, -9999, 72, 95, -9999, -9999, -9999, 7, 76, -9999, -9999, 24, -9999, 47, 16, -9999, 24, -9999, -9999, -9999, -9999, 89, 65, -9999, -9999, 80, 42, -9999, 92, 17, -9999, -9999, 68, 76, -9999, 90, 2, 99, -9999, -9999, -9999, -9999, -9999, -9999, 52, 15, -9999, 86, 19, -9999, -9999, 51, 29, -9999, -9999, -9999, 52, -9999, 40, -9999, -9999, -9999, 94, -9999, 35, -9999, -9999, 5, -9999, -9999, 72, 43, -9999, -9999, 35, 49, -9999, 33, -9999, -9999, -9999, -9999, -9999, -9999, -9999, 66, -9999, -9999, 19, 78, 1, 1, 1, 1, 1],
[-9999, -9999, -9999, -9999, -9999, 43, 94, -9999, -9999, -9999, 87, -9999, 80, -9999, 52, -9999, -9999, 86, -9999, -9999, 88, -9999, -9999, -9999, 26, 12, 9, -9999, 89, 30, 22, -9999, 92, -9999, -9999, 89, 90, -9999, -9999, 56, -9999, -9999, 59, -9999, 96, 40, 97, 11, -9999, -9999, 55, -9999, -9999, 17, 57, -9999, -9999, -9999, 96, -9999, 36, -9999, 17, -9999, -9999, -9999, 5, -9999, -9999, -9999, -9999, -9999, 6, 12, -9999, -9999, -9999, 51, -9999, -9999, 26, 80, -9999, -9999, -9999, -9999, 42, 60, -9999, -9999, -9999, -9999, -9999, -9999, -9999, 10, -9999, -9999, -9999, -9999, 1, 1, 1, 1, 1],
[-9999, -9999, -9999, -9999, -9999, 65, -9999, -9999, -9999, -9999, 98, -9999, -9999, -9999, -9999, -9999, -9999, -9999, 42, -9999, -9999, -9999, 19, 68, 48, -9999, -9999, -9999, 47, -9999, -9999, -9999, 69, -9999, 95, -9999, -9999, 9, -9999, -9999, -9999, -9999, -9999, -9999, -9999, -9999, -9999, 23, -9999, -9999, -9999, -9999, -9999, -9999, -9999, -9999, -9999, -9999, -9999, -9999, -9999, -9999, -9999, -9999, -9999, -9999, 56, -9999, 3, -9999, -9999, -9999, 60, -9999, -9999, -9999, -9999, -9999, 20, -9999, -9999, -9999, -9999, -9999, -9999, 79, 97, -9999, -9999, -9999, -9999, -9999, -9999, -9999, -9999, -9999, -9999, -9999, 38, -9999, 1, 1, 1, 1, 1],
[-9999, -9999, -9999, -9999, -9999, 76, -9999, -9999, -9999, -9999, 43, -9999, -9999, -9999, -9999, -9999, -9999, -9999, -9999, -9999, -9999, -9999, -9999, 97, 55, -9999, -9999, -9999, 31, -9999, -9999, 57, -9999, -9999, -9999, -9999, -9999, -9999, 48, -9999, -9999, 40, -9999, -9999, -9999, -9999, -9999, 1, -9999, -9999, -9999, -9999, -9999, -9999, -9999, -9999, -9999, 68, -9999, -9999, -9999, -9999, -9999, -9999, -9999, -9999, 50, -9999, 85, -9999, -9999, -9999, 35, -9999, 91, -9999, -9999, -9999, -9999, -9999, -9999, -9999, -9999, -9999, -9999, -9999, -9999, -9999, -9999, -9999, -9999, -9999, -9999, -9999, -9999, -9999, -9999, -9999, -9999, -9999, 1, 1, 1, 1, 1],
[-9999, -9999, -9999, -9999, -9999, 2, -9999, 83, -9999, -9999, 63, -9999, 65, -9999, -9999, -9999, -9999, 97, 89, -9999, 58, -9999, 48, 75, -9999, 72, 64, -9999, 65, -9999, 87, 23, 47, -9999, -9999, 74, -9999, 19, -9999, -9999, -9999, -9999, -9999, 79, -9999, 100, 75, 91, -9999, 98, 37, 50, -9999, 99, 95, 28, -9999, 2, -9999, 28, -9999, 5, -9999, -9999, -9999, -9999, 8, -9999, 45, -9999, -9999, -9999, 48, 37, -9999, -9999, -9999, -9999, -9999, -9999, 81, -9999, -9999, -9999, 42, -9999, -9999, 17, -9999, -9999, -9999, -9999, -9999, -9999, -9999, 41, -9999, -9999, 15, -9999, 1, 1, 1, 1, 1],
[-9999, -9999, -9999, -9999, -9999, 3, -9999, -9999, -9999, -9999, -9999, -9999, -9999, -9999, 81, -9999, -9999, -9999, -9999, -9999, -9999, -9999, 83, -9999, 98, -9999, -9999, -9999, -9999, -9999, -9999, -9999, 28, -9999, 4, -9999, 66, -9999, -9999, -9999, -9999, -9999, -9999, -9999, -9999, -9999, -9999, 54, -9999, -9999, -9999, -9999, -9999, -9999, -9999, -9999, -9999, 62, -9999, -9999, -9999, -9999, -9999, -9999, -9999, -9999, 12, -9999, -9999, -9999, -9999, -9999, 24, -9999, -9999, -9999, -9999, -9999, 78, -9999, -9999, -9999, -9999, -9999, -9999, -9999, -9999, -9999, -9999, -9999, -9999, -9999, -9999, -9999, -9999, -9999, -9999, -9999, 40, -9999, 1, 1, 1, 1, 1],
[-9999, -9999, -9999, -9999, -9999, 11, -9999, -9999, -9999, -9999, 70, -9999, -9999, -9999, -9999, -9999, -9999, -9999, -9999, -9999, -9999, -9999, -9999, 16, 75, -9999, -9999, -9999, 3, -9999, -9999, -9999, 74, -9999, 51, -9999, -9999, -9999, -9999, -9999, -9999, 87, -9999, -9999, -9999, -9999, -9999, 57, -9999, -9999, -9999, -9999, -9999, -9999, -9999, -9999, -9999, -9999, -9999, -9999, -9999, -9999, -9999, -9999, -9999, -9999, 41, -9999, -9999, -9999, -9999, -9999, 38, -9999, -9999, -9999, -9999, -9999, -9999, -9999, -9999, -9999, -9999, -9999, -9999, -9999, -9999, -9999, -9999, -9999, -9999, -9999, -9999, -9999, -9999, -9999, -9999, -9999, 86, -9999, 1, 1, 1, 1, 1],
[-9999, -9999, -9999, -9999, -9999, 8, -9999, -9999, -9999, -9999, 9, -9999, -9999, -9999, 71, -9999, -9999, -9999, -9999, -9999, -9999, -9999, -9999, 85, 11, -9999, -9999, -9999, -9999, -9999, -9999, 31, 35, -9999, 16, -9999, 24, 8, -9999, -9999, -9999, -9999, -9999, -9999, -9999, -9999, -9999, 4, -9999, -9999, -9999, 95, -9999, -9999, -9999, -9999, -9999, 91, -9999, -9999, -9999, -9999, -9999, -9999, -9999, -9999, 12, -9999, 4, -9999, -9999, -9999, 54, -9999, 98, -9999, -9999, -9999, -9999, -9999, -9999, -9999, -9999, -9999, -9999, 83, -9999, -9999, -9999, -9999, -9999, -9999, -9999, -9999, 13, -9999, -9999, -9999, -9999, -9999, 1, 1, 1, 1, 1],
[-9999, -9999, -9999, -9999, -9999, -9999, -9999, -9999, -9999, -9999, -9999, -9999, -9999, 34, -9999, -9999, -9999, -9999, -9999, -9999, -9999, -9999, -9999, -9999, -9999, -9999, -9999, -9999, -9999, -9999, -9999, -9999, -9999, -9999, -9999, -9999, -9999, -9999, -9999, -9999, -9999, -9999, -9999, -9999, -9999, -9999, 10, -9999, -9999, -9999, -9999, -9999, -9999, -9999, -9999, -9999, -9999, -9999, -9999, -9999, -9999, -9999, -9999, -9999, -9999, -9999, -9999, 3, -9999, -9999, -9999, -9999, -9999, -9999, -9999, -9999, -9999, -9999, -9999, -9999, -9999, -9999, -9999, -9999, -9999, -9999, -9999, 32, -9999, -9999, -9999, -9999, -9999, -9999, -9999, -9999, -9999, -9999, -9999, -9999, 1, 1, 1, 1, 1],
[-9999, -9999, -9999, -9999, -9999, 38, -9999, 34, -9999, -9999, -9999, -9999, -9999, -9999, -9999, -9999, -9999, 73, 99, -9999, -9999, 34, 5, -9999, -9999, 92, 8, -9999, 38, -9999, -9999, 45, 78, -9999, -9999, -9999, 29, 51, -9999, 58, -9999, -9999, 39, -9999, 87, 10, -9999, 6, -9999, -9999, 45, -9999, 14, 4, 72, 46, -9999, 58, -9999, -9999, 57, 24, 71, -9999, -9999, -9999, -9999, -9999, -9999, -9999, -9999, -9999, 27, 30, 10, -9999, -9999, -9999, 35, -9999, -9999, -9999, -9999, -9999, -9999, 44, -9999, 73, -9999, -9999, -9999, -9999, -9999, -9999, -9999, 8, -9999, -9999, 64, -9999, 1, 1, 1, 1, 1],
[-9999, -9999, -9999, -9999, -9999, -9999, -9999, -9999, -9999, -9999, -9999, -9999, -9999, 15, -9999, -9999, -9999, -9999, -9999, -9999, -9999, 52, -9999, -9999, -9999, -9999, -9999, -9999, -9999, -9999, -9999, -9999, -9999, -9999, -9999, -9999, -9999, -9999, -9999, -9999, -9999, -9999, -9999, -9999, -9999, -9999, 50, -9999, -9999, -9999, -9999, -9999, -9999, -9999, -9999, -9999, -9999, -9999, -9999, -9999, 54, -9999, 12, -9999, -9999, -9999, -9999, -9999, -9999, -9999, -9999, -9999, -9999, -9999, -9999, -9999, -9999, -9999, -9999, -9999, -9999, -9999, -9999, -9999, -9999, -9999, -9999, 4, -9999, -9999, -9999, -9999, -9999, -9999, -9999, -9999, 88, -9999, -9999, -9999, 1, 1, 1, 1, 1],
[-9999, -9999, -9999, -9999, -9999, 77, -9999, 62, 22, -9999, -9999, -9999, 90, 73, 98, -9999, -9999, 70, -9999, -9999, -9999, 48, 5, -9999, -9999, 88, -9999, 60, 49, -9999, 53, 91, 87, -9999, -9999, 24, -9999, -9999, -9999, -9999, -9999, -9999, 55, -9999, 32, -9999, 22, 32, -9999, -9999, -9999, -9999, -9999, 8, 8, 95, -9999, 56, -9999, 71, -9999, -9999, -9999, -9999, -9999, -9999, 14, -9999, -9999, -9999, -9999, -9999, 95, 47, 60, -9999, -9999, 73, 99, -9999, 96, 21, -9999, -9999, -9999, -9999, -9999, 23, -9999, -9999, -9999, 95, -9999, -9999, -9999, 95, -9999, -9999, 77, 39, 1, 1, 1, 1, 1],
[-9999, -9999, -9999, -9999, -9999, 19, -9999, 58, 52, -9999, 26, -9999, 35, -9999, -9999, -9999, 83, 91, 55, -9999, -9999, -9999, -9999, -9999, 86, 92, 81, -9999, 98, -9999, -9999, -9999, 97, -9999, -9999, -9999, 7, 14, -9999, 72, -9999, -9999, -9999, -9999, 73, 51, 88, 55, -9999, -9999, 76, -9999, -9999, 76, 20, -9999, -9999, -9999, 13, 9, 49, -9999, -9999, -9999, -9999, -9999, 83, -9999, -9999, -9999, -9999, -9999, 91, -9999, 18, -9999, -9999, 11, 73, -9999, 51, -9999, -9999, -9999, 55, 33, -9999, 64, -9999, -9999, -9999, -9999, -9999, -9999, -9999, 60, -9999, -9999, 71, 4, 1, 1, 1, 1, 1],
[-9999, -9999, -9999, -9999, -9999, 29, -9999, -9999, -9999, -9999, -9999, -9999, -9999, 28, -9999, 46, -9999, 24, 45, -9999, 70, -9999, -9999, 24, -9999, 38, 16, -9999, 17, -9999, -9999, 61, -9999, 100, 6, 32, 72, 54, 17, 31, 10, -9999, -9999, 73, -9999, -9999, 45, 90, -9999, 50, -9999, -9999, -9999, 3, 99, -9999, -9999, 69, 86, 85, -9999, 73, -9999, -9999, 9, -9999, 10, 14, -9999, -9999, 76, 75, 34, -9999, 20, -9999, 93, 41, 77, -9999, -9999, 16, -9999, -9999, 74, 94, -9999, 86, -9999, 15, -9999, 38, 58, 86, -9999, 64, 27, 10, 63, 8, 1, 1, 1, 1, 1],
[-9999, -9999, -9999, -9999, -9999, -9999, -9999, -9999, -9999, -9999, -9999, -9999, -9999, 68, -9999, -9999, -9999, -9999, -9999, -9999, -9999, -9999, -9999, -9999, -9999, -9999, -9999, -9999, -9999, -9999, -9999, -9999, -9999, -9999, -9999, -9999, -9999, -9999, -9999, -9999, -9999, -9999, -9999, -9999, -9999, -9999, 37, -9999, -9999, -9999, -9999, -9999, -9999, -9999, -9999, -9999, -9999, -9999, -9999, -9999, -9999, -9999, 86, -9999, -9999, -9999, -9999, 59, -9999, -9999, -9999, -9999, -9999, -9999, -9999, -9999, -9999, -9999, -9999, -9999, -9999, -9999, -9999, -9999, -9999, -9999, -9999, 49, -9999, -9999, -9999, -9999, -9999, -9999, -9999, -9999, -9999, -9999, -9999, -9999, 1, 1, 1, 1, 1],
[-9999, -9999, -9999, -9999, -9999, 30, -9999, -9999, 76, -9999, 61, -9999, -9999, 51, 3, -9999, -9999, -9999, -9999, -9999, -9999, 44, -9999, -9999, 10, -9999, -9999, -9999, 95, -9999, 91, 64, 25, -9999, -9999, -9999, -9999, -9999, -9999, 54, -9999, -9999, 18, 85, 32, 84, 42, 73, -9999, -9999, -9999, -9999, -9999, -9999, 56, -9999, -9999, -9999, 44, -9999, 33, -9999, -9999, -9999, -9999, -9999, 54, -9999, 30, -9999, -9999, -9999, 39, -9999, 76, -9999, -9999, 65, 42, -9999, 60, 27, -9999, -9999, -9999, 2, -9999, 80, -9999, -9999, -9999, 43, -9999, -9999, 4, 84, -9999, -9999, 94, -9999, 1, 1, 1, 1, 1],
[-9999, -9999, -9999, -9999, -9999, 31, 80, 86, 68, -9999, 89, -9999, 80, 31, -9999, -9999, -9999, 77, -9999, -9999, -9999, -9999, -9999, -9999, 94, -9999, -9999, -9999, 20, -9999, 84, 40, 42, -9999, 34, 92, 92, 82, -9999, 46, -9999, -9999, -9999, -9999, -9999, 28, 25, 48, -9999, -9999, -9999, -9999, 98, 82, -9999, -9999, -9999, 54, -9999, -9999, -9999, -9999, 45, -9999, -9999, -9999, -9999, -9999, -9999, -9999, -9999, -9999, -9999, 78, 34, -9999, 85, 21, 27, -9999, -9999, -9999, -9999, -9999, 41, 96, -9999, 87, -9999, -9999, -9999, 76, -9999, -9999, -9999, 38, -9999, -9999, 19, -9999, 1, 1, 1, 1, 1],
[-9999, -9999, -9999, -9999, -9999, 49, -9999, 93, -9999, -9999, -9999, -9999, 5, 30, 94, -9999, -9999, 24, -9999, -9999, -9999, 21, -9999, 87, -9999, 9, -9999, -9999, 42, 96, -9999, -9999, 2, -9999, -9999, -9999, 72, 69, -9999, 3, -9999, -9999, -9999, -9999, -9999, 27, 49, 15, -9999, -9999, 26, -9999, -9999, 34, 4, -9999, -9999, 22, 28, 85, 32, 73, 98, -9999, -9999, -9999, 40, -9999, 44, -9999, -9999, -9999, 78, -9999, 11, -9999, -9999, 51, -9999, -9999, 86, 96, -9999, -9999, 43, 74, -9999, 70, -9999, -9999, -9999, -9999, -9999, -9999, -9999, 47, -9999, -9999, 46, 98, 1, 1, 1, 1, 1],
[-9999, -9999, -9999, -9999, -9999, 39, -9999, -9999, -9999, -9999, -9999, -9999, -9999, -9999, -9999, -9999, -9999, -9999, 25, -9999, -9999, -9999, 10, 73, 80, -9999, -9999, -9999, -9999, -9999, -9999, 98, -9999, -9999, -9999, -9999, 77, 5, -9999, -9999, -9999, -9999, -9999, -9999, -9999, -9999, -9999, 58, -9999, -9999, -9999, -9999, -9999, -9999, -9999, -9999, -9999, -9999, -9999, -9999, -9999, -9999, -9999, -9999, -9999, -9999, -9999, -9999, 66, -9999, -9999, -9999, 20, -9999, -9999, -9999, -9999, -9999, 49, -9999, -9999, -9999, -9999, -9999, -9999, 5, -9999, -9999, -9999, -9999, -9999, -9999, -9999, -9999, -9999, -9999, -9999, -9999, 82, -9999, 1, 1, 1, 1, 1],
[-9999, -9999, -9999, -9999, -9999, 1, -9999, 15, 54, -9999, 58, -9999, -9999, -9999, 6, -9999, 65, 32, -9999, -9999, -9999, -9999, 61, 43, -9999, 79, 12, -9999, -9999, -9999, -9999, -9999, 80, -9999, -9999, -9999, -9999, 76, -9999, -9999, -9999, -9999, -9999, 27, 86, -9999, 56, 56, -9999, -9999, -9999, -9999, -9999, 70, 56, -9999, -9999, 99, 59, 10, 63, 44, -9999, -9999, -9999, -9999, 95, 73, -9999, -9999, -9999, -9999, 1, 22, 50, -9999, -9999, -9999, 86, -9999, -9999, 35, 5, -9999, -9999, -9999, -9999, 43, -9999, -9999, -9999, 2, -9999, -9999, -9999, 61, -9999, -9999, -9999, -9999, 1, 1, 1, 1, 1],
[-9999, -9999, -9999, -9999, -9999, 29, -9999, -9999, -9999, -9999, -9999, -9999, -9999, -9999, -9999, -9999, -9999, -9999, 81, -9999, -9999, -9999, -9999, 81, 49, -9999, -9999, -9999, 17, -9999, -9999, -9999, -9999, -9999, -9999, -9999, -9999, 10, -9999, -9999, -9999, 77, -9999, -9999, -9999, -9999, -9999, 45, -9999, -9999, -9999, -9999, -9999, -9999, -9999, -9999, -9999, 98, -9999, -9999, -9999, -9999, -9999, -9999, -9999, -9999, 75, -9999, 44, -9999, -9999, -9999, 59, -9999, -9999, -9999, -9999, -9999, 67, -9999, -9999, -9999, -9999, -9999, -9999, 92, -9999, -9999, -9999, -9999, -9999, -9999, -9999, -9999, -9999, -9999, -9999, -9999, 98, -9999, 1, 1, 1, 1, 1],
[-9999, -9999, -9999, -9999, -9999, 67, -9999, 94, 21, -9999, 74, -9999, 7, 56, 21, -9999, -9999, 83, -9999, -9999, -9999, -9999, -9999, -9999, -9999, -9999, 8, -9999, 98, -9999, -9999, 13, -9999, -9999, 64, 79, -9999, 90, -9999, -9999, -9999, -9999, 15, -9999, -9999, 25, 2, 52, -9999, -9999, -9999, -9999, -9999, -9999, 19, -9999, -9999, -9999, 97, 77, 58, 61, 43, -9999, -9999, -9999, 93, 31, -9999, -9999, -9999, -9999, 29, -9999, -9999, -9999, 82, -9999, 33, -9999, 85, 73, -9999, 66, -9999, -9999, -9999, 99, -9999, -9999, -9999, -9999, -9999, -9999, -9999, 46, -9999, -9999, -9999, 91, 1, 1, 1, 1, 1],
[-9999, -9999, -9999, -9999, -9999, 1, -9999, -9999, 11, -9999, -9999, -9999, -9999, -9999, 20, -9999, -9999, 83, 48, -9999, 25, -9999, -9999, -9999, 39, 85, 80, -9999, 39, -9999, 7, 18, 76, -9999, -9999, -9999, 92, 65, -9999, 15, -9999, -9999, -9999, 60, 52, 11, 69, 77, -9999, -9999, 18, -9999, -9999, 51, 35, -9999, -9999, 52, 92, 27, -9999, 58, 72, -9999, -9999, -9999, -9999, 69, 51, -9999, -9999, -9999, 36, 44, 86, -9999, -9999, 24, -9999, -9999, 9, -9999, -9999, -9999, 91, 85, -9999, 65, -9999, -9999, -9999, 34, -9999, -9999, -9999, 13, -9999, -9999, -9999, -9999, 1, 1, 1, 1, 1],
[-9999, -9999, -9999, -9999, -9999, 80, -9999, -9999, -9999, -9999, -9999, -9999, -9999, -9999, -9999, -9999, -9999, -9999, 69, -9999, -9999, -9999, -9999, -9999, 99, -9999, -9999, -9999, 35, -9999, -9999, 76, -9999, -9999, 8, -9999, -9999, 36, 94, -9999, -9999, -9999, -9999, -9999, -9999, -9999, -9999, 28, -9999, -9999, -9999, -9999, -9999, -9999, -9999, -9999, -9999, -9999, -9999, -9999, -9999, -9999, -9999, -9999, -9999, -9999, 23, -9999, 53, -9999, -9999, -9999, 10, -9999, -9999, -9999, -9999, -9999, 66, -9999, -9999, -9999, -9999, -9999, -9999, -9999, -9999, -9999, -9999, -9999, -9999, -9999, -9999, -9999, -9999, -9999, -9999, -9999, 45, -9999, 1, 1, 1, 1, 1],
[-9999, -9999, -9999, -9999, -9999, -9999, -9999, -9999, -9999, -9999, -9999, -9999, -9999, -9999, -9999, -9999, -9999, -9999, -9999, -9999, -9999, -9999, -9999, -9999, -9999, -9999, -9999, -9999, -9999, -9999, -9999, -9999, -9999, -9999, -9999, -9999, -9999, -9999, -9999, -9999, -9999, -9999, -9999, -9999, -9999, -9999, -9999, -9999, -9999, -9999, -9999, -9999, -9999, -9999, -9999, -9999, -9999, -9999, -9999, -9999, -9999, -9999, -9999, -9999, -9999, -9999, -9999, -9999, -9999, -9999, -9999, -9999, -9999, -9999, -9999, -9999, -9999, -9999, -9999, -9999, -9999, -9999, -9999, -9999, -9999, -9999, -9999, -9999, -9999, -9999, -9999, -9999, -9999, -9999, -9999, -9999, -9999, -9999, -9999, -9999, 1, 1, 1, 1, 1],
[-9999, -9999, -9999, -9999, -9999, 20, -9999, -9999, -9999, -9999, 68, -9999, -9999, -9999, 66, -9999, -9999, -9999, 62, -9999, -9999, -9999, 37, 34, -9999, -9999, -9999, -9999, 38, -9999, -9999, 45, 25, -9999, -9999, -9999, 64, 75, -9999, -9999, -9999, -9999, -9999, -9999, -9999, -9999, -9999, 55, -9999, -9999, -9999, -9999, -9999, -9999, -9999, -9999, -9999, -9999, -9999, -9999, -9999, -9999, -9999, -9999, -9999, -9999, 84, -9999, -9999, -9999, -9999, -9999, 9, -9999, -9999, -9999, -9999, -9999, 90, -9999, -9999, -9999, -9999, -9999, -9999, 13, 73, -9999, -9999, -9999, -9999, -9999, -9999, -9999, -9999, -9999, -9999, -9999, 14, -9999, 1, 1, 1, 1, 1],
[-9999, -9999, -9999, -9999, -9999, 64, -9999, -9999, -9999, -9999, -9999, -9999, -9999, -9999, -9999, -9999, -9999, -9999, 92, -9999, -9999, -9999, 51, -9999, -9999, -9999, -9999, -9999, -9999, -9999, -9999, 89, 7, -9999, 37, -9999, -9999, -9999, -9999, -9999, -9999, -9999, -9999, -9999, -9999, -9999, -9999, 1, -9999, -9999, -9999, -9999, -9999, -9999, -9999, -9999, -9999, -9999, -9999, -9999, -9999, -9999, -9999, -9999, -9999, -9999, 49, -9999, -9999, -9999, -9999, -9999, 38, -9999, 45, -9999, -9999, -9999, 11, -9999, -9999, -9999, -9999, -9999, -9999, -9999, -9999, -9999, -9999, -9999, -9999, -9999, -9999, -9999, -9999, -9999, -9999, -9999, -9999, -9999, 1, 1, 1, 1, 1],
[-9999, -9999, -9999, -9999, -9999, -9999, -9999, -9999, -9999, -9999, -9999, -9999, -9999, -9999, -9999, -9999, -9999, -9999, -9999, -9999, -9999, -9999, -9999, -9999, 59, -9999, -9999, -9999, -9999, -9999, -9999, -9999, -9999, -9999, -9999, -9999, -9999, -9999, -9999, -9999, -9999, -9999, -9999, -9999, -9999, -9999, -9999, -9999, -9999, -9999, -9999, -9999, -9999, -9999, -9999, -9999, -9999, -9999, -9999, -9999, -9999, -9999, -9999, -9999, -9999, -9999, -9999, -9999, -9999, -9999, -9999, -9999, -9999, -9999, -9999, -9999, -9999, -9999, -9999, -9999, -9999, -9999, -9999, -9999, -9999, -9999, -9999, -9999, -9999, -9999, -9999, -9999, -9999, -9999, -9999, -9999, -9999, -9999, -9999, -9999, 1, 1, 1, 1, 1],
[-9999, -9999, -9999, -9999, -9999, 43, -9999, -9999, -9999, -9999, -9999, -9999, -9999, -9999, 53, -9999, -9999, -9999, 93, -9999, -9999, -9999, -9999, 5, -9999, -9999, -9999, -9999, 66, -9999, -9999, -9999, -9999, -9999, 35, -9999, -9999, 97, -9999, -9999, -9999, -9999, -9999, -9999, -9999, -9999, -9999, 75, -9999, -9999, -9999, -9999, -9999, -9999, -9999, -9999, -9999, 66, -9999, -9999, -9999, -9999, -9999, -9999, -9999, -9999, 93, -9999, 44, -9999, -9999, -9999, 65, -9999, 14, -9999, -9999, -9999, 4, -9999, -9999, -9999, -9999, -9999, -9999, -9999, -9999, -9999, -9999, -9999, -9999, -9999, -9999, -9999, -9999, -9999, -9999, -9999, 23, -9999, 1, 1, 1, 1, 1],
[-9999, -9999, -9999, -9999, -9999, 65, -9999, 4, 42, -9999, 7, -9999, 91, 53, -9999, -9999, -9999, 11, -9999, -9999, -9999, 13, -9999, -9999, 56, -9999, -9999, -9999, -9999, -9999, 12, 19, 96, -9999, 80, -9999, 94, 83, 13, -9999, -9999, -9999, 55, 90, 86, -9999, 13, 38, 59, -9999, -9999, -9999, -9999, 34, 39, -9999, -9999, -9999, -9999, 43, 41, -9999, 21, -9999, -9999, -9999, 24, -9999, 10, -9999, -9999, -9999, 5, 29, 60, -9999, -9999, 98, 20, -9999, 66, 6, -9999, 15, 22, -9999, -9999, 60, -9999, -9999, -9999, -9999, -9999, -9999, -9999, 92, -9999, -9999, 67, 20, 1, 1, 1, 1, 1],
[-9999, -9999, -9999, -9999, -9999, 66, -9999, -9999, -9999, -9999, -9999, -9999, -9999, -9999, 93, -9999, -9999, -9999, 80, -9999, -9999, -9999, 31, 88, 80, -9999, -9999, -9999, 25, -9999, -9999, -9999, -9999, -9999, 39, -9999, -9999, -9999, -9999, -9999, -9999, -9999, -9999, -9999, -9999, -9999, -9999, 19, -9999, -9999, -9999, -9999, -9999, -9999, -9999, -9999, -9999, 35, -9999, -9999, -9999, -9999, -9999, -9999, -9999, -9999, -9999, -9999, 63, -9999, -9999, -9999, 92, -9999, -9999, -9999, -9999, -9999, -9999, -9999, -9999, -9999, -9999, -9999, -9999, 84, -9999, -9999, -9999, -9999, -9999, -9999, -9999, -9999, 48, -9999, -9999, -9999, 38, -9999, 1, 1, 1, 1, 1],
[-9999, -9999, -9999, -9999, -9999, 37, 35, -9999, 62, -9999, -9999, -9999, 17, 15, -9999, -9999, -9999, -9999, 27, -9999, 58, -9999, 29, 28, 53, 75, 1, -9999, 83, 4, -9999, 56, -9999, -9999, -9999, 68, 28, 86, -9999, 16, -9999, -9999, 38, 32, -9999, 93, 96, 46, -9999, -9999, 26, -9999, -9999, 37, 47, -9999, -9999, -9999, 22, -9999, 72, 43, 35, -9999, -9999, -9999, 91, 77, -9999, -9999, -9999, -9999, 24, -9999, 23, -9999, 43, 92, -9999, -9999, 25, 93, -9999, -9999, -9999, 80, -9999, -9999, -9999, -9999, -9999, -9999, -9999, -9999, -9999, 64, -9999, -9999, -9999, -9999, 1, 1, 1, 1, 1],
[-9999, -9999, -9999, -9999, -9999, -9999, -9999, -9999, -9999, -9999, -9999, -9999, -9999, -9999, -9999, -9999, -9999, -9999, -9999, -9999, -9999, 76, -9999, -9999, 43, -9999, -9999, -9999, -9999, -9999, -9999, -9999, -9999, -9999, -9999, -9999, -9999, -9999, -9999, -9999, -9999, -9999, -9999, -9999, -9999, 56, 41, -9999, -9999, -9999, -9999, -9999, -9999, -9999, -9999, -9999, -9999, -9999, 24, -9999, -9999, -9999, -9999, -9999, -9999, -9999, -9999, -9999, -9999, -9999, -9999, -9999, -9999, -9999, -9999, -9999, -9999, -9999, -9999, -9999, -9999, -9999, -9999, -9999, -9999, -9999, -9999, 82, -9999, -9999, -9999, -9999, -9999, -9999, -9999, -9999, -9999, -9999, -9999, -9999, 1, 1, 1, 1, 1],
[-9999, -9999, -9999, -9999, -9999, 41, -9999, 29, -9999, -9999, 10, -9999, -9999, -9999, -9999, -9999, -9999, 50, -9999, -9999, -9999, -9999, 10, -9999, -9999, -9999, -9999, -9999, 56, -9999, 28, 35, -9999, -9999, 82, -9999, -9999, -9999, -9999, 41, -9999, -9999, 40, -9999, 33, 80, 22, 82, 17, -9999, 17, -9999, 34, -9999, 4, -9999, -9999, 5, 9, 57, -9999, -9999, -9999, -9999, -9999, -9999, -9999, 10, -9999, -9999, -9999, -9999, 10, -9999, 64, -9999, 51, 37, 20, -9999, 72, 81, -9999, -9999, -9999, 84, -9999, 84, -9999, -9999, -9999, 66, -9999, -9999, 100, 71, -9999, -9999, 19, 93, 1, 1, 1, 1, 1],
[-9999, -9999, -9999, -9999, -9999, 69, 33, 39, -9999, -9999, 71, -9999, 66, 79, -9999, -9999, -9999, 11, 79, -9999, 31, 54, 95, 69, -9999, -9999, 6, -9999, 16, 3, 75, 86, 57, -9999, -9999, -9999, 27, 87, -9999, 12, -9999, 17, 86, -9999, 18, 100, 38, 67, -9999, -9999, -9999, -9999, -9999, 91, 26, -9999, -9999, -9999, -9999, 32, 84, 59, 22, -9999, -9999, -9999, -9999, 73, 36, -9999, -9999, -9999, 6, 42, -9999, -9999, -9999, -9999, -9999, -9999, -9999, 30, -9999, -9999, 90, -9999, 28, 1, -9999, -9999, -9999, 51, -9999, -9999, -9999, 26, -9999, -9999, -9999, -9999, 1, 1, 1, 1, 1],
[-9999, -9999, -9999, -9999, -9999, 92, -9999, -9999, -9999, -9999, 12, -9999, -9999, -9999, 68, -9999, -9999, -9999, -9999, -9999, -9999, -9999, 94, 45, 89, -9999, -9999, -9999, 97, -9999, -9999, -9999, -9999, -9999, -9999, -9999, -9999, -9999, 36, -9999, -9999, -9999, -9999, -9999, -9999, -9999, -9999, 68, -9999, -9999, -9999, -9999, -9999, -9999, -9999, -9999, -9999, -9999, -9999, -9999, -9999, -9999, -9999, -9999, -9999, -9999, 4, -9999, 70, -9999, -9999, -9999, 12, -9999, 52, -9999, -9999, -9999, -9999, -9999, -9999, -9999, -9999, -9999, -9999, -9999, -9999, -9999, -9999, -9999, -9999, -9999, -9999, -9999, -9999, -9999, -9999, -9999, 74, -9999, 1, 1, 1, 1, 1],
[-9999, -9999, -9999, -9999, -9999, 47, -9999, -9999, -9999, -9999, 19, -9999, -9999, -9999, 33, -9999, -9999, -9999, -9999, -9999, -9999, -9999, -9999, 19, -9999, -9999, -9999, -9999, -9999, -9999, -9999, 80, 94, -9999, 6, -9999, -9999, 66, -9999, -9999, -9999, -9999, -9999, -9999, -9999, -9999, -9999, 87, -9999, -9999, -9999, -9999, -9999, -9999, -9999, -9999, -9999, -9999, -9999, -9999, -9999, -9999, -9999, -9999, -9999, -9999, 33, -9999, 37, -9999, -9999, -9999, -9999, -9999, -9999, -9999, -9999, -9999, 85, -9999, -9999, -9999, -9999, -9999, -9999, 71, -9999, -9999, -9999, -9999, -9999, -9999, -9999, -9999, -9999, -9999, -9999, -9999, 69, -9999, 1, 1, 1, 1, 1],
[-9999, -9999, -9999, -9999, -9999, 61, -9999, -9999, 50, -9999, 57, -9999, -9999, -9999, 74, -9999, -9999, 79, -9999, -9999, 1, -9999, 99, 39, 63, 30, 5, -9999, -9999, -9999, -9999, -9999, 43, -9999, 70, -9999, -9999, -9999, -9999, -9999, -9999, -9999, 13, -9999, -9999, -9999, 33, 16, -9999, 12, -9999, -9999, -9999, 35, 53, 28, -9999, 98, 85, 76, -9999, -9999, -9999, 95, -9999, -9999, -9999, -9999, -9999, -9999, -9999, -9999, 27, 73, -9999, -9999, -9999, 74, 45, -9999, 58, -9999, 24, 91, -9999, 50, -9999, 52, -9999, -9999, -9999, 65, -9999, -9999, -9999, 23, -9999, -9999, 10, 28, 1, 1, 1, 1, 1],
[-9999, -9999, -9999, -9999, -9999, 20, -9999, 42, -9999, -9999, 83, -9999, -9999, 53, 69, -9999, -9999, 68, -9999, -9999, 39, 29, 8, 43, -9999, -9999, -9999, -9999, 100, -9999, 5, 82, -9999, -9999, 52, 51, 59, 19, -9999, 25, -9999, -9999, -9999, -9999, -9999, -9999, 97, 35, -9999, -9999, 34, -9999, -9999, 18, 54, 6, -9999, -9999, -9999, -9999, -9999, 90, 6, -9999, -9999, -9999, 27, -9999, 30, -9999, -9999, -9999, 98, 72, 57, -9999, -9999, -9999, -9999, -9999, -9999, -9999, -9999, -9999, 79, -9999, -9999, 44, -9999, -9999, -9999, -9999, -9999, -9999, -9999, 66, -9999, -9999, -9999, 78, 1, 1, 1, 1, 1],
[-9999, -9999, -9999, -9999, -9999, 86, -9999, -9999, -9999, -9999, 18, -9999, -9999, -9999, 6, -9999, -9999, -9999, -9999, -9999, -9999, -9999, 24, 58, -9999, -9999, -9999, -9999, 12, -9999, -9999, -9999, 66, -9999, 36, -9999, -9999, 45, -9999, -9999, -9999, 17, -9999, -9999, -9999, -9999, -9999, 49, -9999, -9999, -9999, -9999, -9999, -9999, -9999, -9999, -9999, 40, -9999, -9999, -9999, -9999, -9999, -9999, -9999, -9999, -9999, -9999, -9999, -9999, -9999, -9999, 66, -9999, 9, -9999, -9999, -9999, 44, -9999, -9999, -9999, -9999, -9999, -9999, -9999, -9999, -9999, -9999, -9999, -9999, -9999, -9999, -9999, 79, -9999, -9999, -9999, 51, -9999, 1, 1, 1, 1, 1],
[-9999, -9999, -9999, -9999, -9999, 63, -9999, -9999, -9999, -9999, -9999, -9999, -9999, -9999, 6, -9999, -9999, -9999, -9999, -9999, -9999, -9999, -9999, 21, 11, -9999, -9999, -9999, 55, -9999, -9999, 29, -9999, -9999, 94, -9999, -9999, 96, -9999, -9999, -9999, -9999, -9999, -9999, -9999, -9999, -9999, 39, -9999, -9999, -9999, -9999, -9999, -9999, -9999, -9999, -9999, -9999, -9999, -9999, -9999, -9999, -9999, -9999, -9999, -9999, 66, -9999, 9, -9999, -9999, -9999, 95, -9999, 41, -9999, -9999, -9999, 9, -9999, -9999, -9999, -9999, -9999, -9999, 90, -9999, -9999, -9999, -9999, -9999, -9999, -9999, -9999, -9999, -9999, -9999, -9999, -9999, -9999, 1, 1, 1, 1, 1],
[-9999, -9999, -9999, -9999, -9999, 34, -9999, -9999, -9999, -9999, 91, -9999, -9999, -9999, 22, -9999, -9999, -9999, 6, -9999, -9999, -9999, 38, 30, -9999, -9999, -9999, -9999, -9999, -9999, -9999, 48, 4, -9999, 15, -9999, 30, -9999, -9999, -9999, -9999, -9999, -9999, -9999, -9999, -9999, -9999, 67, -9999, -9999, -9999, -9999, -9999, -9999, -9999, -9999, -9999, 47, -9999, -9999, -9999, -9999, -9999, -9999, -9999, -9999, 42, -9999, 98, -9999, -9999, -9999, 9, -9999, 85, -9999, -9999, -9999, -9999, -9999, -9999, -9999, -9999, -9999, -9999, -9999, -9999, -9999, -9999, -9999, -9999, -9999, -9999, -9999, 40, -9999, -9999, -9999, 3, -9999, 1, 1, 1, 1, 1],
[-9999, -9999, -9999, -9999, -9999, 14, -9999, -9999, -9999, -9999, -9999, -9999, -9999, -9999, -9999, -9999, -9999, -9999, 9, -9999, -9999, -9999, -9999, -9999, 48, -9999, -9999, -9999, 100, -9999, -9999, -9999, -9999, -9999, 17, -9999, -9999, 2, -9999, -9999, -9999, -9999, -9999, -9999, -9999, -9999, -9999, 68, -9999, -9999, -9999, -9999, -9999, -9999, -9999, -9999, -9999, 84, -9999, -9999, -9999, -9999, -9999, -9999, -9999, -9999, 69, -9999, -9999, -9999, -9999, -9999, 28, -9999, 50, -9999, -9999, -9999, 15, -9999, -9999, -9999, -9999, -9999, -9999, 93, -9999, -9999, -9999, -9999, -9999, -9999, -9999, -9999, -9999, -9999, -9999, -9999, -9999, -9999, 1, 1, 1, 1, 1],
[-9999, -9999, -9999, -9999, -9999, 10, -9999, -9999, -9999, -9999, -9999, -9999, -9999, -9999, -9999, -9999, -9999, -9999, 60, -9999, -9999, -9999, -9999, -9999, 41, -9999, -9999, -9999, 2, -9999, -9999, 54, 19, -9999, 50, -9999, -9999, 90, -9999, -9999, -9999, -9999, -9999, -9999, -9999, -9999, -9999, 76, -9999, -9999, -9999, -9999, -9999, -9999, -9999, -9999, -9999, 68, -9999, -9999, -9999, -9999, -9999, -9999, -9999, -9999, -9999, -9999, 99, -9999, -9999, -9999, 58, -9999, 28, -9999, -9999, -9999, 52, -9999, -9999, -9999, -9999, -9999, -9999, -9999, -9999, -9999, -9999, -9999, -9999, -9999, -9999, -9999, -9999, -9999, -9999, -9999, -9999, -9999, 1, 1, 1, 1, 1],
[-9999, -9999, -9999, -9999, -9999, -9999, -9999, -9999, -9999, -9999, -9999, -9999, -9999, -9999, -9999, -9999, -9999, -9999, -9999, -9999, -9999, -9999, -9999, -9999, -9999, -9999, -9999, -9999, -9999, -9999, -9999, -9999, -9999, -9999, -9999, -9999, -9999, -9999, -9999, -9999, -9999, -9999, -9999, -9999, -9999, -9999, -9999, -9999, -9999, -9999, -9999, -9999, -9999, -9999, -9999, -9999, -9999, -9999, -9999, -9999, -9999, -9999, -9999, -9999, -9999, -9999, -9999, -9999, -9999, -9999, -9999, -9999, -9999, -9999, -9999, -9999, -9999, -9999, -9999, -9999, -9999, -9999, -9999, -9999, -9999, -9999, -9999, -9999, -9999, -9999, -9999, -9999, -9999, -9999, -9999, -9999, -9999, -9999, -9999, -9999, -9999, -9999, -9999, -9999, -9999],
[-9999, -9999, -9999, -9999, -9999, -9999, -9999, -9999, -9999, -9999, -9999, -9999, -9999, -9999, -9999, -9999, -9999, -9999, -9999, -9999, -9999, -9999, -9999, -9999, -9999, -9999, -9999, -9999, -9999, -9999, -9999, -9999, -9999, -9999, -9999, -9999, -9999, -9999, -9999, -9999, -9999, -9999, -9999, -9999, -9999, -9999, -9999, -9999, -9999, -9999, -9999, -9999, -9999, -9999, -9999, -9999, -9999, -9999, -9999, -9999, -9999, -9999, -9999, -9999, -9999, -9999, -9999, -9999, -9999, -9999, -9999, -9999, -9999, -9999, -9999, -9999, -9999, -9999, -9999, -9999, -9999, -9999, -9999, -9999, -9999, -9999, -9999, -9999, -9999, -9999, -9999, -9999, -9999, -9999, -9999, -9999, -9999, -9999, -9999, -9999, -9999, -9999, -9999, -9999, -9999],
[-9999, -9999, -9999, -9999, -9999, -9999, -9999, -9999, -9999, -9999, -9999, -9999, -9999, -9999, -9999, -9999, -9999, -9999, -9999, -9999, -9999, -9999, -9999, -9999, -9999, -9999, -9999, -9999, -9999, -9999, -9999, -9999, -9999, -9999, -9999, -9999, -9999, -9999, -9999, -9999, -9999, -9999, -9999, -9999, -9999, -9999, -9999, -9999, -9999, -9999, -9999, -9999, -9999, -9999, -9999, -9999, -9999, -9999, -9999, -9999, -9999, -9999, -9999, -9999, -9999, -9999, -9999, -9999, -9999, -9999, -9999, -9999, -9999, -9999, -9999, -9999, -9999, -9999, -9999, -9999, -9999, -9999, -9999, -9999, -9999, -9999, -9999, -9999, -9999, -9999, -9999, -9999, -9999, -9999, -9999, -9999, -9999, -9999, -9999, -9999, -9999, -9999, -9999, -9999, -9999],
[-9999, -9999, -9999, -9999, -9999, -9999, -9999, -9999, -9999, -9999, -9999, -9999, -9999, -9999, -9999, -9999, -9999, -9999, -9999, -9999, -9999, -9999, -9999, -9999, -9999, -9999, -9999, -9999, -9999, -9999, -9999, -9999, -9999, -9999, -9999, -9999, -9999, -9999, -9999, -9999, -9999, -9999, -9999, -9999, -9999, -9999, -9999, -9999, -9999, -9999, -9999, -9999, -9999, -9999, -9999, -9999, -9999, -9999, -9999, -9999, -9999, -9999, -9999, -9999, -9999, -9999, -9999, -9999, -9999, -9999, -9999, -9999, -9999, -9999, -9999, -9999, -9999, -9999, -9999, -9999, -9999, -9999, -9999, -9999, -9999, -9999, -9999, -9999, -9999, -9999, -9999, -9999, -9999, -9999, -9999, -9999, -9999, -9999, -9999, -9999, -9999, -9999, -9999, -9999, -9999],
[-9999, -9999, -9999, -9999, -9999, -9999, -9999, -9999, -9999, -9999, -9999, -9999, -9999, -9999, -9999, -9999, -9999, -9999, -9999, -9999, -9999, -9999, -9999, -9999, -9999, -9999, -9999, -9999, -9999, -9999, -9999, -9999, -9999, -9999, -9999, -9999, -9999, -9999, -9999, -9999, -9999, -9999, -9999, -9999, -9999, -9999, -9999, -9999, -9999, -9999, -9999, -9999, -9999, -9999, -9999, -9999, -9999, -9999, -9999, -9999, -9999, -9999, -9999, -9999, -9999, -9999, -9999, -9999, -9999, -9999, -9999, -9999, -9999, -9999, -9999, -9999, -9999, -9999, -9999, -9999, -9999, -9999, -9999, -9999, -9999, -9999, -9999, -9999, -9999, -9999, -9999, -9999, -9999, -9999, -9999, -9999, -9999, -9999, -9999, -9999, -9999, -9999, -9999, -9999, -9999]
];
