NbNodes = 105;
NbNDDs = 5;
NbPairs = 95;
NbTerminals = 5;
K = 0;
L = 97;
Wt = [
[-9999, -9999, -9999, -9999, -9999, -9999, 83, -9999, -9999, -9999, -9999, -9999, -9999, -9999, -9999, -9999, -9999, -9999, 30, -9999, -9999, -9999, -9999, -9999, 33, -9999, 47, -9999, -9999, -9999, -9999, 19, -9999, 35, 15, -9999, -9999, -9999, -9999, -9999, 22, -9999, -9999, -9999, -9999, -9999, -9999, 2, -9999, 70, 14, -9999, 8, 37, 36, -9999, 5, -9999, -9999, 28, -9999, 43, -9999, -9999, -9999, -9999, -9999, -9999, -9999, -9999, -9999, 62, -9999, -9999, -9999, -9999, 68, -9999, 34, 77, 2, -9999, -9999, -9999, -9999, -9999, 75, -9999, -9999, -9999, -9999, -9999, -9999, -9999, -9999, -9999, -9999, -9999, -9999, -9999, 1, 1, 1, 1, 1],
[-9999, -9999, -9999, -9999, -9999, -9999, 19, -9999, -9999, -9999, -9999, -9999, 8, -9999, -9999, -9999, -9999, -9999, -9999, -9999, -9999, -9999, -9999, 70, 32, -9999, 41, -9999, -9999, -9999, 53, 97, -9999, 90, 74, -9999, -9999, -9999, -9999, -9999, 56, 12, -9999, -9999, -9999, -9999, -9999, 16, -9999, -9999, 71, 31, -9999, 50, 86, -9999, 71, -9999, -9999, 64, 66, 44, -9999, -9999, -9999, -9999, -9999, -9999, -9999, -9999, -9999, 41, -9999, -9999, -9999, -9999, 27, -9999, -9999, 68, 6, -9999, -9999, -9999, 43, -9999, 90, -9999, -9999, -9999, -9999, 20, -9999, -9999, -9999, -9999, -9999, -9999, -9999, -9999, 1, 1, 1, 1, 1],
[-9999, -9999, -9999, -9999, -9999, -9999, 27, -9999, -9999, -9999, -9999, -9999, 27, -9999, -9999, -9999, -9999, -9999, 2, -9999, -9999, -9999, -9999, 100, -9999, 54, -9999, -9999, -9999, -9999, -9999, -9999, -9999, 86, 2, -9999, -9999, -9999, -9999, -9999, -9999, 44, -9999, -9999, -9999, -9999, -9999, 93, -9999, 35, 52, 80, 57, 70, 84, -9999, 27, -9999, -9999, -9999, 77, -9999, -9999, -9999, -9999, -9999, -9999, -9999, -9999, -9999, -9999, 24, -9999, -9999, -9999, -9999, 64, -9999, 99, 92, -9999, -9999, -9999, -9999, 46, -9999, -9999, -9999, -9999, -9999, -9999, -9999, -9999, -9999, -9999, -9999, -9999, -9999, -9999, -9999, 1, 1, 1, 1, 1],
[-9999, -9999, -9999, -9999, -9999, 43, 77, -9999, -9999, -9999, -9999, -9999, 96, -9999, -9999, -9999, -9999, -9999, 75, -9999, -9999, -9999, -9999, 62, 92, -9999, -9999, -9999, -9999, -9999, 45, 65, -9999, 50, 70, -9999, -9999, -9999, -9999, -9999, -9999, -9999, -9999, -9999, -9999, -9999, -9999, -9999, -9999, -9999, 92, -9999, 58, 28, 98, -9999, 44, -9999, -9999, -9999, -9999, 63, -9999, -9999, -9999, -9999, -9999, -9999, -9999, -9999, -9999, 80, -9999, 17, -9999, -9999, 33, -9999, 65, 62, -9999, -9999, -9999, -9999, -9999, -9999, -9999, -9999, -9999, -9999, -9999, 13, -9999, -9999, -9999, -9999, -9999, -9999, -9999, 20, 1, 1, 1, 1, 1],
[-9999, -9999, -9999, -9999, -9999, 56, 23, 53, -9999, 73, -9999, -9999, -9999, 59, -9999, -9999, -9999, 44, -9999, 58, -9999, -9999, -9999, 27, -9999, -9999, 93, 82, 68, -9999, -9999, 62, -9999, 67, 12, -9999, -9999, -9999, -9999, 31, -9999, -9999, 96, 75, -9999, 96, 12, -9999, -9999, -9999, -9999, 91, -9999, 86, 43, 5, 27, -9999, -9999, -9999, 92, -9999, 93, -9999, -9999, -9999, 7, -9999, -9999, 60, -9999, 32, 1, 25, 69, -9999, -9999, 17, 77, 9, -9999, 5, 46, -9999, 91, -9999, -9999, -9999, -9999, 4, 95, 98, -9999, 98, -9999, -9999, 32, -9999, -9999, -9999, 1, 1, 1, 1, 1],
[-9999, -9999, -9999, -9999, -9999, -9999, -9999, -9999, -9999, -9999, -9999, -9999, 37, -9999, -9999, -9999, -9999, -9999, 32, -9999, -9999, -9999, -9999, 68, 85, -9999, -9999, -9999, -9999, -9999, -9999, 12, -9999, 35, 88, -9999, -9999, -9999, -9999, -9999, 93, -9999, -9999, -9999, -9999, -9999, -9999, -9999, -9999, 38, 25, 15, -9999, -9999, -9999, -9999, -9999, -9999, -9999, 69, -9999, -9999, -9999, -9999, -9999, -9999, -9999, -9999, -9999, -9999, -9999, 9, -9999, 64, -9999, -9999, 90, -9999, 44, 3, 37, -9999, -9999, -9999, 55, -9999, 40, -9999, -9999, -9999, -9999, 52, -9999, -9999, -9999, -9999, -9999, -9999, -9999, -9999, 1, 1, 1, 1, 1],
[-9999, -9999, -9999, -9999, -9999, 92, -9999, -9999, -9999, -9999, -9999, -9999, -9999, -9999, -9999, -9999, -9999, -9999, 82, -9999, -9999, -9999, -9999, 38, 80, -9999, 20, -9999, -9999, -9999, 28, 34, -9999, 54, -9999, -9999, -9999, -9999, -9999, -9999, -9999, -9999, -9999, -9999, -9999, -9999, -9999, -9999, -9999, 86, 3, 19, -9999, 32, -9999, -9999, 76, -9999, -9999, 46, 20, 9, -9999, -9999, -9999, -9999, -9999, -9999, -9999, -9999, -9999, 35, -9999, 59, -9999, -9999, 34, -9999, 15, 28, -9999, -9999, -9999, -9999, 47, -9999, -9999, -9999, -9999, -9999, -9999, -9999, -9999, -9999, -9999, -9999, -9999, -9999, -9999, -9999, 1, 1, 1, 1, 1],
[-9999, -9999, -9999, -9999, -9999, 77, 45, -9999, -9999, 96, -9999, 50, -9999, -9999, -9999, -9999, -9999, 55, 50, -9999, -9999, 59, -9999, 50, 88, 18, 72, -9999, 46, -9999, 31, 15, -9999, 32, 30, -9999, 90, -9999, 35, -9999, 31, -9999, 16, -9999, -9999, -9999, 51, 81, -9999, 44, 75, 55, -9999, 95, -9999, -9999, 42, -9999, -9999, -9999, 43, 56, 39, -9999, -9999, -9999, 65, -9999, 83, 1, -9999, 59, 5, -9999, 91, -9999, 83, 91, -9999, 28, 66, -9999, 14, 2, -9999, -9999, 46, 73, -9999, -9999, 44, -9999, -9999, -9999, 89, -9999, -9999, 10, 28, -9999, 1, 1, 1, 1, 1],
[-9999, -9999, -9999, -9999, -9999, -9999, 59, -9999, -9999, -9999, -9999, -9999, 58, -9999, -9999, -9999, -9999, 43, 82, 22, -9999, -9999, -9999, -9999, 90, 4, 85, 76, -9999, -9999, 23, 26, -9999, 100, -9999, 81, -9999, -9999, 50, 72, 53, 4, 74, -9999, -9999, 63, -9999, -9999, -9999, -9999, 39, 8, -9999, 96, -9999, 36, 86, -9999, -9999, -9999, 64, 3, 40, -9999, -9999, -9999, -9999, -9999, 44, -9999, -9999, -9999, 100, -9999, 80, -9999, 65, -9999, 39, 81, -9999, 1, -9999, -9999, 35, -9999, 19, 6, -9999, 30, 91, -9999, -9999, -9999, -9999, -9999, 1, -9999, 29, -9999, 1, 1, 1, 1, 1],
[-9999, -9999, -9999, -9999, -9999, -9999, 7, -9999, -9999, -9999, 75, -9999, -9999, -9999, -9999, 26, 53, 14, 31, -9999, 33, -9999, 54, -9999, -9999, 61, -9999, 57, -9999, -9999, -9999, 34, 10, 50, 48, 49, 45, 82, -9999, 53, -9999, 92, 4, 12, 10, -9999, 72, 13, 15, 56, 22, 69, -9999, 69, 9, -9999, -9999, -9999, -9999, -9999, 50, 22, 26, 45, -9999, -9999, -9999, 42, -9999, 20, 67, 85, 38, -9999, 86, 33, 57, 26, -9999, 36, -9999, 11, 7, -9999, -9999, -9999, 48, -9999, -9999, 7, 17, -9999, -9999, -9999, -9999, -9999, -9999, 89, -9999, -9999, 1, 1, 1, 1, 1],
[-9999, -9999, -9999, -9999, -9999, 23, 32, -9999, -9999, -9999, -9999, -9999, 76, -9999, -9999, 27, -9999, -9999, -9999, -9999, 43, -9999, -9999, 34, 27, -9999, 89, -9999, -9999, -9999, 62, 70, -9999, 95, -9999, -9999, -9999, -9999, -9999, -9999, 78, -9999, -9999, -9999, 19, -9999, -9999, -9999, -9999, -9999, 78, 24, -9999, -9999, 84, -9999, 76, -9999, 9, 67, -9999, 56, -9999, -9999, 57, -9999, -9999, -9999, -9999, -9999, 35, -9999, -9999, -9999, -9999, 31, 62, -9999, 77, 40, 90, -9999, -9999, -9999, 89, -9999, 78, -9999, -9999, -9999, -9999, -9999, -9999, -9999, -9999, -9999, -9999, -9999, -9999, -9999, 1, 1, 1, 1, 1],
[-9999, -9999, -9999, -9999, -9999, -9999, 17, -9999, 27, 90, -9999, -9999, 9, -9999, -9999, -9999, -9999, 12, -9999, -9999, -9999, -9999, -9999, -9999, 53, -9999, -9999, 45, -9999, -9999, 58, 19, -9999, 84, 33, -9999, -9999, -9999, 73, -9999, -9999, -9999, 67, -9999, -9999, 18, -9999, 13, -9999, 83, 79, -9999, 84, -9999, 43, -9999, 81, -9999, -9999, 36, -9999, -9999, 56, -9999, 41, -9999, 5, -9999, 89, 95, -9999, -9999, 78, 75, 8, -9999, 94, -9999, 18, 28, 49, -9999, 10, -9999, -9999, -9999, -9999, 56, -9999, -9999, -9999, 83, -9999, -9999, -9999, -9999, 51, 17, -9999, -9999, 1, 1, 1, 1, 1],
[-9999, -9999, -9999, -9999, -9999, -9999, 84, -9999, -9999, 6, -9999, -9999, -9999, -9999, -9999, -9999, -9999, 100, 15, 92, -9999, -9999, -9999, 100, 90, 57, 95, -9999, -9999, -9999, 22, 25, -9999, 71, -9999, 65, -9999, -9999, -9999, 55, 22, 69, 12, -9999, -9999, 8, -9999, 85, -9999, 39, 43, -9999, -9999, 6, 91, 6, -9999, -9999, -9999, 63, -9999, 89, 14, -9999, -9999, -9999, 87, -9999, 70, 20, -9999, 32, 68, -9999, 25, -9999, 43, -9999, 62, 54, -9999, 98, 28, -9999, -9999, -9999, 46, -9999, -9999, -9999, -9999, -9999, -9999, -9999, -9999, -9999, -9999, -9999, 14, -9999, 1, 1, 1, 1, 1],
[-9999, -9999, -9999, -9999, -9999, -9999, 27, -9999, -9999, -9999, -9999, -9999, 51, -9999, -9999, -9999, -9999, -9999, 73, -9999, -9999, -9999, -9999, 49, 69, 27, -9999, -9999, -9999, 79, 7, -9999, -9999, 87, 94, -9999, -9999, -9999, -9999, -9999, -9999, 19, -9999, -9999, -9999, -9999, -9999, 71, -9999, -9999, 81, 65, -9999, -9999, 64, -9999, -9999, -9999, -9999, -9999, -9999, 74, -9999, -9999, -9999, -9999, -9999, -9999, -9999, -9999, -9999, -9999, -9999, 54, -9999, -9999, 99, -9999, -9999, 52, 33, -9999, -9999, -9999, -9999, -9999, -9999, -9999, -9999, -9999, -9999, 4, -9999, -9999, -9999, -9999, -9999, -9999, -9999, -9999, 1, 1, 1, 1, 1],
[-9999, -9999, -9999, -9999, -9999, 75, 34, -9999, -9999, -9999, -9999, -9999, -9999, -9999, -9999, -9999, -9999, -9999, 28, -9999, -9999, -9999, -9999, -9999, -9999, 6, -9999, -9999, -9999, -9999, -9999, 77, -9999, 85, 48, -9999, -9999, -9999, -9999, -9999, 78, 66, -9999, -9999, -9999, -9999, -9999, 77, -9999, 56, 73, 49, -9999, 3, 77, -9999, -9999, -9999, -9999, 27, 95, -9999, -9999, -9999, -9999, -9999, -9999, -9999, -9999, -9999, -9999, 92, -9999, 26, -9999, -9999, 88, -9999, -9999, 70, 50, -9999, -9999, 25, -9999, -9999, 99, -9999, -9999, -9999, -9999, 86, -9999, -9999, -9999, -9999, -9999, -9999, -9999, -9999, 1, 1, 1, 1, 1],
[-9999, -9999, -9999, -9999, -9999, -9999, 9, -9999, -9999, -9999, -9999, -9999, -9999, -9999, -9999, -9999, -9999, -9999, 89, -9999, 55, -9999, -9999, 87, -9999, -9999, 11, -9999, -9999, -9999, -9999, 40, -9999, 96, -9999, -9999, -9999, 48, -9999, -9999, 7, 70, -9999, -9999, 3, -9999, -9999, 42, -9999, 73, 87, 5, 86, -9999, 35, -9999, 74, -9999, -9999, 53, 52, 67, -9999, -9999, -9999, -9999, -9999, -9999, -9999, -9999, -9999, -9999, -9999, 97, -9999, 15, 59, -9999, -9999, 26, -9999, -9999, -9999, -9999, 30, -9999, -9999, -9999, -9999, -9999, -9999, -9999, -9999, -9999, -9999, -9999, -9999, -9999, -9999, -9999, 1, 1, 1, 1, 1],
[-9999, -9999, -9999, -9999, -9999, -9999, -9999, -9999, -9999, -9999, -9999, -9999, 88, -9999, -9999, -9999, -9999, -9999, -9999, -9999, -9999, -9999, -9999, -9999, -9999, -9999, -9999, -9999, -9999, -9999, -9999, -9999, -9999, -9999, -9999, -9999, -9999, -9999, -9999, -9999, -9999, -9999, -9999, -9999, -9999, -9999, -9999, -9999, -9999, -9999, -9999, -9999, -9999, -9999, -9999, -9999, -9999, -9999, -9999, -9999, -9999, -9999, -9999, -9999, -9999, -9999, -9999, -9999, -9999, -9999, -9999, -9999, -9999, -9999, -9999, -9999, -9999, -9999, -9999, -9999, -9999, -9999, -9999, -9999, 41, -9999, -9999, -9999, -9999, -9999, -9999, -9999, -9999, -9999, -9999, -9999, -9999, -9999, -9999, -9999, 1, 1, 1, 1, 1],
[-9999, -9999, -9999, -9999, -9999, -9999, 35, -9999, -9999, -9999, -9999, -9999, -9999, -9999, -9999, -9999, -9999, -9999, 15, -9999, -9999, -9999, -9999, -9999, 99, -9999, 29, -9999, -9999, -9999, -9999, -9999, -9999, 90, -9999, -9999, -9999, -9999, -9999, -9999, 27, 62, -9999, -9999, -9999, -9999, -9999, 92, -9999, -9999, 69, -9999, 12, -9999, 72, -9999, 37, -9999, -9999, 45, -9999, -9999, -9999, -9999, -9999, -9999, -9999, -9999, -9999, -9999, -9999, -9999, -9999, 8, -9999, -9999, 7, -9999, 39, 42, 11, -9999, -9999, -9999, 14, -9999, -9999, -9999, -9999, -9999, -9999, 71, -9999, -9999, -9999, -9999, -9999, -9999, -9999, -9999, 1, 1, 1, 1, 1],
[-9999, -9999, -9999, -9999, -9999, 26, 99, -9999, -9999, -9999, -9999, -9999, 58, -9999, -9999, -9999, -9999, -9999, -9999, -9999, -9999, -9999, -9999, -9999, -9999, -9999, -9999, -9999, -9999, -9999, -9999, 62, -9999, -9999, -9999, -9999, -9999, -9999, -9999, -9999, -9999, -9999, -9999, -9999, -9999, -9999, -9999, 61, -9999, 5, 91, 88, -9999, -9999, 34, -9999, -9999, -9999, -9999, 99, 45, -9999, -9999, -9999, -9999, -9999, -9999, -9999, -9999, -9999, -9999, -9999, -9999, -9999, -9999, -9999, 48, -9999, 63, 76, 43, -9999, -9999, -9999, 7, -9999, 88, -9999, -9999, -9999, -9999, -9999, -9999, -9999, -9999, -9999, -9999, -9999, -9999, -9999, 1, 1, 1, 1, 1],
[-9999, -9999, -9999, -9999, -9999, -9999, 12, -9999, -9999, 84, -9999, -9999, -9999, 93, -9999, 78, -9999, 37, 12, -9999, -9999, -9999, 49, 96, -9999, -9999, 80, 10, 81, -9999, -9999, -9999, -9999, 14, 8, 41, 70, -9999, 12, -9999, -9999, -9999, 79, -9999, 31, -9999, 44, -9999, -9999, 87, 65, 34, -9999, -9999, -9999, 93, 97, 87, 18, 36, 58, 53, 38, 74, -9999, -9999, 90, 77, -9999, -9999, 59, -9999, 69, -9999, 77, 95, 97, -9999, -9999, 88, 30, 11, 46, -9999, 21, -9999, -9999, 4, -9999, 98, 57, 91, -9999, -9999, -9999, 69, 1, 88, -9999, 69, 1, 1, 1, 1, 1],
[-9999, -9999, -9999, -9999, -9999, -9999, 88, -9999, -9999, -9999, -9999, -9999, 62, -9999, -9999, -9999, -9999, -9999, -9999, -9999, -9999, -9999, -9999, 20, 54, 8, 9, -9999, -9999, -9999, -9999, 13, -9999, 55, -9999, -9999, -9999, -9999, -9999, -9999, -9999, -9999, -9999, -9999, -9999, -9999, -9999, -9999, -9999, 46, 61, -9999, 36, 36, 41, -9999, 82, -9999, -9999, -9999, -9999, 59, -9999, -9999, -9999, -9999, -9999, -9999, -9999, -9999, -9999, 7, -9999, 74, -9999, -9999, 25, -9999, -9999, 6, 47, -9999, -9999, -9999, 7, -9999, 64, -9999, -9999, -9999, -9999, -9999, -9999, -9999, -9999, -9999, -9999, -9999, -9999, -9999, 1, 1, 1, 1, 1],
[-9999, -9999, -9999, -9999, -9999, -9999, 31, -9999, -9999, 56, -9999, -9999, 56, -9999, -9999, -9999, -9999, 90, -9999, -9999, -9999, -9999, -9999, -9999, 99, -9999, 76, 83, 5, -9999, -9999, 20, -9999, 82, -9999, -9999, 79, -9999, 12, -9999, 29, 88, 7, -9999, -9999, -9999, 27, -9999, -9999, 85, 88, -9999, 83, 12, 40, -9999, 93, -9999, -9999, 40, 29, -9999, 30, -9999, -9999, -9999, 12, -9999, 80, -9999, -9999, -9999, 27, 29, 4, -9999, 62, -9999, 15, 82, 52, -9999, -9999, -9999, 7, -9999, 87, -9999, -9999, 5, 28, 24, -9999, -9999, -9999, -9999, 44, 52, 98, -9999, 1, 1, 1, 1, 1],
[-9999, -9999, -9999, -9999, -9999, -9999, 48, -9999, -9999, 42, -9999, -9999, 100, -9999, 82, -9999, -9999, 40, 92, -9999, -9999, 94, -9999, -9999, 64, -9999, -9999, 62, -9999, -9999, 80, 58, -9999, 21, -9999, -9999, 75, -9999, -9999, -9999, -9999, -9999, 16, -9999, -9999, -9999, 68, 62, -9999, 5, 82, 6, -9999, 42, 45, 99, -9999, -9999, -9999, 45, -9999, 7, 87, -9999, -9999, -9999, -9999, -9999, 25, 71, -9999, 81, 50, -9999, 95, -9999, 74, -9999, -9999, 33, -9999, 39, 1, -9999, -9999, -9999, -9999, -9999, -9999, 94, 7, 12, -9999, 34, -9999, -9999, 93, 31, -9999, -9999, 1, 1, 1, 1, 1],
[-9999, -9999, -9999, -9999, -9999, 39, -9999, -9999, -9999, -9999, -9999, -9999, -9999, -9999, -9999, -9999, -9999, -9999, -9999, -9999, -9999, -9999, -9999, -9999, -9999, -9999, -9999, -9999, 99, -9999, -9999, -9999, -9999, -9999, -9999, -9999, -9999, -9999, 54, -9999, -9999, -9999, -9999, -9999, -9999, -9999, -9999, -9999, -9999, -9999, -9999, -9999, -9999, -9999, -9999, -9999, -9999, -9999, -9999, -9999, -9999, -9999, 41, -9999, -9999, -9999, -9999, -9999, -9999, -9999, -9999, -9999, -9999, -9999, 41, -9999, -9999, -9999, 30, -9999, -9999, -9999, -9999, -9999, -9999, -9999, -9999, -9999, -9999, -9999, -9999, -9999, -9999, -9999, -9999, -9999, -9999, -9999, -9999, -9999, 1, 1, 1, 1, 1],
[-9999, -9999, -9999, -9999, -9999, -9999, 96, 55, 51, 88, -9999, -9999, 77, -9999, -9999, -9999, -9999, 81, 23, 26, -9999, -9999, -9999, -9999, -9999, 50, -9999, -9999, -9999, -9999, -9999, -9999, 18, 43, -9999, -9999, 16, -9999, -9999, 53, -9999, 43, 86, -9999, -9999, 77, -9999, 5, -9999, 4, 28, 2, 25, -9999, -9999, 83, -9999, -9999, -9999, -9999, 68, -9999, 82, -9999, -9999, -9999, -9999, -9999, -9999, 2, -9999, 68, -9999, -9999, 42, -9999, 8, 91, -9999, 6, 5, 7, -9999, -9999, 6, -9999, -9999, -9999, -9999, 70, -9999, -9999, -9999, -9999, -9999, -9999, -9999, 63, -9999, -9999, 1, 1, 1, 1, 1],
[-9999, -9999, -9999, -9999, -9999, 12, 100, -9999, -9999, -9999, -9999, -9999, 2, -9999, -9999, -9999, -9999, -9999, 63, 83, -9999, -9999, -9999, -9999, 57, -9999, 71, 70, 44, -9999, -9999, 9, -9999, 90, -9999, -9999, -9999, -9999, 77, 10, -9999, 47, 42, -9999, -9999, 64, -9999, -9999, -9999, 7, 27, 3, -9999, 81, 97, 63, 65, -9999, -9999, -9999, 61, 26, 41, -9999, -9999, -9999, 71, -9999, -9999, -9999, -9999, 10, 9, 47, 68, -9999, 58, 58, 55, 45, 94, 38, -9999, -9999, 28, -9999, -9999, 62, -9999, 74, 89, 39, -9999, -9999, -9999, 38, -9999, 90, 81, -9999, 1, 1, 1, 1, 1],
[-9999, -9999, -9999, -9999, -9999, 30, 36, -9999, 12, -9999, -9999, -9999, 53, -9999, -9999, -9999, -9999, -9999, -9999, -9999, -9999, -9999, -9999, -9999, -9999, 89, -9999, -9999, -9999, -9999, 34, 17, -9999, 29, -9999, -9999, -9999, -9999, -9999, -9999, 45, 99, -9999, -9999, -9999, -9999, -9999, 89, -9999, 25, 11, 47, 87, -9999, 64, -9999, 22, -9999, -9999, 29, 73, -9999, -9999, -9999, -9999, -9999, -9999, -9999, -9999, -9999, -9999, 45, -9999, 78, -9999, -9999, -9999, -9999, 22, 44, 44, -9999, -9999, -9999, 43, -9999, 80, -9999, -9999, -9999, -9999, 57, -9999, -9999, -9999, -9999, -9999, -9999, -9999, -9999, 1, 1, 1, 1, 1],
[-9999, -9999, -9999, -9999, -9999, 10, 34, -9999, -9999, -9999, -9999, -9999, 11, -9999, -9999, 86, -9999, -9999, 70, -9999, -9999, -9999, -9999, 60, 82, 22, -9999, -9999, -9999, -9999, -9999, -9999, -9999, 13, -9999, -9999, -9999, -9999, -9999, -9999, -9999, -9999, -9999, -9999, 74, -9999, -9999, 52, -9999, -9999, 55, 73, 55, -9999, -9999, -9999, -9999, -9999, 45, -9999, 80, 4, -9999, -9999, -9999, -9999, -9999, -9999, -9999, -9999, -9999, -9999, -9999, 77, -9999, -9999, 74, -9999, -9999, 74, 37, -9999, -9999, -9999, -9999, -9999, 83, -9999, -9999, -9999, -9999, 9, -9999, -9999, -9999, -9999, -9999, -9999, -9999, -9999, 1, 1, 1, 1, 1],
[-9999, -9999, -9999, -9999, -9999, 40, 90, -9999, -9999, -9999, -9999, -9999, 85, -9999, -9999, 75, -9999, -9999, 91, -9999, -9999, -9999, -9999, 26, -9999, 51, 22, -9999, -9999, -9999, -9999, -9999, -9999, 80, 31, -9999, -9999, -9999, -9999, -9999, -9999, -9999, -9999, -9999, 97, -9999, -9999, 62, -9999, 67, 11, 56, 85, 65, -9999, -9999, 68, -9999, 67, 27, -9999, -9999, -9999, -9999, -9999, -9999, -9999, -9999, -9999, -9999, -9999, 95, -9999, 91, -9999, -9999, 71, -9999, -9999, 16, -9999, -9999, -9999, -9999, 84, -9999, -9999, -9999, -9999, -9999, -9999, 10, -9999, -9999, -9999, -9999, -9999, -9999, -9999, -9999, 1, 1, 1, 1, 1],
[-9999, -9999, -9999, -9999, -9999, 40, 40, -9999, -9999, -9999, 38, -9999, -9999, -9999, -9999, 99, 69, 92, -9999, -9999, 16, -9999, 63, 17, -9999, 20, -9999, -9999, 69, -9999, -9999, -9999, -9999, 16, -9999, 18, -9999, -9999, 50, 18, -9999, 97, 21, 14, 69, 67, 47, 65, 65, 63, 79, 19, 73, 90, -9999, 4, 10, -9999, 53, -9999, 88, 7, 6, -9999, -9999, -9999, 85, 34, -9999, 10, -9999, 41, 65, -9999, 18, 48, 70, 2, -9999, 51, 80, 19, -9999, -9999, 30, -9999, -9999, 21, 47, -9999, 79, -9999, -9999, -9999, -9999, -9999, 84, 55, 5, 62, 1, 1, 1, 1, 1],
[-9999, -9999, -9999, -9999, -9999, -9999, 73, -9999, -9999, 96, -9999, -9999, -9999, -9999, -9999, -9999, -9999, 39, -9999, 57, -9999, -9999, -9999, 12, 22, 82, -9999, -9999, 58, -9999, -9999, 91, -9999, 50, 74, 4, -9999, -9999, 36, -9999, -9999, -9999, 96, -9999, -9999, -9999, -9999, 32, -9999, -9999, 2, 69, -9999, -9999, 74, -9999, 78, -9999, -9999, -9999, 40, 2, 89, -9999, -9999, -9999, 33, -9999, -9999, 38, -9999, -9999, 30, -9999, 84, -9999, 83, 92, 70, 99, 17, 77, -9999, -9999, -9999, -9999, 71, 87, -9999, 80, -9999, -9999, -9999, -9999, -9999, -9999, -9999, 1, 31, -9999, 1, 1, 1, 1, 1],
[-9999, -9999, -9999, -9999, -9999, -9999, 56, -9999, -9999, 79, -9999, -9999, 19, -9999, -9999, -9999, -9999, 47, 62, -9999, -9999, -9999, -9999, 27, 53, 13, 64, -9999, -9999, -9999, -9999, -9999, 43, 91, -9999, 10, 92, -9999, 20, -9999, 43, 72, 48, -9999, -9999, 50, -9999, -9999, -9999, -9999, 27, -9999, 75, 33, 62, -9999, 88, -9999, -9999, -9999, -9999, 60, 85, -9999, -9999, -9999, 64, -9999, 9, 66, -9999, 58, 83, 15, 23, -9999, 30, -9999, -9999, 35, -9999, -9999, 76, -9999, 49, -9999, 97, 100, -9999, -9999, 86, -9999, 34, 63, -9999, -9999, -9999, 15, -9999, -9999, 1, 1, 1, 1, 1],
[-9999, -9999, -9999, -9999, -9999, 100, 99, -9999, -9999, -9999, -9999, -9999, -9999, -9999, -9999, -9999, -9999, -9999, 92, -9999, -9999, -9999, -9999, 3, 12, 15, 90, -9999, -9999, -9999, -9999, -9999, -9999, 13, 7, -9999, -9999, -9999, -9999, -9999, 66, -9999, -9999, -9999, -9999, -9999, -9999, 12, -9999, 59, 61, -9999, 10, 68, 62, -9999, 70, -9999, -9999, -9999, -9999, 67, -9999, -9999, -9999, -9999, -9999, -9999, -9999, -9999, -9999, -9999, -9999, -9999, -9999, -9999, 1, -9999, -9999, 31, 7, -9999, -9999, -9999, -9999, -9999, -9999, -9999, -9999, -9999, -9999, 55, -9999, -9999, -9999, -9999, -9999, -9999, -9999, -9999, 1, 1, 1, 1, 1],
[-9999, -9999, -9999, -9999, -9999, -9999, 82, -9999, -9999, -9999, -9999, -9999, -9999, -9999, -9999, -9999, -9999, -9999, -9999, -9999, -9999, -9999, -9999, -9999, 41, -9999, -9999, -9999, -9999, -9999, 49, -9999, -9999, -9999, 55, -9999, -9999, -9999, -9999, -9999, 35, 58, -9999, -9999, -9999, -9999, -9999, -9999, -9999, 46, 36, -9999, -9999, -9999, -9999, -9999, 70, -9999, -9999, -9999, -9999, 59, -9999, -9999, -9999, -9999, -9999, -9999, -9999, -9999, -9999, 32, -9999, 68, -9999, -9999, 93, -9999, 60, 50, 87, -9999, -9999, -9999, -9999, -9999, 49, -9999, -9999, -9999, -9999, 9, -9999, -9999, -9999, -9999, -9999, -9999, -9999, -9999, 1, 1, 1, 1, 1],
[-9999, -9999, -9999, -9999, -9999, 34, 67, -9999, -9999, -9999, -9999, -9999, 100, -9999, -9999, -9999, -9999, 47, 92, -9999, -9999, -9999, -9999, 61, 83, -9999, -9999, 59, 5, -9999, 40, -9999, -9999, 53, -9999, -9999, -9999, -9999, -9999, 6, 4, 58, 8, -9999, -9999, -9999, 35, -9999, -9999, -9999, 83, 77, 21, -9999, -9999, -9999, 43, -9999, -9999, -9999, -9999, 93, 10, -9999, -9999, -9999, -9999, -9999, -9999, -9999, -9999, 94, 23, 9, 99, -9999, 32, 32, 68, 1, 39, 98, 24, -9999, 8, -9999, 54, 20, -9999, -9999, -9999, -9999, -9999, -9999, -9999, -9999, 84, -9999, 25, -9999, 1, 1, 1, 1, 1],
[-9999, -9999, -9999, -9999, -9999, 34, 69, -9999, 99, -9999, -9999, -9999, 27, -9999, 92, -9999, -9999, -9999, 15, 57, -9999, -9999, -9999, 81, 3, -9999, 32, 31, 85, -9999, -9999, -9999, -9999, 76, 58, -9999, -9999, -9999, -9999, -9999, -9999, 39, 79, -9999, -9999, 63, 65, -9999, -9999, -9999, 50, -9999, 44, -9999, 87, 12, 41, -9999, -9999, 72, 78, 57, 51, -9999, -9999, -9999, -9999, -9999, 79, -9999, -9999, 47, 6, 88, 29, -9999, 47, -9999, -9999, 53, -9999, 71, -9999, -9999, 1, -9999, -9999, 42, -9999, 15, 42, 73, -9999, -9999, -9999, -9999, 38, -9999, 53, 96, 1, 1, 1, 1, 1],
[-9999, -9999, -9999, -9999, -9999, 61, 9, -9999, -9999, 89, -9999, 35, 45, -9999, -9999, -9999, -9999, -9999, -9999, 25, -9999, -9999, -9999, -9999, -9999, 48, 45, 53, 15, 3, -9999, 14, 79, 65, -9999, 43, -9999, -9999, 14, -9999, 100, -9999, 17, 69, -9999, 27, 52, 95, -9999, 20, 98, 24, 100, -9999, 5, -9999, 31, -9999, -9999, 55, 40, 59, 92, -9999, -9999, -9999, -9999, -9999, 85, 45, -9999, -9999, 68, 35, 59, -9999, 6, 50, 28, 29, 31, -9999, 40, -9999, 14, -9999, 20, 99, -9999, -9999, 35, -9999, -9999, -9999, -9999, 26, 79, -9999, -9999, -9999, 1, 1, 1, 1, 1],
[-9999, -9999, -9999, -9999, -9999, 46, 10, -9999, -9999, 20, -9999, -9999, -9999, -9999, -9999, -9999, -9999, 10, -9999, -9999, -9999, -9999, -9999, 36, -9999, 15, 12, 51, 81, -9999, 9, 41, -9999, 57, 80, -9999, 34, -9999, -9999, -9999, 66, 78, 30, -9999, -9999, 60, 65, 67, -9999, 58, 51, 31, 61, -9999, 5, -9999, 91, -9999, -9999, -9999, 22, 38, 86, -9999, -9999, -9999, -9999, -9999, 65, -9999, -9999, 8, 59, 41, 62, -9999, 54, -9999, -9999, 33, 44, -9999, -9999, -9999, 50, -9999, 65, 80, -9999, -9999, -9999, 54, -9999, -9999, -9999, -9999, 26, 52, -9999, -9999, 1, 1, 1, 1, 1],
[-9999, -9999, -9999, -9999, -9999, -9999, 12, 92, -9999, 78, -9999, -9999, -9999, -9999, -9999, -9999, -9999, 49, -9999, -9999, -9999, -9999, -9999, -9999, 20, -9999, -9999, -9999, 69, -9999, 71, -9999, -9999, 6, 29, 68, 70, -9999, -9999, 75, -9999, -9999, 92, -9999, -9999, 4, -9999, -9999, -9999, 69, 93, 37, 32, 40, -9999, 87, -9999, -9999, -9999, 19, -9999, -9999, 4, -9999, -9999, -9999, 34, -9999, 41, 88, -9999, -9999, 90, 12, 84, -9999, 47, -9999, -9999, 52, -9999, 20, -9999, 11, 99, -9999, -9999, 1, -9999, -9999, 51, 73, -9999, -9999, -9999, -9999, 57, 85, -9999, -9999, 1, 1, 1, 1, 1],
[-9999, -9999, -9999, -9999, -9999, -9999, 56, -9999, -9999, -9999, 25, -9999, 29, 92, -9999, 11, 85, -9999, 90, -9999, -9999, -9999, 35, 98, 55, 27, 34, -9999, -9999, -9999, 100, 82, -9999, 2, 65, 18, 73, -9999, 85, -9999, 20, -9999, 70, -9999, 52, 8, 5, 36, -9999, 78, 33, 58, -9999, -9999, 71, 79, 44, 27, 60, 9, 34, 42, 60, 75, -9999, -9999, -9999, 77, -9999, 91, 8, 67, 43, 16, 38, -9999, 2, 38, -9999, 71, -9999, 31, -9999, 77, -9999, -9999, 38, 23, -9999, -9999, 33, 20, -9999, -9999, -9999, -9999, -9999, 66, 71, 31, 1, 1, 1, 1, 1],
[-9999, -9999, -9999, -9999, -9999, 4, 99, -9999, -9999, -9999, -9999, -9999, 39, -9999, -9999, 75, -9999, -9999, -9999, -9999, -9999, -9999, -9999, -9999, 60, 58, 18, -9999, -9999, -9999, 92, 77, -9999, 30, 38, -9999, -9999, -9999, -9999, -9999, -9999, -9999, -9999, -9999, 49, -9999, -9999, 83, -9999, -9999, 34, -9999, 46, 47, 89, -9999, -9999, -9999, 16, -9999, -9999, -9999, -9999, -9999, -9999, -9999, -9999, -9999, -9999, -9999, 62, 6, -9999, 55, -9999, 68, 48, -9999, 53, 12, 50, -9999, -9999, -9999, 80, -9999, -9999, -9999, -9999, -9999, -9999, -9999, -9999, -9999, 63, -9999, -9999, -9999, -9999, -9999, 1, 1, 1, 1, 1],
[-9999, -9999, -9999, -9999, -9999, 35, 69, -9999, -9999, -9999, -9999, -9999, 60, -9999, -9999, 61, 100, 79, 62, -9999, 9, -9999, -9999, 30, -9999, -9999, 35, -9999, 46, -9999, 42, 40, -9999, 70, 85, -9999, -9999, -9999, 65, 32, 26, -9999, 62, -9999, 55, 98, 90, -9999, -9999, -9999, 6, 9, 55, 47, -9999, -9999, 12, -9999, -9999, 95, -9999, -9999, 76, -9999, -9999, 84, -9999, 62, 21, -9999, 56, -9999, 29, 86, 59, 13, 85, 66, -9999, 70, -9999, -9999, 17, -9999, -9999, 30, 92, 51, -9999, -9999, 59, -9999, -9999, -9999, -9999, -9999, 25, -9999, 79, 46, 1, 1, 1, 1, 1],
[-9999, -9999, -9999, -9999, -9999, 51, 3, -9999, -9999, -9999, 35, -9999, -9999, -9999, 6, 42, 94, -9999, 69, 26, -9999, -9999, -9999, -9999, 22, 91, 12, -9999, 20, -9999, 84, -9999, 4, 24, 11, -9999, -9999, -9999, -9999, 18, 25, -9999, -9999, -9999, 57, -9999, -9999, -9999, -9999, 96, 31, 19, 71, -9999, 26, 71, 35, -9999, -9999, 89, 87, -9999, 49, -9999, -9999, -9999, 70, 77, 16, -9999, 99, 4, -9999, 45, 1, -9999, 30, -9999, -9999, 84, 15, 64, 39, -9999, -9999, -9999, 13, -9999, -9999, -9999, 67, 97, -9999, -9999, -9999, -9999, 90, 45, 98, -9999, 1, 1, 1, 1, 1],
[-9999, -9999, -9999, -9999, -9999, -9999, 28, -9999, -9999, -9999, -9999, -9999, -9999, -9999, -9999, -9999, -9999, 61, -9999, -9999, -9999, -9999, -9999, -9999, 36, 40, 27, -9999, 72, -9999, -9999, 3, -9999, 12, 9, -9999, 4, -9999, 28, -9999, 82, 22, 70, -9999, -9999, 48, 4, -9999, -9999, 48, 36, 23, -9999, 59, 26, -9999, -9999, 55, -9999, -9999, 11, 17, 49, -9999, -9999, -9999, -9999, -9999, -9999, -9999, -9999, -9999, 59, 36, 95, -9999, 4, -9999, -9999, 8, 85, -9999, 88, -9999, 33, -9999, -9999, 42, -9999, 18, -9999, 35, -9999, -9999, -9999, -9999, 72, 45, -9999, -9999, 1, 1, 1, 1, 1],
[-9999, -9999, -9999, -9999, -9999, -9999, 72, -9999, -9999, -9999, -9999, -9999, 58, -9999, -9999, -9999, -9999, -9999, 25, -9999, -9999, -9999, -9999, 40, 62, -9999, 33, -9999, -9999, -9999, 22, 49, -9999, 30, 64, -9999, -9999, -9999, -9999, -9999, -9999, 22, -9999, -9999, -9999, -9999, -9999, -9999, -9999, 77, 82, 52, 52, 95, -9999, -9999, 51, -9999, -9999, 81, 61, 73, -9999, -9999, -9999, -9999, -9999, -9999, -9999, -9999, -9999, -9999, -9999, -9999, -9999, -9999, 37, -9999, 40, 19, -9999, -9999, -9999, -9999, 40, -9999, 31, -9999, -9999, -9999, -9999, -9999, -9999, -9999, -9999, -9999, -9999, -9999, -9999, -9999, 1, 1, 1, 1, 1],
[-9999, -9999, -9999, -9999, -9999, 17, 34, -9999, -9999, 69, -9999, -9999, 90, -9999, -9999, -9999, -9999, 85, 29, 71, -9999, -9999, -9999, 39, -9999, 48, 62, 19, 67, -9999, 33, -9999, -9999, 30, 74, -9999, -9999, -9999, 56, 94, -9999, 18, 28, -9999, -9999, -9999, 90, 52, -9999, 29, 78, 85, -9999, -9999, 10, 6, 43, -9999, -9999, 9, -9999, 85, 30, -9999, -9999, -9999, 10, -9999, -9999, 100, -9999, -9999, 89, -9999, 52, -9999, 3, -9999, 97, 29, 17, -9999, 83, -9999, -9999, -9999, -9999, 11, -9999, 98, -9999, -9999, -9999, -9999, -9999, -9999, 84, 6, -9999, -9999, 1, 1, 1, 1, 1],
[-9999, -9999, -9999, -9999, -9999, -9999, 94, -9999, -9999, -9999, -9999, -9999, -9999, -9999, -9999, -9999, -9999, -9999, 41, -9999, -9999, -9999, -9999, 99, 91, 9, 77, -9999, -9999, -9999, -9999, 50, -9999, 98, 98, -9999, -9999, -9999, -9999, -9999, 90, -9999, -9999, -9999, -9999, -9999, -9999, -9999, -9999, -9999, 21, 90, 17, -9999, 19, -9999, 88, -9999, -9999, -9999, 43, 12, -9999, -9999, -9999, -9999, -9999, -9999, -9999, -9999, -9999, 71, -9999, 30, -9999, -9999, 78, -9999, 73, 72, -9999, -9999, -9999, -9999, 85, -9999, 96, -9999, -9999, -9999, -9999, 98, -9999, -9999, -9999, -9999, -9999, -9999, -9999, -9999, 1, 1, 1, 1, 1],
[-9999, -9999, -9999, -9999, -9999, 91, -9999, -9999, -9999, -9999, -9999, -9999, 35, -9999, -9999, -9999, 90, -9999, -9999, -9999, -9999, -9999, -9999, -9999, -9999, -9999, -9999, -9999, 68, -9999, -9999, -9999, -9999, -9999, -9999, -9999, -9999, -9999, -9999, -9999, -9999, -9999, -9999, -9999, -9999, -9999, -9999, -9999, -9999, -9999, -9999, -9999, -9999, -9999, -9999, -9999, -9999, -9999, -9999, -9999, -9999, -9999, 2, -9999, -9999, -9999, -9999, -9999, -9999, -9999, -9999, -9999, -9999, -9999, 60, -9999, -9999, 97, -9999, -9999, 6, -9999, -9999, -9999, 52, -9999, -9999, -9999, -9999, -9999, -9999, -9999, -9999, -9999, -9999, -9999, -9999, -9999, -9999, -9999, 1, 1, 1, 1, 1],
[-9999, -9999, -9999, -9999, -9999, 59, 43, -9999, -9999, 100, -9999, -9999, -9999, 54, -9999, -9999, -9999, -9999, 1, 59, -9999, 61, -9999, 84, -9999, -9999, 70, 70, 49, -9999, 89, -9999, -9999, 74, -9999, 1, 14, 7, 20, 61, 64, 2, 59, -9999, -9999, 82, 47, -9999, -9999, -9999, 91, -9999, 98, 33, 31, -9999, 68, -9999, -9999, -9999, -9999, -9999, 76, -9999, 4, -9999, 67, -9999, 10, -9999, -9999, -9999, 5, 71, 97, -9999, 65, -9999, 7, 14, -9999, 33, -9999, -9999, -9999, -9999, 62, -9999, -9999, 15, 47, -9999, -9999, -9999, -9999, -9999, 25, 58, -9999, -9999, 1, 1, 1, 1, 1],
[-9999, -9999, -9999, -9999, -9999, -9999, 77, 13, -9999, 82, -9999, -9999, 55, 97, -9999, -9999, -9999, 57, 68, 88, -9999, -9999, -9999, 44, 50, 28, -9999, -9999, 31, -9999, -9999, 3, -9999, 77, 22, 45, 76, -9999, 82, 21, 66, -9999, 51, -9999, -9999, 97, 49, -9999, -9999, -9999, 72, 64, -9999, 23, 53, -9999, 65, 14, -9999, 66, -9999, 78, 32, -9999, -9999, -9999, -9999, -9999, 63, 24, -9999, -9999, 35, -9999, 24, -9999, 20, 46, 72, 64, 28, 35, 64, -9999, 94, -9999, 95, -9999, -9999, 93, -9999, -9999, -9999, -9999, -9999, -9999, 38, 55, -9999, -9999, 1, 1, 1, 1, 1],
[-9999, -9999, -9999, -9999, -9999, 47, 11, -9999, -9999, -9999, -9999, -9999, 5, -9999, -9999, 87, -9999, -9999, -9999, -9999, 5, -9999, -9999, -9999, -9999, 93, 94, -9999, -9999, -9999, 43, 86, -9999, 3, 94, -9999, -9999, -9999, -9999, -9999, 67, 83, -9999, -9999, 57, -9999, -9999, -9999, -9999, -9999, -9999, -9999, 84, -9999, 34, -9999, 72, -9999, -9999, 39, 62, -9999, -9999, -9999, -9999, -9999, -9999, -9999, -9999, -9999, -9999, 42, -9999, -9999, -9999, -9999, 15, -9999, -9999, 38, 61, -9999, -9999, -9999, -9999, -9999, -9999, -9999, -9999, -9999, -9999, -9999, -9999, -9999, -9999, -9999, -9999, -9999, -9999, -9999, 1, 1, 1, 1, 1],
[-9999, -9999, -9999, -9999, -9999, -9999, 99, -9999, -9999, 67, -9999, -9999, 79, -9999, -9999, -9999, -9999, 52, 63, 52, -9999, -9999, -9999, -9999, -9999, -9999, -9999, 86, 87, -9999, 64, 62, -9999, 42, 27, 62, -9999, -9999, -9999, -9999, -9999, 88, 79, -9999, -9999, 63, -9999, -9999, -9999, 99, 51, -9999, 59, 44, 8, 50, 57, -9999, -9999, 37, 59, 76, 30, -9999, -9999, -9999, 29, -9999, 20, -9999, -9999, 4, 69, -9999, 89, -9999, 40, -9999, 5, 57, 28, -9999, 27, -9999, 88, -9999, 27, -9999, -9999, -9999, -9999, 96, -9999, -9999, -9999, -9999, -9999, -9999, 91, -9999, 1, 1, 1, 1, 1],
[-9999, -9999, -9999, -9999, -9999, -9999, 68, -9999, -9999, 37, -9999, -9999, 35, -9999, -9999, -9999, -9999, -9999, 80, 68, -9999, -9999, -9999, 60, 12, 57, 16, 52, 79, -9999, 34, -9999, 10, -9999, 84, 58, 83, -9999, 50, -9999, 57, 24, 61, 57, -9999, 76, 48, -9999, -9999, 63, 43, 48, -9999, 91, -9999, -9999, -9999, -9999, -9999, 97, 53, 1, 4, -9999, 28, -9999, 89, -9999, 84, 60, -9999, -9999, -9999, 22, 57, -9999, 32, -9999, 93, 8, 84, -9999, 14, -9999, 31, -9999, -9999, -9999, -9999, -9999, -9999, 11, -9999, -9999, -9999, -9999, -9999, 91, 36, -9999, 1, 1, 1, 1, 1],
[-9999, -9999, -9999, -9999, -9999, -9999, -9999, -9999, -9999, 46, -9999, -9999, 3, -9999, -9999, -9999, -9999, -9999, -9999, -9999, -9999, -9999, -9999, -9999, -9999, -9999, -9999, -9999, -9999, -9999, -9999, -9999, -9999, -9999, -9999, -9999, -9999, -9999, -9999, -9999, -9999, -9999, -9999, -9999, -9999, -9999, -9999, -9999, -9999, -9999, -9999, -9999, -9999, -9999, -9999, -9999, -9999, -9999, -9999, -9999, -9999, -9999, 14, -9999, -9999, -9999, -9999, -9999, -9999, -9999, -9999, -9999, -9999, -9999, 16, -9999, -9999, 92, 64, -9999, -9999, 41, -9999, -9999, -9999, -9999, -9999, -9999, -9999, -9999, -9999, -9999, -9999, -9999, -9999, -9999, 13, -9999, -9999, -9999, 1, 1, 1, 1, 1],
[-9999, -9999, -9999, -9999, -9999, 92, 44, -9999, -9999, 97, 65, -9999, 10, -9999, -9999, 47, 85, -9999, 28, 7, 83, 62, 55, 41, -9999, 86, 42, -9999, -9999, -9999, -9999, -9999, 46, -9999, 54, -9999, -9999, -9999, -9999, 9, -9999, -9999, 39, -9999, 13, 53, 73, 54, -9999, -9999, 60, 58, -9999, 18, -9999, -9999, 33, -9999, -9999, 20, 35, -9999, 76, 39, 85, -9999, -9999, 51, -9999, -9999, 79, -9999, 18, 33, 7, -9999, 41, 33, -9999, 20, 85, -9999, -9999, -9999, 25, -9999, 37, 39, -9999, -9999, 87, 43, -9999, -9999, -9999, -9999, 3, 8, 86, -9999, 1, 1, 1, 1, 1],
[-9999, -9999, -9999, -9999, -9999, -9999, 14, 32, -9999, 87, -9999, -9999, 90, -9999, -9999, 55, -9999, 23, -9999, 21, -9999, -9999, -9999, 35, 84, 74, 87, -9999, -9999, -9999, -9999, 79, -9999, 98, 95, -9999, -9999, -9999, 94, -9999, -9999, 20, 5, -9999, 25, 64, 98, 34, -9999, 57, 32, 97, 35, -9999, 58, -9999, -9999, -9999, 21, -9999, 22, 98, 40, -9999, -9999, -9999, 90, 73, 26, 68, 25, -9999, 15, -9999, 30, 32, -9999, 46, 71, 98, 69, -9999, 43, -9999, -9999, -9999, 32, 43, -9999, -9999, -9999, 77, -9999, -9999, -9999, 51, -9999, 94, -9999, -9999, 1, 1, 1, 1, 1],
[-9999, -9999, -9999, -9999, -9999, 69, -9999, -9999, -9999, -9999, -9999, -9999, -9999, -9999, -9999, -9999, -9999, -9999, -9999, -9999, -9999, -9999, -9999, -9999, -9999, -9999, -9999, -9999, -9999, -9999, -9999, -9999, -9999, -9999, -9999, -9999, -9999, -9999, -9999, -9999, -9999, -9999, -9999, -9999, -9999, -9999, -9999, -9999, -9999, -9999, -9999, -9999, -9999, -9999, -9999, -9999, -9999, -9999, -9999, -9999, -9999, -9999, -9999, -9999, -9999, -9999, -9999, -9999, -9999, -9999, -9999, -9999, -9999, -9999, -9999, -9999, -9999, -9999, 82, -9999, -9999, -9999, -9999, -9999, 58, -9999, -9999, -9999, -9999, -9999, -9999, -9999, -9999, -9999, -9999, -9999, -9999, -9999, -9999, -9999, 1, 1, 1, 1, 1],
[-9999, -9999, -9999, -9999, -9999, 87, 9, -9999, -9999, 73, -9999, -9999, 2, -9999, -9999, -9999, -9999, -9999, 21, 77, -9999, 14, -9999, -9999, -9999, 62, -9999, 84, 13, -9999, -9999, -9999, -9999, 74, -9999, -9999, -9999, -9999, 42, -9999, 48, 71, 77, -9999, -9999, -9999, 5, -9999, -9999, -9999, 88, 9, 99, 70, 23, -9999, 30, -9999, -9999, -9999, 85, -9999, 7, -9999, -9999, -9999, -9999, -9999, 65, -9999, -9999, -9999, 94, 62, 82, -9999, 9, 34, 95, 27, 99, -9999, -9999, 7, 3, -9999, 2, -9999, -9999, 77, 3, 80, -9999, -9999, -9999, -9999, 57, -9999, -9999, -9999, 1, 1, 1, 1, 1],
[-9999, -9999, -9999, -9999, -9999, -9999, 60, -9999, -9999, -9999, -9999, -9999, -9999, -9999, -9999, -9999, -9999, -9999, -9999, -9999, -9999, -9999, -9999, 99, -9999, -9999, 34, -9999, -9999, -9999, 26, -9999, -9999, 96, 86, -9999, -9999, -9999, -9999, -9999, 18, 72, -9999, -9999, -9999, -9999, -9999, -9999, -9999, 8, 84, 82, -9999, 99, 74, -9999, 100, -9999, -9999, 60, -9999, -9999, -9999, -9999, 31, -9999, -9999, -9999, -9999, -9999, -9999, 72, -9999, 76, -9999, -9999, 82, -9999, -9999, 9, 50, -9999, -9999, -9999, 66, -9999, -9999, -9999, -9999, -9999, -9999, -9999, -9999, -9999, -9999, -9999, -9999, -9999, -9999, -9999, 1, 1, 1, 1, 1],
[-9999, -9999, -9999, -9999, -9999, 83, 76, -9999, -9999, -9999, -9999, -9999, -9999, -9999, -9999, -9999, -9999, -9999, -9999, -9999, -9999, -9999, -9999, -9999, 55, 54, 39, -9999, -9999, -9999, -9999, 38, -9999, 83, 90, -9999, -9999, -9999, -9999, -9999, 24, -9999, -9999, -9999, -9999, -9999, -9999, 9, -9999, 41, 86, 60, 86, -9999, -9999, -9999, -9999, -9999, -9999, -9999, 94, 4, -9999, -9999, -9999, -9999, -9999, -9999, -9999, -9999, -9999, -9999, -9999, -9999, -9999, -9999, 42, -9999, 39, 5, 41, -9999, -9999, -9999, -9999, -9999, 94, -9999, -9999, -9999, -9999, 81, -9999, -9999, -9999, -9999, -9999, -9999, -9999, 68, 1, 1, 1, 1, 1],
[-9999, -9999, -9999, -9999, -9999, -9999, 84, -9999, 30, -9999, -9999, -9999, 100, -9999, -9999, -9999, -9999, -9999, -9999, -9999, -9999, -9999, -9999, -9999, -9999, 80, -9999, -9999, -9999, -9999, -9999, -9999, -9999, 15, 93, -9999, -9999, -9999, -9999, -9999, 14, -9999, -9999, -9999, -9999, -9999, -9999, 56, -9999, 23, 73, 6, 52, -9999, 89, -9999, 50, -9999, -9999, 24, -9999, 75, -9999, -9999, -9999, -9999, -9999, -9999, -9999, -9999, -9999, 25, -9999, -9999, -9999, -9999, 69, -9999, 91, 55, -9999, -9999, -9999, -9999, -9999, -9999, 88, -9999, -9999, -9999, -9999, -9999, -9999, -9999, -9999, -9999, -9999, -9999, -9999, -9999, 1, 1, 1, 1, 1],
[-9999, -9999, -9999, -9999, -9999, 9, 42, -9999, -9999, 49, -9999, -9999, -9999, -9999, -9999, -9999, -9999, 83, -9999, 32, -9999, -9999, -9999, -9999, 40, 31, 53, -9999, -9999, -9999, 45, -9999, -9999, 80, 63, 31, 85, -9999, 39, -9999, -9999, 94, 40, -9999, -9999, -9999, -9999, -9999, -9999, -9999, 12, 85, -9999, -9999, 41, 52, 35, -9999, -9999, -9999, 30, -9999, 6, -9999, -9999, -9999, 60, -9999, -9999, -9999, -9999, -9999, 69, -9999, 40, -9999, 80, 62, -9999, 55, 17, 54, 76, -9999, 87, -9999, 9, -9999, -9999, -9999, -9999, 2, -9999, -9999, -9999, -9999, -9999, 41, 38, -9999, 1, 1, 1, 1, 1],
[-9999, -9999, -9999, -9999, -9999, -9999, 93, -9999, -9999, -9999, -9999, -9999, 11, -9999, -9999, -9999, -9999, -9999, -9999, -9999, -9999, -9999, -9999, 34, -9999, 65, -9999, -9999, -9999, -9999, 20, 65, -9999, 36, 23, -9999, -9999, -9999, -9999, -9999, -9999, -9999, -9999, -9999, -9999, -9999, -9999, 16, -9999, -9999, 18, 87, 41, 62, -9999, -9999, -9999, -9999, -9999, -9999, 80, -9999, -9999, -9999, -9999, -9999, -9999, -9999, -9999, -9999, -9999, -9999, -9999, 38, -9999, -9999, 34, -9999, 12, 22, 6, -9999, -9999, -9999, 20, -9999, 91, -9999, -9999, -9999, -9999, 95, -9999, -9999, -9999, -9999, -9999, -9999, -9999, -9999, 1, 1, 1, 1, 1],
[-9999, -9999, -9999, -9999, -9999, 57, 36, -9999, -9999, 39, -9999, -9999, 65, -9999, -9999, -9999, -9999, 6, 66, 24, -9999, -9999, -9999, -9999, -9999, -9999, -9999, -9999, -9999, -9999, 19, 63, -9999, 18, 69, 56, -9999, -9999, 20, -9999, -9999, 76, 11, -9999, -9999, -9999, 88, 69, -9999, -9999, 46, 11, 56, 17, 3, 62, 80, -9999, -9999, -9999, -9999, -9999, 8, -9999, -9999, -9999, 11, -9999, -9999, -9999, -9999, -9999, 32, 69, 39, -9999, 62, 87, 67, 87, 96, -9999, 22, -9999, -9999, -9999, 74, 52, -9999, -9999, -9999, 4, -9999, -9999, -9999, -9999, 45, 8, -9999, 39, 1, 1, 1, 1, 1],
[-9999, -9999, -9999, -9999, -9999, -9999, 61, -9999, -9999, -9999, -9999, -9999, -9999, -9999, -9999, -9999, -9999, -9999, 7, -9999, -9999, -9999, -9999, -9999, 95, -9999, 49, -9999, -9999, -9999, -9999, 7, -9999, 78, 61, -9999, -9999, -9999, -9999, -9999, 100, 35, -9999, -9999, -9999, -9999, -9999, 54, -9999, 10, 88, 3, 23, 54, 28, -9999, 61, -9999, -9999, -9999, 18, 85, -9999, -9999, -9999, -9999, -9999, -9999, -9999, -9999, -9999, 80, -9999, -9999, -9999, -9999, 84, -9999, 7, 11, 64, -9999, -9999, -9999, 40, -9999, -9999, -9999, -9999, -9999, -9999, -9999, -9999, -9999, -9999, -9999, -9999, -9999, -9999, -9999, 1, 1, 1, 1, 1],
[-9999, -9999, -9999, -9999, -9999, 13, -9999, -9999, -9999, -9999, -9999, -9999, 73, -9999, -9999, -9999, -9999, -9999, -9999, -9999, -9999, -9999, -9999, -9999, -9999, -9999, -9999, -9999, -9999, -9999, -9999, -9999, -9999, -9999, -9999, -9999, -9999, -9999, 15, -9999, -9999, -9999, -9999, -9999, -9999, -9999, -9999, -9999, -9999, -9999, -9999, -9999, -9999, -9999, -9999, -9999, -9999, -9999, -9999, -9999, -9999, -9999, 65, -9999, -9999, -9999, -9999, -9999, -9999, -9999, -9999, -9999, -9999, -9999, 63, -9999, -9999, -9999, 68, -9999, 12, 100, -9999, -9999, 78, -9999, -9999, -9999, -9999, -9999, -9999, -9999, -9999, -9999, -9999, -9999, 19, -9999, -9999, -9999, 1, 1, 1, 1, 1],
[-9999, -9999, -9999, -9999, -9999, 9, 67, -9999, -9999, 53, 73, -9999, -9999, -9999, -9999, 86, 39, -9999, 94, -9999, -9999, -9999, -9999, -9999, 46, 1, -9999, 21, 2, -9999, -9999, 23, -9999, -9999, 59, 41, -9999, -9999, 100, -9999, 87, 66, 56, -9999, 83, 27, 35, -9999, -9999, 5, 61, -9999, 39, -9999, -9999, 93, 28, -9999, 21, 23, 36, -9999, 49, -9999, -9999, -9999, -9999, 4, 95, 82, 73, -9999, 59, 99, 21, -9999, 31, 6, -9999, 55, -9999, 9, 94, -9999, 52, -9999, 89, 74, -9999, 19, -9999, 68, -9999, 39, -9999, -9999, 72, -9999, -9999, -9999, 1, 1, 1, 1, 1],
[-9999, -9999, -9999, -9999, -9999, -9999, 26, -9999, -9999, 29, -9999, -9999, -9999, -9999, -9999, -9999, -9999, -9999, -9999, 64, -9999, -9999, -9999, 26, 31, -9999, -9999, 51, -9999, -9999, 50, 30, -9999, 56, 81, -9999, 25, -9999, -9999, -9999, 4, 97, 78, 45, -9999, -9999, 66, 71, -9999, -9999, 61, 90, 15, 82, -9999, 94, 47, -9999, -9999, -9999, 21, -9999, 74, -9999, -9999, -9999, -9999, -9999, 74, -9999, -9999, -9999, 64, -9999, 84, -9999, 46, 57, 41, 49, 34, 71, 97, -9999, 100, -9999, 17, -9999, -9999, -9999, 52, 57, -9999, -9999, -9999, -9999, 45, 33, -9999, -9999, 1, 1, 1, 1, 1],
[-9999, -9999, -9999, -9999, -9999, 95, 49, -9999, -9999, -9999, -9999, -9999, 46, -9999, -9999, -9999, -9999, -9999, 44, -9999, -9999, -9999, -9999, -9999, 64, 58, -9999, -9999, -9999, -9999, 95, -9999, -9999, 45, 23, -9999, -9999, -9999, -9999, -9999, 69, -9999, -9999, -9999, -9999, -9999, -9999, -9999, -9999, 96, 15, 79, 92, 6, -9999, -9999, 59, -9999, -9999, 73, -9999, 3, -9999, -9999, -9999, -9999, -9999, -9999, -9999, -9999, -9999, -9999, -9999, 37, -9999, -9999, 55, -9999, -9999, 21, -9999, -9999, -9999, -9999, 47, -9999, 66, -9999, -9999, -9999, -9999, -9999, -9999, -9999, 21, -9999, -9999, -9999, -9999, -9999, 1, 1, 1, 1, 1],
[-9999, -9999, -9999, -9999, -9999, 31, 66, -9999, -9999, 84, -9999, 36, 32, -9999, -9999, -9999, -9999, -9999, 58, -9999, -9999, -9999, -9999, -9999, 59, 45, -9999, 61, 34, -9999, 42, 17, -9999, 32, 31, -9999, 29, -9999, 60, 14, 33, -9999, 7, -9999, -9999, 78, 31, 41, -9999, 87, 42, 78, -9999, 25, 31, -9999, -9999, -9999, -9999, 75, 64, 25, 40, -9999, -9999, -9999, 1, -9999, 48, -9999, -9999, 78, 70, 3, 85, -9999, 75, 97, 37, 50, 9, 78, -9999, -9999, -9999, -9999, -9999, -9999, 16, 3, 98, -9999, -9999, -9999, -9999, -9999, 33, -9999, -9999, -9999, 1, 1, 1, 1, 1],
[-9999, -9999, -9999, -9999, -9999, -9999, 69, 80, -9999, -9999, -9999, -9999, 27, -9999, -9999, -9999, -9999, -9999, 34, -9999, -9999, -9999, -9999, 85, 23, 7, 61, 49, -9999, -9999, 34, 88, -9999, 45, -9999, 22, 35, -9999, 91, 41, 32, -9999, 83, -9999, -9999, -9999, 1, 74, -9999, -9999, 23, -9999, 79, -9999, 29, 43, -9999, -9999, -9999, -9999, 52, 79, 34, -9999, -9999, -9999, 80, -9999, -9999, -9999, -9999, -9999, 69, 3, 30, -9999, 64, 50, 100, 35, -9999, 97, 74, -9999, 26, -9999, -9999, 14, -9999, -9999, 55, -9999, 41, -9999, -9999, -9999, 80, 95, 22, -9999, 1, 1, 1, 1, 1],
[-9999, -9999, -9999, -9999, -9999, 94, 35, -9999, -9999, -9999, -9999, -9999, -9999, -9999, -9999, -9999, -9999, -9999, 21, -9999, -9999, -9999, -9999, 80, -9999, 51, 21, -9999, -9999, -9999, 60, 13, -9999, 70, -9999, -9999, -9999, -9999, -9999, -9999, -9999, 50, -9999, -9999, -9999, -9999, -9999, -9999, -9999, -9999, 69, 24, 64, 52, -9999, -9999, -9999, -9999, -9999, -9999, -9999, 51, -9999, -9999, -9999, -9999, -9999, -9999, -9999, -9999, -9999, -9999, -9999, 66, -9999, -9999, 73, -9999, 74, 78, 22, -9999, -9999, -9999, -9999, -9999, 24, -9999, -9999, -9999, -9999, 68, -9999, -9999, -9999, -9999, -9999, -9999, -9999, -9999, 1, 1, 1, 1, 1],
[-9999, -9999, -9999, -9999, -9999, -9999, 69, -9999, -9999, 36, 85, -9999, -9999, 75, -9999, 75, 49, 13, -9999, -9999, 64, -9999, -9999, -9999, -9999, -9999, -9999, -9999, -9999, 48, -9999, -9999, -9999, 34, 99, -9999, 10, -9999, 46, 47, 45, 68, 81, -9999, 4, -9999, -9999, 10, -9999, 5, 22, 96, -9999, 17, 53, 93, -9999, -9999, -9999, 84, 75, 77, 18, 34, -9999, -9999, 11, 85, 81, 89, -9999, 63, -9999, 62, 39, -9999, 82, -9999, 75, 66, -9999, 11, 56, -9999, 84, -9999, 89, -9999, 34, 80, -9999, -9999, -9999, -9999, -9999, -9999, 86, 66, 80, -9999, 1, 1, 1, 1, 1],
[-9999, -9999, -9999, -9999, -9999, 88, 71, -9999, -9999, -9999, -9999, -9999, 60, -9999, -9999, 72, -9999, -9999, 91, -9999, 33, -9999, -9999, 62, -9999, -9999, 4, -9999, -9999, 78, 78, 35, -9999, 26, -9999, -9999, -9999, -9999, -9999, -9999, 37, -9999, -9999, -9999, 68, -9999, -9999, -9999, -9999, 17, 31, 61, 18, 90, 33, -9999, 25, -9999, -9999, 53, 27, 12, -9999, -9999, -9999, -9999, -9999, -9999, -9999, -9999, 98, 22, -9999, -9999, -9999, -9999, 52, -9999, 61, 94, -9999, -9999, -9999, -9999, 25, -9999, 75, -9999, -9999, -9999, -9999, -9999, -9999, -9999, -9999, -9999, -9999, -9999, -9999, -9999, 1, 1, 1, 1, 1],
[-9999, -9999, -9999, -9999, -9999, 12, 78, -9999, -9999, -9999, -9999, -9999, 73, -9999, -9999, -9999, -9999, -9999, 7, -9999, -9999, -9999, -9999, -9999, 27, 75, 66, -9999, -9999, -9999, 81, 1, -9999, 70, 25, -9999, -9999, -9999, -9999, -9999, -9999, 59, -9999, -9999, -9999, -9999, -9999, 37, -9999, -9999, 71, 24, -9999, 93, 52, -9999, -9999, -9999, -9999, 23, 18, 14, -9999, -9999, -9999, -9999, -9999, -9999, -9999, -9999, -9999, 97, -9999, 75, -9999, -9999, 95, -9999, 97, 8, 93, -9999, -9999, -9999, 28, -9999, 37, -9999, -9999, -9999, -9999, 28, -9999, -9999, -9999, -9999, -9999, -9999, -9999, -9999, 1, 1, 1, 1, 1],
[-9999, -9999, -9999, -9999, -9999, -9999, 61, -9999, -9999, -9999, -9999, -9999, 40, -9999, -9999, -9999, -9999, -9999, -9999, -9999, -9999, -9999, -9999, -9999, -9999, 66, 92, -9999, -9999, -9999, -9999, -9999, -9999, 56, -9999, -9999, -9999, -9999, -9999, -9999, 24, -9999, -9999, -9999, -9999, -9999, -9999, 46, -9999, -9999, 72, -9999, 27, 58, -9999, -9999, 56, -9999, -9999, 4, -9999, -9999, -9999, -9999, -9999, -9999, -9999, -9999, -9999, -9999, -9999, 55, -9999, 61, -9999, -9999, 47, -9999, 30, 11, 94, -9999, -9999, -9999, 94, -9999, -9999, -9999, -9999, -9999, -9999, 85, -9999, -9999, -9999, -9999, -9999, -9999, -9999, -9999, 1, 1, 1, 1, 1],
[-9999, -9999, -9999, -9999, -9999, 56, 47, -9999, -9999, -9999, -9999, -9999, 80, -9999, -9999, -9999, -9999, 35, 92, 10, -9999, -9999, -9999, -9999, 2, -9999, 73, 89, 74, -9999, 52, 4, -9999, 56, -9999, -9999, -9999, -9999, 64, 76, -9999, -9999, 90, -9999, -9999, 32, 81, 64, -9999, -9999, 47, 12, 43, 42, -9999, 5, 78, -9999, -9999, 26, -9999, 24, 18, -9999, -9999, -9999, 2, -9999, -9999, -9999, -9999, -9999, 13, 70, 65, -9999, -9999, 49, -9999, 82, 42, -9999, 29, -9999, -9999, -9999, 46, -9999, -9999, 50, 80, 6, -9999, -9999, -9999, -9999, -9999, 78, 16, -9999, 1, 1, 1, 1, 1],
[-9999, -9999, -9999, -9999, -9999, 77, 36, -9999, -9999, -9999, -9999, -9999, 95, -9999, -9999, -9999, -9999, 68, 14, -9999, -9999, -9999, -9999, 100, -9999, 85, -9999, -9999, 93, -9999, -9999, 52, -9999, 57, 3, 63, -9999, -9999, 40, -9999, 5, -9999, 21, -9999, -9999, 63, 14, -9999, -9999, 82, 78, 97, -9999, -9999, 4, -9999, 59, -9999, -9999, 71, 30, -9999, 76, -9999, -9999, -9999, 99, -9999, 61, -9999, -9999, -9999, 80, 8, 23, -9999, 33, -9999, 39, 17, 15, -9999, 52, -9999, 60, -9999, 47, 25, -9999, -9999, 20, 3, -9999, -9999, -9999, -9999, 81, -9999, 27, -9999, 1, 1, 1, 1, 1],
[-9999, -9999, -9999, -9999, -9999, 60, 1, -9999, -9999, 27, -9999, -9999, 96, -9999, -9999, -9999, -9999, 36, 62, -9999, -9999, -9999, -9999, 3, -9999, 10, 31, 38, 78, -9999, -9999, 37, -9999, 16, -9999, 93, 56, -9999, 88, -9999, 33, 47, 86, -9999, -9999, 61, -9999, 24, -9999, -9999, 80, 17, 58, 35, 73, -9999, 35, -9999, -9999, -9999, 23, -9999, 3, -9999, 71, -9999, 3, -9999, -9999, 64, -9999, 75, 44, 34, 22, -9999, 89, 8, -9999, 15, -9999, 47, 52, -9999, 37, -9999, 18, 32, -9999, 14, 99, -9999, -9999, -9999, -9999, -9999, 9, 47, -9999, -9999, 1, 1, 1, 1, 1],
[-9999, -9999, -9999, -9999, -9999, 98, 64, -9999, -9999, -9999, -9999, -9999, -9999, 28, -9999, 4, 63, 62, 30, -9999, 19, -9999, 99, 64, 70, 2, 46, -9999, -9999, -9999, 22, 42, -9999, 21, -9999, -9999, 27, -9999, -9999, 67, 96, -9999, 30, 34, 63, -9999, 7, 29, -9999, -9999, 38, -9999, -9999, 79, 11, 51, -9999, -9999, -9999, -9999, -9999, 78, 14, 71, -9999, 84, -9999, 69, 4, 76, -9999, 65, 22, 58, 56, -9999, 95, -9999, -9999, -9999, -9999, 54, -9999, -9999, 83, -9999, 18, 18, -9999, 11, -9999, 46, -9999, 89, -9999, -9999, 94, 25, -9999, -9999, 1, 1, 1, 1, 1],
[-9999, -9999, -9999, -9999, -9999, 81, 68, -9999, -9999, 20, -9999, -9999, -9999, -9999, -9999, -9999, -9999, -9999, -9999, -9999, -9999, -9999, -9999, 37, 87, 15, 63, 89, 58, -9999, 35, -9999, -9999, 58, -9999, -9999, 78, -9999, 58, 20, 94, -9999, 99, -9999, -9999, 58, -9999, -9999, -9999, -9999, 42, -9999, -9999, 9, 53, 80, -9999, 76, -9999, -9999, 28, 4, 62, -9999, 7, -9999, 99, -9999, -9999, 1, -9999, 18, -9999, 77, 5, -9999, 32, -9999, 10, 35, -9999, 78, 62, -9999, -9999, -9999, 35, 75, -9999, 18, -9999, -9999, -9999, -9999, -9999, -9999, -9999, 85, -9999, -9999, 1, 1, 1, 1, 1],
[-9999, -9999, -9999, -9999, -9999, 24, 27, -9999, -9999, 29, -9999, -9999, 1, -9999, -9999, -9999, -9999, 3, 8, -9999, -9999, -9999, -9999, -9999, 40, 56, -9999, -9999, -9999, -9999, -9999, -9999, 18, 20, 35, 10, 38, -9999, 42, -9999, -9999, -9999, 72, -9999, -9999, 1, 91, -9999, -9999, 76, 72, 40, 42, 64, -9999, 92, -9999, -9999, -9999, 15, -9999, 16, 71, -9999, -9999, -9999, 33, -9999, 37, -9999, -9999, -9999, 54, 3, 72, -9999, 92, -9999, -9999, 81, -9999, -9999, 46, -9999, -9999, -9999, -9999, 11, -9999, -9999, 56, -9999, -9999, -9999, -9999, -9999, -9999, -9999, -9999, -9999, 1, 1, 1, 1, 1],
[-9999, -9999, -9999, -9999, -9999, -9999, 92, -9999, -9999, 13, -9999, -9999, -9999, -9999, -9999, -9999, -9999, 40, 40, -9999, -9999, -9999, -9999, 85, -9999, 78, -9999, 69, 25, -9999, 11, -9999, -9999, 63, -9999, -9999, -9999, -9999, 28, 91, -9999, 32, 46, -9999, -9999, -9999, 49, 92, -9999, 41, 67, 18, -9999, 64, 93, 6, -9999, -9999, -9999, 21, -9999, 76, 62, -9999, -9999, -9999, 47, -9999, -9999, 17, -9999, 77, 17, -9999, 1, -9999, 85, -9999, -9999, 99, -9999, -9999, -9999, -9999, -9999, -9999, -9999, -9999, -9999, -9999, 67, 64, 63, -9999, -9999, -9999, 70, 71, -9999, -9999, 1, 1, 1, 1, 1],
[-9999, -9999, -9999, -9999, -9999, 47, -9999, -9999, -9999, -9999, -9999, -9999, 54, -9999, -9999, -9999, -9999, -9999, -9999, -9999, -9999, -9999, -9999, -9999, -9999, -9999, -9999, -9999, -9999, -9999, -9999, -9999, -9999, -9999, -9999, -9999, -9999, -9999, -9999, -9999, -9999, -9999, -9999, -9999, -9999, -9999, -9999, -9999, -9999, -9999, -9999, -9999, -9999, -9999, -9999, -9999, -9999, -9999, -9999, -9999, -9999, -9999, -9999, -9999, -9999, -9999, -9999, -9999, -9999, -9999, -9999, -9999, -9999, -9999, -9999, -9999, -9999, -9999, -9999, -9999, 21, -9999, -9999, -9999, -9999, -9999, -9999, -9999, -9999, -9999, -9999, -9999, -9999, -9999, -9999, -9999, -9999, -9999, -9999, -9999, 1, 1, 1, 1, 1],
[-9999, -9999, -9999, -9999, -9999, 31, 60, -9999, -9999, 75, 69, -9999, 21, -9999, -9999, 84, 51, 100, -9999, -9999, 53, -9999, -9999, -9999, -9999, 38, 68, 56, -9999, -9999, 39, -9999, 23, 53, 93, 4, 4, -9999, 9, 56, -9999, 7, 53, -9999, 56, 29, 7, 92, 42, -9999, 39, -9999, -9999, 59, 72, 68, 53, -9999, -9999, 62, -9999, -9999, 36, 54, -9999, 11, -9999, 97, 47, 75, -9999, 7, 98, 97, 61, 2, 39, -9999, 70, 71, 94, -9999, 92, -9999, -9999, -9999, -9999, 29, -9999, -9999, 68, -9999, -9999, -9999, -9999, -9999, -9999, -9999, 94, -9999, 1, 1, 1, 1, 1],
[-9999, -9999, -9999, -9999, -9999, -9999, 34, -9999, -9999, -9999, -9999, -9999, 54, -9999, -9999, -9999, -9999, -9999, -9999, -9999, -9999, -9999, -9999, -9999, 69, -9999, 90, -9999, -9999, -9999, 75, -9999, -9999, 9, 53, -9999, -9999, -9999, -9999, -9999, 19, 40, -9999, -9999, -9999, -9999, -9999, 47, -9999, 29, 54, 97, 22, -9999, -9999, -9999, 80, -9999, -9999, 36, -9999, 41, -9999, -9999, -9999, -9999, -9999, -9999, -9999, -9999, -9999, 65, -9999, 29, -9999, -9999, 82, -9999, -9999, 87, -9999, -9999, -9999, -9999, 24, -9999, -9999, -9999, -9999, -9999, -9999, 37, -9999, -9999, -9999, -9999, -9999, -9999, -9999, -9999, 1, 1, 1, 1, 1],
[-9999, -9999, -9999, -9999, -9999, -9999, 77, -9999, -9999, -9999, -9999, -9999, -9999, -9999, -9999, -9999, -9999, -9999, -9999, -9999, -9999, -9999, -9999, 59, -9999, 25, -9999, -9999, -9999, -9999, -9999, 32, -9999, 77, -9999, -9999, -9999, -9999, -9999, -9999, 59, -9999, -9999, -9999, -9999, -9999, -9999, -9999, -9999, -9999, 5, 73, -9999, -9999, 71, -9999, -9999, -9999, -9999, 74, -9999, 80, -9999, -9999, 53, -9999, -9999, -9999, -9999, -9999, -9999, 100, -9999, -9999, -9999, -9999, 94, -9999, -9999, 95, 93, -9999, -9999, -9999, -9999, -9999, -9999, -9999, -9999, -9999, -9999, 82, -9999, -9999, -9999, -9999, -9999, -9999, -9999, -9999, 1, 1, 1, 1, 1],
[-9999, -9999, -9999, -9999, -9999, -9999, 50, -9999, 41, -9999, -9999, -9999, 76, -9999, -9999, -9999, -9999, -9999, -9999, -9999, -9999, -9999, -9999, -9999, 73, -9999, 88, -9999, -9999, -9999, -9999, 67, -9999, -9999, 53, -9999, -9999, -9999, -9999, -9999, -9999, -9999, -9999, -9999, -9999, -9999, -9999, 85, -9999, 24, 27, -9999, 7, -9999, 31, -9999, 36, -9999, -9999, -9999, -9999, 3, -9999, -9999, -9999, -9999, -9999, -9999, -9999, -9999, -9999, 49, -9999, 5, -9999, -9999, 84, -9999, 47, 30, 74, -9999, -9999, -9999, -9999, -9999, 76, -9999, -9999, -9999, -9999, 82, -9999, -9999, -9999, -9999, -9999, -9999, -9999, -9999, 1, 1, 1, 1, 1],
[-9999, -9999, -9999, -9999, -9999, 3, 60, -9999, -9999, -9999, -9999, -9999, 17, -9999, -9999, -9999, -9999, 8, 83, 93, -9999, -9999, -9999, 70, -9999, 58, 25, 49, 79, -9999, 32, 95, -9999, 58, -9999, 82, 38, -9999, -9999, -9999, -9999, 47, 18, 84, -9999, -9999, -9999, 12, -9999, -9999, 90, 64, 64, 56, 63, 18, 97, -9999, -9999, 64, 8, -9999, 86, -9999, -9999, -9999, 71, -9999, 20, 31, -9999, 40, 32, 56, 30, -9999, 76, -9999, 36, 29, 19, -9999, -9999, 74, 54, -9999, 45, -9999, -9999, -9999, 62, 41, -9999, -9999, -9999, -9999, -9999, 68, -9999, -9999, 1, 1, 1, 1, 1],
[-9999, -9999, -9999, -9999, -9999, -9999, 17, -9999, -9999, -9999, -9999, -9999, 24, -9999, -9999, -9999, -9999, -9999, -9999, -9999, -9999, -9999, -9999, 31, -9999, 84, 60, -9999, -9999, -9999, -9999, 86, -9999, 59, 1, -9999, -9999, -9999, -9999, -9999, 69, -9999, -9999, -9999, -9999, -9999, -9999, -9999, -9999, 58, 75, -9999, 83, 56, -9999, -9999, 36, -9999, -9999, 89, -9999, -9999, -9999, -9999, -9999, -9999, -9999, -9999, -9999, -9999, -9999, 93, -9999, -9999, -9999, -9999, 100, -9999, -9999, 53, 46, -9999, -9999, -9999, -9999, -9999, 94, -9999, -9999, -9999, -9999, 83, -9999, -9999, -9999, -9999, -9999, -9999, -9999, -9999, 1, 1, 1, 1, 1],
[-9999, -9999, -9999, -9999, -9999, 54, 15, -9999, -9999, -9999, -9999, -9999, 6, -9999, -9999, 18, -9999, -9999, 32, -9999, 65, -9999, -9999, 67, -9999, 58, 12, -9999, -9999, 49, -9999, -9999, -9999, 54, -9999, -9999, -9999, -9999, -9999, -9999, -9999, 16, -9999, -9999, 94, -9999, -9999, 92, -9999, 57, 82, 74, 2, 26, 97, -9999, 95, -9999, 86, 25, 32, -9999, -9999, -9999, -9999, -9999, -9999, -9999, -9999, -9999, 70, -9999, -9999, 77, -9999, 34, 40, -9999, 55, 22, 17, -9999, -9999, -9999, -9999, -9999, 39, -9999, -9999, -9999, -9999, -9999, -9999, -9999, -9999, -9999, -9999, -9999, -9999, -9999, 1, 1, 1, 1, 1],
[-9999, -9999, -9999, -9999, -9999, -9999, 80, -9999, -9999, -9999, -9999, -9999, 67, -9999, -9999, -9999, -9999, -9999, -9999, -9999, -9999, -9999, -9999, 46, -9999, -9999, -9999, -9999, -9999, -9999, 90, 8, -9999, -9999, 98, -9999, -9999, -9999, -9999, -9999, 80, -9999, -9999, -9999, -9999, -9999, -9999, -9999, -9999, 41, 29, 22, 33, 5, 77, -9999, -9999, -9999, -9999, 2, -9999, -9999, -9999, -9999, -9999, -9999, -9999, -9999, -9999, -9999, -9999, 42, -9999, 94, -9999, -9999, 37, -9999, 63, 71, -9999, -9999, -9999, -9999, 47, -9999, 31, -9999, -9999, -9999, -9999, -9999, -9999, -9999, 18, -9999, -9999, -9999, -9999, -9999, 1, 1, 1, 1, 1],
[-9999, -9999, -9999, -9999, -9999, 27, 17, -9999, -9999, -9999, -9999, -9999, -9999, -9999, -9999, -9999, -9999, -9999, -9999, -9999, -9999, -9999, -9999, 91, 58, 37, -9999, -9999, -9999, -9999, 90, -9999, -9999, 22, 19, 17, -9999, -9999, 65, -9999, -9999, 48, 10, -9999, -9999, 97, -9999, -9999, -9999, 73, 44, 15, 21, 73, 80, -9999, 10, 12, -9999, -9999, -9999, 32, 23, -9999, -9999, -9999, 38, -9999, 96, -9999, -9999, 46, 47, -9999, 96, -9999, 27, -9999, 38, 14, -9999, 53, 48, -9999, 78, -9999, 53, 93, 87, -9999, -9999, -9999, -9999, -9999, -9999, -9999, -9999, -9999, 91, -9999, 1, 1, 1, 1, 1],
[-9999, -9999, -9999, -9999, -9999, 2, 96, -9999, -9999, -9999, -9999, -9999, -9999, -9999, -9999, -9999, -9999, 51, -9999, 89, -9999, -9999, -9999, 58, 41, -9999, 12, 65, 64, -9999, 76, 66, -9999, 56, -9999, 6, 5, -9999, 97, 84, 32, -9999, 47, -9999, -9999, 71, 92, -9999, -9999, -9999, 41, -9999, -9999, 7, -9999, -9999, 95, -9999, -9999, -9999, 30, 49, 79, -9999, -9999, -9999, -9999, -9999, 82, 64, -9999, 98, 70, 14, -9999, -9999, 39, 95, -9999, 20, 75, -9999, 14, -9999, 28, -9999, -9999, 7, -9999, -9999, 19, -9999, -9999, -9999, -9999, -9999, 34, -9999, 54, -9999, 1, 1, 1, 1, 1],
[-9999, -9999, -9999, -9999, -9999, -9999, 99, -9999, -9999, -9999, -9999, -9999, 90, -9999, -9999, 67, -9999, -9999, -9999, -9999, -9999, -9999, -9999, -9999, -9999, 79, -9999, -9999, -9999, 5, 97, -9999, -9999, 1, -9999, -9999, -9999, -9999, -9999, -9999, 89, 29, -9999, -9999, 92, -9999, -9999, -9999, -9999, -9999, 17, 37, 69, -9999, -9999, -9999, -9999, -9999, -9999, -9999, -9999, 87, -9999, -9999, 17, -9999, -9999, -9999, -9999, -9999, 37, 90, -9999, 13, -9999, -9999, 97, -9999, -9999, 75, -9999, -9999, -9999, -9999, 50, -9999, 31, -9999, -9999, -9999, -9999, -9999, -9999, -9999, -9999, -9999, -9999, -9999, -9999, -9999, 1, 1, 1, 1, 1],
[-9999, -9999, -9999, -9999, -9999, 86, 22, -9999, -9999, -9999, -9999, -9999, 46, -9999, -9999, -9999, -9999, -9999, 39, -9999, -9999, -9999, -9999, 14, -9999, -9999, 31, -9999, -9999, -9999, -9999, -9999, -9999, 37, 29, -9999, -9999, -9999, -9999, -9999, 34, 56, -9999, -9999, -9999, -9999, -9999, 65, -9999, -9999, 36, -9999, 55, -9999, 75, -9999, -9999, -9999, -9999, 99, 31, -9999, -9999, -9999, -9999, -9999, -9999, -9999, -9999, -9999, -9999, 3, -9999, -9999, -9999, -9999, 49, -9999, 62, 40, 10, -9999, -9999, -9999, -9999, -9999, -9999, -9999, -9999, -9999, -9999, 26, -9999, -9999, -9999, -9999, -9999, -9999, -9999, -9999, 1, 1, 1, 1, 1],
[-9999, -9999, -9999, -9999, -9999, 72, 2, -9999, -9999, -9999, -9999, -9999, -9999, -9999, -9999, -9999, -9999, -9999, 83, -9999, -9999, -9999, -9999, -9999, 41, 91, -9999, -9999, -9999, -9999, -9999, -9999, -9999, 20, 75, -9999, -9999, -9999, -9999, -9999, -9999, -9999, -9999, -9999, -9999, -9999, -9999, -9999, -9999, 26, 83, -9999, 77, 31, 76, -9999, 18, -9999, -9999, 1, 85, -9999, -9999, -9999, -9999, -9999, -9999, -9999, -9999, -9999, -9999, 90, -9999, 85, -9999, -9999, 43, -9999, 97, 91, 19, -9999, -9999, -9999, 92, -9999, 33, -9999, -9999, -9999, -9999, 10, -9999, -9999, -9999, -9999, -9999, -9999, -9999, -9999, 1, 1, 1, 1, 1],
[-9999, -9999, -9999, -9999, -9999, 93, -9999, -9999, -9999, -9999, -9999, -9999, 63, -9999, -9999, -9999, -9999, -9999, -9999, -9999, -9999, -9999, -9999, -9999, -9999, -9999, -9999, -9999, 31, -9999, -9999, -9999, -9999, -9999, -9999, -9999, -9999, -9999, -9999, -9999, -9999, -9999, -9999, -9999, -9999, -9999, -9999, -9999, -9999, -9999, -9999, -9999, -9999, -9999, -9999, -9999, -9999, -9999, -9999, -9999, -9999, -9999, 36, -9999, -9999, -9999, -9999, -9999, -9999, -9999, -9999, -9999, -9999, -9999, 68, -9999, -9999, 68, 90, -9999, 62, 93, -9999, -9999, 6, -9999, -9999, -9999, -9999, -9999, -9999, -9999, -9999, -9999, -9999, -9999, 78, -9999, -9999, -9999, 1, 1, 1, 1, 1],
[-9999, -9999, -9999, -9999, -9999, -9999, 11, -9999, -9999, -9999, -9999, -9999, 39, -9999, -9999, -9999, -9999, -9999, 70, -9999, -9999, -9999, -9999, -9999, 46, -9999, 20, -9999, -9999, 98, 69, -9999, -9999, 74, 98, -9999, -9999, 57, -9999, -9999, 82, 41, -9999, -9999, -9999, -9999, -9999, -9999, -9999, -9999, 5, -9999, 1, 79, 64, -9999, 10, -9999, -9999, 78, 46, 67, -9999, -9999, -9999, -9999, -9999, -9999, -9999, -9999, -9999, -9999, -9999, 78, -9999, -9999, 95, -9999, 81, 97, -9999, -9999, -9999, -9999, -9999, -9999, 85, -9999, -9999, -9999, -9999, 78, -9999, -9999, -9999, -9999, -9999, -9999, -9999, -9999, 1, 1, 1, 1, 1],
[-9999, -9999, -9999, -9999, -9999, 32, 32, -9999, -9999, -9999, -9999, -9999, 60, -9999, -9999, -9999, -9999, -9999, 66, -9999, -9999, -9999, -9999, -9999, 27, 30, -9999, -9999, -9999, -9999, 50, -9999, -9999, 38, 71, -9999, -9999, -9999, -9999, -9999, 85, 34, -9999, -9999, -9999, -9999, -9999, -9999, -9999, -9999, 68, 43, 36, 33, 22, -9999, 41, -9999, -9999, 65, 26, 7, -9999, -9999, -9999, -9999, -9999, -9999, -9999, -9999, -9999, 69, -9999, 63, -9999, -9999, 9, -9999, 83, 49, 85, -9999, -9999, -9999, -9999, -9999, 99, -9999, -9999, -9999, -9999, -9999, -9999, -9999, -9999, -9999, -9999, -9999, -9999, -9999, 1, 1, 1, 1, 1],
[-9999, -9999, -9999, -9999, -9999, -9999, -9999, -9999, -9999, -9999, -9999, -9999, -9999, -9999, -9999, -9999, -9999, -9999, -9999, -9999, -9999, -9999, -9999, -9999, -9999, -9999, -9999, -9999, -9999, -9999, -9999, -9999, -9999, -9999, -9999, -9999, -9999, -9999, -9999, -9999, -9999, -9999, -9999, -9999, -9999, -9999, -9999, -9999, -9999, -9999, -9999, -9999, -9999, -9999, -9999, -9999, -9999, -9999, -9999, -9999, -9999, -9999, -9999, -9999, -9999, -9999, -9999, -9999, -9999, -9999, -9999, -9999, -9999, -9999, -9999, -9999, -9999, -9999, -9999, -9999, -9999, -9999, -9999, -9999, -9999, -9999, -9999, -9999, -9999, -9999, -9999, -9999, -9999, -9999, -9999, -9999, -9999, -9999, -9999, -9999, -9999, -9999, -9999, -9999, -9999],
[-9999, -9999, -9999, -9999, -9999, -9999, -9999, -9999, -9999, -9999, -9999, -9999, -9999, -9999, -9999, -9999, -9999, -9999, -9999, -9999, -9999, -9999, -9999, -9999, -9999, -9999, -9999, -9999, -9999, -9999, -9999, -9999, -9999, -9999, -9999, -9999, -9999, -9999, -9999, -9999, -9999, -9999, -9999, -9999, -9999, -9999, -9999, -9999, -9999, -9999, -9999, -9999, -9999, -9999, -9999, -9999, -9999, -9999, -9999, -9999, -9999, -9999, -9999, -9999, -9999, -9999, -9999, -9999, -9999, -9999, -9999, -9999, -9999, -9999, -9999, -9999, -9999, -9999, -9999, -9999, -9999, -9999, -9999, -9999, -9999, -9999, -9999, -9999, -9999, -9999, -9999, -9999, -9999, -9999, -9999, -9999, -9999, -9999, -9999, -9999, -9999, -9999, -9999, -9999, -9999],
[-9999, -9999, -9999, -9999, -9999, -9999, -9999, -9999, -9999, -9999, -9999, -9999, -9999, -9999, -9999, -9999, -9999, -9999, -9999, -9999, -9999, -9999, -9999, -9999, -9999, -9999, -9999, -9999, -9999, -9999, -9999, -9999, -9999, -9999, -9999, -9999, -9999, -9999, -9999, -9999, -9999, -9999, -9999, -9999, -9999, -9999, -9999, -9999, -9999, -9999, -9999, -9999, -9999, -9999, -9999, -9999, -9999, -9999, -9999, -9999, -9999, -9999, -9999, -9999, -9999, -9999, -9999, -9999, -9999, -9999, -9999, -9999, -9999, -9999, -9999, -9999, -9999, -9999, -9999, -9999, -9999, -9999, -9999, -9999, -9999, -9999, -9999, -9999, -9999, -9999, -9999, -9999, -9999, -9999, -9999, -9999, -9999, -9999, -9999, -9999, -9999, -9999, -9999, -9999, -9999],
[-9999, -9999, -9999, -9999, -9999, -9999, -9999, -9999, -9999, -9999, -9999, -9999, -9999, -9999, -9999, -9999, -9999, -9999, -9999, -9999, -9999, -9999, -9999, -9999, -9999, -9999, -9999, -9999, -9999, -9999, -9999, -9999, -9999, -9999, -9999, -9999, -9999, -9999, -9999, -9999, -9999, -9999, -9999, -9999, -9999, -9999, -9999, -9999, -9999, -9999, -9999, -9999, -9999, -9999, -9999, -9999, -9999, -9999, -9999, -9999, -9999, -9999, -9999, -9999, -9999, -9999, -9999, -9999, -9999, -9999, -9999, -9999, -9999, -9999, -9999, -9999, -9999, -9999, -9999, -9999, -9999, -9999, -9999, -9999, -9999, -9999, -9999, -9999, -9999, -9999, -9999, -9999, -9999, -9999, -9999, -9999, -9999, -9999, -9999, -9999, -9999, -9999, -9999, -9999, -9999],
[-9999, -9999, -9999, -9999, -9999, -9999, -9999, -9999, -9999, -9999, -9999, -9999, -9999, -9999, -9999, -9999, -9999, -9999, -9999, -9999, -9999, -9999, -9999, -9999, -9999, -9999, -9999, -9999, -9999, -9999, -9999, -9999, -9999, -9999, -9999, -9999, -9999, -9999, -9999, -9999, -9999, -9999, -9999, -9999, -9999, -9999, -9999, -9999, -9999, -9999, -9999, -9999, -9999, -9999, -9999, -9999, -9999, -9999, -9999, -9999, -9999, -9999, -9999, -9999, -9999, -9999, -9999, -9999, -9999, -9999, -9999, -9999, -9999, -9999, -9999, -9999, -9999, -9999, -9999, -9999, -9999, -9999, -9999, -9999, -9999, -9999, -9999, -9999, -9999, -9999, -9999, -9999, -9999, -9999, -9999, -9999, -9999, -9999, -9999, -9999, -9999, -9999, -9999, -9999, -9999]
];
