NbNodes = 105;
NbNDDs = 5;
NbPairs = 95;
NbTerminals = 5;
K = 0;
L = 97;
Wt = [
[-9999, -9999, -9999, -9999, -9999, -9999, -9999, -9999, -9999, -9999, -9999, -9999, 10, -9999, -9999, -9999, -9999, 42, -9999, -9999, -9999, -9999, -9999, -9999, -9999, -9999, -9999, -9999, -9999, -9999, 83, -9999, 60, 1, -9999, -9999, -9999, -9999, -9999, -9999, -9999, -9999, -9999, -9999, -9999, -9999, -9999, -9999, 1, 99, -9999, -9999, -9999, 2, 72, 8, -9999, -9999, -9999, 52, 68, -9999, -9999, -9999, -9999, -9999, -9999, -9999, 80, -9999, -9999, -9999, -9999, -9999, -9999, -9999, -9999, -9999, -9999, -9999, 33, 99, -9999, -9999, -9999, -9999, -9999, 49, -9999, -9999, 35, -9999, -9999, -9999, 77, -9999, -9999, 3, -9999, -9999, 1, 1, 1, 1, 1],
[-9999, -9999, -9999, -9999, -9999, -9999, -9999, -9999, -9999, -9999, -9999, -9999, 49, -9999, -9999, -9999, -9999, 83, -9999, 67, -9999, -9999, -9999, -9999, 84, 28, -9999, -9999, -9999, -9999, 50, -9999, -9999, 95, -9999, -9999, -9999, -9999, -9999, -9999, -9999, -9999, -9999, -9999, -9999, 29, -9999, -9999, 95, 23, -9999, -9999, -9999, 41, -9999, 97, -9999, -9999, -9999, 98, -9999, -9999, -9999, -9999, -9999, -9999, 94, -9999, 10, -9999, -9999, -9999, -9999, -9999, -9999, -9999, -9999, -9999, 67, -9999, 39, 20, 73, -9999, -9999, -9999, -9999, 61, -9999, -9999, 19, -9999, 1, -9999, 8, -9999, -9999, 75, -9999, -9999, 1, 1, 1, 1, 1],
[-9999, -9999, -9999, -9999, -9999, -9999, 3, -9999, -9999, -9999, -9999, -9999, -9999, 83, -9999, -9999, -9999, -9999, -9999, -9999, 63, -9999, -9999, -9999, -9999, -9999, -9999, -9999, -9999, 64, -9999, -9999, -9999, -9999, -9999, -9999, -9999, -9999, -9999, -9999, -9999, -9999, -9999, -9999, -9999, -9999, -9999, -9999, -9999, -9999, -9999, -9999, 53, -9999, -9999, -9999, -9999, -9999, -9999, -9999, -9999, -9999, -9999, -9999, -9999, -9999, -9999, -9999, -9999, -9999, -9999, -9999, -9999, -9999, -9999, -9999, 57, -9999, -9999, -9999, -9999, -9999, -9999, -9999, -9999, -9999, -9999, -9999, -9999, -9999, -9999, -9999, -9999, -9999, -9999, -9999, 83, -9999, -9999, -9999, 1, 1, 1, 1, 1],
[-9999, -9999, -9999, -9999, -9999, -9999, -9999, -9999, -9999, -9999, -9999, -9999, 77, -9999, -9999, -9999, -9999, -9999, -9999, -9999, -9999, -9999, -9999, -9999, 36, 97, -9999, -9999, -9999, -9999, 56, -9999, -9999, 63, -9999, -9999, -9999, -9999, -9999, -9999, -9999, -9999, -9999, -9999, -9999, 42, -9999, -9999, 19, 32, -9999, -9999, -9999, 31, -9999, 6, -9999, -9999, -9999, -9999, 9, -9999, -9999, -9999, -9999, -9999, 34, -9999, 17, 50, -9999, -9999, -9999, -9999, -9999, -9999, -9999, 33, 10, -9999, 49, 39, 22, -9999, -9999, -9999, -9999, 26, -9999, -9999, 51, -9999, -9999, -9999, 86, -9999, -9999, 47, -9999, -9999, 1, 1, 1, 1, 1],
[-9999, -9999, -9999, -9999, -9999, -9999, -9999, -9999, -9999, -9999, -9999, -9999, 91, -9999, -9999, -9999, -9999, -9999, -9999, 27, -9999, -9999, -9999, -9999, -9999, 74, -9999, -9999, -9999, -9999, -9999, -9999, -9999, -9999, -9999, -9999, -9999, -9999, 20, -9999, -9999, -9999, -9999, -9999, -9999, 7, -9999, -9999, 77, 33, -9999, -9999, -9999, 45, 96, 34, -9999, -9999, -9999, -9999, 57, -9999, -9999, -9999, -9999, -9999, 100, -9999, 87, -9999, -9999, -9999, -9999, -9999, -9999, -9999, -9999, 81, 81, -9999, 20, -9999, 32, -9999, -9999, -9999, -9999, -9999, -9999, -9999, 14, -9999, 97, -9999, 46, -9999, -9999, 11, -9999, -9999, 1, 1, 1, 1, 1],
[-9999, -9999, -9999, -9999, -9999, -9999, -9999, -9999, -9999, -9999, -9999, -9999, 27, -9999, -9999, -9999, -9999, 44, -9999, 80, -9999, -9999, -9999, -9999, 94, 59, -9999, -9999, -9999, -9999, 15, -9999, -9999, 70, -9999, -9999, -9999, -9999, -9999, -9999, -9999, -9999, -9999, -9999, -9999, 64, -9999, -9999, 22, 73, -9999, -9999, -9999, 82, 83, 84, -9999, -9999, -9999, 48, -9999, -9999, -9999, -9999, -9999, -9999, 29, -9999, 67, -9999, -9999, -9999, -9999, -9999, -9999, -9999, -9999, 55, 59, -9999, 2, -9999, 46, -9999, -9999, -9999, -9999, 81, -9999, -9999, 79, -9999, -9999, -9999, 16, -9999, -9999, 62, -9999, -9999, 1, 1, 1, 1, 1],
[-9999, -9999, -9999, -9999, -9999, -9999, -9999, -9999, 81, 27, 43, 30, 100, 60, 95, -9999, -9999, 85, -9999, -9999, 59, -9999, -9999, 32, 18, 12, -9999, -9999, 50, 1, 71, 63, -9999, 55, -9999, 26, 57, 31, 15, -9999, 52, -9999, 56, 40, -9999, 38, 92, 48, 81, 8, -9999, -9999, 62, 92, 45, 25, -9999, -9999, -9999, -9999, 61, -9999, 78, -9999, -9999, -9999, -9999, -9999, 31, 30, 83, -9999, 5, 83, -9999, -9999, -9999, -9999, 90, 45, 81, -9999, 79, -9999, -9999, -9999, -9999, 8, 89, -9999, 13, 50, -9999, -9999, 94, -9999, -9999, 56, 6, 62, 1, 1, 1, 1, 1],
[-9999, -9999, -9999, -9999, -9999, -9999, 71, -9999, -9999, 41, -9999, 24, 26, -9999, -9999, 74, 58, 51, -9999, -9999, 80, -9999, -9999, -9999, -9999, 55, -9999, -9999, 63, -9999, 95, 33, -9999, 51, -9999, 83, 41, -9999, 72, 4, 61, -9999, 68, -9999, -9999, 12, -9999, -9999, 62, 85, -9999, 10, 51, 12, 96, -9999, -9999, -9999, 52, 11, 65, 73, -9999, 34, -9999, 41, 72, -9999, 92, 41, -9999, 93, -9999, 54, -9999, -9999, -9999, -9999, 4, 28, 28, -9999, 3, -9999, -9999, -9999, 11, -9999, 82, -9999, 5, 7, 10, 68, -9999, -9999, -9999, 85, 90, -9999, 1, 1, 1, 1, 1],
[-9999, -9999, -9999, -9999, -9999, -9999, 83, -9999, -9999, -9999, -9999, -9999, -9999, 74, -9999, -9999, -9999, -9999, -9999, -9999, -9999, -9999, -9999, -9999, -9999, -9999, -9999, -9999, -9999, -9999, -9999, -9999, -9999, -9999, -9999, -9999, -9999, -9999, -9999, -9999, -9999, -9999, -9999, -9999, -9999, -9999, -9999, -9999, -9999, -9999, 25, -9999, 33, -9999, -9999, -9999, -9999, -9999, -9999, -9999, -9999, -9999, -9999, -9999, -9999, -9999, -9999, -9999, -9999, -9999, -9999, -9999, -9999, -9999, -9999, -9999, -9999, -9999, -9999, -9999, -9999, -9999, -9999, -9999, -9999, -9999, -9999, -9999, -9999, -9999, -9999, -9999, -9999, -9999, -9999, -9999, -9999, -9999, -9999, -9999, 1, 1, 1, 1, 1],
[-9999, -9999, -9999, -9999, -9999, -9999, 69, -9999, -9999, -9999, -9999, -9999, -9999, -9999, -9999, -9999, -9999, -9999, -9999, -9999, 96, -9999, -9999, -9999, -9999, -9999, -9999, -9999, -9999, 43, -9999, -9999, -9999, -9999, -9999, -9999, -9999, -9999, -9999, -9999, -9999, -9999, -9999, -9999, -9999, -9999, -9999, -9999, -9999, -9999, -9999, -9999, 10, -9999, -9999, -9999, -9999, -9999, 69, -9999, -9999, -9999, -9999, -9999, -9999, -9999, -9999, -9999, -9999, -9999, -9999, -9999, -9999, -9999, -9999, -9999, -9999, -9999, -9999, -9999, -9999, -9999, -9999, -9999, -9999, -9999, -9999, -9999, -9999, -9999, -9999, -9999, -9999, -9999, -9999, -9999, 57, -9999, -9999, -9999, 1, 1, 1, 1, 1],
[-9999, -9999, -9999, -9999, -9999, -9999, 64, -9999, 80, 90, -9999, 50, 86, -9999, -9999, 32, 33, 77, -9999, -9999, 93, -9999, -9999, 34, 3, -9999, -9999, -9999, 96, -9999, 16, 65, -9999, 25, -9999, 77, -9999, -9999, -9999, 12, 40, 77, 29, -9999, -9999, -9999, 51, -9999, 90, 76, -9999, -9999, -9999, 64, -9999, 71, -9999, 55, 97, 57, -9999, 5, 10, -9999, -9999, 46, 69, -9999, 35, -9999, -9999, -9999, -9999, 73, 51, -9999, -9999, -9999, -9999, -9999, -9999, 97, 47, 45, -9999, -9999, 4, 74, 62, -9999, 80, 37, -9999, 60, -9999, -9999, -9999, 28, 29, -9999, 1, 1, 1, 1, 1],
[-9999, -9999, -9999, -9999, -9999, -9999, 43, 95, 53, 21, 74, -9999, 52, -9999, 45, 24, -9999, -9999, -9999, 37, 56, -9999, -9999, 7, 42, 31, -9999, -9999, -9999, 52, 85, 50, -9999, 16, -9999, 95, 67, 8, -9999, 71, -9999, 39, 60, -9999, -9999, 68, 9, -9999, 90, 96, -9999, -9999, 62, 66, -9999, -9999, -9999, -9999, -9999, 40, -9999, -9999, 5, -9999, -9999, 8, 60, -9999, 51, 20, -9999, 63, -9999, -9999, 26, -9999, -9999, 93, 51, 28, 99, 36, 63, -9999, -9999, -9999, 19, 13, 81, 10, 36, 46, 34, 44, -9999, 70, 70, 32, 2, 18, 1, 1, 1, 1, 1],
[-9999, -9999, -9999, -9999, -9999, -9999, 25, -9999, 52, 88, 81, 91, -9999, 17, -9999, 90, 16, -9999, -9999, 64, -9999, -9999, -9999, -9999, 1, 36, -9999, 44, -9999, 35, 26, 22, -9999, 60, -9999, 56, -9999, -9999, -9999, 23, -9999, 41, 79, -9999, -9999, -9999, 11, -9999, 53, 82, -9999, -9999, -9999, 9, 70, 6, -9999, -9999, 56, 91, 96, -9999, -9999, -9999, -9999, 75, -9999, 28, 87, -9999, 65, 28, 8, -9999, -9999, -9999, -9999, 22, 10, -9999, 33, 83, -9999, -9999, -9999, -9999, -9999, 12, -9999, -9999, -9999, 55, 15, 54, 21, 68, 28, 91, 24, 2, 1, 1, 1, 1, 1],
[-9999, -9999, -9999, -9999, -9999, -9999, -9999, -9999, -9999, -9999, -9999, -9999, 76, -9999, -9999, -9999, -9999, 52, -9999, -9999, -9999, -9999, -9999, -9999, 92, 51, -9999, -9999, -9999, -9999, 44, -9999, -9999, 32, -9999, -9999, -9999, -9999, -9999, -9999, -9999, -9999, -9999, -9999, -9999, -9999, -9999, -9999, 57, 6, -9999, -9999, -9999, 61, 3, 13, -9999, -9999, -9999, 37, 89, -9999, -9999, -9999, -9999, -9999, -9999, -9999, 87, 25, -9999, -9999, -9999, -9999, -9999, -9999, -9999, 31, 86, -9999, 25, 44, 58, -9999, -9999, -9999, -9999, -9999, -9999, -9999, 1, -9999, -9999, -9999, 20, -9999, -9999, 86, -9999, -9999, 1, 1, 1, 1, 1],
[-9999, -9999, -9999, -9999, -9999, -9999, -9999, -9999, -9999, -9999, -9999, -9999, 91, -9999, -9999, -9999, -9999, 10, -9999, 77, -9999, -9999, -9999, -9999, -9999, -9999, -9999, -9999, -9999, -9999, 12, -9999, -9999, 46, -9999, -9999, -9999, -9999, -9999, -9999, -9999, -9999, -9999, -9999, -9999, -9999, -9999, -9999, 29, 55, -9999, -9999, -9999, 53, 14, -9999, -9999, -9999, -9999, 33, -9999, -9999, -9999, -9999, -9999, -9999, 50, -9999, 87, 81, -9999, -9999, -9999, -9999, -9999, -9999, -9999, 80, 63, -9999, 6, 8, 95, -9999, -9999, -9999, -9999, 43, -9999, -9999, 77, -9999, -9999, -9999, 59, -9999, -9999, 13, -9999, -9999, 1, 1, 1, 1, 1],
[-9999, -9999, -9999, -9999, -9999, -9999, 62, 92, 97, 60, 22, 72, 44, -9999, -9999, -9999, 10, -9999, -9999, 15, -9999, -9999, -9999, 88, 62, 93, -9999, 81, -9999, 7, 31, 85, -9999, 29, -9999, 21, -9999, 71, -9999, 75, 95, -9999, 9, -9999, -9999, 9, 9, -9999, 46, 86, -9999, -9999, 98, 93, 81, 39, -9999, -9999, 7, -9999, 100, -9999, -9999, 39, -9999, 2, -9999, 21, 13, 11, -9999, -9999, 17, 9, 78, -9999, -9999, 3, 61, -9999, 89, -9999, -9999, 77, -9999, -9999, 53, -9999, -9999, -9999, 29, 90, 31, 49, 17, -9999, -9999, 21, -9999, 76, 1, 1, 1, 1, 1],
[-9999, -9999, -9999, -9999, -9999, -9999, 9, 80, 34, 39, 56, 23, 59, 40, -9999, 17, -9999, 27, -9999, -9999, -9999, 1, -9999, 72, 78, -9999, -9999, -9999, 84, 33, 73, 12, -9999, 65, -9999, 98, -9999, 25, -9999, -9999, -9999, -9999, 96, -9999, -9999, 3, 85, -9999, 58, 3, -9999, -9999, -9999, 82, 75, 6, -9999, -9999, -9999, -9999, 91, -9999, 46, 41, -9999, 72, 64, 68, 81, 55, -9999, -9999, 63, 89, -9999, 6, -9999, 16, 7, 75, 30, -9999, 60, -9999, -9999, -9999, 8, -9999, -9999, -9999, 39, 7, -9999, -9999, 5, -9999, 83, 65, 22, 9, 1, 1, 1, 1, 1],
[-9999, -9999, -9999, -9999, -9999, -9999, 67, -9999, -9999, 55, 56, -9999, 46, -9999, -9999, -9999, 69, -9999, -9999, 6, -9999, 82, -9999, -9999, 7, 14, -9999, 98, -9999, 86, 37, 91, -9999, 3, -9999, 17, -9999, -9999, -9999, -9999, -9999, 81, 18, 92, -9999, 30, 5, -9999, 99, 1, -9999, 84, 88, 12, -9999, -9999, -9999, -9999, -9999, 15, 65, -9999, -9999, -9999, -9999, -9999, 23, -9999, 52, 13, 46, 65, 23, 26, -9999, -9999, -9999, 46, 92, -9999, 68, -9999, -9999, -9999, -9999, 81, 43, 49, 18, -9999, 38, 22, 27, -9999, -9999, -9999, -9999, 93, 23, -9999, 1, 1, 1, 1, 1],
[-9999, -9999, -9999, -9999, -9999, -9999, -9999, -9999, -9999, -9999, -9999, -9999, 37, -9999, -9999, -9999, -9999, 50, -9999, 46, -9999, -9999, -9999, -9999, 66, -9999, -9999, -9999, -9999, -9999, 25, -9999, -9999, -9999, -9999, -9999, -9999, -9999, -9999, -9999, -9999, -9999, -9999, -9999, -9999, 35, -9999, -9999, 89, 55, -9999, -9999, -9999, -9999, 81, -9999, -9999, -9999, -9999, 14, -9999, -9999, -9999, -9999, -9999, -9999, 96, -9999, 9, -9999, -9999, -9999, -9999, -9999, -9999, -9999, -9999, 14, -9999, -9999, 13, 5, 68, -9999, -9999, -9999, -9999, 47, -9999, -9999, 28, -9999, -9999, -9999, 62, -9999, -9999, -9999, -9999, -9999, 1, 1, 1, 1, 1],
[-9999, -9999, -9999, -9999, -9999, -9999, 29, 25, -9999, 62, 99, 70, 77, 63, -9999, -9999, 39, -9999, -9999, -9999, 42, -9999, -9999, -9999, -9999, 46, -9999, -9999, -9999, 26, 70, 97, -9999, 63, -9999, 47, -9999, -9999, -9999, 93, -9999, -9999, -9999, 22, -9999, -9999, -9999, -9999, 43, 68, -9999, -9999, 83, 18, 2, 32, -9999, -9999, 13, -9999, 47, 25, 61, 12, -9999, -9999, 57, 19, 25, 97, -9999, -9999, -9999, -9999, -9999, -9999, -9999, -9999, -9999, -9999, 62, -9999, -9999, -9999, -9999, -9999, -9999, -9999, -9999, -9999, 100, 17, 74, -9999, -9999, 56, -9999, 83, -9999, 46, 1, 1, 1, 1, 1],
[-9999, -9999, -9999, -9999, -9999, -9999, 80, 10, -9999, 41, -9999, 44, 99, -9999, -9999, 80, 23, 58, -9999, 87, -9999, -9999, -9999, 83, -9999, 87, -9999, 43, 4, 68, 40, 20, -9999, -9999, -9999, 74, -9999, 81, -9999, 66, -9999, 7, -9999, -9999, -9999, 45, 82, -9999, 88, 30, -9999, -9999, 75, 65, 21, 29, -9999, -9999, 39, 63, 69, -9999, 69, 16, -9999, 12, 95, -9999, 78, 54, -9999, 15, -9999, 85, -9999, -9999, -9999, -9999, -9999, 17, 81, -9999, -9999, 34, -9999, -9999, -9999, 6, -9999, -9999, 12, 90, 37, 10, -9999, -9999, 78, 92, -9999, -9999, 1, 1, 1, 1, 1],
[-9999, -9999, -9999, -9999, -9999, -9999, 95, -9999, -9999, -9999, -9999, -9999, -9999, 20, -9999, -9999, -9999, -9999, -9999, -9999, 90, -9999, -9999, -9999, -9999, -9999, -9999, -9999, -9999, 78, -9999, -9999, -9999, -9999, -9999, -9999, -9999, -9999, -9999, -9999, -9999, -9999, -9999, -9999, -9999, -9999, -9999, -9999, -9999, -9999, -9999, -9999, -9999, -9999, -9999, -9999, -9999, -9999, -9999, -9999, -9999, -9999, -9999, -9999, -9999, -9999, 63, -9999, -9999, -9999, -9999, -9999, -9999, -9999, -9999, -9999, -9999, -9999, -9999, -9999, -9999, -9999, -9999, -9999, -9999, -9999, -9999, -9999, -9999, -9999, -9999, -9999, -9999, -9999, -9999, -9999, 95, -9999, -9999, -9999, 1, 1, 1, 1, 1],
[-9999, -9999, -9999, -9999, -9999, 64, 87, 80, 34, -9999, -9999, -9999, 54, 14, -9999, 88, 84, -9999, -9999, 87, 70, -9999, -9999, 88, 31, -9999, 92, 9, 17, -9999, 96, 39, 14, 13, -9999, 22, 46, 71, -9999, 32, -9999, -9999, -9999, -9999, -9999, -9999, 59, -9999, 59, 87, 93, 80, 99, 56, 63, 18, -9999, -9999, 16, 44, -9999, -9999, 61, 86, -9999, -9999, 60, -9999, 51, -9999, -9999, -9999, 98, 75, 78, -9999, -9999, 78, 34, 46, 37, 29, 45, 62, -9999, -9999, 87, -9999, 74, -9999, -9999, 87, -9999, 85, 37, 52, 72, 54, 21, 19, 1, 1, 1, 1, 1],
[-9999, -9999, -9999, -9999, -9999, -9999, -9999, -9999, -9999, -9999, -9999, -9999, 14, -9999, -9999, -9999, -9999, 25, -9999, 52, -9999, -9999, -9999, -9999, 67, 97, -9999, -9999, -9999, -9999, 5, -9999, -9999, 94, -9999, -9999, -9999, -9999, -9999, -9999, -9999, -9999, -9999, -9999, -9999, -9999, -9999, 27, 68, 40, -9999, -9999, -9999, 76, -9999, -9999, -9999, -9999, -9999, 92, -9999, -9999, -9999, -9999, -9999, -9999, -9999, -9999, 25, 2, -9999, -9999, -9999, -9999, -9999, -9999, -9999, 84, 64, -9999, 24, -9999, -9999, -9999, -9999, -9999, -9999, 78, -9999, -9999, 99, -9999, -9999, -9999, 65, -9999, -9999, 40, -9999, -9999, 1, 1, 1, 1, 1],
[-9999, -9999, -9999, -9999, -9999, -9999, -9999, -9999, -9999, -9999, -9999, -9999, 94, -9999, -9999, -9999, -9999, 91, -9999, 76, -9999, -9999, -9999, -9999, -9999, 36, -9999, -9999, -9999, -9999, 91, -9999, -9999, 20, -9999, -9999, -9999, -9999, -9999, -9999, -9999, -9999, -9999, -9999, -9999, 53, -9999, -9999, 90, 81, -9999, -9999, -9999, 66, -9999, 56, -9999, -9999, -9999, 36, -9999, -9999, -9999, -9999, -9999, -9999, -9999, -9999, -9999, -9999, -9999, -9999, -9999, -9999, -9999, -9999, -9999, -9999, 45, -9999, 16, 91, -9999, -9999, -9999, -9999, -9999, -9999, -9999, -9999, 55, -9999, 14, -9999, 45, -9999, -9999, 83, -9999, -9999, 1, 1, 1, 1, 1],
[-9999, -9999, -9999, -9999, -9999, -9999, -9999, -9999, -9999, -9999, -9999, -9999, 67, -9999, -9999, -9999, -9999, -9999, -9999, 89, -9999, -9999, -9999, -9999, 83, -9999, -9999, -9999, -9999, -9999, 76, -9999, -9999, 79, -9999, -9999, -9999, -9999, -9999, -9999, -9999, -9999, -9999, -9999, -9999, 7, -9999, -9999, 28, 5, -9999, -9999, -9999, 75, 88, 87, -9999, -9999, -9999, 2, 83, -9999, -9999, -9999, -9999, -9999, -9999, -9999, 83, -9999, -9999, -9999, -9999, -9999, -9999, -9999, -9999, 58, 23, -9999, 25, -9999, 94, -9999, -9999, -9999, -9999, 34, -9999, -9999, 86, -9999, -9999, -9999, -9999, -9999, -9999, 45, -9999, -9999, 1, 1, 1, 1, 1],
[-9999, -9999, -9999, -9999, -9999, -9999, 53, -9999, 70, -9999, 31, 45, 3, 20, -9999, -9999, 79, -9999, -9999, 9, 84, 50, 29, -9999, 52, 2, -9999, 16, -9999, 13, 45, 67, -9999, -9999, -9999, 96, 91, 13, -9999, 70, -9999, 4, 64, 31, -9999, -9999, 76, -9999, 15, 99, -9999, -9999, -9999, 6, 41, 66, -9999, -9999, -9999, 100, -9999, 44, 46, 86, -9999, 53, 68, 77, 37, 23, 19, 37, -9999, 79, 58, 86, -9999, 94, -9999, -9999, 97, 21, 57, 79, -9999, -9999, 13, -9999, 68, -9999, 34, 56, 90, -9999, -9999, 83, 23, 74, 48, -9999, 1, 1, 1, 1, 1],
[-9999, -9999, -9999, -9999, -9999, -9999, -9999, -9999, -9999, -9999, -9999, -9999, 61, -9999, -9999, -9999, -9999, 26, -9999, -9999, -9999, -9999, -9999, -9999, -9999, 99, -9999, -9999, -9999, -9999, 32, -9999, -9999, 64, -9999, -9999, -9999, -9999, -9999, -9999, -9999, -9999, -9999, -9999, -9999, -9999, -9999, -9999, 40, 40, -9999, -9999, -9999, 54, -9999, -9999, -9999, -9999, -9999, -9999, 7, -9999, -9999, -9999, -9999, -9999, 11, -9999, 85, 58, -9999, -9999, -9999, -9999, -9999, -9999, -9999, 21, 5, -9999, 65, -9999, 31, -9999, -9999, -9999, -9999, -9999, -9999, -9999, 14, -9999, -9999, -9999, 22, -9999, -9999, 29, -9999, -9999, 1, 1, 1, 1, 1],
[-9999, -9999, -9999, -9999, -9999, -9999, 45, -9999, -9999, -9999, 65, -9999, 21, 24, -9999, 31, -9999, 67, -9999, -9999, -9999, 55, -9999, 95, 68, -9999, -9999, -9999, -9999, -9999, 6, 46, -9999, 49, 87, 30, 77, 68, -9999, 30, 15, 38, -9999, -9999, -9999, -9999, 50, -9999, 37, 37, -9999, -9999, -9999, 7, 33, -9999, -9999, -9999, -9999, 5, 7, 29, 74, -9999, -9999, 73, 32, -9999, 38, -9999, -9999, 91, 90, -9999, -9999, -9999, -9999, 9, 34, -9999, 67, -9999, 9, -9999, -9999, -9999, 36, -9999, -9999, -9999, 57, 46, 66, -9999, -9999, 90, 3, 46, 18, -9999, 1, 1, 1, 1, 1],
[-9999, -9999, -9999, -9999, -9999, -9999, -9999, -9999, -9999, -9999, -9999, -9999, 5, -9999, -9999, -9999, -9999, -9999, -9999, 32, -9999, -9999, -9999, -9999, -9999, -9999, -9999, -9999, -9999, -9999, 8, -9999, -9999, 53, -9999, -9999, -9999, -9999, -9999, -9999, -9999, -9999, -9999, -9999, -9999, 74, -9999, -9999, 84, 11, -9999, -9999, -9999, 73, 36, 66, -9999, -9999, -9999, -9999, 97, -9999, -9999, -9999, -9999, -9999, 99, -9999, 1, -9999, -9999, -9999, -9999, -9999, -9999, -9999, -9999, -9999, 9, -9999, 93, -9999, -9999, -9999, -9999, -9999, -9999, -9999, -9999, -9999, 44, -9999, 66, -9999, 2, -9999, -9999, 66, -9999, -9999, 1, 1, 1, 1, 1],
[-9999, -9999, -9999, -9999, -9999, -9999, -9999, -9999, -9999, -9999, -9999, -9999, 63, -9999, -9999, -9999, -9999, 49, -9999, 17, -9999, -9999, -9999, -9999, 88, -9999, -9999, -9999, -9999, -9999, -9999, -9999, -9999, 6, -9999, -9999, -9999, -9999, -9999, -9999, -9999, -9999, -9999, -9999, -9999, -9999, -9999, 59, 67, 42, -9999, -9999, -9999, 3, 35, -9999, -9999, -9999, -9999, -9999, -9999, -9999, -9999, -9999, -9999, -9999, 87, -9999, 8, 29, -9999, -9999, -9999, -9999, -9999, -9999, -9999, 77, -9999, -9999, 91, -9999, -9999, -9999, -9999, -9999, -9999, 55, -9999, -9999, 25, -9999, 29, -9999, 79, -9999, -9999, 60, -9999, -9999, 1, 1, 1, 1, 1],
[-9999, -9999, -9999, -9999, -9999, -9999, 67, -9999, 16, 2, -9999, -9999, 71, 95, -9999, 23, 62, 8, -9999, 76, -9999, 2, -9999, -9999, 47, 82, -9999, 70, -9999, 90, 28, -9999, -9999, 24, -9999, 42, -9999, -9999, -9999, 55, -9999, -9999, 37, 19, -9999, 62, -9999, -9999, 4, 54, -9999, -9999, 55, 70, 31, 35, -9999, -9999, -9999, -9999, 73, -9999, -9999, 39, -9999, 72, -9999, -9999, 56, -9999, -9999, 22, 71, 61, 57, -9999, -9999, 78, 85, -9999, 34, 85, 75, 98, -9999, -9999, -9999, -9999, 97, -9999, 99, 63, -9999, -9999, 56, -9999, -9999, 66, -9999, -9999, 1, 1, 1, 1, 1],
[-9999, -9999, -9999, -9999, -9999, -9999, -9999, -9999, -9999, -9999, -9999, -9999, 93, -9999, -9999, -9999, -9999, -9999, -9999, -9999, -9999, -9999, -9999, -9999, 37, 25, -9999, -9999, -9999, -9999, 50, -9999, -9999, -9999, -9999, -9999, -9999, -9999, -9999, -9999, -9999, -9999, -9999, -9999, -9999, -9999, -9999, -9999, 25, 41, -9999, -9999, -9999, 80, 71, 39, -9999, 47, -9999, 14, 83, -9999, -9999, -9999, -9999, -9999, -9999, -9999, 58, -9999, -9999, -9999, -9999, -9999, -9999, -9999, -9999, -9999, 97, -9999, 16, 86, 4, -9999, -9999, -9999, -9999, -9999, -9999, -9999, 22, -9999, -9999, -9999, 41, -9999, -9999, 99, -9999, -9999, 1, 1, 1, 1, 1],
[-9999, -9999, -9999, -9999, -9999, -9999, -9999, -9999, -9999, -9999, -9999, -9999, 44, -9999, -9999, -9999, -9999, 17, -9999, -9999, -9999, -9999, -9999, -9999, -9999, 50, -9999, -9999, -9999, -9999, 25, -9999, -9999, -9999, -9999, -9999, -9999, -9999, -9999, -9999, -9999, -9999, -9999, -9999, -9999, 89, -9999, 12, 76, 18, -9999, -9999, -9999, 94, -9999, 40, -9999, -9999, -9999, 40, 53, -9999, -9999, -9999, -9999, -9999, 3, -9999, 87, 46, -9999, -9999, -9999, -9999, -9999, -9999, -9999, -9999, -9999, -9999, 78, -9999, 21, -9999, -9999, -9999, -9999, -9999, -9999, -9999, 99, -9999, 67, -9999, -9999, -9999, -9999, 51, -9999, -9999, 1, 1, 1, 1, 1],
[-9999, -9999, -9999, -9999, -9999, -9999, -9999, -9999, -9999, -9999, -9999, -9999, 79, -9999, -9999, -9999, -9999, 26, -9999, -9999, -9999, -9999, -9999, -9999, 94, 50, -9999, -9999, -9999, -9999, 96, -9999, -9999, -9999, -9999, -9999, -9999, -9999, 35, -9999, -9999, -9999, -9999, -9999, -9999, -9999, -9999, -9999, 57, 24, -9999, -9999, -9999, 60, -9999, 23, -9999, -9999, -9999, -9999, 81, -9999, -9999, -9999, -9999, -9999, 63, -9999, 39, -9999, -9999, -9999, -9999, -9999, -9999, -9999, -9999, 82, -9999, -9999, 55, -9999, 71, -9999, -9999, -9999, -9999, -9999, -9999, -9999, 69, -9999, -9999, -9999, -9999, -9999, -9999, 77, -9999, -9999, 1, 1, 1, 1, 1],
[-9999, -9999, -9999, -9999, -9999, -9999, 99, -9999, -9999, -9999, 38, -9999, 50, -9999, -9999, -9999, -9999, 94, -9999, 80, 6, -9999, -9999, -9999, 71, -9999, -9999, -9999, 10, 40, 69, 45, -9999, -9999, 70, -9999, 33, 60, -9999, 35, 5, 5, 73, 92, -9999, -9999, 97, -9999, 8, 8, -9999, -9999, 44, 70, 89, -9999, -9999, 44, -9999, 19, 67, -9999, -9999, 90, -9999, 24, 19, -9999, 76, 22, -9999, 80, 22, 8, 82, -9999, -9999, 1, -9999, 83, 56, -9999, -9999, 61, -9999, -9999, -9999, -9999, -9999, -9999, 66, 14, 32, 47, 83, -9999, -9999, 11, 58, -9999, 1, 1, 1, 1, 1],
[-9999, -9999, -9999, -9999, -9999, -9999, -9999, -9999, -9999, -9999, -9999, -9999, 68, -9999, -9999, -9999, -9999, 46, -9999, 72, -9999, -9999, -9999, -9999, -9999, -9999, -9999, -9999, -9999, -9999, 70, -9999, -9999, -9999, -9999, -9999, -9999, -9999, -9999, -9999, -9999, -9999, -9999, -9999, -9999, 73, -9999, 23, 17, 78, -9999, -9999, -9999, 82, -9999, 7, -9999, -9999, -9999, -9999, -9999, -9999, -9999, -9999, -9999, -9999, 8, -9999, 23, -9999, -9999, -9999, -9999, -9999, -9999, -9999, -9999, 33, -9999, -9999, 37, 100, -9999, -9999, -9999, -9999, -9999, 33, -9999, -9999, 57, -9999, 28, -9999, 100, -9999, -9999, 26, -9999, -9999, 1, 1, 1, 1, 1],
[-9999, -9999, -9999, -9999, -9999, -9999, -9999, 23, -9999, -9999, -9999, -9999, -9999, -9999, -9999, -9999, -9999, 60, -9999, 49, -9999, -9999, -9999, -9999, 30, 69, -9999, -9999, -9999, -9999, 14, -9999, -9999, 80, -9999, -9999, -9999, -9999, -9999, -9999, -9999, -9999, -9999, -9999, -9999, 84, -9999, -9999, 68, 15, -9999, -9999, -9999, 27, 50, -9999, -9999, -9999, -9999, 37, -9999, -9999, -9999, -9999, -9999, -9999, 24, -9999, 68, 41, -9999, -9999, -9999, -9999, -9999, -9999, -9999, -9999, 39, -9999, 20, 46, -9999, -9999, -9999, -9999, -9999, 2, -9999, -9999, 36, -9999, 12, -9999, 84, -9999, -9999, 33, -9999, -9999, 1, 1, 1, 1, 1],
[-9999, -9999, -9999, -9999, -9999, -9999, -9999, -9999, -9999, -9999, -9999, -9999, 45, -9999, -9999, -9999, -9999, 50, -9999, 21, -9999, -9999, -9999, -9999, -9999, -9999, -9999, -9999, -9999, -9999, 25, -9999, -9999, -9999, -9999, -9999, -9999, -9999, -9999, -9999, -9999, -9999, -9999, -9999, -9999, 67, -9999, -9999, 82, 38, -9999, -9999, -9999, 8, -9999, 26, -9999, -9999, -9999, -9999, 18, -9999, -9999, -9999, -9999, -9999, -9999, -9999, 46, 46, -9999, -9999, -9999, -9999, -9999, -9999, -9999, 35, -9999, -9999, 60, 99, 90, -9999, -9999, -9999, -9999, -9999, -9999, -9999, 63, -9999, 53, -9999, -9999, -9999, -9999, 53, -9999, -9999, 1, 1, 1, 1, 1],
[-9999, -9999, -9999, -9999, -9999, -9999, -9999, -9999, -9999, -9999, -9999, -9999, 63, -9999, -9999, -9999, -9999, 16, -9999, 1, -9999, -9999, -9999, -9999, 9, -9999, -9999, -9999, -9999, -9999, 89, -9999, -9999, -9999, -9999, -9999, -9999, -9999, -9999, -9999, -9999, -9999, -9999, -9999, -9999, 11, -9999, -9999, 28, 39, -9999, -9999, -9999, 79, 34, -9999, -9999, -9999, -9999, -9999, 90, -9999, -9999, -9999, -9999, -9999, 89, -9999, 54, -9999, -9999, -9999, -9999, -9999, -9999, -9999, -9999, 94, 36, -9999, 52, 87, 89, -9999, -9999, -9999, -9999, 56, -9999, -9999, 72, -9999, 11, -9999, -9999, -9999, -9999, 74, -9999, -9999, 1, 1, 1, 1, 1],
[-9999, -9999, -9999, -9999, -9999, -9999, 93, -9999, -9999, -9999, -9999, -9999, 64, 93, -9999, -9999, -9999, 100, -9999, 26, 31, 34, -9999, -9999, -9999, -9999, -9999, 97, 44, -9999, 25, 62, -9999, -9999, -9999, 34, -9999, -9999, -9999, 8, -9999, 79, -9999, 27, -9999, -9999, -9999, -9999, 16, 56, -9999, -9999, -9999, 47, 46, -9999, -9999, -9999, 42, 25, -9999, -9999, -9999, -9999, -9999, 91, 38, 33, 41, -9999, -9999, -9999, 40, 31, -9999, -9999, -9999, -9999, 43, 27, 72, -9999, -9999, 45, -9999, -9999, -9999, -9999, 41, -9999, 51, 79, 7, 58, 19, -9999, 82, 92, -9999, 82, 1, 1, 1, 1, 1],
[-9999, -9999, -9999, -9999, -9999, -9999, -9999, -9999, -9999, -9999, -9999, -9999, 9, -9999, -9999, -9999, -9999, -9999, -9999, -9999, -9999, -9999, -9999, -9999, 66, -9999, -9999, -9999, -9999, -9999, 78, -9999, -9999, 10, -9999, -9999, -9999, -9999, -9999, -9999, -9999, -9999, -9999, -9999, -9999, 2, -9999, -9999, 30, 47, -9999, -9999, -9999, 15, 14, -9999, -9999, -9999, -9999, 69, 55, -9999, -9999, -9999, -9999, -9999, -9999, -9999, 71, 3, -9999, -9999, -9999, -9999, -9999, -9999, -9999, 74, 1, -9999, 46, 48, -9999, -9999, -9999, -9999, -9999, 84, -9999, -9999, 36, -9999, 7, -9999, 95, -9999, -9999, 29, -9999, -9999, 1, 1, 1, 1, 1],
[-9999, -9999, -9999, -9999, -9999, -9999, 98, 23, 23, 80, 78, 33, 17, -9999, -9999, 36, -9999, 24, -9999, 61, 68, -9999, 46, 8, -9999, 47, -9999, 70, -9999, 73, 57, 1, -9999, 16, -9999, 94, 84, 47, -9999, -9999, -9999, 14, -9999, 12, -9999, 32, 25, -9999, 94, 4, -9999, -9999, 86, 96, 54, 52, -9999, -9999, 16, 40, -9999, -9999, 100, 50, -9999, 67, -9999, 66, 44, -9999, -9999, 1, -9999, -9999, 84, -9999, -9999, 86, -9999, 60, 64, 93, 36, -9999, -9999, -9999, 50, 82, 75, -9999, 9, 2, 26, 29, 53, -9999, 25, 94, -9999, 96, 1, 1, 1, 1, 1],
[-9999, -9999, -9999, -9999, -9999, -9999, 85, -9999, 61, -9999, 86, -9999, 83, 25, 98, -9999, 24, 69, -9999, 12, 7, 77, -9999, 68, 1, 32, -9999, -9999, 51, 22, 46, 26, -9999, 62, 36, 16, -9999, -9999, -9999, 74, 36, -9999, 79, -9999, -9999, 65, 19, -9999, 58, 66, -9999, -9999, -9999, 91, -9999, -9999, -9999, -9999, 76, 99, 94, -9999, -9999, 75, -9999, 21, 97, -9999, 91, 91, -9999, 93, 90, -9999, 33, -9999, -9999, -9999, -9999, -9999, 53, 84, -9999, -9999, -9999, 27, -9999, 100, 2, -9999, 69, -9999, 39, 36, 9, 74, -9999, 95, -9999, -9999, 1, 1, 1, 1, 1],
[-9999, -9999, -9999, -9999, -9999, -9999, -9999, -9999, -9999, -9999, -9999, -9999, 80, -9999, -9999, -9999, -9999, 31, -9999, 16, -9999, -9999, -9999, -9999, -9999, 20, -9999, -9999, -9999, -9999, 44, -9999, 76, 43, -9999, -9999, -9999, -9999, -9999, -9999, -9999, -9999, -9999, -9999, -9999, 36, -9999, -9999, 73, 85, -9999, -9999, -9999, 22, 18, 54, -9999, -9999, -9999, 20, 29, -9999, -9999, -9999, -9999, -9999, 68, -9999, 84, 23, 77, -9999, -9999, -9999, -9999, -9999, -9999, -9999, -9999, -9999, 48, 36, -9999, -9999, -9999, -9999, -9999, 21, -9999, -9999, 35, -9999, 15, -9999, 13, -9999, -9999, 3, -9999, -9999, 1, 1, 1, 1, 1],
[-9999, -9999, -9999, -9999, -9999, -9999, -9999, -9999, -9999, -9999, -9999, -9999, 24, -9999, -9999, -9999, -9999, -9999, -9999, -9999, -9999, -9999, -9999, -9999, 15, 13, -9999, -9999, -9999, -9999, 23, -9999, -9999, -9999, -9999, -9999, -9999, -9999, -9999, -9999, -9999, -9999, -9999, -9999, -9999, -9999, -9999, -9999, 27, 69, -9999, -9999, -9999, 65, -9999, -9999, -9999, -9999, -9999, -9999, -9999, -9999, -9999, -9999, -9999, -9999, 31, -9999, 51, -9999, -9999, -9999, -9999, -9999, -9999, -9999, -9999, 64, -9999, -9999, 25, 89, -9999, -9999, -9999, -9999, -9999, -9999, -9999, -9999, 98, -9999, 12, -9999, 96, -9999, -9999, 65, -9999, -9999, 1, 1, 1, 1, 1],
[-9999, -9999, -9999, -9999, -9999, -9999, 93, -9999, -9999, 16, 19, 95, 97, -9999, -9999, 26, 100, 5, -9999, 56, -9999, 67, -9999, 93, 43, -9999, -9999, 56, -9999, -9999, 43, 96, -9999, 9, -9999, 12, -9999, 68, -9999, -9999, 47, -9999, -9999, -9999, -9999, -9999, -9999, -9999, 94, 73, -9999, -9999, -9999, 15, -9999, 15, -9999, -9999, -9999, -9999, -9999, -9999, 18, -9999, -9999, -9999, 65, 100, 31, -9999, -9999, -9999, 60, 91, 53, -9999, -9999, -9999, -9999, -9999, 50, 56, 53, 38, -9999, -9999, 92, -9999, 85, -9999, 52, 53, -9999, 34, -9999, -9999, 36, 96, 4, -9999, 1, 1, 1, 1, 1],
[-9999, -9999, -9999, -9999, -9999, -9999, -9999, 1, -9999, -9999, -9999, -9999, 91, -9999, -9999, -9999, -9999, -9999, -9999, 73, -9999, -9999, -9999, -9999, 24, 34, -9999, -9999, -9999, -9999, 71, -9999, -9999, 28, -9999, -9999, -9999, -9999, -9999, -9999, -9999, -9999, -9999, -9999, -9999, 9, -9999, -9999, 45, 38, -9999, -9999, -9999, 19, -9999, -9999, -9999, -9999, -9999, 3, 69, -9999, -9999, -9999, 57, -9999, 63, -9999, 85, 22, -9999, -9999, -9999, -9999, -9999, -9999, -9999, 4, 12, -9999, 13, 64, 54, -9999, -9999, -9999, -9999, 22, -9999, -9999, 3, -9999, 68, -9999, -9999, -9999, -9999, 19, -9999, -9999, 1, 1, 1, 1, 1],
[-9999, -9999, -9999, -9999, -9999, -9999, 86, -9999, 56, 55, -9999, 60, 46, 67, -9999, -9999, 82, 92, -9999, 76, -9999, 35, -9999, -9999, 27, -9999, -9999, 71, 20, -9999, 79, 4, -9999, 62, -9999, 49, 54, 4, -9999, -9999, 87, 67, -9999, 92, -9999, 69, 76, -9999, -9999, 41, -9999, -9999, 100, 64, 44, 31, -9999, 59, 26, 30, -9999, 34, 57, -9999, -9999, -9999, -9999, 35, 72, 53, -9999, 37, 57, -9999, -9999, -9999, 24, 64, -9999, -9999, 8, 47, -9999, -9999, -9999, -9999, -9999, 27, 63, -9999, 35, 89, 36, 80, 60, 66, 4, 46, 47, -9999, 1, 1, 1, 1, 1],
[-9999, -9999, -9999, -9999, -9999, -9999, 27, -9999, 93, 62, 74, 65, 43, -9999, -9999, 41, 25, -9999, -9999, -9999, -9999, -9999, -9999, -9999, 66, -9999, -9999, 50, -9999, 82, 89, 66, -9999, 59, -9999, 70, 17, -9999, -9999, -9999, 4, 95, 90, 41, -9999, 72, 77, -9999, 8, -9999, -9999, -9999, 89, 24, 45, -9999, -9999, 32, -9999, 69, -9999, 60, -9999, -9999, -9999, 11, 74, 13, 5, 74, -9999, 80, 45, -9999, -9999, -9999, -9999, 82, 1, 65, 100, -9999, -9999, -9999, -9999, -9999, -9999, 72, 12, -9999, 61, 17, 48, 82, -9999, 93, 59, 52, 78, -9999, 1, 1, 1, 1, 1],
[-9999, -9999, -9999, -9999, -9999, -9999, 14, 22, -9999, -9999, 21, 38, 38, -9999, -9999, -9999, 40, -9999, -9999, 63, 84, -9999, -9999, 91, -9999, 51, -9999, 59, 73, -9999, 29, 51, -9999, 65, -9999, 58, 51, 19, -9999, -9999, 95, -9999, -9999, 11, -9999, 58, -9999, 12, 55, 84, -9999, -9999, 15, 57, 74, -9999, -9999, -9999, 14, -9999, 89, 74, 38, 77, -9999, 72, 43, 62, 67, -9999, -9999, 32, 35, 55, -9999, -9999, -9999, -9999, -9999, 37, 86, 74, 75, -9999, -9999, -9999, -9999, 65, 52, -9999, 91, 97, -9999, -9999, 96, -9999, 4, 58, -9999, 14, 1, 1, 1, 1, 1],
[-9999, -9999, -9999, -9999, -9999, -9999, -9999, -9999, -9999, -9999, -9999, -9999, 4, -9999, -9999, -9999, -9999, 53, -9999, -9999, -9999, -9999, -9999, -9999, 19, -9999, -9999, -9999, -9999, -9999, 58, -9999, -9999, 96, -9999, -9999, -9999, -9999, -9999, -9999, -9999, -9999, -9999, -9999, -9999, -9999, -9999, -9999, 79, 36, -9999, -9999, -9999, 26, -9999, -9999, -9999, -9999, -9999, -9999, -9999, -9999, -9999, -9999, -9999, -9999, -9999, -9999, 29, -9999, -9999, -9999, -9999, -9999, -9999, -9999, -9999, 27, 38, -9999, -9999, 28, -9999, -9999, -9999, -9999, -9999, 4, -9999, -9999, -9999, -9999, -9999, -9999, 25, -9999, -9999, 51, -9999, -9999, 1, 1, 1, 1, 1],
[-9999, -9999, -9999, -9999, -9999, -9999, 70, -9999, 63, 86, -9999, 29, 96, -9999, -9999, 72, 62, 57, -9999, -9999, 56, 11, -9999, 87, 84, -9999, -9999, -9999, 19, -9999, 46, 21, -9999, -9999, 66, 83, 56, 71, -9999, -9999, -9999, -9999, 13, -9999, -9999, 97, 96, -9999, 28, 87, -9999, -9999, -9999, 14, -9999, -9999, -9999, 87, 14, 78, -9999, 42, 65, 64, -9999, 92, -9999, 5, 12, 91, -9999, 50, 98, 26, -9999, 66, -9999, 67, 42, 60, 25, -9999, -9999, 74, -9999, -9999, 74, -9999, 75, -9999, 41, 19, 93, 51, 52, -9999, 47, 55, 91, -9999, 1, 1, 1, 1, 1],
[-9999, -9999, -9999, -9999, -9999, -9999, 13, -9999, 53, -9999, 75, -9999, 38, 82, -9999, 94, -9999, -9999, -9999, 56, 76, -9999, -9999, -9999, 9, 26, -9999, -9999, 14, 73, 94, 14, -9999, -9999, -9999, 46, 26, -9999, -9999, 87, -9999, -9999, -9999, 60, -9999, 58, -9999, -9999, 22, 16, -9999, -9999, 92, -9999, -9999, 88, -9999, -9999, 58, -9999, 76, -9999, 17, -9999, -9999, 72, 82, 89, 15, 58, -9999, 99, 17, -9999, 36, -9999, -9999, 59, -9999, -9999, 2, -9999, -9999, 22, -9999, -9999, -9999, 47, 10, 88, -9999, 73, 75, -9999, 11, -9999, -9999, 31, -9999, 30, 1, 1, 1, 1, 1],
[-9999, -9999, -9999, -9999, -9999, -9999, -9999, -9999, -9999, -9999, -9999, -9999, -9999, -9999, -9999, -9999, -9999, -9999, -9999, -9999, -9999, -9999, -9999, -9999, -9999, -9999, -9999, -9999, -9999, -9999, -9999, -9999, -9999, -9999, -9999, -9999, -9999, -9999, -9999, -9999, -9999, -9999, -9999, -9999, -9999, -9999, -9999, -9999, -9999, -9999, -9999, -9999, -9999, -9999, -9999, -9999, -9999, -9999, -9999, -9999, -9999, -9999, -9999, -9999, -9999, -9999, 53, -9999, -9999, -9999, -9999, -9999, -9999, -9999, -9999, -9999, -9999, -9999, -9999, -9999, -9999, -9999, -9999, -9999, -9999, -9999, -9999, -9999, -9999, -9999, -9999, -9999, -9999, -9999, -9999, -9999, -9999, -9999, -9999, -9999, 1, 1, 1, 1, 1],
[-9999, -9999, -9999, -9999, -9999, -9999, -9999, -9999, -9999, -9999, -9999, -9999, 32, -9999, -9999, -9999, -9999, 49, -9999, 66, -9999, -9999, -9999, -9999, 40, -9999, -9999, -9999, -9999, -9999, 24, -9999, -9999, 27, -9999, -9999, -9999, -9999, -9999, -9999, -9999, -9999, -9999, -9999, -9999, 3, -9999, -9999, 2, 6, -9999, -9999, -9999, 92, -9999, -9999, -9999, -9999, -9999, -9999, 11, -9999, -9999, -9999, 76, -9999, 79, -9999, 91, 49, -9999, -9999, -9999, -9999, -9999, -9999, -9999, -9999, 14, -9999, 57, -9999, 49, -9999, -9999, -9999, -9999, -9999, -9999, -9999, 74, -9999, 41, -9999, -9999, -9999, -9999, 44, -9999, -9999, 1, 1, 1, 1, 1],
[-9999, -9999, -9999, -9999, -9999, -9999, -9999, -9999, -9999, -9999, -9999, -9999, 29, -9999, -9999, -9999, -9999, 83, -9999, 74, -9999, -9999, -9999, -9999, 39, 29, -9999, -9999, -9999, -9999, 98, -9999, -9999, 32, -9999, -9999, -9999, -9999, -9999, -9999, -9999, -9999, -9999, -9999, -9999, 60, -9999, -9999, 11, 31, -9999, -9999, -9999, 11, 9, -9999, -9999, -9999, -9999, 22, 90, -9999, -9999, -9999, -9999, -9999, 5, -9999, 86, -9999, -9999, -9999, -9999, -9999, -9999, -9999, -9999, -9999, 68, -9999, 86, -9999, 13, -9999, -9999, -9999, -9999, 57, -9999, -9999, 47, -9999, 44, -9999, 32, -9999, -9999, 68, -9999, -9999, 1, 1, 1, 1, 1],
[-9999, -9999, -9999, -9999, -9999, -9999, 80, -9999, 49, -9999, -9999, -9999, 26, -9999, 3, -9999, -9999, 65, -9999, 65, 37, 41, -9999, -9999, -9999, -9999, -9999, -9999, 19, 72, 62, 44, -9999, -9999, -9999, 88, -9999, -9999, 32, 60, 89, 48, -9999, 20, -9999, 10, 84, -9999, 20, 87, -9999, -9999, 18, 60, -9999, 85, -9999, -9999, 100, -9999, 80, 63, 43, -9999, -9999, 49, -9999, 97, 14, 83, -9999, 7, 68, 27, -9999, -9999, -9999, 81, -9999, -9999, 14, 45, 92, -9999, -9999, -9999, -9999, -9999, -9999, -9999, 91, 44, -9999, 30, -9999, -9999, 22, 47, 80, 57, 1, 1, 1, 1, 1],
[-9999, -9999, -9999, -9999, -9999, -9999, -9999, -9999, -9999, -9999, -9999, -9999, -9999, -9999, -9999, -9999, -9999, -9999, -9999, -9999, -9999, -9999, -9999, -9999, -9999, -9999, -9999, -9999, -9999, -9999, -9999, -9999, -9999, -9999, -9999, -9999, -9999, -9999, -9999, -9999, -9999, -9999, -9999, -9999, -9999, -9999, -9999, -9999, -9999, -9999, -9999, -9999, -9999, -9999, -9999, -9999, -9999, -9999, -9999, -9999, -9999, -9999, -9999, -9999, -9999, -9999, 78, -9999, -9999, -9999, -9999, -9999, -9999, -9999, -9999, -9999, -9999, -9999, -9999, -9999, -9999, -9999, -9999, -9999, -9999, -9999, -9999, -9999, -9999, -9999, -9999, -9999, -9999, -9999, -9999, -9999, -9999, -9999, -9999, -9999, 1, 1, 1, 1, 1],
[-9999, -9999, -9999, -9999, -9999, -9999, 45, -9999, -9999, -9999, 30, 13, 77, -9999, -9999, 56, -9999, 8, -9999, -9999, 63, -9999, -9999, 10, -9999, 78, -9999, 7, -9999, -9999, 21, 98, -9999, 84, -9999, 70, 51, 56, -9999, 19, -9999, -9999, -9999, -9999, -9999, -9999, -9999, -9999, 10, 24, -9999, -9999, 39, 14, -9999, 77, -9999, -9999, 92, -9999, -9999, 82, -9999, 67, -9999, 40, 4, 38, 16, 69, -9999, -9999, -9999, 35, -9999, 59, 16, 91, 39, 53, 1, -9999, -9999, 100, -9999, -9999, 80, 72, 45, -9999, 84, 2, 29, -9999, 99, -9999, -9999, 84, 49, 71, 1, 1, 1, 1, 1],
[-9999, -9999, -9999, -9999, -9999, -9999, -9999, 61, -9999, -9999, -9999, -9999, 32, -9999, -9999, -9999, -9999, 95, -9999, -9999, -9999, -9999, -9999, -9999, 3, 26, -9999, -9999, -9999, -9999, 99, -9999, 39, -9999, -9999, -9999, -9999, -9999, -9999, -9999, -9999, -9999, -9999, -9999, -9999, 71, -9999, -9999, 4, 3, -9999, -9999, -9999, 40, 80, 11, -9999, -9999, -9999, 32, -9999, -9999, -9999, -9999, -9999, -9999, 24, -9999, 19, -9999, -9999, -9999, -9999, -9999, -9999, -9999, -9999, -9999, -9999, -9999, 27, 87, -9999, -9999, -9999, -9999, -9999, 95, -9999, -9999, 76, -9999, -9999, -9999, 56, -9999, -9999, 26, -9999, -9999, 1, 1, 1, 1, 1],
[-9999, -9999, -9999, -9999, -9999, -9999, -9999, -9999, -9999, -9999, -9999, -9999, 85, -9999, -9999, -9999, -9999, 75, -9999, -9999, -9999, -9999, -9999, -9999, 45, -9999, -9999, -9999, -9999, -9999, 80, -9999, -9999, -9999, -9999, -9999, -9999, -9999, -9999, -9999, -9999, -9999, -9999, -9999, -9999, 96, -9999, -9999, 92, 60, -9999, -9999, -9999, 32, 59, -9999, -9999, -9999, -9999, -9999, -9999, -9999, -9999, -9999, -9999, -9999, 66, -9999, 15, -9999, -9999, -9999, -9999, -9999, -9999, -9999, -9999, -9999, 31, -9999, 16, -9999, -9999, -9999, -9999, -9999, -9999, 97, -9999, -9999, 22, -9999, 11, -9999, 38, -9999, -9999, 44, -9999, -9999, 1, 1, 1, 1, 1],
[-9999, -9999, -9999, -9999, -9999, -9999, 49, -9999, -9999, 7, -9999, -9999, -9999, 54, -9999, -9999, -9999, -9999, -9999, -9999, 21, -9999, -9999, -9999, -9999, -9999, -9999, -9999, -9999, -9999, -9999, -9999, -9999, -9999, -9999, -9999, -9999, -9999, -9999, -9999, -9999, -9999, -9999, -9999, -9999, -9999, -9999, -9999, -9999, -9999, 66, -9999, -9999, -9999, -9999, -9999, -9999, -9999, 63, -9999, -9999, -9999, -9999, -9999, -9999, -9999, 90, -9999, -9999, -9999, -9999, -9999, -9999, -9999, -9999, -9999, -9999, -9999, -9999, -9999, -9999, -9999, -9999, -9999, -9999, -9999, -9999, -9999, -9999, -9999, -9999, -9999, -9999, -9999, -9999, -9999, -9999, -9999, -9999, -9999, 1, 1, 1, 1, 1],
[-9999, -9999, -9999, -9999, -9999, -9999, -9999, -9999, -9999, -9999, -9999, -9999, -9999, -9999, -9999, -9999, -9999, 94, -9999, 14, -9999, -9999, -9999, -9999, -9999, 59, -9999, -9999, -9999, -9999, 74, -9999, -9999, -9999, -9999, -9999, -9999, -9999, -9999, -9999, -9999, -9999, -9999, -9999, -9999, 87, -9999, -9999, 74, 77, -9999, -9999, -9999, 8, 87, 43, -9999, 42, -9999, 65, 74, -9999, -9999, -9999, -9999, -9999, -9999, -9999, 20, -9999, -9999, -9999, -9999, -9999, -9999, -9999, -9999, -9999, 79, -9999, 69, -9999, 36, -9999, -9999, -9999, -9999, -9999, -9999, -9999, 61, -9999, -9999, -9999, -9999, -9999, -9999, 88, -9999, -9999, 1, 1, 1, 1, 1],
[-9999, -9999, -9999, -9999, -9999, -9999, -9999, -9999, -9999, -9999, -9999, -9999, 66, -9999, -9999, -9999, -9999, 27, -9999, 48, -9999, -9999, -9999, -9999, -9999, -9999, -9999, -9999, -9999, -9999, 7, -9999, -9999, -9999, -9999, -9999, -9999, -9999, -9999, -9999, -9999, -9999, -9999, -9999, -9999, 27, -9999, -9999, 70, 82, -9999, -9999, -9999, 5, -9999, 57, -9999, -9999, -9999, 77, -9999, -9999, -9999, -9999, -9999, -9999, 44, -9999, 54, -9999, -9999, -9999, -9999, -9999, -9999, -9999, -9999, -9999, 38, -9999, 3, 87, 53, -9999, -9999, -9999, -9999, -9999, -9999, -9999, 1, -9999, 5, -9999, 10, -9999, -9999, 98, -9999, -9999, 1, 1, 1, 1, 1],
[-9999, -9999, -9999, -9999, -9999, -9999, -9999, -9999, -9999, -9999, -9999, -9999, -9999, -9999, -9999, -9999, -9999, -9999, -9999, -9999, -9999, -9999, -9999, -9999, -9999, -9999, -9999, -9999, -9999, -9999, -9999, -9999, -9999, -9999, -9999, -9999, -9999, -9999, -9999, -9999, -9999, -9999, -9999, -9999, -9999, -9999, -9999, -9999, -9999, -9999, -9999, -9999, -9999, -9999, -9999, -9999, -9999, -9999, -9999, -9999, -9999, -9999, -9999, -9999, -9999, -9999, -9999, -9999, -9999, -9999, -9999, -9999, -9999, -9999, -9999, -9999, -9999, -9999, -9999, -9999, -9999, -9999, -9999, -9999, -9999, -9999, -9999, -9999, -9999, -9999, -9999, -9999, -9999, -9999, -9999, -9999, -9999, -9999, -9999, -9999, 1, 1, 1, 1, 1],
[-9999, -9999, -9999, -9999, -9999, -9999, 69, -9999, 11, 50, 50, 62, 27, -9999, -9999, -9999, -9999, 96, -9999, -9999, 19, 7, -9999, -9999, -9999, -9999, -9999, 36, -9999, 86, 95, 97, -9999, 65, -9999, 39, 15, -9999, -9999, -9999, 43, -9999, 16, 47, -9999, -9999, 1, -9999, 96, 84, -9999, -9999, -9999, 81, 44, -9999, -9999, -9999, 22, 46, -9999, 73, -9999, 75, -9999, 90, -9999, -9999, 15, -9999, -9999, -9999, -9999, -9999, -9999, -9999, -9999, -9999, -9999, 33, 87, 30, 77, 41, 24, -9999, 11, 34, -9999, -9999, 68, 83, -9999, 31, -9999, -9999, 25, 7, -9999, -9999, 1, 1, 1, 1, 1],
[-9999, -9999, -9999, -9999, -9999, -9999, 79, -9999, -9999, 74, -9999, -9999, -9999, -9999, -9999, -9999, -9999, -9999, -9999, -9999, -9999, -9999, -9999, -9999, -9999, -9999, -9999, -9999, -9999, 95, -9999, -9999, -9999, -9999, -9999, -9999, -9999, -9999, -9999, -9999, -9999, -9999, -9999, -9999, -9999, -9999, -9999, -9999, -9999, -9999, -9999, -9999, 88, -9999, -9999, -9999, -9999, -9999, 95, -9999, -9999, -9999, -9999, -9999, -9999, -9999, 55, -9999, -9999, -9999, -9999, -9999, -9999, -9999, -9999, -9999, -9999, -9999, -9999, -9999, -9999, -9999, -9999, -9999, -9999, -9999, -9999, -9999, -9999, -9999, -9999, -9999, -9999, -9999, -9999, -9999, 3, -9999, -9999, -9999, 1, 1, 1, 1, 1],
[-9999, -9999, -9999, -9999, -9999, -9999, -9999, -9999, -9999, -9999, -9999, -9999, 16, -9999, -9999, -9999, -9999, 35, -9999, -9999, -9999, -9999, -9999, -9999, -9999, -9999, -9999, -9999, -9999, -9999, 28, -9999, -9999, 97, -9999, -9999, -9999, -9999, 71, -9999, -9999, -9999, -9999, -9999, -9999, -9999, -9999, 71, 91, 28, -9999, -9999, -9999, 78, -9999, 65, -9999, 24, -9999, -9999, 54, -9999, -9999, -9999, -9999, -9999, -9999, -9999, -9999, 69, -9999, -9999, -9999, -9999, -9999, -9999, -9999, 47, -9999, -9999, 2, 34, -9999, -9999, -9999, -9999, -9999, -9999, -9999, -9999, 67, -9999, -9999, -9999, 85, -9999, -9999, 57, -9999, -9999, 1, 1, 1, 1, 1],
[-9999, -9999, -9999, -9999, -9999, -9999, 47, -9999, 82, 6, -9999, -9999, 56, -9999, -9999, 36, 5, -9999, -9999, 100, 28, -9999, -9999, 25, 74, -9999, -9999, -9999, -9999, 75, 5, 38, -9999, -9999, -9999, 94, 22, 79, -9999, -9999, -9999, 44, 59, -9999, -9999, -9999, -9999, -9999, 53, 67, -9999, -9999, -9999, 76, 100, 9, -9999, -9999, -9999, 64, -9999, -9999, 19, 78, -9999, 87, -9999, 43, 69, -9999, -9999, -9999, 43, 34, -9999, -9999, -9999, -9999, 67, 21, 13, -9999, -9999, -9999, -9999, -9999, -9999, -9999, -9999, -9999, 66, 80, 97, -9999, 13, -9999, -9999, 31, 37, -9999, 1, 1, 1, 1, 1],
[-9999, -9999, -9999, -9999, -9999, -9999, 61, -9999, -9999, 27, 5, 85, 51, -9999, -9999, 91, -9999, 47, -9999, -9999, -9999, 14, -9999, 71, -9999, -9999, -9999, 14, 23, 1, 9, 33, -9999, -9999, -9999, 90, 93, -9999, -9999, 74, -9999, 19, -9999, 26, -9999, 18, -9999, -9999, 73, 83, -9999, -9999, 26, 13, -9999, 86, -9999, -9999, 81, 37, -9999, -9999, -9999, -9999, -9999, 61, 77, 12, 47, -9999, -9999, -9999, -9999, 39, -9999, -9999, -9999, 71, 96, -9999, 92, 67, -9999, 49, -9999, -9999, -9999, -9999, -9999, -9999, 4, 86, 76, -9999, -9999, -9999, -9999, 46, -9999, -9999, 1, 1, 1, 1, 1],
[-9999, -9999, -9999, -9999, -9999, -9999, 73, -9999, 90, -9999, 8, -9999, 39, -9999, -9999, 92, -9999, 55, -9999, 58, 92, -9999, 19, -9999, -9999, 13, -9999, -9999, 22, 85, 100, 44, -9999, 69, 86, 54, -9999, 36, -9999, 22, -9999, -9999, 36, 46, -9999, -9999, 30, -9999, 88, 15, -9999, -9999, -9999, 19, 79, -9999, -9999, -9999, 37, 76, -9999, 66, -9999, 86, -9999, -9999, -9999, 11, 34, -9999, -9999, -9999, 28, 22, 61, -9999, -9999, -9999, -9999, -9999, 24, 83, -9999, -9999, -9999, -9999, -9999, -9999, 98, -9999, 65, 94, 46, -9999, 22, -9999, -9999, 38, 77, -9999, 1, 1, 1, 1, 1],
[-9999, -9999, -9999, -9999, -9999, -9999, 28, -9999, -9999, 96, -9999, -9999, -9999, 51, -9999, -9999, -9999, -9999, -9999, -9999, -9999, -9999, -9999, -9999, -9999, -9999, -9999, -9999, -9999, -9999, -9999, -9999, -9999, -9999, -9999, -9999, -9999, -9999, -9999, -9999, -9999, -9999, -9999, -9999, -9999, -9999, -9999, -9999, -9999, -9999, -9999, 75, -9999, -9999, -9999, -9999, -9999, -9999, -9999, -9999, -9999, -9999, -9999, -9999, -9999, -9999, 74, -9999, -9999, -9999, -9999, -9999, -9999, -9999, -9999, -9999, -9999, -9999, -9999, -9999, -9999, -9999, -9999, -9999, -9999, -9999, -9999, -9999, -9999, -9999, -9999, -9999, -9999, -9999, -9999, -9999, 47, -9999, -9999, -9999, 1, 1, 1, 1, 1],
[-9999, -9999, -9999, -9999, -9999, -9999, 95, -9999, -9999, 38, -9999, 48, 51, 78, -9999, 87, -9999, -9999, -9999, 44, -9999, -9999, -9999, -9999, -9999, -9999, -9999, 20, 55, -9999, 7, 5, -9999, 67, -9999, 27, 80, -9999, -9999, -9999, -9999, 22, -9999, -9999, -9999, -9999, 22, -9999, 40, 77, -9999, -9999, -9999, 40, 53, 58, -9999, -9999, -9999, 42, 39, 50, 32, -9999, -9999, -9999, 33, -9999, 17, -9999, -9999, 49, -9999, -9999, 50, -9999, -9999, 19, 36, 53, 42, 90, 63, 72, -9999, -9999, 33, 25, 35, -9999, 11, 5, 62, -9999, 90, -9999, -9999, 42, -9999, 16, 1, 1, 1, 1, 1],
[-9999, -9999, -9999, -9999, -9999, -9999, -9999, 5, -9999, -9999, -9999, -9999, 12, -9999, 80, -9999, -9999, -9999, -9999, -9999, -9999, -9999, -9999, -9999, 41, -9999, -9999, -9999, -9999, -9999, 22, -9999, -9999, -9999, -9999, -9999, -9999, -9999, -9999, -9999, -9999, -9999, -9999, -9999, -9999, -9999, -9999, -9999, 2, 90, -9999, -9999, -9999, 80, 8, -9999, -9999, -9999, -9999, 42, 47, -9999, -9999, -9999, -9999, -9999, 67, -9999, 67, -9999, -9999, -9999, -9999, -9999, -9999, -9999, -9999, 75, -9999, -9999, 4, -9999, 58, -9999, -9999, -9999, -9999, 6, -9999, -9999, 47, -9999, -9999, -9999, 29, -9999, -9999, 31, -9999, -9999, 1, 1, 1, 1, 1],
[-9999, -9999, -9999, -9999, -9999, -9999, 39, -9999, 33, 35, -9999, -9999, 87, -9999, -9999, -9999, 57, -9999, -9999, -9999, 40, 99, -9999, 67, 43, 43, -9999, 48, -9999, 12, 15, 30, -9999, 8, -9999, 85, 4, 67, -9999, -9999, -9999, 84, -9999, 75, -9999, 11, 100, -9999, 40, 78, -9999, -9999, -9999, 84, 40, 32, -9999, -9999, -9999, -9999, 79, -9999, 11, 39, -9999, -9999, 68, 74, 10, -9999, -9999, -9999, 17, -9999, 62, -9999, -9999, 31, 26, 82, 76, 57, 50, 80, -9999, -9999, 41, -9999, 39, -9999, 38, 91, -9999, -9999, -9999, 18, 35, 85, 88, 86, 1, 1, 1, 1, 1],
[-9999, -9999, -9999, -9999, -9999, -9999, -9999, -9999, -9999, -9999, -9999, -9999, 64, -9999, -9999, -9999, -9999, -9999, -9999, 51, -9999, -9999, -9999, -9999, 45, -9999, -9999, -9999, -9999, -9999, 50, -9999, -9999, -9999, -9999, -9999, -9999, -9999, -9999, -9999, -9999, -9999, -9999, -9999, -9999, 45, -9999, -9999, 96, 57, -9999, -9999, -9999, 85, 71, 78, -9999, -9999, -9999, -9999, -9999, -9999, -9999, -9999, -9999, -9999, -9999, -9999, 37, 77, 23, -9999, -9999, -9999, -9999, -9999, -9999, 7, 90, -9999, 53, 18, 83, -9999, -9999, -9999, -9999, -9999, -9999, -9999, 78, -9999, 77, -9999, -9999, -9999, -9999, 94, -9999, -9999, 1, 1, 1, 1, 1],
[-9999, -9999, -9999, -9999, -9999, -9999, 38, -9999, -9999, -9999, -9999, -9999, -9999, -9999, -9999, -9999, -9999, -9999, -9999, -9999, 34, -9999, -9999, -9999, -9999, -9999, -9999, -9999, -9999, -9999, -9999, -9999, -9999, -9999, -9999, -9999, -9999, -9999, -9999, -9999, -9999, -9999, -9999, -9999, -9999, -9999, -9999, -9999, -9999, -9999, -9999, -9999, 64, -9999, -9999, -9999, -9999, -9999, 52, -9999, -9999, -9999, -9999, -9999, -9999, -9999, 50, -9999, -9999, -9999, -9999, -9999, -9999, -9999, -9999, 29, -9999, -9999, -9999, -9999, -9999, -9999, -9999, -9999, -9999, -9999, -9999, -9999, -9999, -9999, -9999, -9999, -9999, -9999, -9999, -9999, 77, -9999, -9999, -9999, 1, 1, 1, 1, 1],
[-9999, -9999, -9999, -9999, -9999, -9999, 58, 7, 27, -9999, 47, -9999, 68, 28, 27, -9999, 13, -9999, -9999, -9999, 67, 25, -9999, -9999, -9999, 18, -9999, 50, 56, 20, 7, 10, -9999, 5, -9999, 83, 62, 28, -9999, -9999, 3, 44, 58, -9999, -9999, 85, 16, 73, 82, 86, -9999, -9999, 28, 5, 62, -9999, -9999, -9999, 69, 56, -9999, -9999, 61, 93, -9999, 81, 69, 57, 38, 18, -9999, 14, 21, -9999, 37, -9999, -9999, 5, -9999, -9999, 68, 79, 81, -9999, -9999, -9999, 12, 73, 8, -9999, 26, 35, 15, 6, 82, -9999, 82, 41, -9999, 27, 1, 1, 1, 1, 1],
[-9999, -9999, -9999, -9999, -9999, -9999, -9999, -9999, -9999, -9999, -9999, -9999, 57, -9999, -9999, -9999, -9999, -9999, -9999, 15, -9999, -9999, -9999, -9999, -9999, 68, -9999, -9999, -9999, -9999, 72, -9999, -9999, 61, -9999, -9999, -9999, -9999, -9999, -9999, -9999, -9999, -9999, -9999, -9999, -9999, -9999, -9999, 8, 92, -9999, -9999, -9999, 19, 44, -9999, -9999, -9999, -9999, 15, 72, -9999, -9999, -9999, -9999, -9999, 45, -9999, 79, 21, -9999, -9999, -9999, -9999, -9999, -9999, -9999, 15, -9999, -9999, 46, 41, 27, -9999, -9999, -9999, -9999, -9999, -9999, -9999, 54, -9999, -9999, -9999, 23, -9999, -9999, 17, -9999, -9999, 1, 1, 1, 1, 1],
[-9999, -9999, -9999, -9999, -9999, -9999, 34, -9999, -9999, -9999, -9999, 5, 92, -9999, -9999, 67, 90, -9999, -9999, 87, 39, 7, -9999, 14, 33, -9999, -9999, 49, -9999, 50, 50, 21, -9999, 70, 67, 42, 88, -9999, -9999, -9999, 5, 41, 6, 10, -9999, 47, 62, -9999, 77, 57, -9999, -9999, -9999, 23, 72, -9999, -9999, -9999, -9999, 87, 65, -9999, -9999, 72, -9999, 5, 92, 45, 32, -9999, -9999, -9999, 88, 30, -9999, 91, 79, 22, 25, 60, -9999, 36, 87, 62, -9999, -9999, 31, -9999, -9999, -9999, 76, 54, 84, -9999, 43, 34, 55, 26, 76, 69, 1, 1, 1, 1, 1],
[-9999, -9999, -9999, -9999, -9999, -9999, -9999, 12, -9999, -9999, -9999, -9999, 1, -9999, -9999, -9999, -9999, 19, -9999, -9999, -9999, -9999, -9999, -9999, 96, -9999, -9999, -9999, -9999, -9999, 38, -9999, -9999, 9, -9999, -9999, -9999, -9999, -9999, -9999, -9999, -9999, -9999, -9999, -9999, -9999, -9999, -9999, 65, 76, -9999, -9999, -9999, 7, 88, 88, -9999, -9999, -9999, -9999, 51, -9999, -9999, -9999, -9999, -9999, 40, -9999, 95, 29, -9999, -9999, -9999, -9999, -9999, -9999, -9999, 93, 20, -9999, 43, -9999, -9999, -9999, -9999, -9999, -9999, -9999, -9999, -9999, 41, -9999, -9999, -9999, -9999, -9999, -9999, -9999, -9999, -9999, 1, 1, 1, 1, 1],
[-9999, -9999, -9999, -9999, -9999, -9999, 60, -9999, -9999, -9999, 26, 83, 66, -9999, -9999, 35, 76, 1, -9999, -9999, 19, -9999, 42, -9999, -9999, 87, -9999, -9999, 35, 80, 4, 37, -9999, 48, -9999, 83, -9999, 91, 25, -9999, -9999, -9999, -9999, -9999, -9999, -9999, -9999, -9999, 37, 52, -9999, -9999, 18, 1, -9999, -9999, -9999, -9999, 87, 69, -9999, -9999, -9999, 50, -9999, -9999, 7, -9999, 98, -9999, -9999, -9999, -9999, 4, -9999, -9999, -9999, -9999, -9999, -9999, 32, -9999, -9999, 46, -9999, -9999, 79, 6, -9999, -9999, 77, 76, -9999, -9999, 77, -9999, 18, 8, 7, -9999, 1, 1, 1, 1, 1],
[-9999, -9999, -9999, -9999, -9999, -9999, -9999, -9999, -9999, -9999, -9999, -9999, 30, -9999, -9999, -9999, -9999, 100, -9999, -9999, -9999, -9999, -9999, -9999, -9999, -9999, -9999, -9999, -9999, -9999, 36, -9999, -9999, 53, -9999, -9999, -9999, -9999, -9999, -9999, -9999, -9999, -9999, -9999, -9999, 21, -9999, -9999, 15, -9999, -9999, -9999, -9999, 36, 68, 25, -9999, 50, -9999, 90, 31, -9999, -9999, -9999, -9999, -9999, 19, -9999, 65, 54, -9999, -9999, -9999, -9999, -9999, -9999, -9999, -9999, -9999, -9999, 18, -9999, -9999, -9999, -9999, -9999, -9999, 38, -9999, -9999, 17, -9999, -9999, -9999, 56, -9999, -9999, 61, -9999, -9999, 1, 1, 1, 1, 1],
[-9999, -9999, -9999, -9999, -9999, -9999, 29, -9999, -9999, 83, 22, -9999, 27, 16, -9999, -9999, 41, 28, -9999, -9999, 46, 14, -9999, -9999, 68, 33, -9999, 19, -9999, 2, 83, 97, -9999, -9999, -9999, 48, 30, 30, 13, -9999, 97, 43, -9999, 1, -9999, 86, 48, -9999, 61, -9999, -9999, 19, 4, 22, 77, -9999, -9999, -9999, 33, -9999, -9999, 72, -9999, 45, -9999, -9999, 50, 58, 72, -9999, -9999, -9999, -9999, 51, 78, -9999, -9999, 33, 96, -9999, 1, 90, 9, 26, -9999, -9999, 91, -9999, -9999, -9999, 82, 37, 98, -9999, 85, 14, 11, 6, -9999, 59, 1, 1, 1, 1, 1],
[-9999, -9999, -9999, -9999, -9999, -9999, 73, -9999, -9999, 44, -9999, -9999, -9999, 47, -9999, -9999, -9999, -9999, -9999, -9999, 26, -9999, -9999, -9999, -9999, -9999, -9999, -9999, -9999, 28, -9999, -9999, -9999, -9999, -9999, -9999, -9999, -9999, -9999, -9999, -9999, -9999, -9999, -9999, -9999, -9999, -9999, -9999, -9999, -9999, -9999, -9999, 65, -9999, -9999, -9999, -9999, -9999, 81, -9999, -9999, -9999, -9999, -9999, -9999, -9999, -9999, -9999, -9999, -9999, -9999, -9999, -9999, -9999, -9999, -9999, -9999, -9999, -9999, -9999, -9999, -9999, -9999, -9999, -9999, -9999, -9999, -9999, -9999, -9999, -9999, -9999, -9999, -9999, -9999, -9999, -9999, -9999, -9999, -9999, 1, 1, 1, 1, 1],
[-9999, -9999, -9999, -9999, -9999, 35, 79, -9999, 5, 14, 31, 31, 13, 35, -9999, -9999, 76, 16, 74, 33, 59, 5, -9999, 18, 22, -9999, 65, 84, 87, -9999, 62, 82, -9999, 29, -9999, 4, 92, 45, -9999, 96, 79, 94, -9999, 62, -9999, 28, -9999, -9999, 50, 94, -9999, -9999, -9999, 72, 7, 41, -9999, -9999, -9999, -9999, -9999, 39, -9999, 87, -9999, 97, 89, 31, 26, -9999, -9999, 78, -9999, -9999, 44, -9999, -9999, -9999, -9999, 13, 78, -9999, 13, -9999, -9999, -9999, -9999, 59, 17, -9999, 14, 47, 60, -9999, 16, -9999, 99, 88, -9999, -9999, 1, 1, 1, 1, 1],
[-9999, -9999, -9999, -9999, -9999, -9999, -9999, -9999, -9999, -9999, -9999, -9999, 8, -9999, -9999, -9999, -9999, 60, -9999, 82, -9999, -9999, -9999, -9999, 60, -9999, -9999, -9999, -9999, -9999, 99, -9999, -9999, -9999, -9999, -9999, -9999, -9999, -9999, -9999, -9999, -9999, -9999, -9999, -9999, -9999, -9999, -9999, 64, 5, -9999, -9999, -9999, 75, -9999, -9999, -9999, -9999, -9999, -9999, 48, -9999, -9999, -9999, -9999, -9999, 26, -9999, 58, 26, -9999, -9999, -9999, -9999, -9999, -9999, -9999, -9999, -9999, -9999, 27, 92, 39, -9999, -9999, -9999, -9999, -9999, -9999, -9999, 25, -9999, 31, -9999, 96, -9999, -9999, 81, -9999, -9999, 1, 1, 1, 1, 1],
[-9999, -9999, -9999, -9999, -9999, -9999, -9999, 76, -9999, -9999, -9999, -9999, 29, -9999, -9999, -9999, -9999, 33, -9999, -9999, -9999, -9999, -9999, -9999, 38, -9999, -9999, -9999, -9999, -9999, 11, -9999, 52, 31, -9999, -9999, -9999, -9999, -9999, -9999, -9999, -9999, -9999, -9999, -9999, -9999, -9999, -9999, 58, 8, -9999, -9999, -9999, 53, 54, -9999, -9999, -9999, -9999, -9999, -9999, -9999, -9999, -9999, -9999, -9999, 99, -9999, 3, -9999, -9999, -9999, -9999, -9999, -9999, -9999, -9999, -9999, 63, -9999, 34, 37, 16, -9999, -9999, -9999, -9999, -9999, -9999, -9999, 48, -9999, 42, -9999, -9999, -9999, -9999, 77, -9999, -9999, 1, 1, 1, 1, 1],
[-9999, -9999, -9999, -9999, -9999, -9999, 30, -9999, -9999, 43, -9999, -9999, -9999, -9999, -9999, -9999, -9999, -9999, -9999, -9999, 57, -9999, -9999, -9999, -9999, -9999, -9999, -9999, -9999, -9999, -9999, -9999, -9999, -9999, -9999, -9999, -9999, -9999, -9999, -9999, -9999, -9999, -9999, -9999, -9999, -9999, -9999, -9999, -9999, -9999, -9999, 97, -9999, -9999, -9999, -9999, -9999, -9999, -9999, -9999, -9999, -9999, -9999, -9999, -9999, -9999, -9999, -9999, -9999, -9999, -9999, -9999, -9999, -9999, -9999, -9999, -9999, -9999, -9999, -9999, -9999, -9999, -9999, -9999, -9999, -9999, -9999, -9999, -9999, -9999, -9999, -9999, -9999, -9999, -9999, -9999, -9999, -9999, -9999, -9999, 1, 1, 1, 1, 1],
[-9999, -9999, -9999, -9999, -9999, -9999, 21, -9999, 11, -9999, 17, 23, 72, -9999, -9999, 5, -9999, 58, -9999, -9999, -9999, -9999, -9999, -9999, -9999, 90, -9999, -9999, 80, 5, 28, 18, -9999, 71, -9999, 40, 12, 85, -9999, 97, 73, -9999, -9999, 95, -9999, 80, -9999, -9999, 5, 95, -9999, -9999, 18, 66, 23, 43, -9999, -9999, -9999, 33, 46, -9999, 86, -9999, -9999, -9999, 2, 37, 56, 25, -9999, -9999, -9999, 99, 59, -9999, -9999, 78, 33, 91, 49, 64, -9999, -9999, -9999, -9999, -9999, -9999, -9999, -9999, -9999, 48, 44, 20, -9999, 28, -9999, 21, -9999, 79, 1, 1, 1, 1, 1],
[-9999, -9999, -9999, -9999, -9999, -9999, -9999, -9999, -9999, -9999, -9999, -9999, 97, -9999, 48, -9999, -9999, 86, -9999, 75, -9999, -9999, -9999, -9999, 73, 16, -9999, -9999, -9999, -9999, 88, -9999, 92, -9999, -9999, -9999, -9999, -9999, -9999, -9999, -9999, -9999, -9999, -9999, -9999, 65, -9999, -9999, 95, 36, -9999, -9999, -9999, 9, -9999, -9999, -9999, -9999, -9999, 89, -9999, -9999, -9999, -9999, -9999, -9999, 27, -9999, 91, 6, -9999, -9999, -9999, -9999, -9999, -9999, -9999, -9999, 29, -9999, -9999, 94, -9999, -9999, -9999, -9999, -9999, -9999, -9999, -9999, 80, -9999, 79, -9999, -9999, -9999, -9999, 24, -9999, -9999, 1, 1, 1, 1, 1],
[-9999, -9999, -9999, -9999, -9999, -9999, -9999, -9999, -9999, -9999, -9999, -9999, 91, -9999, -9999, -9999, -9999, 4, -9999, 29, -9999, -9999, -9999, -9999, 47, 4, -9999, -9999, -9999, -9999, 86, -9999, -9999, 32, -9999, -9999, -9999, -9999, -9999, -9999, -9999, -9999, -9999, -9999, -9999, -9999, -9999, -9999, 39, 78, -9999, -9999, -9999, 91, -9999, 57, -9999, -9999, -9999, -9999, 97, -9999, -9999, -9999, -9999, -9999, -9999, -9999, 30, 36, -9999, -9999, -9999, -9999, -9999, -9999, -9999, 69, 30, -9999, 98, -9999, 52, -9999, -9999, -9999, -9999, 65, -9999, -9999, 7, -9999, -9999, -9999, 7, -9999, -9999, 96, -9999, -9999, 1, 1, 1, 1, 1],
[-9999, -9999, -9999, -9999, -9999, -9999, -9999, -9999, -9999, -9999, -9999, -9999, 64, -9999, -9999, -9999, -9999, -9999, -9999, -9999, -9999, -9999, -9999, -9999, 72, 41, -9999, -9999, -9999, -9999, 98, -9999, -9999, -9999, -9999, -9999, -9999, -9999, -9999, -9999, -9999, -9999, -9999, -9999, -9999, 49, -9999, -9999, 50, 44, -9999, -9999, -9999, 39, 8, -9999, -9999, -9999, -9999, 47, 14, -9999, -9999, -9999, -9999, -9999, -9999, -9999, 76, -9999, -9999, -9999, -9999, -9999, -9999, -9999, -9999, 94, 88, -9999, 43, -9999, -9999, -9999, -9999, -9999, -9999, -9999, -9999, -9999, 32, -9999, -9999, -9999, 24, -9999, -9999, 3, -9999, -9999, 1, 1, 1, 1, 1],
[-9999, -9999, -9999, -9999, -9999, -9999, 29, -9999, -9999, 3, 12, 94, 63, 40, 5, -9999, 27, -9999, 13, 32, 64, 87, -9999, 16, 81, -9999, -9999, 23, 90, 94, 60, 66, 4, -9999, -9999, 93, -9999, 45, -9999, 72, -9999, 47, -9999, 2, -9999, 100, -9999, -9999, 54, 63, -9999, -9999, 67, 54, 51, 26, 92, -9999, 17, 65, -9999, 95, 12, -9999, -9999, 34, 48, 77, 17, -9999, -9999, 100, 99, -9999, -9999, -9999, 89, 39, 94, 96, 23, 89, -9999, -9999, 36, 92, -9999, 12, -9999, -9999, 37, 58, 87, 39, -9999, 39, 29, 56, 64, 62, 1, 1, 1, 1, 1],
[-9999, -9999, -9999, -9999, -9999, -9999, 52, -9999, 63, 15, 33, 45, 41, 47, -9999, 98, 10, 53, -9999, 4, 67, -9999, -9999, -9999, 35, 73, -9999, 79, -9999, -9999, -9999, 4, -9999, -9999, -9999, -9999, -9999, -9999, -9999, 84, -9999, 30, -9999, 82, -9999, 42, -9999, -9999, 79, 51, -9999, -9999, 54, 75, 46, -9999, -9999, -9999, 4, 11, 35, 91, 61, 29, -9999, 5, 29, 12, 74, 37, 16, -9999, 84, -9999, 88, -9999, -9999, 99, 42, 57, 49, -9999, 5, 46, -9999, -9999, 79, 43, 43, -9999, 39, 67, 67, -9999, 89, -9999, -9999, 89, 79, -9999, 1, 1, 1, 1, 1],
[-9999, -9999, -9999, -9999, -9999, -9999, 86, -9999, -9999, 16, -9999, -9999, -9999, 34, -9999, -9999, -9999, -9999, -9999, -9999, -9999, -9999, -9999, -9999, -9999, -9999, -9999, -9999, -9999, 99, -9999, -9999, -9999, -9999, -9999, -9999, -9999, -9999, -9999, -9999, -9999, -9999, -9999, -9999, -9999, -9999, -9999, -9999, -9999, -9999, -9999, -9999, 60, -9999, -9999, -9999, -9999, -9999, 42, -9999, -9999, -9999, -9999, -9999, -9999, -9999, -9999, -9999, -9999, -9999, -9999, -9999, -9999, -9999, -9999, -9999, -9999, -9999, -9999, -9999, -9999, -9999, -9999, -9999, -9999, -9999, -9999, -9999, -9999, -9999, -9999, -9999, -9999, -9999, -9999, -9999, -9999, -9999, -9999, -9999, 1, 1, 1, 1, 1],
[-9999, -9999, -9999, -9999, -9999, 56, 49, -9999, -9999, 24, 40, 54, 65, -9999, -9999, 86, 69, 80, -9999, -9999, 9, 75, -9999, -9999, 24, -9999, -9999, 46, -9999, 71, 92, 54, 71, -9999, -9999, 27, -9999, 86, -9999, 66, 81, -9999, 96, 93, -9999, 53, 48, 33, 13, 79, 30, -9999, -9999, 78, 5, 40, 97, -9999, 80, 50, 32, 69, 83, 41, -9999, 65, -9999, 69, 23, 11, 32, 24, -9999, 100, -9999, 22, -9999, 50, -9999, -9999, 100, -9999, -9999, 19, -9999, 27, 92, -9999, -9999, -9999, 70, 99, -9999, -9999, 44, 4, 59, -9999, 39, -9999, 1, 1, 1, 1, 1],
[-9999, -9999, -9999, -9999, -9999, -9999, 13, -9999, 62, -9999, 75, -9999, 56, -9999, -9999, -9999, 39, -9999, -9999, 68, -9999, 6, -9999, -9999, -9999, 86, -9999, -9999, 26, 12, 50, 31, -9999, -9999, -9999, 95, -9999, 60, -9999, -9999, -9999, 89, 51, 29, -9999, 80, 89, -9999, -9999, 80, -9999, -9999, -9999, 19, 34, 55, -9999, 15, 35, 32, 65, 14, 5, 48, -9999, 9, 49, 61, 8, 95, -9999, -9999, 42, 43, 25, -9999, -9999, 76, -9999, 58, 97, -9999, 44, -9999, -9999, -9999, 44, -9999, 89, -9999, 60, 59, 34, 43, -9999, -9999, 74, 20, -9999, -9999, 1, 1, 1, 1, 1],
[-9999, -9999, -9999, -9999, -9999, -9999, 30, -9999, -9999, -9999, -9999, -9999, 37, -9999, -9999, 55, -9999, 40, -9999, 57, 93, 40, 75, 40, 57, -9999, -9999, 31, 34, -9999, 11, 83, -9999, 63, -9999, 16, 57, 7, -9999, -9999, 13, -9999, 86, -9999, -9999, -9999, -9999, -9999, 86, 74, -9999, -9999, -9999, 75, -9999, 48, -9999, -9999, 82, 50, 83, -9999, 61, 70, 22, 24, 19, -9999, 79, -9999, -9999, 43, -9999, -9999, 28, -9999, -9999, 24, 78, -9999, 6, -9999, 64, -9999, -9999, -9999, 74, -9999, 13, -9999, 12, 95, 76, 83, 91, -9999, -9999, 41, -9999, -9999, 1, 1, 1, 1, 1],
[-9999, -9999, -9999, -9999, -9999, -9999, -9999, -9999, -9999, -9999, -9999, -9999, -9999, -9999, -9999, -9999, -9999, -9999, -9999, -9999, -9999, -9999, -9999, -9999, -9999, -9999, -9999, -9999, -9999, -9999, -9999, -9999, -9999, -9999, -9999, -9999, -9999, -9999, -9999, -9999, -9999, -9999, -9999, -9999, -9999, -9999, -9999, -9999, -9999, -9999, -9999, -9999, -9999, -9999, -9999, -9999, -9999, -9999, -9999, -9999, -9999, -9999, -9999, -9999, -9999, -9999, -9999, -9999, -9999, -9999, -9999, -9999, -9999, -9999, -9999, -9999, -9999, -9999, -9999, -9999, -9999, -9999, -9999, -9999, -9999, -9999, -9999, -9999, -9999, -9999, -9999, -9999, -9999, -9999, -9999, -9999, -9999, -9999, -9999, -9999, -9999, -9999, -9999, -9999, -9999],
[-9999, -9999, -9999, -9999, -9999, -9999, -9999, -9999, -9999, -9999, -9999, -9999, -9999, -9999, -9999, -9999, -9999, -9999, -9999, -9999, -9999, -9999, -9999, -9999, -9999, -9999, -9999, -9999, -9999, -9999, -9999, -9999, -9999, -9999, -9999, -9999, -9999, -9999, -9999, -9999, -9999, -9999, -9999, -9999, -9999, -9999, -9999, -9999, -9999, -9999, -9999, -9999, -9999, -9999, -9999, -9999, -9999, -9999, -9999, -9999, -9999, -9999, -9999, -9999, -9999, -9999, -9999, -9999, -9999, -9999, -9999, -9999, -9999, -9999, -9999, -9999, -9999, -9999, -9999, -9999, -9999, -9999, -9999, -9999, -9999, -9999, -9999, -9999, -9999, -9999, -9999, -9999, -9999, -9999, -9999, -9999, -9999, -9999, -9999, -9999, -9999, -9999, -9999, -9999, -9999],
[-9999, -9999, -9999, -9999, -9999, -9999, -9999, -9999, -9999, -9999, -9999, -9999, -9999, -9999, -9999, -9999, -9999, -9999, -9999, -9999, -9999, -9999, -9999, -9999, -9999, -9999, -9999, -9999, -9999, -9999, -9999, -9999, -9999, -9999, -9999, -9999, -9999, -9999, -9999, -9999, -9999, -9999, -9999, -9999, -9999, -9999, -9999, -9999, -9999, -9999, -9999, -9999, -9999, -9999, -9999, -9999, -9999, -9999, -9999, -9999, -9999, -9999, -9999, -9999, -9999, -9999, -9999, -9999, -9999, -9999, -9999, -9999, -9999, -9999, -9999, -9999, -9999, -9999, -9999, -9999, -9999, -9999, -9999, -9999, -9999, -9999, -9999, -9999, -9999, -9999, -9999, -9999, -9999, -9999, -9999, -9999, -9999, -9999, -9999, -9999, -9999, -9999, -9999, -9999, -9999],
[-9999, -9999, -9999, -9999, -9999, -9999, -9999, -9999, -9999, -9999, -9999, -9999, -9999, -9999, -9999, -9999, -9999, -9999, -9999, -9999, -9999, -9999, -9999, -9999, -9999, -9999, -9999, -9999, -9999, -9999, -9999, -9999, -9999, -9999, -9999, -9999, -9999, -9999, -9999, -9999, -9999, -9999, -9999, -9999, -9999, -9999, -9999, -9999, -9999, -9999, -9999, -9999, -9999, -9999, -9999, -9999, -9999, -9999, -9999, -9999, -9999, -9999, -9999, -9999, -9999, -9999, -9999, -9999, -9999, -9999, -9999, -9999, -9999, -9999, -9999, -9999, -9999, -9999, -9999, -9999, -9999, -9999, -9999, -9999, -9999, -9999, -9999, -9999, -9999, -9999, -9999, -9999, -9999, -9999, -9999, -9999, -9999, -9999, -9999, -9999, -9999, -9999, -9999, -9999, -9999],
[-9999, -9999, -9999, -9999, -9999, -9999, -9999, -9999, -9999, -9999, -9999, -9999, -9999, -9999, -9999, -9999, -9999, -9999, -9999, -9999, -9999, -9999, -9999, -9999, -9999, -9999, -9999, -9999, -9999, -9999, -9999, -9999, -9999, -9999, -9999, -9999, -9999, -9999, -9999, -9999, -9999, -9999, -9999, -9999, -9999, -9999, -9999, -9999, -9999, -9999, -9999, -9999, -9999, -9999, -9999, -9999, -9999, -9999, -9999, -9999, -9999, -9999, -9999, -9999, -9999, -9999, -9999, -9999, -9999, -9999, -9999, -9999, -9999, -9999, -9999, -9999, -9999, -9999, -9999, -9999, -9999, -9999, -9999, -9999, -9999, -9999, -9999, -9999, -9999, -9999, -9999, -9999, -9999, -9999, -9999, -9999, -9999, -9999, -9999, -9999, -9999, -9999, -9999, -9999, -9999]
];
