NbNodes = 105;
NbNDDs = 5;
NbPairs = 95;
NbTerminals = 5;
K = 0;
L = 97;
Wt = [
[-9999, -9999, -9999, -9999, -9999, 89, -9999, -9999, 97, -9999, -9999, 40, -9999, -9999, -9999, -9999, -9999, 3, 61, -9999, -9999, 74, 61, 90, -9999, -9999, -9999, -9999, 60, 42, 14, -9999, 98, 32, 37, -9999, 62, -9999, -9999, -9999, -9999, -9999, -9999, 18, -9999, 69, -9999, 4, 64, -9999, 82, -9999, 18, 89, 3, 31, 96, -9999, -9999, -9999, -9999, -9999, -9999, -9999, -9999, 39, 64, -9999, -9999, -9999, -9999, 69, -9999, 29, 13, 70, -9999, -9999, -9999, 41, 9, 1, -9999, 58, -9999, 30, 47, -9999, -9999, -9999, -9999, -9999, -9999, -9999, -9999, -9999, -9999, -9999, -9999, 66, 1, 1, 1, 1, 1],
[-9999, -9999, -9999, -9999, -9999, -9999, -9999, 14, -9999, -9999, -9999, -9999, -9999, -9999, -9999, -9999, -9999, 52, 20, -9999, -9999, -9999, 11, -9999, -9999, -9999, -9999, -9999, -9999, 14, -9999, -9999, 70, 80, -9999, -9999, 19, 41, -9999, -9999, -9999, -9999, -9999, -9999, -9999, -9999, -9999, -9999, -9999, -9999, 66, -9999, -9999, -9999, 17, 50, -9999, -9999, -9999, -9999, -9999, -9999, -9999, 24, -9999, -9999, -9999, 7, -9999, -9999, -9999, 59, -9999, -9999, -9999, -9999, -9999, -9999, -9999, -9999, -9999, -9999, -9999, -9999, -9999, -9999, 9, -9999, 47, -9999, -9999, 22, -9999, -9999, -9999, -9999, -9999, -9999, -9999, 5, 1, 1, 1, 1, 1],
[-9999, -9999, -9999, -9999, -9999, -9999, -9999, 5, 23, -9999, -9999, -9999, 50, -9999, -9999, -9999, 74, 82, 33, -9999, -9999, 32, 55, -9999, -9999, 56, -9999, 67, -9999, 94, 11, -9999, -9999, 94, 3, -9999, 17, -9999, -9999, -9999, -9999, 90, -9999, 23, -9999, 58, -9999, -9999, 27, -9999, 7, -9999, -9999, -9999, 14, 35, -9999, -9999, -9999, -9999, -9999, -9999, 31, 93, -9999, -9999, 66, 54, -9999, -9999, -9999, 80, -9999, 94, 66, 63, 25, -9999, -9999, -9999, 21, -9999, 13, 5, -9999, 38, 26, -9999, -9999, -9999, -9999, -9999, 30, -9999, 58, 1, -9999, -9999, -9999, 31, 1, 1, 1, 1, 1],
[-9999, -9999, -9999, -9999, -9999, -9999, -9999, 72, -9999, -9999, 34, -9999, -9999, -9999, 91, -9999, -9999, 29, -9999, -9999, -9999, -9999, 70, -9999, -9999, -9999, -9999, -9999, -9999, 82, -9999, -9999, 79, 2, -9999, -9999, 43, -9999, -9999, -9999, -9999, -9999, -9999, -9999, -9999, -9999, -9999, -9999, -9999, -9999, 91, -9999, -9999, -9999, 29, 13, -9999, -9999, -9999, 45, -9999, -9999, -9999, -9999, -9999, -9999, -9999, 21, -9999, -9999, -9999, 81, -9999, -9999, -9999, -9999, -9999, -9999, 5, -9999, -9999, -9999, 90, -9999, -9999, -9999, -9999, 17, 78, 14, -9999, -9999, 85, -9999, -9999, 60, -9999, -9999, -9999, 32, 1, 1, 1, 1, 1],
[-9999, -9999, -9999, -9999, -9999, 97, -9999, 6, 57, -9999, -9999, -9999, -9999, -9999, 21, -9999, 33, 43, 36, -9999, -9999, 72, 10, 100, -9999, -9999, -9999, 26, -9999, 22, 60, -9999, -9999, -9999, -9999, -9999, 20, 56, -9999, -9999, -9999, 49, -9999, 41, -9999, 60, 87, 80, -9999, -9999, 2, -9999, -9999, 53, 37, 51, -9999, 34, -9999, 7, -9999, -9999, 4, 83, -9999, -9999, 79, -9999, -9999, -9999, -9999, 99, -9999, 89, -9999, 52, 51, -9999, -9999, -9999, 36, 24, 54, 70, -9999, -9999, 28, -9999, 48, -9999, -9999, -9999, 77, -9999, -9999, 79, -9999, -9999, 90, -9999, 1, 1, 1, 1, 1],
[-9999, -9999, -9999, -9999, -9999, -9999, -9999, 19, -9999, -9999, -9999, -9999, -9999, -9999, 46, -9999, -9999, 40, -9999, -9999, 40, -9999, 56, -9999, -9999, -9999, -9999, -9999, -9999, 97, -9999, 49, 80, 37, -9999, -9999, 98, -9999, -9999, -9999, -9999, -9999, -9999, -9999, -9999, -9999, -9999, -9999, -9999, -9999, 27, -9999, -9999, -9999, 4, 35, -9999, -9999, -9999, -9999, -9999, -9999, -9999, 77, -9999, -9999, -9999, -9999, -9999, -9999, -9999, 72, -9999, -9999, -9999, -9999, -9999, -9999, 36, -9999, -9999, -9999, -9999, -9999, -9999, -9999, 76, -9999, 96, -9999, -9999, -9999, -9999, -9999, -9999, 73, 39, -9999, 24, -9999, 1, 1, 1, 1, 1],
[-9999, -9999, -9999, -9999, -9999, -9999, -9999, 40, -9999, -9999, -9999, -9999, -9999, -9999, -9999, -9999, -9999, 91, -9999, -9999, -9999, -9999, 44, -9999, -9999, -9999, -9999, 4, -9999, 10, -9999, -9999, -9999, 20, -9999, -9999, 89, -9999, -9999, -9999, -9999, -9999, -9999, -9999, -9999, -9999, -9999, -9999, -9999, -9999, 28, -9999, -9999, -9999, 28, 88, -9999, -9999, -9999, 28, -9999, -9999, -9999, -9999, -9999, -9999, -9999, 6, -9999, -9999, -9999, 30, -9999, -9999, -9999, -9999, -9999, -9999, -9999, -9999, -9999, -9999, -9999, -9999, -9999, -9999, 53, -9999, 55, -9999, -9999, -9999, 34, -9999, -9999, -9999, -9999, -9999, 99, 87, 1, 1, 1, 1, 1],
[-9999, -9999, -9999, -9999, -9999, -9999, -9999, -9999, -9999, -9999, -9999, -9999, -9999, -9999, -9999, -9999, -9999, 70, 98, -9999, -9999, -9999, 91, -9999, -9999, -9999, -9999, -9999, -9999, 47, -9999, -9999, -9999, 34, -9999, -9999, 52, -9999, -9999, -9999, -9999, -9999, -9999, -9999, -9999, -9999, -9999, -9999, -9999, -9999, 52, -9999, -9999, -9999, 72, 1, -9999, -9999, -9999, -9999, -9999, -9999, -9999, -9999, -9999, -9999, -9999, 20, -9999, -9999, -9999, 48, -9999, -9999, -9999, -9999, -9999, -9999, -9999, -9999, -9999, -9999, 64, -9999, -9999, -9999, 80, -9999, -9999, -9999, -9999, -9999, 61, -9999, -9999, 84, -9999, -9999, 81, 92, 1, 1, 1, 1, 1],
[-9999, -9999, -9999, -9999, -9999, 66, -9999, 5, -9999, -9999, -9999, 52, -9999, 88, -9999, -9999, -9999, -9999, -9999, -9999, -9999, 34, -9999, -9999, 95, 96, -9999, -9999, 47, 50, 3, -9999, 59, -9999, 7, -9999, 78, -9999, -9999, -9999, -9999, 46, -9999, 39, -9999, 97, 14, -9999, -9999, -9999, 27, -9999, 48, 71, 95, 68, -9999, 8, -9999, -9999, -9999, -9999, 68, -9999, -9999, 98, 60, 82, 26, 67, -9999, 65, 72, 97, -9999, -9999, 63, -9999, -9999, 92, -9999, -9999, 71, -9999, -9999, 84, 98, -9999, -9999, -9999, -9999, -9999, 19, -9999, -9999, 63, -9999, -9999, -9999, -9999, 1, 1, 1, 1, 1],
[-9999, -9999, -9999, -9999, -9999, -9999, -9999, 17, -9999, -9999, -9999, -9999, -9999, -9999, -9999, -9999, -9999, -9999, 96, -9999, -9999, -9999, 46, -9999, -9999, -9999, -9999, -9999, -9999, 68, -9999, -9999, 22, 41, -9999, -9999, 76, 6, -9999, -9999, -9999, -9999, -9999, -9999, -9999, -9999, -9999, -9999, -9999, -9999, 14, -9999, -9999, -9999, 4, 20, -9999, -9999, -9999, 77, -9999, -9999, -9999, -9999, -9999, -9999, -9999, -9999, -9999, -9999, -9999, 25, -9999, -9999, -9999, -9999, -9999, -9999, -9999, -9999, -9999, -9999, 50, -9999, -9999, -9999, 86, -9999, -9999, -9999, -9999, 62, -9999, -9999, -9999, -9999, -9999, -9999, 36, 31, 1, 1, 1, 1, 1],
[-9999, -9999, -9999, -9999, -9999, -9999, -9999, -9999, -9999, -9999, -9999, -9999, -9999, -9999, -9999, -9999, -9999, 11, 76, -9999, -9999, -9999, -9999, -9999, -9999, 25, -9999, 77, -9999, 3, -9999, -9999, -9999, 78, -9999, -9999, 71, 41, -9999, -9999, -9999, -9999, -9999, -9999, -9999, -9999, -9999, -9999, -9999, -9999, 33, -9999, -9999, -9999, 90, 31, -9999, -9999, -9999, -9999, -9999, -9999, -9999, -9999, -9999, -9999, -9999, -9999, -9999, -9999, -9999, 40, -9999, -9999, -9999, -9999, -9999, -9999, -9999, -9999, -9999, -9999, -9999, -9999, -9999, -9999, 51, -9999, 42, -9999, -9999, -9999, 43, -9999, -9999, 6, -9999, -9999, 39, -9999, 1, 1, 1, 1, 1],
[-9999, -9999, -9999, -9999, -9999, -9999, -9999, -9999, -9999, -9999, -9999, -9999, -9999, -9999, -9999, -9999, -9999, -9999, -9999, -9999, -9999, -9999, -9999, -9999, -9999, -9999, -9999, -9999, -9999, -9999, -9999, -9999, -9999, -9999, -9999, -9999, -9999, -9999, -9999, -9999, -9999, -9999, -9999, -9999, -9999, -9999, 23, -9999, -9999, -9999, -9999, -9999, -9999, -9999, -9999, -9999, -9999, -9999, -9999, -9999, -9999, -9999, -9999, -9999, -9999, -9999, -9999, -9999, -9999, 28, -9999, -9999, -9999, -9999, -9999, -9999, -9999, -9999, -9999, -9999, -9999, 39, -9999, -9999, -9999, -9999, -9999, -9999, -9999, -9999, -9999, -9999, -9999, -9999, -9999, -9999, -9999, -9999, -9999, -9999, 1, 1, 1, 1, 1],
[-9999, -9999, -9999, -9999, -9999, 79, -9999, 30, -9999, -9999, 11, 87, -9999, 17, -9999, 59, 2, 26, -9999, 12, 19, 77, 10, -9999, 39, -9999, -9999, -9999, 32, 50, 3, -9999, 71, 75, 98, -9999, 35, -9999, -9999, -9999, -9999, -9999, -9999, -9999, -9999, 55, -9999, 96, 37, 94, 23, -9999, -9999, 53, 91, 54, -9999, 47, 33, 16, -9999, -9999, 85, 73, -9999, 68, 44, -9999, -9999, 39, -9999, 80, -9999, 64, -9999, 11, 92, -9999, -9999, 62, -9999, -9999, 54, 52, -9999, -9999, 57, 78, -9999, -9999, -9999, 39, 18, -9999, 68, 39, -9999, 52, -9999, -9999, 1, 1, 1, 1, 1],
[-9999, -9999, -9999, -9999, -9999, 66, -9999, 94, 24, -9999, -9999, -9999, 97, -9999, -9999, -9999, -9999, 52, 73, -9999, -9999, 33, 70, -9999, 11, 75, -9999, -9999, 93, 96, 54, -9999, 74, 68, -9999, -9999, -9999, -9999, -9999, 74, -9999, -9999, -9999, -9999, -9999, 68, -9999, -9999, 68, -9999, 85, -9999, 37, -9999, 75, 89, -9999, 84, -9999, -9999, -9999, -9999, 71, 16, -9999, -9999, 59, 4, -9999, 86, -9999, 93, -9999, 91, 60, 96, 98, -9999, -9999, -9999, 53, 75, 32, 27, -9999, 46, 9, -9999, -9999, -9999, -9999, -9999, 11, -9999, 2, 31, -9999, -9999, 16, 1, 1, 1, 1, 1, 1],
[-9999, -9999, -9999, -9999, -9999, -9999, -9999, -9999, -9999, -9999, -9999, -9999, -9999, -9999, -9999, -9999, -9999, 79, 35, -9999, -9999, -9999, 80, -9999, -9999, -9999, -9999, -9999, -9999, 7, -9999, -9999, 61, -9999, -9999, -9999, 46, -9999, -9999, -9999, -9999, -9999, -9999, -9999, -9999, -9999, -9999, -9999, -9999, -9999, 14, -9999, -9999, -9999, 59, 56, -9999, -9999, -9999, 84, -9999, -9999, -9999, -9999, -9999, -9999, -9999, 18, -9999, -9999, -9999, 36, -9999, -9999, -9999, -9999, -9999, -9999, -9999, -9999, -9999, -9999, 87, -9999, -9999, -9999, 78, -9999, 23, -9999, -9999, -9999, 73, -9999, -9999, 67, -9999, -9999, 95, 81, 1, 1, 1, 1, 1],
[-9999, -9999, -9999, -9999, -9999, -9999, -9999, -9999, -9999, -9999, -9999, 61, -9999, -9999, -9999, -9999, 36, 38, 89, 31, -9999, 57, -9999, -9999, -9999, -9999, -9999, 90, 83, 33, 75, -9999, 93, 40, 65, -9999, 91, 32, -9999, -9999, -9999, 92, -9999, 25, -9999, 62, 54, 77, 82, -9999, 93, -9999, 53, -9999, 5, 5, 98, 55, -9999, -9999, -9999, -9999, -9999, 19, -9999, 75, 100, 81, -9999, -9999, -9999, 23, 69, 5, 73, 47, -9999, -9999, -9999, 31, 43, 73, -9999, -9999, -9999, 95, 26, -9999, 27, -9999, -9999, -9999, -9999, -9999, 93, -9999, -9999, -9999, 46, -9999, 1, 1, 1, 1, 1],
[-9999, -9999, -9999, -9999, -9999, -9999, -9999, 16, -9999, -9999, -9999, 26, 54, -9999, -9999, -9999, -9999, 99, -9999, -9999, -9999, -9999, 40, -9999, 77, -9999, -9999, -9999, 3, 92, 78, -9999, 62, -9999, 71, -9999, 96, -9999, -9999, -9999, -9999, 87, -9999, 24, -9999, 91, -9999, 2, 94, -9999, 6, -9999, -9999, -9999, 21, 23, 79, -9999, -9999, -9999, -9999, -9999, 94, 54, -9999, -9999, 26, -9999, -9999, -9999, -9999, 1, -9999, 81, 18, 55, 82, -9999, -9999, 12, 18, -9999, 58, 30, -9999, 94, 56, -9999, -9999, -9999, -9999, -9999, -9999, -9999, -9999, 74, -9999, -9999, 31, -9999, 1, 1, 1, 1, 1],
[-9999, -9999, -9999, -9999, -9999, 57, -9999, -9999, 6, -9999, -9999, -9999, 90, -9999, -9999, -9999, 82, -9999, 42, -9999, -9999, 92, 65, -9999, 58, 58, -9999, -9999, 63, 60, 54, -9999, -9999, 34, 25, -9999, 63, -9999, -9999, -9999, -9999, -9999, -9999, 59, -9999, 1, -9999, -9999, 27, -9999, 15, -9999, 95, 99, 70, 37, 77, -9999, -9999, 98, -9999, 82, 39, 63, -9999, -9999, 25, 100, -9999, -9999, -9999, 89, 91, 66, 33, 44, -9999, -9999, -9999, -9999, 36, 39, 80, 69, -9999, 41, 9, -9999, 60, -9999, 96, -9999, 42, -9999, 78, 86, -9999, -9999, 40, -9999, 1, 1, 1, 1, 1],
[-9999, -9999, -9999, -9999, -9999, -9999, -9999, -9999, -9999, -9999, -9999, -9999, -9999, -9999, -9999, -9999, -9999, -9999, -9999, -9999, -9999, -9999, -9999, -9999, -9999, -9999, -9999, -9999, -9999, -9999, -9999, -9999, -9999, -9999, -9999, -9999, -9999, -9999, -9999, -9999, -9999, -9999, -9999, -9999, -9999, -9999, -9999, -9999, -9999, -9999, -9999, -9999, -9999, -9999, -9999, -9999, -9999, -9999, -9999, -9999, -9999, -9999, -9999, -9999, -9999, -9999, -9999, -9999, -9999, -9999, -9999, -9999, -9999, -9999, -9999, -9999, -9999, -9999, -9999, -9999, -9999, -9999, -9999, -9999, -9999, -9999, -9999, -9999, 23, -9999, -9999, -9999, -9999, -9999, -9999, -9999, -9999, -9999, -9999, -9999, 1, 1, 1, 1, 1],
[-9999, -9999, -9999, -9999, -9999, 79, -9999, -9999, 2, -9999, -9999, 100, 93, -9999, 52, -9999, 72, -9999, -9999, -9999, -9999, 13, -9999, -9999, 68, -9999, -9999, -9999, 4, 68, 18, -9999, -9999, -9999, -9999, -9999, -9999, -9999, -9999, -9999, -9999, 58, -9999, -9999, -9999, 9, -9999, -9999, 74, -9999, 63, -9999, -9999, 76, 11, 10, 6, -9999, -9999, -9999, -9999, -9999, 90, -9999, -9999, 59, 48, -9999, -9999, -9999, -9999, 50, -9999, 54, 17, 6, 69, -9999, -9999, -9999, 76, -9999, 37, -9999, -9999, -9999, 92, -9999, -9999, -9999, -9999, -9999, 95, -9999, 80, -9999, -9999, -9999, 24, 15, 1, 1, 1, 1, 1],
[-9999, -9999, -9999, -9999, -9999, 55, -9999, 95, 23, -9999, -9999, 51, 85, 12, -9999, -9999, -9999, -9999, 28, -9999, -9999, 37, 36, -9999, 38, 58, -9999, 37, 21, 57, 44, -9999, 79, 36, -9999, -9999, -9999, -9999, -9999, -9999, -9999, -9999, -9999, 73, -9999, 92, 29, -9999, 20, -9999, 92, -9999, 84, 52, 7, 32, 92, 38, -9999, 41, -9999, -9999, -9999, 88, -9999, -9999, 24, -9999, -9999, 14, -9999, 33, -9999, 78, -9999, -9999, 85, -9999, -9999, -9999, 83, -9999, 15, -9999, -9999, 51, 68, -9999, 30, -9999, -9999, -9999, -9999, -9999, 62, -9999, -9999, -9999, 82, 91, 1, 1, 1, 1, 1],
[-9999, -9999, -9999, -9999, -9999, 33, 100, -9999, -9999, -9999, -9999, -9999, -9999, 29, 100, -9999, -9999, -9999, 52, 58, -9999, -9999, 65, -9999, -9999, -9999, -9999, -9999, -9999, 20, 62, -9999, -9999, -9999, 38, -9999, 17, -9999, -9999, -9999, -9999, 79, -9999, 14, -9999, 10, 72, -9999, 94, -9999, 10, -9999, -9999, 76, 9, 1, 43, -9999, -9999, -9999, 66, -9999, 96, 30, -9999, 57, 71, 29, -9999, 47, -9999, 74, 25, 67, -9999, 68, 94, -9999, -9999, -9999, 27, 78, -9999, 47, -9999, -9999, 97, -9999, -9999, -9999, -9999, -9999, -9999, -9999, 4, 95, -9999, -9999, -9999, -9999, 1, 1, 1, 1, 1],
[-9999, -9999, -9999, -9999, -9999, -9999, 11, -9999, 38, -9999, -9999, -9999, 33, 26, -9999, -9999, 66, -9999, -9999, 45, -9999, 50, -9999, -9999, 61, 98, -9999, 46, 38, 85, 47, -9999, 26, -9999, -9999, -9999, 29, -9999, -9999, -9999, -9999, -9999, -9999, 65, -9999, 41, 12, 94, 93, -9999, 84, -9999, -9999, -9999, 27, 13, -9999, 10, -9999, 25, -9999, -9999, -9999, 76, 95, 49, 66, -9999, -9999, -9999, -9999, 5, 55, 45, 88, 58, 99, -9999, -9999, 15, 22, 27, -9999, 17, -9999, -9999, 90, -9999, -9999, -9999, -9999, -9999, -9999, -9999, 6, -9999, -9999, -9999, -9999, 36, 1, 1, 1, 1, 1],
[-9999, -9999, -9999, -9999, -9999, -9999, -9999, -9999, 50, -9999, -9999, 16, -9999, 58, -9999, -9999, -9999, 30, 33, 90, -9999, 37, 40, -9999, -9999, -9999, -9999, 59, 15, 51, 43, -9999, 87, 56, 41, -9999, 25, 95, -9999, -9999, 79, -9999, -9999, 31, -9999, 69, 23, 99, 10, -9999, 69, -9999, 3, -9999, 30, 24, 74, 49, -9999, -9999, 37, -9999, -9999, 17, -9999, -9999, 69, 60, -9999, -9999, -9999, 34, 18, 38, 41, 20, 50, -9999, -9999, -9999, 37, 54, 60, 55, -9999, 53, 65, -9999, -9999, -9999, -9999, -9999, -9999, -9999, 78, 73, -9999, -9999, 93, 3, 1, 1, 1, 1, 1],
[-9999, -9999, -9999, -9999, -9999, -9999, -9999, 6, -9999, -9999, -9999, -9999, -9999, -9999, -9999, -9999, -9999, 76, -9999, -9999, -9999, -9999, 72, -9999, -9999, -9999, -9999, 59, -9999, 7, -9999, 53, -9999, 45, -9999, -9999, 31, -9999, -9999, -9999, -9999, -9999, -9999, -9999, -9999, -9999, -9999, -9999, -9999, -9999, 17, -9999, -9999, -9999, 63, 65, -9999, -9999, -9999, 14, -9999, -9999, -9999, -9999, -9999, -9999, -9999, -9999, -9999, -9999, -9999, 33, -9999, -9999, -9999, -9999, -9999, -9999, -9999, -9999, -9999, -9999, -9999, -9999, -9999, -9999, 23, 37, 86, 89, -9999, -9999, 22, -9999, -9999, 80, 38, -9999, 32, -9999, 1, 1, 1, 1, 1],
[-9999, -9999, -9999, -9999, -9999, -9999, -9999, -9999, -9999, -9999, -9999, -9999, -9999, -9999, -9999, -9999, -9999, -9999, -9999, -9999, -9999, -9999, -9999, -9999, -9999, -9999, -9999, -9999, -9999, -9999, -9999, -9999, -9999, -9999, -9999, -9999, -9999, -9999, -9999, -9999, -9999, -9999, -9999, -9999, -9999, -9999, 90, -9999, -9999, -9999, -9999, -9999, -9999, -9999, -9999, -9999, -9999, -9999, -9999, -9999, -9999, -9999, -9999, -9999, -9999, -9999, -9999, -9999, -9999, 79, -9999, -9999, -9999, -9999, -9999, -9999, -9999, -9999, -9999, -9999, -9999, 90, -9999, -9999, -9999, -9999, -9999, -9999, -9999, -9999, -9999, -9999, -9999, -9999, -9999, -9999, -9999, -9999, -9999, -9999, 1, 1, 1, 1, 1],
[-9999, -9999, -9999, -9999, -9999, -9999, -9999, 71, -9999, 63, -9999, -9999, -9999, -9999, -9999, -9999, -9999, 14, 84, -9999, -9999, -9999, 35, -9999, -9999, -9999, -9999, 88, -9999, 12, -9999, -9999, 63, 17, -9999, -9999, -9999, -9999, -9999, -9999, -9999, -9999, -9999, -9999, -9999, -9999, -9999, -9999, -9999, -9999, -9999, -9999, -9999, -9999, 70, 56, -9999, -9999, -9999, -9999, -9999, -9999, -9999, 6, -9999, -9999, -9999, 37, -9999, -9999, -9999, 73, -9999, -9999, -9999, -9999, -9999, -9999, -9999, -9999, -9999, -9999, 83, -9999, -9999, -9999, 63, -9999, 44, -9999, -9999, -9999, 71, -9999, -9999, 18, -9999, -9999, -9999, -9999, 1, 1, 1, 1, 1],
[-9999, -9999, -9999, -9999, -9999, -9999, -9999, 20, -9999, -9999, -9999, -9999, -9999, -9999, -9999, -9999, -9999, 73, -9999, -9999, -9999, -9999, 9, -9999, -9999, -9999, -9999, -9999, -9999, 97, -9999, -9999, -9999, -9999, -9999, -9999, 44, -9999, -9999, -9999, -9999, -9999, -9999, -9999, -9999, -9999, -9999, -9999, -9999, -9999, 76, -9999, -9999, -9999, 52, 94, -9999, -9999, -9999, -9999, -9999, -9999, -9999, -9999, -9999, -9999, -9999, 4, -9999, -9999, -9999, 28, -9999, -9999, -9999, -9999, -9999, -9999, -9999, -9999, -9999, -9999, -9999, -9999, -9999, -9999, 63, -9999, -9999, -9999, -9999, -9999, -9999, -9999, -9999, 46, -9999, -9999, 10, -9999, 1, 1, 1, 1, 1],
[-9999, -9999, -9999, -9999, -9999, -9999, -9999, -9999, -9999, -9999, -9999, -9999, -9999, -9999, -9999, -9999, -9999, -9999, 16, -9999, -9999, -9999, -9999, -9999, -9999, -9999, -9999, -9999, -9999, -9999, -9999, -9999, -9999, -9999, -9999, -9999, -9999, -9999, -9999, -9999, -9999, -9999, -9999, -9999, -9999, -9999, -9999, -9999, -9999, -9999, -9999, -9999, -9999, -9999, -9999, -9999, -9999, -9999, -9999, -9999, -9999, -9999, -9999, -9999, -9999, -9999, -9999, -9999, -9999, -9999, -9999, -9999, -9999, -9999, -9999, -9999, -9999, -9999, -9999, -9999, -9999, -9999, -9999, -9999, -9999, -9999, -9999, -9999, -9999, -9999, -9999, -9999, -9999, -9999, -9999, -9999, -9999, -9999, -9999, -9999, 1, 1, 1, 1, 1],
[-9999, -9999, -9999, -9999, -9999, 47, 35, -9999, -9999, -9999, -9999, 64, 93, -9999, -9999, -9999, -9999, -9999, -9999, 28, -9999, 61, 16, -9999, 90, -9999, -9999, 27, 12, -9999, 52, -9999, -9999, -9999, 90, -9999, -9999, -9999, -9999, -9999, -9999, 93, -9999, -9999, -9999, 20, 85, 90, 84, -9999, 70, -9999, 12, -9999, 21, 23, 41, 34, -9999, -9999, -9999, -9999, 96, -9999, -9999, 74, 61, 54, -9999, 76, -9999, 37, 66, 4, 98, 25, 78, -9999, -9999, -9999, 52, 72, 77, 96, -9999, -9999, 48, -9999, 47, -9999, 42, -9999, 19, -9999, 54, 97, -9999, -9999, -9999, -9999, 1, 1, 1, 1, 1],
[-9999, -9999, -9999, -9999, -9999, 82, -9999, 84, 52, -9999, -9999, -9999, -9999, 29, -9999, -9999, 66, 27, 69, -9999, -9999, 67, -9999, -9999, 60, -9999, -9999, 30, -9999, 59, -9999, -9999, -9999, -9999, 32, -9999, -9999, -9999, -9999, -9999, -9999, 61, -9999, 99, -9999, 16, -9999, 38, 21, -9999, 7, -9999, -9999, -9999, 100, 17, 29, -9999, -9999, 8, -9999, -9999, -9999, 64, -9999, 67, 92, -9999, -9999, 72, -9999, 36, 20, 71, -9999, -9999, 56, -9999, -9999, 44, 73, 35, 6, 38, -9999, -9999, 87, -9999, 56, -9999, -9999, -9999, 54, -9999, -9999, 7, -9999, -9999, 96, -9999, 1, 1, 1, 1, 1],
[-9999, -9999, -9999, -9999, -9999, -9999, -9999, 14, -9999, -9999, -9999, -9999, -9999, -9999, 15, -9999, -9999, -9999, 95, -9999, -9999, -9999, 36, -9999, -9999, -9999, -9999, 25, -9999, 47, -9999, -9999, 71, -9999, -9999, -9999, 84, -9999, -9999, -9999, -9999, -9999, -9999, -9999, -9999, -9999, -9999, -9999, -9999, -9999, 12, -9999, -9999, -9999, 64, 66, -9999, -9999, -9999, -9999, -9999, -9999, -9999, -9999, -9999, -9999, -9999, 72, -9999, -9999, -9999, 100, -9999, -9999, -9999, -9999, -9999, -9999, -9999, -9999, -9999, -9999, -9999, -9999, -9999, -9999, 58, -9999, -9999, -9999, -9999, -9999, 76, -9999, -9999, -9999, -9999, -9999, -9999, -9999, 1, 1, 1, 1, 1],
[-9999, -9999, -9999, -9999, -9999, 51, -9999, 27, 44, -9999, -9999, -9999, 26, -9999, -9999, -9999, 64, -9999, -9999, -9999, 60, 18, -9999, 79, -9999, -9999, 79, -9999, 8, 32, 70, 9, -9999, 37, 68, 19, 56, -9999, -9999, -9999, -9999, 30, -9999, -9999, -9999, 44, 76, 38, 46, 8, 41, -9999, 49, 22, 93, 7, 76, 18, -9999, 94, 54, -9999, 89, 76, -9999, 63, 16, 69, -9999, -9999, -9999, 96, 95, 41, 14, 89, 41, -9999, -9999, -9999, 29, 46, -9999, -9999, -9999, 92, 18, 76, 49, 11, -9999, -9999, -9999, -9999, -9999, -9999, -9999, 45, 94, 59, 1, 1, 1, 1, 1],
[-9999, -9999, -9999, -9999, -9999, -9999, -9999, -9999, -9999, -9999, -9999, -9999, -9999, -9999, -9999, -9999, -9999, -9999, 33, -9999, -9999, -9999, -9999, -9999, -9999, -9999, -9999, -9999, -9999, -9999, -9999, -9999, -9999, -9999, -9999, -9999, -9999, -9999, -9999, -9999, -9999, -9999, -9999, -9999, -9999, -9999, 81, -9999, -9999, -9999, -9999, -9999, -9999, -9999, -9999, -9999, -9999, -9999, -9999, -9999, -9999, -9999, -9999, -9999, -9999, -9999, -9999, -9999, -9999, -9999, -9999, -9999, -9999, -9999, -9999, -9999, -9999, -9999, -9999, -9999, -9999, 66, -9999, -9999, -9999, -9999, -9999, -9999, 2, -9999, -9999, -9999, -9999, -9999, -9999, -9999, -9999, -9999, -9999, -9999, 1, 1, 1, 1, 1],
[-9999, -9999, -9999, -9999, -9999, -9999, -9999, -9999, -9999, -9999, -9999, -9999, -9999, -9999, -9999, -9999, -9999, -9999, 56, -9999, -9999, -9999, 16, -9999, -9999, -9999, -9999, 79, -9999, 73, -9999, -9999, -9999, -9999, -9999, -9999, -9999, -9999, -9999, -9999, -9999, -9999, -9999, -9999, -9999, -9999, -9999, -9999, -9999, -9999, 31, -9999, -9999, -9999, 11, 45, -9999, -9999, -9999, -9999, -9999, -9999, -9999, -9999, -9999, -9999, -9999, 90, -9999, -9999, -9999, 56, -9999, -9999, -9999, -9999, -9999, -9999, -9999, -9999, -9999, -9999, -9999, -9999, -9999, -9999, 3, -9999, -9999, -9999, -9999, -9999, -9999, -9999, -9999, 86, -9999, -9999, 16, -9999, 1, 1, 1, 1, 1],
[-9999, -9999, -9999, -9999, -9999, -9999, -9999, -9999, -9999, -9999, -9999, -9999, -9999, 66, -9999, -9999, -9999, -9999, 80, -9999, -9999, -9999, -9999, -9999, -9999, -9999, -9999, -9999, -9999, -9999, -9999, -9999, -9999, -9999, -9999, -9999, -9999, -9999, -9999, -9999, -9999, -9999, -9999, -9999, -9999, -9999, -9999, -9999, -9999, -9999, -9999, -9999, -9999, -9999, -9999, -9999, -9999, -9999, -9999, -9999, -9999, -9999, -9999, -9999, -9999, -9999, -9999, -9999, -9999, 76, -9999, -9999, -9999, -9999, -9999, -9999, -9999, -9999, -9999, -9999, -9999, 41, -9999, -9999, -9999, -9999, -9999, -9999, 80, -9999, -9999, -9999, -9999, -9999, -9999, -9999, -9999, -9999, -9999, -9999, 1, 1, 1, 1, 1],
[-9999, -9999, -9999, -9999, -9999, -9999, -9999, -9999, -9999, -9999, -9999, -9999, -9999, 34, -9999, -9999, -9999, -9999, 56, -9999, -9999, -9999, -9999, -9999, -9999, -9999, -9999, -9999, -9999, -9999, -9999, -9999, -9999, -9999, -9999, -9999, -9999, -9999, -9999, -9999, -9999, -9999, -9999, -9999, -9999, -9999, 52, -9999, -9999, -9999, -9999, -9999, -9999, -9999, -9999, -9999, -9999, -9999, -9999, -9999, -9999, -9999, -9999, -9999, -9999, -9999, -9999, -9999, -9999, 76, -9999, -9999, -9999, -9999, -9999, -9999, -9999, -9999, -9999, -9999, -9999, 70, -9999, -9999, -9999, -9999, -9999, -9999, 41, -9999, -9999, -9999, -9999, -9999, -9999, -9999, -9999, -9999, -9999, -9999, 1, 1, 1, 1, 1],
[-9999, -9999, -9999, -9999, -9999, 53, -9999, 2, 12, -9999, -9999, -9999, -9999, -9999, -9999, -9999, -9999, 61, 44, -9999, -9999, 20, -9999, -9999, 23, -9999, -9999, -9999, 100, 30, 27, -9999, -9999, -9999, 99, -9999, 50, -9999, -9999, -9999, -9999, 20, -9999, 16, -9999, 50, -9999, -9999, 26, -9999, 44, -9999, 63, -9999, 16, 6, 36, -9999, -9999, 25, -9999, -9999, -9999, 48, -9999, 58, 91, -9999, -9999, -9999, -9999, 48, 50, 98, -9999, -9999, 73, -9999, -9999, 34, 22, 18, 94, 74, -9999, -9999, 59, -9999, 41, -9999, -9999, -9999, 56, -9999, -9999, 80, -9999, -9999, -9999, -9999, 1, 1, 1, 1, 1],
[-9999, -9999, -9999, -9999, -9999, -9999, 38, -9999, -9999, -9999, 42, -9999, 83, -9999, -9999, 81, 98, -9999, 26, 36, 80, 74, -9999, -9999, -9999, 46, -9999, 38, 11, 23, 23, 55, 94, -9999, 18, 40, -9999, 9, -9999, -9999, -9999, 31, -9999, -9999, -9999, 15, 20, 54, 99, -9999, 1, -9999, -9999, -9999, 80, 92, -9999, 36, 30, 34, -9999, -9999, -9999, -9999, -9999, 15, 11, -9999, 16, -9999, 4, 93, 37, 78, -9999, 63, 93, -9999, 41, 98, 73, 75, 17, -9999, -9999, -9999, 4, 13, -9999, -9999, -9999, -9999, 33, -9999, 99, 3, 26, 90, -9999, 93, 1, 1, 1, 1, 1],
[-9999, -9999, -9999, -9999, -9999, -9999, -9999, -9999, -9999, -9999, -9999, -9999, -9999, -9999, -9999, -9999, -9999, 23, 50, -9999, -9999, -9999, 32, -9999, -9999, -9999, -9999, 75, -9999, 68, -9999, -9999, -9999, -9999, -9999, -9999, -9999, -9999, -9999, -9999, -9999, -9999, -9999, -9999, -9999, -9999, -9999, -9999, -9999, -9999, 42, -9999, -9999, -9999, 26, 4, -9999, -9999, -9999, -9999, -9999, -9999, -9999, 12, -9999, -9999, -9999, 87, -9999, -9999, -9999, 15, -9999, -9999, -9999, -9999, -9999, -9999, -9999, -9999, -9999, -9999, -9999, -9999, -9999, -9999, 30, -9999, 39, -9999, -9999, 26, 92, -9999, -9999, -9999, -9999, -9999, -9999, 54, 1, 1, 1, 1, 1],
[-9999, -9999, -9999, -9999, -9999, -9999, -9999, 65, -9999, -9999, -9999, -9999, -9999, -9999, -9999, -9999, -9999, 42, 49, -9999, -9999, -9999, 65, -9999, -9999, -9999, -9999, -9999, -9999, 93, -9999, -9999, 99, 55, -9999, -9999, -9999, -9999, -9999, -9999, -9999, -9999, -9999, -9999, -9999, -9999, -9999, -9999, -9999, -9999, 32, -9999, -9999, -9999, 29, 54, -9999, -9999, -9999, -9999, -9999, -9999, -9999, -9999, -9999, -9999, -9999, -9999, -9999, -9999, -9999, 74, -9999, -9999, -9999, -9999, -9999, -9999, -9999, -9999, -9999, -9999, 83, -9999, -9999, -9999, 95, -9999, -9999, -9999, -9999, -9999, -9999, -9999, -9999, -9999, -9999, -9999, -9999, -9999, 1, 1, 1, 1, 1],
[-9999, -9999, -9999, -9999, -9999, -9999, -9999, 8, -9999, -9999, 5, -9999, -9999, -9999, -9999, 89, -9999, 49, 85, -9999, 52, -9999, -9999, -9999, -9999, -9999, -9999, -9999, -9999, 24, -9999, 39, -9999, 25, -9999, -9999, 19, -9999, -9999, -9999, -9999, -9999, -9999, -9999, -9999, -9999, -9999, -9999, -9999, -9999, 54, -9999, -9999, -9999, 7, 17, -9999, -9999, -9999, -9999, -9999, -9999, -9999, -9999, -9999, -9999, -9999, -9999, -9999, -9999, -9999, 3, -9999, -9999, -9999, -9999, -9999, -9999, -9999, -9999, -9999, -9999, 81, -9999, -9999, -9999, 64, 37, -9999, -9999, -9999, -9999, 28, -9999, -9999, -9999, -9999, -9999, 45, 51, 1, 1, 1, 1, 1],
[-9999, -9999, -9999, -9999, -9999, -9999, -9999, -9999, -9999, -9999, -9999, -9999, -9999, -9999, -9999, -9999, -9999, 90, 10, -9999, -9999, -9999, 58, 31, -9999, -9999, -9999, -9999, -9999, 66, -9999, -9999, -9999, 90, -9999, -9999, 2, 11, -9999, -9999, -9999, -9999, -9999, -9999, -9999, -9999, -9999, -9999, -9999, -9999, 83, -9999, -9999, -9999, 71, 5, -9999, -9999, -9999, 33, -9999, -9999, -9999, 82, -9999, -9999, -9999, 59, -9999, -9999, -9999, 64, -9999, -9999, -9999, -9999, -9999, -9999, -9999, -9999, -9999, -9999, 36, -9999, -9999, -9999, 20, -9999, -9999, -9999, -9999, -9999, 90, -9999, -9999, -9999, -9999, -9999, -9999, 33, 1, 1, 1, 1, 1],
[-9999, -9999, -9999, -9999, -9999, 47, -9999, 58, -9999, -9999, -9999, 52, 41, -9999, -9999, -9999, -9999, -9999, 21, -9999, -9999, 69, 9, -9999, 38, -9999, -9999, -9999, -9999, 63, 91, -9999, 94, -9999, 24, -9999, 95, -9999, -9999, -9999, -9999, -9999, -9999, -9999, -9999, 54, -9999, 57, 93, -9999, 62, -9999, 40, 76, 31, 39, 84, -9999, -9999, 99, -9999, -9999, 66, -9999, -9999, 53, 52, 18, 61, -9999, -9999, 69, 26, 3, -9999, 100, 54, -9999, -9999, 5, 39, 66, -9999, -9999, -9999, -9999, 27, -9999, -9999, -9999, 59, -9999, 71, -9999, -9999, -9999, -9999, -9999, 89, 60, 1, 1, 1, 1, 1],
[-9999, -9999, -9999, -9999, -9999, 88, -9999, 11, -9999, -9999, -9999, -9999, 59, -9999, -9999, -9999, 10, 27, 99, -9999, -9999, 57, 89, -9999, -9999, -9999, -9999, 2, -9999, 94, 5, -9999, 71, 3, 23, -9999, 10, -9999, -9999, -9999, -9999, 53, -9999, 100, -9999, 44, 51, -9999, 90, -9999, 64, -9999, -9999, 10, 52, 59, 47, 48, -9999, 49, -9999, -9999, -9999, 95, -9999, 19, 98, 53, -9999, -9999, -9999, 91, 9, 36, 28, 91, 56, -9999, -9999, 57, 88, -9999, 39, -9999, 89, 94, 19, -9999, 41, -9999, -9999, -9999, -9999, -9999, -9999, 10, -9999, -9999, 78, 76, 1, 1, 1, 1, 1],
[-9999, -9999, -9999, -9999, -9999, 27, -9999, 29, 82, -9999, -9999, 6, -9999, 28, -9999, -9999, 66, 57, -9999, -9999, -9999, 19, -9999, -9999, -9999, 86, -9999, -9999, 41, 9, 54, -9999, 66, 43, -9999, -9999, -9999, -9999, -9999, -9999, -9999, -9999, -9999, 71, -9999, -9999, 93, 23, 78, -9999, 78, -9999, 39, 31, 51, 38, 87, -9999, -9999, -9999, -9999, -9999, 57, -9999, -9999, -9999, 99, 41, -9999, 57, -9999, 83, 92, 44, -9999, 26, 7, -9999, -9999, 23, 12, 19, 90, -9999, -9999, 41, 94, -9999, -9999, -9999, -9999, 42, -9999, -9999, 74, -9999, -9999, -9999, -9999, -9999, 1, 1, 1, 1, 1],
[-9999, -9999, -9999, -9999, -9999, -9999, -9999, -9999, -9999, -9999, -9999, -9999, -9999, -9999, -9999, -9999, -9999, -9999, -9999, -9999, -9999, -9999, -9999, -9999, -9999, 49, -9999, -9999, -9999, 40, -9999, -9999, -9999, 26, -9999, -9999, -9999, -9999, -9999, -9999, -9999, -9999, -9999, -9999, -9999, -9999, -9999, -9999, -9999, -9999, 85, -9999, -9999, -9999, 40, 38, -9999, -9999, -9999, 59, -9999, -9999, -9999, 64, -9999, -9999, -9999, 48, -9999, -9999, -9999, 79, -9999, -9999, -9999, -9999, -9999, -9999, -9999, -9999, -9999, -9999, 95, -9999, -9999, -9999, 1, -9999, 39, -9999, -9999, -9999, 69, -9999, -9999, 84, -9999, -9999, -9999, -9999, 1, 1, 1, 1, 1],
[-9999, -9999, -9999, -9999, -9999, -9999, -9999, -9999, -9999, -9999, -9999, -9999, -9999, 37, -9999, -9999, -9999, -9999, -9999, -9999, -9999, -9999, -9999, -9999, -9999, -9999, -9999, -9999, -9999, -9999, -9999, -9999, -9999, -9999, -9999, -9999, -9999, -9999, -9999, -9999, -9999, -9999, -9999, -9999, -9999, -9999, -9999, -9999, -9999, -9999, -9999, -9999, -9999, -9999, -9999, -9999, -9999, -9999, -9999, -9999, -9999, -9999, -9999, -9999, -9999, -9999, -9999, -9999, -9999, -9999, -9999, -9999, -9999, -9999, -9999, -9999, -9999, -9999, -9999, -9999, -9999, 6, -9999, -9999, -9999, -9999, -9999, -9999, 54, -9999, -9999, -9999, -9999, -9999, -9999, -9999, -9999, -9999, -9999, -9999, 1, 1, 1, 1, 1],
[-9999, -9999, -9999, -9999, -9999, -9999, -9999, 59, -9999, -9999, -9999, -9999, -9999, -9999, -9999, -9999, -9999, -9999, -9999, -9999, -9999, -9999, -9999, -9999, -9999, -9999, -9999, -9999, -9999, 32, -9999, -9999, 6, -9999, -9999, -9999, 60, -9999, -9999, -9999, -9999, -9999, -9999, -9999, -9999, -9999, -9999, -9999, -9999, -9999, 79, -9999, -9999, -9999, 53, 22, -9999, -9999, -9999, 45, -9999, -9999, -9999, 2, -9999, -9999, -9999, 66, -9999, -9999, -9999, -9999, -9999, -9999, -9999, -9999, -9999, -9999, -9999, -9999, -9999, -9999, 9, -9999, -9999, -9999, 34, -9999, -9999, -9999, -9999, -9999, 53, -9999, -9999, 71, -9999, -9999, 91, 31, 1, 1, 1, 1, 1],
[-9999, -9999, -9999, -9999, -9999, -9999, -9999, 9, -9999, -9999, -9999, -9999, -9999, -9999, -9999, -9999, -9999, 68, -9999, -9999, -9999, -9999, -9999, -9999, -9999, -9999, -9999, 80, -9999, 35, -9999, -9999, -9999, -9999, -9999, -9999, 7, -9999, -9999, -9999, -9999, -9999, -9999, -9999, -9999, -9999, -9999, -9999, -9999, -9999, 38, -9999, -9999, -9999, 90, 7, -9999, -9999, -9999, -9999, -9999, -9999, -9999, 44, -9999, -9999, -9999, 93, -9999, -9999, -9999, 48, -9999, -9999, -9999, -9999, -9999, -9999, -9999, -9999, -9999, -9999, -9999, -9999, -9999, -9999, 6, -9999, 10, -9999, -9999, -9999, -9999, -9999, -9999, -9999, -9999, -9999, -9999, 26, 1, 1, 1, 1, 1],
[-9999, -9999, -9999, -9999, -9999, -9999, -9999, 87, -9999, -9999, -9999, -9999, -9999, -9999, -9999, -9999, -9999, 3, 55, -9999, -9999, -9999, 97, -9999, -9999, 34, -9999, -9999, -9999, 16, -9999, -9999, 49, 23, -9999, -9999, 56, -9999, -9999, -9999, -9999, -9999, -9999, -9999, -9999, -9999, -9999, -9999, -9999, -9999, -9999, -9999, -9999, -9999, 80, 14, -9999, -9999, -9999, 13, -9999, -9999, -9999, 37, -9999, -9999, -9999, -9999, -9999, -9999, -9999, 43, -9999, -9999, -9999, -9999, -9999, -9999, -9999, -9999, -9999, -9999, 29, -9999, -9999, -9999, 83, -9999, 30, -9999, -9999, -9999, 66, -9999, -9999, -9999, -9999, -9999, -9999, 49, 1, 1, 1, 1, 1],
[-9999, -9999, -9999, -9999, -9999, -9999, -9999, 82, 91, -9999, -9999, -9999, -9999, -9999, -9999, -9999, 16, -9999, 63, 43, -9999, 58, -9999, -9999, 27, -9999, -9999, 3, 90, 100, 94, -9999, -9999, 46, -9999, -9999, 19, -9999, -9999, -9999, -9999, 93, -9999, 90, -9999, 17, -9999, -9999, 45, -9999, 6, -9999, 80, -9999, 8, 59, 54, -9999, -9999, 83, -9999, -9999, 36, 33, 41, 66, 12, -9999, -9999, -9999, -9999, 72, 83, 100, 67, 29, 57, -9999, -9999, 61, 65, 8, 21, 72, -9999, 45, 46, -9999, -9999, -9999, -9999, -9999, 42, -9999, 48, 37, -9999, -9999, -9999, 9, 1, 1, 1, 1, 1],
[-9999, -9999, -9999, -9999, -9999, -9999, -9999, -9999, -9999, 94, 42, -9999, -9999, -9999, -9999, -9999, -9999, -9999, -9999, -9999, -9999, -9999, -9999, -9999, -9999, -9999, -9999, 80, -9999, 66, -9999, -9999, -9999, 90, -9999, -9999, 97, -9999, -9999, -9999, -9999, -9999, -9999, -9999, -9999, -9999, -9999, -9999, -9999, -9999, 20, -9999, -9999, -9999, 44, 39, -9999, -9999, -9999, 89, -9999, -9999, -9999, -9999, -9999, -9999, -9999, 66, -9999, -9999, -9999, 62, -9999, -9999, -9999, -9999, -9999, -9999, -9999, -9999, -9999, -9999, 71, -9999, -9999, -9999, 25, 6, -9999, 86, -9999, -9999, -9999, -9999, -9999, 99, -9999, -9999, 87, 65, 1, 1, 1, 1, 1],
[-9999, -9999, -9999, -9999, -9999, -9999, -9999, -9999, 100, -9999, 71, -9999, -9999, -9999, -9999, 13, 98, 98, -9999, 61, -9999, 100, -9999, -9999, 71, -9999, -9999, 12, 65, 10, 16, 10, -9999, 94, 27, -9999, 84, -9999, -9999, -9999, -9999, -9999, -9999, -9999, 72, 14, -9999, 91, 23, 51, 61, -9999, 69, -9999, 66, 31, -9999, 92, 81, -9999, -9999, -9999, -9999, 5, -9999, 19, 75, 22, -9999, -9999, -9999, 38, 72, 64, 58, 73, 55, -9999, 2, -9999, 79, 51, 14, -9999, -9999, -9999, 50, 81, 69, 23, -9999, -9999, 79, -9999, 52, 59, 89, 21, 60, 46, 1, 1, 1, 1, 1],
[-9999, -9999, -9999, -9999, -9999, -9999, -9999, -9999, -9999, -9999, -9999, -9999, -9999, -9999, -9999, -9999, -9999, -9999, 21, -9999, -9999, -9999, -9999, -9999, -9999, -9999, -9999, -9999, -9999, -9999, -9999, -9999, -9999, -9999, -9999, -9999, -9999, -9999, -9999, -9999, -9999, -9999, -9999, -9999, -9999, -9999, 51, -9999, -9999, -9999, -9999, -9999, -9999, -9999, -9999, -9999, -9999, -9999, -9999, -9999, -9999, -9999, -9999, -9999, -9999, -9999, -9999, -9999, -9999, -9999, -9999, -9999, -9999, -9999, -9999, -9999, -9999, -9999, -9999, -9999, -9999, 36, -9999, -9999, -9999, -9999, -9999, -9999, 94, -9999, -9999, -9999, -9999, -9999, -9999, -9999, -9999, -9999, -9999, -9999, 1, 1, 1, 1, 1],
[-9999, -9999, -9999, -9999, -9999, -9999, -9999, -9999, -9999, -9999, -9999, -9999, -9999, -9999, -9999, -9999, -9999, 91, -9999, -9999, -9999, -9999, 73, -9999, -9999, 24, -9999, -9999, -9999, 58, -9999, -9999, 64, 35, -9999, -9999, 38, -9999, -9999, -9999, -9999, -9999, -9999, -9999, -9999, -9999, -9999, -9999, -9999, -9999, 86, -9999, -9999, -9999, 20, -9999, -9999, -9999, -9999, -9999, -9999, -9999, -9999, -9999, -9999, -9999, -9999, 13, -9999, -9999, -9999, 66, -9999, -9999, -9999, -9999, -9999, -9999, -9999, -9999, -9999, -9999, -9999, -9999, -9999, -9999, 97, -9999, 85, -9999, -9999, -9999, 25, -9999, -9999, -9999, -9999, -9999, 69, 89, 1, 1, 1, 1, 1],
[-9999, -9999, -9999, -9999, -9999, -9999, -9999, 23, -9999, -9999, -9999, -9999, -9999, -9999, -9999, -9999, -9999, 53, 60, -9999, -9999, -9999, -9999, -9999, -9999, -9999, -9999, 61, -9999, 85, -9999, -9999, -9999, -9999, -9999, -9999, 6, -9999, -9999, -9999, -9999, -9999, -9999, -9999, -9999, -9999, -9999, -9999, -9999, -9999, 45, -9999, -9999, -9999, 43, 65, -9999, -9999, -9999, 4, -9999, -9999, -9999, 100, -9999, -9999, -9999, 32, -9999, -9999, -9999, 57, -9999, -9999, -9999, -9999, -9999, -9999, -9999, -9999, -9999, -9999, 64, -9999, -9999, -9999, 48, -9999, 11, -9999, -9999, -9999, 14, -9999, -9999, 67, -9999, -9999, 18, 6, 1, 1, 1, 1, 1],
[-9999, -9999, -9999, -9999, -9999, -9999, -9999, -9999, -9999, -9999, -9999, -9999, -9999, -9999, -9999, -9999, -9999, -9999, 94, -9999, -9999, -9999, -9999, -9999, -9999, -9999, -9999, -9999, -9999, -9999, -9999, -9999, -9999, -9999, -9999, -9999, -9999, -9999, -9999, -9999, -9999, -9999, -9999, -9999, -9999, -9999, 23, -9999, -9999, -9999, -9999, -9999, -9999, -9999, -9999, -9999, -9999, -9999, -9999, -9999, -9999, -9999, -9999, -9999, -9999, -9999, -9999, -9999, -9999, 83, -9999, -9999, -9999, -9999, -9999, -9999, -9999, -9999, -9999, -9999, -9999, 98, -9999, -9999, -9999, -9999, -9999, -9999, 62, -9999, -9999, -9999, -9999, -9999, -9999, -9999, -9999, -9999, -9999, -9999, 1, 1, 1, 1, 1],
[-9999, -9999, -9999, -9999, -9999, 73, -9999, 98, 87, 57, -9999, 26, 15, -9999, -9999, -9999, 71, -9999, 90, -9999, -9999, 23, 79, -9999, -9999, -9999, -9999, 45, 71, 49, 89, -9999, -9999, -9999, -9999, -9999, -9999, -9999, -9999, 60, -9999, -9999, -9999, -9999, -9999, 54, 38, 89, 86, -9999, 82, -9999, 54, -9999, 96, 23, 62, 40, -9999, -9999, -9999, -9999, 47, -9999, -9999, 41, 43, 84, -9999, -9999, -9999, 63, -9999, 91, 72, -9999, 7, -9999, -9999, -9999, 62, 73, 72, -9999, -9999, 40, 11, -9999, -9999, -9999, -9999, -9999, 97, -9999, -9999, 32, -9999, -9999, 60, 36, 1, 1, 1, 1, 1],
[-9999, -9999, -9999, -9999, -9999, -9999, -9999, -9999, -9999, -9999, -9999, -9999, -9999, -9999, -9999, -9999, -9999, -9999, 37, -9999, -9999, -9999, -9999, -9999, -9999, -9999, -9999, -9999, -9999, -9999, -9999, -9999, -9999, -9999, -9999, -9999, -9999, -9999, -9999, -9999, -9999, -9999, -9999, -9999, -9999, -9999, -9999, -9999, -9999, -9999, -9999, -9999, -9999, -9999, -9999, -9999, -9999, -9999, -9999, -9999, -9999, -9999, -9999, -9999, -9999, -9999, -9999, -9999, -9999, 5, -9999, -9999, -9999, -9999, -9999, -9999, -9999, -9999, -9999, -9999, -9999, 71, -9999, -9999, -9999, -9999, -9999, -9999, 49, -9999, -9999, -9999, -9999, -9999, -9999, -9999, -9999, -9999, -9999, -9999, 1, 1, 1, 1, 1],
[-9999, -9999, -9999, -9999, -9999, -9999, -9999, 57, -9999, -9999, -9999, -9999, -9999, -9999, -9999, -9999, -9999, -9999, 9, -9999, -9999, -9999, 96, -9999, -9999, -9999, -9999, 99, -9999, 97, -9999, -9999, 21, 67, -9999, -9999, -9999, -9999, -9999, -9999, -9999, -9999, -9999, -9999, -9999, -9999, -9999, -9999, -9999, -9999, 90, -9999, -9999, -9999, 19, 22, -9999, -9999, -9999, 94, -9999, -9999, -9999, -9999, -9999, -9999, -9999, 90, -9999, -9999, -9999, 62, -9999, -9999, -9999, -9999, -9999, -9999, -9999, -9999, -9999, -9999, -9999, -9999, -9999, -9999, 25, -9999, -9999, -9999, -9999, 12, 18, -9999, -9999, -9999, -9999, -9999, -9999, 76, 1, 1, 1, 1, 1],
[-9999, -9999, -9999, -9999, -9999, 6, -9999, -9999, 81, -9999, 37, 76, -9999, 18, -9999, -9999, 33, -9999, 48, 65, -9999, 12, 88, -9999, -9999, -9999, -9999, -9999, 88, 100, 77, 11, 5, 15, 56, 47, -9999, -9999, -9999, -9999, -9999, 46, 74, 59, -9999, 51, 77, -9999, 14, 69, 25, -9999, -9999, 93, 61, 73, 36, 39, 55, -9999, -9999, -9999, 19, 87, -9999, -9999, 42, 40, -9999, -9999, -9999, 58, 29, 35, 48, 3, 47, -9999, -9999, 67, 92, -9999, 19, 45, -9999, -9999, 99, -9999, 36, 28, -9999, -9999, 26, -9999, 41, -9999, 78, 12, 29, -9999, 1, 1, 1, 1, 1],
[-9999, -9999, -9999, -9999, -9999, -9999, -9999, 13, -9999, -9999, -9999, -9999, -9999, -9999, -9999, -9999, -9999, 5, -9999, -9999, -9999, -9999, -9999, -9999, -9999, -9999, -9999, -9999, -9999, 90, -9999, -9999, -9999, 71, -9999, -9999, 58, -9999, -9999, -9999, -9999, -9999, -9999, -9999, -9999, -9999, -9999, -9999, -9999, -9999, 17, -9999, -9999, -9999, 57, 58, -9999, -9999, -9999, 19, -9999, -9999, -9999, -9999, -9999, -9999, -9999, 93, -9999, -9999, -9999, 21, -9999, -9999, -9999, -9999, -9999, -9999, -9999, -9999, -9999, -9999, 2, -9999, -9999, -9999, 72, -9999, 38, -9999, -9999, -9999, 72, -9999, -9999, -9999, -9999, -9999, -9999, 49, 1, 1, 1, 1, 1],
[-9999, -9999, -9999, -9999, -9999, 80, 78, -9999, 72, -9999, -9999, 10, 6, -9999, -9999, -9999, -9999, 33, 23, 92, -9999, 27, -9999, -9999, -9999, -9999, -9999, 81, 84, 69, 70, -9999, 68, 97, 61, -9999, -9999, -9999, -9999, 90, -9999, 52, -9999, -9999, -9999, 19, -9999, -9999, 63, -9999, 13, -9999, 15, -9999, 39, 81, 32, 38, -9999, -9999, -9999, -9999, 57, -9999, -9999, 95, 54, 39, -9999, 10, -9999, 79, 23, 31, -9999, 14, 20, -9999, -9999, 26, 83, 98, 14, -9999, -9999, -9999, 38, -9999, -9999, -9999, -9999, -9999, -9999, -9999, 31, -9999, -9999, -9999, -9999, 78, 1, 1, 1, 1, 1],
[-9999, -9999, -9999, -9999, -9999, -9999, -9999, -9999, -9999, -9999, -9999, -9999, -9999, -9999, -9999, -9999, -9999, 93, 61, -9999, -9999, -9999, 83, -9999, -9999, -9999, -9999, 6, -9999, 44, -9999, -9999, 46, 4, -9999, -9999, 94, -9999, -9999, -9999, -9999, -9999, -9999, -9999, -9999, -9999, -9999, -9999, -9999, -9999, 99, -9999, -9999, -9999, 4, 85, -9999, -9999, -9999, 38, -9999, -9999, -9999, 66, -9999, -9999, -9999, -9999, -9999, -9999, -9999, 46, -9999, -9999, -9999, -9999, -9999, -9999, -9999, -9999, -9999, -9999, -9999, -9999, -9999, -9999, 23, -9999, 27, -9999, -9999, -9999, -9999, -9999, -9999, -9999, -9999, -9999, 82, -9999, 1, 1, 1, 1, 1],
[-9999, -9999, -9999, -9999, -9999, -9999, -9999, -9999, -9999, -9999, -9999, -9999, -9999, -9999, -9999, -9999, -9999, -9999, -9999, -9999, -9999, -9999, 71, -9999, -9999, -9999, -9999, -9999, -9999, 31, -9999, -9999, -9999, 33, -9999, -9999, -9999, -9999, -9999, -9999, -9999, -9999, -9999, -9999, -9999, -9999, -9999, -9999, -9999, -9999, 41, -9999, -9999, -9999, 71, 100, -9999, -9999, -9999, -9999, -9999, -9999, -9999, -9999, -9999, -9999, -9999, 92, -9999, -9999, -9999, 79, -9999, -9999, -9999, -9999, -9999, -9999, -9999, -9999, -9999, -9999, -9999, -9999, -9999, -9999, 87, -9999, 47, -9999, -9999, -9999, 40, -9999, -9999, -9999, -9999, -9999, -9999, -9999, 1, 1, 1, 1, 1],
[-9999, -9999, -9999, -9999, -9999, 50, -9999, 45, 23, -9999, -9999, 37, -9999, -9999, -9999, 86, -9999, -9999, 33, 26, 39, 92, -9999, -9999, -9999, 10, -9999, 89, -9999, 76, 42, 97, 26, 37, -9999, -9999, -9999, -9999, -9999, -9999, -9999, -9999, -9999, 26, -9999, 6, 71, 99, -9999, 12, 16, -9999, 41, -9999, 95, 48, 12, 95, 66, 80, -9999, -9999, 83, -9999, -9999, 1, -9999, 28, -9999, 53, -9999, 79, 4, 53, 62, 54, 34, -9999, -9999, -9999, -9999, 72, -9999, 75, -9999, 35, 7, -9999, -9999, 38, -9999, -9999, -9999, -9999, 25, 83, -9999, 48, 10, 83, 1, 1, 1, 1, 1],
[-9999, -9999, -9999, -9999, -9999, -9999, -9999, -9999, -9999, -9999, -9999, -9999, -9999, -9999, -9999, -9999, -9999, -9999, -9999, -9999, -9999, -9999, -9999, -9999, -9999, -9999, -9999, -9999, -9999, -9999, -9999, -9999, -9999, -9999, -9999, -9999, -9999, -9999, -9999, -9999, -9999, -9999, -9999, -9999, -9999, -9999, -9999, -9999, -9999, -9999, -9999, -9999, -9999, -9999, -9999, -9999, -9999, -9999, -9999, -9999, -9999, -9999, -9999, -9999, -9999, -9999, -9999, -9999, -9999, 6, -9999, -9999, -9999, -9999, -9999, -9999, -9999, -9999, -9999, -9999, -9999, 8, -9999, -9999, -9999, -9999, -9999, -9999, 7, -9999, -9999, -9999, -9999, -9999, -9999, -9999, -9999, -9999, -9999, -9999, 1, 1, 1, 1, 1],
[-9999, -9999, -9999, -9999, -9999, -9999, -9999, -9999, -9999, 30, -9999, 81, -9999, -9999, -9999, -9999, 31, 59, -9999, 8, -9999, 96, -9999, -9999, -9999, -9999, -9999, 19, -9999, 7, 42, -9999, 33, 6, -9999, -9999, -9999, -9999, -9999, -9999, 41, 3, -9999, -9999, -9999, 50, -9999, 2, 39, -9999, 89, -9999, -9999, -9999, 22, 25, 84, -9999, -9999, 8, -9999, -9999, -9999, -9999, -9999, 38, 22, 16, -9999, 82, -9999, 91, 4, 95, 79, -9999, 4, -9999, -9999, 89, 77, -9999, 100, 15, 38, 60, 71, -9999, -9999, -9999, -9999, -9999, -9999, -9999, 68, 6, -9999, -9999, -9999, -9999, 1, 1, 1, 1, 1],
[-9999, -9999, -9999, -9999, -9999, -9999, -9999, 95, -9999, -9999, -9999, -9999, -9999, -9999, -9999, -9999, -9999, -9999, 20, -9999, -9999, -9999, -9999, -9999, -9999, -9999, -9999, 38, -9999, 53, -9999, -9999, 52, 78, -9999, -9999, 70, -9999, -9999, -9999, -9999, -9999, -9999, -9999, -9999, -9999, -9999, -9999, -9999, -9999, 62, -9999, -9999, -9999, 6, 86, -9999, -9999, -9999, 95, -9999, -9999, -9999, 29, -9999, -9999, -9999, 96, -9999, -9999, -9999, 14, -9999, -9999, -9999, -9999, -9999, -9999, -9999, -9999, -9999, -9999, 28, -9999, -9999, -9999, 53, -9999, -9999, -9999, -9999, -9999, -9999, -9999, -9999, 75, -9999, -9999, 100, 71, 1, 1, 1, 1, 1],
[-9999, -9999, -9999, -9999, -9999, -9999, -9999, 38, -9999, -9999, 23, -9999, -9999, -9999, -9999, -9999, -9999, 3, -9999, -9999, 49, -9999, 100, -9999, -9999, 2, -9999, -9999, -9999, 5, -9999, 33, -9999, 33, -9999, -9999, 80, -9999, -9999, -9999, -9999, -9999, -9999, -9999, -9999, -9999, -9999, -9999, -9999, -9999, 1, 83, -9999, -9999, 93, 46, -9999, -9999, -9999, 82, -9999, -9999, -9999, 88, -9999, -9999, -9999, 49, -9999, -9999, -9999, 56, -9999, -9999, -9999, -9999, -9999, -9999, 12, -9999, -9999, -9999, -9999, -9999, -9999, -9999, 5, 60, 49, 51, -9999, -9999, 29, -9999, -9999, 37, 33, -9999, 49, 74, 1, 1, 1, 1, 1],
[-9999, -9999, -9999, -9999, -9999, 31, 99, 99, 12, -9999, -9999, -9999, -9999, -9999, -9999, -9999, 67, 62, 14, -9999, -9999, 81, -9999, -9999, -9999, -9999, -9999, 11, -9999, 15, 79, -9999, 51, -9999, -9999, -9999, -9999, -9999, -9999, -9999, 7, -9999, -9999, 81, -9999, 56, 79, 78, 24, -9999, 39, -9999, 72, 35, 56, 65, 92, 3, -9999, -9999, -9999, -9999, 73, 89, -9999, -9999, -9999, 49, -9999, 86, -9999, -9999, -9999, 73, 88, -9999, 85, -9999, -9999, 78, 79, -9999, 47, -9999, -9999, -9999, 16, -9999, 39, -9999, -9999, -9999, 34, -9999, 81, 8, -9999, -9999, 72, 8, 1, 1, 1, 1, 1],
[-9999, -9999, -9999, -9999, -9999, -9999, -9999, -9999, 27, -9999, -9999, -9999, 21, 60, -9999, -9999, -9999, 39, 61, 28, -9999, 81, -9999, -9999, -9999, -9999, -9999, 92, 60, 20, 57, -9999, 98, 87, 85, -9999, 53, -9999, -9999, -9999, -9999, 67, -9999, -9999, -9999, 33, 28, 21, -9999, -9999, 15, -9999, 22, 99, 23, 95, 61, 9, -9999, -9999, -9999, -9999, 74, 79, -9999, -9999, 12, 4, -9999, -9999, -9999, 57, -9999, 35, -9999, 71, -9999, -9999, -9999, -9999, 37, -9999, -9999, 17, -9999, -9999, 44, -9999, -9999, -9999, -9999, -9999, 70, -9999, 57, 21, -9999, -9999, 99, -9999, 1, 1, 1, 1, 1],
[-9999, -9999, -9999, -9999, -9999, -9999, 97, -9999, -9999, -9999, -9999, -9999, -9999, -9999, -9999, -9999, -9999, -9999, -9999, -9999, -9999, -9999, -9999, -9999, -9999, -9999, -9999, -9999, -9999, -9999, -9999, -9999, -9999, -9999, -9999, -9999, -9999, -9999, -9999, -9999, -9999, -9999, -9999, -9999, -9999, -9999, 44, -9999, -9999, -9999, -9999, -9999, -9999, -9999, -9999, -9999, -9999, -9999, -9999, -9999, -9999, -9999, -9999, -9999, -9999, -9999, -9999, -9999, -9999, 76, -9999, -9999, -9999, -9999, -9999, -9999, -9999, -9999, -9999, -9999, -9999, 93, -9999, -9999, -9999, -9999, -9999, -9999, -9999, -9999, -9999, -9999, -9999, -9999, -9999, -9999, -9999, -9999, -9999, -9999, 1, 1, 1, 1, 1],
[-9999, -9999, -9999, -9999, -9999, -9999, -9999, -9999, -9999, -9999, -9999, -9999, -9999, 35, -9999, -9999, -9999, -9999, -9999, -9999, -9999, -9999, -9999, -9999, -9999, -9999, -9999, -9999, -9999, -9999, -9999, -9999, -9999, -9999, -9999, -9999, -9999, -9999, -9999, -9999, -9999, -9999, -9999, -9999, -9999, -9999, 30, -9999, -9999, -9999, -9999, -9999, -9999, -9999, -9999, -9999, -9999, -9999, -9999, -9999, -9999, -9999, -9999, -9999, -9999, -9999, -9999, -9999, -9999, -9999, -9999, -9999, -9999, -9999, -9999, -9999, -9999, -9999, -9999, -9999, -9999, 2, -9999, -9999, -9999, -9999, -9999, -9999, 13, -9999, -9999, -9999, -9999, -9999, -9999, -9999, -9999, -9999, -9999, -9999, 1, 1, 1, 1, 1],
[-9999, -9999, -9999, -9999, -9999, 29, -9999, 56, -9999, -9999, -9999, -9999, 89, 69, -9999, -9999, 73, -9999, -9999, 23, -9999, 63, 38, -9999, -9999, -9999, -9999, 11, 83, 14, 67, -9999, 85, -9999, -9999, -9999, 81, -9999, -9999, -9999, -9999, -9999, -9999, 6, -9999, 18, 9, 81, 7, -9999, 20, -9999, -9999, 61, 10, 53, 45, 89, -9999, -9999, -9999, -9999, -9999, 61, -9999, -9999, 4, 48, -9999, -9999, -9999, 51, 42, 99, 39, -9999, 25, -9999, -9999, -9999, 47, 15, 68, -9999, -9999, 97, 20, -9999, -9999, -9999, 32, -9999, 18, -9999, -9999, 61, -9999, -9999, 58, -9999, 1, 1, 1, 1, 1],
[-9999, -9999, -9999, -9999, -9999, 42, -9999, -9999, 85, 87, -9999, -9999, 99, 30, -9999, -9999, -9999, -9999, 67, -9999, -9999, 89, -9999, -9999, -9999, -9999, -9999, 74, 31, 43, 38, -9999, 99, -9999, -9999, -9999, -9999, -9999, -9999, 65, 100, 84, -9999, 36, -9999, 68, -9999, 20, -9999, -9999, 4, -9999, -9999, 45, 73, 55, -9999, -9999, -9999, -9999, -9999, -9999, -9999, 97, -9999, -9999, 46, 57, -9999, 81, -9999, 18, -9999, 61, 31, -9999, -9999, -9999, -9999, 10, 66, 79, -9999, 97, -9999, 73, 84, -9999, 28, -9999, -9999, -9999, 98, -9999, 95, -9999, -9999, -9999, 38, -9999, 1, 1, 1, 1, 1],
[-9999, -9999, -9999, -9999, -9999, 76, 97, -9999, 76, -9999, 34, -9999, 64, -9999, -9999, 37, 69, 10, -9999, 64, -9999, 94, 67, -9999, 60, -9999, -9999, 28, 15, 20, 19, 66, 27, 80, 32, -9999, -9999, -9999, -9999, -9999, -9999, -9999, -9999, 2, -9999, 98, 92, -9999, 36, 15, 93, 15, 47, 8, 97, 24, -9999, -9999, 83, 71, -9999, -9999, -9999, -9999, -9999, -9999, 42, -9999, -9999, 75, -9999, 9, -9999, 30, -9999, -9999, -9999, -9999, -9999, 37, 86, 89, 20, -9999, -9999, 15, 88, -9999, -9999, 28, -9999, -9999, 28, -9999, 42, 37, 9, 88, 72, -9999, 1, 1, 1, 1, 1],
[-9999, -9999, -9999, -9999, -9999, -9999, -9999, 2, -9999, 31, 64, -9999, -9999, -9999, 16, -9999, -9999, -9999, 42, -9999, 14, -9999, 30, -9999, -9999, -9999, -9999, 22, -9999, 13, -9999, 61, 100, 84, -9999, -9999, 66, -9999, -9999, -9999, -9999, -9999, -9999, -9999, -9999, -9999, -9999, -9999, -9999, -9999, 32, 10, -9999, -9999, 7, 67, -9999, -9999, -9999, 89, -9999, -9999, -9999, -9999, -9999, -9999, -9999, -9999, -9999, -9999, -9999, 30, -9999, -9999, -9999, -9999, -9999, -9999, -9999, -9999, -9999, -9999, 14, -9999, -9999, -9999, 56, -9999, 20, -9999, -9999, -9999, 10, -9999, -9999, 48, 77, -9999, -9999, 83, 1, 1, 1, 1, 1],
[-9999, -9999, -9999, -9999, -9999, -9999, -9999, -9999, -9999, -9999, -9999, -9999, -9999, -9999, -9999, -9999, -9999, 18, -9999, -9999, -9999, -9999, 87, -9999, -9999, -9999, -9999, -9999, -9999, 38, -9999, -9999, 28, -9999, -9999, -9999, 77, -9999, -9999, -9999, -9999, -9999, -9999, -9999, -9999, -9999, -9999, -9999, -9999, -9999, 5, -9999, -9999, -9999, 49, -9999, -9999, -9999, -9999, 13, -9999, -9999, -9999, 99, -9999, -9999, -9999, -9999, -9999, -9999, -9999, 88, -9999, -9999, -9999, -9999, -9999, -9999, -9999, -9999, -9999, -9999, 46, -9999, -9999, -9999, 46, -9999, 99, -9999, -9999, -9999, 15, -9999, -9999, 97, -9999, -9999, 96, 37, 1, 1, 1, 1, 1],
[-9999, -9999, -9999, -9999, -9999, -9999, -9999, -9999, -9999, -9999, -9999, -9999, -9999, -9999, -9999, -9999, -9999, -9999, 12, -9999, -9999, -9999, -9999, -9999, -9999, -9999, -9999, -9999, -9999, -9999, -9999, -9999, -9999, -9999, -9999, -9999, -9999, -9999, -9999, -9999, -9999, -9999, -9999, -9999, -9999, -9999, 13, -9999, -9999, -9999, -9999, -9999, -9999, -9999, -9999, -9999, -9999, -9999, -9999, -9999, -9999, -9999, -9999, -9999, -9999, -9999, -9999, -9999, -9999, 55, -9999, -9999, -9999, -9999, -9999, -9999, -9999, -9999, -9999, -9999, -9999, 4, -9999, -9999, -9999, -9999, -9999, -9999, 40, -9999, -9999, -9999, -9999, -9999, -9999, -9999, -9999, -9999, -9999, -9999, 1, 1, 1, 1, 1],
[-9999, -9999, -9999, -9999, -9999, -9999, -9999, -9999, 13, -9999, -9999, -9999, -9999, -9999, 54, -9999, 30, 54, 25, -9999, -9999, 50, 4, -9999, 57, -9999, -9999, 62, 14, 75, -9999, -9999, 87, 50, 70, -9999, 61, -9999, -9999, 55, 8, 13, -9999, 49, -9999, 41, -9999, 34, 42, -9999, 73, -9999, -9999, -9999, 88, 85, -9999, 20, -9999, 96, -9999, -9999, -9999, 23, -9999, 95, 54, 50, -9999, -9999, -9999, 10, 44, 24, 95, -9999, 12, -9999, -9999, 44, 38, -9999, -9999, 24, -9999, 19, 42, -9999, 51, -9999, -9999, -9999, -9999, -9999, 55, 67, -9999, -9999, 23, 47, 1, 1, 1, 1, 1],
[-9999, -9999, -9999, -9999, -9999, -9999, -9999, 2, -9999, -9999, -9999, -9999, -9999, -9999, -9999, -9999, -9999, -9999, 3, -9999, -9999, -9999, -9999, -9999, -9999, -9999, -9999, -9999, -9999, 79, -9999, -9999, 35, 53, -9999, -9999, -9999, -9999, -9999, -9999, -9999, -9999, -9999, -9999, -9999, -9999, -9999, -9999, -9999, -9999, 71, -9999, -9999, -9999, 46, 2, -9999, -9999, -9999, 28, -9999, -9999, -9999, 60, -9999, -9999, -9999, -9999, -9999, -9999, -9999, 8, -9999, -9999, -9999, -9999, -9999, -9999, -9999, -9999, -9999, -9999, -9999, -9999, -9999, -9999, 55, -9999, -9999, -9999, -9999, -9999, -9999, -9999, -9999, -9999, -9999, -9999, -9999, 35, 1, 1, 1, 1, 1],
[-9999, -9999, -9999, -9999, -9999, -9999, -9999, -9999, -9999, -9999, -9999, -9999, -9999, -9999, -9999, -9999, -9999, -9999, -9999, -9999, -9999, -9999, -9999, -9999, -9999, -9999, -9999, -9999, -9999, -9999, -9999, -9999, -9999, -9999, -9999, -9999, -9999, -9999, -9999, -9999, -9999, -9999, 44, -9999, -9999, -9999, 40, -9999, -9999, -9999, -9999, -9999, -9999, -9999, -9999, -9999, -9999, -9999, -9999, -9999, -9999, -9999, -9999, -9999, -9999, -9999, -9999, -9999, -9999, 66, -9999, -9999, -9999, -9999, -9999, -9999, -9999, -9999, -9999, -9999, -9999, 88, -9999, -9999, -9999, -9999, -9999, -9999, -9999, -9999, -9999, -9999, -9999, -9999, -9999, -9999, -9999, -9999, -9999, -9999, 1, 1, 1, 1, 1],
[-9999, -9999, -9999, -9999, -9999, -9999, -9999, -9999, 57, -9999, -9999, 35, -9999, 39, -9999, -9999, -9999, 47, -9999, 53, -9999, 86, 34, -9999, -9999, -9999, -9999, -9999, -9999, 39, 100, -9999, 74, 72, 37, -9999, 16, -9999, -9999, -9999, -9999, -9999, -9999, 30, -9999, 65, -9999, 1, 2, -9999, 36, -9999, 95, 96, 43, 27, -9999, 69, -9999, 86, -9999, -9999, -9999, -9999, -9999, 46, 36, -9999, 91, 84, -9999, 47, 15, 50, 63, -9999, 60, -9999, -9999, -9999, 68, 81, -9999, 3, -9999, -9999, 83, -9999, 22, -9999, -9999, -9999, -9999, -9999, 52, -9999, -9999, -9999, 75, 100, 1, 1, 1, 1, 1],
[-9999, -9999, -9999, -9999, -9999, 32, -9999, -9999, -9999, -9999, -9999, 76, 62, -9999, -9999, -9999, 71, 54, 95, -9999, -9999, 94, 84, -9999, 98, 57, -9999, 98, 88, 94, 43, -9999, -9999, 9, 40, -9999, 17, -9999, -9999, -9999, -9999, -9999, -9999, 73, -9999, 55, 17, 18, -9999, -9999, 64, -9999, 100, 23, -9999, 74, 28, 47, -9999, -9999, -9999, 89, -9999, 25, -9999, -9999, 26, -9999, -9999, -9999, -9999, 82, 19, 41, -9999, 98, 53, -9999, -9999, -9999, 3, 76, -9999, 44, -9999, -9999, 76, -9999, -9999, -9999, 8, -9999, -9999, -9999, -9999, 36, -9999, -9999, 78, 76, 1, 1, 1, 1, 1],
[-9999, -9999, -9999, -9999, -9999, -9999, 92, -9999, -9999, -9999, -9999, -9999, -9999, 64, -9999, -9999, -9999, -9999, 96, -9999, -9999, -9999, -9999, -9999, -9999, -9999, -9999, -9999, -9999, -9999, -9999, -9999, -9999, -9999, -9999, -9999, -9999, -9999, -9999, -9999, -9999, -9999, -9999, -9999, -9999, -9999, 50, -9999, -9999, -9999, -9999, -9999, -9999, -9999, -9999, -9999, -9999, -9999, -9999, -9999, -9999, -9999, -9999, -9999, -9999, -9999, -9999, -9999, -9999, -9999, -9999, -9999, -9999, -9999, -9999, -9999, -9999, -9999, -9999, -9999, -9999, 72, -9999, -9999, -9999, -9999, -9999, -9999, -9999, -9999, -9999, -9999, -9999, -9999, -9999, -9999, -9999, -9999, -9999, -9999, 1, 1, 1, 1, 1],
[-9999, -9999, -9999, -9999, -9999, -9999, -9999, -9999, -9999, -9999, -9999, -9999, -9999, -9999, -9999, -9999, -9999, -9999, 5, -9999, -9999, -9999, 97, -9999, -9999, -9999, -9999, 63, -9999, 73, -9999, -9999, -9999, -9999, -9999, -9999, -9999, -9999, -9999, -9999, -9999, -9999, -9999, -9999, -9999, -9999, -9999, -9999, -9999, -9999, 96, -9999, -9999, -9999, 84, 89, -9999, -9999, -9999, 6, -9999, -9999, -9999, -9999, -9999, -9999, -9999, -9999, -9999, -9999, -9999, 21, -9999, -9999, -9999, -9999, -9999, -9999, -9999, -9999, -9999, -9999, 88, -9999, -9999, -9999, 1, -9999, -9999, -9999, -9999, -9999, -9999, -9999, -9999, 81, -9999, -9999, 76, 12, 1, 1, 1, 1, 1],
[-9999, -9999, -9999, -9999, -9999, -9999, -9999, 21, -9999, -9999, -9999, -9999, -9999, -9999, -9999, -9999, -9999, 13, 26, -9999, -9999, -9999, 71, -9999, -9999, -9999, -9999, 71, -9999, 38, -9999, -9999, -9999, -9999, -9999, -9999, 80, -9999, -9999, -9999, -9999, -9999, -9999, -9999, -9999, -9999, -9999, -9999, -9999, -9999, 69, -9999, -9999, -9999, 35, 13, -9999, -9999, -9999, 82, -9999, -9999, -9999, -9999, -9999, -9999, -9999, -9999, -9999, -9999, -9999, 78, -9999, -9999, -9999, -9999, -9999, -9999, -9999, -9999, -9999, -9999, -9999, -9999, -9999, -9999, 40, -9999, -9999, -9999, -9999, -9999, -9999, -9999, -9999, 68, -9999, -9999, -9999, -9999, 1, 1, 1, 1, 1],
[-9999, -9999, -9999, -9999, -9999, -9999, -9999, 90, -9999, -9999, -9999, -9999, -9999, -9999, 19, -9999, -9999, 41, 28, -9999, -9999, -9999, -9999, -9999, -9999, -9999, -9999, 19, -9999, 17, -9999, -9999, 55, 65, -9999, -9999, -9999, -9999, -9999, -9999, -9999, -9999, -9999, -9999, -9999, -9999, -9999, -9999, -9999, -9999, 66, -9999, -9999, -9999, 78, 34, -9999, -9999, -9999, -9999, -9999, -9999, -9999, 18, -9999, -9999, -9999, 43, -9999, -9999, -9999, 53, -9999, -9999, -9999, -9999, -9999, -9999, -9999, -9999, -9999, -9999, -9999, -9999, -9999, -9999, 23, -9999, -9999, -9999, -9999, -9999, 58, -9999, -9999, 14, -9999, -9999, -9999, -9999, 1, 1, 1, 1, 1],
[-9999, -9999, -9999, -9999, -9999, -9999, -9999, 79, -9999, -9999, -9999, -9999, -9999, -9999, -9999, -9999, -9999, -9999, -9999, -9999, -9999, -9999, -9999, -9999, -9999, -9999, -9999, -9999, -9999, 40, -9999, -9999, 60, 57, -9999, -9999, 89, -9999, -9999, -9999, -9999, -9999, -9999, -9999, -9999, -9999, -9999, -9999, -9999, -9999, 11, -9999, -9999, -9999, 47, 84, -9999, -9999, -9999, 78, -9999, -9999, -9999, 84, -9999, -9999, -9999, -9999, -9999, -9999, -9999, 79, -9999, -9999, -9999, -9999, -9999, -9999, -9999, -9999, -9999, -9999, -9999, -9999, -9999, -9999, 15, -9999, 88, -9999, -9999, -9999, 81, -9999, -9999, 33, -9999, -9999, 89, -9999, 1, 1, 1, 1, 1],
[-9999, -9999, -9999, -9999, -9999, 37, 40, 67, -9999, -9999, -9999, 10, -9999, -9999, -9999, -9999, 52, -9999, -9999, -9999, -9999, 75, 32, -9999, 7, -9999, -9999, -9999, 52, 57, 60, -9999, -9999, -9999, 24, -9999, 14, -9999, -9999, -9999, -9999, -9999, -9999, 18, -9999, 71, 72, -9999, -9999, -9999, 94, -9999, -9999, -9999, 49, 64, -9999, 92, -9999, 89, -9999, -9999, -9999, -9999, 21, 43, 26, 84, -9999, 67, -9999, 30, 15, 46, 55, 99, 45, -9999, -9999, 20, 13, 11, -9999, 1, -9999, -9999, 97, -9999, -9999, -9999, -9999, -9999, 86, -9999, -9999, -9999, -9999, -9999, -9999, -9999, 1, 1, 1, 1, 1],
[-9999, -9999, -9999, -9999, -9999, -9999, -9999, 96, -9999, -9999, -9999, -9999, -9999, -9999, -9999, -9999, -9999, 34, 14, -9999, -9999, -9999, -9999, -9999, -9999, -9999, -9999, 22, -9999, 22, -9999, -9999, -9999, 81, -9999, -9999, 26, -9999, -9999, -9999, -9999, -9999, -9999, -9999, -9999, -9999, -9999, -9999, -9999, -9999, 52, -9999, -9999, -9999, 27, 34, -9999, -9999, -9999, 17, -9999, -9999, -9999, 32, -9999, -9999, -9999, -9999, -9999, -9999, -9999, -9999, -9999, -9999, -9999, -9999, -9999, -9999, -9999, -9999, -9999, -9999, 78, -9999, -9999, -9999, 87, -9999, 34, -9999, -9999, -9999, -9999, -9999, -9999, -9999, -9999, -9999, -9999, 99, 1, 1, 1, 1, 1],
[-9999, -9999, -9999, -9999, -9999, -9999, -9999, -9999, -9999, -9999, -9999, -9999, -9999, -9999, -9999, -9999, -9999, 69, 40, -9999, -9999, -9999, -9999, -9999, -9999, -9999, -9999, 34, -9999, 41, -9999, -9999, 35, 34, -9999, -9999, -9999, -9999, -9999, -9999, -9999, -9999, -9999, -9999, -9999, -9999, -9999, -9999, -9999, -9999, 92, -9999, -9999, -9999, 32, 31, -9999, -9999, -9999, 63, -9999, -9999, -9999, 72, -9999, -9999, -9999, -9999, -9999, -9999, -9999, 19, -9999, -9999, -9999, -9999, -9999, -9999, -9999, -9999, -9999, -9999, 21, -9999, -9999, -9999, 14, -9999, 58, -9999, -9999, -9999, 99, -9999, -9999, -9999, -9999, -9999, 48, 8, 1, 1, 1, 1, 1],
[-9999, -9999, -9999, -9999, -9999, -9999, -9999, 62, -9999, -9999, -9999, -9999, -9999, -9999, 6, -9999, -9999, 46, 68, -9999, -9999, -9999, -9999, -9999, -9999, -9999, -9999, -9999, -9999, 78, -9999, -9999, 77, 7, -9999, -9999, -9999, -9999, -9999, -9999, -9999, -9999, -9999, -9999, -9999, -9999, -9999, -9999, -9999, -9999, 24, -9999, -9999, -9999, 81, 63, -9999, -9999, -9999, 48, -9999, -9999, -9999, 77, -9999, -9999, -9999, 32, -9999, -9999, -9999, 87, -9999, -9999, -9999, -9999, -9999, -9999, -9999, -9999, -9999, -9999, -9999, -9999, -9999, -9999, 89, -9999, -9999, -9999, -9999, -9999, 88, -9999, -9999, -9999, -9999, -9999, -9999, 5, 1, 1, 1, 1, 1],
[-9999, -9999, -9999, -9999, -9999, 63, -9999, -9999, 53, -9999, -9999, 90, 48, -9999, -9999, -9999, 36, 55, -9999, -9999, -9999, 87, -9999, 41, 41, -9999, -9999, 61, -9999, 66, 95, -9999, -9999, 65, 37, -9999, -9999, -9999, -9999, -9999, -9999, 62, -9999, -9999, -9999, 9, -9999, 27, 59, -9999, 66, -9999, 66, -9999, 40, 19, -9999, -9999, -9999, 88, -9999, -9999, -9999, 22, -9999, 28, 40, 53, 4, 35, -9999, 29, 39, 19, -9999, 60, -9999, -9999, -9999, -9999, 3, 62, 77, -9999, -9999, -9999, -9999, -9999, 56, -9999, -9999, -9999, 95, -9999, 61, -9999, -9999, -9999, 78, -9999, 1, 1, 1, 1, 1],
[-9999, -9999, -9999, -9999, -9999, 85, -9999, -9999, 64, -9999, 84, 1, 38, -9999, -9999, 89, -9999, 46, -9999, -9999, -9999, 57, -9999, -9999, -9999, -9999, 59, 69, 81, 64, 3, -9999, 47, 28, 48, -9999, -9999, 12, -9999, -9999, -9999, 85, -9999, -9999, -9999, 98, 87, -9999, -9999, -9999, 2, -9999, -9999, 27, 42, 96, -9999, -9999, 12, 38, -9999, -9999, -9999, -9999, -9999, -9999, 41, 6, -9999, 38, 88, 59, 80, 52, -9999, -9999, 11, -9999, -9999, -9999, 93, 6, 60, 7, -9999, 69, 94, 51, 11, 5, -9999, -9999, 22, 54, 82, -9999, -9999, 60, 39, 71, 1, 1, 1, 1, 1],
[-9999, -9999, -9999, -9999, -9999, 10, -9999, 21, -9999, 100, 97, 14, 72, -9999, -9999, 89, -9999, 25, -9999, -9999, -9999, 96, 13, -9999, -9999, -9999, -9999, -9999, -9999, 51, 76, -9999, -9999, 70, 78, 67, -9999, -9999, 37, -9999, -9999, 71, -9999, -9999, -9999, 60, 48, 20, 16, 65, 13, -9999, -9999, -9999, 4, 42, 33, 46, 24, 68, -9999, -9999, 26, -9999, -9999, 72, 19, -9999, -9999, 61, -9999, 69, -9999, 49, -9999, -9999, 28, -9999, 67, 4, 93, -9999, 47, 81, -9999, 70, 36, -9999, 76, -9999, 86, -9999, 44, 18, 45, -9999, 89, -9999, 26, 94, 1, 1, 1, 1, 1],
[-9999, -9999, -9999, -9999, -9999, -9999, -9999, -9999, -9999, -9999, -9999, -9999, -9999, -9999, -9999, -9999, -9999, 31, -9999, -9999, -9999, -9999, -9999, -9999, -9999, -9999, -9999, 92, -9999, 2, -9999, -9999, -9999, 54, -9999, -9999, -9999, -9999, -9999, -9999, -9999, -9999, -9999, -9999, -9999, -9999, -9999, -9999, -9999, -9999, 30, -9999, -9999, -9999, 63, 95, -9999, -9999, -9999, -9999, -9999, -9999, -9999, 71, -9999, -9999, -9999, 94, -9999, -9999, -9999, 75, -9999, -9999, -9999, -9999, -9999, -9999, -9999, -9999, -9999, -9999, 22, -9999, -9999, -9999, 35, -9999, 51, -9999, -9999, -9999, 22, -9999, -9999, 9, -9999, -9999, -9999, 27, 1, 1, 1, 1, 1],
[-9999, -9999, -9999, -9999, -9999, -9999, -9999, 21, -9999, 98, -9999, -9999, -9999, -9999, -9999, -9999, -9999, 40, -9999, -9999, -9999, -9999, 35, -9999, -9999, -9999, -9999, -9999, -9999, 42, -9999, -9999, -9999, 72, -9999, -9999, -9999, -9999, -9999, -9999, -9999, -9999, -9999, -9999, -9999, -9999, -9999, -9999, -9999, -9999, 53, -9999, -9999, -9999, 42, 63, -9999, -9999, -9999, 16, -9999, -9999, -9999, 49, -9999, -9999, -9999, -9999, -9999, -9999, -9999, 52, -9999, -9999, -9999, -9999, -9999, -9999, -9999, -9999, -9999, -9999, 44, -9999, -9999, -9999, 52, -9999, -9999, -9999, -9999, -9999, -9999, -9999, -9999, -9999, -9999, -9999, 63, -9999, 1, 1, 1, 1, 1],
[-9999, -9999, -9999, -9999, -9999, -9999, -9999, -9999, -9999, -9999, -9999, -9999, -9999, -9999, -9999, -9999, -9999, -9999, -9999, -9999, -9999, -9999, -9999, -9999, -9999, -9999, -9999, -9999, -9999, -9999, -9999, -9999, -9999, -9999, -9999, -9999, -9999, -9999, -9999, -9999, -9999, -9999, -9999, -9999, -9999, -9999, -9999, -9999, -9999, -9999, -9999, -9999, -9999, -9999, -9999, -9999, -9999, -9999, -9999, -9999, -9999, -9999, -9999, -9999, -9999, -9999, -9999, -9999, -9999, -9999, -9999, -9999, -9999, -9999, -9999, -9999, -9999, -9999, -9999, -9999, -9999, -9999, -9999, -9999, -9999, -9999, -9999, -9999, -9999, -9999, -9999, -9999, -9999, -9999, -9999, -9999, -9999, -9999, -9999, -9999, -9999, -9999, -9999, -9999, -9999],
[-9999, -9999, -9999, -9999, -9999, -9999, -9999, -9999, -9999, -9999, -9999, -9999, -9999, -9999, -9999, -9999, -9999, -9999, -9999, -9999, -9999, -9999, -9999, -9999, -9999, -9999, -9999, -9999, -9999, -9999, -9999, -9999, -9999, -9999, -9999, -9999, -9999, -9999, -9999, -9999, -9999, -9999, -9999, -9999, -9999, -9999, -9999, -9999, -9999, -9999, -9999, -9999, -9999, -9999, -9999, -9999, -9999, -9999, -9999, -9999, -9999, -9999, -9999, -9999, -9999, -9999, -9999, -9999, -9999, -9999, -9999, -9999, -9999, -9999, -9999, -9999, -9999, -9999, -9999, -9999, -9999, -9999, -9999, -9999, -9999, -9999, -9999, -9999, -9999, -9999, -9999, -9999, -9999, -9999, -9999, -9999, -9999, -9999, -9999, -9999, -9999, -9999, -9999, -9999, -9999],
[-9999, -9999, -9999, -9999, -9999, -9999, -9999, -9999, -9999, -9999, -9999, -9999, -9999, -9999, -9999, -9999, -9999, -9999, -9999, -9999, -9999, -9999, -9999, -9999, -9999, -9999, -9999, -9999, -9999, -9999, -9999, -9999, -9999, -9999, -9999, -9999, -9999, -9999, -9999, -9999, -9999, -9999, -9999, -9999, -9999, -9999, -9999, -9999, -9999, -9999, -9999, -9999, -9999, -9999, -9999, -9999, -9999, -9999, -9999, -9999, -9999, -9999, -9999, -9999, -9999, -9999, -9999, -9999, -9999, -9999, -9999, -9999, -9999, -9999, -9999, -9999, -9999, -9999, -9999, -9999, -9999, -9999, -9999, -9999, -9999, -9999, -9999, -9999, -9999, -9999, -9999, -9999, -9999, -9999, -9999, -9999, -9999, -9999, -9999, -9999, -9999, -9999, -9999, -9999, -9999],
[-9999, -9999, -9999, -9999, -9999, -9999, -9999, -9999, -9999, -9999, -9999, -9999, -9999, -9999, -9999, -9999, -9999, -9999, -9999, -9999, -9999, -9999, -9999, -9999, -9999, -9999, -9999, -9999, -9999, -9999, -9999, -9999, -9999, -9999, -9999, -9999, -9999, -9999, -9999, -9999, -9999, -9999, -9999, -9999, -9999, -9999, -9999, -9999, -9999, -9999, -9999, -9999, -9999, -9999, -9999, -9999, -9999, -9999, -9999, -9999, -9999, -9999, -9999, -9999, -9999, -9999, -9999, -9999, -9999, -9999, -9999, -9999, -9999, -9999, -9999, -9999, -9999, -9999, -9999, -9999, -9999, -9999, -9999, -9999, -9999, -9999, -9999, -9999, -9999, -9999, -9999, -9999, -9999, -9999, -9999, -9999, -9999, -9999, -9999, -9999, -9999, -9999, -9999, -9999, -9999],
[-9999, -9999, -9999, -9999, -9999, -9999, -9999, -9999, -9999, -9999, -9999, -9999, -9999, -9999, -9999, -9999, -9999, -9999, -9999, -9999, -9999, -9999, -9999, -9999, -9999, -9999, -9999, -9999, -9999, -9999, -9999, -9999, -9999, -9999, -9999, -9999, -9999, -9999, -9999, -9999, -9999, -9999, -9999, -9999, -9999, -9999, -9999, -9999, -9999, -9999, -9999, -9999, -9999, -9999, -9999, -9999, -9999, -9999, -9999, -9999, -9999, -9999, -9999, -9999, -9999, -9999, -9999, -9999, -9999, -9999, -9999, -9999, -9999, -9999, -9999, -9999, -9999, -9999, -9999, -9999, -9999, -9999, -9999, -9999, -9999, -9999, -9999, -9999, -9999, -9999, -9999, -9999, -9999, -9999, -9999, -9999, -9999, -9999, -9999, -9999, -9999, -9999, -9999, -9999, -9999]
];
