NbNodes = 105;
NbNDDs = 5;
NbPairs = 95;
NbTerminals = 5;
K = 0;
L = 97;
Wt = [
[-9999, -9999, -9999, -9999, -9999, -9999, -9999, -9999, -9999, -9999, -9999, -9999, -9999, -9999, -9999, -9999, -9999, -9999, -9999, 58, -9999, -9999, -9999, -9999, -9999, -9999, -9999, -9999, -9999, -9999, -9999, -9999, -9999, 69, -9999, -9999, 98, -9999, -9999, 61, -9999, -9999, -9999, -9999, -9999, -9999, -9999, -9999, -9999, -9999, 14, -9999, -9999, -9999, -9999, -9999, -9999, -9999, 10, -9999, 83, -9999, -9999, -9999, -9999, -9999, -9999, 94, -9999, 73, -9999, 81, -9999, -9999, 82, -9999, -9999, -9999, -9999, -9999, -9999, -9999, -9999, -9999, -9999, 25, -9999, -9999, -9999, 13, -9999, -9999, -9999, -9999, -9999, -9999, -9999, -9999, -9999, -9999, 1, 1, 1, 1, 1],
[-9999, -9999, -9999, -9999, -9999, 55, -9999, -9999, -9999, -9999, -9999, 26, -9999, 46, -9999, -9999, 47, 73, -9999, 23, 35, 50, -9999, -9999, 95, -9999, -9999, 19, 35, -9999, -9999, -9999, -9999, 17, -9999, 78, -9999, 100, -9999, 78, 47, -9999, -9999, 1, -9999, -9999, 49, -9999, -9999, 76, 77, 83, -9999, -9999, -9999, -9999, -9999, -9999, -9999, -9999, 11, -9999, -9999, 62, 79, 97, -9999, 21, -9999, 57, -9999, 78, -9999, -9999, 85, -9999, -9999, 55, 10, -9999, 58, 20, 1, -9999, -9999, 22, -9999, -9999, 6, 73, 31, 19, -9999, 35, -9999, -9999, -9999, -9999, 73, -9999, 1, 1, 1, 1, 1],
[-9999, -9999, -9999, -9999, -9999, -9999, 8, -9999, 19, -9999, -9999, 77, -9999, 87, -9999, 29, 50, 71, -9999, 28, 49, 86, -9999, 29, -9999, -9999, -9999, 74, 18, -9999, -9999, -9999, -9999, 22, -9999, 14, 58, 54, 81, 57, -9999, -9999, -9999, 32, -9999, -9999, 37, -9999, -9999, 85, -9999, -9999, -9999, -9999, -9999, -9999, -9999, 71, -9999, -9999, -9999, -9999, -9999, 60, 52, 48, -9999, 20, -9999, 28, -9999, -9999, -9999, -9999, 72, 40, -9999, 68, 95, -9999, 25, 41, 15, -9999, 43, -9999, -9999, -9999, -9999, 66, -9999, -9999, -9999, 35, 54, -9999, -9999, -9999, 91, 96, 1, 1, 1, 1, 1],
[-9999, -9999, -9999, -9999, -9999, -9999, -9999, -9999, -9999, -9999, -9999, 96, -9999, 26, -9999, -9999, -9999, -9999, -9999, -9999, -9999, -9999, -9999, -9999, 57, -9999, -9999, -9999, -9999, -9999, -9999, -9999, -9999, -9999, -9999, -9999, -9999, -9999, 2, -9999, -9999, -9999, -9999, 54, -9999, -9999, -9999, -9999, -9999, -9999, -9999, -9999, -9999, -9999, -9999, -9999, -9999, -9999, -9999, -9999, -9999, -9999, -9999, -9999, -9999, -9999, -9999, -9999, -9999, -9999, -9999, -9999, -9999, -9999, -9999, -9999, -9999, -9999, -9999, -9999, -9999, -9999, -9999, -9999, -9999, -9999, -9999, -9999, -9999, -9999, -9999, -9999, -9999, -9999, -9999, -9999, -9999, -9999, -9999, -9999, 1, 1, 1, 1, 1],
[-9999, -9999, -9999, -9999, -9999, -9999, -9999, -9999, 42, -9999, -9999, 27, -9999, 20, -9999, 95, 28, 61, 33, 11, 71, -9999, -9999, -9999, -9999, 54, -9999, 96, -9999, -9999, -9999, -9999, 19, 3, -9999, -9999, 95, 13, -9999, 81, -9999, 64, -9999, 27, -9999, -9999, -9999, -9999, -9999, 38, -9999, -9999, -9999, -9999, -9999, 8, 68, -9999, 74, -9999, 27, -9999, -9999, 36, 78, -9999, -9999, 90, -9999, 32, -9999, -9999, -9999, -9999, -9999, -9999, -9999, 91, 35, -9999, -9999, -9999, 48, -9999, -9999, -9999, -9999, -9999, -9999, -9999, -9999, -9999, -9999, 41, 27, -9999, -9999, 65, -9999, 17, 1, 1, 1, 1, 1],
[-9999, -9999, -9999, -9999, -9999, -9999, -9999, -9999, -9999, -9999, -9999, -9999, -9999, -9999, -9999, -9999, -9999, -9999, -9999, 7, -9999, -9999, -9999, -9999, -9999, 2, -9999, -9999, -9999, -9999, -9999, -9999, -9999, 48, 49, -9999, 96, -9999, 50, 58, -9999, -9999, -9999, -9999, -9999, -9999, -9999, -9999, 14, -9999, 94, -9999, -9999, -9999, -9999, -9999, -9999, -9999, -9999, -9999, -9999, 81, -9999, -9999, -9999, -9999, -9999, -9999, -9999, 63, -9999, -9999, 81, -9999, 86, 77, -9999, -9999, -9999, -9999, 6, -9999, -9999, -9999, -9999, 54, -9999, -9999, -9999, -9999, -9999, -9999, -9999, -9999, -9999, -9999, -9999, -9999, -9999, -9999, 1, 1, 1, 1, 1],
[-9999, -9999, -9999, -9999, -9999, -9999, -9999, -9999, -9999, -9999, -9999, -9999, -9999, -9999, -9999, -9999, -9999, -9999, -9999, -9999, -9999, -9999, -9999, -9999, -9999, 68, -9999, -9999, -9999, -9999, -9999, -9999, -9999, 76, 93, -9999, -9999, -9999, 47, 4, -9999, -9999, -9999, -9999, -9999, 14, -9999, -9999, -9999, 17, 10, -9999, -9999, -9999, -9999, -9999, -9999, -9999, 15, -9999, 73, -9999, -9999, -9999, -9999, -9999, -9999, 43, -9999, 3, -9999, 7, 15, -9999, -9999, 96, -9999, -9999, -9999, 3, 19, -9999, -9999, -9999, -9999, -9999, -9999, -9999, -9999, 22, -9999, -9999, -9999, -9999, -9999, -9999, -9999, -9999, -9999, -9999, 1, 1, 1, 1, 1],
[-9999, -9999, -9999, -9999, -9999, -9999, -9999, -9999, -9999, -9999, -9999, 87, -9999, 94, -9999, 43, -9999, -9999, -9999, -9999, -9999, -9999, -9999, -9999, -9999, -9999, -9999, -9999, -9999, -9999, -9999, -9999, -9999, -9999, -9999, -9999, -9999, -9999, -9999, -9999, -9999, -9999, -9999, 67, -9999, -9999, -9999, -9999, -9999, -9999, -9999, -9999, -9999, -9999, -9999, -9999, -9999, -9999, -9999, -9999, -9999, -9999, -9999, -9999, -9999, -9999, -9999, -9999, -9999, -9999, -9999, -9999, -9999, -9999, -9999, -9999, -9999, -9999, -9999, -9999, -9999, -9999, -9999, -9999, -9999, -9999, -9999, -9999, -9999, -9999, -9999, -9999, -9999, -9999, -9999, -9999, -9999, -9999, -9999, -9999, 1, 1, 1, 1, 1],
[-9999, -9999, -9999, -9999, -9999, 51, 4, -9999, -9999, -9999, -9999, 76, -9999, -9999, -9999, -9999, -9999, -9999, -9999, -9999, -9999, -9999, -9999, -9999, -9999, -9999, -9999, 89, 66, -9999, -9999, -9999, -9999, 32, -9999, 43, 46, 90, -9999, 18, -9999, 88, -9999, 42, -9999, -9999, -9999, -9999, -9999, -9999, 22, 88, -9999, -9999, -9999, 24, -9999, 87, 8, -9999, 61, 11, -9999, 93, -9999, -9999, 26, -9999, -9999, 79, -9999, -9999, -9999, -9999, 81, 22, 82, 79, 79, -9999, 17, 11, -9999, -9999, -9999, 85, 54, -9999, -9999, 50, 91, 50, -9999, -9999, 42, -9999, -9999, 72, -9999, 76, 1, 1, 1, 1, 1],
[-9999, -9999, -9999, -9999, -9999, -9999, -9999, -9999, -9999, -9999, -9999, -9999, -9999, -9999, -9999, -9999, -9999, -9999, -9999, -9999, -9999, -9999, -9999, -9999, -9999, 7, -9999, -9999, -9999, -9999, -9999, -9999, -9999, 6, -9999, -9999, 46, -9999, 37, 81, -9999, -9999, -9999, -9999, -9999, -9999, -9999, -9999, -9999, 68, 92, -9999, -9999, -9999, -9999, -9999, -9999, -9999, -9999, -9999, 29, 90, -9999, -9999, -9999, -9999, -9999, 79, -9999, 9, -9999, -9999, -9999, -9999, -9999, 86, -9999, -9999, -9999, 97, 7, -9999, -9999, -9999, -9999, 43, -9999, -9999, -9999, 65, -9999, -9999, -9999, -9999, -9999, -9999, -9999, -9999, -9999, -9999, 1, 1, 1, 1, 1],
[-9999, -9999, -9999, -9999, -9999, -9999, -9999, 76, 34, -9999, -9999, 28, -9999, 2, -9999, 41, 35, 83, 26, 99, -9999, 94, -9999, -9999, 45, 14, -9999, 2, -9999, -9999, -9999, -9999, 15, 66, -9999, 33, 36, 19, 16, 33, 64, -9999, -9999, -9999, -9999, -9999, 55, -9999, -9999, 83, 45, -9999, -9999, -9999, -9999, -9999, 57, 33, 82, -9999, -9999, 79, -9999, 25, -9999, 4, -9999, 3, -9999, 10, -9999, -9999, -9999, -9999, -9999, -9999, -9999, -9999, 33, 2, -9999, -9999, 93, -9999, -9999, -9999, -9999, 31, 63, 87, 96, 72, -9999, 52, -9999, -9999, -9999, 11, -9999, -9999, 1, 1, 1, 1, 1],
[-9999, -9999, -9999, -9999, -9999, -9999, -9999, -9999, -9999, -9999, -9999, -9999, -9999, -9999, -9999, -9999, -9999, -9999, -9999, -9999, -9999, -9999, -9999, -9999, -9999, 29, -9999, -9999, -9999, -9999, -9999, -9999, -9999, 5, -9999, -9999, -9999, -9999, 18, 96, -9999, -9999, -9999, -9999, -9999, -9999, -9999, -9999, -9999, 10, 75, -9999, -9999, -9999, -9999, -9999, -9999, -9999, -9999, -9999, -9999, -9999, -9999, -9999, -9999, -9999, -9999, 82, -9999, 52, -9999, -9999, -9999, -9999, -9999, 42, -9999, -9999, -9999, 81, -9999, -9999, -9999, -9999, -9999, 75, -9999, -9999, -9999, 52, -9999, -9999, -9999, -9999, -9999, -9999, -9999, -9999, -9999, -9999, 1, 1, 1, 1, 1],
[-9999, -9999, -9999, -9999, -9999, 53, -9999, -9999, 90, 46, -9999, 66, -9999, 70, 42, 90, 35, 66, 79, 64, 16, 34, -9999, -9999, 13, -9999, -9999, 9, -9999, -9999, -9999, -9999, -9999, 6, -9999, 75, -9999, -9999, -9999, 46, 66, 72, -9999, -9999, -9999, -9999, 37, 52, -9999, 88, -9999, -9999, -9999, -9999, -9999, -9999, -9999, 96, -9999, -9999, 47, 81, -9999, 73, 9, -9999, 85, 12, -9999, 37, -9999, -9999, -9999, -9999, -9999, -9999, -9999, 90, 57, -9999, 98, 51, 40, -9999, -9999, 90, -9999, -9999, 79, 96, -9999, 22, -9999, -9999, 83, -9999, -9999, 11, -9999, 20, 1, 1, 1, 1, 1],
[-9999, -9999, -9999, -9999, -9999, -9999, -9999, 82, 44, -9999, 63, 83, -9999, -9999, 73, -9999, 90, 65, 33, -9999, 99, -9999, -9999, -9999, 77, -9999, -9999, 32, 41, -9999, -9999, -9999, -9999, 19, -9999, 72, -9999, -9999, 25, 91, -9999, 16, -9999, 60, -9999, -9999, -9999, -9999, -9999, 31, -9999, 63, -9999, -9999, -9999, -9999, -9999, 60, 38, -9999, -9999, 11, -9999, 100, 40, 35, 85, 47, -9999, 22, -9999, -9999, -9999, -9999, 24, 3, 23, 3, 30, 3, -9999, 44, 56, -9999, -9999, -9999, -9999, 61, 57, 21, 37, -9999, -9999, 87, -9999, -9999, -9999, 72, 61, 65, 1, 1, 1, 1, 1],
[-9999, -9999, -9999, -9999, -9999, -9999, -9999, -9999, -9999, -9999, -9999, 88, -9999, 1, -9999, 74, 89, 84, 45, -9999, -9999, -9999, -9999, -9999, -9999, 78, -9999, 41, 20, -9999, -9999, -9999, 83, 36, -9999, 58, -9999, 38, 1, 51, 61, 42, -9999, 8, -9999, -9999, -9999, -9999, -9999, -9999, -9999, -9999, -9999, -9999, -9999, -9999, -9999, 92, -9999, -9999, -9999, -9999, -9999, 14, 48, 21, -9999, -9999, -9999, 70, -9999, -9999, -9999, -9999, 83, 85, 39, -9999, 44, -9999, 36, -9999, 83, -9999, -9999, -9999, -9999, -9999, 11, 48, 98, -9999, -9999, 20, 39, -9999, -9999, 39, -9999, 95, 1, 1, 1, 1, 1],
[-9999, -9999, -9999, -9999, -9999, -9999, -9999, -9999, -9999, -9999, -9999, 82, -9999, 6, 59, -9999, 76, -9999, 49, -9999, -9999, 12, -9999, 66, -9999, -9999, -9999, 31, -9999, -9999, -9999, -9999, -9999, 83, -9999, -9999, -9999, 50, -9999, 95, -9999, 60, -9999, 76, -9999, -9999, 47, 84, -9999, -9999, -9999, -9999, -9999, -9999, -9999, -9999, -9999, 90, 1, -9999, -9999, 69, -9999, 74, -9999, -9999, -9999, 18, -9999, 89, -9999, -9999, -9999, -9999, 52, 31, 74, -9999, 38, 30, -9999, 68, 51, -9999, -9999, 15, -9999, -9999, 62, 14, -9999, -9999, -9999, -9999, 27, -9999, -9999, -9999, 59, 96, 1, 1, 1, 1, 1],
[-9999, -9999, -9999, -9999, -9999, 19, -9999, -9999, -9999, -9999, -9999, 85, -9999, 69, -9999, 30, -9999, -9999, -9999, 45, -9999, 32, -9999, -9999, 38, 8, -9999, 88, -9999, -9999, -9999, -9999, 100, 65, -9999, -9999, 91, 91, -9999, 39, 63, 41, -9999, 62, -9999, -9999, 29, -9999, -9999, -9999, 35, 15, -9999, -9999, -9999, -9999, -9999, 38, 18, -9999, -9999, -9999, -9999, 78, 24, 50, 50, 64, -9999, 71, -9999, 69, -9999, -9999, -9999, 24, -9999, -9999, 27, 26, 59, -9999, 56, -9999, 98, -9999, -9999, -9999, 35, -9999, 36, 84, -9999, 13, 14, -9999, -9999, 85, 88, 14, 1, 1, 1, 1, 1],
[-9999, -9999, -9999, -9999, -9999, -9999, -9999, -9999, -9999, -9999, -9999, -9999, -9999, -9999, -9999, -9999, -9999, -9999, -9999, -9999, -9999, -9999, -9999, -9999, -9999, -9999, -9999, -9999, -9999, -9999, -9999, -9999, -9999, 10, -9999, -9999, -9999, -9999, -9999, 49, -9999, -9999, -9999, -9999, -9999, -9999, -9999, -9999, -9999, 25, 60, -9999, -9999, -9999, -9999, -9999, -9999, -9999, -9999, -9999, 22, -9999, -9999, -9999, -9999, -9999, -9999, 91, -9999, 25, -9999, -9999, -9999, -9999, -9999, 31, -9999, -9999, -9999, 17, -9999, -9999, -9999, -9999, -9999, 86, -9999, -9999, -9999, 60, -9999, -9999, -9999, -9999, -9999, -9999, -9999, -9999, -9999, -9999, 1, 1, 1, 1, 1],
[-9999, -9999, -9999, -9999, -9999, 53, -9999, -9999, 17, -9999, -9999, 11, 96, 94, -9999, -9999, -9999, 87, -9999, 28, -9999, 92, -9999, -9999, -9999, 54, 17, 71, 5, -9999, -9999, -9999, 88, 34, 33, 47, 39, 5, 49, 58, -9999, -9999, -9999, 66, 31, -9999, 48, 98, 88, 41, -9999, 66, -9999, -9999, -9999, -9999, -9999, 41, 42, 20, -9999, -9999, -9999, 9, 82, -9999, -9999, -9999, -9999, 3, -9999, -9999, 20, -9999, -9999, 18, 71, 71, 84, -9999, 25, -9999, 95, -9999, -9999, 30, -9999, -9999, 99, 93, 27, 33, -9999, -9999, 54, -9999, -9999, 86, 10, 59, 1, 1, 1, 1, 1],
[-9999, -9999, -9999, -9999, -9999, 43, -9999, -9999, 88, -9999, -9999, 94, -9999, -9999, -9999, 93, -9999, 49, -9999, -9999, -9999, -9999, -9999, -9999, -9999, -9999, -9999, 76, -9999, -9999, -9999, -9999, -9999, 42, -9999, 72, 25, 60, 5, 1, 23, -9999, 89, -9999, -9999, -9999, 11, -9999, -9999, -9999, -9999, 15, -9999, -9999, -9999, -9999, -9999, -9999, 23, -9999, 87, -9999, -9999, 70, 79, 97, 16, 51, 35, 6, -9999, -9999, -9999, -9999, 31, 92, -9999, -9999, 69, -9999, 39, 6, 1, -9999, -9999, -9999, -9999, -9999, 36, 24, 89, -9999, -9999, 60, -9999, -9999, -9999, 32, -9999, 80, 1, 1, 1, 1, 1],
[-9999, -9999, -9999, -9999, -9999, -9999, -9999, -9999, -9999, -9999, -9999, -9999, -9999, -9999, -9999, -9999, -9999, -9999, -9999, 57, -9999, -9999, -9999, -9999, -9999, 96, -9999, -9999, -9999, -9999, -9999, -9999, -9999, 5, -9999, -9999, -9999, -9999, 38, 14, -9999, -9999, -9999, -9999, -9999, -9999, -9999, -9999, -9999, 70, 72, -9999, -9999, -9999, -9999, -9999, -9999, -9999, 43, -9999, 51, 42, -9999, -9999, -9999, -9999, -9999, 99, -9999, 99, -9999, -9999, -9999, -9999, -9999, 40, -9999, -9999, -9999, 57, 94, -9999, -9999, -9999, -9999, -9999, -9999, -9999, -9999, 57, -9999, -9999, -9999, -9999, -9999, -9999, -9999, -9999, -9999, -9999, 1, 1, 1, 1, 1],
[-9999, -9999, -9999, -9999, -9999, 64, -9999, -9999, 63, -9999, -9999, 87, -9999, 71, -9999, 71, -9999, 80, -9999, 92, 24, -9999, -9999, -9999, -9999, -9999, -9999, 46, -9999, -9999, -9999, -9999, 23, 54, -9999, 12, -9999, 5, 66, 20, -9999, -9999, -9999, -9999, -9999, -9999, 60, -9999, -9999, -9999, 89, -9999, -9999, -9999, -9999, -9999, -9999, 33, -9999, -9999, -9999, 9, -9999, 22, 42, -9999, 23, 76, -9999, 24, -9999, -9999, -9999, -9999, 53, 19, -9999, -9999, 31, -9999, 93, 20, 36, -9999, -9999, -9999, -9999, -9999, -9999, 94, -9999, 95, -9999, 20, 17, -9999, -9999, -9999, -9999, -9999, 1, 1, 1, 1, 1],
[-9999, -9999, -9999, -9999, -9999, -9999, -9999, -9999, -9999, -9999, -9999, 20, -9999, -9999, -9999, 32, -9999, -9999, -9999, -9999, -9999, -9999, -9999, -9999, -9999, -9999, -9999, -9999, -9999, -9999, -9999, -9999, -9999, -9999, -9999, -9999, -9999, -9999, 60, -9999, -9999, -9999, -9999, -9999, -9999, -9999, -9999, -9999, -9999, -9999, -9999, -9999, -9999, -9999, -9999, 65, -9999, -9999, -9999, -9999, -9999, -9999, -9999, -9999, -9999, -9999, -9999, -9999, -9999, -9999, -9999, -9999, -9999, -9999, -9999, -9999, -9999, -9999, -9999, -9999, -9999, -9999, -9999, -9999, -9999, -9999, -9999, -9999, -9999, -9999, -9999, -9999, -9999, -9999, -9999, -9999, -9999, -9999, -9999, -9999, 1, 1, 1, 1, 1],
[-9999, -9999, -9999, -9999, -9999, -9999, -9999, -9999, 4, 32, -9999, 71, -9999, 4, -9999, -9999, -9999, 71, -9999, 35, 8, 10, -9999, -9999, -9999, -9999, -9999, 83, 72, -9999, 32, -9999, -9999, 54, -9999, 56, 23, 66, -9999, 41, -9999, 72, -9999, 58, -9999, -9999, -9999, -9999, -9999, -9999, -9999, 43, -9999, -9999, -9999, -9999, -9999, 90, -9999, -9999, 69, 53, -9999, 27, 9, 40, 15, -9999, -9999, 39, -9999, -9999, -9999, -9999, -9999, -9999, -9999, -9999, 80, -9999, -9999, 30, 66, -9999, -9999, 85, -9999, -9999, -9999, -9999, -9999, 96, -9999, 21, 51, -9999, -9999, 65, 70, -9999, 1, 1, 1, 1, 1],
[-9999, -9999, -9999, -9999, -9999, -9999, -9999, -9999, -9999, -9999, -9999, -9999, -9999, -9999, -9999, -9999, -9999, -9999, -9999, 53, -9999, -9999, -9999, -9999, -9999, -9999, -9999, -9999, -9999, -9999, -9999, -9999, -9999, 6, -9999, -9999, -9999, -9999, -9999, 42, -9999, -9999, -9999, -9999, -9999, -9999, -9999, -9999, -9999, -9999, 28, -9999, -9999, -9999, -9999, -9999, -9999, -9999, -9999, -9999, -9999, -9999, -9999, -9999, -9999, -9999, -9999, 100, -9999, -9999, -9999, -9999, -9999, -9999, -9999, 9, -9999, -9999, -9999, 4, 69, -9999, -9999, -9999, -9999, 18, -9999, -9999, -9999, -9999, -9999, -9999, -9999, -9999, -9999, -9999, -9999, -9999, -9999, -9999, 1, 1, 1, 1, 1],
[-9999, -9999, -9999, -9999, -9999, -9999, -9999, -9999, -9999, -9999, -9999, 28, -9999, 58, -9999, 66, -9999, -9999, 90, -9999, -9999, 32, -9999, -9999, 25, -9999, -9999, 80, 5, -9999, -9999, -9999, 87, 85, -9999, 9, -9999, 65, 78, 52, 59, 83, -9999, -9999, -9999, -9999, 72, -9999, -9999, -9999, 78, -9999, -9999, -9999, -9999, -9999, 93, -9999, 38, -9999, 38, 20, -9999, 63, 55, 50, 90, -9999, -9999, 66, -9999, -9999, -9999, -9999, -9999, -9999, 73, 8, 22, 68, 42, 41, 11, -9999, -9999, 12, -9999, 24, -9999, 12, -9999, 38, -9999, 58, 34, -9999, -9999, 69, -9999, 19, 1, 1, 1, 1, 1],
[-9999, -9999, -9999, -9999, -9999, -9999, -9999, -9999, -9999, -9999, -9999, -9999, -9999, -9999, -9999, -9999, -9999, -9999, -9999, -9999, -9999, -9999, -9999, -9999, -9999, 37, -9999, -9999, -9999, -9999, -9999, -9999, -9999, 86, -9999, -9999, -9999, -9999, 68, 34, -9999, -9999, -9999, -9999, -9999, -9999, -9999, -9999, -9999, 41, -9999, -9999, -9999, -9999, -9999, -9999, -9999, -9999, -9999, -9999, -9999, -9999, -9999, -9999, -9999, -9999, -9999, -9999, -9999, 30, -9999, -9999, 98, -9999, 91, -9999, -9999, -9999, -9999, 21, 87, -9999, -9999, -9999, -9999, 77, -9999, -9999, -9999, 40, -9999, -9999, -9999, -9999, -9999, -9999, -9999, -9999, -9999, -9999, 1, 1, 1, 1, 1],
[-9999, -9999, -9999, -9999, -9999, 33, -9999, -9999, 41, -9999, 44, -9999, -9999, 87, -9999, 22, -9999, 54, 95, -9999, -9999, 79, -9999, -9999, 92, 23, -9999, -9999, 75, -9999, -9999, -9999, -9999, 75, -9999, -9999, 44, 77, -9999, 21, 34, 98, -9999, 95, -9999, -9999, 27, -9999, -9999, 54, 44, 14, -9999, -9999, -9999, -9999, -9999, -9999, 60, -9999, 22, -9999, 31, 44, -9999, -9999, 48, -9999, 4, 60, -9999, -9999, -9999, -9999, 97, 2, 45, 56, 6, -9999, 13, 97, 65, -9999, -9999, -9999, -9999, -9999, 33, -9999, -9999, -9999, -9999, 59, 82, -9999, -9999, 93, -9999, -9999, 1, 1, 1, 1, 1],
[-9999, -9999, -9999, -9999, -9999, -9999, -9999, -9999, -9999, -9999, -9999, -9999, -9999, -9999, -9999, -9999, -9999, -9999, -9999, -9999, -9999, -9999, -9999, -9999, -9999, -9999, -9999, -9999, -9999, -9999, -9999, -9999, -9999, 31, 69, -9999, -9999, -9999, -9999, 20, -9999, -9999, -9999, -9999, -9999, 94, -9999, -9999, -9999, -9999, 4, -9999, -9999, -9999, -9999, -9999, -9999, -9999, 53, -9999, 25, -9999, -9999, -9999, -9999, -9999, -9999, 57, -9999, 19, -9999, -9999, 85, -9999, 98, -9999, -9999, -9999, -9999, 29, 58, -9999, -9999, -9999, -9999, 65, -9999, -9999, -9999, 58, -9999, -9999, -9999, -9999, -9999, -9999, -9999, -9999, -9999, -9999, 1, 1, 1, 1, 1],
[-9999, -9999, -9999, -9999, -9999, 63, -9999, -9999, -9999, -9999, -9999, 27, -9999, 88, -9999, -9999, 29, 17, -9999, 80, -9999, -9999, -9999, -9999, 42, 74, -9999, 73, -9999, -9999, -9999, -9999, 74, 23, -9999, 52, 96, -9999, 74, 44, 48, -9999, -9999, -9999, -9999, -9999, -9999, -9999, -9999, 45, 40, 47, -9999, -9999, -9999, -9999, -9999, -9999, 79, -9999, 64, -9999, -9999, 67, 97, -9999, 77, 61, -9999, 14, -9999, -9999, -9999, -9999, -9999, 67, 29, -9999, 94, 40, 17, 59, 12, -9999, -9999, -9999, 42, -9999, -9999, -9999, -9999, 9, -9999, 82, -9999, -9999, -9999, 76, -9999, 69, 1, 1, 1, 1, 1],
[-9999, -9999, -9999, -9999, -9999, 86, -9999, -9999, 99, -9999, -9999, 81, -9999, 80, 39, 62, 10, -9999, -9999, 42, -9999, -9999, -9999, -9999, 26, 60, -9999, 61, 50, -9999, -9999, -9999, 15, 91, -9999, 22, -9999, -9999, -9999, 53, 26, -9999, -9999, -9999, -9999, -9999, 93, -9999, -9999, -9999, 50, 54, -9999, -9999, -9999, -9999, -9999, 85, -9999, -9999, 91, -9999, -9999, 57, -9999, 67, 42, 32, -9999, 24, -9999, -9999, -9999, -9999, -9999, -9999, 93, -9999, 18, -9999, 95, 24, 31, -9999, -9999, -9999, -9999, -9999, -9999, 56, 88, 51, -9999, 64, 10, -9999, -9999, 38, 74, 79, 1, 1, 1, 1, 1],
[-9999, -9999, -9999, -9999, -9999, -9999, -9999, -9999, -9999, -9999, -9999, 81, -9999, 51, -9999, -9999, -9999, -9999, -9999, -9999, -9999, -9999, -9999, -9999, 17, -9999, -9999, -9999, -9999, -9999, 9, -9999, -9999, -9999, -9999, -9999, -9999, -9999, -9999, -9999, -9999, -9999, -9999, -9999, -9999, -9999, -9999, -9999, -9999, -9999, -9999, -9999, -9999, -9999, -9999, 99, -9999, -9999, -9999, -9999, -9999, -9999, -9999, -9999, -9999, -9999, -9999, -9999, -9999, -9999, -9999, -9999, -9999, -9999, -9999, -9999, -9999, -9999, -9999, -9999, -9999, -9999, -9999, -9999, -9999, -9999, -9999, -9999, -9999, -9999, -9999, -9999, -9999, -9999, -9999, -9999, -9999, -9999, -9999, -9999, 1, 1, 1, 1, 1],
[-9999, -9999, -9999, -9999, -9999, 75, -9999, -9999, 29, -9999, -9999, 15, -9999, -9999, -9999, 19, 23, -9999, 12, 3, 19, 73, -9999, 91, -9999, -9999, -9999, 80, 97, -9999, -9999, -9999, -9999, 57, -9999, 85, 47, -9999, 54, 97, 49, -9999, -9999, -9999, -9999, -9999, 67, -9999, -9999, 30, -9999, -9999, -9999, -9999, -9999, -9999, -9999, 41, 82, -9999, -9999, 100, -9999, 13, 50, 97, 67, 19, -9999, 74, -9999, -9999, -9999, -9999, -9999, 20, 35, 32, 11, -9999, 40, 69, 49, -9999, -9999, -9999, -9999, -9999, -9999, -9999, 74, 31, -9999, -9999, 67, -9999, -9999, 59, 14, 50, 1, 1, 1, 1, 1],
[-9999, -9999, -9999, -9999, -9999, 88, -9999, -9999, 24, 61, -9999, 94, 5, 26, -9999, 4, 28, -9999, -9999, 56, 91, 4, 27, -9999, 56, 75, 21, 9, -9999, -9999, -9999, -9999, -9999, -9999, -9999, -9999, 36, -9999, -9999, 15, 83, 18, -9999, -9999, -9999, 49, 77, -9999, 7, 37, 32, -9999, -9999, -9999, 88, -9999, 13, -9999, -9999, 27, 21, 25, -9999, 41, 77, -9999, 93, -9999, -9999, 81, -9999, -9999, 77, -9999, -9999, -9999, -9999, 75, 18, 72, -9999, 82, 59, 28, -9999, 78, 46, -9999, 34, 60, 43, 65, 87, 83, 99, 65, 47, 34, -9999, 35, 1, 1, 1, 1, 1],
[-9999, -9999, -9999, -9999, -9999, -9999, -9999, -9999, -9999, -9999, -9999, -9999, -9999, -9999, 36, -9999, -9999, -9999, -9999, 91, -9999, -9999, -9999, -9999, -9999, 26, -9999, -9999, -9999, -9999, -9999, -9999, -9999, 43, -9999, -9999, 86, -9999, 41, 75, -9999, -9999, -9999, -9999, -9999, -9999, -9999, -9999, -9999, -9999, 29, -9999, -9999, -9999, -9999, 10, -9999, -9999, 6, -9999, 34, 93, -9999, -9999, -9999, -9999, -9999, 91, -9999, 51, -9999, -9999, -9999, -9999, 4, -9999, -9999, -9999, -9999, 34, -9999, -9999, -9999, -9999, -9999, 7, -9999, -9999, -9999, 8, -9999, -9999, -9999, -9999, -9999, -9999, -9999, -9999, -9999, -9999, 1, 1, 1, 1, 1],
[-9999, -9999, -9999, -9999, -9999, 75, -9999, 75, -9999, -9999, 21, 68, -9999, -9999, -9999, -9999, 60, 27, -9999, 31, 73, 91, -9999, -9999, 32, -9999, -9999, 45, -9999, -9999, -9999, -9999, -9999, 19, -9999, -9999, 99, 91, -9999, 87, 30, 11, -9999, 17, -9999, -9999, -9999, -9999, -9999, 100, 5, 16, -9999, -9999, -9999, -9999, -9999, 30, -9999, -9999, 62, -9999, -9999, 41, -9999, 9, -9999, 91, -9999, 73, -9999, 100, -9999, -9999, 28, 21, 52, 84, 85, -9999, 47, -9999, 67, -9999, -9999, -9999, -9999, -9999, 81, 8, -9999, -9999, -9999, 86, 87, -9999, -9999, 13, -9999, -9999, 1, 1, 1, 1, 1],
[-9999, -9999, -9999, -9999, -9999, -9999, -9999, -9999, -9999, -9999, -9999, -9999, -9999, -9999, -9999, -9999, -9999, -9999, -9999, -9999, -9999, -9999, -9999, -9999, -9999, -9999, -9999, -9999, -9999, -9999, -9999, -9999, -9999, 1, -9999, -9999, -9999, -9999, 47, 44, -9999, -9999, 58, -9999, -9999, 94, -9999, -9999, 88, -9999, 23, -9999, -9999, -9999, -9999, -9999, -9999, -9999, -9999, -9999, 27, 97, -9999, -9999, -9999, -9999, -9999, 1, -9999, 51, -9999, -9999, 86, -9999, 72, 6, -9999, -9999, -9999, 54, -9999, -9999, -9999, -9999, -9999, 59, -9999, -9999, -9999, 95, -9999, -9999, -9999, -9999, -9999, -9999, 68, -9999, -9999, -9999, 1, 1, 1, 1, 1],
[-9999, -9999, -9999, -9999, -9999, -9999, -9999, -9999, -9999, -9999, -9999, 34, 25, -9999, -9999, 99, 95, 71, 90, 68, -9999, 77, 10, 76, 50, -9999, 20, 67, 75, -9999, -9999, 2, -9999, 36, -9999, -9999, 7, -9999, -9999, 67, 21, 42, -9999, -9999, -9999, 32, 55, -9999, -9999, 77, -9999, 64, -9999, -9999, -9999, -9999, -9999, 36, 39, 92, 14, 39, -9999, 29, -9999, -9999, -9999, -9999, -9999, 83, 60, 38, 6, -9999, 11, -9999, 73, 12, 52, 26, -9999, -9999, 10, -9999, -9999, 41, -9999, -9999, -9999, -9999, 73, -9999, 14, -9999, -9999, 96, -9999, -9999, -9999, 6, 1, 1, 1, 1, 1],
[-9999, -9999, -9999, -9999, -9999, -9999, -9999, -9999, -9999, -9999, -9999, -9999, -9999, -9999, -9999, -9999, -9999, -9999, -9999, -9999, -9999, -9999, -9999, -9999, -9999, -9999, -9999, -9999, -9999, -9999, -9999, -9999, -9999, 66, -9999, -9999, 49, -9999, -9999, 19, -9999, -9999, -9999, -9999, -9999, -9999, -9999, -9999, -9999, -9999, -9999, -9999, -9999, -9999, -9999, 43, -9999, -9999, 17, -9999, 24, -9999, -9999, -9999, -9999, -9999, -9999, 54, -9999, 16, -9999, -9999, -9999, -9999, 35, -9999, -9999, -9999, -9999, 4, 75, -9999, -9999, -9999, -9999, -9999, -9999, -9999, -9999, -9999, -9999, -9999, -9999, -9999, -9999, -9999, -9999, -9999, -9999, -9999, 1, 1, 1, 1, 1],
[-9999, -9999, -9999, -9999, -9999, -9999, -9999, -9999, -9999, -9999, -9999, -9999, -9999, -9999, -9999, -9999, -9999, -9999, -9999, 66, -9999, -9999, -9999, -9999, -9999, -9999, -9999, -9999, -9999, -9999, -9999, -9999, -9999, 66, -9999, -9999, -9999, -9999, 69, -9999, -9999, -9999, -9999, -9999, -9999, -9999, -9999, -9999, -9999, 8, 71, -9999, -9999, -9999, -9999, -9999, -9999, -9999, -9999, -9999, -9999, -9999, -9999, -9999, -9999, -9999, -9999, -9999, -9999, 28, -9999, -9999, -9999, -9999, -9999, 2, -9999, -9999, -9999, 46, -9999, -9999, -9999, -9999, -9999, 57, -9999, -9999, -9999, -9999, -9999, -9999, -9999, -9999, -9999, -9999, -9999, -9999, -9999, -9999, 1, 1, 1, 1, 1],
[-9999, -9999, -9999, -9999, -9999, 31, -9999, -9999, 50, -9999, 87, 43, -9999, -9999, 78, -9999, 35, 62, 31, 18, -9999, -9999, -9999, -9999, -9999, 56, -9999, 63, 17, -9999, -9999, -9999, -9999, 48, -9999, -9999, 7, 41, 29, 1, -9999, -9999, -9999, -9999, -9999, -9999, -9999, -9999, -9999, -9999, -9999, 88, 88, -9999, -9999, -9999, 52, 37, 98, -9999, 50, -9999, -9999, 48, 53, 31, -9999, 78, -9999, 16, -9999, -9999, -9999, -9999, -9999, -9999, -9999, 35, 10, -9999, -9999, -9999, 79, -9999, -9999, -9999, -9999, -9999, 48, 80, 70, 83, -9999, 58, 75, -9999, -9999, 62, -9999, -9999, 1, 1, 1, 1, 1],
[-9999, -9999, -9999, -9999, -9999, -9999, -9999, -9999, -9999, -9999, -9999, -9999, -9999, -9999, -9999, -9999, -9999, -9999, -9999, 92, -9999, -9999, -9999, -9999, -9999, 74, -9999, -9999, -9999, -9999, -9999, -9999, -9999, 73, -9999, -9999, 9, -9999, -9999, 19, -9999, -9999, -9999, -9999, -9999, -9999, -9999, -9999, -9999, 2, 80, -9999, -9999, -9999, -9999, -9999, -9999, -9999, 17, -9999, 94, -9999, -9999, -9999, -9999, -9999, -9999, 18, -9999, 83, -9999, -9999, -9999, -9999, 19, 80, -9999, -9999, -9999, -9999, 23, -9999, -9999, -9999, -9999, -9999, -9999, -9999, -9999, -9999, -9999, -9999, -9999, -9999, -9999, -9999, -9999, -9999, -9999, -9999, 1, 1, 1, 1, 1],
[-9999, -9999, -9999, -9999, -9999, -9999, -9999, -9999, -9999, -9999, -9999, -9999, -9999, -9999, -9999, -9999, -9999, -9999, -9999, -9999, -9999, -9999, -9999, -9999, -9999, 13, -9999, -9999, -9999, -9999, -9999, -9999, -9999, 6, -9999, -9999, 88, -9999, 57, -9999, -9999, -9999, -9999, -9999, -9999, -9999, -9999, -9999, -9999, -9999, 65, -9999, -9999, -9999, -9999, -9999, -9999, -9999, -9999, -9999, 5, 49, -9999, -9999, -9999, -9999, -9999, 58, -9999, 68, -9999, -9999, -9999, -9999, 26, -9999, -9999, -9999, -9999, -9999, 91, -9999, -9999, -9999, -9999, 95, -9999, -9999, -9999, 22, -9999, -9999, -9999, -9999, -9999, -9999, -9999, -9999, -9999, -9999, 1, 1, 1, 1, 1],
[-9999, -9999, -9999, -9999, -9999, -9999, -9999, -9999, 84, -9999, -9999, 91, -9999, -9999, -9999, 16, -9999, -9999, -9999, 21, 21, -9999, -9999, -9999, 72, -9999, -9999, 88, -9999, -9999, -9999, -9999, -9999, 21, -9999, 27, -9999, -9999, 50, 86, 94, -9999, -9999, -9999, -9999, -9999, -9999, -9999, -9999, -9999, 90, -9999, -9999, -9999, -9999, -9999, -9999, -9999, 82, -9999, 98, 58, -9999, 15, -9999, -9999, 69, 73, -9999, 49, -9999, -9999, -9999, -9999, -9999, -9999, 46, 4, 66, -9999, 21, -9999, 17, -9999, -9999, -9999, -9999, -9999, -9999, 15, 47, -9999, -9999, -9999, -9999, -9999, -9999, -9999, -9999, -9999, 1, 1, 1, 1, 1],
[-9999, -9999, -9999, -9999, -9999, -9999, -9999, -9999, -9999, -9999, -9999, 1, -9999, 97, -9999, -9999, -9999, -9999, -9999, -9999, -9999, -9999, -9999, -9999, 13, -9999, -9999, -9999, -9999, -9999, -9999, -9999, -9999, -9999, -9999, -9999, -9999, -9999, -9999, -9999, -9999, -9999, -9999, -9999, -9999, -9999, -9999, -9999, -9999, -9999, -9999, -9999, -9999, -9999, -9999, -9999, -9999, -9999, -9999, -9999, -9999, -9999, -9999, -9999, -9999, -9999, -9999, -9999, -9999, -9999, -9999, -9999, -9999, -9999, -9999, -9999, -9999, -9999, -9999, -9999, -9999, -9999, -9999, -9999, -9999, -9999, -9999, -9999, -9999, -9999, -9999, -9999, -9999, -9999, -9999, -9999, -9999, -9999, -9999, -9999, 1, 1, 1, 1, 1],
[-9999, -9999, -9999, -9999, -9999, -9999, -9999, -9999, -9999, -9999, -9999, -9999, -9999, -9999, -9999, -9999, -9999, -9999, -9999, -9999, -9999, -9999, -9999, -9999, -9999, 9, -9999, -9999, -9999, -9999, -9999, -9999, -9999, 47, -9999, -9999, 47, -9999, 3, 76, -9999, -9999, -9999, -9999, -9999, -9999, -9999, -9999, -9999, -9999, 58, -9999, -9999, -9999, -9999, 2, -9999, -9999, 16, -9999, -9999, -9999, -9999, -9999, -9999, -9999, -9999, 77, -9999, 4, -9999, -9999, -9999, -9999, 73, 85, -9999, -9999, -9999, 6, -9999, -9999, -9999, -9999, -9999, 53, -9999, -9999, -9999, 83, -9999, -9999, -9999, -9999, -9999, -9999, -9999, -9999, -9999, -9999, 1, 1, 1, 1, 1],
[-9999, -9999, -9999, -9999, -9999, 33, 55, -9999, -9999, -9999, -9999, 24, -9999, 58, 76, 36, -9999, 83, -9999, -9999, -9999, 21, -9999, 47, 28, 42, -9999, 82, -9999, -9999, -9999, -9999, 37, 12, -9999, 42, -9999, 99, 33, 97, 42, 49, -9999, 78, -9999, -9999, -9999, -9999, -9999, 94, -9999, 98, -9999, -9999, -9999, -9999, 66, -9999, -9999, -9999, 2, 61, -9999, 49, 12, -9999, -9999, -9999, -9999, 5, -9999, -9999, -9999, -9999, -9999, -9999, 36, 73, 22, 14, 37, 17, 36, -9999, 75, 76, -9999, -9999, -9999, 68, 90, 97, -9999, -9999, -9999, -9999, -9999, -9999, 13, -9999, 1, 1, 1, 1, 1],
[-9999, -9999, -9999, -9999, -9999, -9999, -9999, -9999, -9999, -9999, -9999, -9999, -9999, -9999, -9999, -9999, -9999, -9999, -9999, -9999, -9999, -9999, -9999, -9999, -9999, 78, -9999, -9999, -9999, -9999, -9999, -9999, -9999, 10, -9999, -9999, 89, -9999, -9999, 97, -9999, -9999, -9999, -9999, -9999, 73, -9999, -9999, -9999, -9999, -9999, -9999, -9999, -9999, -9999, -9999, -9999, -9999, 82, -9999, 81, 33, 44, -9999, -9999, -9999, -9999, 46, -9999, 13, -9999, 52, 73, -9999, 91, 18, -9999, -9999, -9999, 3, -9999, -9999, -9999, -9999, -9999, 92, -9999, -9999, -9999, 79, -9999, -9999, -9999, -9999, -9999, -9999, 20, -9999, -9999, -9999, 1, 1, 1, 1, 1],
[-9999, -9999, -9999, -9999, -9999, -9999, -9999, -9999, 52, -9999, -9999, 50, -9999, 49, -9999, 51, 54, 84, -9999, 46, 65, 46, -9999, -9999, -9999, -9999, -9999, 9, 37, -9999, -9999, -9999, 84, 66, -9999, 34, 12, 86, -9999, 90, 49, 20, 59, 76, -9999, -9999, 82, 23, -9999, -9999, 2, -9999, -9999, -9999, -9999, -9999, -9999, -9999, 93, -9999, -9999, 40, 60, 61, 88, -9999, 22, 70, -9999, 30, -9999, -9999, -9999, -9999, 21, -9999, -9999, -9999, 84, -9999, 4, 94, 70, -9999, -9999, -9999, -9999, -9999, 18, -9999, 68, 18, -9999, 55, 22, -9999, -9999, 37, 80, -9999, 1, 1, 1, 1, 1],
[-9999, -9999, -9999, -9999, -9999, 25, -9999, -9999, 94, -9999, -9999, 90, -9999, -9999, -9999, -9999, -9999, -9999, 89, 25, 100, -9999, -9999, -9999, -9999, -9999, 35, 57, -9999, -9999, -9999, -9999, 3, 43, 77, 32, 38, -9999, -9999, 82, -9999, -9999, -9999, -9999, -9999, 83, 74, -9999, 5, -9999, 88, 73, -9999, -9999, -9999, -9999, -9999, 9, 100, 61, 27, 11, -9999, -9999, 77, -9999, -9999, -9999, -9999, 6, 70, -9999, 62, -9999, 68, 13, -9999, 50, 48, 52, 43, 90, 51, -9999, -9999, 17, -9999, 21, -9999, 90, 94, 89, 4, 37, 100, 33, 96, -9999, 98, 53, 1, 1, 1, 1, 1],
[-9999, -9999, -9999, -9999, -9999, -9999, -9999, -9999, 31, -9999, -9999, 3, -9999, 42, -9999, 23, 98, 52, -9999, 27, -9999, 99, -9999, -9999, 82, -9999, -9999, 4, -9999, -9999, -9999, -9999, -9999, 80, -9999, -9999, 27, -9999, -9999, 25, 73, 3, 93, -9999, -9999, -9999, -9999, -9999, -9999, 7, -9999, 67, -9999, -9999, -9999, -9999, 64, 90, 23, -9999, 43, 47, 32, 16, -9999, -9999, 26, -9999, -9999, 34, -9999, -9999, -9999, -9999, 87, 46, 100, 76, 47, 84, -9999, 31, 98, -9999, -9999, 95, -9999, -9999, 22, -9999, 90, -9999, -9999, 51, 78, -9999, -9999, 26, 77, -9999, 1, 1, 1, 1, 1],
[-9999, -9999, -9999, -9999, -9999, 68, -9999, -9999, 87, -9999, -9999, 74, -9999, 12, -9999, 41, -9999, 2, 76, -9999, 2, 69, -9999, -9999, -9999, 28, -9999, 5, -9999, -9999, -9999, -9999, -9999, 41, -9999, 39, 64, 77, 1, 82, 96, -9999, -9999, 17, -9999, -9999, -9999, -9999, -9999, -9999, -9999, -9999, -9999, -9999, -9999, 84, 79, -9999, 48, -9999, 28, -9999, -9999, -9999, -9999, 61, 18, -9999, -9999, 7, -9999, -9999, -9999, -9999, 37, 54, 99, 23, 14, -9999, 87, 40, 66, -9999, -9999, -9999, -9999, -9999, 56, -9999, 64, -9999, -9999, -9999, -9999, -9999, -9999, 44, 92, -9999, 1, 1, 1, 1, 1],
[-9999, -9999, -9999, -9999, -9999, -9999, -9999, -9999, -9999, -9999, -9999, -9999, -9999, -9999, -9999, -9999, -9999, -9999, -9999, -9999, -9999, -9999, -9999, -9999, -9999, 40, -9999, -9999, -9999, -9999, -9999, -9999, -9999, 47, -9999, -9999, 87, -9999, -9999, 91, -9999, -9999, -9999, -9999, -9999, -9999, -9999, -9999, -9999, -9999, 24, -9999, -9999, -9999, -9999, -9999, -9999, -9999, -9999, -9999, -9999, -9999, -9999, -9999, -9999, -9999, -9999, -9999, -9999, 20, -9999, -9999, -9999, -9999, -9999, -9999, -9999, -9999, -9999, 50, 75, -9999, -9999, -9999, -9999, -9999, -9999, -9999, -9999, -9999, -9999, -9999, -9999, -9999, -9999, -9999, -9999, -9999, -9999, -9999, 1, 1, 1, 1, 1],
[-9999, -9999, -9999, -9999, -9999, 7, -9999, -9999, 3, -9999, -9999, 88, -9999, -9999, -9999, 39, 60, -9999, -9999, 44, 18, 26, -9999, -9999, 61, 63, -9999, 99, 98, -9999, 4, -9999, 73, 27, -9999, 26, 73, 9, -9999, 13, -9999, 7, -9999, 74, -9999, -9999, 56, -9999, -9999, -9999, -9999, 40, -9999, -9999, -9999, -9999, -9999, 92, 87, -9999, 79, 69, -9999, 100, 39, -9999, 58, 85, -9999, 54, -9999, 54, -9999, -9999, -9999, -9999, 26, 49, 76, 27, 34, 3, 85, -9999, -9999, 41, 19, -9999, 84, 41, 88, 47, -9999, -9999, 90, -9999, -9999, -9999, 69, -9999, 1, 1, 1, 1, 1],
[-9999, -9999, -9999, -9999, -9999, -9999, -9999, -9999, -9999, -9999, -9999, -9999, -9999, -9999, -9999, -9999, -9999, -9999, -9999, -9999, -9999, -9999, -9999, -9999, -9999, -9999, -9999, -9999, -9999, -9999, -9999, -9999, -9999, 67, -9999, -9999, 55, -9999, -9999, 74, -9999, -9999, -9999, -9999, -9999, -9999, -9999, -9999, -9999, 27, -9999, -9999, -9999, -9999, -9999, -9999, -9999, -9999, 49, -9999, 44, 18, -9999, -9999, -9999, -9999, -9999, 48, -9999, 52, -9999, -9999, -9999, -9999, -9999, 63, -9999, -9999, -9999, 87, 74, -9999, -9999, -9999, -9999, 39, -9999, -9999, -9999, 84, -9999, -9999, -9999, -9999, -9999, -9999, -9999, -9999, -9999, -9999, 1, 1, 1, 1, 1],
[-9999, -9999, -9999, -9999, -9999, -9999, -9999, -9999, 82, -9999, -9999, 26, -9999, 80, -9999, -9999, 93, -9999, -9999, 30, -9999, -9999, -9999, -9999, 88, -9999, -9999, 41, 62, -9999, -9999, -9999, 43, 86, -9999, -9999, 40, -9999, -9999, 39, -9999, -9999, -9999, 60, -9999, -9999, -9999, -9999, -9999, 4, -9999, 53, -9999, -9999, -9999, -9999, -9999, 25, 39, -9999, -9999, 35, -9999, 9, -9999, -9999, 94, 70, -9999, 20, -9999, -9999, -9999, -9999, -9999, 28, -9999, 37, 52, -9999, -9999, -9999, 94, -9999, -9999, 38, 59, -9999, -9999, 26, 17, 13, -9999, 38, 16, -9999, -9999, 51, 43, -9999, 1, 1, 1, 1, 1],
[-9999, -9999, -9999, -9999, -9999, -9999, -9999, -9999, -9999, -9999, -9999, 64, -9999, 51, -9999, -9999, -9999, -9999, -9999, -9999, -9999, -9999, -9999, -9999, 52, -9999, -9999, -9999, -9999, -9999, -9999, -9999, -9999, -9999, -9999, -9999, -9999, -9999, 50, -9999, -9999, -9999, -9999, 16, -9999, -9999, -9999, -9999, -9999, -9999, -9999, -9999, -9999, -9999, -9999, -9999, -9999, -9999, -9999, -9999, -9999, -9999, -9999, -9999, -9999, -9999, -9999, -9999, -9999, -9999, -9999, -9999, -9999, -9999, -9999, -9999, -9999, -9999, -9999, -9999, -9999, -9999, -9999, -9999, -9999, -9999, -9999, 27, -9999, -9999, -9999, -9999, -9999, -9999, -9999, -9999, -9999, -9999, -9999, -9999, 1, 1, 1, 1, 1],
[-9999, -9999, -9999, -9999, -9999, -9999, -9999, -9999, -9999, -9999, -9999, -9999, -9999, -9999, -9999, -9999, -9999, -9999, -9999, -9999, -9999, -9999, -9999, -9999, -9999, -9999, -9999, -9999, -9999, -9999, -9999, -9999, -9999, -9999, -9999, -9999, -9999, -9999, 86, -9999, -9999, -9999, -9999, -9999, -9999, -9999, -9999, -9999, -9999, -9999, -9999, -9999, -9999, -9999, -9999, -9999, -9999, -9999, -9999, -9999, -9999, -9999, -9999, -9999, -9999, -9999, -9999, -9999, -9999, -9999, -9999, -9999, 39, -9999, -9999, -9999, -9999, -9999, -9999, -9999, -9999, -9999, -9999, -9999, -9999, -9999, -9999, -9999, -9999, -9999, -9999, -9999, -9999, -9999, -9999, -9999, 59, -9999, -9999, -9999, 1, 1, 1, 1, 1],
[-9999, -9999, -9999, -9999, -9999, -9999, -9999, -9999, -9999, -9999, -9999, 11, -9999, -9999, -9999, -9999, 95, -9999, 16, -9999, -9999, -9999, -9999, 60, 18, 36, -9999, -9999, 63, -9999, -9999, -9999, 14, 39, -9999, -9999, 20, -9999, 96, 49, 39, 70, 12, -9999, -9999, -9999, -9999, -9999, -9999, -9999, 43, -9999, -9999, -9999, -9999, -9999, -9999, 4, -9999, -9999, 42, 65, -9999, 85, 1, 45, -9999, 92, 39, 40, -9999, -9999, -9999, -9999, 99, 67, 18, 7, 99, 55, 19, -9999, 5, -9999, -9999, 25, -9999, -9999, 79, -9999, 95, -9999, -9999, 76, 49, -9999, -9999, 17, -9999, 20, 1, 1, 1, 1, 1],
[-9999, -9999, -9999, -9999, -9999, -9999, -9999, -9999, -9999, -9999, -9999, -9999, -9999, -9999, -9999, -9999, -9999, -9999, -9999, -9999, -9999, -9999, -9999, -9999, -9999, 16, -9999, -9999, -9999, -9999, -9999, -9999, -9999, -9999, -9999, -9999, 86, -9999, 100, 63, -9999, -9999, -9999, -9999, -9999, -9999, -9999, -9999, -9999, -9999, -9999, -9999, -9999, -9999, -9999, -9999, -9999, -9999, -9999, -9999, 58, 13, -9999, -9999, -9999, -9999, -9999, -9999, -9999, 40, -9999, -9999, -9999, -9999, -9999, 73, -9999, -9999, -9999, -9999, -9999, -9999, -9999, -9999, -9999, 83, -9999, -9999, -9999, 14, -9999, -9999, -9999, -9999, -9999, -9999, -9999, -9999, -9999, -9999, 1, 1, 1, 1, 1],
[-9999, -9999, -9999, -9999, -9999, 62, -9999, -9999, 85, -9999, -9999, 14, -9999, -9999, -9999, 25, -9999, 44, -9999, 1, -9999, -9999, -9999, -9999, 29, 66, -9999, 88, -9999, -9999, -9999, -9999, -9999, 10, -9999, 85, -9999, -9999, -9999, 82, -9999, -9999, -9999, -9999, -9999, -9999, 51, -9999, -9999, 59, 41, 49, 83, -9999, -9999, -9999, -9999, -9999, 43, -9999, -9999, 71, -9999, 38, 25, -9999, 21, 29, -9999, 71, -9999, -9999, -9999, -9999, 29, 66, -9999, -9999, 76, -9999, -9999, 98, 15, -9999, 36, 13, -9999, -9999, 99, 18, 70, -9999, -9999, 33, 58, -9999, -9999, 78, 30, -9999, 1, 1, 1, 1, 1],
[-9999, -9999, -9999, -9999, -9999, 45, -9999, -9999, 85, -9999, -9999, 86, -9999, 72, -9999, 3, -9999, 77, -9999, -9999, -9999, 84, -9999, -9999, -9999, -9999, -9999, 4, 64, -9999, -9999, -9999, 29, 80, -9999, 47, 97, -9999, 42, 1, -9999, -9999, -9999, -9999, -9999, -9999, -9999, 38, -9999, -9999, 29, -9999, -9999, -9999, -9999, -9999, -9999, 13, -9999, -9999, -9999, -9999, -9999, 63, 45, 11, 20, -9999, 12, 33, -9999, -9999, -9999, -9999, -9999, 17, 5, 95, 54, -9999, 50, 79, 80, -9999, -9999, 58, -9999, -9999, 89, 7, -9999, -9999, -9999, -9999, 1, -9999, -9999, 84, -9999, 98, 1, 1, 1, 1, 1],
[-9999, -9999, -9999, -9999, -9999, 83, -9999, -9999, 8, -9999, -9999, 25, -9999, -9999, -9999, 89, -9999, -9999, -9999, -9999, -9999, -9999, -9999, -9999, 16, 89, -9999, 94, -9999, -9999, -9999, -9999, -9999, 6, -9999, 73, 44, 76, 86, 17, 69, 47, -9999, -9999, -9999, -9999, 59, -9999, -9999, 32, 32, 22, -9999, -9999, -9999, -9999, -9999, -9999, 87, -9999, -9999, 15, -9999, 66, -9999, -9999, 61, -9999, -9999, 38, -9999, -9999, -9999, -9999, -9999, -9999, 30, 12, 46, -9999, -9999, 98, 80, -9999, -9999, -9999, -9999, -9999, -9999, 19, 95, 37, -9999, -9999, 45, -9999, -9999, -9999, -9999, 70, 1, 1, 1, 1, 1],
[-9999, -9999, -9999, -9999, -9999, -9999, -9999, -9999, 63, -9999, -9999, 65, -9999, 38, 72, 7, -9999, -9999, 13, -9999, 31, 32, -9999, -9999, 6, 71, -9999, 66, 35, -9999, -9999, -9999, -9999, 67, -9999, 17, -9999, -9999, 21, 14, 34, 45, -9999, -9999, -9999, -9999, 54, -9999, -9999, -9999, 81, 7, -9999, -9999, -9999, -9999, -9999, 37, -9999, -9999, -9999, 57, 83, -9999, 85, 64, 30, 71, 99, 11, -9999, -9999, -9999, -9999, 55, 61, -9999, -9999, 16, 24, 66, -9999, 46, -9999, 47, 55, -9999, -9999, 26, -9999, 82, -9999, -9999, 56, 91, -9999, -9999, -9999, -9999, 4, 1, 1, 1, 1, 1],
[-9999, -9999, -9999, -9999, -9999, -9999, -9999, -9999, -9999, -9999, -9999, 19, -9999, 12, -9999, -9999, -9999, -9999, -9999, -9999, -9999, -9999, -9999, -9999, 79, -9999, -9999, -9999, -9999, -9999, -9999, -9999, -9999, -9999, -9999, -9999, -9999, -9999, 57, -9999, -9999, -9999, -9999, 76, -9999, -9999, -9999, -9999, -9999, -9999, -9999, -9999, -9999, -9999, 58, -9999, -9999, -9999, -9999, -9999, -9999, -9999, -9999, -9999, -9999, -9999, -9999, -9999, -9999, -9999, -9999, -9999, 70, -9999, -9999, -9999, -9999, -9999, -9999, -9999, -9999, -9999, -9999, -9999, -9999, -9999, -9999, -9999, -9999, -9999, -9999, -9999, -9999, -9999, -9999, -9999, 92, -9999, -9999, -9999, 1, 1, 1, 1, 1],
[-9999, -9999, -9999, -9999, -9999, -9999, -9999, -9999, -9999, -9999, -9999, -9999, -9999, -9999, -9999, -9999, -9999, -9999, -9999, 38, -9999, -9999, -9999, -9999, -9999, 46, -9999, -9999, -9999, -9999, -9999, -9999, -9999, 53, -9999, -9999, 61, -9999, 35, 59, -9999, -9999, 5, -9999, -9999, -9999, -9999, -9999, -9999, 25, -9999, -9999, -9999, -9999, -9999, 78, -9999, -9999, -9999, -9999, -9999, 10, -9999, -9999, -9999, -9999, -9999, 11, -9999, 61, -9999, -9999, -9999, -9999, 56, 42, -9999, -9999, -9999, -9999, 68, -9999, -9999, -9999, -9999, 11, -9999, -9999, -9999, 69, -9999, -9999, -9999, -9999, -9999, -9999, -9999, -9999, -9999, -9999, 1, 1, 1, 1, 1],
[-9999, -9999, -9999, -9999, -9999, -9999, -9999, -9999, 15, -9999, -9999, 43, -9999, -9999, -9999, 48, -9999, -9999, -9999, 68, -9999, 10, -9999, 1, 73, -9999, -9999, 47, -9999, -9999, -9999, -9999, 94, 73, -9999, 67, 81, 1, 84, 89, 93, -9999, -9999, 56, -9999, -9999, 46, -9999, -9999, -9999, -9999, -9999, -9999, -9999, -9999, -9999, -9999, -9999, -9999, -9999, 94, 90, -9999, 29, -9999, -9999, -9999, -9999, -9999, 94, -9999, -9999, -9999, -9999, -9999, 47, -9999, 41, 41, 99, -9999, -9999, 50, -9999, -9999, 65, -9999, 74, 86, 61, 55, 62, -9999, 44, -9999, -9999, -9999, 20, 60, 91, 1, 1, 1, 1, 1],
[-9999, -9999, -9999, -9999, -9999, -9999, -9999, -9999, -9999, -9999, -9999, -9999, -9999, -9999, -9999, -9999, -9999, -9999, -9999, 12, -9999, -9999, -9999, -9999, -9999, 36, -9999, -9999, -9999, -9999, -9999, -9999, -9999, 18, -9999, -9999, 27, -9999, 34, 22, -9999, -9999, -9999, -9999, -9999, -9999, -9999, -9999, -9999, 18, 45, -9999, -9999, -9999, -9999, -9999, -9999, -9999, -9999, -9999, 85, 25, -9999, -9999, -9999, -9999, -9999, -9999, -9999, 20, -9999, -9999, -9999, -9999, 2, 98, -9999, -9999, -9999, -9999, -9999, -9999, -9999, -9999, -9999, -9999, -9999, -9999, -9999, -9999, -9999, -9999, -9999, -9999, -9999, -9999, -9999, -9999, -9999, -9999, 1, 1, 1, 1, 1],
[-9999, -9999, -9999, -9999, -9999, -9999, -9999, -9999, -9999, -9999, 11, -9999, -9999, -9999, -9999, -9999, -9999, -9999, -9999, 50, -9999, -9999, -9999, -9999, -9999, 53, -9999, -9999, -9999, -9999, -9999, -9999, -9999, 63, -9999, -9999, 79, -9999, 38, 31, -9999, -9999, -9999, -9999, -9999, -9999, -9999, -9999, -9999, 66, 30, -9999, -9999, -9999, -9999, -9999, -9999, -9999, -9999, -9999, 32, 64, -9999, -9999, -9999, -9999, -9999, -9999, -9999, 18, -9999, -9999, -9999, -9999, 98, 11, -9999, -9999, -9999, -9999, 55, -9999, -9999, -9999, -9999, 69, -9999, -9999, -9999, -9999, -9999, -9999, -9999, -9999, -9999, -9999, -9999, -9999, -9999, -9999, 1, 1, 1, 1, 1],
[-9999, -9999, -9999, -9999, -9999, -9999, -9999, -9999, -9999, -9999, -9999, -9999, -9999, 16, -9999, -9999, -9999, -9999, -9999, -9999, -9999, -9999, -9999, -9999, 18, -9999, -9999, -9999, -9999, -9999, -9999, -9999, -9999, -9999, -9999, -9999, -9999, -9999, -9999, -9999, -9999, -9999, -9999, -9999, -9999, -9999, -9999, -9999, -9999, -9999, -9999, -9999, -9999, -9999, -9999, 64, -9999, -9999, -9999, -9999, -9999, -9999, -9999, -9999, -9999, -9999, -9999, -9999, -9999, -9999, -9999, -9999, -9999, -9999, -9999, -9999, -9999, -9999, -9999, -9999, -9999, -9999, -9999, -9999, -9999, -9999, -9999, -9999, -9999, -9999, -9999, -9999, -9999, -9999, -9999, -9999, -9999, -9999, -9999, -9999, 1, 1, 1, 1, 1],
[-9999, -9999, -9999, -9999, -9999, 67, -9999, -9999, 8, 78, -9999, 7, -9999, 91, -9999, 50, -9999, -9999, -9999, -9999, 48, 68, -9999, -9999, -9999, -9999, -9999, 39, -9999, -9999, -9999, -9999, 25, 48, -9999, 95, -9999, -9999, -9999, 39, 21, -9999, -9999, 72, -9999, -9999, 83, -9999, -9999, 8, -9999, 26, -9999, -9999, -9999, -9999, -9999, 60, -9999, -9999, 16, -9999, -9999, 88, 48, 62, -9999, -9999, -9999, 1, -9999, 84, -9999, -9999, 72, 99, -9999, 20, 62, -9999, 65, 22, 31, -9999, -9999, 2, -9999, -9999, 73, 71, -9999, 32, -9999, -9999, -9999, -9999, -9999, -9999, 32, 36, 1, 1, 1, 1, 1],
[-9999, -9999, -9999, -9999, -9999, -9999, -9999, -9999, 84, -9999, -9999, 90, -9999, 4, -9999, -9999, 25, -9999, 16, -9999, -9999, -9999, -9999, -9999, 36, 85, -9999, 33, 66, -9999, -9999, -9999, 77, 44, -9999, 51, 74, 78, -9999, 75, -9999, -9999, -9999, 13, -9999, -9999, 31, -9999, -9999, -9999, -9999, 96, 48, -9999, -9999, -9999, -9999, -9999, 33, -9999, 3, 5, -9999, 21, 76, 48, 35, 78, -9999, 15, -9999, -9999, -9999, -9999, 4, 61, 29, 96, 14, 14, -9999, 79, 10, -9999, -9999, 35, -9999, -9999, 48, -9999, -9999, -9999, -9999, 74, -9999, -9999, -9999, -9999, -9999, 72, 1, 1, 1, 1, 1],
[-9999, -9999, -9999, -9999, -9999, 18, -9999, -9999, 7, -9999, 63, 7, -9999, -9999, -9999, -9999, -9999, 39, -9999, -9999, 2, 75, -9999, -9999, 45, 91, -9999, 87, 60, -9999, -9999, -9999, -9999, 20, -9999, -9999, -9999, -9999, -9999, 52, 25, -9999, -9999, 14, -9999, -9999, 11, -9999, -9999, -9999, 72, -9999, -9999, -9999, -9999, -9999, -9999, 94, 52, -9999, 61, 73, -9999, 10, -9999, 18, -9999, -9999, -9999, 60, -9999, -9999, -9999, -9999, 39, 44, -9999, -9999, 25, 35, -9999, -9999, 98, -9999, 13, -9999, -9999, -9999, 94, -9999, 33, 10, -9999, 49, -9999, -9999, -9999, 70, 52, -9999, 1, 1, 1, 1, 1],
[-9999, -9999, -9999, -9999, -9999, -9999, -9999, -9999, -9999, -9999, 97, -9999, -9999, -9999, -9999, -9999, -9999, -9999, -9999, -9999, -9999, -9999, -9999, -9999, -9999, -9999, -9999, -9999, -9999, -9999, -9999, -9999, -9999, 92, -9999, -9999, 22, -9999, -9999, 41, -9999, -9999, -9999, -9999, -9999, -9999, -9999, -9999, -9999, 96, 90, -9999, -9999, -9999, -9999, 48, -9999, -9999, -9999, -9999, 79, 46, -9999, -9999, -9999, -9999, -9999, -9999, -9999, 41, -9999, -9999, -9999, -9999, 46, 11, -9999, -9999, -9999, 82, -9999, -9999, -9999, -9999, -9999, -9999, -9999, -9999, -9999, -9999, -9999, -9999, -9999, -9999, -9999, -9999, -9999, -9999, -9999, -9999, 1, 1, 1, 1, 1],
[-9999, -9999, -9999, -9999, -9999, -9999, -9999, -9999, -9999, -9999, -9999, -9999, -9999, 74, -9999, -9999, -9999, -9999, -9999, -9999, -9999, -9999, -9999, -9999, -9999, -9999, -9999, -9999, -9999, -9999, -9999, -9999, -9999, -9999, -9999, -9999, -9999, -9999, 72, -9999, -9999, -9999, -9999, 21, -9999, -9999, -9999, -9999, -9999, -9999, -9999, -9999, -9999, -9999, -9999, -9999, -9999, -9999, -9999, -9999, -9999, -9999, -9999, -9999, -9999, -9999, -9999, -9999, -9999, -9999, -9999, -9999, -9999, -9999, -9999, -9999, -9999, -9999, -9999, -9999, -9999, -9999, -9999, -9999, -9999, -9999, -9999, -9999, -9999, -9999, -9999, -9999, -9999, -9999, -9999, -9999, -9999, -9999, -9999, -9999, 1, 1, 1, 1, 1],
[-9999, -9999, -9999, -9999, -9999, 58, -9999, -9999, -9999, -9999, -9999, -9999, -9999, -9999, -9999, 96, -9999, 60, 44, -9999, 61, -9999, -9999, -9999, 23, -9999, -9999, 65, 76, -9999, -9999, -9999, -9999, 6, -9999, -9999, 11, -9999, 78, 46, -9999, -9999, -9999, -9999, -9999, -9999, 49, -9999, -9999, 20, 26, 66, -9999, -9999, -9999, -9999, -9999, 87, -9999, -9999, 18, 41, -9999, 72, -9999, 46, -9999, 33, -9999, 33, -9999, -9999, -9999, -9999, 17, -9999, 1, 11, 91, 18, 83, -9999, 90, -9999, -9999, -9999, -9999, -9999, -9999, 49, -9999, -9999, -9999, -9999, 84, -9999, -9999, -9999, 56, 44, 1, 1, 1, 1, 1],
[-9999, -9999, -9999, -9999, -9999, -9999, -9999, -9999, 43, -9999, -9999, 88, -9999, -9999, -9999, 57, 69, 2, 11, -9999, 31, -9999, -9999, -9999, 29, -9999, -9999, 3, -9999, -9999, 38, -9999, -9999, 43, -9999, 43, 31, -9999, 38, 74, 53, 66, -9999, 47, -9999, -9999, -9999, -9999, -9999, 15, -9999, 58, -9999, -9999, -9999, -9999, 87, -9999, -9999, -9999, -9999, 90, 5, 93, 40, -9999, 5, 58, -9999, 21, -9999, -9999, -9999, -9999, -9999, 64, -9999, -9999, 73, -9999, 3, 35, 33, -9999, -9999, 88, -9999, -9999, -9999, 92, -9999, 81, -9999, -9999, 71, -9999, -9999, -9999, 19, -9999, 1, 1, 1, 1, 1],
[-9999, -9999, -9999, -9999, -9999, -9999, -9999, -9999, -9999, -9999, -9999, 42, -9999, -9999, -9999, 55, -9999, -9999, -9999, -9999, -9999, -9999, -9999, -9999, -9999, -9999, -9999, -9999, -9999, -9999, -9999, -9999, -9999, -9999, -9999, -9999, -9999, -9999, -9999, -9999, -9999, -9999, -9999, -9999, -9999, -9999, -9999, -9999, -9999, -9999, -9999, -9999, -9999, -9999, -9999, -9999, -9999, -9999, -9999, -9999, -9999, -9999, -9999, -9999, -9999, -9999, -9999, -9999, -9999, -9999, -9999, -9999, -9999, -9999, -9999, -9999, -9999, -9999, -9999, -9999, -9999, -9999, -9999, -9999, -9999, -9999, -9999, -9999, -9999, -9999, -9999, -9999, -9999, -9999, -9999, -9999, -9999, -9999, -9999, -9999, 1, 1, 1, 1, 1],
[-9999, -9999, -9999, -9999, -9999, -9999, -9999, -9999, 93, -9999, -9999, 50, -9999, 68, -9999, -9999, -9999, 53, 44, 30, 93, 13, -9999, -9999, 15, 11, -9999, 58, 97, -9999, -9999, -9999, -9999, 86, -9999, -9999, 88, -9999, -9999, 85, 49, 34, -9999, -9999, -9999, -9999, 70, -9999, -9999, -9999, -9999, -9999, -9999, -9999, -9999, -9999, -9999, 52, 50, -9999, 22, 53, -9999, 71, 6, 17, 73, 31, -9999, 39, -9999, -9999, -9999, -9999, -9999, 62, 96, -9999, -9999, 71, 52, -9999, 58, -9999, -9999, 66, -9999, 15, 10, 22, 6, 2, -9999, 44, -9999, -9999, -9999, 12, -9999, 89, 1, 1, 1, 1, 1],
[-9999, -9999, -9999, -9999, -9999, -9999, -9999, -9999, -9999, -9999, -9999, -9999, -9999, -9999, -9999, -9999, -9999, -9999, -9999, 34, -9999, -9999, -9999, -9999, -9999, 96, -9999, -9999, -9999, -9999, -9999, -9999, -9999, 87, -9999, -9999, 96, -9999, 33, 81, -9999, -9999, -9999, -9999, -9999, -9999, -9999, -9999, -9999, 27, -9999, -9999, -9999, -9999, -9999, -9999, -9999, -9999, -9999, -9999, 60, -9999, -9999, -9999, -9999, -9999, -9999, 59, -9999, 89, -9999, 41, -9999, -9999, -9999, 65, -9999, -9999, -9999, -9999, -9999, -9999, -9999, -9999, -9999, 92, -9999, -9999, -9999, -9999, -9999, -9999, -9999, -9999, -9999, -9999, -9999, -9999, -9999, -9999, 1, 1, 1, 1, 1],
[-9999, -9999, -9999, -9999, -9999, -9999, -9999, -9999, -9999, -9999, -9999, 98, -9999, 42, -9999, 38, -9999, -9999, -9999, -9999, -9999, -9999, -9999, -9999, -9999, -9999, -9999, -9999, -9999, -9999, -9999, -9999, -9999, -9999, -9999, -9999, -9999, -9999, -9999, -9999, -9999, -9999, -9999, 22, -9999, -9999, -9999, -9999, -9999, -9999, -9999, -9999, -9999, -9999, -9999, -9999, -9999, -9999, -9999, -9999, -9999, -9999, -9999, -9999, -9999, -9999, -9999, -9999, -9999, -9999, -9999, -9999, -9999, -9999, -9999, -9999, -9999, -9999, -9999, -9999, -9999, -9999, -9999, -9999, -9999, -9999, -9999, -9999, -9999, -9999, -9999, -9999, -9999, -9999, -9999, -9999, -9999, -9999, -9999, -9999, 1, 1, 1, 1, 1],
[-9999, -9999, -9999, -9999, -9999, -9999, -9999, -9999, -9999, -9999, -9999, -9999, -9999, -9999, -9999, -9999, -9999, -9999, -9999, 40, -9999, -9999, -9999, -9999, -9999, 27, -9999, -9999, -9999, -9999, -9999, -9999, -9999, 74, -9999, -9999, 94, -9999, -9999, 42, -9999, -9999, -9999, -9999, -9999, -9999, -9999, -9999, -9999, 94, 65, -9999, -9999, -9999, -9999, -9999, -9999, -9999, 68, -9999, 51, -9999, -9999, -9999, -9999, -9999, -9999, 62, -9999, 52, -9999, -9999, -9999, -9999, 33, 62, -9999, -9999, -9999, 67, -9999, -9999, -9999, -9999, -9999, 35, -9999, -9999, -9999, -9999, -9999, -9999, -9999, -9999, -9999, -9999, -9999, -9999, -9999, -9999, 1, 1, 1, 1, 1],
[-9999, -9999, -9999, -9999, -9999, -9999, -9999, -9999, 22, -9999, 94, 28, -9999, -9999, -9999, -9999, 70, 47, 88, -9999, 86, 32, -9999, 97, 17, 93, -9999, 59, 30, -9999, -9999, -9999, -9999, 20, -9999, -9999, 83, -9999, -9999, 68, 34, 27, -9999, 68, -9999, -9999, 15, -9999, -9999, -9999, 54, -9999, -9999, -9999, -9999, -9999, -9999, 45, 75, -9999, -9999, 59, -9999, 29, -9999, 23, -9999, -9999, -9999, 1, -9999, -9999, -9999, -9999, 48, -9999, -9999, 66, 11, -9999, -9999, -9999, -9999, -9999, -9999, 33, -9999, 63, -9999, -9999, -9999, 94, -9999, -9999, -9999, -9999, -9999, 52, 94, 29, 1, 1, 1, 1, 1],
[-9999, -9999, -9999, -9999, -9999, -9999, -9999, -9999, -9999, -9999, -9999, -9999, -9999, -9999, -9999, -9999, -9999, -9999, -9999, 88, -9999, -9999, -9999, -9999, -9999, 86, -9999, -9999, -9999, -9999, -9999, -9999, -9999, 27, -9999, -9999, -9999, -9999, -9999, 37, -9999, -9999, -9999, -9999, -9999, -9999, -9999, -9999, -9999, 6, 80, -9999, 54, -9999, -9999, -9999, -9999, -9999, 73, -9999, -9999, 42, -9999, -9999, -9999, -9999, -9999, -9999, -9999, 3, -9999, -9999, -9999, -9999, 94, 25, -9999, -9999, -9999, -9999, -9999, -9999, -9999, -9999, -9999, -9999, -9999, -9999, -9999, -9999, -9999, -9999, -9999, -9999, -9999, -9999, -9999, -9999, -9999, -9999, 1, 1, 1, 1, 1],
[-9999, -9999, -9999, -9999, -9999, -9999, -9999, -9999, -9999, -9999, -9999, -9999, -9999, -9999, -9999, -9999, -9999, -9999, -9999, 67, -9999, -9999, -9999, -9999, -9999, 54, -9999, -9999, -9999, -9999, -9999, -9999, -9999, 15, 59, -9999, -9999, -9999, 84, 10, -9999, -9999, -9999, -9999, -9999, -9999, -9999, -9999, 100, 90, -9999, -9999, 7, -9999, -9999, -9999, -9999, -9999, 24, -9999, 27, 36, -9999, -9999, -9999, -9999, -9999, 45, -9999, 23, -9999, -9999, 20, -9999, 99, 23, -9999, -9999, -9999, 27, -9999, -9999, -9999, -9999, -9999, 61, -9999, -9999, -9999, -9999, -9999, -9999, -9999, -9999, -9999, -9999, 20, -9999, -9999, -9999, 1, 1, 1, 1, 1],
[-9999, -9999, -9999, -9999, -9999, -9999, -9999, -9999, -9999, -9999, -9999, -9999, -9999, -9999, -9999, -9999, -9999, -9999, -9999, 63, -9999, -9999, -9999, -9999, -9999, -9999, -9999, -9999, -9999, -9999, -9999, -9999, -9999, 46, -9999, -9999, 56, -9999, 94, 22, -9999, -9999, -9999, -9999, -9999, -9999, -9999, -9999, -9999, 17, 73, -9999, -9999, -9999, -9999, -9999, -9999, -9999, -9999, -9999, -9999, -9999, -9999, -9999, -9999, -9999, -9999, 30, -9999, 19, -9999, -9999, -9999, -9999, 44, 40, -9999, -9999, -9999, 10, 83, -9999, -9999, -9999, -9999, -9999, -9999, -9999, -9999, 13, -9999, -9999, -9999, -9999, -9999, -9999, -9999, -9999, -9999, -9999, 1, 1, 1, 1, 1],
[-9999, -9999, -9999, -9999, -9999, -9999, -9999, -9999, 91, -9999, -9999, 1, -9999, -9999, -9999, -9999, -9999, 46, -9999, -9999, 19, 48, 63, -9999, -9999, -9999, -9999, 7, 59, -9999, -9999, -9999, -9999, 9, 89, 76, 83, -9999, 22, 19, 54, -9999, 100, -9999, -9999, -9999, -9999, 16, 24, 27, 20, 96, -9999, -9999, 13, -9999, -9999, -9999, 82, 55, -9999, -9999, -9999, 66, 32, -9999, -9999, 65, 8, 27, 14, -9999, -9999, -9999, -9999, 55, 38, -9999, 70, 97, -9999, 98, 92, -9999, -9999, -9999, -9999, -9999, -9999, 85, -9999, -9999, 70, 26, 74, -9999, 98, 43, 91, 79, 1, 1, 1, 1, 1],
[-9999, -9999, -9999, -9999, -9999, -9999, -9999, -9999, -9999, -9999, -9999, -9999, -9999, -9999, -9999, -9999, -9999, -9999, -9999, -9999, -9999, -9999, -9999, -9999, -9999, 60, -9999, -9999, -9999, -9999, -9999, -9999, -9999, 29, -9999, -9999, -9999, -9999, 69, 89, -9999, -9999, -9999, -9999, -9999, -9999, -9999, -9999, -9999, 80, 71, -9999, 46, -9999, -9999, -9999, -9999, -9999, 4, -9999, 8, -9999, -9999, -9999, -9999, -9999, -9999, -9999, -9999, 46, -9999, -9999, -9999, -9999, 4, -9999, -9999, -9999, -9999, 97, 75, -9999, -9999, -9999, -9999, 19, -9999, -9999, -9999, -9999, -9999, -9999, -9999, -9999, -9999, -9999, -9999, -9999, -9999, -9999, 1, 1, 1, 1, 1],
[-9999, -9999, -9999, -9999, -9999, -9999, -9999, -9999, 44, -9999, -9999, 86, -9999, -9999, -9999, 1, 42, 33, 26, 8, 61, -9999, -9999, -9999, 59, 63, -9999, 22, 76, -9999, -9999, -9999, 4, 30, -9999, 9, 94, 85, 9, 54, -9999, 71, -9999, 4, -9999, -9999, 51, -9999, -9999, 20, -9999, 14, -9999, -9999, -9999, -9999, -9999, -9999, -9999, -9999, 97, 72, -9999, 2, 84, -9999, 87, 100, -9999, 65, -9999, -9999, -9999, -9999, 70, 54, 40, 32, 67, -9999, 64, 22, 39, -9999, -9999, -9999, -9999, -9999, -9999, 75, -9999, -9999, -9999, 100, -9999, -9999, -9999, 20, -9999, -9999, 1, 1, 1, 1, 1],
[-9999, -9999, -9999, -9999, -9999, 96, -9999, -9999, 29, -9999, -9999, 71, -9999, 94, -9999, 18, -9999, 72, 13, 23, 22, 76, 52, -9999, -9999, 63, 54, 61, 46, -9999, -9999, -9999, 38, 68, -9999, 14, -9999, -9999, 57, 89, 25, -9999, 85, -9999, -9999, 2, -9999, -9999, -9999, -9999, 25, 59, -9999, -9999, 31, -9999, -9999, 25, -9999, -9999, -9999, -9999, -9999, 90, -9999, 38, 71, 86, -9999, 40, 76, -9999, 45, -9999, -9999, -9999, -9999, 63, 54, 4, 60, -9999, 32, 89, -9999, 88, -9999, -9999, 2, -9999, 37, -9999, -9999, -9999, 82, 49, 56, 8, 25, -9999, 1, 1, 1, 1, 1],
[-9999, -9999, -9999, -9999, -9999, -9999, -9999, -9999, -9999, -9999, -9999, -9999, -9999, -9999, -9999, -9999, -9999, -9999, -9999, 89, -9999, -9999, -9999, -9999, -9999, -9999, -9999, -9999, -9999, -9999, -9999, -9999, -9999, 20, -9999, -9999, 75, -9999, -9999, 81, -9999, -9999, -9999, -9999, -9999, -9999, -9999, -9999, -9999, -9999, 55, -9999, -9999, -9999, -9999, 39, -9999, -9999, 18, -9999, -9999, -9999, -9999, -9999, -9999, -9999, -9999, -9999, -9999, 91, -9999, -9999, -9999, -9999, 100, 72, -9999, -9999, -9999, -9999, -9999, -9999, -9999, -9999, -9999, 49, -9999, -9999, -9999, 84, -9999, -9999, -9999, -9999, -9999, -9999, -9999, -9999, -9999, -9999, 1, 1, 1, 1, 1],
[-9999, -9999, -9999, -9999, -9999, 78, -9999, -9999, 49, -9999, 6, 48, -9999, 41, -9999, 37, 74, -9999, -9999, -9999, 63, 37, -9999, -9999, -9999, -9999, -9999, 59, 71, -9999, -9999, -9999, 56, 26, -9999, 75, -9999, -9999, -9999, 4, 39, -9999, -9999, -9999, -9999, -9999, 75, -9999, -9999, 13, -9999, 76, -9999, -9999, -9999, -9999, -9999, -9999, -9999, -9999, -9999, 18, -9999, 31, -9999, 60, 15, 42, -9999, 26, -9999, 53, -9999, -9999, -9999, 43, -9999, 18, 45, 77, -9999, 20, 63, -9999, -9999, -9999, -9999, -9999, 68, -9999, 58, -9999, -9999, 53, 50, -9999, -9999, -9999, -9999, 51, 1, 1, 1, 1, 1],
[-9999, -9999, -9999, -9999, -9999, -9999, -9999, -9999, -9999, -9999, -9999, -9999, -9999, -9999, -9999, -9999, -9999, -9999, -9999, 38, -9999, -9999, -9999, -9999, -9999, 53, -9999, -9999, -9999, -9999, -9999, -9999, -9999, 7, -9999, -9999, -9999, -9999, 41, 78, -9999, -9999, -9999, -9999, -9999, -9999, -9999, -9999, -9999, 3, 45, -9999, -9999, -9999, -9999, -9999, -9999, -9999, 48, -9999, 29, 93, -9999, -9999, -9999, -9999, -9999, 50, -9999, 86, -9999, -9999, -9999, -9999, 11, -9999, -9999, -9999, -9999, 65, -9999, -9999, -9999, -9999, -9999, 5, -9999, -9999, -9999, 92, -9999, -9999, -9999, -9999, -9999, -9999, -9999, -9999, -9999, -9999, 1, 1, 1, 1, 1],
[-9999, -9999, -9999, -9999, -9999, -9999, -9999, -9999, 2, -9999, -9999, 46, -9999, -9999, -9999, 28, 72, 4, -9999, 66, 6, 47, -9999, -9999, 7, -9999, -9999, 41, 18, -9999, -9999, -9999, 90, 40, -9999, 69, 2, -9999, 87, 98, 13, 29, -9999, 39, -9999, -9999, -9999, 97, -9999, 15, 8, -9999, -9999, -9999, -9999, -9999, -9999, 42, -9999, -9999, 61, -9999, -9999, 9, 37, -9999, 79, 26, 42, 78, -9999, -9999, -9999, -9999, 70, 21, 59, -9999, 9, 18, -9999, 63, 20, -9999, 18, 64, -9999, -9999, 77, 66, -9999, 69, -9999, -9999, 90, -9999, -9999, -9999, 68, -9999, 1, 1, 1, 1, 1],
[-9999, -9999, -9999, -9999, -9999, -9999, -9999, -9999, 2, -9999, -9999, 22, -9999, -9999, -9999, -9999, -9999, 56, 48, 65, 14, -9999, -9999, -9999, -9999, -9999, -9999, 100, 97, -9999, 24, -9999, 47, 75, -9999, 57, -9999, -9999, -9999, 77, 7, -9999, -9999, 13, -9999, -9999, -9999, 52, -9999, 42, 63, 37, -9999, -9999, -9999, -9999, 28, 92, 81, -9999, -9999, -9999, -9999, 69, -9999, -9999, 68, -9999, -9999, 51, -9999, 24, -9999, -9999, -9999, 42, 59, 6, 86, 6, 34, 15, 95, -9999, -9999, 67, -9999, -9999, 97, 90, -9999, -9999, -9999, -9999, -9999, -9999, -9999, 66, -9999, -9999, 1, 1, 1, 1, 1],
[-9999, -9999, -9999, -9999, -9999, -9999, -9999, -9999, -9999, -9999, -9999, -9999, -9999, -9999, -9999, -9999, -9999, -9999, -9999, -9999, -9999, -9999, -9999, -9999, -9999, 36, -9999, -9999, -9999, -9999, -9999, -9999, -9999, 20, -9999, -9999, -9999, -9999, 47, 50, -9999, -9999, -9999, -9999, -9999, -9999, -9999, -9999, -9999, -9999, 73, -9999, -9999, -9999, -9999, -9999, -9999, -9999, 50, -9999, -9999, 7, -9999, -9999, -9999, -9999, -9999, 82, -9999, 27, -9999, -9999, -9999, -9999, 72, -9999, -9999, -9999, -9999, -9999, -9999, -9999, -9999, -9999, -9999, -9999, -9999, -9999, -9999, -9999, -9999, -9999, -9999, -9999, -9999, -9999, -9999, -9999, -9999, -9999, 1, 1, 1, 1, 1],
[-9999, -9999, -9999, -9999, -9999, -9999, -9999, -9999, -9999, -9999, -9999, -9999, -9999, -9999, -9999, -9999, -9999, -9999, -9999, 74, -9999, -9999, -9999, -9999, -9999, -9999, -9999, -9999, -9999, -9999, -9999, -9999, -9999, 21, -9999, -9999, -9999, -9999, 57, 75, -9999, -9999, -9999, -9999, -9999, -9999, -9999, -9999, -9999, 23, -9999, -9999, -9999, -9999, -9999, -9999, -9999, -9999, 68, -9999, 83, -9999, -9999, -9999, -9999, -9999, -9999, -9999, -9999, 80, -9999, -9999, -9999, -9999, 65, 31, -9999, -9999, -9999, -9999, 86, -9999, -9999, -9999, -9999, 100, -9999, -9999, -9999, 85, -9999, -9999, -9999, -9999, -9999, -9999, -9999, -9999, -9999, -9999, 1, 1, 1, 1, 1],
[-9999, -9999, -9999, -9999, -9999, -9999, -9999, -9999, -9999, -9999, -9999, -9999, -9999, -9999, -9999, -9999, -9999, -9999, -9999, -9999, -9999, -9999, -9999, -9999, -9999, -9999, -9999, -9999, -9999, -9999, -9999, -9999, -9999, 81, -9999, -9999, -9999, -9999, -9999, 35, -9999, -9999, -9999, -9999, -9999, -9999, -9999, -9999, -9999, -9999, 3, -9999, -9999, -9999, -9999, -9999, -9999, -9999, 36, -9999, 64, 43, 91, -9999, -9999, -9999, -9999, 10, -9999, 43, -9999, -9999, -9999, -9999, 86, 6, -9999, -9999, -9999, -9999, 72, -9999, -9999, -9999, -9999, 65, -9999, -9999, -9999, -9999, -9999, -9999, -9999, -9999, -9999, -9999, -9999, -9999, -9999, -9999, 1, 1, 1, 1, 1],
[-9999, -9999, -9999, -9999, -9999, -9999, -9999, -9999, -9999, -9999, -9999, 77, -9999, -9999, -9999, 40, -9999, -9999, -9999, -9999, -9999, -9999, -9999, -9999, 52, -9999, -9999, -9999, -9999, -9999, -9999, -9999, -9999, -9999, -9999, -9999, -9999, -9999, -9999, -9999, -9999, -9999, -9999, 50, -9999, -9999, -9999, -9999, -9999, -9999, -9999, -9999, -9999, -9999, -9999, 51, -9999, -9999, -9999, -9999, -9999, -9999, -9999, -9999, -9999, -9999, -9999, -9999, -9999, -9999, -9999, -9999, -9999, -9999, -9999, -9999, -9999, -9999, -9999, -9999, -9999, -9999, -9999, -9999, -9999, -9999, -9999, -9999, -9999, -9999, -9999, -9999, -9999, -9999, -9999, -9999, -9999, -9999, -9999, -9999, 1, 1, 1, 1, 1],
[-9999, -9999, -9999, -9999, -9999, -9999, -9999, -9999, -9999, -9999, -9999, -9999, -9999, -9999, -9999, -9999, -9999, -9999, -9999, -9999, -9999, -9999, -9999, -9999, -9999, 33, -9999, -9999, -9999, -9999, -9999, -9999, -9999, 9, -9999, -9999, 85, -9999, 95, 26, -9999, -9999, -9999, -9999, -9999, -9999, -9999, -9999, -9999, 7, -9999, -9999, -9999, -9999, -9999, -9999, -9999, -9999, -9999, -9999, -9999, 99, -9999, -9999, -9999, -9999, -9999, 4, -9999, 63, -9999, -9999, -9999, -9999, 15, 48, -9999, -9999, -9999, -9999, -9999, -9999, -9999, -9999, -9999, 42, -9999, -9999, -9999, -9999, -9999, -9999, -9999, -9999, -9999, -9999, -9999, -9999, -9999, -9999, 1, 1, 1, 1, 1],
[-9999, -9999, -9999, -9999, -9999, -9999, -9999, -9999, -9999, -9999, -9999, -9999, -9999, -9999, -9999, -9999, -9999, -9999, -9999, -9999, -9999, -9999, -9999, -9999, -9999, -9999, -9999, -9999, -9999, -9999, -9999, -9999, -9999, -9999, -9999, -9999, -9999, -9999, -9999, -9999, -9999, -9999, -9999, -9999, -9999, -9999, -9999, -9999, -9999, -9999, -9999, -9999, -9999, -9999, -9999, -9999, -9999, -9999, -9999, -9999, -9999, -9999, -9999, -9999, -9999, -9999, -9999, -9999, -9999, -9999, -9999, -9999, -9999, -9999, -9999, -9999, -9999, -9999, -9999, -9999, -9999, -9999, -9999, -9999, -9999, -9999, -9999, -9999, -9999, -9999, -9999, -9999, -9999, -9999, -9999, -9999, -9999, -9999, -9999, -9999, -9999, -9999, -9999, -9999, -9999],
[-9999, -9999, -9999, -9999, -9999, -9999, -9999, -9999, -9999, -9999, -9999, -9999, -9999, -9999, -9999, -9999, -9999, -9999, -9999, -9999, -9999, -9999, -9999, -9999, -9999, -9999, -9999, -9999, -9999, -9999, -9999, -9999, -9999, -9999, -9999, -9999, -9999, -9999, -9999, -9999, -9999, -9999, -9999, -9999, -9999, -9999, -9999, -9999, -9999, -9999, -9999, -9999, -9999, -9999, -9999, -9999, -9999, -9999, -9999, -9999, -9999, -9999, -9999, -9999, -9999, -9999, -9999, -9999, -9999, -9999, -9999, -9999, -9999, -9999, -9999, -9999, -9999, -9999, -9999, -9999, -9999, -9999, -9999, -9999, -9999, -9999, -9999, -9999, -9999, -9999, -9999, -9999, -9999, -9999, -9999, -9999, -9999, -9999, -9999, -9999, -9999, -9999, -9999, -9999, -9999],
[-9999, -9999, -9999, -9999, -9999, -9999, -9999, -9999, -9999, -9999, -9999, -9999, -9999, -9999, -9999, -9999, -9999, -9999, -9999, -9999, -9999, -9999, -9999, -9999, -9999, -9999, -9999, -9999, -9999, -9999, -9999, -9999, -9999, -9999, -9999, -9999, -9999, -9999, -9999, -9999, -9999, -9999, -9999, -9999, -9999, -9999, -9999, -9999, -9999, -9999, -9999, -9999, -9999, -9999, -9999, -9999, -9999, -9999, -9999, -9999, -9999, -9999, -9999, -9999, -9999, -9999, -9999, -9999, -9999, -9999, -9999, -9999, -9999, -9999, -9999, -9999, -9999, -9999, -9999, -9999, -9999, -9999, -9999, -9999, -9999, -9999, -9999, -9999, -9999, -9999, -9999, -9999, -9999, -9999, -9999, -9999, -9999, -9999, -9999, -9999, -9999, -9999, -9999, -9999, -9999],
[-9999, -9999, -9999, -9999, -9999, -9999, -9999, -9999, -9999, -9999, -9999, -9999, -9999, -9999, -9999, -9999, -9999, -9999, -9999, -9999, -9999, -9999, -9999, -9999, -9999, -9999, -9999, -9999, -9999, -9999, -9999, -9999, -9999, -9999, -9999, -9999, -9999, -9999, -9999, -9999, -9999, -9999, -9999, -9999, -9999, -9999, -9999, -9999, -9999, -9999, -9999, -9999, -9999, -9999, -9999, -9999, -9999, -9999, -9999, -9999, -9999, -9999, -9999, -9999, -9999, -9999, -9999, -9999, -9999, -9999, -9999, -9999, -9999, -9999, -9999, -9999, -9999, -9999, -9999, -9999, -9999, -9999, -9999, -9999, -9999, -9999, -9999, -9999, -9999, -9999, -9999, -9999, -9999, -9999, -9999, -9999, -9999, -9999, -9999, -9999, -9999, -9999, -9999, -9999, -9999],
[-9999, -9999, -9999, -9999, -9999, -9999, -9999, -9999, -9999, -9999, -9999, -9999, -9999, -9999, -9999, -9999, -9999, -9999, -9999, -9999, -9999, -9999, -9999, -9999, -9999, -9999, -9999, -9999, -9999, -9999, -9999, -9999, -9999, -9999, -9999, -9999, -9999, -9999, -9999, -9999, -9999, -9999, -9999, -9999, -9999, -9999, -9999, -9999, -9999, -9999, -9999, -9999, -9999, -9999, -9999, -9999, -9999, -9999, -9999, -9999, -9999, -9999, -9999, -9999, -9999, -9999, -9999, -9999, -9999, -9999, -9999, -9999, -9999, -9999, -9999, -9999, -9999, -9999, -9999, -9999, -9999, -9999, -9999, -9999, -9999, -9999, -9999, -9999, -9999, -9999, -9999, -9999, -9999, -9999, -9999, -9999, -9999, -9999, -9999, -9999, -9999, -9999, -9999, -9999, -9999]
];
