NbNodes = 105;
NbNDDs = 5;
NbPairs = 95;
NbTerminals = 5;
K = 0;
L = 97;
Wt = [
[-9999, -9999, -9999, -9999, -9999, -9999, -9999, -9999, 40, -9999, -9999, -9999, -9999, -9999, -9999, -9999, -9999, -9999, -9999, -9999, -9999, 21, 64, 100, -9999, 50, -9999, -9999, -9999, -9999, -9999, -9999, -9999, -9999, -9999, -9999, -9999, -9999, -9999, -9999, -9999, -9999, -9999, 93, 75, 86, -9999, -9999, -9999, 37, -9999, -9999, 64, -9999, -9999, -9999, -9999, -9999, -9999, -9999, -9999, -9999, -9999, -9999, -9999, -9999, -9999, -9999, -9999, -9999, -9999, 90, -9999, -9999, -9999, -9999, 89, -9999, -9999, -9999, -9999, -9999, -9999, 73, -9999, -9999, -9999, -9999, -9999, -9999, -9999, 25, 92, -9999, -9999, -9999, -9999, -9999, -9999, 3, 1, 1, 1, 1, 1],
[-9999, -9999, -9999, -9999, -9999, -9999, 55, -9999, -9999, 58, 44, 80, 42, -9999, -9999, -9999, -9999, 30, 77, -9999, -9999, 74, -9999, -9999, 22, -9999, -9999, -9999, -9999, -9999, -9999, -9999, -9999, -9999, -9999, -9999, -9999, -9999, -9999, -9999, -9999, -9999, 98, -9999, 58, 84, -9999, -9999, -9999, -9999, -9999, -9999, -9999, -9999, -9999, 77, -9999, -9999, -9999, 66, -9999, 28, -9999, 52, -9999, -9999, -9999, -9999, -9999, -9999, 60, -9999, -9999, 5, -9999, -9999, -9999, -9999, 44, 3, -9999, -9999, -9999, 3, -9999, 91, 3, 74, -9999, -9999, 96, -9999, 12, 26, -9999, -9999, -9999, -9999, 5, 39, 1, 1, 1, 1, 1],
[-9999, -9999, -9999, -9999, -9999, 67, 91, -9999, -9999, -9999, 7, 43, 99, -9999, -9999, -9999, -9999, -9999, 91, -9999, -9999, 90, -9999, 8, 57, -9999, 23, -9999, -9999, 67, -9999, -9999, 9, -9999, -9999, 4, -9999, -9999, 61, 51, -9999, -9999, 59, -9999, 5, -9999, -9999, -9999, -9999, 74, -9999, -9999, -9999, -9999, -9999, -9999, -9999, -9999, -9999, -9999, -9999, 94, -9999, 33, 68, -9999, -9999, -9999, -9999, -9999, 25, 48, -9999, -9999, 84, -9999, -9999, 30, -9999, 1, -9999, 91, -9999, -9999, -9999, -9999, 79, 79, -9999, -9999, 54, 23, 77, -9999, 72, 75, -9999, -9999, 42, 97, 1, 1, 1, 1, 1],
[-9999, -9999, -9999, -9999, -9999, -9999, -9999, -9999, 93, -9999, -9999, -9999, -9999, -9999, -9999, -9999, -9999, -9999, -9999, -9999, -9999, 10, 65, -9999, -9999, 21, 65, -9999, -9999, -9999, -9999, -9999, -9999, -9999, -9999, -9999, -9999, -9999, -9999, 52, -9999, -9999, 61, 44, -9999, -9999, -9999, -9999, -9999, -9999, -9999, -9999, 38, -9999, -9999, -9999, -9999, 47, -9999, 80, -9999, -9999, -9999, -9999, -9999, -9999, -9999, -9999, -9999, -9999, -9999, 20, -9999, -9999, -9999, -9999, 51, -9999, -9999, -9999, -9999, -9999, -9999, -9999, -9999, -9999, -9999, 92, -9999, -9999, -9999, 95, 70, -9999, 96, 91, 66, -9999, -9999, 8, 1, 1, 1, 1, 1],
[-9999, -9999, -9999, -9999, -9999, -9999, -9999, -9999, -9999, -9999, -9999, -9999, -9999, -9999, -9999, -9999, 99, -9999, -9999, -9999, -9999, -9999, -9999, -9999, -9999, -9999, -9999, -9999, -9999, -9999, -9999, -9999, -9999, -9999, -9999, -9999, -9999, -9999, -9999, -9999, -9999, 82, -9999, -9999, -9999, -9999, -9999, -9999, -9999, -9999, -9999, -9999, -9999, -9999, -9999, -9999, -9999, -9999, -9999, -9999, -9999, -9999, -9999, -9999, -9999, -9999, -9999, -9999, -9999, -9999, -9999, -9999, -9999, -9999, -9999, -9999, -9999, -9999, -9999, -9999, -9999, -9999, -9999, -9999, -9999, -9999, -9999, -9999, -9999, -9999, -9999, -9999, -9999, -9999, -9999, -9999, -9999, -9999, -9999, -9999, 1, 1, 1, 1, 1],
[-9999, -9999, -9999, -9999, -9999, -9999, -9999, 32, -9999, 53, 56, 12, 19, -9999, 74, -9999, 78, 69, 26, 95, 89, -9999, -9999, 15, -9999, 100, 48, -9999, -9999, 55, -9999, 42, -9999, 47, -9999, 1, 50, -9999, -9999, 92, 79, -9999, 24, 74, -9999, 60, -9999, -9999, -9999, 73, -9999, -9999, 91, -9999, 62, 44, 4, -9999, 66, 32, 18, 74, 47, 56, -9999, 68, -9999, 68, 92, 88, 55, 25, -9999, 48, -9999, -9999, 49, -9999, -9999, 1, -9999, 71, -9999, -9999, 45, -9999, -9999, -9999, -9999, -9999, 20, 52, 7, 35, 9, 21, 70, -9999, 72, 28, 1, 1, 1, 1, 1],
[-9999, -9999, -9999, -9999, -9999, 41, -9999, -9999, -9999, -9999, -9999, -9999, -9999, -9999, -9999, -9999, -9999, -9999, -9999, -9999, -9999, 85, -9999, 37, -9999, -9999, -9999, -9999, -9999, -9999, -9999, -9999, -9999, -9999, -9999, -9999, -9999, -9999, -9999, 37, -9999, -9999, -9999, 49, 47, 22, -9999, -9999, -9999, 73, -9999, -9999, 92, 10, -9999, -9999, -9999, -9999, -9999, -9999, -9999, -9999, -9999, -9999, -9999, -9999, -9999, -9999, -9999, -9999, -9999, 80, -9999, -9999, -9999, -9999, 60, -9999, -9999, 40, -9999, 16, -9999, -9999, -9999, -9999, -9999, 8, -9999, -9999, -9999, 25, 41, -9999, 32, -9999, -9999, -9999, -9999, -9999, 1, 1, 1, 1, 1],
[-9999, -9999, -9999, -9999, -9999, 76, -9999, -9999, -9999, -9999, -9999, -9999, -9999, -9999, -9999, -9999, -9999, -9999, -9999, -9999, -9999, 5, -9999, -9999, -9999, -9999, 22, -9999, -9999, -9999, -9999, -9999, -9999, -9999, 7, 8, -9999, -9999, -9999, 37, -9999, -9999, 39, 39, -9999, 41, -9999, -9999, -9999, 38, -9999, -9999, -9999, -9999, -9999, -9999, -9999, -9999, -9999, 16, -9999, -9999, -9999, -9999, -9999, -9999, -9999, -9999, -9999, -9999, -9999, 46, -9999, -9999, -9999, -9999, -9999, -9999, -9999, -9999, -9999, -9999, -9999, -9999, -9999, -9999, -9999, 90, -9999, -9999, -9999, -9999, -9999, -9999, 12, 72, 21, -9999, -9999, 77, 1, 1, 1, 1, 1],
[-9999, -9999, -9999, -9999, -9999, 12, 77, 69, -9999, -9999, 14, 31, 2, -9999, 29, -9999, 66, 2, 93, -9999, -9999, 27, 24, -9999, -9999, -9999, 86, 97, 38, -9999, -9999, 75, 1, 62, -9999, 30, 86, -9999, -9999, 82, 56, -9999, -9999, 57, -9999, 77, 58, -9999, -9999, -9999, -9999, 92, 58, -9999, 95, -9999, -9999, 68, 39, 47, 41, 92, 72, -9999, 70, 83, -9999, -9999, -9999, 65, 5, 97, 8, 30, -9999, -9999, -9999, 94, -9999, 62, 100, 18, -9999, -9999, -9999, -9999, 59, -9999, -9999, -9999, 1, -9999, 20, 5, -9999, -9999, 17, -9999, 6, 40, 1, 1, 1, 1, 1],
[-9999, -9999, -9999, -9999, -9999, -9999, 29, -9999, -9999, -9999, 81, -9999, 65, -9999, -9999, -9999, 27, -9999, 47, -9999, -9999, -9999, 26, -9999, 33, -9999, 33, -9999, 69, 18, -9999, -9999, -9999, -9999, -9999, 56, -9999, 5, 66, 31, -9999, -9999, -9999, 5, 61, 44, -9999, -9999, -9999, 96, -9999, -9999, 86, -9999, 46, 26, -9999, 89, -9999, 61, -9999, 51, -9999, 45, -9999, 71, -9999, -9999, -9999, -9999, 75, -9999, 15, 55, -9999, -9999, -9999, 32, 65, 53, -9999, 76, -9999, -9999, -9999, -9999, 63, 78, -9999, -9999, 24, 53, -9999, -9999, 94, 66, 44, -9999, 85, 24, 1, 1, 1, 1, 1],
[-9999, -9999, -9999, -9999, -9999, -9999, -9999, -9999, -9999, -9999, -9999, -9999, -9999, -9999, -9999, -9999, -9999, -9999, -9999, -9999, -9999, 68, 77, 62, -9999, -9999, 32, -9999, -9999, -9999, -9999, -9999, -9999, -9999, -9999, -9999, -9999, -9999, -9999, -9999, -9999, -9999, -9999, 8, -9999, 89, -9999, -9999, -9999, 33, -9999, -9999, 12, -9999, -9999, -9999, -9999, 27, -9999, 23, -9999, -9999, -9999, -9999, -9999, -9999, -9999, -9999, -9999, -9999, -9999, 36, -9999, -9999, -9999, -9999, -9999, -9999, -9999, 66, -9999, -9999, -9999, -9999, -9999, -9999, -9999, 39, -9999, -9999, -9999, -9999, 27, -9999, 17, 1, -9999, -9999, -9999, 72, 1, 1, 1, 1, 1],
[-9999, -9999, -9999, -9999, -9999, -9999, -9999, 84, 5, -9999, -9999, -9999, 15, 29, -9999, -9999, -9999, 21, 43, -9999, 2, 26, 54, 81, -9999, 63, -9999, -9999, 38, 51, -9999, 55, 61, 23, -9999, -9999, 65, -9999, 47, 26, 12, -9999, 77, 44, 3, 84, -9999, -9999, -9999, 25, -9999, -9999, 33, -9999, 43, -9999, -9999, -9999, -9999, -9999, 56, 77, 50, 24, -9999, -9999, -9999, 52, -9999, 3, 22, -9999, -9999, -9999, 11, -9999, 97, 43, 25, -9999, -9999, 64, -9999, -9999, -9999, 15, -9999, 79, -9999, 44, 17, -9999, 81, 24, -9999, 68, 7, -9999, 7, 86, 1, 1, 1, 1, 1],
[-9999, -9999, -9999, -9999, -9999, -9999, -9999, -9999, 11, -9999, -9999, -9999, -9999, -9999, -9999, -9999, -9999, -9999, -9999, -9999, -9999, 30, 30, 9, -9999, -9999, 37, -9999, -9999, -9999, -9999, 7, -9999, -9999, -9999, -9999, -9999, -9999, -9999, 10, -9999, -9999, 10, -9999, -9999, 3, -9999, -9999, -9999, 94, -9999, 28, -9999, -9999, -9999, -9999, -9999, -9999, -9999, -9999, -9999, -9999, -9999, -9999, -9999, -9999, -9999, -9999, -9999, -9999, -9999, -9999, 20, -9999, -9999, -9999, -9999, -9999, -9999, -9999, -9999, -9999, -9999, 42, -9999, -9999, -9999, 47, -9999, 71, -9999, 63, -9999, -9999, -9999, -9999, 99, -9999, -9999, -9999, 1, 1, 1, 1, 1],
[-9999, -9999, -9999, -9999, -9999, 63, -9999, -9999, -9999, 16, -9999, 12, 82, -9999, -9999, -9999, 17, 22, 21, -9999, -9999, 26, -9999, 41, 31, -9999, 68, -9999, 83, -9999, -9999, 21, 53, -9999, -9999, 1, -9999, -9999, 91, 62, -9999, -9999, -9999, -9999, 5, -9999, -9999, -9999, 33, 46, 72, -9999, 19, -9999, 26, 88, -9999, -9999, -9999, 25, -9999, 19, 15, 87, -9999, 75, -9999, -9999, -9999, -9999, 27, 71, 67, -9999, -9999, -9999, -9999, -9999, -9999, 12, -9999, 58, -9999, 31, -9999, 33, 24, 37, 55, -9999, 99, 57, 45, 34, 3, -9999, -9999, -9999, 74, -9999, 1, 1, 1, 1, 1],
[-9999, -9999, -9999, -9999, -9999, -9999, -9999, -9999, -9999, -9999, -9999, -9999, -9999, -9999, -9999, -9999, -9999, -9999, -9999, -9999, -9999, -9999, -9999, 76, -9999, -9999, -9999, -9999, -9999, -9999, -9999, -9999, -9999, -9999, -9999, -9999, -9999, -9999, -9999, 6, -9999, -9999, 28, -9999, -9999, 7, -9999, -9999, -9999, 65, -9999, 68, -9999, -9999, -9999, -9999, -9999, 38, -9999, 40, -9999, -9999, -9999, -9999, -9999, -9999, -9999, -9999, -9999, -9999, -9999, 34, -9999, -9999, -9999, -9999, 95, -9999, -9999, 72, -9999, -9999, -9999, -9999, -9999, -9999, -9999, 59, -9999, -9999, -9999, 2, -9999, -9999, -9999, 66, 89, -9999, -9999, -9999, 1, 1, 1, 1, 1],
[-9999, -9999, -9999, -9999, -9999, 63, -9999, -9999, 52, -9999, -9999, -9999, -9999, -9999, -9999, -9999, -9999, -9999, -9999, -9999, -9999, -9999, 54, 60, -9999, -9999, 77, -9999, -9999, -9999, -9999, -9999, -9999, -9999, -9999, 50, -9999, -9999, -9999, -9999, -9999, -9999, -9999, 26, 56, -9999, -9999, -9999, -9999, -9999, -9999, -9999, 11, -9999, -9999, -9999, -9999, 55, -9999, -9999, -9999, -9999, -9999, -9999, -9999, -9999, -9999, -9999, -9999, -9999, -9999, 24, -9999, -9999, -9999, -9999, -9999, -9999, -9999, 34, -9999, 51, -9999, -9999, -9999, -9999, -9999, 43, -9999, 81, -9999, -9999, -9999, -9999, 97, 52, -9999, -9999, -9999, 25, 1, 1, 1, 1, 1],
[-9999, -9999, -9999, -9999, -9999, 47, 93, 35, -9999, 50, 79, 15, 26, -9999, -9999, -9999, -9999, -9999, 86, 36, -9999, -9999, 22, 65, 86, -9999, 59, -9999, 11, 84, -9999, -9999, 85, -9999, -9999, -9999, -9999, -9999, 86, 41, -9999, -9999, -9999, 67, -9999, 58, -9999, -9999, 25, -9999, -9999, -9999, 100, -9999, -9999, 81, -9999, -9999, -9999, -9999, -9999, 74, 42, -9999, 77, 37, -9999, -9999, -9999, -9999, 76, -9999, 72, 99, -9999, -9999, -9999, -9999, 45, -9999, -9999, -9999, -9999, 26, 30, 28, 95, 89, -9999, -9999, 99, 52, 26, 27, -9999, -9999, 14, -9999, -9999, 92, 1, 1, 1, 1, 1],
[-9999, -9999, -9999, -9999, -9999, -9999, -9999, -9999, -9999, -9999, -9999, -9999, -9999, -9999, -9999, -9999, -9999, -9999, -9999, -9999, -9999, -9999, -9999, -9999, -9999, -9999, 95, -9999, -9999, -9999, -9999, -9999, -9999, -9999, -9999, -9999, -9999, -9999, -9999, -9999, -9999, -9999, 6, 79, 87, 74, -9999, -9999, -9999, 73, -9999, -9999, -9999, -9999, -9999, -9999, -9999, -9999, -9999, 64, -9999, -9999, -9999, -9999, -9999, -9999, -9999, -9999, -9999, -9999, -9999, 65, -9999, -9999, -9999, -9999, -9999, -9999, -9999, -9999, -9999, 71, -9999, 10, -9999, -9999, -9999, -9999, -9999, -9999, -9999, 91, 19, -9999, -9999, 28, 98, -9999, -9999, 64, 1, 1, 1, 1, 1],
[-9999, -9999, -9999, -9999, -9999, -9999, -9999, -9999, -9999, -9999, -9999, -9999, -9999, -9999, -9999, -9999, -9999, -9999, -9999, -9999, -9999, 79, 54, -9999, -9999, -9999, -9999, -9999, -9999, -9999, -9999, -9999, -9999, -9999, 74, -9999, -9999, -9999, -9999, 66, -9999, -9999, -9999, 78, -9999, 64, -9999, -9999, -9999, -9999, -9999, -9999, -9999, -9999, -9999, -9999, -9999, 5, -9999, 37, -9999, -9999, -9999, -9999, -9999, -9999, -9999, -9999, -9999, -9999, -9999, -9999, -9999, -9999, -9999, -9999, -9999, -9999, -9999, 42, -9999, 97, -9999, 5, -9999, -9999, -9999, -9999, -9999, -9999, -9999, -9999, 14, -9999, -9999, -9999, -9999, -9999, -9999, -9999, 1, 1, 1, 1, 1],
[-9999, -9999, -9999, -9999, -9999, -9999, -9999, -9999, -9999, -9999, -9999, -9999, -9999, -9999, -9999, -9999, -9999, -9999, -9999, -9999, -9999, -9999, -9999, -9999, -9999, -9999, -9999, -9999, -9999, -9999, -9999, -9999, -9999, -9999, -9999, -9999, -9999, -9999, -9999, -9999, -9999, -9999, -9999, -9999, -9999, -9999, -9999, -9999, -9999, 49, -9999, -9999, -9999, -9999, -9999, -9999, -9999, -9999, -9999, -9999, -9999, -9999, -9999, -9999, -9999, -9999, -9999, -9999, -9999, -9999, -9999, -9999, -9999, -9999, -9999, -9999, -9999, -9999, -9999, -9999, -9999, -9999, -9999, -9999, -9999, -9999, -9999, -9999, -9999, -9999, -9999, -9999, -9999, -9999, -9999, -9999, -9999, -9999, -9999, -9999, 1, 1, 1, 1, 1],
[-9999, -9999, -9999, -9999, -9999, -9999, -9999, -9999, -9999, -9999, -9999, -9999, -9999, -9999, -9999, -9999, -9999, -9999, -9999, -9999, -9999, -9999, -9999, -9999, -9999, -9999, 19, -9999, -9999, -9999, -9999, -9999, -9999, -9999, -9999, -9999, -9999, -9999, -9999, -9999, -9999, -9999, -9999, 72, -9999, 91, -9999, -9999, -9999, -9999, -9999, -9999, 3, -9999, -9999, -9999, -9999, 3, -9999, -9999, -9999, -9999, -9999, -9999, -9999, -9999, -9999, -9999, -9999, -9999, -9999, 72, -9999, -9999, -9999, -9999, 94, -9999, -9999, -9999, -9999, -9999, -9999, 85, -9999, -9999, -9999, 61, -9999, -9999, -9999, 18, -9999, -9999, 17, 16, 89, -9999, -9999, -9999, 1, 1, 1, 1, 1],
[-9999, -9999, -9999, -9999, -9999, 88, -9999, -9999, -9999, -9999, -9999, -9999, -9999, -9999, -9999, -9999, -9999, -9999, -9999, -9999, -9999, -9999, 100, 59, -9999, -9999, 89, -9999, -9999, -9999, -9999, 30, -9999, -9999, -9999, -9999, -9999, -9999, -9999, -9999, -9999, -9999, 15, 51, 73, 42, -9999, -9999, -9999, 10, -9999, -9999, 68, -9999, -9999, -9999, -9999, -9999, -9999, 36, -9999, -9999, -9999, -9999, -9999, -9999, -9999, -9999, -9999, -9999, -9999, 100, -9999, -9999, -9999, -9999, -9999, -9999, -9999, 55, -9999, 51, -9999, -9999, -9999, -9999, -9999, 8, -9999, -9999, -9999, 39, -9999, -9999, -9999, -9999, -9999, -9999, -9999, -9999, 1, 1, 1, 1, 1],
[-9999, -9999, -9999, -9999, -9999, 12, 30, -9999, 29, -9999, -9999, -9999, -9999, -9999, 18, -9999, 97, -9999, 40, -9999, 67, 63, -9999, 70, 94, -9999, 61, -9999, -9999, 95, -9999, 54, 36, 98, -9999, -9999, 41, -9999, 45, 45, 21, -9999, 65, 20, 48, 39, -9999, -9999, -9999, 99, -9999, -9999, 95, -9999, -9999, -9999, -9999, -9999, 11, 56, 70, 62, 29, -9999, -9999, 99, -9999, 22, -9999, 82, 66, -9999, -9999, -9999, 13, -9999, -9999, -9999, 70, -9999, 18, 16, -9999, 8, -9999, -9999, 88, 55, -9999, -9999, 32, -9999, -9999, -9999, 60, -9999, 65, -9999, 91, -9999, 1, 1, 1, 1, 1],
[-9999, -9999, -9999, -9999, -9999, -9999, -9999, -9999, -9999, -9999, -9999, -9999, -9999, -9999, -9999, -9999, 56, -9999, -9999, -9999, -9999, -9999, -9999, -9999, -9999, -9999, -9999, -9999, -9999, -9999, -9999, -9999, -9999, -9999, -9999, -9999, -9999, -9999, -9999, -9999, -9999, -9999, -9999, -9999, -9999, -9999, -9999, -9999, -9999, -9999, -9999, -9999, -9999, -9999, -9999, -9999, -9999, -9999, -9999, -9999, -9999, -9999, -9999, -9999, -9999, -9999, -9999, -9999, -9999, -9999, -9999, -9999, -9999, -9999, -9999, -9999, -9999, -9999, -9999, -9999, -9999, -9999, -9999, -9999, -9999, -9999, -9999, -9999, -9999, -9999, -9999, -9999, -9999, -9999, -9999, -9999, -9999, -9999, -9999, -9999, 1, 1, 1, 1, 1],
[-9999, -9999, -9999, -9999, -9999, -9999, -9999, -9999, -9999, -9999, -9999, -9999, -9999, -9999, -9999, -9999, -9999, -9999, -9999, -9999, -9999, -9999, -9999, -9999, -9999, -9999, -9999, -9999, -9999, -9999, -9999, -9999, -9999, -9999, -9999, -9999, -9999, -9999, -9999, -9999, -9999, -9999, -9999, -9999, -9999, -9999, -9999, -9999, -9999, 43, -9999, -9999, -9999, -9999, -9999, -9999, -9999, -9999, -9999, -9999, -9999, -9999, -9999, -9999, -9999, -9999, -9999, -9999, -9999, -9999, -9999, -9999, -9999, -9999, -9999, -9999, -9999, -9999, -9999, -9999, -9999, -9999, -9999, -9999, -9999, -9999, -9999, -9999, -9999, -9999, -9999, -9999, -9999, -9999, -9999, -9999, -9999, -9999, -9999, -9999, 1, 1, 1, 1, 1],
[-9999, -9999, -9999, -9999, -9999, -9999, 1, -9999, 63, 77, 42, 39, 52, -9999, -9999, -9999, -9999, 94, 51, -9999, -9999, 50, -9999, 47, 68, -9999, 100, 19, 6, 90, -9999, 91, 39, -9999, -9999, -9999, 70, -9999, -9999, 44, -9999, -9999, 41, 59, 37, 25, -9999, -9999, -9999, -9999, -9999, -9999, -9999, -9999, -9999, -9999, -9999, -9999, -9999, -9999, 30, 69, 18, -9999, -9999, 13, -9999, 54, -9999, 100, 35, -9999, -9999, -9999, -9999, -9999, -9999, -9999, 6, 32, 53, 58, 93, -9999, -9999, -9999, -9999, 84, -9999, 18, 49, -9999, 16, -9999, 55, -9999, 30, 82, 55, 98, 1, 1, 1, 1, 1],
[-9999, -9999, -9999, -9999, -9999, -9999, 13, 80, -9999, 29, 10, -9999, -9999, -9999, 94, -9999, -9999, 2, 99, -9999, -9999, 73, 21, 64, -9999, 22, -9999, -9999, 71, -9999, -9999, 52, 87, -9999, -9999, -9999, -9999, -9999, 22, -9999, 3, -9999, 61, -9999, -9999, -9999, -9999, -9999, -9999, -9999, -9999, 52, 34, -9999, -9999, -9999, -9999, 66, 52, 29, -9999, 55, 11, 61, -9999, 71, -9999, -9999, -9999, 26, 86, -9999, -9999, 34, 87, -9999, -9999, 94, 3, 94, -9999, -9999, -9999, 80, 10, 67, -9999, -9999, -9999, 98, 49, -9999, 99, 42, -9999, 2, -9999, -9999, 48, -9999, 1, 1, 1, 1, 1],
[-9999, -9999, -9999, -9999, -9999, 89, 23, 42, -9999, 18, -9999, -9999, 71, -9999, -9999, -9999, 9, 34, 14, -9999, -9999, -9999, -9999, -9999, 4, -9999, -9999, -9999, 53, -9999, -9999, 98, 32, -9999, -9999, 93, -9999, -9999, 88, 26, -9999, -9999, -9999, 88, 32, 17, -9999, -9999, -9999, 22, -9999, -9999, -9999, 48, 69, 49, -9999, 61, -9999, 78, -9999, 5, -9999, 82, -9999, 75, -9999, -9999, -9999, -9999, 73, 85, -9999, -9999, -9999, -9999, -9999, 91, 34, 94, -9999, 23, -9999, -9999, -9999, -9999, -9999, -9999, -9999, -9999, 20, 45, 71, 95, -9999, 81, 51, -9999, 29, 8, 1, 1, 1, 1, 1],
[-9999, -9999, -9999, -9999, -9999, 69, 3, -9999, -9999, -9999, 59, 63, 5, -9999, -9999, -9999, 2, 49, -9999, -9999, -9999, 53, 5, -9999, 63, -9999, 76, -9999, -9999, -9999, -9999, 14, 80, -9999, -9999, 95, -9999, -9999, -9999, 82, -9999, -9999, 96, -9999, 39, 47, -9999, -9999, -9999, 92, 24, -9999, 38, -9999, -9999, 48, -9999, 30, -9999, 22, -9999, 59, -9999, -9999, -9999, 15, -9999, -9999, -9999, -9999, 2, 53, -9999, 22, -9999, -9999, -9999, -9999, -9999, 55, -9999, 74, -9999, 3, -9999, -9999, -9999, 69, -9999, -9999, 8, 20, -9999, -9999, 22, -9999, 83, 69, 96, 68, 1, 1, 1, 1, 1],
[-9999, -9999, -9999, -9999, -9999, 50, -9999, -9999, -9999, 50, -9999, 28, 90, -9999, -9999, 17, 43, 34, 28, -9999, -9999, -9999, -9999, 46, 98, -9999, 41, -9999, -9999, -9999, -9999, -9999, -9999, -9999, -9999, -9999, -9999, -9999, 75, 45, -9999, -9999, -9999, 97, -9999, -9999, -9999, -9999, -9999, 45, -9999, -9999, 67, -9999, -9999, -9999, -9999, -9999, -9999, 99, -9999, 33, 47, -9999, -9999, -9999, 11, -9999, -9999, -9999, 21, -9999, -9999, -9999, 50, -9999, 27, 36, 15, -9999, -9999, 92, -9999, -9999, -9999, -9999, -9999, -9999, -9999, -9999, 38, -9999, 54, -9999, 80, 15, -9999, -9999, 97, 63, 1, 1, 1, 1, 1],
[-9999, -9999, -9999, -9999, -9999, 21, 94, 86, -9999, -9999, -9999, 66, 63, 12, -9999, -9999, -9999, -9999, 58, -9999, -9999, -9999, 20, -9999, 23, -9999, 38, -9999, -9999, 39, -9999, 20, 45, -9999, -9999, 71, -9999, -9999, -9999, 88, -9999, -9999, 47, 95, -9999, 36, -9999, -9999, -9999, -9999, -9999, -9999, 9, -9999, 19, 31, -9999, -9999, -9999, 49, -9999, 17, 23, 67, -9999, 38, -9999, -9999, -9999, -9999, 84, 92, -9999, 78, 82, -9999, -9999, -9999, -9999, 77, -9999, -9999, -9999, -9999, -9999, 75, -9999, 90, -9999, -9999, 34, 60, 1, 3, 57, 80, 15, 33, 82, -9999, 1, 1, 1, 1, 1],
[-9999, -9999, -9999, -9999, -9999, -9999, -9999, -9999, -9999, -9999, -9999, -9999, -9999, -9999, -9999, -9999, -9999, -9999, -9999, -9999, -9999, -9999, -9999, 54, -9999, -9999, -9999, -9999, -9999, -9999, -9999, -9999, -9999, -9999, -9999, 96, -9999, -9999, -9999, 26, -9999, -9999, 13, 69, 68, 39, -9999, -9999, -9999, 60, -9999, -9999, 72, -9999, -9999, -9999, -9999, -9999, -9999, 89, -9999, -9999, -9999, -9999, -9999, -9999, -9999, -9999, -9999, -9999, -9999, 61, -9999, -9999, -9999, -9999, 31, -9999, -9999, 58, -9999, -9999, -9999, -9999, -9999, -9999, -9999, -9999, -9999, -9999, -9999, -9999, 51, -9999, 65, -9999, -9999, -9999, -9999, -9999, 1, 1, 1, 1, 1],
[-9999, -9999, -9999, -9999, -9999, 24, 22, -9999, -9999, 51, -9999, 75, 49, -9999, -9999, -9999, 93, 15, 3, -9999, -9999, 87, -9999, 50, 48, -9999, 5, -9999, -9999, 71, -9999, 68, -9999, -9999, -9999, -9999, -9999, -9999, 5, 6, -9999, -9999, 88, 63, 10, -9999, -9999, -9999, -9999, 90, -9999, -9999, 75, -9999, 83, -9999, -9999, 44, -9999, 73, -9999, 9, 11, 43, -9999, -9999, -9999, -9999, -9999, -9999, 43, -9999, -9999, 86, -9999, -9999, 93, 54, -9999, 4, -9999, -9999, -9999, -9999, -9999, 2, -9999, -9999, -9999, -9999, 90, 96, -9999, 11, 7, 6, 29, -9999, 33, 19, 1, 1, 1, 1, 1],
[-9999, -9999, -9999, -9999, -9999, 94, -9999, -9999, -9999, -9999, -9999, -9999, -9999, -9999, -9999, 19, -9999, -9999, -9999, -9999, -9999, 94, 77, -9999, -9999, -9999, 85, -9999, -9999, -9999, -9999, 10, -9999, -9999, -9999, -9999, -9999, -9999, -9999, 47, -9999, -9999, 81, -9999, 77, -9999, -9999, -9999, -9999, -9999, -9999, -9999, 43, -9999, -9999, -9999, -9999, 71, -9999, 8, -9999, -9999, -9999, -9999, -9999, -9999, -9999, -9999, -9999, -9999, -9999, 98, -9999, -9999, -9999, -9999, 84, -9999, -9999, -9999, -9999, 2, -9999, 18, -9999, -9999, -9999, -9999, -9999, -9999, -9999, -9999, -9999, -9999, 22, 76, 83, -9999, -9999, 68, 1, 1, 1, 1, 1],
[-9999, -9999, -9999, -9999, -9999, 17, 17, -9999, -9999, 52, -9999, 34, -9999, 15, -9999, -9999, 64, 49, 92, 89, -9999, 62, -9999, 51, 43, -9999, 49, -9999, 41, 30, -9999, -9999, 34, -9999, -9999, 56, -9999, -9999, 55, -9999, -9999, -9999, 50, 60, 37, -9999, -9999, -9999, -9999, -9999, -9999, -9999, -9999, -9999, -9999, -9999, -9999, 48, -9999, 71, -9999, 84, 49, -9999, -9999, 45, -9999, -9999, -9999, -9999, 35, -9999, -9999, -9999, 36, -9999, -9999, -9999, -9999, 21, -9999, 61, -9999, 14, -9999, 34, 33, 51, -9999, -9999, 68, -9999, -9999, 38, 12, 15, 40, -9999, 54, 98, 1, 1, 1, 1, 1],
[-9999, -9999, -9999, -9999, -9999, -9999, 80, 86, -9999, -9999, 23, 47, -9999, -9999, -9999, -9999, 68, 29, 58, -9999, -9999, 59, 6, 45, 15, -9999, 59, -9999, -9999, 76, -9999, 69, -9999, -9999, -9999, -9999, -9999, -9999, -9999, 80, -9999, -9999, 44, 23, 85, 37, -9999, -9999, -9999, 1, -9999, -9999, 87, 53, 31, 38, 21, 42, -9999, -9999, -9999, 20, 89, -9999, -9999, 32, -9999, -9999, -9999, -9999, 19, 68, -9999, 62, 47, -9999, 56, -9999, -9999, 31, -9999, -9999, -9999, 56, -9999, 23, 78, -9999, -9999, -9999, 47, 7, 38, 75, 93, 1, 31, -9999, 76, -9999, 1, 1, 1, 1, 1],
[-9999, -9999, -9999, -9999, -9999, 64, 35, 69, -9999, -9999, -9999, 1, 2, -9999, -9999, 93, -9999, -9999, 90, -9999, -9999, 81, 52, -9999, 53, -9999, -9999, -9999, 75, 61, -9999, 41, 64, -9999, 91, -9999, -9999, -9999, -9999, 36, -9999, -9999, -9999, 19, 91, 28, -9999, -9999, -9999, 76, 19, -9999, -9999, -9999, -9999, 46, 18, 19, -9999, -9999, -9999, 71, 1, 61, -9999, 91, -9999, -9999, -9999, -9999, 29, -9999, 46, -9999, 76, -9999, -9999, 26, -9999, -9999, -9999, 32, -9999, -9999, -9999, 3, -9999, 21, -9999, -9999, 58, 90, -9999, -9999, 91, 59, 63, -9999, 1, -9999, 1, 1, 1, 1, 1],
[-9999, -9999, -9999, -9999, -9999, -9999, -9999, -9999, -9999, -9999, -9999, -9999, -9999, -9999, -9999, -9999, -9999, -9999, -9999, -9999, -9999, 17, -9999, 43, -9999, -9999, 49, -9999, -9999, -9999, 97, -9999, -9999, -9999, -9999, 62, -9999, -9999, -9999, -9999, -9999, -9999, 1, -9999, 100, -9999, -9999, -9999, -9999, 50, -9999, -9999, -9999, -9999, -9999, -9999, -9999, 30, -9999, 45, -9999, -9999, -9999, -9999, -9999, -9999, -9999, -9999, -9999, -9999, -9999, 90, 11, -9999, -9999, -9999, -9999, -9999, -9999, 64, -9999, 82, -9999, -9999, -9999, -9999, -9999, -9999, -9999, -9999, -9999, -9999, -9999, -9999, 38, 12, 37, -9999, -9999, 24, 1, 1, 1, 1, 1],
[-9999, -9999, -9999, -9999, -9999, 59, -9999, -9999, -9999, -9999, -9999, -9999, -9999, -9999, -9999, -9999, -9999, -9999, -9999, -9999, -9999, 9, 63, -9999, -9999, -9999, 92, -9999, -9999, -9999, -9999, 22, -9999, -9999, -9999, -9999, -9999, -9999, -9999, -9999, -9999, -9999, -9999, -9999, -9999, -9999, -9999, -9999, -9999, -9999, -9999, -9999, 99, -9999, -9999, -9999, 97, 96, -9999, -9999, -9999, -9999, -9999, -9999, -9999, -9999, -9999, -9999, -9999, -9999, -9999, 82, -9999, -9999, -9999, -9999, 19, -9999, -9999, 36, -9999, 79, -9999, 1, -9999, -9999, -9999, -9999, -9999, -9999, -9999, 34, 89, -9999, -9999, 55, 48, -9999, -9999, -9999, 1, 1, 1, 1, 1],
[-9999, -9999, -9999, -9999, -9999, 33, 50, -9999, -9999, -9999, 70, -9999, 92, -9999, -9999, -9999, -9999, 14, 73, -9999, -9999, 19, 10, -9999, 28, -9999, 84, -9999, -9999, 44, -9999, 73, -9999, -9999, -9999, -9999, -9999, -9999, -9999, -9999, -9999, -9999, 1, 89, 85, -9999, -9999, -9999, -9999, 27, -9999, -9999, 60, -9999, -9999, 32, -9999, -9999, -9999, 22, -9999, 46, 6, -9999, -9999, -9999, -9999, -9999, -9999, -9999, 82, 90, -9999, -9999, -9999, -9999, 59, -9999, -9999, -9999, -9999, 90, -9999, 90, 40, -9999, 85, -9999, -9999, -9999, 9, 4, -9999, 90, -9999, -9999, 3, -9999, 78, 36, 1, 1, 1, 1, 1],
[-9999, -9999, -9999, -9999, -9999, 39, -9999, -9999, -9999, -9999, -9999, -9999, -9999, -9999, -9999, -9999, -9999, -9999, -9999, -9999, -9999, 43, 66, 76, -9999, -9999, -9999, -9999, -9999, -9999, -9999, 30, -9999, -9999, -9999, 51, -9999, -9999, -9999, -9999, -9999, -9999, -9999, 97, 75, -9999, -9999, -9999, -9999, 31, -9999, -9999, 72, -9999, -9999, -9999, -9999, -9999, -9999, 2, -9999, -9999, -9999, -9999, -9999, -9999, -9999, -9999, -9999, -9999, -9999, 11, -9999, -9999, -9999, -9999, 14, -9999, -9999, -9999, -9999, 96, -9999, 24, -9999, -9999, -9999, 80, -9999, -9999, -9999, -9999, -9999, -9999, -9999, -9999, -9999, -9999, -9999, -9999, 1, 1, 1, 1, 1],
[-9999, -9999, -9999, -9999, -9999, -9999, 16, 4, 73, -9999, 49, -9999, 1, -9999, -9999, -9999, -9999, -9999, 67, -9999, 66, 28, -9999, -9999, 21, 7, -9999, -9999, -9999, -9999, -9999, -9999, -9999, 76, -9999, 63, 54, -9999, 87, -9999, -9999, -9999, 66, 11, 86, 14, -9999, -9999, -9999, -9999, -9999, -9999, 14, -9999, 26, 2, -9999, 77, -9999, -9999, 99, 43, 78, 90, 6, 26, -9999, 16, 96, 43, 89, 33, -9999, -9999, 26, -9999, 73, 14, 22, 46, 94, -9999, -9999, 95, -9999, 53, -9999, 28, 49, 36, 28, 22, 89, -9999, 48, 71, 31, -9999, 45, 74, 1, 1, 1, 1, 1],
[-9999, -9999, -9999, -9999, -9999, 38, 76, -9999, -9999, 92, -9999, 22, -9999, -9999, -9999, -9999, 84, 100, 53, -9999, -9999, 67, 54, -9999, -9999, -9999, 85, -9999, 37, 76, -9999, 91, 19, -9999, -9999, 51, -9999, -9999, -9999, 45, -9999, -9999, -9999, 79, -9999, 78, -9999, -9999, -9999, 32, -9999, -9999, 74, -9999, 92, -9999, -9999, 18, -9999, -9999, -9999, 39, 47, -9999, -9999, -9999, -9999, -9999, -9999, -9999, 72, -9999, -9999, -9999, 10, -9999, -9999, 53, 90, -9999, -9999, 81, -9999, 17, -9999, 19, 21, -9999, -9999, -9999, 45, -9999, -9999, -9999, 6, 38, -9999, -9999, 58, 32, 1, 1, 1, 1, 1],
[-9999, -9999, -9999, -9999, -9999, -9999, -9999, -9999, -9999, -9999, -9999, -9999, -9999, -9999, -9999, -9999, -9999, -9999, -9999, -9999, -9999, -9999, 6, 14, -9999, -9999, 14, -9999, -9999, -9999, -9999, 83, -9999, -9999, 23, 33, -9999, -9999, -9999, -9999, -9999, -9999, 98, -9999, -9999, 64, -9999, -9999, -9999, 61, -9999, -9999, 78, -9999, -9999, -9999, -9999, 74, -9999, 36, -9999, -9999, -9999, -9999, -9999, -9999, -9999, -9999, -9999, -9999, -9999, 68, -9999, -9999, -9999, -9999, -9999, -9999, -9999, 63, -9999, -9999, -9999, 78, -9999, -9999, -9999, 78, -9999, -9999, -9999, -9999, -9999, -9999, -9999, 86, 85, -9999, -9999, -9999, 1, 1, 1, 1, 1],
[-9999, -9999, -9999, -9999, -9999, 30, 23, -9999, -9999, 71, -9999, 21, 68, -9999, -9999, -9999, 1, -9999, 85, -9999, -9999, 10, -9999, -9999, 93, -9999, -9999, -9999, 93, 83, -9999, 70, 68, -9999, -9999, -9999, -9999, -9999, -9999, 68, -9999, -9999, -9999, 94, -9999, -9999, -9999, -9999, -9999, 66, -9999, -9999, 29, -9999, 59, 47, -9999, 14, -9999, 52, -9999, 78, 54, 89, -9999, -9999, -9999, -9999, -9999, -9999, 2, 42, -9999, 57, -9999, -9999, -9999, 43, 12, -9999, -9999, 7, -9999, 51, -9999, -9999, -9999, 56, -9999, -9999, 35, 52, 95, 39, -9999, -9999, 65, -9999, 18, 86, 1, 1, 1, 1, 1],
[-9999, -9999, -9999, -9999, -9999, -9999, -9999, 11, -9999, -9999, 71, 45, -9999, -9999, -9999, -9999, 47, 82, 66, -9999, -9999, -9999, -9999, 55, 4, -9999, 35, -9999, 65, -9999, -9999, -9999, 16, 19, -9999, 55, 100, -9999, -9999, -9999, -9999, -9999, 19, 55, 14, -9999, -9999, -9999, -9999, -9999, -9999, -9999, 96, -9999, -9999, -9999, -9999, 1, -9999, 81, -9999, 91, 63, -9999, -9999, 78, -9999, 56, 88, 65, 40, 70, -9999, -9999, -9999, -9999, -9999, 69, -9999, 20, -9999, 36, -9999, -9999, -9999, -9999, 25, -9999, -9999, -9999, 79, 40, 98, 81, -9999, -9999, 9, -9999, 77, 50, 1, 1, 1, 1, 1],
[-9999, -9999, -9999, -9999, -9999, -9999, -9999, -9999, -9999, -9999, -9999, -9999, -9999, -9999, -9999, -9999, -9999, -9999, -9999, -9999, -9999, 66, -9999, -9999, -9999, -9999, -9999, -9999, -9999, -9999, -9999, 40, -9999, -9999, -9999, 93, -9999, -9999, -9999, 43, -9999, -9999, -9999, 72, -9999, -9999, -9999, -9999, -9999, -9999, -9999, 77, -9999, -9999, -9999, -9999, -9999, 55, -9999, 38, -9999, -9999, -9999, -9999, -9999, -9999, -9999, -9999, -9999, -9999, -9999, -9999, -9999, -9999, -9999, -9999, 42, -9999, -9999, -9999, -9999, 94, -9999, -9999, -9999, -9999, -9999, 7, -9999, -9999, -9999, -9999, -9999, -9999, -9999, 75, -9999, -9999, -9999, 17, 1, 1, 1, 1, 1],
[-9999, -9999, -9999, -9999, -9999, 60, -9999, -9999, 97, -9999, -9999, -9999, -9999, -9999, -9999, -9999, -9999, -9999, -9999, -9999, -9999, -9999, 30, 37, -9999, -9999, 28, -9999, -9999, -9999, 40, 32, -9999, -9999, -9999, -9999, -9999, -9999, -9999, -9999, -9999, -9999, 43, -9999, 80, 3, -9999, -9999, -9999, -9999, -9999, -9999, -9999, -9999, -9999, -9999, -9999, 71, -9999, 19, -9999, -9999, -9999, -9999, -9999, -9999, -9999, -9999, -9999, -9999, -9999, 44, -9999, -9999, -9999, -9999, -9999, -9999, -9999, -9999, -9999, -9999, -9999, -9999, -9999, -9999, -9999, 67, -9999, 93, -9999, 51, -9999, -9999, 63, -9999, 57, -9999, -9999, 48, 1, 1, 1, 1, 1],
[-9999, -9999, -9999, -9999, -9999, 82, -9999, -9999, -9999, -9999, -9999, 32, -9999, -9999, -9999, -9999, -9999, 19, 63, -9999, -9999, 97, -9999, -9999, 23, -9999, 11, -9999, -9999, 35, -9999, 14, -9999, -9999, -9999, 45, -9999, 30, -9999, -9999, -9999, 96, 50, -9999, 76, -9999, -9999, -9999, -9999, 25, -9999, -9999, 67, -9999, 13, 100, -9999, 15, -9999, 76, -9999, 41, 85, 19, -9999, 18, -9999, -9999, -9999, -9999, 51, 9, 25, 95, 66, -9999, 61, -9999, -9999, -9999, -9999, -9999, -9999, -9999, -9999, 98, 94, -9999, -9999, -9999, 55, -9999, -9999, 73, 59, 61, -9999, -9999, 73, 59, 1, 1, 1, 1, 1],
[-9999, -9999, -9999, -9999, -9999, 30, 37, 9, 5, -9999, 86, 65, 52, -9999, 11, -9999, -9999, -9999, 4, -9999, 33, -9999, 48, -9999, 29, -9999, 53, -9999, -9999, 86, -9999, -9999, 78, 31, -9999, -9999, -9999, -9999, 58, 61, 1, -9999, -9999, -9999, 24, 84, -9999, -9999, -9999, -9999, 64, -9999, 60, -9999, -9999, 39, -9999, 28, 18, -9999, -9999, 77, -9999, -9999, -9999, 90, -9999, 1, 64, -9999, 74, -9999, -9999, -9999, 30, -9999, -9999, 12, -9999, 42, -9999, -9999, -9999, 39, -9999, -9999, -9999, -9999, -9999, -9999, 45, -9999, 96, 31, -9999, 45, -9999, -9999, 19, 19, 1, 1, 1, 1, 1],
[-9999, -9999, -9999, -9999, -9999, 71, 39, -9999, -9999, -9999, -9999, -9999, -9999, -9999, -9999, -9999, -9999, 62, 93, -9999, -9999, -9999, -9999, 68, 17, -9999, 93, -9999, 56, 59, -9999, -9999, 25, -9999, -9999, 89, -9999, -9999, 12, 18, -9999, -9999, 26, 47, -9999, 17, -9999, -9999, -9999, 43, -9999, 49, -9999, -9999, -9999, -9999, -9999, 2, -9999, -9999, -9999, 32, 11, 9, -9999, 23, -9999, -9999, -9999, -9999, 26, 36, 89, 68, -9999, -9999, 95, 35, 14, 11, -9999, -9999, -9999, -9999, -9999, -9999, -9999, 55, -9999, -9999, 92, -9999, 63, 50, 75, 50, 84, -9999, 84, 35, 1, 1, 1, 1, 1],
[-9999, -9999, -9999, -9999, -9999, -9999, -9999, -9999, -9999, -9999, -9999, -9999, -9999, -9999, -9999, -9999, -9999, -9999, -9999, -9999, -9999, -9999, 89, 32, -9999, -9999, -9999, -9999, -9999, -9999, -9999, -9999, -9999, -9999, -9999, -9999, -9999, -9999, -9999, 86, -9999, -9999, 22, -9999, -9999, 97, -9999, -9999, -9999, -9999, -9999, -9999, -9999, -9999, -9999, -9999, 83, -9999, -9999, 22, -9999, -9999, -9999, -9999, -9999, -9999, -9999, -9999, -9999, -9999, -9999, -9999, -9999, -9999, -9999, -9999, 27, -9999, -9999, 90, -9999, 25, -9999, -9999, -9999, -9999, -9999, 80, -9999, -9999, -9999, 36, 25, -9999, 35, -9999, -9999, -9999, -9999, 13, 1, 1, 1, 1, 1],
[-9999, -9999, -9999, -9999, -9999, 58, -9999, 54, -9999, 69, -9999, 74, 60, -9999, -9999, -9999, 8, -9999, 19, 56, -9999, -9999, 5, -9999, 65, -9999, -9999, -9999, -9999, 70, -9999, 33, 11, -9999, 90, -9999, -9999, -9999, -9999, -9999, -9999, -9999, 40, 30, -9999, 59, -9999, -9999, -9999, 25, -9999, -9999, -9999, -9999, 47, 7, -9999, -9999, -9999, -9999, -9999, 2, 1, -9999, -9999, 54, -9999, -9999, -9999, -9999, 17, -9999, -9999, 33, -9999, -9999, 56, 46, 67, 7, -9999, -9999, -9999, 24, -9999, 19, -9999, -9999, -9999, -9999, 85, 86, -9999, -9999, -9999, -9999, -9999, 75, 73, 42, 1, 1, 1, 1, 1],
[-9999, -9999, -9999, -9999, -9999, -9999, -9999, -9999, -9999, -9999, -9999, -9999, -9999, -9999, -9999, -9999, -9999, -9999, -9999, -9999, -9999, -9999, 40, -9999, -9999, -9999, 85, -9999, -9999, -9999, -9999, 81, -9999, -9999, -9999, -9999, -9999, -9999, -9999, 9, -9999, -9999, 99, -9999, 66, -9999, -9999, -9999, -9999, -9999, -9999, -9999, 55, -9999, -9999, -9999, -9999, 15, -9999, -9999, -9999, -9999, -9999, -9999, -9999, -9999, -9999, -9999, -9999, -9999, -9999, -9999, -9999, -9999, -9999, -9999, -9999, -9999, -9999, 31, -9999, 76, -9999, 93, -9999, -9999, -9999, 80, -9999, 26, -9999, 44, 47, -9999, -9999, -9999, 4, -9999, -9999, 68, 1, 1, 1, 1, 1],
[-9999, -9999, -9999, -9999, -9999, 63, 59, 89, -9999, -9999, -9999, 39, -9999, 34, -9999, -9999, 2, 73, 70, -9999, -9999, -9999, -9999, -9999, -9999, -9999, 52, -9999, 20, -9999, -9999, 72, 77, -9999, -9999, -9999, -9999, 3, -9999, -9999, -9999, -9999, 36, -9999, 19, 37, -9999, -9999, -9999, -9999, -9999, -9999, 44, -9999, -9999, 1, -9999, -9999, -9999, -9999, -9999, 79, 3, 45, -9999, -9999, -9999, -9999, -9999, -9999, 3, -9999, -9999, 47, -9999, -9999, 38, -9999, -9999, 63, -9999, 1, -9999, 13, 65, 34, 64, -9999, -9999, -9999, 24, 2, 7, -9999, 22, -9999, 46, -9999, -9999, 39, 1, 1, 1, 1, 1],
[-9999, -9999, -9999, -9999, -9999, 56, 39, 73, -9999, -9999, -9999, 28, -9999, -9999, -9999, -9999, 6, 56, 70, -9999, -9999, 52, 24, 88, 56, -9999, -9999, -9999, 14, 14, -9999, 13, -9999, -9999, -9999, -9999, -9999, -9999, 72, 39, -9999, 37, -9999, 77, -9999, -9999, -9999, -9999, -9999, -9999, -9999, -9999, -9999, -9999, 65, -9999, -9999, 9, -9999, 95, -9999, 82, -9999, -9999, -9999, -9999, -9999, -9999, -9999, -9999, 15, 60, -9999, -9999, 6, -9999, -9999, 68, 60, -9999, -9999, 44, -9999, 29, -9999, 70, 59, 33, -9999, -9999, 41, 25, -9999, -9999, -9999, 43, -9999, -9999, 77, 31, 1, 1, 1, 1, 1],
[-9999, -9999, -9999, -9999, -9999, -9999, 25, -9999, -9999, -9999, 85, 100, 89, -9999, -9999, -9999, -9999, -9999, 5, -9999, -9999, -9999, 22, -9999, -9999, -9999, -9999, -9999, 74, 86, -9999, 91, 56, -9999, -9999, 56, -9999, -9999, 88, 84, -9999, -9999, -9999, 67, -9999, 1, -9999, -9999, -9999, 4, 95, -9999, -9999, -9999, 76, 98, -9999, -9999, -9999, -9999, -9999, 25, -9999, -9999, -9999, -9999, -9999, -9999, -9999, -9999, 50, 92, -9999, -9999, -9999, -9999, -9999, 40, 60, 95, -9999, 21, -9999, 4, -9999, 82, 45, 16, -9999, -9999, 80, -9999, -9999, -9999, 47, 33, 18, -9999, -9999, 6, 1, 1, 1, 1, 1],
[-9999, -9999, -9999, -9999, -9999, -9999, 44, -9999, -9999, 88, 75, 18, 18, -9999, -9999, -9999, -9999, -9999, 14, -9999, -9999, 39, 65, 19, 2, -9999, 64, -9999, 43, 14, -9999, 35, -9999, -9999, -9999, 88, -9999, -9999, 3, 70, -9999, -9999, 98, 98, -9999, -9999, -9999, -9999, -9999, 44, -9999, -9999, 85, -9999, 52, 35, -9999, -9999, -9999, -9999, -9999, 100, 59, -9999, -9999, -9999, -9999, -9999, -9999, -9999, 4, -9999, -9999, 96, 50, -9999, 17, -9999, 36, 27, -9999, 60, -9999, -9999, -9999, 38, -9999, 8, -9999, -9999, 46, -9999, 94, -9999, 72, 74, 33, -9999, 50, 10, 1, 1, 1, 1, 1],
[-9999, -9999, -9999, -9999, -9999, 25, 34, -9999, -9999, 57, 4, -9999, -9999, -9999, -9999, -9999, -9999, 82, 40, -9999, -9999, 67, -9999, 23, 23, -9999, -9999, 65, -9999, 47, -9999, -9999, -9999, -9999, 63, 16, -9999, -9999, 84, -9999, -9999, -9999, -9999, -9999, -9999, 40, -9999, -9999, -9999, 65, -9999, -9999, 64, -9999, -9999, -9999, -9999, 82, -9999, 39, -9999, 62, 24, -9999, -9999, 1, -9999, -9999, -9999, -9999, 40, -9999, -9999, -9999, -9999, -9999, -9999, -9999, -9999, 93, -9999, 13, -9999, 45, -9999, -9999, 92, 85, -9999, -9999, 99, 32, -9999, -9999, 100, -9999, 48, -9999, 4, -9999, 1, 1, 1, 1, 1],
[-9999, -9999, -9999, -9999, -9999, -9999, -9999, -9999, 78, -9999, -9999, -9999, -9999, -9999, -9999, -9999, -9999, -9999, -9999, -9999, -9999, -9999, 6, -9999, -9999, -9999, 7, -9999, -9999, -9999, -9999, 42, -9999, -9999, -9999, 40, -9999, -9999, -9999, -9999, -9999, -9999, 93, 26, -9999, -9999, -9999, -9999, -9999, 94, -9999, -9999, -9999, -9999, -9999, -9999, -9999, 68, -9999, -9999, -9999, -9999, -9999, -9999, -9999, -9999, -9999, -9999, -9999, -9999, -9999, 21, -9999, -9999, -9999, -9999, 77, -9999, -9999, 41, -9999, -9999, -9999, 77, -9999, -9999, -9999, 65, -9999, 24, -9999, -9999, 22, -9999, 13, 82, 47, -9999, -9999, 91, 1, 1, 1, 1, 1],
[-9999, -9999, -9999, -9999, -9999, -9999, -9999, -9999, -9999, -9999, -9999, -9999, -9999, -9999, -9999, -9999, 42, -9999, -9999, -9999, -9999, -9999, -9999, -9999, -9999, -9999, -9999, -9999, -9999, -9999, -9999, -9999, -9999, -9999, -9999, -9999, -9999, -9999, -9999, -9999, -9999, -9999, -9999, -9999, -9999, -9999, -9999, -9999, -9999, -9999, -9999, -9999, -9999, -9999, -9999, -9999, -9999, -9999, -9999, -9999, -9999, -9999, -9999, -9999, -9999, -9999, -9999, -9999, -9999, -9999, -9999, -9999, -9999, -9999, -9999, -9999, -9999, -9999, -9999, -9999, -9999, -9999, -9999, -9999, -9999, -9999, -9999, -9999, -9999, -9999, -9999, -9999, -9999, -9999, -9999, -9999, -9999, -9999, -9999, -9999, 1, 1, 1, 1, 1],
[-9999, -9999, -9999, -9999, -9999, -9999, -9999, 19, -9999, -9999, -9999, -9999, -9999, -9999, -9999, -9999, -9999, 9, 37, -9999, -9999, -9999, 44, 88, -9999, -9999, 35, -9999, -9999, 75, -9999, 4, -9999, -9999, -9999, 33, -9999, -9999, 71, -9999, -9999, -9999, 22, -9999, -9999, -9999, -9999, -9999, -9999, -9999, -9999, -9999, 40, -9999, -9999, 57, -9999, 22, -9999, 77, -9999, -9999, 41, -9999, -9999, 50, -9999, -9999, -9999, -9999, 51, 59, -9999, 88, 22, -9999, 45, 27, -9999, -9999, -9999, 42, -9999, -9999, -9999, -9999, -9999, 32, -9999, -9999, 65, -9999, 5, -9999, 67, 43, 100, -9999, 2, 40, 1, 1, 1, 1, 1],
[-9999, -9999, -9999, -9999, -9999, 75, -9999, -9999, -9999, -9999, -9999, -9999, -9999, -9999, -9999, -9999, -9999, -9999, -9999, -9999, -9999, 94, 15, 86, -9999, -9999, 78, -9999, -9999, -9999, -9999, -9999, -9999, -9999, -9999, -9999, -9999, -9999, -9999, -9999, -9999, -9999, 26, 73, 6, -9999, -9999, -9999, -9999, 38, -9999, -9999, -9999, -9999, -9999, -9999, -9999, 71, -9999, 39, -9999, -9999, -9999, -9999, -9999, -9999, -9999, -9999, -9999, -9999, -9999, -9999, 23, -9999, -9999, -9999, 89, -9999, -9999, -9999, -9999, 74, -9999, 21, -9999, -9999, -9999, 60, -9999, -9999, -9999, -9999, -9999, -9999, -9999, 19, 95, -9999, -9999, 12, 1, 1, 1, 1, 1],
[-9999, -9999, -9999, -9999, -9999, -9999, -9999, -9999, -9999, -9999, -9999, -9999, -9999, -9999, -9999, -9999, 98, -9999, -9999, -9999, -9999, -9999, -9999, -9999, -9999, -9999, -9999, -9999, -9999, -9999, -9999, -9999, -9999, -9999, -9999, -9999, -9999, -9999, -9999, -9999, -9999, -9999, -9999, -9999, -9999, -9999, -9999, -9999, -9999, 10, -9999, -9999, -9999, -9999, -9999, -9999, -9999, -9999, -9999, -9999, -9999, -9999, -9999, -9999, -9999, -9999, -9999, -9999, -9999, -9999, -9999, -9999, -9999, -9999, -9999, -9999, -9999, -9999, -9999, -9999, -9999, -9999, -9999, -9999, -9999, -9999, -9999, -9999, -9999, -9999, -9999, -9999, -9999, -9999, -9999, -9999, -9999, -9999, -9999, -9999, 1, 1, 1, 1, 1],
[-9999, -9999, -9999, -9999, -9999, -9999, -9999, -9999, -9999, -9999, -9999, -9999, -9999, -9999, -9999, -9999, -9999, -9999, -9999, -9999, -9999, -9999, -9999, 88, -9999, -9999, 53, -9999, -9999, -9999, -9999, 67, -9999, -9999, 53, 50, -9999, -9999, -9999, -9999, -9999, -9999, 40, 15, 15, 99, -9999, -9999, -9999, 98, -9999, -9999, 50, -9999, -9999, -9999, -9999, -9999, -9999, 90, -9999, -9999, -9999, -9999, -9999, -9999, -9999, -9999, -9999, -9999, -9999, -9999, -9999, -9999, -9999, -9999, 57, -9999, -9999, -9999, -9999, 40, -9999, 75, -9999, -9999, -9999, -9999, -9999, -9999, -9999, -9999, 83, -9999, 73, -9999, 42, -9999, -9999, 81, 1, 1, 1, 1, 1],
[-9999, -9999, -9999, -9999, -9999, -9999, 43, 20, -9999, 5, 62, 25, 84, -9999, -9999, -9999, -9999, 92, 78, -9999, -9999, 72, 88, 77, 44, -9999, 54, -9999, 82, -9999, -9999, 20, 82, -9999, -9999, -9999, -9999, -9999, -9999, 51, -9999, -9999, -9999, 45, 81, 71, -9999, -9999, -9999, 42, -9999, 86, -9999, -9999, 56, 70, -9999, 82, -9999, 65, -9999, 15, 90, 13, -9999, -9999, -9999, -9999, -9999, -9999, 69, 1, -9999, -9999, -9999, -9999, -9999, 37, 47, -9999, -9999, 68, -9999, -9999, -9999, -9999, 37, 53, -9999, -9999, 93, -9999, 47, -9999, -9999, 57, -9999, -9999, 34, 13, 1, 1, 1, 1, 1],
[-9999, -9999, -9999, -9999, -9999, 46, -9999, 21, -9999, -9999, 2, 51, 42, -9999, -9999, -9999, 74, 97, 98, -9999, -9999, -9999, 13, -9999, 55, -9999, -9999, -9999, 29, -9999, -9999, 99, 22, -9999, -9999, 60, -9999, -9999, -9999, 44, -9999, -9999, 63, -9999, -9999, -9999, -9999, -9999, -9999, 88, -9999, -9999, -9999, -9999, 79, 20, -9999, 74, -9999, 29, -9999, 7, 33, -9999, -9999, 23, -9999, -9999, -9999, -9999, 36, -9999, -9999, 50, 26, -9999, 31, -9999, 90, 37, -9999, -9999, -9999, -9999, 45, 15, 31, -9999, -9999, -9999, 62, -9999, 96, 56, 31, 52, -9999, -9999, 58, 79, 1, 1, 1, 1, 1],
[-9999, -9999, -9999, -9999, -9999, -9999, -9999, -9999, -9999, -9999, -9999, -9999, -9999, -9999, -9999, -9999, 82, -9999, -9999, -9999, -9999, -9999, -9999, -9999, -9999, -9999, -9999, -9999, -9999, -9999, -9999, -9999, -9999, -9999, -9999, -9999, -9999, -9999, -9999, -9999, -9999, -9999, -9999, -9999, -9999, -9999, -9999, -9999, -9999, 10, -9999, -9999, -9999, -9999, -9999, -9999, -9999, -9999, -9999, -9999, -9999, -9999, -9999, -9999, -9999, -9999, -9999, -9999, -9999, -9999, -9999, -9999, -9999, -9999, -9999, -9999, -9999, -9999, -9999, -9999, -9999, -9999, -9999, -9999, -9999, -9999, -9999, -9999, -9999, -9999, -9999, -9999, -9999, -9999, -9999, -9999, -9999, -9999, -9999, -9999, 1, 1, 1, 1, 1],
[-9999, -9999, -9999, -9999, -9999, 63, 81, 74, -9999, -9999, -9999, -9999, 86, -9999, -9999, -9999, -9999, -9999, 55, -9999, -9999, 55, -9999, 80, -9999, -9999, 16, -9999, 26, -9999, -9999, 39, -9999, -9999, -9999, 31, -9999, -9999, 91, -9999, -9999, -9999, 51, 40, 49, -9999, -9999, -9999, -9999, -9999, -9999, -9999, 39, -9999, -9999, 90, -9999, 10, -9999, -9999, -9999, 11, 65, -9999, -9999, 72, -9999, -9999, -9999, -9999, 9, 79, -9999, 29, 34, -9999, 54, 45, -9999, -9999, -9999, 85, -9999, -9999, -9999, -9999, 54, 70, -9999, -9999, 31, 87, 8, -9999, -9999, -9999, 8, -9999, 39, -9999, 1, 1, 1, 1, 1],
[-9999, -9999, -9999, -9999, -9999, 42, -9999, -9999, -9999, -9999, -9999, -9999, -9999, -9999, -9999, -9999, -9999, -9999, -9999, -9999, -9999, -9999, -9999, -9999, -9999, -9999, 86, -9999, -9999, -9999, -9999, -9999, -9999, -9999, -9999, -9999, -9999, -9999, -9999, 52, -9999, -9999, 4, -9999, 68, 14, -9999, -9999, -9999, 100, -9999, 87, -9999, -9999, -9999, -9999, -9999, 84, -9999, 62, -9999, -9999, -9999, -9999, -9999, -9999, -9999, -9999, -9999, -9999, -9999, 27, -9999, -9999, -9999, -9999, 53, -9999, -9999, -9999, -9999, -9999, -9999, 83, -9999, -9999, -9999, -9999, -9999, -9999, -9999, -9999, 91, -9999, 86, 42, 26, -9999, -9999, 86, 1, 1, 1, 1, 1],
[-9999, -9999, -9999, -9999, -9999, 32, -9999, -9999, -9999, 79, -9999, -9999, -9999, 44, -9999, -9999, 6, 36, 32, -9999, -9999, 25, 31, 83, 78, -9999, -9999, -9999, 51, -9999, -9999, -9999, 30, -9999, -9999, -9999, -9999, 33, 85, 20, -9999, -9999, 81, 71, -9999, 11, -9999, -9999, -9999, 49, 38, -9999, 71, -9999, -9999, -9999, -9999, 26, -9999, -9999, -9999, -9999, -9999, -9999, -9999, -9999, -9999, -9999, -9999, -9999, -9999, 59, -9999, -9999, -9999, -9999, 37, 45, 87, -9999, -9999, 5, -9999, -9999, -9999, -9999, 78, -9999, -9999, -9999, 46, -9999, 25, 60, -9999, 54, 79, -9999, 42, -9999, 1, 1, 1, 1, 1],
[-9999, -9999, -9999, -9999, -9999, -9999, -9999, -9999, -9999, -9999, -9999, -9999, -9999, -9999, -9999, -9999, -9999, -9999, -9999, -9999, -9999, -9999, 61, 43, -9999, -9999, -9999, -9999, -9999, -9999, -9999, 2, -9999, -9999, -9999, 22, -9999, -9999, -9999, 78, -9999, -9999, -9999, 34, 84, 92, -9999, -9999, -9999, 91, -9999, 24, -9999, -9999, -9999, -9999, -9999, 48, -9999, 54, -9999, -9999, -9999, -9999, -9999, -9999, -9999, -9999, -9999, -9999, -9999, -9999, -9999, -9999, -9999, -9999, -9999, -9999, -9999, 69, -9999, -9999, -9999, -9999, -9999, -9999, -9999, 67, -9999, -9999, -9999, 50, 70, -9999, 85, -9999, 50, -9999, -9999, -9999, 1, 1, 1, 1, 1],
[-9999, -9999, -9999, -9999, -9999, 14, -9999, 96, -9999, -9999, -9999, -9999, -9999, -9999, -9999, -9999, 60, -9999, 91, -9999, -9999, -9999, -9999, -9999, 92, -9999, -9999, -9999, 70, -9999, -9999, 63, -9999, -9999, -9999, 78, -9999, -9999, -9999, 93, -9999, -9999, 92, -9999, 25, 55, -9999, -9999, -9999, 94, -9999, -9999, -9999, 5, 21, -9999, -9999, -9999, -9999, 77, -9999, 14, 25, -9999, -9999, -9999, 85, -9999, -9999, -9999, 66, -9999, -9999, 49, -9999, -9999, 63, 37, -9999, 48, -9999, 56, -9999, -9999, -9999, -9999, 83, 28, -9999, -9999, 31, -9999, -9999, 88, -9999, 64, 41, -9999, 97, -9999, 1, 1, 1, 1, 1],
[-9999, -9999, -9999, -9999, -9999, -9999, 98, 74, -9999, -9999, 100, 3, -9999, -9999, -9999, -9999, 24, -9999, 64, 40, -9999, -9999, 14, 79, 83, -9999, 99, -9999, -9999, -9999, 18, -9999, 42, -9999, -9999, -9999, -9999, -9999, -9999, 67, -9999, -9999, -9999, 65, -9999, -9999, -9999, -9999, 33, 18, -9999, -9999, -9999, -9999, -9999, 97, 74, -9999, -9999, -9999, -9999, 60, -9999, 50, -9999, -9999, -9999, -9999, -9999, -9999, 70, -9999, -9999, -9999, -9999, -9999, 9, 2, 43, 66, -9999, 44, -9999, -9999, -9999, -9999, -9999, -9999, 20, -9999, 65, 68, -9999, 30, -9999, 35, -9999, -9999, 22, 12, 1, 1, 1, 1, 1],
[-9999, -9999, -9999, -9999, -9999, 3, -9999, 24, -9999, 14, 28, 30, 81, -9999, -9999, -9999, 75, -9999, 99, -9999, -9999, 13, 78, 65, 8, -9999, 1, -9999, 3, -9999, -9999, 42, -9999, -9999, 19, -9999, -9999, -9999, 8, -9999, -9999, -9999, -9999, -9999, 66, -9999, -9999, -9999, -9999, 28, -9999, -9999, 87, -9999, 29, 17, -9999, 52, -9999, 1, -9999, 58, 20, -9999, -9999, -9999, -9999, -9999, -9999, -9999, 89, 55, -9999, 13, -9999, -9999, 21, 22, 71, 67, -9999, -9999, -9999, 58, -9999, 44, -9999, 90, -9999, -9999, 82, -9999, 7, 39, 80, -9999, -9999, -9999, 41, 19, 1, 1, 1, 1, 1],
[-9999, -9999, -9999, -9999, -9999, -9999, -9999, -9999, -9999, -9999, -9999, -9999, -9999, -9999, -9999, -9999, -9999, -9999, -9999, -9999, -9999, -9999, -9999, -9999, -9999, -9999, 11, -9999, -9999, -9999, -9999, 26, -9999, -9999, -9999, 91, -9999, -9999, -9999, -9999, -9999, -9999, -9999, 91, -9999, -9999, -9999, -9999, -9999, -9999, -9999, -9999, 14, -9999, -9999, -9999, -9999, 42, -9999, 43, -9999, -9999, -9999, -9999, -9999, -9999, -9999, -9999, -9999, -9999, -9999, -9999, -9999, -9999, -9999, -9999, -9999, -9999, -9999, 31, -9999, 45, -9999, -9999, -9999, -9999, -9999, -9999, -9999, -9999, -9999, -9999, 87, -9999, 76, -9999, -9999, -9999, -9999, -9999, 1, 1, 1, 1, 1],
[-9999, -9999, -9999, -9999, -9999, -9999, -9999, -9999, -9999, -9999, -9999, -9999, -9999, -9999, -9999, -9999, -9999, -9999, -9999, -9999, -9999, 98, 36, 95, -9999, -9999, 62, -9999, -9999, -9999, -9999, 28, -9999, -9999, -9999, 45, -9999, -9999, -9999, -9999, -9999, -9999, 71, -9999, -9999, 41, -9999, -9999, -9999, 7, -9999, -9999, 78, -9999, -9999, -9999, -9999, -9999, -9999, -9999, -9999, -9999, -9999, -9999, -9999, -9999, -9999, -9999, -9999, -9999, -9999, -9999, -9999, -9999, -9999, -9999, -9999, -9999, -9999, 15, -9999, -9999, -9999, 42, -9999, -9999, -9999, 33, -9999, -9999, -9999, 12, 66, -9999, 2, 87, -9999, -9999, -9999, 60, 1, 1, 1, 1, 1],
[-9999, -9999, -9999, -9999, -9999, 94, 38, 84, -9999, -9999, 53, 41, -9999, -9999, -9999, -9999, 29, 80, 35, -9999, -9999, 90, 23, 52, -9999, -9999, 38, -9999, 1, -9999, 60, 53, 91, -9999, -9999, -9999, -9999, -9999, -9999, -9999, -9999, -9999, -9999, -9999, -9999, -9999, -9999, -9999, -9999, -9999, -9999, -9999, -9999, -9999, 17, 12, -9999, 18, -9999, -9999, -9999, 11, 98, -9999, -9999, -9999, -9999, -9999, -9999, -9999, 36, 66, -9999, -9999, 51, -9999, -9999, -9999, -9999, 59, -9999, 77, -9999, -9999, -9999, 25, -9999, 31, -9999, -9999, 47, 1, 23, -9999, -9999, 29, 29, -9999, 3, -9999, 1, 1, 1, 1, 1],
[-9999, -9999, -9999, -9999, -9999, -9999, -9999, -9999, -9999, -9999, -9999, -9999, -9999, -9999, -9999, -9999, -9999, -9999, -9999, -9999, -9999, -9999, 15, 65, -9999, -9999, 35, -9999, -9999, -9999, -9999, 1, -9999, -9999, 40, 93, -9999, -9999, -9999, -9999, -9999, -9999, -9999, 41, 46, 99, -9999, -9999, -9999, 28, -9999, -9999, 66, -9999, -9999, -9999, -9999, -9999, -9999, 11, -9999, -9999, -9999, -9999, -9999, -9999, -9999, -9999, -9999, -9999, -9999, 17, -9999, -9999, -9999, -9999, -9999, -9999, -9999, -9999, -9999, 8, -9999, 40, -9999, -9999, -9999, 6, -9999, -9999, -9999, -9999, 11, -9999, -9999, -9999, 15, -9999, -9999, 4, 1, 1, 1, 1, 1],
[-9999, -9999, -9999, -9999, -9999, -9999, -9999, -9999, -9999, -9999, -9999, -9999, -9999, -9999, -9999, -9999, -9999, -9999, -9999, -9999, -9999, 51, -9999, 55, -9999, -9999, -9999, -9999, -9999, -9999, -9999, 64, -9999, -9999, -9999, 50, -9999, -9999, -9999, 9, -9999, -9999, -9999, 93, 49, 18, -9999, -9999, -9999, 25, -9999, -9999, 31, -9999, -9999, -9999, -9999, 4, -9999, -9999, -9999, -9999, -9999, -9999, -9999, -9999, -9999, -9999, -9999, -9999, -9999, 95, -9999, -9999, -9999, -9999, -9999, -9999, -9999, -9999, -9999, 88, -9999, -9999, -9999, -9999, -9999, 9, -9999, -9999, -9999, -9999, -9999, -9999, 92, -9999, -9999, -9999, -9999, -9999, 1, 1, 1, 1, 1],
[-9999, -9999, -9999, -9999, -9999, -9999, -9999, -9999, -9999, -9999, -9999, -9999, -9999, -9999, -9999, -9999, -9999, -9999, -9999, -9999, -9999, 84, 31, -9999, -9999, -9999, -9999, -9999, -9999, -9999, -9999, 71, -9999, -9999, -9999, -9999, -9999, -9999, -9999, -9999, -9999, -9999, 73, -9999, 87, -9999, -9999, -9999, -9999, 88, -9999, -9999, 21, -9999, -9999, -9999, -9999, 7, -9999, 20, -9999, -9999, -9999, -9999, -9999, -9999, -9999, -9999, -9999, -9999, -9999, -9999, 31, -9999, -9999, -9999, 42, -9999, -9999, -9999, -9999, 68, -9999, 96, -9999, -9999, -9999, -9999, -9999, -9999, -9999, -9999, 31, -9999, 16, 99, -9999, -9999, -9999, 94, 1, 1, 1, 1, 1],
[-9999, -9999, -9999, -9999, -9999, -9999, -9999, -9999, 39, -9999, -9999, -9999, -9999, -9999, -9999, -9999, -9999, -9999, -9999, -9999, -9999, -9999, -9999, -9999, -9999, 59, -9999, -9999, -9999, -9999, 73, -9999, -9999, -9999, -9999, 74, -9999, -9999, -9999, 42, -9999, -9999, -9999, -9999, -9999, -9999, -9999, -9999, -9999, -9999, -9999, 59, -9999, -9999, -9999, -9999, -9999, 11, -9999, 84, -9999, -9999, -9999, -9999, -9999, -9999, -9999, -9999, -9999, -9999, -9999, 54, -9999, -9999, -9999, -9999, 47, -9999, -9999, 44, -9999, -9999, -9999, 5, -9999, -9999, -9999, 67, -9999, -9999, -9999, -9999, 7, -9999, 71, 93, 41, -9999, -9999, -9999, 1, 1, 1, 1, 1],
[-9999, -9999, -9999, -9999, -9999, 49, -9999, -9999, -9999, -9999, -9999, -9999, -9999, -9999, -9999, -9999, -9999, -9999, -9999, -9999, -9999, 21, -9999, 89, -9999, -9999, 63, -9999, -9999, -9999, -9999, 86, -9999, -9999, -9999, 53, -9999, -9999, -9999, -9999, -9999, -9999, 8, 38, -9999, -9999, -9999, -9999, -9999, 90, -9999, -9999, 20, -9999, -9999, -9999, -9999, 58, -9999, -9999, -9999, -9999, -9999, -9999, -9999, -9999, -9999, -9999, -9999, -9999, -9999, 65, -9999, -9999, -9999, -9999, -9999, -9999, -9999, -9999, -9999, -9999, -9999, 34, -9999, -9999, -9999, -9999, -9999, -9999, -9999, 59, 25, -9999, 89, -9999, -9999, -9999, -9999, 49, 1, 1, 1, 1, 1],
[-9999, -9999, -9999, -9999, -9999, -9999, -9999, -9999, -9999, -9999, -9999, -9999, -9999, -9999, -9999, -9999, -9999, -9999, -9999, -9999, -9999, -9999, 96, 79, -9999, -9999, -9999, -9999, -9999, -9999, -9999, 5, -9999, -9999, -9999, -9999, -9999, -9999, -9999, 35, -9999, -9999, -9999, -9999, 55, -9999, -9999, -9999, -9999, 22, -9999, -9999, 76, -9999, -9999, -9999, -9999, -9999, -9999, 97, -9999, -9999, -9999, -9999, -9999, -9999, -9999, -9999, -9999, -9999, -9999, 42, -9999, -9999, -9999, -9999, 56, -9999, -9999, -9999, -9999, 52, -9999, -9999, -9999, -9999, -9999, -9999, -9999, -9999, -9999, -9999, -9999, -9999, -9999, 43, 37, -9999, -9999, 88, 1, 1, 1, 1, 1],
[-9999, -9999, -9999, -9999, -9999, 98, -9999, -9999, -9999, 60, 51, 29, 39, -9999, -9999, -9999, -9999, 88, 62, -9999, -9999, 100, 69, 43, -9999, -9999, 15, -9999, 79, 98, -9999, 80, 53, -9999, -9999, 78, -9999, 40, -9999, -9999, -9999, -9999, 99, 95, 90, 80, -9999, -9999, -9999, 86, -9999, -9999, -9999, -9999, 44, 63, 79, -9999, -9999, 38, -9999, 51, -9999, 82, -9999, -9999, -9999, -9999, -9999, -9999, 29, 66, -9999, -9999, -9999, -9999, -9999, 20, 5, 40, -9999, -9999, -9999, -9999, -9999, -9999, -9999, -9999, -9999, -9999, 67, -9999, 71, -9999, -9999, 36, -9999, -9999, 43, -9999, 1, 1, 1, 1, 1],
[-9999, -9999, -9999, -9999, -9999, 9, -9999, -9999, -9999, -9999, -9999, -9999, -9999, -9999, -9999, -9999, -9999, -9999, -9999, -9999, -9999, 83, -9999, 75, -9999, -9999, -9999, -9999, -9999, -9999, -9999, -9999, -9999, -9999, -9999, -9999, -9999, -9999, -9999, 36, -9999, -9999, -9999, 21, 36, -9999, -9999, -9999, -9999, 93, -9999, -9999, 64, -9999, -9999, -9999, -9999, -9999, -9999, -9999, -9999, -9999, -9999, -9999, -9999, -9999, -9999, -9999, -9999, -9999, -9999, 24, -9999, -9999, -9999, -9999, 2, -9999, -9999, 80, -9999, -9999, -9999, -9999, -9999, -9999, -9999, 86, -9999, -9999, -9999, 77, -9999, -9999, 36, -9999, -9999, -9999, -9999, 7, 1, 1, 1, 1, 1],
[-9999, -9999, -9999, -9999, -9999, -9999, 83, 53, -9999, 91, 48, -9999, 63, -9999, -9999, -9999, 57, -9999, 74, -9999, -9999, -9999, -9999, -9999, -9999, -9999, 9, -9999, 73, 80, 21, 36, -9999, -9999, -9999, 27, -9999, -9999, -9999, -9999, -9999, -9999, -9999, 8, -9999, 63, -9999, -9999, -9999, 85, -9999, -9999, 42, -9999, -9999, 34, -9999, -9999, -9999, -9999, -9999, 94, 92, 26, 72, -9999, -9999, -9999, -9999, -9999, 22, -9999, -9999, -9999, 77, -9999, 99, 65, -9999, -9999, -9999, 65, -9999, 25, -9999, -9999, -9999, 88, -9999, -9999, 10, 86, 56, 28, 61, 72, -9999, -9999, 22, -9999, 1, 1, 1, 1, 1],
[-9999, -9999, -9999, -9999, -9999, -9999, -9999, -9999, -9999, -9999, -9999, -9999, -9999, -9999, -9999, -9999, -9999, -9999, -9999, -9999, -9999, -9999, -9999, 100, -9999, -9999, 97, -9999, -9999, -9999, -9999, -9999, -9999, -9999, 67, -9999, -9999, -9999, -9999, 70, -9999, -9999, 81, 94, 53, 46, -9999, -9999, -9999, -9999, -9999, -9999, -9999, -9999, -9999, -9999, 79, 78, -9999, -9999, -9999, -9999, -9999, -9999, -9999, -9999, -9999, -9999, -9999, -9999, -9999, -9999, 2, -9999, -9999, -9999, -9999, -9999, -9999, -9999, -9999, 17, -9999, 53, -9999, -9999, -9999, -9999, -9999, -9999, -9999, -9999, 28, -9999, -9999, -9999, -9999, -9999, -9999, 82, 1, 1, 1, 1, 1],
[-9999, -9999, -9999, -9999, -9999, 6, -9999, 70, -9999, 9, -9999, -9999, -9999, -9999, -9999, -9999, 20, 27, 50, -9999, -9999, -9999, -9999, -9999, 21, -9999, 8, -9999, 69, -9999, -9999, -9999, -9999, -9999, -9999, 11, -9999, 41, -9999, 84, -9999, -9999, -9999, 9, 51, -9999, -9999, -9999, -9999, 79, -9999, -9999, 24, -9999, 88, 1, -9999, 46, -9999, 20, -9999, 60, 9, 38, -9999, -9999, 62, -9999, -9999, -9999, 45, 90, -9999, 100, -9999, -9999, 69, -9999, 53, -9999, -9999, -9999, -9999, -9999, -9999, 28, 8, -9999, -9999, -9999, 98, 80, -9999, 16, 79, 75, -9999, -9999, 30, -9999, 1, 1, 1, 1, 1],
[-9999, -9999, -9999, -9999, -9999, -9999, -9999, -9999, -9999, -9999, -9999, -9999, -9999, -9999, -9999, -9999, -9999, -9999, -9999, -9999, -9999, 84, 49, 53, -9999, -9999, -9999, -9999, -9999, -9999, -9999, 85, -9999, -9999, -9999, 15, -9999, -9999, -9999, 79, -9999, -9999, -9999, -9999, 32, -9999, -9999, -9999, -9999, -9999, -9999, -9999, 66, -9999, -9999, -9999, -9999, -9999, -9999, 27, -9999, -9999, -9999, -9999, -9999, -9999, -9999, -9999, -9999, -9999, -9999, 84, -9999, -9999, -9999, -9999, 65, -9999, -9999, -9999, -9999, 10, -9999, 82, -9999, -9999, -9999, 28, -9999, -9999, -9999, 20, 9, -9999, -9999, -9999, 25, -9999, -9999, -9999, 1, 1, 1, 1, 1],
[-9999, -9999, -9999, -9999, -9999, -9999, -9999, -9999, -9999, -9999, -9999, -9999, -9999, -9999, -9999, -9999, -9999, -9999, -9999, -9999, -9999, -9999, -9999, -9999, -9999, -9999, -9999, -9999, -9999, -9999, -9999, -9999, -9999, -9999, -9999, -9999, -9999, -9999, -9999, -9999, -9999, -9999, -9999, -9999, -9999, -9999, -9999, -9999, -9999, 50, -9999, -9999, -9999, -9999, -9999, -9999, -9999, -9999, -9999, -9999, -9999, -9999, -9999, -9999, -9999, -9999, -9999, -9999, -9999, -9999, -9999, -9999, -9999, -9999, -9999, -9999, -9999, -9999, -9999, -9999, -9999, -9999, -9999, -9999, -9999, -9999, -9999, -9999, -9999, -9999, -9999, -9999, -9999, -9999, -9999, -9999, -9999, -9999, -9999, -9999, 1, 1, 1, 1, 1],
[-9999, -9999, -9999, -9999, -9999, -9999, -9999, -9999, 4, -9999, -9999, -9999, -9999, -9999, -9999, -9999, -9999, -9999, -9999, -9999, -9999, -9999, 21, 73, -9999, 2, 58, -9999, -9999, -9999, -9999, 12, -9999, -9999, -9999, -9999, -9999, -9999, -9999, -9999, -9999, -9999, 77, 43, 54, -9999, -9999, -9999, -9999, -9999, -9999, -9999, 67, -9999, -9999, -9999, -9999, 75, -9999, 47, -9999, -9999, -9999, -9999, -9999, -9999, -9999, -9999, -9999, -9999, -9999, 70, -9999, -9999, -9999, -9999, 20, -9999, -9999, 63, -9999, 80, -9999, -9999, -9999, -9999, -9999, 95, -9999, 43, -9999, -9999, -9999, -9999, -9999, 39, 83, -9999, -9999, 91, 1, 1, 1, 1, 1],
[-9999, -9999, -9999, -9999, -9999, 84, 73, 86, -9999, -9999, 70, 7, 68, -9999, -9999, -9999, 35, 58, 90, -9999, -9999, 9, 44, 22, 92, -9999, 81, -9999, -9999, -9999, -9999, 68, -9999, -9999, -9999, -9999, -9999, -9999, 73, -9999, -9999, -9999, -9999, 30, 47, -9999, -9999, -9999, -9999, -9999, -9999, -9999, 96, -9999, -9999, -9999, -9999, -9999, -9999, 80, -9999, 36, 10, 88, -9999, -9999, -9999, -9999, -9999, -9999, 50, 74, -9999, 1, 87, -9999, 47, 84, 48, 48, -9999, 22, -9999, -9999, 43, 95, -9999, 77, -9999, -9999, 49, -9999, -9999, 2, -9999, 71, 11, -9999, 44, 30, 1, 1, 1, 1, 1],
[-9999, -9999, -9999, -9999, -9999, 35, 20, 71, -9999, -9999, 3, -9999, 50, -9999, -9999, -9999, 9, 11, 32, -9999, -9999, -9999, -9999, -9999, 49, -9999, 62, -9999, -9999, -9999, -9999, 36, 62, -9999, -9999, 79, -9999, -9999, -9999, -9999, -9999, -9999, 75, 82, -9999, -9999, -9999, -9999, -9999, -9999, -9999, -9999, 1, 27, 47, -9999, -9999, 36, -9999, 37, -9999, 26, -9999, -9999, -9999, -9999, -9999, -9999, -9999, -9999, 66, 96, 2, 63, 95, -9999, 16, -9999, -9999, 77, -9999, 74, -9999, 2, -9999, -9999, 9, 46, 2, -9999, 49, 45, 95, -9999, 11, 82, -9999, -9999, 97, 20, 1, 1, 1, 1, 1],
[-9999, -9999, -9999, -9999, -9999, -9999, 14, -9999, -9999, -9999, -9999, 43, 61, -9999, -9999, -9999, -9999, 79, 30, -9999, -9999, -9999, 41, 17, 30, -9999, 18, -9999, 35, -9999, -9999, 94, -9999, -9999, -9999, 41, -9999, -9999, 62, 36, -9999, -9999, 2, 52, -9999, 22, -9999, -9999, -9999, 56, -9999, -9999, 23, -9999, -9999, 37, -9999, -9999, -9999, -9999, -9999, 38, 37, 66, -9999, 57, -9999, -9999, -9999, -9999, 3, 53, -9999, -9999, -9999, -9999, -9999, -9999, 40, 43, -9999, -9999, -9999, 30, -9999, 61, -9999, -9999, -9999, -9999, 86, 8, 66, -9999, -9999, -9999, -9999, 70, 67, 21, 1, 1, 1, 1, 1],
[-9999, -9999, -9999, -9999, -9999, -9999, 60, -9999, 72, -9999, 31, 48, 43, -9999, -9999, -9999, -9999, 76, 85, -9999, 46, 93, 15, -9999, 64, 32, -9999, -9999, 15, 29, 24, -9999, -9999, 32, -9999, 81, -9999, -9999, 5, -9999, 28, -9999, 37, -9999, 17, 34, 36, -9999, -9999, -9999, -9999, -9999, -9999, -9999, -9999, 22, -9999, -9999, 41, 32, -9999, 47, -9999, -9999, 96, 5, -9999, 6, -9999, -9999, 16, -9999, -9999, 68, -9999, -9999, -9999, 99, 95, 8, 20, 21, -9999, 6, -9999, 57, -9999, -9999, -9999, -9999, 4, 24, 30, -9999, -9999, -9999, -9999, -9999, 100, 69, 1, 1, 1, 1, 1],
[-9999, -9999, -9999, -9999, -9999, -9999, -9999, -9999, -9999, -9999, -9999, -9999, -9999, -9999, -9999, -9999, -9999, -9999, -9999, -9999, -9999, 46, 58, -9999, -9999, -9999, 34, -9999, -9999, -9999, -9999, -9999, -9999, -9999, 36, -9999, -9999, -9999, -9999, 11, -9999, -9999, -9999, 12, -9999, -9999, -9999, -9999, -9999, 41, -9999, -9999, -9999, -9999, -9999, -9999, -9999, 88, -9999, -9999, -9999, -9999, -9999, -9999, -9999, -9999, -9999, -9999, -9999, -9999, -9999, -9999, -9999, -9999, -9999, -9999, -9999, -9999, -9999, 67, -9999, -9999, -9999, 88, -9999, -9999, -9999, 70, -9999, -9999, -9999, 6, -9999, -9999, 43, -9999, -9999, -9999, -9999, 100, 1, 1, 1, 1, 1],
[-9999, -9999, -9999, -9999, -9999, 26, -9999, -9999, -9999, -9999, -9999, -9999, -9999, -9999, -9999, -9999, -9999, -9999, -9999, -9999, -9999, 45, 27, 44, -9999, -9999, 99, -9999, -9999, -9999, -9999, 75, -9999, -9999, -9999, -9999, -9999, -9999, -9999, -9999, -9999, -9999, 92, 90, 87, 96, -9999, -9999, -9999, 26, -9999, -9999, 24, -9999, -9999, -9999, -9999, 85, -9999, 71, -9999, -9999, -9999, -9999, -9999, -9999, -9999, -9999, -9999, -9999, -9999, -9999, -9999, -9999, -9999, -9999, -9999, -9999, -9999, -9999, -9999, -9999, -9999, -9999, -9999, -9999, -9999, -9999, -9999, -9999, -9999, 90, 70, -9999, 22, 22, -9999, -9999, -9999, -9999, 1, 1, 1, 1, 1],
[-9999, -9999, -9999, -9999, -9999, 99, -9999, -9999, -9999, -9999, -9999, -9999, -9999, -9999, -9999, -9999, -9999, -9999, -9999, -9999, -9999, -9999, 45, -9999, -9999, -9999, 74, -9999, -9999, -9999, -9999, 26, -9999, -9999, -9999, 66, -9999, -9999, -9999, 81, -9999, -9999, 32, 92, 63, -9999, -9999, -9999, -9999, 50, -9999, -9999, 100, -9999, -9999, -9999, -9999, -9999, -9999, 40, -9999, -9999, -9999, -9999, -9999, -9999, -9999, -9999, -9999, -9999, -9999, 43, -9999, -9999, -9999, -9999, 28, -9999, -9999, 10, -9999, -9999, -9999, -9999, -9999, -9999, -9999, 44, -9999, -9999, -9999, 44, 39, -9999, 10, -9999, -9999, -9999, -9999, 1, 1, 1, 1, 1, 1],
[-9999, -9999, -9999, -9999, -9999, -9999, -9999, -9999, -9999, -9999, -9999, -9999, -9999, -9999, -9999, -9999, -9999, -9999, -9999, -9999, -9999, -9999, 87, 58, -9999, -9999, 9, -9999, -9999, -9999, -9999, 48, -9999, -9999, -9999, -9999, -9999, -9999, -9999, 77, -9999, -9999, 95, -9999, 10, -9999, -9999, -9999, -9999, 96, -9999, -9999, 34, -9999, -9999, -9999, -9999, 32, -9999, 12, -9999, -9999, -9999, -9999, -9999, -9999, -9999, -9999, -9999, -9999, -9999, -9999, -9999, -9999, -9999, -9999, 96, -9999, -9999, 33, -9999, -9999, -9999, 19, -9999, -9999, -9999, 63, -9999, -9999, -9999, 35, -9999, -9999, 15, -9999, 28, -9999, -9999, -9999, 1, 1, 1, 1, 1],
[-9999, -9999, -9999, -9999, -9999, -9999, -9999, -9999, -9999, -9999, -9999, -9999, -9999, -9999, -9999, -9999, -9999, -9999, -9999, -9999, -9999, -9999, -9999, -9999, -9999, -9999, -9999, -9999, -9999, -9999, -9999, -9999, -9999, -9999, -9999, -9999, -9999, -9999, -9999, -9999, -9999, -9999, -9999, -9999, -9999, -9999, -9999, -9999, -9999, -9999, -9999, -9999, -9999, -9999, -9999, -9999, -9999, -9999, -9999, -9999, -9999, -9999, -9999, -9999, -9999, -9999, -9999, -9999, -9999, -9999, -9999, -9999, -9999, -9999, -9999, -9999, -9999, -9999, -9999, -9999, -9999, -9999, -9999, -9999, -9999, -9999, -9999, -9999, -9999, -9999, -9999, -9999, -9999, -9999, -9999, -9999, -9999, -9999, -9999, -9999, -9999, -9999, -9999, -9999, -9999],
[-9999, -9999, -9999, -9999, -9999, -9999, -9999, -9999, -9999, -9999, -9999, -9999, -9999, -9999, -9999, -9999, -9999, -9999, -9999, -9999, -9999, -9999, -9999, -9999, -9999, -9999, -9999, -9999, -9999, -9999, -9999, -9999, -9999, -9999, -9999, -9999, -9999, -9999, -9999, -9999, -9999, -9999, -9999, -9999, -9999, -9999, -9999, -9999, -9999, -9999, -9999, -9999, -9999, -9999, -9999, -9999, -9999, -9999, -9999, -9999, -9999, -9999, -9999, -9999, -9999, -9999, -9999, -9999, -9999, -9999, -9999, -9999, -9999, -9999, -9999, -9999, -9999, -9999, -9999, -9999, -9999, -9999, -9999, -9999, -9999, -9999, -9999, -9999, -9999, -9999, -9999, -9999, -9999, -9999, -9999, -9999, -9999, -9999, -9999, -9999, -9999, -9999, -9999, -9999, -9999],
[-9999, -9999, -9999, -9999, -9999, -9999, -9999, -9999, -9999, -9999, -9999, -9999, -9999, -9999, -9999, -9999, -9999, -9999, -9999, -9999, -9999, -9999, -9999, -9999, -9999, -9999, -9999, -9999, -9999, -9999, -9999, -9999, -9999, -9999, -9999, -9999, -9999, -9999, -9999, -9999, -9999, -9999, -9999, -9999, -9999, -9999, -9999, -9999, -9999, -9999, -9999, -9999, -9999, -9999, -9999, -9999, -9999, -9999, -9999, -9999, -9999, -9999, -9999, -9999, -9999, -9999, -9999, -9999, -9999, -9999, -9999, -9999, -9999, -9999, -9999, -9999, -9999, -9999, -9999, -9999, -9999, -9999, -9999, -9999, -9999, -9999, -9999, -9999, -9999, -9999, -9999, -9999, -9999, -9999, -9999, -9999, -9999, -9999, -9999, -9999, -9999, -9999, -9999, -9999, -9999],
[-9999, -9999, -9999, -9999, -9999, -9999, -9999, -9999, -9999, -9999, -9999, -9999, -9999, -9999, -9999, -9999, -9999, -9999, -9999, -9999, -9999, -9999, -9999, -9999, -9999, -9999, -9999, -9999, -9999, -9999, -9999, -9999, -9999, -9999, -9999, -9999, -9999, -9999, -9999, -9999, -9999, -9999, -9999, -9999, -9999, -9999, -9999, -9999, -9999, -9999, -9999, -9999, -9999, -9999, -9999, -9999, -9999, -9999, -9999, -9999, -9999, -9999, -9999, -9999, -9999, -9999, -9999, -9999, -9999, -9999, -9999, -9999, -9999, -9999, -9999, -9999, -9999, -9999, -9999, -9999, -9999, -9999, -9999, -9999, -9999, -9999, -9999, -9999, -9999, -9999, -9999, -9999, -9999, -9999, -9999, -9999, -9999, -9999, -9999, -9999, -9999, -9999, -9999, -9999, -9999],
[-9999, -9999, -9999, -9999, -9999, -9999, -9999, -9999, -9999, -9999, -9999, -9999, -9999, -9999, -9999, -9999, -9999, -9999, -9999, -9999, -9999, -9999, -9999, -9999, -9999, -9999, -9999, -9999, -9999, -9999, -9999, -9999, -9999, -9999, -9999, -9999, -9999, -9999, -9999, -9999, -9999, -9999, -9999, -9999, -9999, -9999, -9999, -9999, -9999, -9999, -9999, -9999, -9999, -9999, -9999, -9999, -9999, -9999, -9999, -9999, -9999, -9999, -9999, -9999, -9999, -9999, -9999, -9999, -9999, -9999, -9999, -9999, -9999, -9999, -9999, -9999, -9999, -9999, -9999, -9999, -9999, -9999, -9999, -9999, -9999, -9999, -9999, -9999, -9999, -9999, -9999, -9999, -9999, -9999, -9999, -9999, -9999, -9999, -9999, -9999, -9999, -9999, -9999, -9999, -9999]
];
