NbNodes = 105;
NbNDDs = 5;
NbPairs = 95;
NbTerminals = 5;
K = 0;
L = 97;
Wt = [
[-9999, -9999, -9999, -9999, -9999, -9999, -9999, -9999, -9999, -9999, -9999, 17, -9999, -9999, -9999, -9999, 58, -9999, -9999, -9999, 53, -9999, -9999, -9999, -9999, -9999, -9999, -9999, -9999, 100, -9999, -9999, -9999, -9999, -9999, 70, -9999, -9999, 56, -9999, -9999, -9999, -9999, -9999, 74, -9999, -9999, 45, -9999, -9999, -9999, -9999, -9999, 34, -9999, -9999, -9999, -9999, -9999, -9999, -9999, -9999, 58, -9999, -9999, -9999, -9999, -9999, -9999, -9999, 55, -9999, -9999, -9999, -9999, -9999, -9999, -9999, -9999, -9999, 77, -9999, 66, -9999, -9999, 97, 11, 87, 2, -9999, -9999, -9999, 3, -9999, -9999, -9999, -9999, -9999, -9999, -9999, 1, 1, 1, 1, 1],
[-9999, -9999, -9999, -9999, -9999, -9999, -9999, 35, 12, 72, -9999, 25, -9999, 36, 99, 34, 89, 65, -9999, -9999, 6, -9999, 86, -9999, 76, 26, 1, -9999, -9999, 89, -9999, 3, 81, -9999, 54, -9999, -9999, -9999, -9999, -9999, 65, 25, -9999, 47, 39, 38, -9999, -9999, -9999, -9999, -9999, -9999, -9999, -9999, -9999, 57, -9999, 60, -9999, 29, -9999, -9999, 64, -9999, 51, 46, 57, -9999, 6, -9999, -9999, -9999, 8, 22, -9999, -9999, -9999, 59, 94, -9999, 87, -9999, -9999, -9999, -9999, 98, -9999, 96, -9999, -9999, 25, -9999, 85, 36, -9999, -9999, -9999, 64, 29, -9999, 1, 1, 1, 1, 1],
[-9999, -9999, -9999, -9999, -9999, -9999, -9999, -9999, -9999, -9999, -9999, -9999, -9999, -9999, -9999, -9999, -9999, -9999, -9999, -9999, -9999, -9999, -9999, -9999, -9999, -9999, -9999, -9999, -9999, -9999, -9999, -9999, -9999, -9999, -9999, -9999, -9999, -9999, -9999, -9999, -9999, -9999, -9999, -9999, -9999, -9999, -9999, -9999, -9999, -9999, -9999, -9999, -9999, -9999, -9999, -9999, -9999, -9999, -9999, -9999, -9999, -9999, -9999, -9999, -9999, -9999, -9999, -9999, -9999, -9999, -9999, -9999, -9999, -9999, -9999, -9999, -9999, -9999, -9999, -9999, -9999, -9999, -9999, -9999, -9999, 87, -9999, -9999, -9999, -9999, -9999, -9999, -9999, -9999, -9999, -9999, -9999, -9999, -9999, -9999, 1, 1, 1, 1, 1],
[-9999, -9999, -9999, -9999, -9999, -9999, -9999, -9999, -9999, 21, -9999, 34, -9999, -9999, -9999, -9999, 36, -9999, -9999, -9999, -9999, -9999, -9999, -9999, -9999, -9999, -9999, -9999, -9999, -9999, -9999, -9999, 27, -9999, -9999, 25, -9999, -9999, -9999, -9999, -9999, -9999, -9999, -9999, 18, -9999, -9999, -9999, -9999, -9999, -9999, -9999, -9999, 52, -9999, -9999, -9999, -9999, -9999, -9999, 51, -9999, 34, -9999, -9999, 7, -9999, -9999, -9999, 22, 62, -9999, -9999, -9999, -9999, -9999, -9999, -9999, -9999, -9999, 72, -9999, -9999, -9999, -9999, 60, 48, 10, 86, -9999, -9999, -9999, 99, -9999, 50, -9999, 41, -9999, -9999, -9999, 1, 1, 1, 1, 1],
[-9999, -9999, -9999, -9999, -9999, 6, -9999, 56, 75, 45, 55, -9999, -9999, -9999, -9999, 65, 56, -9999, -9999, -9999, -9999, -9999, 55, -9999, 34, 16, 79, -9999, 69, 93, -9999, 37, 64, -9999, -9999, -9999, -9999, -9999, 83, 52, 18, -9999, -9999, -9999, 81, -9999, -9999, 60, -9999, -9999, 69, -9999, -9999, 95, -9999, 74, 74, 99, -9999, -9999, 19, -9999, 55, -9999, 66, -9999, 37, 90, 86, 77, 13, -9999, 17, 89, -9999, -9999, -9999, -9999, -9999, 46, -9999, -9999, -9999, 74, -9999, 38, -9999, 9, 30, -9999, 72, -9999, -9999, -9999, -9999, -9999, 96, 4, 41, 59, 1, 1, 1, 1, 1],
[-9999, -9999, -9999, -9999, -9999, -9999, -9999, -9999, -9999, -9999, -9999, -9999, -9999, 16, -9999, -9999, -9999, -9999, -9999, -9999, -9999, -9999, -9999, 83, 78, -9999, 67, -9999, -9999, -9999, -9999, -9999, -9999, -9999, -9999, -9999, -9999, -9999, -9999, -9999, -9999, -9999, -9999, -9999, -9999, -9999, -9999, -9999, -9999, -9999, -9999, -9999, -9999, -9999, -9999, -9999, -9999, -9999, -9999, 62, -9999, -9999, -9999, -9999, 30, -9999, -9999, 28, -9999, -9999, -9999, -9999, -9999, -9999, -9999, -9999, -9999, -9999, -9999, -9999, -9999, -9999, -9999, -9999, -9999, -9999, -9999, -9999, -9999, -9999, 29, -9999, -9999, -9999, -9999, -9999, -9999, -9999, -9999, 25, 1, 1, 1, 1, 1],
[-9999, -9999, -9999, -9999, -9999, -9999, -9999, 32, 43, -9999, -9999, -9999, -9999, 3, 60, 35, -9999, -9999, -9999, -9999, -9999, -9999, 58, -9999, 38, -9999, 11, -9999, 81, 97, -9999, 74, 13, -9999, -9999, 92, -9999, 59, 79, -9999, 15, -9999, -9999, 86, 9, 20, -9999, 5, 15, -9999, -9999, -9999, -9999, -9999, -9999, 72, 88, 60, -9999, 18, -9999, 66, 60, -9999, 3, -9999, 28, -9999, 77, 86, 18, -9999, 87, -9999, -9999, -9999, -9999, 67, -9999, 25, -9999, -9999, -9999, -9999, -9999, -9999, -9999, 100, -9999, -9999, 83, -9999, -9999, 61, 7, -9999, 95, 63, 92, 100, 1, 1, 1, 1, 1],
[-9999, -9999, -9999, -9999, -9999, -9999, -9999, -9999, -9999, -9999, -9999, -9999, -9999, -9999, -9999, -9999, 58, -9999, -9999, -9999, 37, -9999, -9999, -9999, -9999, -9999, -9999, -9999, -9999, 34, -9999, -9999, 44, -9999, -9999, 26, -9999, -9999, 7, -9999, -9999, -9999, 41, -9999, -9999, -9999, -9999, 84, -9999, -9999, -9999, 62, 16, 85, -9999, -9999, -9999, -9999, -9999, -9999, -9999, -9999, 19, -9999, -9999, 91, -9999, -9999, -9999, -9999, -9999, -9999, -9999, -9999, -9999, -9999, 70, -9999, -9999, -9999, -9999, -9999, 6, -9999, -9999, 66, 6, 2, 21, -9999, -9999, 87, 91, -9999, 64, -9999, -9999, -9999, -9999, -9999, 1, 1, 1, 1, 1],
[-9999, -9999, -9999, -9999, -9999, 7, -9999, 41, -9999, -9999, -9999, 70, -9999, 55, -9999, -9999, -9999, -9999, -9999, 29, 84, -9999, 34, -9999, 91, 52, 39, -9999, 31, -9999, -9999, 39, 15, -9999, 78, 95, -9999, -9999, 61, 56, 57, 59, -9999, 3, -9999, -9999, -9999, -9999, -9999, -9999, -9999, -9999, -9999, 20, -9999, 5, 98, 71, -9999, 50, -9999, 55, 93, -9999, 12, -9999, 91, 59, 70, -9999, -9999, -9999, 20, 53, -9999, -9999, 63, 50, 53, 10, 28, -9999, -9999, -9999, -9999, -9999, -9999, 84, 37, -9999, 49, -9999, 34, 83, -9999, -9999, 67, -9999, -9999, -9999, 1, 1, 1, 1, 1],
[-9999, -9999, -9999, -9999, -9999, 34, -9999, 5, 15, -9999, 94, 77, -9999, -9999, -9999, -9999, -9999, -9999, -9999, -9999, 97, 51, 80, -9999, 36, -9999, 53, -9999, 78, 37, -9999, 42, -9999, -9999, 95, 44, -9999, 29, -9999, -9999, 40, 61, -9999, 50, 12, -9999, -9999, -9999, -9999, -9999, -9999, -9999, -9999, -9999, -9999, 72, -9999, 58, -9999, -9999, 96, 89, -9999, -9999, 96, 2, 47, -9999, 86, -9999, 75, -9999, 85, -9999, -9999, -9999, -9999, 94, -9999, -9999, 66, -9999, -9999, 22, -9999, 60, 86, 64, -9999, -9999, 68, -9999, -9999, -9999, -9999, -9999, 1, -9999, 35, -9999, 1, 1, 1, 1, 1],
[-9999, -9999, -9999, -9999, -9999, -9999, -9999, -9999, -9999, -9999, -9999, 30, -9999, -9999, -9999, -9999, 10, -9999, -9999, -9999, 21, -9999, -9999, -9999, -9999, -9999, -9999, -9999, -9999, 60, -9999, -9999, -9999, -9999, -9999, 59, -9999, -9999, -9999, -9999, -9999, -9999, -9999, 88, 57, -9999, -9999, -9999, -9999, -9999, -9999, -9999, -9999, -9999, -9999, -9999, -9999, -9999, -9999, -9999, 3, -9999, -9999, -9999, -9999, -9999, -9999, -9999, -9999, 48, 13, -9999, -9999, -9999, -9999, -9999, 4, -9999, -9999, -9999, -9999, -9999, 78, -9999, -9999, -9999, 3, 83, 26, -9999, -9999, -9999, 21, -9999, -9999, -9999, -9999, -9999, 77, -9999, 1, 1, 1, 1, 1],
[-9999, -9999, -9999, -9999, -9999, -9999, -9999, -9999, -9999, 65, -9999, -9999, -9999, -9999, -9999, -9999, -9999, -9999, -9999, -9999, 20, -9999, -9999, -9999, -9999, -9999, -9999, -9999, -9999, 71, -9999, -9999, 63, -9999, -9999, -9999, -9999, -9999, 56, -9999, -9999, -9999, -9999, 29, 82, -9999, -9999, 75, -9999, -9999, -9999, -9999, -9999, -9999, -9999, -9999, -9999, -9999, -9999, -9999, 15, -9999, 7, -9999, -9999, -9999, -9999, -9999, -9999, -9999, 82, -9999, -9999, -9999, -9999, -9999, 82, -9999, -9999, -9999, 81, -9999, -9999, -9999, -9999, 77, 22, 89, 40, -9999, -9999, -9999, -9999, -9999, 27, -9999, 9, -9999, 34, -9999, 1, 1, 1, 1, 1],
[-9999, -9999, -9999, -9999, -9999, -9999, -9999, -9999, -9999, -9999, -9999, 70, -9999, -9999, -9999, -9999, 33, -9999, -9999, -9999, -9999, -9999, -9999, -9999, -9999, -9999, -9999, -9999, -9999, 94, -9999, -9999, 44, -9999, -9999, -9999, -9999, -9999, 16, -9999, -9999, -9999, -9999, -9999, 86, -9999, -9999, -9999, -9999, -9999, -9999, -9999, -9999, -9999, -9999, -9999, -9999, -9999, -9999, -9999, 19, -9999, 40, -9999, -9999, 48, -9999, -9999, -9999, -9999, -9999, -9999, -9999, -9999, -9999, -9999, 5, -9999, -9999, -9999, -9999, -9999, -9999, -9999, -9999, 1, -9999, 79, 84, -9999, -9999, -9999, -9999, -9999, 89, -9999, -9999, -9999, 100, -9999, 1, 1, 1, 1, 1],
[-9999, -9999, -9999, -9999, -9999, -9999, -9999, -9999, -9999, -9999, -9999, -9999, -9999, -9999, -9999, -9999, -9999, -9999, -9999, -9999, -9999, -9999, -9999, 59, 80, -9999, 14, -9999, 12, -9999, -9999, -9999, -9999, -9999, -9999, -9999, -9999, -9999, -9999, -9999, -9999, 7, -9999, -9999, -9999, -9999, -9999, -9999, -9999, -9999, -9999, -9999, -9999, -9999, -9999, -9999, -9999, -9999, -9999, 16, -9999, -9999, -9999, -9999, -9999, -9999, -9999, 79, -9999, -9999, -9999, -9999, -9999, -9999, -9999, -9999, -9999, -9999, -9999, -9999, -9999, -9999, -9999, 36, -9999, 24, -9999, -9999, -9999, -9999, 83, -9999, -9999, -9999, -9999, -9999, -9999, -9999, -9999, 91, 1, 1, 1, 1, 1],
[-9999, -9999, -9999, -9999, -9999, 40, -9999, 33, 21, 22, 99, -9999, -9999, -9999, -9999, 85, -9999, 32, -9999, -9999, 11, -9999, -9999, -9999, 84, 32, -9999, -9999, -9999, 37, -9999, 61, -9999, -9999, 62, 19, -9999, 44, 61, -9999, -9999, -9999, -9999, 5, 81, 41, -9999, 76, -9999, -9999, -9999, -9999, -9999, 100, -9999, 76, 5, 28, -9999, 89, 35, -9999, 59, -9999, -9999, 43, -9999, -9999, 55, -9999, 83, -9999, 68, 26, 86, -9999, -9999, -9999, 87, 48, 50, -9999, -9999, 23, 34, 41, -9999, 43, 63, -9999, 85, -9999, -9999, 46, 24, -9999, 83, 100, 9, 97, 1, 1, 1, 1, 1],
[-9999, -9999, -9999, -9999, -9999, -9999, -9999, -9999, -9999, -9999, -9999, 72, -9999, -9999, -9999, -9999, 64, -9999, -9999, -9999, 38, -9999, -9999, -9999, -9999, -9999, -9999, -9999, -9999, -9999, -9999, -9999, 53, -9999, -9999, 47, -9999, -9999, 96, -9999, -9999, -9999, -9999, -9999, 88, -9999, -9999, 67, -9999, -9999, -9999, -9999, -9999, -9999, -9999, -9999, -9999, -9999, -9999, -9999, 87, -9999, -9999, -9999, -9999, -9999, -9999, -9999, -9999, -9999, 32, -9999, -9999, -9999, -9999, -9999, 71, -9999, -9999, -9999, 22, -9999, -9999, -9999, -9999, 49, -9999, 24, -9999, -9999, -9999, -9999, -9999, -9999, 23, -9999, 67, -9999, -9999, -9999, 1, 1, 1, 1, 1],
[-9999, -9999, -9999, -9999, -9999, -9999, -9999, -9999, -9999, -9999, -9999, -9999, -9999, -9999, -9999, -9999, -9999, -9999, -9999, -9999, -9999, -9999, -9999, -9999, -9999, -9999, -9999, -9999, -9999, -9999, -9999, -9999, -9999, -9999, -9999, -9999, -9999, -9999, -9999, -9999, -9999, -9999, -9999, -9999, -9999, -9999, -9999, -9999, -9999, -9999, -9999, -9999, -9999, -9999, -9999, -9999, -9999, -9999, -9999, -9999, -9999, -9999, -9999, -9999, -9999, -9999, -9999, -9999, -9999, -9999, -9999, -9999, -9999, -9999, -9999, -9999, -9999, -9999, -9999, -9999, -9999, -9999, -9999, -9999, -9999, -9999, -9999, -9999, -9999, -9999, -9999, -9999, -9999, -9999, -9999, -9999, -9999, -9999, -9999, -9999, 1, 1, 1, 1, 1],
[-9999, -9999, -9999, -9999, -9999, 42, -9999, -9999, -9999, -9999, -9999, -9999, -9999, 1, -9999, -9999, -9999, -9999, -9999, -9999, -9999, -9999, -9999, 29, -9999, -9999, 14, -9999, -9999, -9999, -9999, -9999, -9999, -9999, -9999, -9999, -9999, -9999, -9999, -9999, -9999, -9999, -9999, -9999, -9999, -9999, -9999, -9999, -9999, -9999, -9999, -9999, -9999, -9999, -9999, -9999, -9999, -9999, -9999, 54, -9999, -9999, -9999, -9999, -9999, -9999, -9999, 49, -9999, -9999, -9999, -9999, -9999, -9999, -9999, -9999, -9999, -9999, -9999, -9999, -9999, -9999, -9999, 27, -9999, 70, -9999, -9999, -9999, -9999, 35, -9999, -9999, -9999, -9999, -9999, -9999, -9999, -9999, 10, 1, 1, 1, 1, 1],
[-9999, -9999, -9999, -9999, -9999, 85, -9999, 91, 48, -9999, -9999, -9999, -9999, 56, 92, -9999, 93, 37, -9999, -9999, -9999, -9999, -9999, 99, 91, 52, 88, -9999, -9999, 36, -9999, 27, -9999, -9999, 32, -9999, -9999, 41, 69, 68, 40, 71, -9999, 89, -9999, 25, -9999, -9999, 66, -9999, -9999, -9999, -9999, 21, -9999, -9999, -9999, 32, -9999, 53, -9999, -9999, 42, -9999, -9999, -9999, -9999, -9999, 5, -9999, 95, -9999, 96, 65, -9999, -9999, 55, -9999, 31, 61, 19, -9999, 37, 82, -9999, 76, -9999, 5, -9999, -9999, 41, -9999, 19, 19, 25, -9999, -9999, 78, 27, 30, 1, 1, 1, 1, 1],
[-9999, -9999, -9999, -9999, -9999, -9999, -9999, -9999, -9999, -9999, -9999, -9999, -9999, -9999, -9999, -9999, 63, -9999, -9999, -9999, -9999, -9999, -9999, -9999, -9999, -9999, -9999, -9999, -9999, -9999, -9999, -9999, -9999, -9999, -9999, 57, -9999, -9999, 79, -9999, -9999, -9999, -9999, -9999, -9999, -9999, -9999, -9999, -9999, -9999, -9999, -9999, -9999, -9999, -9999, -9999, -9999, -9999, -9999, -9999, 63, -9999, 24, -9999, -9999, 15, -9999, -9999, -9999, -9999, -9999, -9999, -9999, -9999, -9999, -9999, 4, -9999, -9999, -9999, 26, -9999, 43, -9999, -9999, -9999, 95, 78, -9999, -9999, -9999, -9999, -9999, -9999, 91, -9999, 48, -9999, 27, -9999, 1, 1, 1, 1, 1],
[-9999, -9999, -9999, -9999, -9999, -9999, -9999, -9999, -9999, -9999, -9999, 97, 3, -9999, -9999, -9999, 41, -9999, -9999, -9999, -9999, -9999, -9999, -9999, -9999, -9999, -9999, -9999, -9999, -9999, -9999, -9999, 6, -9999, -9999, 28, -9999, -9999, -9999, -9999, -9999, -9999, 91, -9999, -9999, -9999, 96, 32, -9999, -9999, 45, -9999, 70, 40, -9999, -9999, -9999, -9999, -9999, -9999, 65, -9999, 27, -9999, -9999, -9999, -9999, -9999, -9999, 49, -9999, -9999, -9999, -9999, -9999, -9999, -9999, -9999, -9999, -9999, 3, -9999, 28, -9999, -9999, -9999, 6, 55, 26, -9999, -9999, -9999, -9999, -9999, -9999, -9999, -9999, -9999, -9999, -9999, 1, 1, 1, 1, 1],
[-9999, -9999, -9999, -9999, -9999, -9999, -9999, -9999, -9999, -9999, -9999, 83, -9999, -9999, -9999, -9999, -9999, -9999, -9999, -9999, -9999, -9999, -9999, -9999, -9999, -9999, -9999, -9999, -9999, -9999, -9999, -9999, 33, -9999, -9999, -9999, -9999, -9999, 80, -9999, -9999, -9999, -9999, 95, 85, -9999, -9999, -9999, -9999, -9999, -9999, -9999, -9999, -9999, -9999, -9999, -9999, -9999, -9999, -9999, 20, -9999, 65, -9999, -9999, 64, -9999, -9999, -9999, -9999, 56, -9999, -9999, -9999, -9999, -9999, 80, -9999, -9999, -9999, 67, -9999, 56, -9999, -9999, -9999, 35, 18, -9999, -9999, -9999, -9999, -9999, -9999, 99, -9999, -9999, -9999, 41, -9999, 1, 1, 1, 1, 1],
[-9999, -9999, -9999, -9999, -9999, 68, -9999, 90, 74, 10, 63, 36, -9999, -9999, 24, 29, -9999, -9999, -9999, -9999, -9999, -9999, -9999, -9999, -9999, 75, 47, -9999, 3, -9999, 97, 53, -9999, -9999, 46, -9999, -9999, -9999, 79, -9999, 71, 42, 50, -9999, 39, -9999, 92, 1, -9999, 44, -9999, 73, 45, 74, 27, -9999, -9999, 45, 87, -9999, -9999, 35, -9999, -9999, -9999, -9999, -9999, -9999, 74, 32, -9999, 76, 67, -9999, -9999, 3, -9999, -9999, -9999, -9999, 51, 11, 66, 74, -9999, 78, -9999, 49, -9999, 46, 4, -9999, 23, 86, -9999, -9999, 26, 9, -9999, 65, 1, 1, 1, 1, 1],
[-9999, -9999, -9999, -9999, -9999, 72, 28, 9, 91, 15, -9999, 81, -9999, 37, 97, 50, 38, 10, -9999, -9999, 24, -9999, -9999, -9999, -9999, 42, 61, -9999, 81, 7, 71, 54, -9999, 71, 17, 33, -9999, -9999, 99, -9999, -9999, 59, -9999, -9999, -9999, 89, 70, -9999, -9999, -9999, -9999, -9999, 81, 49, -9999, 19, -9999, 87, -9999, -9999, 77, 99, 80, -9999, 4, 44, -9999, 68, 81, 51, 12, -9999, 94, -9999, -9999, 20, 19, 78, -9999, 76, 98, 49, -9999, -9999, -9999, 47, -9999, 67, 62, 58, 43, -9999, -9999, 60, 48, 54, 7, 78, -9999, 79, 1, 1, 1, 1, 1],
[-9999, -9999, -9999, -9999, -9999, 1, -9999, 69, 97, -9999, 97, 83, -9999, 66, -9999, 79, 63, 39, -9999, -9999, 44, 41, 71, -9999, -9999, 75, 72, -9999, -9999, -9999, -9999, 62, 96, -9999, 83, -9999, -9999, -9999, 16, -9999, 36, 73, -9999, -9999, 5, -9999, -9999, 32, -9999, -9999, -9999, -9999, -9999, -9999, -9999, -9999, -9999, 93, -9999, -9999, 20, -9999, 75, -9999, 80, -9999, 44, -9999, 83, 32, 74, -9999, 4, 86, -9999, -9999, 19, -9999, -9999, 20, 83, -9999, 100, 25, 30, -9999, -9999, 88, -9999, -9999, 78, -9999, -9999, 43, -9999, -9999, -9999, 41, 52, 41, 1, 1, 1, 1, 1],
[-9999, -9999, -9999, -9999, -9999, -9999, -9999, 54, 94, 48, 94, -9999, -9999, 89, 55, 45, -9999, 28, -9999, -9999, 44, -9999, -9999, 14, 77, -9999, -9999, -9999, -9999, -9999, -9999, 76, 43, -9999, 42, 94, -9999, 92, 44, 22, 96, 84, -9999, 62, 10, 24, -9999, 70, -9999, -9999, -9999, -9999, -9999, 64, -9999, 39, 92, 8, -9999, -9999, -9999, -9999, -9999, -9999, -9999, 9, -9999, 82, 22, 24, -9999, -9999, 84, 82, -9999, -9999, -9999, -9999, 39, 67, 1, -9999, -9999, -9999, -9999, 43, 94, 93, 32, -9999, 18, -9999, 62, 22, -9999, -9999, 75, -9999, 91, 78, 1, 1, 1, 1, 1],
[-9999, -9999, -9999, -9999, -9999, -9999, -9999, -9999, -9999, -9999, -9999, 16, -9999, -9999, -9999, -9999, 11, -9999, -9999, -9999, -9999, -9999, -9999, -9999, -9999, -9999, -9999, -9999, -9999, 34, 91, -9999, 7, -9999, -9999, 13, -9999, -9999, -9999, -9999, -9999, -9999, 34, 1, 6, -9999, -9999, 83, -9999, -9999, -9999, 76, 27, -9999, -9999, -9999, -9999, -9999, 11, -9999, -9999, -9999, 74, -9999, -9999, 10, -9999, -9999, -9999, 10, 4, -9999, -9999, -9999, -9999, -9999, -9999, -9999, -9999, -9999, 59, -9999, 80, -9999, -9999, -9999, 10, 39, 33, -9999, -9999, 7, -9999, -9999, 88, -9999, -9999, -9999, 8, -9999, 1, 1, 1, 1, 1],
[-9999, -9999, -9999, -9999, -9999, -9999, -9999, -9999, -9999, 73, -9999, -9999, -9999, -9999, -9999, -9999, 45, -9999, -9999, -9999, -9999, -9999, -9999, -9999, -9999, -9999, -9999, -9999, -9999, 69, -9999, -9999, 13, -9999, -9999, 6, -9999, -9999, 9, -9999, -9999, -9999, -9999, 87, 95, -9999, -9999, -9999, -9999, -9999, -9999, -9999, -9999, -9999, -9999, -9999, -9999, -9999, -9999, -9999, 40, -9999, -9999, -9999, -9999, 64, -9999, -9999, -9999, -9999, 80, -9999, -9999, -9999, -9999, -9999, 61, -9999, -9999, -9999, -9999, -9999, 85, -9999, -9999, 24, -9999, 3, -9999, -9999, -9999, -9999, -9999, -9999, 31, -9999, 57, -9999, 6, -9999, 1, 1, 1, 1, 1],
[-9999, -9999, -9999, -9999, -9999, -9999, -9999, -9999, -9999, -9999, -9999, -9999, -9999, 18, -9999, -9999, -9999, -9999, -9999, -9999, -9999, -9999, -9999, 36, 34, -9999, -9999, -9999, -9999, -9999, -9999, -9999, -9999, -9999, -9999, -9999, -9999, -9999, -9999, -9999, -9999, -9999, -9999, -9999, -9999, -9999, -9999, -9999, -9999, -9999, -9999, -9999, -9999, -9999, -9999, -9999, -9999, -9999, -9999, -9999, -9999, -9999, -9999, -9999, -9999, -9999, -9999, 4, -9999, -9999, -9999, -9999, -9999, 50, -9999, -9999, -9999, -9999, -9999, -9999, -9999, -9999, -9999, -9999, -9999, -9999, -9999, -9999, -9999, -9999, 82, -9999, -9999, -9999, -9999, -9999, -9999, -9999, -9999, 83, 1, 1, 1, 1, 1],
[-9999, -9999, -9999, -9999, -9999, -9999, -9999, 22, 10, -9999, 84, -9999, 71, 100, 1, 12, -9999, 8, -9999, -9999, -9999, -9999, -9999, 92, -9999, -9999, 30, -9999, -9999, -9999, -9999, 26, -9999, -9999, 52, -9999, 56, -9999, -9999, -9999, -9999, 21, -9999, 6, -9999, 44, -9999, 41, -9999, -9999, -9999, -9999, -9999, -9999, -9999, -9999, 74, 11, -9999, 46, -9999, 11, 11, -9999, -9999, -9999, -9999, -9999, 88, -9999, -9999, -9999, 39, -9999, -9999, -9999, 88, 28, -9999, 7, 94, -9999, -9999, 100, -9999, -9999, 100, 100, 32, -9999, 87, -9999, 37, -9999, -9999, -9999, 17, -9999, -9999, -9999, 1, 1, 1, 1, 1],
[-9999, -9999, -9999, -9999, -9999, -9999, -9999, -9999, -9999, -9999, -9999, -9999, -9999, -9999, -9999, -9999, -9999, -9999, -9999, -9999, -9999, -9999, -9999, -9999, 14, -9999, -9999, -9999, 49, -9999, -9999, -9999, -9999, -9999, -9999, -9999, -9999, -9999, -9999, -9999, -9999, 20, -9999, -9999, -9999, -9999, -9999, -9999, -9999, -9999, -9999, -9999, -9999, -9999, -9999, -9999, -9999, -9999, -9999, 64, -9999, -9999, -9999, -9999, -9999, -9999, -9999, -9999, -9999, -9999, -9999, -9999, -9999, 96, -9999, -9999, -9999, -9999, -9999, -9999, -9999, -9999, -9999, -9999, -9999, 35, -9999, -9999, -9999, -9999, 62, -9999, -9999, -9999, -9999, -9999, -9999, -9999, -9999, -9999, 1, 1, 1, 1, 1],
[-9999, -9999, -9999, -9999, -9999, -9999, -9999, -9999, -9999, 59, -9999, 52, -9999, -9999, -9999, -9999, -9999, -9999, -9999, -9999, -9999, -9999, -9999, -9999, -9999, -9999, -9999, -9999, -9999, -9999, -9999, -9999, 61, -9999, -9999, -9999, -9999, -9999, -9999, -9999, -9999, -9999, -9999, -9999, 45, -9999, -9999, 77, -9999, -9999, -9999, -9999, -9999, -9999, -9999, -9999, -9999, -9999, -9999, -9999, 79, -9999, 22, -9999, -9999, 26, -9999, -9999, -9999, 77, -9999, -9999, -9999, -9999, -9999, -9999, 45, -9999, -9999, -9999, 22, -9999, -9999, -9999, -9999, -9999, 28, 59, 93, -9999, -9999, -9999, 21, -9999, 2, -9999, -9999, -9999, -9999, -9999, 1, 1, 1, 1, 1],
[-9999, -9999, -9999, -9999, -9999, 64, -9999, 32, 11, 2, -9999, 28, -9999, -9999, 55, 16, -9999, -9999, -9999, -9999, -9999, -9999, 92, 74, -9999, 11, 24, -9999, -9999, -9999, -9999, 66, -9999, -9999, -9999, -9999, -9999, 89, -9999, 98, -9999, 86, -9999, 28, 6, -9999, -9999, 19, -9999, -9999, -9999, -9999, -9999, 69, -9999, 31, 85, 9, -9999, 24, 99, 87, -9999, -9999, 59, 4, 7, -9999, 63, 26, 36, -9999, 2, 19, -9999, -9999, -9999, 13, -9999, -9999, -9999, -9999, 15, 65, -9999, 40, 67, 25, 35, -9999, 23, -9999, 42, 11, 74, -9999, 45, 12, -9999, 25, 1, 1, 1, 1, 1],
[-9999, -9999, -9999, -9999, -9999, -9999, -9999, -9999, -9999, -9999, -9999, 28, -9999, -9999, -9999, -9999, 86, -9999, -9999, -9999, 27, -9999, -9999, -9999, -9999, -9999, -9999, -9999, -9999, 63, -9999, -9999, -9999, -9999, -9999, -9999, -9999, -9999, 47, -9999, -9999, -9999, -9999, -9999, 65, -9999, -9999, 31, -9999, -9999, -9999, -9999, -9999, 21, -9999, -9999, -9999, -9999, -9999, -9999, -9999, -9999, -9999, -9999, -9999, -9999, -9999, -9999, -9999, 38, 86, -9999, -9999, -9999, -9999, -9999, 64, -9999, -9999, -9999, -9999, -9999, 65, -9999, -9999, 99, -9999, 74, 17, -9999, -9999, -9999, 85, -9999, -9999, -9999, -9999, -9999, 37, -9999, 1, 1, 1, 1, 1],
[-9999, -9999, -9999, -9999, -9999, 29, -9999, 74, 11, 78, 37, 57, -9999, 82, 38, -9999, 35, -9999, -9999, -9999, -9999, -9999, 30, -9999, -9999, -9999, -9999, -9999, -9999, -9999, 83, 10, -9999, -9999, -9999, 65, -9999, -9999, -9999, 70, 44, 63, 55, 28, 40, -9999, -9999, 69, -9999, 13, -9999, 40, -9999, 32, -9999, 79, 12, 99, 25, -9999, -9999, -9999, -9999, 17, 41, 92, 88, -9999, 27, 33, 76, 83, 97, 85, -9999, 41, 84, -9999, 88, 97, -9999, 88, 78, 47, 60, 96, 73, 97, -9999, 14, 53, 25, -9999, 50, 98, 21, -9999, 8, -9999, -9999, 1, 1, 1, 1, 1],
[-9999, -9999, -9999, -9999, -9999, -9999, -9999, -9999, -9999, 76, -9999, 28, -9999, -9999, -9999, -9999, 62, -9999, -9999, -9999, 4, -9999, -9999, -9999, -9999, -9999, -9999, -9999, -9999, 81, -9999, -9999, 98, -9999, -9999, -9999, -9999, -9999, -9999, -9999, -9999, -9999, -9999, -9999, 8, -9999, -9999, 82, -9999, -9999, -9999, -9999, -9999, -9999, -9999, -9999, -9999, -9999, -9999, -9999, -9999, -9999, 79, -9999, -9999, 61, -9999, -9999, -9999, 17, -9999, -9999, -9999, -9999, -9999, -9999, 48, -9999, -9999, -9999, -9999, -9999, -9999, -9999, -9999, 94, -9999, 82, -9999, -9999, -9999, -9999, 16, -9999, -9999, -9999, 77, -9999, 32, -9999, 1, 1, 1, 1, 1],
[-9999, -9999, -9999, -9999, -9999, 84, -9999, 13, 27, -9999, 21, 24, -9999, -9999, 12, 40, -9999, -9999, -9999, -9999, 95, -9999, -9999, 74, 14, -9999, -9999, -9999, -9999, 31, -9999, 82, 68, -9999, 96, -9999, -9999, -9999, 12, -9999, -9999, -9999, -9999, 2, -9999, 75, -9999, -9999, -9999, -9999, 63, -9999, -9999, -9999, -9999, -9999, -9999, 54, -9999, -9999, 15, 16, -9999, -9999, 32, 100, -9999, -9999, 97, -9999, 27, -9999, 5, 51, -9999, -9999, 66, 83, 10, 3, 43, -9999, -9999, 51, -9999, 30, 13, 32, 56, -9999, 78, -9999, 7, 58, 80, -9999, -9999, -9999, 85, 13, 1, 1, 1, 1, 1],
[-9999, -9999, -9999, -9999, -9999, 87, -9999, 45, 45, 14, -9999, 35, -9999, 86, 40, 98, -9999, -9999, -9999, -9999, 45, 96, 43, -9999, 91, -9999, 19, -9999, -9999, 91, -9999, 30, -9999, 14, -9999, -9999, -9999, -9999, 94, 73, -9999, 23, -9999, 50, 98, -9999, 65, -9999, -9999, 19, -9999, -9999, 63, 21, -9999, 39, 50, 69, 9, 57, 64, 71, 40, 65, 42, 54, 16, -9999, 45, -9999, 63, -9999, 37, -9999, -9999, 79, -9999, 67, 62, -9999, -9999, 94, -9999, 86, -9999, -9999, -9999, 49, 76, -9999, 42, 7, 78, 56, -9999, -9999, -9999, 30, 67, 38, 1, 1, 1, 1, 1],
[-9999, -9999, -9999, -9999, -9999, -9999, -9999, -9999, -9999, 86, -9999, 97, -9999, -9999, -9999, -9999, 82, -9999, -9999, -9999, -9999, -9999, -9999, -9999, -9999, -9999, -9999, -9999, -9999, 51, -9999, -9999, 9, -9999, -9999, 12, -9999, -9999, -9999, -9999, -9999, -9999, -9999, -9999, -9999, -9999, -9999, 54, -9999, -9999, -9999, -9999, -9999, 32, -9999, -9999, -9999, -9999, -9999, -9999, 41, -9999, 67, -9999, -9999, 43, -9999, -9999, -9999, 56, 91, -9999, -9999, -9999, -9999, -9999, -9999, -9999, -9999, -9999, 45, -9999, 64, -9999, -9999, 25, 28, 18, -9999, -9999, -9999, -9999, 36, -9999, 18, -9999, 68, -9999, 98, -9999, 1, 1, 1, 1, 1],
[-9999, -9999, -9999, -9999, -9999, -9999, -9999, -9999, -9999, 29, -9999, 34, -9999, -9999, -9999, -9999, -9999, -9999, -9999, -9999, 98, -9999, -9999, -9999, -9999, -9999, -9999, -9999, -9999, 42, -9999, -9999, -9999, -9999, -9999, -9999, -9999, -9999, -9999, -9999, -9999, -9999, -9999, 33, 57, -9999, -9999, 89, -9999, -9999, 52, -9999, -9999, 61, -9999, -9999, -9999, -9999, -9999, -9999, -9999, -9999, 21, -9999, -9999, 6, -9999, -9999, -9999, 94, 27, -9999, -9999, -9999, -9999, -9999, 77, -9999, -9999, -9999, 30, -9999, -9999, -9999, -9999, 81, -9999, 31, -9999, -9999, -9999, -9999, 41, -9999, 13, -9999, 43, -9999, 62, -9999, 1, 1, 1, 1, 1],
[-9999, -9999, -9999, -9999, -9999, -9999, -9999, -9999, -9999, -9999, -9999, 7, -9999, -9999, -9999, -9999, 17, -9999, -9999, -9999, 90, -9999, -9999, -9999, -9999, -9999, -9999, -9999, -9999, 44, -9999, -9999, 68, -9999, -9999, -9999, -9999, -9999, 21, -9999, -9999, -9999, -9999, -9999, -9999, -9999, -9999, 78, -9999, -9999, -9999, -9999, -9999, 27, -9999, -9999, -9999, -9999, -9999, -9999, -9999, -9999, 1, -9999, -9999, 68, -9999, -9999, -9999, -9999, 40, -9999, -9999, -9999, -9999, -9999, -9999, -9999, -9999, -9999, 32, -9999, -9999, -9999, -9999, 35, 34, 17, -9999, -9999, -9999, -9999, -9999, -9999, -9999, -9999, 7, -9999, 87, -9999, 1, 1, 1, 1, 1],
[-9999, -9999, -9999, -9999, -9999, -9999, -9999, -9999, -9999, -9999, -9999, -9999, -9999, -9999, -9999, -9999, 43, -9999, -9999, -9999, 49, -9999, -9999, -9999, -9999, -9999, -9999, -9999, -9999, 65, -9999, -9999, -9999, -9999, -9999, -9999, -9999, -9999, 25, -9999, -9999, -9999, -9999, -9999, 55, -9999, -9999, -9999, -9999, -9999, -9999, -9999, -9999, -9999, -9999, -9999, -9999, -9999, -9999, -9999, 12, -9999, -9999, -9999, -9999, 52, -9999, -9999, -9999, -9999, 89, -9999, -9999, -9999, -9999, -9999, -9999, -9999, -9999, -9999, 81, -9999, -9999, -9999, -9999, -9999, -9999, 64, -9999, -9999, -9999, -9999, 3, -9999, 33, -9999, -9999, -9999, 8, -9999, 1, 1, 1, 1, 1],
[-9999, -9999, -9999, -9999, -9999, -9999, -9999, -9999, -9999, 66, -9999, 13, -9999, -9999, -9999, -9999, -9999, -9999, -9999, -9999, -9999, -9999, -9999, -9999, -9999, -9999, -9999, -9999, -9999, 97, -9999, -9999, 90, -9999, -9999, -9999, -9999, -9999, -9999, -9999, -9999, -9999, -9999, 94, -9999, -9999, 14, 100, -9999, -9999, 69, -9999, 53, -9999, -9999, -9999, -9999, -9999, -9999, -9999, 54, -9999, 1, -9999, -9999, 64, -9999, -9999, -9999, 41, -9999, -9999, -9999, -9999, -9999, -9999, 6, -9999, -9999, -9999, 73, -9999, -9999, -9999, -9999, -9999, 73, 84, 30, -9999, -9999, 24, -9999, -9999, 22, -9999, 7, -9999, 76, -9999, 1, 1, 1, 1, 1],
[-9999, -9999, -9999, -9999, -9999, 32, -9999, 32, 73, -9999, 18, -9999, -9999, 28, 82, 59, 85, 19, -9999, -9999, -9999, -9999, 3, -9999, 61, 44, -9999, -9999, 74, -9999, -9999, 72, -9999, -9999, 6, -9999, -9999, 48, 99, 12, 100, -9999, -9999, -9999, 81, 96, -9999, 89, -9999, -9999, -9999, -9999, -9999, 52, -9999, 58, 61, 16, -9999, 41, -9999, -9999, -9999, -9999, 64, -9999, 58, -9999, 29, 56, 17, -9999, 34, 82, -9999, -9999, -9999, 15, 63, -9999, -9999, -9999, 77, 54, -9999, -9999, -9999, 52, 1, -9999, 28, -9999, -9999, 70, 49, -9999, 27, 42, 57, -9999, 1, 1, 1, 1, 1],
[-9999, -9999, -9999, -9999, -9999, 90, -9999, 43, 65, 72, -9999, -9999, -9999, -9999, -9999, 28, -9999, -9999, -9999, -9999, 56, -9999, -9999, -9999, 78, 76, 19, -9999, -9999, 56, -9999, 67, 91, -9999, 18, -9999, -9999, -9999, -9999, -9999, 99, -9999, -9999, 15, -9999, 23, -9999, 74, -9999, -9999, -9999, -9999, -9999, 97, -9999, -9999, 93, 27, -9999, 72, 12, -9999, 56, -9999, 47, -9999, 32, -9999, 69, 2, -9999, -9999, 76, 81, -9999, -9999, 34, -9999, 35, -9999, 66, -9999, 28, 41, -9999, 39, 59, 32, 86, -9999, 80, -9999, 13, -9999, 15, -9999, 63, 89, -9999, -9999, 1, 1, 1, 1, 1],
[-9999, -9999, -9999, -9999, -9999, -9999, -9999, -9999, -9999, -9999, -9999, -9999, 37, -9999, -9999, -9999, 6, -9999, -9999, -9999, -9999, -9999, -9999, -9999, -9999, -9999, -9999, -9999, -9999, 34, -9999, -9999, 88, -9999, -9999, -9999, -9999, -9999, 90, -9999, -9999, -9999, -9999, 46, -9999, -9999, -9999, 29, -9999, -9999, -9999, -9999, -9999, 3, -9999, -9999, -9999, -9999, -9999, -9999, 97, -9999, -9999, -9999, -9999, -9999, -9999, -9999, -9999, 97, 47, -9999, -9999, -9999, -9999, -9999, 30, -9999, -9999, -9999, 53, -9999, -9999, -9999, -9999, -9999, 8, 18, 61, -9999, -9999, -9999, -9999, -9999, 65, -9999, 10, -9999, -9999, -9999, 1, 1, 1, 1, 1],
[-9999, -9999, -9999, -9999, -9999, -9999, 31, 15, 61, 94, 12, -9999, -9999, 79, 56, 13, 76, 48, -9999, 93, 71, -9999, 78, 25, 96, 45, -9999, -9999, 38, -9999, -9999, 89, 43, 1, 72, 39, -9999, 55, -9999, 37, 4, 99, -9999, -9999, 77, 21, -9999, -9999, -9999, 52, -9999, 44, 55, 17, -9999, 23, 20, 82, 33, -9999, -9999, 47, 52, -9999, -9999, 47, -9999, -9999, 76, -9999, -9999, 83, 70, 50, -9999, -9999, 93, 76, -9999, -9999, -9999, 18, -9999, -9999, -9999, 84, 20, 40, -9999, -9999, 95, 54, 11, -9999, -9999, 67, -9999, 4, -9999, -9999, 1, 1, 1, 1, 1],
[-9999, -9999, -9999, -9999, -9999, -9999, -9999, -9999, -9999, -9999, -9999, -9999, -9999, -9999, -9999, -9999, -9999, -9999, -9999, -9999, -9999, -9999, -9999, 43, -9999, -9999, 97, -9999, 71, -9999, -9999, -9999, -9999, -9999, -9999, -9999, -9999, -9999, -9999, -9999, -9999, 92, -9999, -9999, -9999, -9999, -9999, -9999, -9999, -9999, -9999, -9999, -9999, -9999, -9999, -9999, -9999, -9999, -9999, -9999, -9999, -9999, -9999, -9999, 2, -9999, -9999, -9999, -9999, -9999, -9999, -9999, -9999, -9999, -9999, -9999, -9999, -9999, -9999, -9999, -9999, -9999, -9999, -9999, -9999, -9999, -9999, -9999, -9999, -9999, 100, -9999, -9999, -9999, -9999, -9999, -9999, -9999, -9999, 23, 1, 1, 1, 1, 1],
[-9999, -9999, -9999, -9999, -9999, -9999, -9999, -9999, -9999, -9999, -9999, -9999, -9999, -9999, -9999, -9999, -9999, -9999, -9999, -9999, -9999, -9999, -9999, -9999, -9999, -9999, -9999, -9999, -9999, -9999, -9999, -9999, -9999, -9999, -9999, -9999, -9999, -9999, -9999, -9999, -9999, -9999, -9999, -9999, -9999, -9999, -9999, -9999, -9999, -9999, -9999, -9999, -9999, -9999, -9999, -9999, -9999, -9999, -9999, -9999, -9999, -9999, -9999, -9999, -9999, -9999, -9999, -9999, -9999, -9999, -9999, -9999, -9999, -9999, -9999, -9999, -9999, -9999, -9999, -9999, -9999, -9999, -9999, -9999, -9999, 92, -9999, -9999, -9999, -9999, -9999, -9999, -9999, -9999, -9999, -9999, -9999, -9999, -9999, -9999, 1, 1, 1, 1, 1],
[-9999, -9999, -9999, -9999, -9999, -9999, -9999, -9999, -9999, 74, -9999, 23, -9999, -9999, -9999, -9999, -9999, -9999, -9999, -9999, -9999, -9999, -9999, -9999, -9999, -9999, -9999, -9999, -9999, 12, 1, -9999, 95, -9999, -9999, 55, -9999, -9999, -9999, -9999, -9999, -9999, 94, 49, -9999, -9999, -9999, -9999, -9999, -9999, -9999, 2, -9999, -9999, -9999, -9999, -9999, -9999, 74, -9999, -9999, -9999, -9999, -9999, -9999, -9999, -9999, -9999, -9999, -9999, -9999, -9999, -9999, -9999, -9999, -9999, -9999, -9999, -9999, -9999, -9999, -9999, 68, -9999, -9999, 68, 22, 65, 41, -9999, -9999, 4, 68, -9999, 91, -9999, 70, -9999, 35, -9999, 1, 1, 1, 1, 1],
[-9999, -9999, -9999, -9999, -9999, 69, -9999, -9999, -9999, -9999, -9999, -9999, -9999, 33, -9999, -9999, -9999, -9999, -9999, -9999, -9999, -9999, -9999, 86, 15, -9999, 24, -9999, 97, -9999, -9999, -9999, -9999, -9999, -9999, -9999, -9999, -9999, -9999, -9999, -9999, -9999, -9999, -9999, -9999, -9999, -9999, -9999, -9999, -9999, -9999, -9999, -9999, -9999, -9999, -9999, -9999, -9999, -9999, 93, -9999, -9999, -9999, -9999, 62, -9999, -9999, -9999, -9999, -9999, -9999, -9999, -9999, -9999, -9999, -9999, -9999, -9999, -9999, -9999, -9999, -9999, -9999, 78, -9999, -9999, -9999, -9999, -9999, -9999, -9999, -9999, -9999, -9999, -9999, -9999, -9999, -9999, -9999, 54, 1, 1, 1, 1, 1],
[-9999, -9999, -9999, -9999, -9999, -9999, -9999, 79, 1, -9999, -9999, 33, -9999, 85, 16, 89, 55, 13, -9999, -9999, 88, 89, 73, 28, 66, -9999, 71, -9999, -9999, 73, -9999, 9, 1, -9999, 57, 84, -9999, -9999, -9999, 39, -9999, 51, -9999, -9999, 14, -9999, -9999, 58, 89, -9999, -9999, -9999, -9999, 28, -9999, -9999, -9999, 35, -9999, 47, -9999, 47, -9999, -9999, 88, 78, -9999, 6, 4, -9999, -9999, -9999, 77, -9999, 39, -9999, -9999, 28, 26, -9999, -9999, -9999, -9999, -9999, -9999, -9999, 53, 71, 38, -9999, 53, -9999, 74, -9999, -9999, -9999, 89, -9999, -9999, 68, 1, 1, 1, 1, 1],
[-9999, -9999, -9999, -9999, -9999, -9999, -9999, -9999, -9999, 29, -9999, -9999, 73, -9999, -9999, -9999, 75, -9999, -9999, -9999, 34, -9999, -9999, -9999, -9999, -9999, -9999, -9999, -9999, -9999, -9999, -9999, -9999, -9999, -9999, 7, -9999, -9999, 50, -9999, -9999, -9999, -9999, -9999, 59, -9999, -9999, -9999, -9999, -9999, -9999, -9999, -9999, 47, -9999, -9999, -9999, -9999, -9999, -9999, -9999, -9999, 90, -9999, -9999, -9999, -9999, -9999, -9999, -9999, -9999, -9999, -9999, -9999, -9999, -9999, 73, -9999, -9999, -9999, 83, -9999, -9999, -9999, -9999, -9999, -9999, 30, 51, -9999, -9999, -9999, -9999, -9999, 11, -9999, 8, -9999, -9999, -9999, 1, 1, 1, 1, 1],
[-9999, -9999, -9999, -9999, -9999, -9999, -9999, 60, 46, -9999, -9999, -9999, -9999, 83, 10, 6, -9999, -9999, -9999, -9999, 87, 67, 80, 44, 8, 58, 92, -9999, -9999, 34, -9999, 10, -9999, -9999, 18, 7, -9999, 98, 88, -9999, 54, 6, -9999, 79, 47, 81, -9999, 61, -9999, -9999, -9999, -9999, -9999, -9999, -9999, 18, -9999, 81, -9999, -9999, -9999, 44, 47, -9999, 96, 83, 67, 46, 30, 58, 10, -9999, 79, 66, -9999, -9999, 86, 48, 57, 91, -9999, -9999, -9999, 53, -9999, 66, -9999, 33, 20, -9999, 72, -9999, 17, 71, 20, -9999, 89, 50, 16, -9999, 1, 1, 1, 1, 1],
[-9999, -9999, -9999, -9999, -9999, 21, -9999, 74, 51, 97, -9999, 33, -9999, 47, 52, -9999, 46, 83, -9999, 17, 40, -9999, 86, 66, 72, 74, 53, -9999, -9999, 78, -9999, 35, -9999, -9999, 93, -9999, -9999, 51, 49, 2, -9999, -9999, -9999, 51, -9999, 57, -9999, 72, -9999, -9999, -9999, -9999, -9999, 79, -9999, 98, -9999, 21, -9999, -9999, 43, 80, 26, -9999, -9999, 50, 56, -9999, 23, 75, 9, -9999, 38, -9999, -9999, -9999, 66, 83, 6, 36, -9999, -9999, 7, 86, -9999, -9999, 87, 80, -9999, -9999, 48, -9999, 30, 77, 66, -9999, -9999, -9999, 80, -9999, 1, 1, 1, 1, 1],
[-9999, -9999, -9999, -9999, -9999, 49, 21, 99, -9999, 20, -9999, -9999, -9999, -9999, 53, -9999, -9999, 42, -9999, 72, -9999, -9999, -9999, 26, 29, 7, -9999, -9999, 39, -9999, 18, 31, -9999, 67, -9999, 27, -9999, 18, 33, 90, 73, -9999, -9999, 14, 21, 87, -9999, -9999, -9999, 4, -9999, -9999, -9999, 51, 96, -9999, 43, 58, 35, 13, 7, -9999, 53, -9999, 10, 2, 9, 77, 36, -9999, -9999, -9999, 7, 94, -9999, 28, 46, 24, 86, -9999, -9999, 33, -9999, -9999, -9999, 29, -9999, 15, 95, 20, 9, 94, -9999, 21, -9999, 43, 85, 24, 90, 91, 1, 1, 1, 1, 1],
[-9999, -9999, -9999, -9999, -9999, -9999, -9999, -9999, -9999, 4, -9999, 86, -9999, -9999, -9999, -9999, 96, -9999, -9999, -9999, -9999, -9999, -9999, -9999, -9999, -9999, -9999, -9999, -9999, -9999, 2, -9999, 91, -9999, -9999, -9999, -9999, -9999, 35, -9999, -9999, -9999, 23, 55, 79, -9999, 25, 3, -9999, -9999, 65, 57, 92, 13, -9999, -9999, -9999, -9999, 80, -9999, 92, -9999, 69, -9999, -9999, 5, -9999, -9999, -9999, -9999, 40, -9999, -9999, -9999, -9999, -9999, 86, -9999, -9999, -9999, -9999, -9999, -9999, -9999, -9999, 31, 100, 81, -9999, -9999, -9999, -9999, 34, -9999, 53, -9999, -9999, -9999, 15, -9999, 1, 1, 1, 1, 1],
[-9999, -9999, -9999, -9999, -9999, -9999, -9999, -9999, -9999, 94, -9999, -9999, -9999, -9999, -9999, -9999, 20, -9999, -9999, -9999, 53, -9999, -9999, -9999, -9999, -9999, -9999, -9999, -9999, 47, -9999, -9999, -9999, -9999, -9999, 34, -9999, -9999, 23, -9999, -9999, -9999, -9999, -9999, 78, -9999, -9999, 29, -9999, -9999, -9999, -9999, -9999, 64, -9999, -9999, -9999, -9999, -9999, -9999, 48, -9999, 50, -9999, -9999, -9999, -9999, -9999, -9999, -9999, -9999, -9999, -9999, -9999, -9999, -9999, 32, -9999, -9999, -9999, -9999, -9999, 39, -9999, -9999, 2, -9999, 5, 27, -9999, -9999, -9999, 16, -9999, 98, -9999, 19, -9999, 67, -9999, 1, 1, 1, 1, 1],
[-9999, -9999, -9999, -9999, -9999, -9999, -9999, -9999, -9999, -9999, -9999, -9999, -9999, -9999, -9999, -9999, 60, -9999, -9999, -9999, 62, -9999, -9999, -9999, -9999, -9999, -9999, -9999, -9999, 30, -9999, -9999, 58, -9999, -9999, -9999, -9999, -9999, 34, -9999, -9999, -9999, -9999, 18, 81, -9999, -9999, 4, -9999, -9999, -9999, -9999, -9999, -9999, -9999, -9999, -9999, -9999, -9999, -9999, 1, -9999, 39, -9999, -9999, 30, -9999, -9999, -9999, -9999, 39, -9999, -9999, -9999, -9999, -9999, 52, -9999, -9999, -9999, -9999, -9999, -9999, -9999, -9999, -9999, 40, 50, 97, -9999, -9999, -9999, 21, -9999, -9999, -9999, -9999, -9999, -9999, -9999, 1, 1, 1, 1, 1],
[-9999, -9999, -9999, -9999, -9999, -9999, -9999, -9999, -9999, 70, -9999, -9999, -9999, -9999, -9999, -9999, 22, -9999, -9999, -9999, -9999, -9999, -9999, -9999, -9999, -9999, -9999, -9999, -9999, 72, -9999, -9999, 22, -9999, -9999, -9999, -9999, -9999, 68, -9999, -9999, -9999, -9999, 51, -9999, -9999, -9999, -9999, -9999, -9999, -9999, -9999, -9999, -9999, -9999, -9999, -9999, -9999, -9999, -9999, 22, -9999, 3, -9999, -9999, 4, -9999, -9999, -9999, 83, 91, -9999, -9999, -9999, -9999, -9999, 61, -9999, -9999, -9999, 4, -9999, -9999, -9999, -9999, 33, 24, 24, 64, -9999, -9999, -9999, 9, -9999, -9999, -9999, 26, -9999, 84, -9999, 1, 1, 1, 1, 1],
[-9999, -9999, -9999, -9999, -9999, -9999, -9999, -9999, -9999, 16, -9999, 82, -9999, -9999, -9999, -9999, -9999, -9999, -9999, -9999, -9999, -9999, -9999, -9999, -9999, -9999, -9999, -9999, -9999, -9999, -9999, -9999, 28, -9999, -9999, -9999, -9999, -9999, 63, -9999, -9999, -9999, -9999, -9999, 83, -9999, -9999, 62, -9999, -9999, -9999, -9999, -9999, -9999, -9999, -9999, -9999, -9999, -9999, -9999, -9999, -9999, 45, -9999, -9999, -9999, -9999, -9999, -9999, -9999, -9999, -9999, -9999, -9999, -9999, -9999, 66, -9999, -9999, -9999, 91, -9999, 56, -9999, -9999, -9999, -9999, 39, -9999, -9999, -9999, -9999, -9999, -9999, 70, -9999, 33, -9999, -9999, -9999, 1, 1, 1, 1, 1],
[-9999, -9999, -9999, -9999, -9999, 88, -9999, -9999, -9999, -9999, -9999, -9999, -9999, 31, -9999, -9999, -9999, -9999, -9999, -9999, -9999, -9999, -9999, 48, -9999, -9999, 13, -9999, 11, -9999, -9999, -9999, -9999, -9999, -9999, -9999, -9999, -9999, -9999, -9999, -9999, -9999, 2, -9999, -9999, -9999, -9999, -9999, -9999, -9999, -9999, -9999, -9999, -9999, -9999, -9999, -9999, -9999, 91, 26, -9999, -9999, -9999, -9999, -9999, -9999, -9999, -9999, -9999, -9999, -9999, -9999, -9999, 65, -9999, -9999, -9999, -9999, -9999, -9999, -9999, -9999, -9999, 49, -9999, -9999, -9999, -9999, -9999, -9999, 19, -9999, -9999, -9999, -9999, -9999, -9999, -9999, -9999, -9999, 1, 1, 1, 1, 1],
[-9999, -9999, -9999, -9999, -9999, -9999, -9999, -9999, -9999, -9999, -9999, 79, 53, -9999, -9999, -9999, -9999, -9999, -9999, -9999, -9999, -9999, -9999, -9999, -9999, -9999, -9999, -9999, -9999, 78, -9999, -9999, 53, -9999, -9999, -9999, -9999, -9999, 46, -9999, -9999, -9999, -9999, 14, -9999, -9999, -9999, 43, -9999, -9999, -9999, -9999, -9999, 55, -9999, -9999, -9999, -9999, -9999, -9999, -9999, -9999, -9999, -9999, -9999, 4, -9999, -9999, -9999, 93, -9999, -9999, -9999, -9999, -9999, -9999, 73, -9999, -9999, -9999, 79, -9999, -9999, -9999, -9999, 35, 5, 2, -9999, -9999, -9999, -9999, 54, -9999, 53, -9999, 71, -9999, 92, -9999, 1, 1, 1, 1, 1],
[-9999, -9999, -9999, -9999, -9999, -9999, -9999, -9999, -9999, -9999, -9999, -9999, -9999, -9999, -9999, -9999, -9999, -9999, -9999, -9999, -9999, -9999, -9999, -9999, -9999, -9999, -9999, -9999, -9999, 89, -9999, -9999, -9999, -9999, -9999, 52, -9999, -9999, 40, -9999, -9999, -9999, -9999, 88, -9999, -9999, -9999, 47, -9999, -9999, -9999, -9999, -9999, -9999, -9999, -9999, -9999, -9999, -9999, -9999, -9999, -9999, -9999, -9999, -9999, -9999, -9999, -9999, -9999, -9999, 39, -9999, -9999, -9999, -9999, -9999, -9999, -9999, -9999, -9999, 49, -9999, 67, -9999, -9999, -9999, 46, 92, 41, -9999, -9999, -9999, 7, -9999, 53, -9999, 37, -9999, 75, -9999, 1, 1, 1, 1, 1],
[-9999, -9999, -9999, -9999, -9999, 15, -9999, 8, 43, -9999, 97, 92, -9999, -9999, 74, 89, -9999, 82, -9999, -9999, 41, -9999, -9999, 58, 87, -9999, -9999, -9999, 88, -9999, -9999, -9999, 75, -9999, 4, 90, -9999, 22, -9999, -9999, -9999, -9999, -9999, 20, -9999, -9999, -9999, 59, -9999, -9999, -9999, -9999, -9999, -9999, -9999, 35, -9999, 87, -9999, 8, 82, 25, 44, -9999, -9999, 65, 77, 44, 58, 51, 14, -9999, 55, -9999, -9999, -9999, 48, -9999, 19, -9999, 77, -9999, -9999, -9999, -9999, -9999, 74, 54, 66, -9999, 21, -9999, -9999, 44, -9999, -9999, -9999, 74, 47, 95, 1, 1, 1, 1, 1],
[-9999, -9999, -9999, -9999, -9999, -9999, -9999, -9999, 36, -9999, -9999, 67, -9999, 89, 85, 31, -9999, -9999, 52, -9999, -9999, -9999, 13, 68, -9999, -9999, 27, -9999, 78, -9999, -9999, 80, -9999, -9999, 41, 20, -9999, 85, 16, 49, 40, -9999, -9999, -9999, -9999, 85, -9999, 25, -9999, -9999, -9999, -9999, -9999, -9999, -9999, 6, 37, 79, -9999, 33, -9999, -9999, -9999, -9999, 56, -9999, -9999, 37, 51, -9999, 62, -9999, 51, 78, -9999, -9999, -9999, 53, 75, 20, 34, -9999, 34, -9999, -9999, -9999, 40, 24, -9999, -9999, 100, -9999, 21, 7, -9999, -9999, 88, 12, 28, 25, 1, 1, 1, 1, 1],
[-9999, -9999, -9999, -9999, -9999, -9999, -9999, 66, 10, 87, 19, 18, -9999, 38, 84, 9, -9999, 56, -9999, -9999, 77, 89, 21, 57, 26, 31, 85, -9999, -9999, 80, -9999, 51, 43, -9999, 2, 7, -9999, -9999, -9999, -9999, -9999, 32, -9999, -9999, -9999, -9999, -9999, 75, -9999, -9999, -9999, -9999, -9999, 85, -9999, -9999, 33, 94, -9999, -9999, -9999, 100, -9999, -9999, 52, 49, -9999, -9999, 35, 78, -9999, -9999, 58, 81, -9999, -9999, 57, 70, 5, -9999, 48, -9999, 57, 49, -9999, 23, -9999, 52, 53, -9999, 46, -9999, -9999, 46, 55, -9999, -9999, -9999, -9999, 14, 1, 1, 1, 1, 1],
[-9999, -9999, -9999, -9999, -9999, -9999, -9999, -9999, -9999, -9999, -9999, -9999, -9999, -9999, -9999, -9999, -9999, -9999, -9999, -9999, -9999, -9999, -9999, -9999, -9999, -9999, -9999, -9999, -9999, -9999, -9999, -9999, -9999, -9999, -9999, -9999, -9999, -9999, -9999, -9999, -9999, -9999, -9999, -9999, -9999, -9999, -9999, -9999, -9999, -9999, -9999, -9999, -9999, -9999, -9999, -9999, -9999, -9999, -9999, -9999, -9999, -9999, -9999, -9999, -9999, -9999, -9999, -9999, -9999, -9999, -9999, -9999, -9999, -9999, -9999, -9999, -9999, -9999, -9999, -9999, -9999, -9999, -9999, -9999, -9999, 64, -9999, -9999, -9999, -9999, -9999, -9999, -9999, -9999, -9999, -9999, -9999, -9999, -9999, -9999, 1, 1, 1, 1, 1],
[-9999, -9999, -9999, -9999, -9999, 11, -9999, -9999, -9999, -9999, -9999, -9999, -9999, 19, -9999, -9999, -9999, -9999, -9999, -9999, -9999, -9999, -9999, -9999, 85, -9999, -9999, -9999, -9999, -9999, -9999, -9999, -9999, -9999, -9999, -9999, -9999, -9999, -9999, -9999, -9999, 55, -9999, -9999, -9999, -9999, -9999, -9999, -9999, -9999, -9999, -9999, -9999, -9999, -9999, -9999, -9999, -9999, -9999, 22, -9999, -9999, -9999, -9999, 22, -9999, -9999, -9999, -9999, -9999, -9999, -9999, -9999, 50, -9999, -9999, -9999, -9999, -9999, -9999, -9999, -9999, -9999, -9999, -9999, -9999, -9999, -9999, -9999, -9999, 35, -9999, -9999, -9999, -9999, -9999, -9999, -9999, -9999, -9999, 1, 1, 1, 1, 1],
[-9999, -9999, -9999, -9999, -9999, 18, -9999, 81, 70, 92, 77, -9999, -9999, 2, 90, 28, -9999, 59, -9999, -9999, 58, 62, 48, 12, -9999, 55, -9999, -9999, -9999, 96, -9999, 5, -9999, -9999, -9999, 3, -9999, 90, 60, -9999, 52, -9999, -9999, 66, 3, 48, -9999, -9999, 57, -9999, -9999, -9999, -9999, -9999, -9999, 7, 81, 35, -9999, 38, 65, 31, 71, -9999, 51, -9999, 48, -9999, 55, -9999, 51, -9999, 45, 96, -9999, -9999, 34, 56, 18, 21, 46, -9999, -9999, -9999, -9999, 20, 98, 65, -9999, -9999, 76, -9999, -9999, 75, 15, -9999, 15, 45, 53, 45, 1, 1, 1, 1, 1],
[-9999, -9999, -9999, -9999, -9999, -9999, -9999, 67, 98, -9999, 100, 59, -9999, 29, 22, -9999, 43, 73, -9999, 84, 80, -9999, -9999, 17, 42, -9999, 69, -9999, 28, -9999, -9999, 86, 18, -9999, -9999, -9999, -9999, -9999, -9999, -9999, 98, -9999, -9999, 2, 66, -9999, -9999, 87, -9999, -9999, -9999, -9999, -9999, 85, -9999, 32, -9999, 61, -9999, 60, -9999, -9999, -9999, -9999, -9999, -9999, -9999, -9999, 89, 56, -9999, -9999, 78, -9999, -9999, -9999, 66, 91, 47, -9999, 80, -9999, 80, 38, -9999, 55, -9999, 44, 57, -9999, 67, -9999, -9999, 80, 66, -9999, 46, 16, -9999, 29, 1, 1, 1, 1, 1],
[-9999, -9999, -9999, -9999, -9999, 86, -9999, 24, 64, -9999, 94, -9999, -9999, 2, 85, -9999, -9999, -9999, 90, -9999, -9999, -9999, 39, -9999, -9999, -9999, 56, -9999, 36, 71, -9999, 30, -9999, -9999, 35, -9999, -9999, 95, 5, -9999, 42, -9999, -9999, -9999, 63, 43, -9999, -9999, -9999, -9999, -9999, -9999, -9999, -9999, -9999, 35, -9999, 68, -9999, 72, 82, -9999, 9, -9999, 94, 60, -9999, -9999, 40, 49, 44, -9999, 75, -9999, -9999, -9999, -9999, -9999, -9999, -9999, 16, -9999, 36, -9999, -9999, -9999, -9999, 72, 18, -9999, 72, -9999, 85, 81, 67, -9999, -9999, 83, 38, 35, 1, 1, 1, 1, 1],
[-9999, -9999, -9999, -9999, -9999, -9999, -9999, 23, 58, -9999, -9999, 82, -9999, -9999, 47, -9999, -9999, 54, -9999, -9999, -9999, -9999, 80, 44, -9999, 30, -9999, -9999, -9999, 92, 6, 91, 38, 68, 91, -9999, -9999, 46, -9999, 68, 62, 96, 89, 11, 22, 56, 96, -9999, -9999, 5, -9999, -9999, -9999, -9999, -9999, 50, -9999, 51, 28, 67, 51, 31, -9999, -9999, -9999, -9999, -9999, 7, 3, -9999, 34, -9999, -9999, 91, -9999, -9999, -9999, 36, -9999, 43, -9999, 14, 66, 67, -9999, -9999, 76, 1, -9999, 7, 56, 55, -9999, -9999, 6, -9999, 59, -9999, 19, -9999, 1, 1, 1, 1, 1],
[-9999, -9999, -9999, -9999, -9999, -9999, -9999, -9999, -9999, -9999, -9999, -9999, -9999, -9999, -9999, -9999, -9999, -9999, -9999, -9999, -9999, -9999, -9999, -9999, -9999, -9999, -9999, -9999, -9999, -9999, -9999, -9999, -9999, -9999, -9999, 95, -9999, -9999, -9999, -9999, -9999, -9999, -9999, 29, -9999, -9999, 61, -9999, -9999, -9999, -9999, 69, -9999, -9999, -9999, -9999, -9999, -9999, 11, -9999, 47, -9999, 58, -9999, -9999, 12, -9999, -9999, -9999, 59, 73, -9999, -9999, -9999, -9999, -9999, 40, -9999, -9999, -9999, -9999, -9999, 82, -9999, -9999, 81, -9999, 79, 81, -9999, -9999, 57, 51, -9999, 87, -9999, -9999, -9999, -9999, -9999, 1, 1, 1, 1, 1],
[-9999, -9999, -9999, -9999, -9999, -9999, -9999, 14, 85, 32, -9999, -9999, -9999, -9999, -9999, -9999, -9999, -9999, 66, 7, 65, -9999, -9999, 53, -9999, 88, 75, -9999, 52, 46, -9999, 38, -9999, -9999, -9999, 64, 24, 71, -9999, 27, 95, -9999, -9999, 51, 73, 99, -9999, -9999, -9999, -9999, -9999, -9999, -9999, 80, -9999, 56, -9999, 60, -9999, -9999, -9999, -9999, 91, -9999, 82, -9999, -9999, -9999, 26, 61, 5, -9999, 31, -9999, -9999, -9999, 4, 61, 65, 91, -9999, -9999, 12, -9999, -9999, 19, -9999, 77, -9999, -9999, 3, -9999, -9999, 60, -9999, -9999, -9999, 29, 35, 67, 1, 1, 1, 1, 1],
[-9999, -9999, -9999, -9999, -9999, -9999, -9999, 11, 55, 71, -9999, -9999, -9999, -9999, 16, 23, -9999, -9999, -9999, -9999, -9999, -9999, -9999, 67, 63, 87, 83, -9999, 24, 99, -9999, 92, -9999, -9999, 21, -9999, -9999, 55, 27, 48, 82, 35, -9999, -9999, 67, 11, -9999, -9999, -9999, -9999, -9999, -9999, -9999, -9999, -9999, 77, -9999, 43, -9999, 67, -9999, -9999, -9999, -9999, 28, 33, 20, 82, 48, -9999, -9999, -9999, 18, -9999, -9999, -9999, -9999, -9999, 45, 64, 73, -9999, -9999, 4, -9999, 10, -9999, 44, 71, -9999, 51, -9999, 98, 70, 40, -9999, -9999, -9999, 62, -9999, 1, 1, 1, 1, 1],
[-9999, -9999, -9999, -9999, -9999, 20, -9999, 92, 11, 97, -9999, 63, -9999, 14, -9999, -9999, -9999, -9999, -9999, -9999, -9999, -9999, 82, 19, -9999, 66, 56, -9999, 63, 27, 19, 50, 66, -9999, -9999, 71, 91, -9999, -9999, -9999, -9999, -9999, -9999, -9999, 39, 47, 64, 40, -9999, 34, -9999, 67, 31, -9999, -9999, 27, -9999, 27, 100, -9999, 27, 43, 3, -9999, 88, 86, 89, 13, 61, -9999, 3, -9999, 45, 66, -9999, -9999, -9999, -9999, -9999, 78, 28, 91, 47, 10, -9999, 70, -9999, -9999, 14, -9999, 28, -9999, 23, -9999, -9999, -9999, 66, 14, 73, -9999, 1, 1, 1, 1, 1],
[-9999, -9999, -9999, -9999, -9999, -9999, 25, 70, 78, 26, 65, -9999, -9999, 32, -9999, -9999, -9999, 59, -9999, -9999, 64, -9999, -9999, 63, 76, 54, -9999, -9999, 46, -9999, 97, 8, 45, -9999, -9999, 75, -9999, 44, -9999, 44, 73, 90, -9999, -9999, -9999, 16, 38, 60, 5, -9999, -9999, 58, 25, -9999, -9999, -9999, -9999, 81, 26, 30, -9999, -9999, -9999, -9999, 9, 52, 82, 59, 65, 63, 99, 44, 74, 68, -9999, -9999, -9999, -9999, -9999, 33, -9999, -9999, 58, -9999, 55, -9999, 68, 31, -9999, -9999, 24, 85, 68, -9999, -9999, -9999, 31, 63, 46, 21, 1, 1, 1, 1, 1],
[-9999, -9999, -9999, -9999, -9999, -9999, -9999, -9999, -9999, -9999, -9999, -9999, -9999, -9999, -9999, -9999, 92, -9999, -9999, -9999, -9999, -9999, -9999, -9999, -9999, -9999, -9999, -9999, -9999, -9999, -9999, -9999, 10, -9999, -9999, -9999, -9999, -9999, 73, -9999, -9999, -9999, -9999, 84, -9999, -9999, -9999, -9999, -9999, -9999, -9999, -9999, -9999, 37, -9999, -9999, -9999, -9999, -9999, -9999, -9999, -9999, 33, -9999, -9999, 33, -9999, -9999, -9999, 23, -9999, -9999, -9999, -9999, -9999, -9999, 71, -9999, -9999, -9999, -9999, -9999, 99, -9999, -9999, 53, -9999, -9999, 55, -9999, -9999, -9999, -9999, -9999, -9999, -9999, -9999, -9999, 66, -9999, 1, 1, 1, 1, 1],
[-9999, -9999, -9999, -9999, -9999, -9999, -9999, -9999, -9999, -9999, -9999, 90, -9999, -9999, -9999, -9999, -9999, -9999, -9999, -9999, -9999, -9999, -9999, -9999, -9999, -9999, -9999, -9999, -9999, 34, -9999, -9999, 36, -9999, -9999, 36, -9999, -9999, 13, -9999, -9999, -9999, 79, -9999, 90, -9999, -9999, -9999, -9999, -9999, -9999, -9999, 14, -9999, -9999, -9999, -9999, -9999, 45, -9999, -9999, -9999, 82, -9999, -9999, 6, -9999, -9999, -9999, 99, -9999, -9999, -9999, -9999, -9999, -9999, -9999, -9999, -9999, -9999, 43, -9999, 53, -9999, -9999, 7, -9999, 100, 100, -9999, -9999, 36, -9999, -9999, -9999, -9999, -9999, -9999, 40, -9999, 1, 1, 1, 1, 1],
[-9999, -9999, -9999, -9999, -9999, -9999, -9999, -9999, -9999, -9999, -9999, 84, -9999, -9999, -9999, -9999, -9999, -9999, -9999, -9999, 66, -9999, -9999, -9999, -9999, -9999, -9999, -9999, -9999, -9999, -9999, -9999, -9999, -9999, -9999, 49, -9999, -9999, 87, -9999, -9999, -9999, -9999, 100, -9999, -9999, -9999, -9999, -9999, -9999, -9999, -9999, -9999, 10, -9999, -9999, -9999, -9999, -9999, -9999, 39, -9999, 62, -9999, -9999, 85, -9999, -9999, -9999, 86, 86, -9999, -9999, -9999, -9999, -9999, -9999, -9999, -9999, -9999, -9999, -9999, 91, -9999, -9999, 56, 48, 22, 47, -9999, -9999, -9999, 70, -9999, 23, -9999, 85, -9999, 30, -9999, 1, 1, 1, 1, 1],
[-9999, -9999, -9999, -9999, -9999, -9999, -9999, -9999, -9999, 35, -9999, 12, 60, -9999, -9999, -9999, 87, -9999, -9999, -9999, 75, -9999, -9999, -9999, -9999, -9999, -9999, -9999, -9999, 45, -9999, -9999, -9999, -9999, -9999, 13, -9999, -9999, 5, -9999, -9999, -9999, -9999, -9999, -9999, -9999, -9999, 53, -9999, -9999, -9999, -9999, -9999, 16, -9999, -9999, -9999, -9999, -9999, -9999, -9999, -9999, -9999, -9999, -9999, -9999, -9999, -9999, -9999, 23, 71, -9999, -9999, -9999, -9999, -9999, 80, -9999, -9999, -9999, 54, -9999, 26, -9999, -9999, 18, 43, 55, 93, -9999, -9999, -9999, -9999, -9999, 81, -9999, -9999, -9999, 17, -9999, 1, 1, 1, 1, 1],
[-9999, -9999, -9999, -9999, -9999, -9999, -9999, -9999, -9999, -9999, -9999, 57, -9999, -9999, -9999, -9999, -9999, -9999, -9999, -9999, -9999, -9999, -9999, -9999, -9999, -9999, -9999, -9999, -9999, 33, -9999, -9999, 21, -9999, -9999, 100, -9999, -9999, 52, -9999, -9999, -9999, -9999, 81, 14, -9999, -9999, 14, -9999, -9999, -9999, -9999, -9999, 78, -9999, -9999, -9999, -9999, -9999, -9999, 74, -9999, 7, -9999, -9999, 28, -9999, -9999, -9999, 78, 50, -9999, -9999, -9999, -9999, -9999, -9999, -9999, -9999, -9999, -9999, -9999, -9999, -9999, -9999, -9999, 85, 8, -9999, -9999, -9999, -9999, -9999, -9999, -9999, -9999, 56, -9999, -9999, -9999, 1, 1, 1, 1, 1],
[-9999, -9999, -9999, -9999, -9999, -9999, -9999, 20, 16, 5, 77, -9999, -9999, 53, 50, -9999, 19, -9999, -9999, -9999, -9999, -9999, -9999, 85, 100, 82, -9999, -9999, 70, 18, -9999, 82, -9999, -9999, 66, 70, -9999, 96, 35, -9999, -9999, -9999, -9999, -9999, -9999, -9999, -9999, -9999, -9999, -9999, -9999, -9999, -9999, 22, -9999, 40, -9999, 42, -9999, -9999, -9999, 93, -9999, -9999, -9999, 85, -9999, 17, 82, -9999, -9999, -9999, 53, 89, -9999, -9999, 7, 15, 4, -9999, -9999, -9999, 55, -9999, -9999, -9999, -9999, 73, -9999, -9999, 79, -9999, 47, -9999, 40, -9999, 18, 32, 8, -9999, 1, 1, 1, 1, 1],
[-9999, -9999, -9999, -9999, -9999, -9999, -9999, 86, 66, 80, 46, 69, -9999, 68, -9999, -9999, -9999, 43, -9999, -9999, 71, -9999, -9999, -9999, 16, -9999, -9999, -9999, 71, -9999, -9999, 48, 5, -9999, 21, 18, -9999, 22, 84, 34, -9999, 33, -9999, 35, -9999, -9999, -9999, 65, -9999, -9999, -9999, -9999, -9999, 97, -9999, 46, -9999, 73, -9999, 83, 45, -9999, 46, -9999, 41, 47, 70, 75, 53, 89, -9999, -9999, 18, -9999, -9999, -9999, 48, 31, 47, 26, 66, -9999, 66, 73, -9999, -9999, -9999, 10, 36, -9999, 42, -9999, 43, 20, 42, -9999, -9999, 27, -9999, -9999, 1, 1, 1, 1, 1],
[-9999, -9999, -9999, -9999, -9999, 31, -9999, 86, 63, 65, 5, 62, -9999, -9999, 9, -9999, 25, -9999, -9999, 60, -9999, -9999, 80, -9999, 80, 46, -9999, -9999, 73, 56, -9999, 15, 62, -9999, -9999, 86, -9999, -9999, -9999, -9999, -9999, 70, -9999, -9999, -9999, 53, -9999, 55, -9999, -9999, 46, -9999, -9999, -9999, -9999, -9999, 59, 88, -9999, 1, 88, 2, -9999, -9999, -9999, 18, 100, 83, 56, 11, -9999, -9999, 84, -9999, -9999, -9999, -9999, 16, 20, 25, -9999, -9999, -9999, -9999, -9999, -9999, -9999, 68, 68, -9999, 92, -9999, 3, -9999, -9999, -9999, -9999, 6, -9999, -9999, 1, 1, 1, 1, 1],
[-9999, -9999, -9999, -9999, -9999, -9999, -9999, -9999, -9999, -9999, -9999, 72, -9999, -9999, -9999, -9999, 68, -9999, -9999, -9999, -9999, -9999, -9999, -9999, -9999, -9999, -9999, -9999, -9999, 5, -9999, -9999, -9999, -9999, -9999, 71, -9999, -9999, -9999, -9999, -9999, -9999, -9999, 68, 64, -9999, 52, 17, -9999, -9999, -9999, -9999, 37, 73, -9999, -9999, -9999, -9999, 85, -9999, -9999, -9999, 84, -9999, -9999, -9999, -9999, -9999, -9999, -9999, -9999, -9999, -9999, -9999, -9999, -9999, -9999, -9999, -9999, -9999, 45, -9999, -9999, -9999, -9999, -9999, -9999, 86, 64, -9999, -9999, 80, 88, -9999, 89, -9999, 2, -9999, 89, -9999, 1, 1, 1, 1, 1],
[-9999, -9999, -9999, -9999, -9999, -9999, -9999, -9999, -9999, -9999, -9999, 8, -9999, -9999, -9999, -9999, 100, -9999, -9999, -9999, 67, -9999, -9999, -9999, -9999, -9999, -9999, -9999, -9999, -9999, 18, -9999, 4, -9999, -9999, -9999, -9999, -9999, 31, -9999, -9999, -9999, -9999, 50, 99, -9999, -9999, -9999, -9999, -9999, -9999, -9999, 11, -9999, -9999, -9999, -9999, -9999, 8, -9999, 1, -9999, 5, -9999, -9999, 28, -9999, -9999, -9999, -9999, -9999, -9999, -9999, -9999, -9999, -9999, -9999, -9999, -9999, -9999, 93, -9999, -9999, -9999, -9999, 63, 85, -9999, -9999, -9999, -9999, -9999, -9999, -9999, -9999, -9999, -9999, -9999, 25, -9999, 1, 1, 1, 1, 1],
[-9999, -9999, -9999, -9999, -9999, 17, -9999, 3, 59, -9999, 74, -9999, -9999, 19, 64, -9999, 45, 54, -9999, -9999, 84, -9999, -9999, 52, 89, 81, -9999, -9999, 32, -9999, -9999, 11, 87, -9999, 42, 35, -9999, 10, 3, 99, -9999, -9999, -9999, 91, 85, -9999, -9999, 98, -9999, -9999, -9999, -9999, -9999, 91, -9999, 77, -9999, 56, -9999, 9, 55, 52, 62, -9999, -9999, 28, 65, 95, 82, 75, -9999, -9999, 40, 7, -9999, -9999, 95, 58, -9999, 27, 55, -9999, -9999, 5, -9999, -9999, -9999, 100, -9999, -9999, 47, -9999, 94, 86, -9999, -9999, -9999, -9999, -9999, 90, 1, 1, 1, 1, 1],
[-9999, -9999, -9999, -9999, -9999, -9999, -9999, -9999, -9999, -9999, -9999, -9999, -9999, -9999, -9999, -9999, 33, -9999, -9999, -9999, -9999, -9999, -9999, -9999, -9999, -9999, -9999, -9999, -9999, -9999, -9999, -9999, 46, -9999, -9999, 51, -9999, -9999, 46, -9999, -9999, -9999, -9999, 47, 25, -9999, -9999, -9999, -9999, -9999, -9999, -9999, -9999, -9999, -9999, -9999, -9999, -9999, -9999, -9999, -9999, -9999, -9999, -9999, -9999, 14, -9999, -9999, -9999, 77, 30, -9999, -9999, -9999, -9999, -9999, -9999, -9999, -9999, -9999, -9999, -9999, 39, -9999, -9999, 42, 48, 97, -9999, -9999, -9999, -9999, -9999, -9999, 93, -9999, 53, -9999, -9999, -9999, 1, 1, 1, 1, 1],
[-9999, -9999, -9999, -9999, -9999, -9999, -9999, -9999, -9999, 20, -9999, 33, -9999, -9999, -9999, -9999, 13, -9999, -9999, -9999, 62, -9999, -9999, -9999, -9999, -9999, -9999, -9999, -9999, 7, -9999, -9999, -9999, -9999, -9999, -9999, -9999, -9999, -9999, -9999, -9999, -9999, 45, 28, -9999, -9999, 80, -9999, -9999, -9999, -9999, -9999, 53, -9999, -9999, -9999, -9999, -9999, 70, -9999, 32, -9999, -9999, -9999, -9999, -9999, -9999, -9999, -9999, 45, -9999, -9999, -9999, -9999, -9999, -9999, 56, -9999, -9999, -9999, 89, -9999, -9999, -9999, -9999, -9999, -9999, 94, -9999, -9999, -9999, 53, 40, -9999, -9999, -9999, 68, -9999, -9999, -9999, 1, 1, 1, 1, 1],
[-9999, -9999, -9999, -9999, -9999, -9999, -9999, 68, 21, -9999, 47, 20, -9999, 46, -9999, -9999, -9999, 75, -9999, -9999, 36, -9999, 48, 70, -9999, -9999, 43, -9999, 10, -9999, -9999, 95, 1, -9999, 68, 90, 63, 22, -9999, 34, -9999, 92, -9999, -9999, 35, -9999, -9999, 77, -9999, -9999, -9999, -9999, -9999, 60, -9999, 42, -9999, 53, -9999, 40, -9999, 36, 44, -9999, 12, 44, -9999, -9999, 18, 99, -9999, -9999, 64, -9999, -9999, -9999, -9999, -9999, 63, 27, -9999, -9999, 20, -9999, -9999, -9999, -9999, 44, 93, -9999, 73, -9999, 16, 10, -9999, -9999, -9999, 69, 33, -9999, 1, 1, 1, 1, 1],
[-9999, -9999, -9999, -9999, -9999, -9999, -9999, 48, 6, 25, 19, 60, -9999, -9999, 34, 42, -9999, -9999, -9999, -9999, 55, -9999, -9999, -9999, -9999, 20, 50, 8, 5, 49, 17, 87, -9999, -9999, -9999, 63, -9999, -9999, -9999, -9999, -9999, -9999, -9999, 10, -9999, 85, 18, 10, -9999, 80, -9999, -9999, -9999, 33, -9999, -9999, 49, 85, -9999, 65, 96, -9999, 8, -9999, 78, 10, 63, 4, 37, 90, -9999, 99, 49, -9999, -9999, 69, -9999, -9999, 8, -9999, -9999, 74, -9999, -9999, -9999, -9999, 87, 73, -9999, 79, 59, -9999, -9999, 42, 82, 48, -9999, 19, -9999, 97, 1, 1, 1, 1, 1],
[-9999, -9999, -9999, -9999, -9999, 100, -9999, 4, 31, -9999, -9999, -9999, -9999, 93, 89, -9999, -9999, -9999, 82, 43, 5, -9999, 81, 37, -9999, -9999, 39, -9999, -9999, -9999, -9999, 9, 22, -9999, -9999, -9999, -9999, 27, -9999, -9999, 39, -9999, -9999, 50, -9999, 36, -9999, 42, -9999, -9999, -9999, -9999, -9999, -9999, -9999, -9999, 58, 52, -9999, -9999, -9999, -9999, 30, -9999, -9999, 64, -9999, -9999, 61, -9999, -9999, -9999, 65, -9999, -9999, -9999, 88, -9999, 93, -9999, 90, -9999, -9999, 78, -9999, 38, 92, 66, -9999, -9999, 96, -9999, -9999, -9999, 77, -9999, 69, -9999, 45, 7, 1, 1, 1, 1, 1],
[-9999, -9999, -9999, -9999, -9999, -9999, -9999, 39, 22, -9999, -9999, 11, -9999, -9999, -9999, 42, -9999, -9999, -9999, -9999, 74, -9999, 74, -9999, -9999, 70, 66, -9999, -9999, 73, -9999, 34, 82, -9999, -9999, -9999, -9999, -9999, 51, 10, 67, 9, -9999, 33, 91, -9999, -9999, 93, -9999, -9999, -9999, -9999, -9999, -9999, -9999, -9999, 11, 78, -9999, 94, -9999, 27, 50, -9999, -9999, 55, -9999, 76, 8, -9999, 56, -9999, 71, 95, -9999, -9999, -9999, 66, 33, 11, 64, -9999, 83, 28, -9999, 48, 37, 59, 46, -9999, 13, -9999, -9999, -9999, -9999, -9999, -9999, 66, 34, -9999, 1, 1, 1, 1, 1],
[-9999, -9999, -9999, -9999, -9999, -9999, -9999, -9999, -9999, 93, -9999, -9999, -9999, -9999, -9999, -9999, 98, -9999, -9999, -9999, 76, -9999, -9999, -9999, -9999, -9999, -9999, -9999, -9999, 90, -9999, -9999, 78, -9999, -9999, 12, -9999, -9999, -9999, -9999, -9999, -9999, -9999, -9999, -9999, -9999, -9999, 18, -9999, -9999, -9999, -9999, -9999, 66, -9999, -9999, -9999, -9999, -9999, -9999, -9999, -9999, -9999, -9999, -9999, -9999, -9999, -9999, -9999, -9999, -9999, -9999, -9999, -9999, -9999, -9999, 29, -9999, -9999, -9999, 82, -9999, -9999, -9999, -9999, 49, 10, 45, 6, -9999, -9999, -9999, 24, -9999, 10, -9999, 21, -9999, 96, -9999, 1, 1, 1, 1, 1],
[-9999, -9999, -9999, -9999, -9999, -9999, -9999, 40, 56, 25, 2, -9999, -9999, 38, -9999, 50, -9999, 1, -9999, -9999, -9999, -9999, 95, 9, -9999, -9999, 63, -9999, 44, 68, -9999, 35, 94, -9999, -9999, 83, -9999, -9999, -9999, -9999, 20, 64, -9999, 32, -9999, -9999, -9999, 9, -9999, -9999, -9999, -9999, -9999, 69, -9999, 14, -9999, 38, -9999, 57, 20, -9999, 78, -9999, -9999, 64, 34, 58, 82, -9999, -9999, -9999, 63, -9999, -9999, -9999, -9999, -9999, 23, 56, 85, -9999, -9999, -9999, -9999, 93, 24, 55, 98, -9999, 75, -9999, -9999, 66, 67, -9999, -9999, 31, 81, 60, 1, 1, 1, 1, 1],
[-9999, -9999, -9999, -9999, -9999, -9999, -9999, -9999, -9999, 100, -9999, 86, -9999, -9999, -9999, -9999, 44, -9999, -9999, -9999, 12, -9999, -9999, -9999, -9999, -9999, -9999, -9999, -9999, -9999, -9999, -9999, 94, -9999, -9999, -9999, -9999, -9999, -9999, -9999, -9999, -9999, -9999, 100, 45, -9999, -9999, 63, -9999, -9999, -9999, -9999, -9999, 42, -9999, -9999, -9999, -9999, -9999, -9999, 81, -9999, -9999, -9999, -9999, 32, -9999, -9999, -9999, -9999, 21, -9999, -9999, -9999, -9999, -9999, 37, -9999, -9999, -9999, 15, -9999, 33, -9999, -9999, -9999, 41, 13, 98, -9999, -9999, -9999, -9999, -9999, 24, -9999, 88, -9999, 34, -9999, 1, 1, 1, 1, 1],
[-9999, -9999, -9999, -9999, -9999, 47, -9999, 86, 13, -9999, 66, -9999, -9999, 28, -9999, -9999, -9999, 64, -9999, 60, 91, -9999, -9999, -9999, -9999, -9999, 95, -9999, 68, -9999, -9999, 29, 6, -9999, 76, -9999, -9999, -9999, -9999, 93, -9999, -9999, -9999, 24, 43, 52, -9999, 47, -9999, -9999, -9999, -9999, -9999, -9999, -9999, 12, -9999, 99, -9999, -9999, 43, 53, 28, -9999, 25, -9999, -9999, -9999, 94, -9999, 15, -9999, 81, -9999, -9999, -9999, 80, 40, 99, -9999, 47, -9999, 93, -9999, 14, -9999, -9999, 3, -9999, -9999, 4, -9999, -9999, -9999, 17, -9999, 30, 4, -9999, 1, 1, 1, 1, 1, 1],
[-9999, -9999, -9999, -9999, -9999, -9999, 39, 4, 53, -9999, -9999, -9999, -9999, -9999, -9999, 94, -9999, -9999, -9999, -9999, 89, -9999, 34, 5, 50, -9999, -9999, -9999, 45, 64, 13, 26, 11, 56, 73, 22, -9999, -9999, 35, 22, -9999, -9999, 70, 48, 50, 31, 23, 76, -9999, -9999, -9999, 23, 80, 74, -9999, -9999, 45, 35, 9, 25, 82, -9999, 54, -9999, 54, 97, -9999, -9999, 86, 82, -9999, -9999, 79, -9999, -9999, -9999, -9999, 68, -9999, 29, 48, 56, 20, -9999, -9999, -9999, 49, 27, 100, 72, 15, 37, 43, 98, -9999, 50, -9999, -9999, 13, -9999, 1, 1, 1, 1, 1],
[-9999, -9999, -9999, -9999, -9999, -9999, -9999, -9999, -9999, -9999, -9999, -9999, -9999, -9999, -9999, -9999, -9999, -9999, -9999, -9999, -9999, -9999, -9999, -9999, -9999, -9999, -9999, -9999, -9999, -9999, -9999, -9999, -9999, -9999, -9999, -9999, -9999, -9999, -9999, -9999, -9999, -9999, -9999, -9999, -9999, -9999, -9999, -9999, -9999, -9999, -9999, -9999, -9999, -9999, -9999, -9999, -9999, -9999, -9999, -9999, -9999, -9999, -9999, -9999, -9999, -9999, -9999, -9999, -9999, -9999, -9999, -9999, -9999, -9999, -9999, -9999, -9999, -9999, -9999, -9999, -9999, -9999, -9999, -9999, -9999, -9999, -9999, -9999, -9999, -9999, -9999, -9999, -9999, -9999, -9999, -9999, -9999, -9999, -9999, -9999, -9999, -9999, -9999, -9999, -9999],
[-9999, -9999, -9999, -9999, -9999, -9999, -9999, -9999, -9999, -9999, -9999, -9999, -9999, -9999, -9999, -9999, -9999, -9999, -9999, -9999, -9999, -9999, -9999, -9999, -9999, -9999, -9999, -9999, -9999, -9999, -9999, -9999, -9999, -9999, -9999, -9999, -9999, -9999, -9999, -9999, -9999, -9999, -9999, -9999, -9999, -9999, -9999, -9999, -9999, -9999, -9999, -9999, -9999, -9999, -9999, -9999, -9999, -9999, -9999, -9999, -9999, -9999, -9999, -9999, -9999, -9999, -9999, -9999, -9999, -9999, -9999, -9999, -9999, -9999, -9999, -9999, -9999, -9999, -9999, -9999, -9999, -9999, -9999, -9999, -9999, -9999, -9999, -9999, -9999, -9999, -9999, -9999, -9999, -9999, -9999, -9999, -9999, -9999, -9999, -9999, -9999, -9999, -9999, -9999, -9999],
[-9999, -9999, -9999, -9999, -9999, -9999, -9999, -9999, -9999, -9999, -9999, -9999, -9999, -9999, -9999, -9999, -9999, -9999, -9999, -9999, -9999, -9999, -9999, -9999, -9999, -9999, -9999, -9999, -9999, -9999, -9999, -9999, -9999, -9999, -9999, -9999, -9999, -9999, -9999, -9999, -9999, -9999, -9999, -9999, -9999, -9999, -9999, -9999, -9999, -9999, -9999, -9999, -9999, -9999, -9999, -9999, -9999, -9999, -9999, -9999, -9999, -9999, -9999, -9999, -9999, -9999, -9999, -9999, -9999, -9999, -9999, -9999, -9999, -9999, -9999, -9999, -9999, -9999, -9999, -9999, -9999, -9999, -9999, -9999, -9999, -9999, -9999, -9999, -9999, -9999, -9999, -9999, -9999, -9999, -9999, -9999, -9999, -9999, -9999, -9999, -9999, -9999, -9999, -9999, -9999],
[-9999, -9999, -9999, -9999, -9999, -9999, -9999, -9999, -9999, -9999, -9999, -9999, -9999, -9999, -9999, -9999, -9999, -9999, -9999, -9999, -9999, -9999, -9999, -9999, -9999, -9999, -9999, -9999, -9999, -9999, -9999, -9999, -9999, -9999, -9999, -9999, -9999, -9999, -9999, -9999, -9999, -9999, -9999, -9999, -9999, -9999, -9999, -9999, -9999, -9999, -9999, -9999, -9999, -9999, -9999, -9999, -9999, -9999, -9999, -9999, -9999, -9999, -9999, -9999, -9999, -9999, -9999, -9999, -9999, -9999, -9999, -9999, -9999, -9999, -9999, -9999, -9999, -9999, -9999, -9999, -9999, -9999, -9999, -9999, -9999, -9999, -9999, -9999, -9999, -9999, -9999, -9999, -9999, -9999, -9999, -9999, -9999, -9999, -9999, -9999, -9999, -9999, -9999, -9999, -9999],
[-9999, -9999, -9999, -9999, -9999, -9999, -9999, -9999, -9999, -9999, -9999, -9999, -9999, -9999, -9999, -9999, -9999, -9999, -9999, -9999, -9999, -9999, -9999, -9999, -9999, -9999, -9999, -9999, -9999, -9999, -9999, -9999, -9999, -9999, -9999, -9999, -9999, -9999, -9999, -9999, -9999, -9999, -9999, -9999, -9999, -9999, -9999, -9999, -9999, -9999, -9999, -9999, -9999, -9999, -9999, -9999, -9999, -9999, -9999, -9999, -9999, -9999, -9999, -9999, -9999, -9999, -9999, -9999, -9999, -9999, -9999, -9999, -9999, -9999, -9999, -9999, -9999, -9999, -9999, -9999, -9999, -9999, -9999, -9999, -9999, -9999, -9999, -9999, -9999, -9999, -9999, -9999, -9999, -9999, -9999, -9999, -9999, -9999, -9999, -9999, -9999, -9999, -9999, -9999, -9999]
];
