NbNodes = 105;
NbNDDs = 5;
NbPairs = 95;
NbTerminals = 5;
K = 0;
L = 97;
Wt = [
[-9999, -9999, -9999, -9999, -9999, 44, -9999, -9999, -9999, -9999, -9999, 84, -9999, 48, -9999, 46, 7, -9999, -9999, -9999, -9999, -9999, -9999, 48, -9999, 80, 92, -9999, 52, -9999, -9999, -9999, -9999, -9999, -9999, 13, 36, -9999, -9999, 14, 5, -9999, -9999, -9999, 3, 2, -9999, -9999, -9999, -9999, 76, 75, 83, 13, 80, -9999, -9999, -9999, 1, 44, 100, -9999, -9999, -9999, -9999, -9999, -9999, -9999, -9999, -9999, 14, -9999, 12, -9999, 92, -9999, 52, 9, 46, -9999, -9999, 63, 30, 52, 11, 33, 32, 39, 27, -9999, -9999, -9999, -9999, 54, 60, -9999, 66, 75, -9999, 16, 1, 1, 1, 1, 1],
[-9999, -9999, -9999, -9999, -9999, 96, -9999, -9999, -9999, -9999, -9999, -9999, -9999, -9999, -9999, -9999, -9999, -9999, -9999, 56, -9999, -9999, -9999, -9999, -9999, -9999, -9999, -9999, -9999, -9999, -9999, -9999, -9999, -9999, -9999, -9999, -9999, 57, -9999, -9999, -9999, -9999, -9999, -9999, -9999, -9999, -9999, -9999, -9999, -9999, 22, -9999, -9999, -9999, 35, -9999, -9999, -9999, 25, 43, -9999, 2, -9999, -9999, -9999, -9999, -9999, -9999, -9999, -9999, 35, -9999, 18, -9999, 54, -9999, -9999, -9999, 28, -9999, -9999, -9999, -9999, -9999, 50, 35, -9999, -9999, -9999, -9999, -9999, -9999, -9999, -9999, -9999, -9999, 75, 68, -9999, -9999, 1, 1, 1, 1, 1],
[-9999, -9999, -9999, -9999, -9999, -9999, -9999, -9999, -9999, -9999, 26, -9999, -9999, -9999, -9999, -9999, -9999, -9999, -9999, 78, -9999, -9999, -9999, -9999, -9999, -9999, 73, -9999, -9999, -9999, -9999, -9999, -9999, -9999, -9999, -9999, -9999, -9999, -9999, -9999, -9999, -9999, -9999, -9999, -9999, -9999, -9999, -9999, -9999, -9999, -9999, -9999, -9999, -9999, 97, -9999, -9999, -9999, -9999, -9999, -9999, -9999, -9999, -9999, -9999, -9999, -9999, -9999, -9999, -9999, -9999, -9999, 45, -9999, 11, -9999, -9999, -9999, -9999, -9999, -9999, -9999, -9999, -9999, 80, 41, -9999, -9999, -9999, -9999, -9999, -9999, -9999, -9999, -9999, -9999, -9999, -9999, -9999, -9999, 1, 1, 1, 1, 1],
[-9999, -9999, -9999, -9999, -9999, 25, -9999, -9999, 86, 81, 56, -9999, -9999, -9999, -9999, 93, 76, -9999, -9999, -9999, -9999, -9999, -9999, 74, 3, -9999, -9999, -9999, 87, -9999, -9999, 87, -9999, 9, -9999, 29, -9999, -9999, -9999, -9999, 39, 51, -9999, -9999, -9999, -9999, -9999, 85, -9999, -9999, 30, 39, 9, -9999, 85, -9999, -9999, -9999, 81, 68, -9999, 58, -9999, 23, -9999, -9999, -9999, -9999, -9999, -9999, 77, -9999, 7, 24, 40, -9999, -9999, 36, -9999, -9999, -9999, 24, -9999, 26, 37, -9999, 79, -9999, -9999, 74, -9999, -9999, -9999, -9999, 84, -9999, 19, -9999, -9999, 78, 1, 1, 1, 1, 1],
[-9999, -9999, -9999, -9999, -9999, 13, -9999, -9999, -9999, -9999, 21, -9999, -9999, 55, -9999, -9999, -9999, -9999, -9999, 74, -9999, -9999, -9999, -9999, -9999, -9999, 57, -9999, -9999, -9999, -9999, -9999, -9999, -9999, -9999, -9999, -9999, 49, -9999, -9999, -9999, -9999, -9999, -9999, -9999, -9999, -9999, -9999, -9999, -9999, 82, -9999, -9999, -9999, 63, -9999, -9999, -9999, 54, 7, -9999, 22, -9999, -9999, -9999, -9999, -9999, -9999, -9999, -9999, 40, -9999, 36, -9999, 84, -9999, -9999, -9999, 28, -9999, -9999, -9999, -9999, -9999, 55, 98, -9999, -9999, -9999, -9999, -9999, -9999, -9999, -9999, -9999, -9999, -9999, 98, -9999, -9999, 1, 1, 1, 1, 1],
[-9999, -9999, -9999, -9999, -9999, -9999, -9999, -9999, -9999, -9999, 67, -9999, -9999, -9999, -9999, -9999, -9999, -9999, -9999, 71, -9999, -9999, -9999, -9999, -9999, -9999, 33, -9999, -9999, -9999, -9999, -9999, -9999, -9999, -9999, -9999, -9999, -9999, -9999, -9999, -9999, -9999, -9999, -9999, -9999, -9999, -9999, -9999, -9999, -9999, 75, -9999, -9999, -9999, -9999, -9999, -9999, -9999, -9999, -9999, -9999, 25, -9999, -9999, -9999, -9999, -9999, -9999, -9999, -9999, 80, -9999, 12, -9999, -9999, -9999, -9999, -9999, 39, -9999, -9999, -9999, -9999, -9999, 77, 63, -9999, -9999, -9999, -9999, -9999, -9999, -9999, -9999, -9999, -9999, -9999, 46, -9999, -9999, 1, 1, 1, 1, 1],
[-9999, -9999, -9999, -9999, -9999, -9999, -9999, 50, 44, -9999, -9999, 93, -9999, -9999, -9999, 5, 33, -9999, -9999, 59, -9999, -9999, -9999, 18, -9999, -9999, -9999, -9999, 45, 26, -9999, -9999, -9999, -9999, -9999, -9999, -9999, 84, -9999, -9999, -9999, -9999, -9999, -9999, -9999, -9999, -9999, 58, -9999, -9999, 84, 48, 8, -9999, 60, -9999, -9999, -9999, 52, -9999, 20, -9999, -9999, 45, -9999, -9999, -9999, -9999, -9999, -9999, -9999, -9999, 6, 69, 72, -9999, -9999, 41, 71, -9999, -9999, 93, 48, 1, 43, 92, 89, 60, 75, 91, 81, -9999, 46, 63, 79, -9999, 17, 87, -9999, -9999, 1, 1, 1, 1, 1],
[-9999, -9999, -9999, -9999, -9999, 13, 36, -9999, -9999, -9999, -9999, -9999, -9999, -9999, 14, -9999, -9999, -9999, 57, 71, -9999, -9999, -9999, -9999, -9999, -9999, -9999, -9999, -9999, -9999, -9999, -9999, -9999, 39, -9999, -9999, -9999, 67, -9999, -9999, -9999, -9999, -9999, -9999, -9999, -9999, -9999, -9999, -9999, -9999, 49, -9999, -9999, -9999, -9999, -9999, 41, -9999, 19, 95, -9999, -9999, -9999, -9999, 34, -9999, -9999, -9999, 57, -9999, -9999, -9999, 45, -9999, -9999, -9999, -9999, -9999, 49, -9999, -9999, -9999, -9999, -9999, 19, -9999, -9999, -9999, -9999, -9999, -9999, -9999, -9999, -9999, -9999, -9999, -9999, 26, -9999, -9999, 1, 1, 1, 1, 1],
[-9999, -9999, -9999, -9999, -9999, 66, -9999, -9999, -9999, -9999, 16, -9999, -9999, -9999, -9999, -9999, -9999, -9999, -9999, -9999, -9999, -9999, -9999, -9999, -9999, -9999, 92, -9999, -9999, -9999, -9999, -9999, -9999, -9999, -9999, -9999, -9999, -9999, -9999, -9999, -9999, -9999, -9999, -9999, -9999, -9999, -9999, -9999, -9999, -9999, 16, -9999, -9999, -9999, 26, -9999, -9999, -9999, -9999, -9999, -9999, 58, -9999, -9999, -9999, -9999, -9999, -9999, -9999, -9999, 25, -9999, 12, -9999, -9999, -9999, -9999, -9999, -9999, -9999, -9999, -9999, -9999, -9999, -9999, 59, -9999, -9999, -9999, -9999, 59, -9999, -9999, -9999, -9999, -9999, -9999, -9999, -9999, -9999, 1, 1, 1, 1, 1],
[-9999, -9999, -9999, -9999, -9999, -9999, -9999, -9999, -9999, -9999, -9999, -9999, -9999, -9999, -9999, 7, 61, -9999, -9999, 78, -9999, -9999, -9999, 36, -9999, -9999, -9999, -9999, -9999, 57, -9999, 80, -9999, 42, -9999, 5, -9999, -9999, -9999, -9999, 50, 65, -9999, 71, -9999, 36, -9999, 57, -9999, -9999, 68, -9999, -9999, -9999, 81, -9999, -9999, -9999, -9999, 12, -9999, 67, -9999, 12, -9999, -9999, 86, -9999, -9999, -9999, 46, -9999, 34, -9999, -9999, -9999, 85, 66, -9999, -9999, -9999, 35, 83, 41, 7, 98, 77, -9999, -9999, 79, -9999, -9999, 19, 22, -9999, -9999, 45, 95, 69, 77, 1, 1, 1, 1, 1],
[-9999, -9999, -9999, -9999, -9999, -9999, 7, -9999, -9999, -9999, -9999, -9999, 65, -9999, 91, 39, -9999, -9999, 58, 72, -9999, -9999, -9999, 8, 34, -9999, 96, 10, 23, 96, -9999, 23, 34, -9999, -9999, -9999, -9999, -9999, -9999, -9999, 5, -9999, -9999, 34, -9999, 57, -9999, -9999, 90, 88, 22, -9999, 57, 27, -9999, -9999, 5, 8, 50, -9999, 49, 96, -9999, -9999, 89, -9999, 13, -9999, -9999, -9999, 87, -9999, 43, -9999, -9999, -9999, -9999, 53, -9999, 24, -9999, 74, 7, 59, 5, -9999, 84, -9999, -9999, 22, -9999, -9999, -9999, 55, -9999, -9999, -9999, -9999, 91, -9999, 1, 1, 1, 1, 1],
[-9999, -9999, -9999, -9999, -9999, 75, -9999, -9999, 88, -9999, 27, -9999, -9999, 38, -9999, 82, 44, -9999, -9999, 52, -9999, -9999, -9999, -9999, 11, -9999, 48, -9999, -9999, -9999, -9999, -9999, -9999, -9999, -9999, -9999, -9999, 45, -9999, -9999, -9999, 63, -9999, -9999, 53, 20, -9999, 93, -9999, -9999, 28, 31, -9999, 74, -9999, -9999, -9999, -9999, 47, 79, -9999, 65, -9999, 86, -9999, -9999, -9999, -9999, -9999, -9999, 37, 13, 92, -9999, 37, -9999, -9999, 79, 61, -9999, -9999, 41, -9999, 19, -9999, 88, 32, 84, -9999, -9999, -9999, -9999, -9999, -9999, 41, -9999, -9999, 73, 44, 12, 1, 1, 1, 1, 1],
[-9999, -9999, -9999, -9999, -9999, -9999, -9999, -9999, -9999, -9999, 71, -9999, -9999, -9999, -9999, -9999, -9999, -9999, -9999, -9999, -9999, -9999, -9999, -9999, -9999, -9999, -9999, -9999, -9999, -9999, -9999, -9999, -9999, -9999, -9999, -9999, -9999, -9999, -9999, -9999, -9999, -9999, -9999, -9999, -9999, -9999, 39, -9999, -9999, -9999, -9999, -9999, -9999, -9999, -9999, -9999, -9999, -9999, -9999, -9999, -9999, 2, -9999, -9999, -9999, -9999, -9999, -9999, -9999, -9999, 3, -9999, 59, -9999, -9999, -9999, -9999, -9999, 96, -9999, -9999, -9999, -9999, -9999, 85, -9999, -9999, -9999, -9999, -9999, 55, -9999, -9999, -9999, -9999, -9999, -9999, -9999, -9999, -9999, 1, 1, 1, 1, 1],
[-9999, -9999, -9999, -9999, -9999, 94, 84, -9999, -9999, -9999, 30, -9999, -9999, -9999, -9999, -9999, -9999, -9999, 61, -9999, -9999, -9999, -9999, -9999, -9999, -9999, -9999, -9999, -9999, -9999, -9999, -9999, -9999, 25, -9999, -9999, -9999, -9999, -9999, -9999, -9999, -9999, -9999, -9999, -9999, -9999, -9999, -9999, -9999, 73, 8, -9999, -9999, -9999, 43, -9999, 65, -9999, 58, 66, -9999, 79, -9999, -9999, 28, -9999, -9999, -9999, -9999, -9999, 22, -9999, 63, -9999, 21, -9999, -9999, -9999, -9999, -9999, -9999, -9999, -9999, -9999, -9999, 91, -9999, -9999, -9999, -9999, -9999, 1, -9999, -9999, -9999, -9999, -9999, -9999, -9999, -9999, 1, 1, 1, 1, 1],
[-9999, -9999, -9999, -9999, -9999, -9999, -9999, -9999, -9999, -9999, 88, -9999, -9999, 77, -9999, -9999, -9999, -9999, 5, -9999, -9999, -9999, -9999, -9999, -9999, -9999, -9999, -9999, -9999, -9999, -9999, -9999, -9999, 94, -9999, -9999, -9999, 79, -9999, -9999, -9999, -9999, -9999, -9999, -9999, -9999, -9999, -9999, 60, -9999, 93, -9999, -9999, -9999, 45, -9999, -9999, -9999, 98, -9999, -9999, -9999, -9999, -9999, -9999, -9999, -9999, -9999, -9999, -9999, 70, -9999, 67, -9999, 18, -9999, -9999, -9999, -9999, -9999, -9999, -9999, -9999, -9999, -9999, 44, -9999, -9999, -9999, -9999, -9999, 8, -9999, -9999, -9999, -9999, -9999, 72, -9999, -9999, 1, 1, 1, 1, 1],
[-9999, -9999, -9999, -9999, -9999, -9999, -9999, -9999, -9999, -9999, 43, -9999, -9999, 12, -9999, -9999, -9999, -9999, -9999, -9999, -9999, -9999, -9999, -9999, -9999, -9999, 55, -9999, -9999, -9999, -9999, -9999, -9999, 73, -9999, -9999, -9999, -9999, -9999, -9999, -9999, -9999, -9999, -9999, -9999, -9999, -9999, -9999, -9999, -9999, -9999, -9999, -9999, -9999, -9999, -9999, -9999, -9999, 97, -9999, -9999, 16, -9999, -9999, -9999, -9999, -9999, -9999, -9999, -9999, -9999, -9999, 95, -9999, 39, -9999, -9999, -9999, -9999, -9999, -9999, -9999, -9999, -9999, -9999, 85, -9999, -9999, -9999, -9999, -9999, -9999, -9999, -9999, -9999, -9999, 15, 46, -9999, -9999, 1, 1, 1, 1, 1],
[-9999, -9999, -9999, -9999, -9999, -9999, -9999, -9999, -9999, -9999, -9999, -9999, -9999, 94, -9999, -9999, -9999, -9999, -9999, 41, -9999, -9999, -9999, -9999, -9999, -9999, -9999, -9999, -9999, -9999, -9999, -9999, -9999, 24, -9999, -9999, -9999, 52, -9999, -9999, -9999, -9999, -9999, -9999, -9999, -9999, -9999, -9999, -9999, -9999, -9999, -9999, -9999, -9999, -9999, -9999, -9999, -9999, 84, 90, -9999, 75, -9999, -9999, -9999, -9999, -9999, -9999, -9999, -9999, -9999, -9999, 66, -9999, 10, -9999, -9999, -9999, 3, -9999, -9999, -9999, -9999, -9999, -9999, -9999, -9999, -9999, -9999, -9999, -9999, -9999, -9999, -9999, -9999, -9999, 25, 40, -9999, -9999, 1, 1, 1, 1, 1],
[-9999, -9999, -9999, -9999, -9999, 85, -9999, -9999, -9999, -9999, -9999, 19, 27, -9999, -9999, -9999, -9999, -9999, -9999, 24, -9999, -9999, -9999, -9999, 15, 48, 15, -9999, 77, 15, -9999, 57, -9999, 39, -9999, 15, -9999, -9999, -9999, -9999, 89, -9999, -9999, 42, -9999, 75, -9999, 68, -9999, -9999, -9999, 31, 69, 57, 52, -9999, -9999, -9999, 67, 16, 78, -9999, -9999, 53, -9999, -9999, 61, -9999, -9999, -9999, -9999, 8, -9999, 2, 56, -9999, -9999, -9999, -9999, -9999, -9999, 40, 70, 35, 83, 65, 78, 98, 73, -9999, -9999, -9999, -9999, 76, 73, -9999, 27, -9999, 45, -9999, 1, 1, 1, 1, 1],
[-9999, -9999, -9999, -9999, -9999, -9999, -9999, -9999, -9999, -9999, -9999, -9999, -9999, -9999, -9999, 51, -9999, -9999, -9999, -9999, -9999, -9999, -9999, -9999, -9999, -9999, -9999, -9999, 84, -9999, -9999, -9999, -9999, -9999, -9999, -9999, -9999, -9999, -9999, -9999, -9999, -9999, -9999, -9999, -9999, -9999, -9999, -9999, -9999, -9999, -9999, -9999, -9999, -9999, -9999, -9999, -9999, -9999, -9999, -9999, -9999, -9999, -9999, -9999, -9999, -9999, 86, -9999, 2, -9999, -9999, -9999, 67, -9999, -9999, -9999, -9999, -9999, -9999, -9999, -9999, 29, -9999, -9999, -9999, -9999, -9999, -9999, 4, -9999, -9999, -9999, -9999, 88, -9999, -9999, -9999, -9999, -9999, -9999, 1, 1, 1, 1, 1],
[-9999, -9999, -9999, -9999, -9999, 53, -9999, -9999, 18, -9999, -9999, -9999, -9999, 44, -9999, 100, -9999, -9999, -9999, -9999, -9999, -9999, -9999, 1, 42, 12, 75, -9999, 66, 65, -9999, 62, -9999, 51, -9999, -9999, 80, 59, -9999, -9999, -9999, 61, -9999, -9999, 31, -9999, 67, 91, -9999, -9999, -9999, 1, 57, 18, 70, 10, -9999, -9999, -9999, -9999, 93, -9999, -9999, -9999, -9999, -9999, -9999, -9999, -9999, -9999, -9999, 51, 57, -9999, -9999, -9999, -9999, 72, 79, -9999, -9999, 59, -9999, 54, 85, -9999, 64, -9999, -9999, 69, -9999, -9999, -9999, 89, 88, -9999, -9999, -9999, 17, 67, 1, 1, 1, 1, 1],
[-9999, -9999, -9999, -9999, -9999, 93, -9999, -9999, 3, -9999, -9999, 47, -9999, 66, -9999, 87, 67, -9999, -9999, 88, -9999, -9999, -9999, -9999, 1, -9999, -9999, -9999, 19, -9999, -9999, 9, -9999, 63, -9999, -9999, -9999, -9999, -9999, -9999, -9999, -9999, -9999, 72, -9999, 62, -9999, 6, -9999, -9999, -9999, 82, 33, -9999, 44, -9999, -9999, -9999, 4, 89, -9999, 87, -9999, -9999, -9999, -9999, 72, -9999, -9999, -9999, -9999, 82, 30, -9999, 96, -9999, -9999, 78, -9999, -9999, -9999, 33, 60, 91, -9999, -9999, 14, -9999, 75, 55, -9999, -9999, -9999, 79, 74, -9999, 42, -9999, -9999, 86, 1, 1, 1, 1, 1],
[-9999, -9999, -9999, -9999, -9999, 5, -9999, -9999, -9999, -9999, -9999, -9999, -9999, 39, -9999, -9999, -9999, -9999, -9999, 21, -9999, -9999, -9999, -9999, -9999, -9999, 3, -9999, -9999, -9999, -9999, -9999, -9999, 94, -9999, -9999, -9999, -9999, -9999, -9999, -9999, -9999, -9999, -9999, -9999, -9999, -9999, -9999, -9999, -9999, 74, -9999, -9999, -9999, 37, -9999, -9999, -9999, -9999, 67, -9999, 16, -9999, -9999, -9999, -9999, -9999, -9999, -9999, -9999, 3, -9999, 60, -9999, 4, -9999, -9999, -9999, 15, -9999, -9999, -9999, -9999, -9999, 58, -9999, -9999, -9999, -9999, -9999, -9999, -9999, -9999, -9999, -9999, -9999, -9999, -9999, -9999, -9999, 1, 1, 1, 1, 1],
[-9999, -9999, -9999, -9999, -9999, -9999, -9999, -9999, 61, -9999, 43, 79, -9999, 74, -9999, -9999, 32, -9999, -9999, 41, -9999, -9999, -9999, -9999, -9999, 63, 27, -9999, -9999, 37, -9999, 100, -9999, 39, -9999, 2, -9999, 77, -9999, -9999, 70, -9999, -9999, -9999, 58, 85, -9999, 48, -9999, -9999, 18, 46, 96, 29, -9999, -9999, -9999, -9999, 47, -9999, -9999, 31, -9999, 58, -9999, -9999, 31, -9999, -9999, -9999, 78, 99, 39, 71, -9999, -9999, -9999, -9999, 61, -9999, -9999, 42, -9999, 93, -9999, -9999, 69, 29, -9999, -9999, 84, -9999, -9999, -9999, -9999, -9999, -9999, -9999, -9999, -9999, 1, 1, 1, 1, 1],
[-9999, -9999, -9999, -9999, -9999, 14, -9999, -9999, 57, -9999, 53, 82, -9999, -9999, 2, 65, -9999, -9999, -9999, 94, -9999, -9999, -9999, -9999, 57, 33, 31, 72, -9999, 30, -9999, -9999, 58, 20, -9999, -9999, -9999, 40, -9999, -9999, -9999, -9999, 46, -9999, -9999, 55, -9999, 23, -9999, 1, 72, 48, 23, -9999, -9999, 56, -9999, 27, -9999, 74, -9999, 47, 43, -9999, -9999, 9, 79, -9999, -9999, 97, -9999, -9999, 58, -9999, 96, -9999, -9999, 15, 85, 94, -9999, 86, -9999, -9999, -9999, 67, 94, 51, 81, 23, -9999, 37, 91, 55, 92, -9999, -9999, 69, -9999, 4, 1, 1, 1, 1, 1],
[-9999, -9999, -9999, -9999, -9999, -9999, -9999, -9999, 82, -9999, 8, -9999, 61, 24, -9999, 16, 97, -9999, -9999, 32, -9999, -9999, -9999, -9999, -9999, -9999, 80, -9999, -9999, -9999, -9999, 7, -9999, 90, -9999, -9999, -9999, 37, -9999, -9999, -9999, 84, -9999, 91, -9999, 57, 79, -9999, -9999, -9999, 88, -9999, 31, -9999, 87, 81, -9999, -9999, 69, 55, 21, -9999, -9999, 58, -9999, -9999, 74, -9999, 38, -9999, 63, 65, 58, -9999, -9999, -9999, -9999, 91, -9999, -9999, -9999, 52, 59, -9999, 96, 7, 27, 90, 93, 38, -9999, -9999, -9999, 28, -9999, -9999, -9999, 88, -9999, 71, 1, 1, 1, 1, 1],
[-9999, -9999, -9999, -9999, -9999, -9999, -9999, -9999, -9999, -9999, 24, -9999, -9999, -9999, -9999, -9999, -9999, -9999, -9999, -9999, -9999, -9999, -9999, -9999, -9999, -9999, 2, -9999, -9999, -9999, -9999, -9999, -9999, -9999, -9999, -9999, -9999, 77, -9999, -9999, -9999, -9999, -9999, -9999, -9999, -9999, -9999, -9999, -9999, -9999, 48, -9999, -9999, -9999, 56, -9999, -9999, -9999, -9999, 30, -9999, 1, -9999, -9999, -9999, -9999, -9999, -9999, -9999, -9999, -9999, -9999, 53, -9999, 21, -9999, -9999, -9999, -9999, -9999, -9999, -9999, -9999, -9999, 61, -9999, -9999, -9999, -9999, -9999, -9999, -9999, -9999, -9999, -9999, -9999, -9999, -9999, -9999, -9999, 1, 1, 1, 1, 1],
[-9999, -9999, -9999, -9999, -9999, 30, 90, -9999, 92, -9999, 58, 31, 9, 43, -9999, 61, 73, -9999, 71, 8, -9999, -9999, -9999, -9999, 5, 12, -9999, 36, 74, 88, -9999, 61, -9999, -9999, -9999, 42, -9999, 45, 99, 47, -9999, 67, -9999, -9999, -9999, 36, -9999, -9999, -9999, 21, -9999, 61, 96, -9999, 90, -9999, 42, -9999, -9999, 83, 13, -9999, 66, -9999, 45, 13, 31, 57, -9999, 73, -9999, 78, 53, -9999, 8, -9999, -9999, -9999, -9999, 97, 85, 30, 83, 29, 64, 46, -9999, 46, -9999, -9999, -9999, 63, -9999, 10, -9999, -9999, 50, 94, 58, 1, 1, 1, 1, 1, 1],
[-9999, -9999, -9999, -9999, -9999, -9999, -9999, -9999, -9999, -9999, 50, -9999, 83, 1, -9999, -9999, -9999, -9999, -9999, 48, -9999, -9999, -9999, -9999, -9999, -9999, 79, -9999, -9999, -9999, -9999, -9999, -9999, 21, -9999, -9999, -9999, -9999, -9999, -9999, -9999, -9999, -9999, -9999, -9999, -9999, -9999, -9999, -9999, -9999, -9999, -9999, -9999, -9999, 89, -9999, -9999, -9999, 16, 76, -9999, 80, -9999, -9999, -9999, -9999, -9999, -9999, -9999, -9999, -9999, -9999, 79, -9999, -9999, -9999, -9999, -9999, 83, -9999, -9999, -9999, -9999, -9999, -9999, -9999, -9999, -9999, -9999, -9999, -9999, -9999, -9999, -9999, -9999, -9999, -9999, 51, -9999, -9999, 1, 1, 1, 1, 1],
[-9999, -9999, -9999, -9999, -9999, -9999, -9999, -9999, -9999, -9999, -9999, -9999, -9999, -9999, -9999, 29, -9999, -9999, -9999, -9999, -9999, -9999, -9999, -9999, -9999, -9999, -9999, -9999, -9999, -9999, -9999, -9999, -9999, -9999, -9999, -9999, -9999, -9999, -9999, -9999, -9999, -9999, -9999, -9999, -9999, -9999, -9999, -9999, -9999, -9999, -9999, -9999, -9999, -9999, -9999, -9999, -9999, -9999, -9999, -9999, -9999, -9999, -9999, -9999, -9999, -9999, -9999, -9999, -9999, -9999, -9999, -9999, 66, -9999, -9999, -9999, -9999, -9999, -9999, -9999, -9999, 62, -9999, -9999, -9999, -9999, -9999, -9999, -9999, -9999, -9999, -9999, -9999, 62, -9999, -9999, -9999, -9999, -9999, -9999, 1, 1, 1, 1, 1],
[-9999, -9999, -9999, -9999, -9999, -9999, -9999, -9999, -9999, -9999, -9999, -9999, -9999, -9999, -9999, 13, -9999, -9999, -9999, -9999, -9999, -9999, -9999, -9999, -9999, -9999, -9999, -9999, -9999, -9999, -9999, -9999, -9999, -9999, -9999, -9999, -9999, -9999, -9999, -9999, -9999, -9999, -9999, 64, -9999, -9999, -9999, -9999, -9999, -9999, -9999, -9999, -9999, -9999, -9999, -9999, -9999, -9999, -9999, -9999, -9999, -9999, -9999, -9999, -9999, -9999, -9999, -9999, 79, -9999, -9999, -9999, 75, -9999, -9999, -9999, -9999, -9999, -9999, -9999, -9999, 44, -9999, -9999, -9999, -9999, -9999, -9999, 17, -9999, -9999, -9999, -9999, 47, -9999, -9999, -9999, -9999, -9999, -9999, 1, 1, 1, 1, 1],
[-9999, -9999, -9999, -9999, -9999, -9999, 51, -9999, -9999, -9999, 37, -9999, -9999, -9999, 58, -9999, -9999, -9999, -9999, -9999, -9999, -9999, -9999, -9999, -9999, -9999, -9999, -9999, -9999, -9999, -9999, -9999, -9999, 82, -9999, -9999, -9999, -9999, -9999, -9999, -9999, -9999, -9999, -9999, -9999, -9999, 64, -9999, 53, 83, -9999, -9999, -9999, -9999, -9999, -9999, 43, -9999, 24, 34, -9999, 10, -9999, -9999, 99, -9999, -9999, -9999, -9999, -9999, 88, -9999, 100, -9999, 57, -9999, -9999, -9999, 69, -9999, -9999, -9999, -9999, -9999, 30, 21, -9999, -9999, -9999, -9999, -9999, 72, -9999, -9999, -9999, -9999, -9999, 86, -9999, -9999, 1, 1, 1, 1, 1],
[-9999, -9999, -9999, -9999, -9999, 29, -9999, -9999, -9999, -9999, -9999, -9999, -9999, -9999, -9999, -9999, -9999, -9999, -9999, 47, -9999, -9999, -9999, -9999, -9999, -9999, 69, -9999, -9999, -9999, -9999, -9999, -9999, 98, -9999, -9999, -9999, -9999, -9999, -9999, -9999, -9999, -9999, -9999, -9999, -9999, -9999, -9999, -9999, -9999, 14, -9999, -9999, -9999, 62, -9999, -9999, -9999, 88, 94, -9999, -9999, -9999, -9999, -9999, -9999, -9999, -9999, -9999, -9999, 70, -9999, 100, -9999, -9999, -9999, -9999, -9999, 35, -9999, -9999, -9999, -9999, -9999, -9999, 49, -9999, -9999, -9999, -9999, -9999, -9999, -9999, -9999, -9999, -9999, 29, -9999, -9999, -9999, 1, 1, 1, 1, 1],
[-9999, -9999, -9999, -9999, -9999, 41, -9999, -9999, 1, -9999, -9999, 26, 31, 80, -9999, -9999, 5, -9999, -9999, 21, -9999, -9999, -9999, 16, 98, 1, 52, -9999, -9999, 33, -9999, -9999, -9999, 94, -9999, 9, -9999, -9999, -9999, -9999, -9999, 57, -9999, -9999, 74, -9999, -9999, -9999, -9999, -9999, -9999, -9999, 78, -9999, 82, -9999, -9999, -9999, -9999, 36, -9999, 23, -9999, -9999, -9999, -9999, -9999, -9999, -9999, -9999, -9999, 29, 6, 43, -9999, -9999, -9999, -9999, 14, -9999, -9999, 49, 76, -9999, -9999, 25, 43, 1, 70, 24, -9999, -9999, -9999, 72, 79, -9999, 80, -9999, -9999, 78, 1, 1, 1, 1, 1],
[-9999, -9999, -9999, -9999, -9999, 100, -9999, 86, 66, -9999, -9999, -9999, -9999, 58, -9999, -9999, 13, -9999, -9999, 82, -9999, -9999, -9999, -9999, 87, -9999, 19, -9999, 52, -9999, -9999, 58, -9999, -9999, -9999, -9999, -9999, -9999, -9999, 24, 94, -9999, -9999, 29, 36, -9999, -9999, -9999, -9999, -9999, 3, -9999, 2, 49, -9999, -9999, -9999, -9999, 59, 41, -9999, 100, -9999, 26, -9999, -9999, -9999, -9999, -9999, -9999, 89, -9999, 39, -9999, 53, -9999, 79, -9999, -9999, -9999, -9999, 4, 52, -9999, -9999, -9999, 8, -9999, 80, -9999, -9999, -9999, -9999, -9999, -9999, -9999, -9999, 82, 21, -9999, 1, 1, 1, 1, 1],
[-9999, -9999, -9999, -9999, -9999, 20, -9999, -9999, 84, -9999, 92, 56, -9999, 70, -9999, 61, 29, -9999, -9999, -9999, -9999, -9999, -9999, 67, -9999, -9999, 52, -9999, 16, 32, -9999, 67, -9999, 40, -9999, -9999, -9999, -9999, -9999, -9999, -9999, 1, -9999, 68, 93, -9999, -9999, -9999, -9999, -9999, 65, 33, 59, 63, 100, -9999, -9999, -9999, 30, -9999, 42, -9999, -9999, -9999, -9999, -9999, 10, -9999, -9999, -9999, 90, 26, 49, 22, -9999, -9999, -9999, 57, -9999, -9999, -9999, 68, -9999, -9999, -9999, -9999, 27, 7, 93, 10, -9999, -9999, -9999, 24, 43, -9999, -9999, 18, 36, 64, 1, 1, 1, 1, 1],
[-9999, -9999, -9999, -9999, -9999, -9999, -9999, -9999, -9999, -9999, -9999, -9999, -9999, -9999, -9999, -9999, -9999, -9999, -9999, -9999, -9999, -9999, -9999, -9999, -9999, -9999, -9999, -9999, -9999, -9999, -9999, -9999, -9999, 30, -9999, -9999, -9999, 26, -9999, -9999, -9999, -9999, -9999, -9999, -9999, -9999, -9999, -9999, -9999, -9999, -9999, -9999, -9999, -9999, 41, -9999, -9999, -9999, 26, 29, -9999, 32, -9999, -9999, -9999, -9999, -9999, -9999, 38, -9999, 57, -9999, 89, -9999, 51, -9999, -9999, -9999, -9999, -9999, -9999, -9999, -9999, -9999, 10, -9999, -9999, -9999, -9999, -9999, -9999, -9999, -9999, -9999, -9999, -9999, -9999, 64, -9999, -9999, 1, 1, 1, 1, 1],
[-9999, -9999, -9999, -9999, -9999, 4, -9999, -9999, -9999, -9999, 28, -9999, -9999, -9999, -9999, -9999, -9999, -9999, -9999, -9999, -9999, -9999, -9999, -9999, -9999, -9999, -9999, -9999, -9999, -9999, -9999, -9999, -9999, 9, -9999, -9999, -9999, 68, -9999, -9999, -9999, -9999, -9999, -9999, -9999, -9999, 28, -9999, -9999, -9999, -9999, -9999, -9999, -9999, 52, -9999, -9999, -9999, 91, -9999, -9999, -9999, -9999, -9999, -9999, -9999, -9999, -9999, -9999, -9999, 92, -9999, 12, -9999, -9999, -9999, -9999, -9999, -9999, -9999, -9999, -9999, -9999, -9999, -9999, 54, -9999, -9999, -9999, -9999, -9999, -9999, -9999, -9999, -9999, -9999, -9999, 91, -9999, -9999, 1, 1, 1, 1, 1],
[-9999, -9999, -9999, -9999, -9999, 28, -9999, -9999, -9999, -9999, -9999, -9999, -9999, 27, -9999, -9999, -9999, -9999, -9999, 91, -9999, -9999, -9999, -9999, -9999, -9999, 55, -9999, -9999, -9999, -9999, -9999, -9999, 69, -9999, -9999, -9999, -9999, -9999, -9999, -9999, -9999, -9999, -9999, -9999, -9999, -9999, -9999, -9999, -9999, 46, -9999, -9999, -9999, -9999, -9999, -9999, -9999, 36, 37, -9999, 27, -9999, -9999, -9999, -9999, -9999, -9999, -9999, -9999, 90, -9999, 61, -9999, 64, -9999, -9999, -9999, 43, -9999, -9999, -9999, -9999, -9999, -9999, 35, -9999, -9999, -9999, -9999, -9999, -9999, -9999, -9999, -9999, -9999, -9999, -9999, -9999, -9999, 1, 1, 1, 1, 1],
[-9999, -9999, -9999, -9999, -9999, -9999, -9999, -9999, -9999, -9999, -9999, -9999, -9999, -9999, -9999, -9999, -9999, -9999, -9999, -9999, -9999, 3, -9999, -9999, -9999, -9999, -9999, -9999, 27, -9999, -9999, -9999, 78, -9999, -9999, -9999, -9999, -9999, -9999, -9999, -9999, -9999, -9999, 74, -9999, -9999, -9999, -9999, -9999, -9999, -9999, -9999, -9999, -9999, -9999, -9999, -9999, -9999, -9999, -9999, -9999, -9999, -9999, -9999, -9999, -9999, -9999, 71, -9999, 77, -9999, -9999, 16, -9999, -9999, -9999, -9999, -9999, -9999, -9999, -9999, 23, -9999, -9999, -9999, -9999, -9999, -9999, 13, -9999, -9999, -9999, -9999, -9999, -9999, -9999, -9999, -9999, -9999, -9999, 1, 1, 1, 1, 1],
[-9999, -9999, -9999, -9999, -9999, 60, -9999, -9999, -9999, -9999, 52, -9999, -9999, -9999, -9999, -9999, -9999, -9999, -9999, 44, -9999, -9999, -9999, -9999, -9999, -9999, 31, -9999, -9999, -9999, -9999, -9999, -9999, -9999, -9999, -9999, -9999, 4, -9999, -9999, -9999, -9999, -9999, -9999, -9999, -9999, -9999, -9999, -9999, -9999, -9999, -9999, -9999, -9999, 31, -9999, -9999, -9999, -9999, 59, -9999, 95, -9999, -9999, -9999, -9999, -9999, -9999, -9999, -9999, 100, -9999, 87, -9999, 59, -9999, -9999, -9999, -9999, -9999, -9999, -9999, -9999, -9999, -9999, 75, -9999, -9999, -9999, -9999, -9999, -9999, -9999, -9999, -9999, -9999, 31, -9999, -9999, -9999, 1, 1, 1, 1, 1],
[-9999, -9999, -9999, -9999, -9999, -9999, -9999, -9999, -9999, -9999, 72, -9999, -9999, -9999, -9999, -9999, -9999, -9999, -9999, -9999, -9999, -9999, -9999, -9999, -9999, -9999, 80, -9999, -9999, -9999, -9999, -9999, -9999, 16, -9999, -9999, -9999, -9999, -9999, -9999, -9999, -9999, -9999, -9999, -9999, -9999, -9999, -9999, -9999, -9999, -9999, -9999, -9999, -9999, -9999, -9999, -9999, -9999, 31, 79, -9999, 54, -9999, -9999, -9999, -9999, -9999, -9999, -9999, -9999, -9999, -9999, 89, -9999, -9999, -9999, -9999, -9999, 7, -9999, -9999, -9999, -9999, -9999, 49, 64, -9999, -9999, -9999, -9999, -9999, -9999, -9999, -9999, -9999, -9999, -9999, -9999, -9999, -9999, 1, 1, 1, 1, 1],
[-9999, -9999, -9999, -9999, -9999, -9999, -9999, -9999, -9999, -9999, -9999, 91, -9999, -9999, -9999, -9999, -9999, -9999, -9999, -9999, -9999, -9999, -9999, -9999, -9999, -9999, -9999, -9999, 43, -9999, -9999, -9999, -9999, -9999, -9999, -9999, -9999, -9999, -9999, -9999, -9999, -9999, -9999, -9999, -9999, -9999, -9999, -9999, -9999, -9999, -9999, -9999, -9999, -9999, -9999, -9999, -9999, -9999, -9999, -9999, -9999, -9999, -9999, -9999, -9999, -9999, -9999, -9999, -9999, -9999, -9999, -9999, 95, -9999, -9999, -9999, -9999, -9999, -9999, -9999, -9999, 99, -9999, -9999, -9999, -9999, -9999, -9999, 93, -9999, -9999, -9999, -9999, -9999, -9999, -9999, -9999, -9999, -9999, -9999, 1, 1, 1, 1, 1],
[-9999, -9999, -9999, -9999, -9999, -9999, -9999, 64, 49, -9999, 29, 34, -9999, -9999, -9999, -9999, -9999, -9999, -9999, 11, -9999, -9999, -9999, 16, 50, 19, -9999, -9999, -9999, -9999, -9999, -9999, -9999, 94, -9999, -9999, -9999, -9999, -9999, -9999, 38, -9999, -9999, 38, 90, -9999, -9999, 35, -9999, -9999, 58, -9999, 90, 45, -9999, -9999, -9999, -9999, -9999, -9999, 84, -9999, -9999, 95, -9999, -9999, 24, -9999, -9999, -9999, 74, -9999, 87, 94, -9999, -9999, -9999, 12, 6, -9999, -9999, 75, 48, 71, -9999, -9999, 20, 79, 28, -9999, -9999, -9999, -9999, 5, 10, -9999, 42, 85, 16, 3, 1, 1, 1, 1, 1],
[-9999, -9999, -9999, -9999, -9999, 83, 12, -9999, -9999, -9999, -9999, -9999, -9999, 64, -9999, -9999, -9999, -9999, 60, 80, -9999, -9999, -9999, -9999, -9999, -9999, 1, -9999, -9999, -9999, -9999, -9999, -9999, 64, -9999, -9999, -9999, 59, -9999, -9999, -9999, -9999, -9999, -9999, -9999, -9999, -9999, -9999, -9999, -9999, 58, -9999, -9999, -9999, -9999, -9999, 54, 59, 14, -9999, -9999, -9999, -9999, -9999, 99, -9999, -9999, -9999, -9999, -9999, -9999, -9999, 100, -9999, 50, -9999, -9999, -9999, 74, -9999, -9999, -9999, -9999, -9999, 26, -9999, -9999, -9999, -9999, -9999, -9999, 37, -9999, -9999, -9999, -9999, -9999, 87, -9999, -9999, 1, 1, 1, 1, 1],
[-9999, -9999, -9999, -9999, -9999, 89, -9999, -9999, -9999, -9999, -9999, 98, -9999, -9999, -9999, 41, 91, -9999, -9999, 84, -9999, -9999, -9999, 67, 30, -9999, 44, -9999, 39, 1, -9999, 10, -9999, 83, -9999, -9999, -9999, 86, -9999, -9999, 92, 97, -9999, 46, -9999, 83, -9999, -9999, -9999, -9999, 93, -9999, 43, 16, 34, -9999, -9999, -9999, 18, -9999, -9999, 3, -9999, 19, -9999, -9999, -9999, -9999, 34, -9999, -9999, -9999, 24, -9999, 57, -9999, -9999, -9999, 73, -9999, -9999, 86, 22, -9999, 72, 21, -9999, 59, 56, 12, -9999, -9999, -9999, 31, -9999, -9999, -9999, 61, 95, -9999, 1, 1, 1, 1, 1],
[-9999, -9999, -9999, -9999, -9999, 38, -9999, -9999, 17, -9999, -9999, 58, -9999, 50, -9999, 3, 60, -9999, -9999, 60, -9999, -9999, -9999, 22, -9999, 80, 35, -9999, -9999, -9999, -9999, 39, -9999, -9999, -9999, 56, 59, 18, -9999, -9999, -9999, -9999, -9999, 31, -9999, -9999, -9999, 58, -9999, -9999, -9999, -9999, 48, -9999, 86, -9999, -9999, -9999, 29, 35, -9999, -9999, -9999, 9, -9999, -9999, -9999, -9999, -9999, -9999, 7, -9999, 83, -9999, 81, 85, 8, 33, 26, -9999, -9999, 90, 69, 50, 54, 37, 85, 24, 14, 79, -9999, -9999, -9999, 2, -9999, -9999, 4, 44, -9999, -9999, 1, 1, 1, 1, 1],
[-9999, -9999, -9999, -9999, -9999, 69, -9999, -9999, -9999, 20, 37, -9999, -9999, 3, -9999, -9999, 78, -9999, -9999, 86, -9999, -9999, -9999, -9999, 22, 81, -9999, -9999, -9999, 97, -9999, -9999, -9999, 33, -9999, -9999, -9999, -9999, -9999, -9999, -9999, -9999, -9999, 72, 39, 10, -9999, 91, -9999, -9999, 95, 61, 71, 93, 44, 84, -9999, -9999, -9999, 1, 17, -9999, -9999, -9999, -9999, -9999, -9999, -9999, -9999, -9999, 41, -9999, -9999, 31, 72, -9999, -9999, -9999, 37, -9999, -9999, -9999, 73, -9999, -9999, 59, 45, 85, 87, 50, -9999, -9999, -9999, 13, 8, -9999, 41, 75, 77, -9999, 1, 1, 1, 1, 1],
[-9999, -9999, -9999, -9999, -9999, -9999, -9999, -9999, -9999, -9999, -9999, -9999, -9999, -9999, -9999, -9999, -9999, -9999, -9999, 32, -9999, -9999, -9999, -9999, -9999, -9999, -9999, -9999, -9999, -9999, -9999, -9999, -9999, 38, -9999, -9999, -9999, -9999, -9999, -9999, -9999, -9999, -9999, -9999, -9999, -9999, -9999, -9999, -9999, -9999, 12, -9999, -9999, -9999, -9999, -9999, -9999, -9999, -9999, -9999, -9999, 9, -9999, -9999, -9999, -9999, -9999, -9999, -9999, -9999, -9999, -9999, 55, -9999, 84, -9999, -9999, -9999, 31, -9999, -9999, -9999, -9999, -9999, -9999, 48, -9999, -9999, -9999, -9999, -9999, -9999, -9999, -9999, -9999, -9999, -9999, -9999, -9999, -9999, 1, 1, 1, 1, 1],
[-9999, -9999, -9999, -9999, -9999, -9999, -9999, -9999, -9999, -9999, -9999, -9999, -9999, -9999, -9999, -9999, -9999, -9999, -9999, -9999, -9999, -9999, -9999, -9999, -9999, -9999, -9999, -9999, -9999, -9999, -9999, -9999, -9999, -9999, -9999, -9999, -9999, -9999, -9999, -9999, -9999, -9999, -9999, -9999, -9999, -9999, -9999, -9999, -9999, -9999, -9999, -9999, -9999, -9999, -9999, -9999, -9999, 46, -9999, -9999, -9999, -9999, -9999, -9999, -9999, -9999, -9999, -9999, -9999, -9999, -9999, -9999, 81, -9999, -9999, -9999, -9999, -9999, -9999, -9999, -9999, -9999, -9999, -9999, -9999, -9999, -9999, -9999, -9999, -9999, -9999, -9999, -9999, -9999, -9999, -9999, -9999, -9999, -9999, -9999, 1, 1, 1, 1, 1],
[-9999, -9999, -9999, -9999, -9999, 33, -9999, -9999, -9999, -9999, -9999, -9999, -9999, 28, -9999, -9999, 52, -9999, -9999, 51, -9999, -9999, -9999, 51, -9999, -9999, 51, -9999, 24, 30, -9999, 91, -9999, 80, -9999, 23, -9999, 12, -9999, -9999, -9999, -9999, -9999, -9999, 27, 5, -9999, 34, -9999, -9999, -9999, 82, 28, 2, -9999, -9999, -9999, -9999, -9999, -9999, 33, -9999, -9999, 100, -9999, -9999, -9999, -9999, -9999, -9999, 65, -9999, 98, -9999, -9999, -9999, -9999, -9999, 29, -9999, -9999, 16, -9999, 94, 82, 100, 59, -9999, 28, -9999, -9999, -9999, -9999, 26, -9999, -9999, 27, 92, -9999, -9999, 1, 1, 1, 1, 1],
[-9999, -9999, -9999, -9999, -9999, 24, -9999, -9999, -9999, 87, -9999, 48, -9999, -9999, -9999, 68, -9999, -9999, -9999, 81, -9999, -9999, -9999, -9999, 97, -9999, -9999, -9999, 96, -9999, -9999, 70, -9999, -9999, -9999, -9999, -9999, 53, -9999, -9999, -9999, -9999, -9999, 72, -9999, -9999, -9999, 79, -9999, -9999, -9999, -9999, 24, -9999, -9999, -9999, -9999, -9999, -9999, -9999, 65, -9999, -9999, 50, -9999, -9999, 55, -9999, -9999, -9999, -9999, -9999, 35, -9999, 94, -9999, -9999, 18, 31, -9999, -9999, 78, 46, 38, 60, -9999, 15, -9999, 95, 85, -9999, -9999, -9999, 58, -9999, -9999, 25, 4, 15, 34, 1, 1, 1, 1, 1],
[-9999, -9999, -9999, -9999, -9999, 56, -9999, -9999, -9999, -9999, -9999, -9999, 2, 24, -9999, -9999, -9999, -9999, -9999, 22, -9999, -9999, -9999, -9999, -9999, -9999, 83, -9999, -9999, -9999, -9999, -9999, -9999, 59, -9999, -9999, -9999, -9999, -9999, -9999, -9999, -9999, -9999, -9999, -9999, -9999, -9999, -9999, -9999, -9999, -9999, -9999, -9999, -9999, -9999, -9999, -9999, -9999, -9999, 73, -9999, -9999, -9999, -9999, -9999, -9999, -9999, -9999, -9999, -9999, -9999, -9999, 83, -9999, -9999, -9999, -9999, -9999, 88, -9999, -9999, -9999, -9999, -9999, -9999, 7, -9999, -9999, -9999, -9999, -9999, -9999, -9999, -9999, -9999, -9999, -9999, 5, -9999, -9999, 1, 1, 1, 1, 1],
[-9999, -9999, -9999, -9999, -9999, 59, -9999, -9999, 34, -9999, -9999, -9999, -9999, 92, -9999, -9999, -9999, -9999, -9999, -9999, -9999, -9999, -9999, 35, 81, 65, -9999, -9999, -9999, -9999, -9999, 47, -9999, 22, -9999, 32, -9999, 67, -9999, 81, 74, 21, -9999, 66, -9999, 97, -9999, -9999, -9999, -9999, -9999, -9999, -9999, 36, 11, -9999, -9999, -9999, 1, 20, 22, 3, -9999, 61, -9999, -9999, 49, -9999, -9999, -9999, 45, 12, 24, 48, -9999, -9999, -9999, -9999, 97, -9999, -9999, 21, -9999, -9999, -9999, 32, 84, -9999, -9999, 47, -9999, -9999, -9999, -9999, -9999, -9999, 67, -9999, 39, 49, 1, 1, 1, 1, 1],
[-9999, -9999, -9999, -9999, -9999, 60, -9999, -9999, 97, -9999, -9999, 22, -9999, -9999, -9999, -9999, 31, -9999, -9999, 32, -9999, -9999, -9999, 58, -9999, 49, 93, -9999, 90, -9999, -9999, 86, -9999, -9999, -9999, -9999, -9999, 57, 29, 10, -9999, -9999, 39, -9999, 57, -9999, -9999, 21, 60, 85, 45, 50, 58, -9999, -9999, -9999, 25, 59, 6, 25, 12, 17, 81, 69, -9999, -9999, 12, 41, -9999, 87, -9999, -9999, 91, -9999, 70, -9999, -9999, 34, 91, 92, 38, 80, -9999, -9999, 89, 5, 67, -9999, 57, 77, -9999, -9999, -9999, -9999, -9999, -9999, -9999, -9999, -9999, 20, 1, 1, 1, 1, 1],
[-9999, -9999, -9999, -9999, -9999, 29, -9999, -9999, 23, -9999, -9999, 35, -9999, 14, -9999, -9999, -9999, -9999, -9999, -9999, -9999, -9999, -9999, 37, 49, 81, 27, -9999, -9999, 44, -9999, 65, -9999, -9999, -9999, 52, -9999, 18, -9999, 48, -9999, -9999, -9999, 26, 17, 73, -9999, 85, -9999, -9999, -9999, -9999, 74, 12, -9999, -9999, -9999, -9999, 10, -9999, 96, 77, -9999, -9999, -9999, -9999, -9999, -9999, -9999, -9999, -9999, 12, 8, 33, 27, -9999, -9999, 10, -9999, -9999, -9999, 1, 27, 54, 13, 87, 69, 60, -9999, 94, -9999, -9999, -9999, 28, 79, -9999, -9999, 50, 94, 86, 1, 1, 1, 1, 1],
[-9999, -9999, -9999, -9999, -9999, -9999, -9999, -9999, -9999, -9999, -9999, -9999, -9999, -9999, -9999, 16, -9999, -9999, -9999, -9999, -9999, -9999, -9999, -9999, -9999, -9999, -9999, -9999, 34, -9999, -9999, -9999, -9999, -9999, -9999, -9999, -9999, -9999, -9999, -9999, -9999, -9999, -9999, 38, -9999, -9999, -9999, -9999, -9999, -9999, -9999, -9999, -9999, -9999, -9999, -9999, -9999, -9999, -9999, -9999, -9999, -9999, -9999, -9999, -9999, -9999, -9999, -9999, -9999, -9999, -9999, -9999, 80, -9999, -9999, -9999, -9999, -9999, -9999, -9999, -9999, 19, -9999, -9999, -9999, -9999, -9999, -9999, 1, -9999, -9999, -9999, -9999, -9999, -9999, -9999, -9999, -9999, -9999, -9999, 1, 1, 1, 1, 1],
[-9999, -9999, -9999, -9999, -9999, 85, -9999, -9999, 34, -9999, 57, -9999, -9999, 48, -9999, 41, -9999, -9999, -9999, 77, -9999, -9999, -9999, 86, -9999, -9999, -9999, -9999, 82, 47, -9999, 45, -9999, -9999, 38, -9999, -9999, 68, -9999, -9999, 2, -9999, -9999, -9999, -9999, -9999, -9999, 56, -9999, -9999, -9999, -9999, 64, -9999, -9999, -9999, -9999, -9999, 55, 15, 94, 92, -9999, 47, -9999, -9999, 2, -9999, -9999, -9999, -9999, -9999, 58, -9999, 89, -9999, -9999, -9999, 5, -9999, -9999, 76, 72, 75, -9999, -9999, 9, 49, 34, -9999, -9999, -9999, -9999, 5, -9999, -9999, 93, -9999, 13, 55, 1, 1, 1, 1, 1],
[-9999, -9999, -9999, -9999, -9999, -9999, -9999, -9999, -9999, -9999, -9999, 24, -9999, -9999, -9999, 98, -9999, -9999, -9999, -9999, -9999, -9999, -9999, -9999, -9999, -9999, -9999, -9999, -9999, -9999, -9999, -9999, -9999, -9999, -9999, -9999, -9999, -9999, -9999, -9999, -9999, -9999, -9999, 92, -9999, -9999, -9999, -9999, -9999, -9999, -9999, -9999, -9999, -9999, -9999, -9999, -9999, -9999, -9999, -9999, -9999, -9999, -9999, -9999, -9999, -9999, 7, -9999, -9999, -9999, -9999, -9999, 53, -9999, -9999, -9999, -9999, -9999, -9999, -9999, -9999, 17, -9999, -9999, -9999, -9999, -9999, -9999, 22, -9999, -9999, -9999, -9999, -9999, -9999, -9999, -9999, -9999, -9999, -9999, 1, 1, 1, 1, 1],
[-9999, -9999, -9999, -9999, -9999, -9999, -9999, -9999, -9999, -9999, -9999, -9999, -9999, -9999, -9999, -9999, -9999, -9999, -9999, -9999, -9999, -9999, -9999, -9999, -9999, -9999, -9999, -9999, -9999, -9999, -9999, -9999, -9999, -9999, -9999, -9999, -9999, -9999, -9999, -9999, -9999, -9999, -9999, -9999, -9999, -9999, -9999, -9999, -9999, -9999, -9999, -9999, -9999, -9999, -9999, -9999, -9999, -9999, -9999, -9999, -9999, -9999, -9999, -9999, -9999, -9999, -9999, -9999, -9999, -9999, -9999, -9999, 12, -9999, -9999, -9999, -9999, -9999, -9999, -9999, -9999, -9999, -9999, -9999, -9999, -9999, -9999, -9999, -9999, -9999, -9999, -9999, -9999, -9999, -9999, -9999, -9999, -9999, -9999, -9999, 1, 1, 1, 1, 1],
[-9999, -9999, -9999, -9999, -9999, 53, -9999, -9999, -9999, -9999, 3, 23, -9999, 13, -9999, 82, 2, -9999, -9999, 80, -9999, -9999, -9999, -9999, -9999, -9999, 59, -9999, 65, -9999, -9999, 39, -9999, 58, -9999, -9999, -9999, -9999, -9999, -9999, 39, -9999, -9999, -9999, 12, 79, -9999, 41, -9999, -9999, 1, -9999, -9999, 87, 33, -9999, -9999, -9999, 24, -9999, 88, -9999, -9999, -9999, -9999, -9999, -9999, -9999, -9999, -9999, -9999, 16, 78, -9999, 52, -9999, -9999, 25, 69, -9999, -9999, 16, 6, -9999, 35, -9999, 1, 87, -9999, 79, -9999, -9999, -9999, 58, -9999, -9999, -9999, -9999, 62, -9999, 1, 1, 1, 1, 1],
[-9999, -9999, -9999, -9999, -9999, 47, -9999, -9999, -9999, -9999, 4, -9999, 85, 62, 2, -9999, -9999, -9999, 29, 73, -9999, -9999, -9999, -9999, -9999, -9999, 44, -9999, -9999, -9999, -9999, -9999, -9999, -9999, -9999, -9999, -9999, -9999, -9999, -9999, -9999, -9999, -9999, -9999, -9999, -9999, -9999, -9999, 12, 13, 21, -9999, -9999, -9999, -9999, -9999, 48, 19, -9999, 40, -9999, 45, -9999, -9999, 90, -9999, -9999, -9999, 22, -9999, 83, -9999, 77, -9999, 51, -9999, -9999, -9999, -9999, -9999, -9999, -9999, -9999, -9999, 7, 17, -9999, -9999, -9999, -9999, -9999, -9999, -9999, -9999, -9999, -9999, 6, 84, -9999, -9999, 1, 1, 1, 1, 1],
[-9999, -9999, -9999, -9999, -9999, -9999, -9999, -9999, -9999, -9999, -9999, -9999, -9999, -9999, -9999, -9999, -9999, -9999, -9999, -9999, -9999, -9999, -9999, -9999, -9999, -9999, -9999, -9999, 93, -9999, -9999, -9999, -9999, -9999, -9999, -9999, -9999, -9999, -9999, -9999, -9999, -9999, -9999, 42, -9999, -9999, -9999, -9999, -9999, -9999, -9999, -9999, -9999, -9999, -9999, -9999, -9999, -9999, -9999, -9999, -9999, -9999, -9999, -9999, -9999, -9999, 20, -9999, -9999, -9999, -9999, -9999, 7, -9999, -9999, -9999, -9999, -9999, -9999, -9999, -9999, 81, -9999, -9999, -9999, -9999, -9999, -9999, 80, -9999, -9999, -9999, -9999, -9999, -9999, -9999, -9999, -9999, -9999, -9999, 1, 1, 1, 1, 1],
[-9999, -9999, -9999, -9999, -9999, -9999, -9999, -9999, -9999, -9999, -9999, -9999, -9999, -9999, -9999, -9999, -9999, -9999, -9999, -9999, -9999, -9999, -9999, -9999, -9999, -9999, -9999, -9999, -9999, -9999, -9999, -9999, -9999, -9999, -9999, -9999, -9999, -9999, -9999, -9999, -9999, -9999, -9999, -9999, -9999, -9999, -9999, -9999, -9999, -9999, -9999, -9999, -9999, -9999, -9999, -9999, -9999, -9999, -9999, -9999, -9999, -9999, -9999, -9999, -9999, -9999, -9999, -9999, -9999, -9999, -9999, -9999, 4, -9999, -9999, -9999, -9999, -9999, -9999, -9999, -9999, -9999, -9999, -9999, -9999, -9999, -9999, -9999, -9999, -9999, -9999, -9999, -9999, -9999, -9999, -9999, -9999, -9999, -9999, -9999, 1, 1, 1, 1, 1],
[-9999, -9999, -9999, -9999, -9999, 11, -9999, -9999, -9999, -9999, 88, -9999, -9999, -9999, -9999, -9999, -9999, -9999, -9999, 39, -9999, -9999, -9999, -9999, -9999, -9999, 81, -9999, -9999, -9999, -9999, -9999, -9999, -9999, -9999, -9999, -9999, 30, -9999, -9999, -9999, -9999, -9999, -9999, -9999, -9999, -9999, -9999, -9999, -9999, -9999, -9999, -9999, -9999, 96, -9999, -9999, -9999, -9999, -9999, -9999, 100, -9999, -9999, -9999, -9999, -9999, -9999, -9999, -9999, 81, -9999, 9, -9999, 8, -9999, -9999, -9999, 16, -9999, 36, -9999, -9999, -9999, -9999, 100, -9999, -9999, -9999, -9999, -9999, -9999, -9999, -9999, -9999, -9999, 54, 50, -9999, -9999, 1, 1, 1, 1, 1],
[-9999, -9999, -9999, -9999, -9999, -9999, -9999, -9999, -9999, -9999, 61, -9999, -9999, 40, -9999, -9999, -9999, -9999, -9999, 63, -9999, -9999, -9999, -9999, -9999, -9999, -9999, -9999, -9999, -9999, -9999, -9999, -9999, 45, -9999, -9999, -9999, 87, -9999, -9999, -9999, -9999, -9999, -9999, -9999, -9999, -9999, -9999, -9999, -9999, 41, -9999, -9999, -9999, 41, -9999, -9999, -9999, 69, 65, -9999, 17, -9999, -9999, -9999, -9999, -9999, -9999, -9999, -9999, 94, -9999, 49, -9999, -9999, -9999, -9999, -9999, 64, -9999, 92, -9999, -9999, -9999, 86, 74, -9999, -9999, -9999, -9999, -9999, -9999, -9999, -9999, -9999, -9999, 81, 29, -9999, -9999, 1, 1, 1, 1, 1],
[-9999, -9999, -9999, -9999, -9999, -9999, -9999, -9999, 20, -9999, 85, -9999, 56, 56, -9999, 78, -9999, -9999, -9999, -9999, -9999, -9999, -9999, -9999, 57, -9999, -9999, -9999, -9999, 20, -9999, 63, -9999, -9999, -9999, -9999, -9999, -9999, -9999, -9999, -9999, 4, -9999, 38, 59, 30, -9999, 27, -9999, -9999, 8, 78, 19, -9999, 56, -9999, -9999, -9999, -9999, -9999, -9999, 1, -9999, 12, -9999, -9999, 94, -9999, -9999, -9999, -9999, 70, 28, 58, 72, -9999, 6, -9999, -9999, -9999, 91, 14, 49, 38, 81, -9999, 37, -9999, 48, 7, -9999, -9999, -9999, -9999, -9999, -9999, 22, 58, -9999, -9999, 1, 1, 1, 1, 1],
[-9999, -9999, -9999, -9999, -9999, -9999, -9999, -9999, -9999, -9999, -9999, -9999, -9999, -9999, -9999, -9999, -9999, -9999, -9999, -9999, -9999, -9999, -9999, -9999, -9999, -9999, -9999, -9999, -9999, -9999, -9999, -9999, -9999, -9999, -9999, -9999, -9999, -9999, -9999, -9999, -9999, -9999, -9999, -9999, -9999, -9999, -9999, -9999, -9999, -9999, -9999, -9999, -9999, -9999, -9999, -9999, -9999, 53, -9999, -9999, -9999, -9999, -9999, -9999, -9999, -9999, -9999, -9999, -9999, -9999, -9999, -9999, 19, -9999, -9999, -9999, -9999, -9999, -9999, -9999, -9999, -9999, -9999, -9999, -9999, -9999, -9999, -9999, -9999, -9999, -9999, -9999, -9999, -9999, -9999, -9999, -9999, -9999, -9999, -9999, 1, 1, 1, 1, 1],
[-9999, -9999, -9999, -9999, -9999, -9999, 23, -9999, -9999, -9999, -9999, -9999, -9999, -9999, -9999, -9999, -9999, -9999, -9999, -9999, -9999, -9999, -9999, -9999, -9999, -9999, -9999, -9999, -9999, -9999, -9999, -9999, -9999, -9999, -9999, -9999, -9999, -9999, -9999, -9999, -9999, -9999, -9999, -9999, -9999, -9999, -9999, -9999, -9999, -9999, -9999, -9999, -9999, -9999, -9999, -9999, -9999, -9999, -9999, -9999, -9999, -9999, -9999, -9999, -9999, -9999, -9999, -9999, -9999, -9999, -9999, -9999, 29, -9999, -9999, -9999, -9999, -9999, -9999, -9999, -9999, -9999, -9999, -9999, -9999, -9999, -9999, -9999, -9999, -9999, -9999, -9999, -9999, -9999, -9999, -9999, -9999, -9999, -9999, -9999, 1, 1, 1, 1, 1],
[-9999, -9999, -9999, -9999, -9999, 44, -9999, -9999, -9999, -9999, 27, -9999, -9999, -9999, 32, -9999, -9999, -9999, -9999, 23, -9999, -9999, -9999, -9999, -9999, -9999, -9999, -9999, -9999, -9999, -9999, -9999, -9999, 75, -9999, -9999, -9999, 34, -9999, -9999, -9999, -9999, -9999, -9999, -9999, -9999, -9999, -9999, 5, -9999, -9999, -9999, -9999, -9999, 76, -9999, -9999, -9999, 93, -9999, -9999, -9999, -9999, -9999, 35, -9999, -9999, -9999, -9999, -9999, 33, -9999, 43, -9999, 10, -9999, -9999, -9999, 32, -9999, -9999, -9999, -9999, -9999, 86, -9999, -9999, -9999, -9999, -9999, -9999, 22, -9999, -9999, -9999, -9999, -9999, 73, -9999, -9999, 1, 1, 1, 1, 1],
[-9999, -9999, -9999, -9999, -9999, -9999, -9999, -9999, 29, -9999, 39, -9999, -9999, -9999, -9999, -9999, -9999, -9999, -9999, 7, -9999, -9999, -9999, -9999, -9999, -9999, 85, -9999, 51, -9999, -9999, -9999, -9999, -9999, -9999, 22, -9999, 99, -9999, -9999, -9999, 43, -9999, 72, -9999, 64, -9999, 74, -9999, -9999, -9999, 14, 26, -9999, 27, -9999, -9999, -9999, 98, -9999, -9999, 14, -9999, -9999, -9999, -9999, -9999, -9999, -9999, -9999, 96, 72, 29, -9999, -9999, -9999, -9999, -9999, 72, -9999, -9999, 27, 67, -9999, -9999, 81, 98, -9999, 33, -9999, -9999, -9999, 38, 96, -9999, -9999, 29, 20, -9999, 100, 1, 1, 1, 1, 1],
[-9999, -9999, -9999, -9999, -9999, 12, -9999, -9999, 1, -9999, -9999, -9999, -9999, -9999, -9999, 29, 62, -9999, -9999, 86, -9999, -9999, -9999, 12, 38, -9999, 4, -9999, -9999, -9999, -9999, -9999, -9999, -9999, -9999, 66, -9999, 8, -9999, -9999, 17, -9999, -9999, 15, 90, 69, -9999, 20, -9999, -9999, -9999, 26, 17, 66, 72, -9999, -9999, -9999, 96, 77, -9999, 60, -9999, -9999, -9999, -9999, 67, -9999, -9999, -9999, -9999, 19, -9999, -9999, 95, 60, -9999, 53, 57, -9999, -9999, 93, 21, 34, 12, 91, 28, 17, 42, 12, -9999, -9999, -9999, 58, 31, -9999, 13, 99, 12, 80, 1, 1, 1, 1, 1],
[-9999, -9999, -9999, -9999, -9999, -9999, 69, 69, -9999, -9999, 82, 17, -9999, 24, 3, 20, 99, -9999, 24, 8, -9999, -9999, -9999, -9999, -9999, 48, -9999, -9999, -9999, 51, -9999, 49, 73, -9999, -9999, -9999, -9999, -9999, 22, -9999, 75, 71, -9999, 59, 7, -9999, 56, 1, 18, 12, 95, -9999, 100, 8, 70, -9999, -9999, 81, -9999, -9999, 78, 2, 51, -9999, 88, 44, 95, 75, -9999, -9999, 75, -9999, 54, 12, -9999, -9999, -9999, 7, 4, 86, -9999, 57, 86, -9999, 3, 83, 53, 18, -9999, 92, -9999, 77, -9999, 8, -9999, -9999, 93, 20, 49, 2, 1, 1, 1, 1, 1],
[-9999, -9999, -9999, -9999, -9999, 92, -9999, -9999, -9999, -9999, 95, -9999, -9999, -9999, 87, -9999, -9999, -9999, 88, 17, -9999, -9999, -9999, -9999, -9999, -9999, 66, -9999, -9999, -9999, -9999, -9999, -9999, -9999, -9999, -9999, -9999, 67, -9999, -9999, -9999, -9999, -9999, -9999, -9999, -9999, -9999, -9999, 28, -9999, -9999, -9999, -9999, -9999, 19, -9999, -9999, 61, 80, 27, -9999, -9999, -9999, -9999, 64, -9999, -9999, -9999, -9999, -9999, 30, -9999, -9999, -9999, -9999, -9999, -9999, -9999, 65, -9999, -9999, -9999, -9999, -9999, 62, 31, -9999, -9999, -9999, -9999, -9999, 14, -9999, -9999, -9999, -9999, -9999, 17, -9999, -9999, 1, 1, 1, 1, 1],
[-9999, -9999, -9999, -9999, -9999, 36, 49, -9999, -9999, -9999, 14, -9999, -9999, 67, 24, -9999, -9999, -9999, -9999, 62, 91, -9999, -9999, -9999, 80, -9999, -9999, 88, 39, 50, -9999, 51, 76, -9999, -9999, 14, -9999, 100, -9999, -9999, -9999, -9999, 34, 83, 30, 48, -9999, -9999, 9, -9999, -9999, -9999, 6, 100, -9999, -9999, 4, -9999, 47, 29, -9999, 31, 47, 72, -9999, 12, -9999, -9999, -9999, 58, -9999, 58, 84, -9999, 14, -9999, -9999, 92, 3, 31, -9999, 47, 52, 66, 57, -9999, 98, 21, -9999, -9999, -9999, -9999, -9999, 6, -9999, -9999, 58, -9999, 36, 2, 1, 1, 1, 1, 1],
[-9999, -9999, -9999, -9999, -9999, 72, 63, -9999, -9999, -9999, -9999, -9999, -9999, -9999, 16, -9999, -9999, -9999, -9999, 3, -9999, -9999, -9999, -9999, -9999, -9999, 57, -9999, -9999, -9999, -9999, -9999, -9999, 32, -9999, -9999, -9999, 16, -9999, -9999, -9999, -9999, -9999, -9999, -9999, -9999, -9999, -9999, 69, 81, -9999, -9999, -9999, -9999, -9999, -9999, 89, 88, -9999, -9999, -9999, -9999, -9999, -9999, 43, -9999, -9999, -9999, -9999, -9999, -9999, -9999, 97, -9999, -9999, -9999, -9999, -9999, -9999, -9999, -9999, -9999, -9999, -9999, -9999, -9999, -9999, -9999, -9999, -9999, -9999, -9999, -9999, -9999, -9999, 98, -9999, -9999, -9999, -9999, 1, 1, 1, 1, 1],
[-9999, -9999, -9999, -9999, -9999, 12, 9, -9999, -9999, -9999, 37, -9999, -9999, 18, 56, -9999, -9999, -9999, -9999, -9999, -9999, -9999, -9999, -9999, -9999, -9999, -9999, -9999, -9999, -9999, -9999, -9999, -9999, 72, -9999, -9999, -9999, -9999, -9999, -9999, -9999, -9999, -9999, -9999, -9999, -9999, -9999, -9999, -9999, 82, 53, -9999, -9999, -9999, 100, -9999, 75, -9999, 54, 32, -9999, 43, -9999, -9999, -9999, -9999, -9999, -9999, -9999, -9999, 100, -9999, 94, -9999, 20, -9999, -9999, -9999, 56, -9999, -9999, -9999, -9999, -9999, -9999, 49, -9999, -9999, -9999, -9999, -9999, -9999, -9999, -9999, -9999, -9999, 89, -9999, -9999, -9999, 1, 1, 1, 1, 1],
[-9999, -9999, -9999, -9999, -9999, -9999, -9999, -9999, -9999, -9999, -9999, -9999, -9999, 69, -9999, -9999, -9999, -9999, -9999, -9999, -9999, -9999, -9999, -9999, -9999, -9999, -9999, -9999, -9999, -9999, -9999, -9999, -9999, -9999, -9999, -9999, -9999, 39, -9999, -9999, -9999, -9999, -9999, -9999, -9999, -9999, -9999, -9999, -9999, -9999, 47, -9999, -9999, -9999, -9999, -9999, -9999, -9999, 47, 83, -9999, 50, -9999, -9999, -9999, -9999, -9999, -9999, -9999, -9999, -9999, -9999, 87, -9999, 97, -9999, -9999, -9999, -9999, -9999, -9999, -9999, -9999, -9999, -9999, -9999, -9999, -9999, -9999, -9999, 22, -9999, -9999, -9999, -9999, -9999, -9999, 90, -9999, -9999, 1, 1, 1, 1, 1],
[-9999, -9999, -9999, -9999, -9999, 51, -9999, -9999, -9999, -9999, 34, -9999, -9999, 74, -9999, -9999, -9999, -9999, -9999, -9999, -9999, -9999, -9999, -9999, -9999, -9999, 21, -9999, -9999, -9999, -9999, -9999, -9999, 10, -9999, -9999, -9999, 78, -9999, -9999, -9999, -9999, -9999, -9999, -9999, -9999, -9999, -9999, -9999, -9999, 32, -9999, -9999, -9999, 51, -9999, -9999, -9999, 2, 85, -9999, 15, -9999, -9999, -9999, -9999, -9999, -9999, 63, -9999, -9999, -9999, 38, -9999, 68, -9999, -9999, -9999, 74, -9999, -9999, -9999, -9999, -9999, 6, 69, -9999, -9999, -9999, -9999, -9999, -9999, -9999, -9999, -9999, -9999, -9999, 48, -9999, -9999, 1, 1, 1, 1, 1],
[-9999, -9999, -9999, -9999, -9999, 96, -9999, -9999, -9999, -9999, 35, -9999, -9999, 35, -9999, -9999, -9999, -9999, -9999, -9999, -9999, -9999, -9999, -9999, -9999, -9999, 51, -9999, -9999, -9999, -9999, -9999, -9999, -9999, -9999, -9999, -9999, -9999, -9999, -9999, -9999, -9999, -9999, -9999, -9999, -9999, -9999, -9999, -9999, -9999, -9999, -9999, -9999, -9999, -9999, -9999, -9999, -9999, 11, 23, -9999, 36, -9999, -9999, -9999, -9999, -9999, -9999, -9999, -9999, 100, -9999, 69, -9999, -9999, -9999, -9999, -9999, -9999, -9999, -9999, -9999, -9999, -9999, 37, 61, -9999, -9999, -9999, -9999, 69, -9999, -9999, -9999, -9999, -9999, -9999, -9999, -9999, -9999, 1, 1, 1, 1, 1],
[-9999, -9999, -9999, -9999, -9999, 46, -9999, -9999, -9999, -9999, 51, -9999, -9999, 10, -9999, -9999, -9999, -9999, -9999, -9999, -9999, -9999, -9999, -9999, -9999, -9999, 21, -9999, -9999, -9999, -9999, -9999, -9999, -9999, -9999, -9999, -9999, 93, -9999, -9999, -9999, -9999, -9999, -9999, -9999, -9999, -9999, -9999, -9999, -9999, -9999, -9999, -9999, -9999, 97, -9999, -9999, -9999, 48, 92, -9999, -9999, -9999, -9999, -9999, -9999, -9999, -9999, -9999, -9999, 63, -9999, 14, -9999, -9999, -9999, -9999, -9999, 8, -9999, -9999, -9999, -9999, -9999, -9999, 73, -9999, -9999, -9999, -9999, -9999, -9999, -9999, -9999, -9999, -9999, -9999, 86, -9999, -9999, 1, 1, 1, 1, 1],
[-9999, -9999, -9999, -9999, -9999, -9999, -9999, -9999, -9999, -9999, -9999, 57, -9999, -9999, -9999, 85, -9999, -9999, -9999, -9999, -9999, -9999, -9999, -9999, -9999, -9999, -9999, -9999, -9999, -9999, -9999, -9999, -9999, -9999, -9999, -9999, -9999, -9999, -9999, -9999, -9999, -9999, -9999, 40, -9999, -9999, -9999, -9999, -9999, -9999, -9999, -9999, -9999, -9999, -9999, -9999, -9999, -9999, -9999, -9999, -9999, -9999, -9999, -9999, -9999, -9999, 62, -9999, -9999, -9999, -9999, -9999, 97, -9999, -9999, -9999, -9999, -9999, -9999, -9999, -9999, 43, -9999, -9999, -9999, -9999, -9999, -9999, 69, -9999, -9999, -9999, -9999, -9999, -9999, -9999, -9999, -9999, -9999, -9999, 1, 1, 1, 1, 1],
[-9999, -9999, -9999, -9999, -9999, 56, -9999, -9999, 43, -9999, -9999, -9999, -9999, -9999, -9999, -9999, 11, -9999, -9999, 9, -9999, -9999, -9999, 89, 68, 12, 34, -9999, 59, -9999, -9999, 20, -9999, 10, -9999, 9, -9999, 14, -9999, -9999, 9, 46, -9999, 98, 91, 45, -9999, -9999, -9999, -9999, -9999, 62, 31, 24, 77, -9999, -9999, -9999, -9999, 60, 88, -9999, -9999, 67, -9999, -9999, -9999, -9999, -9999, -9999, -9999, -9999, 68, 68, -9999, -9999, -9999, -9999, -9999, -9999, -9999, -9999, -9999, -9999, -9999, 15, 28, 3, 70, 18, -9999, -9999, -9999, 78, 1, -9999, -9999, -9999, 31, -9999, 1, 1, 1, 1, 1],
[-9999, -9999, -9999, -9999, -9999, 5, -9999, -9999, 10, 88, -9999, -9999, -9999, -9999, -9999, 74, 58, -9999, -9999, 46, -9999, -9999, -9999, 80, 30, 57, -9999, -9999, 21, 53, -9999, 50, -9999, 99, -9999, -9999, -9999, 88, -9999, -9999, -9999, 23, -9999, 50, 79, -9999, -9999, -9999, -9999, -9999, 51, 45, 7, 49, 77, -9999, -9999, -9999, 87, 91, -9999, -9999, -9999, -9999, -9999, -9999, -9999, -9999, -9999, -9999, -9999, 37, 73, -9999, 59, -9999, -9999, 41, 41, -9999, -9999, 12, -9999, 25, -9999, 58, 30, 38, 79, 3, -9999, -9999, -9999, 26, -9999, -9999, -9999, 91, 14, -9999, 1, 1, 1, 1, 1],
[-9999, -9999, -9999, -9999, -9999, 80, -9999, -9999, -9999, -9999, 81, -9999, -9999, 4, -9999, -9999, -9999, -9999, -9999, 30, -9999, -9999, -9999, -9999, -9999, -9999, 60, -9999, -9999, -9999, -9999, -9999, -9999, 16, -9999, -9999, -9999, -9999, -9999, -9999, -9999, -9999, -9999, -9999, -9999, -9999, -9999, -9999, -9999, -9999, -9999, -9999, -9999, -9999, -9999, -9999, -9999, -9999, 41, -9999, -9999, -9999, -9999, -9999, -9999, -9999, -9999, -9999, -9999, -9999, -9999, -9999, 78, -9999, 13, -9999, -9999, -9999, 100, -9999, -9999, -9999, -9999, -9999, 29, -9999, -9999, -9999, -9999, -9999, -9999, -9999, -9999, -9999, -9999, -9999, 85, -9999, -9999, -9999, 1, 1, 1, 1, 1],
[-9999, -9999, -9999, -9999, -9999, 12, -9999, -9999, -9999, -9999, 62, 39, -9999, -9999, -9999, 57, 37, -9999, -9999, 76, -9999, 45, -9999, -9999, 14, 13, 93, -9999, 58, 90, -9999, -9999, -9999, 72, -9999, -9999, -9999, 85, -9999, 96, 13, -9999, -9999, 97, -9999, 2, -9999, -9999, -9999, -9999, 55, 46, 93, -9999, -9999, -9999, -9999, -9999, -9999, 5, -9999, 87, -9999, -9999, -9999, -9999, 23, -9999, -9999, -9999, -9999, -9999, 22, -9999, -9999, 5, -9999, 54, 37, -9999, -9999, 80, -9999, 6, -9999, 55, 98, -9999, -9999, 81, -9999, -9999, 75, 28, -9999, -9999, 88, 81, 69, 23, 1, 1, 1, 1, 1],
[-9999, -9999, -9999, -9999, -9999, -9999, -9999, -9999, -9999, -9999, -9999, -9999, -9999, -9999, -9999, -9999, -9999, -9999, -9999, -9999, -9999, -9999, -9999, -9999, -9999, -9999, -9999, -9999, 45, -9999, -9999, -9999, -9999, -9999, -9999, -9999, -9999, -9999, -9999, -9999, -9999, -9999, -9999, 41, -9999, -9999, -9999, -9999, -9999, -9999, -9999, -9999, -9999, -9999, -9999, -9999, -9999, -9999, -9999, -9999, -9999, -9999, -9999, -9999, -9999, -9999, -9999, -9999, -9999, -9999, -9999, -9999, 65, -9999, -9999, -9999, 89, -9999, -9999, -9999, -9999, 89, -9999, -9999, -9999, -9999, -9999, -9999, 60, -9999, -9999, -9999, -9999, -9999, -9999, -9999, -9999, -9999, -9999, -9999, 1, 1, 1, 1, 1],
[-9999, -9999, -9999, -9999, -9999, -9999, -9999, -9999, 79, -9999, -9999, 9, -9999, 8, -9999, -9999, 16, -9999, -9999, 25, -9999, -9999, -9999, 63, 14, 73, -9999, -9999, 7, 56, -9999, 64, -9999, 64, -9999, 7, 82, -9999, -9999, -9999, 86, -9999, -9999, 52, 71, -9999, -9999, -9999, -9999, -9999, 8, 60, 72, 51, -9999, -9999, -9999, -9999, 10, -9999, 80, 38, -9999, -9999, -9999, -9999, 41, -9999, 47, -9999, 94, 20, 1, 65, 19, -9999, -9999, 93, 50, -9999, -9999, 55, -9999, 91, -9999, -9999, -9999, -9999, 26, -9999, 31, -9999, -9999, 39, -9999, -9999, 41, -9999, -9999, -9999, 1, 1, 1, 1, 1],
[-9999, -9999, -9999, -9999, -9999, 84, -9999, -9999, -9999, -9999, 1, 74, -9999, 72, -9999, 7, -9999, -9999, -9999, 7, -9999, -9999, -9999, 69, -9999, -9999, -9999, -9999, 16, 61, -9999, 94, -9999, 67, -9999, 41, -9999, 58, -9999, -9999, 36, 10, -9999, 73, -9999, -9999, -9999, 82, -9999, -9999, -9999, -9999, 31, 6, -9999, -9999, -9999, -9999, 54, 41, -9999, 96, -9999, 61, -9999, -9999, 86, -9999, -9999, -9999, -9999, 99, 57, 67, -9999, 100, -9999, -9999, -9999, -9999, -9999, 63, 49, -9999, -9999, -9999, 100, -9999, -9999, 19, -9999, -9999, -9999, 62, 25, -9999, -9999, -9999, 58, 54, 1, 1, 1, 1, 1],
[-9999, -9999, -9999, -9999, -9999, -9999, -9999, -9999, -9999, -9999, 74, -9999, -9999, -9999, -9999, -9999, 79, -9999, -9999, 5, -9999, -9999, -9999, 71, -9999, 59, 93, -9999, -9999, 11, -9999, 50, -9999, 68, -9999, 11, -9999, -9999, -9999, -9999, -9999, 44, -9999, 42, 88, 31, -9999, 48, -9999, -9999, 68, 29, 99, 93, 59, -9999, -9999, -9999, 86, -9999, 65, 96, -9999, -9999, -9999, -9999, -9999, -9999, -9999, -9999, 21, -9999, 32, -9999, 27, -9999, -9999, 2, -9999, -9999, -9999, 6, -9999, 19, 88, 90, 76, 52, -9999, -9999, -9999, -9999, -9999, -9999, 86, -9999, 20, -9999, -9999, -9999, 1, 1, 1, 1, 1],
[-9999, -9999, -9999, -9999, -9999, 14, -9999, -9999, -9999, -9999, 35, -9999, -9999, 35, -9999, -9999, -9999, -9999, -9999, 94, -9999, -9999, -9999, -9999, -9999, -9999, -9999, -9999, -9999, -9999, -9999, -9999, -9999, -9999, -9999, -9999, -9999, -9999, -9999, -9999, -9999, -9999, -9999, -9999, -9999, -9999, -9999, -9999, -9999, -9999, 51, -9999, -9999, -9999, 7, -9999, -9999, -9999, 61, -9999, -9999, 71, -9999, -9999, -9999, -9999, -9999, -9999, -9999, -9999, -9999, -9999, 58, -9999, -9999, -9999, -9999, -9999, 28, -9999, 7, -9999, -9999, -9999, 93, -9999, -9999, -9999, -9999, -9999, -9999, -9999, -9999, -9999, -9999, -9999, -9999, -9999, -9999, -9999, 1, 1, 1, 1, 1],
[-9999, -9999, -9999, -9999, -9999, 7, -9999, -9999, -9999, -9999, -9999, -9999, -9999, 1, -9999, -9999, -9999, -9999, -9999, -9999, -9999, -9999, -9999, -9999, -9999, -9999, 8, -9999, -9999, -9999, -9999, -9999, -9999, -9999, -9999, -9999, -9999, 53, -9999, -9999, -9999, -9999, -9999, -9999, -9999, -9999, -9999, -9999, -9999, -9999, 70, -9999, -9999, -9999, 45, -9999, -9999, -9999, 19, 4, -9999, 13, -9999, -9999, -9999, -9999, -9999, -9999, -9999, -9999, -9999, -9999, 23, -9999, 22, -9999, -9999, -9999, -9999, -9999, -9999, -9999, -9999, -9999, -9999, 82, -9999, -9999, -9999, -9999, -9999, -9999, -9999, -9999, -9999, -9999, -9999, 50, -9999, -9999, 1, 1, 1, 1, 1],
[-9999, -9999, -9999, -9999, -9999, 37, -9999, -9999, -9999, -9999, 50, 73, -9999, 85, 66, 69, 50, 38, 92, -9999, -9999, -9999, -9999, -9999, 47, 7, 84, -9999, 25, -9999, -9999, 71, 6, 87, -9999, -9999, -9999, 1, -9999, -9999, -9999, 75, -9999, 54, 26, -9999, 7, 89, 45, -9999, -9999, 72, 15, -9999, 73, -9999, 68, -9999, -9999, -9999, -9999, -9999, -9999, 32, -9999, -9999, -9999, 4, -9999, 66, -9999, 43, 77, 84, 15, -9999, -9999, -9999, 7, -9999, -9999, 84, -9999, -9999, -9999, -9999, 99, 91, 81, -9999, -9999, -9999, -9999, -9999, -9999, -9999, 77, 92, 74, 100, 1, 1, 1, 1, 1],
[-9999, -9999, -9999, -9999, -9999, 36, -9999, -9999, -9999, -9999, 7, -9999, -9999, 69, 63, -9999, -9999, -9999, -9999, 13, -9999, -9999, -9999, -9999, -9999, -9999, 93, -9999, -9999, -9999, -9999, -9999, -9999, -9999, -9999, -9999, -9999, -9999, -9999, -9999, -9999, -9999, -9999, -9999, -9999, -9999, -9999, -9999, 27, -9999, 12, -9999, -9999, -9999, 52, -9999, -9999, 39, 47, 64, -9999, 22, -9999, -9999, -9999, -9999, -9999, -9999, -9999, -9999, 88, -9999, 99, -9999, 33, -9999, -9999, -9999, 55, -9999, -9999, -9999, -9999, -9999, 22, -9999, -9999, -9999, -9999, -9999, -9999, -9999, -9999, -9999, -9999, -9999, -9999, 49, -9999, -9999, 1, 1, 1, 1, 1],
[-9999, -9999, -9999, -9999, -9999, -9999, -9999, -9999, -9999, -9999, -9999, -9999, -9999, 74, -9999, -9999, -9999, -9999, -9999, 72, -9999, -9999, -9999, -9999, -9999, -9999, -9999, -9999, -9999, -9999, -9999, -9999, -9999, 47, -9999, -9999, -9999, 18, -9999, -9999, -9999, -9999, -9999, -9999, -9999, -9999, -9999, -9999, -9999, -9999, -9999, -9999, -9999, -9999, 38, -9999, -9999, -9999, -9999, 82, -9999, 61, -9999, -9999, -9999, -9999, -9999, -9999, -9999, -9999, -9999, -9999, 99, -9999, 42, -9999, -9999, -9999, -9999, -9999, -9999, -9999, -9999, -9999, 10, -9999, -9999, -9999, -9999, -9999, -9999, -9999, -9999, -9999, -9999, -9999, -9999, 90, -9999, -9999, 1, 1, 1, 1, 1],
[-9999, -9999, -9999, -9999, -9999, 38, 43, -9999, -9999, -9999, 48, -9999, -9999, 91, 86, -9999, -9999, -9999, -9999, -9999, -9999, -9999, -9999, -9999, -9999, -9999, -9999, -9999, -9999, -9999, -9999, -9999, -9999, 20, -9999, -9999, -9999, -9999, -9999, -9999, -9999, -9999, -9999, -9999, -9999, -9999, -9999, -9999, 96, 38, 9, -9999, -9999, -9999, -9999, -9999, -9999, 94, 1, 82, -9999, -9999, -9999, -9999, -9999, -9999, -9999, -9999, -9999, -9999, -9999, -9999, 33, -9999, 70, -9999, -9999, -9999, 87, -9999, -9999, -9999, -9999, -9999, -9999, 59, -9999, -9999, -9999, -9999, -9999, 21, -9999, -9999, -9999, -9999, 25, -9999, -9999, -9999, 1, 1, 1, 1, 1],
[-9999, -9999, -9999, -9999, -9999, -9999, -9999, -9999, 59, -9999, -9999, -9999, 27, 100, -9999, 98, 11, -9999, -9999, 22, -9999, -9999, -9999, 17, 47, -9999, 17, -9999, 23, 39, -9999, 50, -9999, -9999, -9999, 14, -9999, 12, -9999, -9999, -9999, 57, -9999, -9999, -9999, 98, -9999, 100, -9999, -9999, -9999, -9999, 24, -9999, 42, -9999, -9999, -9999, 41, -9999, 87, 3, -9999, 64, -9999, -9999, 49, -9999, -9999, -9999, -9999, -9999, 98, 71, 38, -9999, -9999, 24, -9999, -9999, -9999, 9, 95, -9999, 60, -9999, 48, -9999, -9999, -9999, -9999, -9999, -9999, 55, 20, -9999, 73, -9999, -9999, -9999, 1, 1, 1, 1, 1],
[-9999, -9999, -9999, -9999, -9999, -9999, -9999, -9999, -9999, 43, 61, -9999, -9999, -9999, -9999, -9999, 68, -9999, -9999, 88, -9999, -9999, -9999, -9999, -9999, 100, 60, -9999, 51, 32, -9999, 15, -9999, 26, -9999, -9999, 6, 63, -9999, -9999, 49, 24, -9999, -9999, 45, 24, 99, -9999, -9999, -9999, 12, 79, 93, -9999, -9999, -9999, -9999, -9999, 73, 50, -9999, -9999, -9999, 70, -9999, -9999, -9999, -9999, 92, -9999, 20, -9999, 51, 34, -9999, -9999, -9999, 85, 47, -9999, -9999, 58, -9999, 42, -9999, -9999, 59, 23, 7, 6, -9999, -9999, 4, 99, 63, -9999, -9999, 76, 33, 79, 1, 1, 1, 1, 1],
[-9999, -9999, -9999, -9999, -9999, 96, -9999, -9999, 92, -9999, 88, 27, -9999, -9999, -9999, -9999, 47, -9999, -9999, 80, -9999, -9999, -9999, 100, 11, -9999, 43, -9999, -9999, -9999, -9999, -9999, -9999, 20, 8, 4, -9999, 86, -9999, -9999, 87, 75, -9999, 27, -9999, 45, -9999, 46, -9999, -9999, -9999, 55, 60, -9999, -9999, -9999, -9999, -9999, 15, 93, 81, 43, -9999, 71, -9999, -9999, -9999, -9999, -9999, -9999, 95, -9999, 5, -9999, -9999, -9999, -9999, 54, -9999, -9999, -9999, 95, 57, -9999, 67, -9999, 8, -9999, 94, 83, -9999, -9999, -9999, -9999, -9999, -9999, 11, -9999, -9999, 45, 1, 1, 1, 1, 1],
[-9999, -9999, -9999, -9999, -9999, -9999, -9999, -9999, -9999, -9999, 97, -9999, -9999, 66, -9999, -9999, -9999, -9999, -9999, 21, -9999, -9999, -9999, -9999, -9999, -9999, 24, -9999, -9999, -9999, -9999, -9999, -9999, 29, -9999, -9999, -9999, 53, -9999, -9999, -9999, -9999, -9999, -9999, -9999, -9999, -9999, -9999, -9999, -9999, -9999, -9999, -9999, -9999, -9999, -9999, -9999, -9999, -9999, -9999, -9999, 56, -9999, -9999, -9999, -9999, -9999, -9999, -9999, -9999, 19, -9999, 46, -9999, 69, -9999, -9999, -9999, 54, -9999, -9999, -9999, -9999, -9999, 22, -9999, -9999, -9999, -9999, -9999, -9999, -9999, -9999, -9999, -9999, -9999, 70, 19, -9999, -9999, 1, 1, 1, 1, 1],
[-9999, -9999, -9999, -9999, -9999, 61, -9999, -9999, 81, -9999, -9999, -9999, -9999, 44, -9999, 78, 98, -9999, -9999, -9999, -9999, -9999, -9999, 26, 11, 77, 57, -9999, -9999, 70, -9999, 86, -9999, 39, -9999, 54, -9999, 4, -9999, -9999, 74, -9999, -9999, 85, -9999, -9999, -9999, 39, -9999, -9999, -9999, 98, 22, -9999, -9999, -9999, -9999, -9999, -9999, 20, 43, -9999, -9999, -9999, -9999, -9999, -9999, -9999, -9999, -9999, 63, 90, 91, 42, -9999, -9999, -9999, 94, 62, -9999, -9999, 31, 74, -9999, 38, 69, 24, -9999, 4, 91, -9999, -9999, -9999, -9999, 7, -9999, 25, -9999, -9999, -9999, 1, 1, 1, 1, 1],
[-9999, -9999, -9999, -9999, -9999, -9999, -9999, -9999, -9999, -9999, -9999, -9999, -9999, -9999, -9999, -9999, -9999, -9999, -9999, -9999, -9999, -9999, -9999, -9999, -9999, -9999, -9999, -9999, -9999, -9999, -9999, -9999, -9999, -9999, -9999, -9999, -9999, -9999, -9999, -9999, -9999, -9999, -9999, -9999, -9999, -9999, -9999, -9999, -9999, -9999, -9999, -9999, -9999, -9999, -9999, -9999, -9999, -9999, -9999, -9999, -9999, -9999, -9999, -9999, -9999, -9999, -9999, -9999, -9999, -9999, -9999, -9999, -9999, -9999, -9999, -9999, -9999, -9999, -9999, -9999, -9999, -9999, -9999, -9999, -9999, -9999, -9999, -9999, -9999, -9999, -9999, -9999, -9999, -9999, -9999, -9999, -9999, -9999, -9999, -9999, -9999, -9999, -9999, -9999, -9999],
[-9999, -9999, -9999, -9999, -9999, -9999, -9999, -9999, -9999, -9999, -9999, -9999, -9999, -9999, -9999, -9999, -9999, -9999, -9999, -9999, -9999, -9999, -9999, -9999, -9999, -9999, -9999, -9999, -9999, -9999, -9999, -9999, -9999, -9999, -9999, -9999, -9999, -9999, -9999, -9999, -9999, -9999, -9999, -9999, -9999, -9999, -9999, -9999, -9999, -9999, -9999, -9999, -9999, -9999, -9999, -9999, -9999, -9999, -9999, -9999, -9999, -9999, -9999, -9999, -9999, -9999, -9999, -9999, -9999, -9999, -9999, -9999, -9999, -9999, -9999, -9999, -9999, -9999, -9999, -9999, -9999, -9999, -9999, -9999, -9999, -9999, -9999, -9999, -9999, -9999, -9999, -9999, -9999, -9999, -9999, -9999, -9999, -9999, -9999, -9999, -9999, -9999, -9999, -9999, -9999],
[-9999, -9999, -9999, -9999, -9999, -9999, -9999, -9999, -9999, -9999, -9999, -9999, -9999, -9999, -9999, -9999, -9999, -9999, -9999, -9999, -9999, -9999, -9999, -9999, -9999, -9999, -9999, -9999, -9999, -9999, -9999, -9999, -9999, -9999, -9999, -9999, -9999, -9999, -9999, -9999, -9999, -9999, -9999, -9999, -9999, -9999, -9999, -9999, -9999, -9999, -9999, -9999, -9999, -9999, -9999, -9999, -9999, -9999, -9999, -9999, -9999, -9999, -9999, -9999, -9999, -9999, -9999, -9999, -9999, -9999, -9999, -9999, -9999, -9999, -9999, -9999, -9999, -9999, -9999, -9999, -9999, -9999, -9999, -9999, -9999, -9999, -9999, -9999, -9999, -9999, -9999, -9999, -9999, -9999, -9999, -9999, -9999, -9999, -9999, -9999, -9999, -9999, -9999, -9999, -9999],
[-9999, -9999, -9999, -9999, -9999, -9999, -9999, -9999, -9999, -9999, -9999, -9999, -9999, -9999, -9999, -9999, -9999, -9999, -9999, -9999, -9999, -9999, -9999, -9999, -9999, -9999, -9999, -9999, -9999, -9999, -9999, -9999, -9999, -9999, -9999, -9999, -9999, -9999, -9999, -9999, -9999, -9999, -9999, -9999, -9999, -9999, -9999, -9999, -9999, -9999, -9999, -9999, -9999, -9999, -9999, -9999, -9999, -9999, -9999, -9999, -9999, -9999, -9999, -9999, -9999, -9999, -9999, -9999, -9999, -9999, -9999, -9999, -9999, -9999, -9999, -9999, -9999, -9999, -9999, -9999, -9999, -9999, -9999, -9999, -9999, -9999, -9999, -9999, -9999, -9999, -9999, -9999, -9999, -9999, -9999, -9999, -9999, -9999, -9999, -9999, -9999, -9999, -9999, -9999, -9999],
[-9999, -9999, -9999, -9999, -9999, -9999, -9999, -9999, -9999, -9999, -9999, -9999, -9999, -9999, -9999, -9999, -9999, -9999, -9999, -9999, -9999, -9999, -9999, -9999, -9999, -9999, -9999, -9999, -9999, -9999, -9999, -9999, -9999, -9999, -9999, -9999, -9999, -9999, -9999, -9999, -9999, -9999, -9999, -9999, -9999, -9999, -9999, -9999, -9999, -9999, -9999, -9999, -9999, -9999, -9999, -9999, -9999, -9999, -9999, -9999, -9999, -9999, -9999, -9999, -9999, -9999, -9999, -9999, -9999, -9999, -9999, -9999, -9999, -9999, -9999, -9999, -9999, -9999, -9999, -9999, -9999, -9999, -9999, -9999, -9999, -9999, -9999, -9999, -9999, -9999, -9999, -9999, -9999, -9999, -9999, -9999, -9999, -9999, -9999, -9999, -9999, -9999, -9999, -9999, -9999]
];
