NbNodes = 105;
NbNDDs = 5;
NbPairs = 95;
NbTerminals = 5;
K = 0;
L = 97;
Wt = [
[-9999, -9999, -9999, -9999, -9999, 89, 99, -9999, 46, 37, -9999, -9999, -9999, -9999, -9999, -9999, -9999, 33, 21, 51, -9999, 63, -9999, -9999, -9999, -9999, -9999, -9999, 32, -9999, -9999, -9999, -9999, -9999, 18, 4, -9999, 29, -9999, -9999, 11, -9999, 66, -9999, 26, 97, -9999, 91, 17, -9999, -9999, 21, -9999, 17, 46, -9999, -9999, 58, -9999, 13, -9999, -9999, -9999, 74, -9999, -9999, -9999, 43, 100, 40, -9999, 99, -9999, 94, 16, 83, 65, -9999, -9999, -9999, -9999, 12, 7, -9999, 94, 57, 71, -9999, 34, 48, -9999, -9999, -9999, 81, 2, -9999, -9999, -9999, 41, 35, 1, 1, 1, 1, 1],
[-9999, -9999, -9999, -9999, -9999, 97, -9999, -9999, -9999, 48, 12, 42, -9999, -9999, 55, -9999, -9999, -9999, 70, -9999, -9999, -9999, 30, -9999, -9999, -9999, -9999, 93, -9999, -9999, -9999, -9999, 34, -9999, -9999, -9999, -9999, -9999, -9999, -9999, 64, 67, -9999, 4, 87, 50, -9999, 30, -9999, -9999, -9999, -9999, -9999, -9999, -9999, -9999, -9999, -9999, -9999, -9999, -9999, -9999, -9999, -9999, -9999, -9999, -9999, 17, -9999, 98, -9999, -9999, -9999, -9999, -9999, -9999, -9999, -9999, 10, -9999, -9999, 76, -9999, -9999, 65, -9999, -9999, -9999, 18, -9999, -9999, -9999, -9999, -9999, 79, -9999, -9999, -9999, 28, 19, 1, 1, 1, 1, 1],
[-9999, -9999, -9999, -9999, -9999, -9999, -9999, -9999, -9999, -9999, -9999, -9999, -9999, -9999, -9999, -9999, -9999, -9999, -9999, -9999, -9999, -9999, -9999, -9999, -9999, -9999, -9999, -9999, -9999, -9999, -9999, -9999, -9999, -9999, -9999, -9999, -9999, -9999, -9999, -9999, -9999, -9999, -9999, -9999, -9999, -9999, -9999, -9999, -9999, -9999, -9999, -9999, -9999, -9999, -9999, -9999, -9999, -9999, -9999, -9999, -9999, 61, -9999, 92, -9999, 81, -9999, -9999, -9999, -9999, -9999, -9999, -9999, -9999, -9999, -9999, -9999, -9999, -9999, -9999, -9999, -9999, -9999, -9999, -9999, -9999, -9999, -9999, -9999, -9999, -9999, -9999, -9999, -9999, -9999, -9999, -9999, -9999, 81, -9999, 1, 1, 1, 1, 1],
[-9999, -9999, -9999, -9999, -9999, 85, 1, -9999, 54, -9999, -9999, 81, -9999, 83, -9999, -9999, -9999, 74, 50, 94, -9999, 67, -9999, -9999, -9999, -9999, -9999, 99, 34, -9999, -9999, -9999, 83, -9999, -9999, -9999, -9999, 79, 93, -9999, 40, -9999, 66, -9999, 61, -9999, -9999, -9999, 36, -9999, -9999, 61, -9999, 3, 1, 75, 79, 17, -9999, -9999, -9999, -9999, -9999, -9999, -9999, -9999, -9999, -9999, 92, -9999, -9999, 21, -9999, 29, 29, 32, 20, -9999, 84, -9999, -9999, -9999, -9999, 91, 97, 2, 14, -9999, -9999, -9999, -9999, -9999, 71, 49, 80, 87, -9999, -9999, 78, 57, 1, 1, 1, 1, 1],
[-9999, -9999, -9999, -9999, -9999, 62, -9999, -9999, 47, 52, -9999, -9999, -9999, 60, -9999, 96, -9999, -9999, 24, 70, -9999, -9999, -9999, -9999, -9999, -9999, -9999, 17, -9999, 19, -9999, -9999, -9999, -9999, 20, -9999, -9999, 99, 20, -9999, -9999, -9999, 12, 33, 100, -9999, -9999, -9999, 26, -9999, -9999, 96, -9999, 29, 76, -9999, 23, -9999, -9999, -9999, 85, -9999, -9999, 60, -9999, 92, -9999, 74, 96, 58, -9999, 23, -9999, -9999, 65, 1, -9999, -9999, 55, -9999, -9999, -9999, 20, 62, 76, 32, 36, -9999, 71, 86, -9999, -9999, -9999, 11, 91, 27, -9999, -9999, 74, -9999, 1, 1, 1, 1, 1],
[-9999, -9999, -9999, -9999, -9999, -9999, 42, -9999, -9999, 10, 88, 18, -9999, -9999, -9999, -9999, -9999, -9999, 77, 61, -9999, 95, 73, -9999, -9999, -9999, -9999, 71, -9999, -9999, -9999, -9999, -9999, -9999, 13, 28, -9999, 19, 48, -9999, 22, 91, 91, 64, 2, 75, -9999, 12, 2, 74, -9999, 92, 44, 68, -9999, -9999, 24, 40, -9999, -9999, 35, 52, -9999, -9999, -9999, -9999, -9999, 54, -9999, -9999, -9999, 77, -9999, -9999, -9999, 49, -9999, -9999, 37, 31, -9999, 9, -9999, 24, 18, 89, -9999, -9999, -9999, 83, -9999, -9999, 28, 41, 18, 83, -9999, 67, 63, -9999, 1, 1, 1, 1, 1],
[-9999, -9999, -9999, -9999, -9999, -9999, -9999, -9999, -9999, -9999, -9999, 2, -9999, -9999, -9999, 88, -9999, -9999, 84, -9999, -9999, -9999, -9999, -9999, -9999, -9999, -9999, -9999, -9999, -9999, -9999, -9999, -9999, -9999, -9999, -9999, -9999, -9999, -9999, -9999, 57, -9999, -9999, 63, 85, 74, 56, 76, -9999, -9999, -9999, -9999, -9999, -9999, 76, -9999, -9999, -9999, -9999, -9999, -9999, -9999, -9999, -9999, -9999, -9999, -9999, -9999, -9999, 43, -9999, -9999, -9999, -9999, 46, -9999, -9999, -9999, -9999, -9999, 44, 92, 8, -9999, 40, -9999, -9999, -9999, 93, -9999, -9999, -9999, -9999, -9999, 65, -9999, -9999, -9999, 87, 91, 1, 1, 1, 1, 1],
[-9999, -9999, -9999, -9999, -9999, 61, -9999, -9999, -9999, -9999, -9999, -9999, -9999, -9999, -9999, -9999, -9999, -9999, -9999, -9999, -9999, -9999, -9999, -9999, -9999, -9999, -9999, -9999, -9999, -9999, -9999, -9999, -9999, -9999, -9999, -9999, -9999, -9999, -9999, -9999, -9999, -9999, -9999, -9999, -9999, -9999, -9999, -9999, -9999, -9999, -9999, -9999, -9999, -9999, -9999, -9999, -9999, -9999, -9999, -9999, -9999, 38, -9999, 90, -9999, -9999, -9999, -9999, -9999, -9999, -9999, -9999, -9999, -9999, -9999, -9999, -9999, -9999, -9999, -9999, -9999, -9999, -9999, -9999, -9999, -9999, -9999, -9999, -9999, -9999, -9999, -9999, -9999, -9999, -9999, -9999, -9999, -9999, 95, -9999, 1, 1, 1, 1, 1],
[-9999, -9999, -9999, -9999, -9999, 50, -9999, -9999, -9999, -9999, -9999, 89, -9999, -9999, -9999, 63, -9999, 30, 38, 61, -9999, -9999, -9999, -9999, 25, -9999, -9999, 55, -9999, 23, -9999, -9999, 79, -9999, 35, -9999, -9999, 36, 26, -9999, 32, -9999, 45, 50, -9999, -9999, -9999, 39, 39, -9999, 72, 30, -9999, 95, 92, -9999, 99, -9999, -9999, 71, -9999, -9999, -9999, 91, -9999, 17, -9999, 72, -9999, 84, -9999, 98, -9999, -9999, 14, 79, -9999, -9999, 17, -9999, -9999, -9999, 7, 65, 75, 90, -9999, -9999, -9999, 99, -9999, -9999, 17, 14, 64, -9999, -9999, -9999, 90, 97, 1, 1, 1, 1, 1],
[-9999, -9999, -9999, -9999, -9999, 3, -9999, -9999, -9999, -9999, -9999, -9999, -9999, -9999, -9999, -9999, -9999, -9999, -9999, -9999, -9999, -9999, -9999, -9999, -9999, -9999, -9999, -9999, -9999, -9999, -9999, -9999, -9999, -9999, -9999, -9999, -9999, -9999, -9999, -9999, -9999, -9999, -9999, -9999, -9999, -9999, -9999, -9999, -9999, -9999, -9999, -9999, -9999, -9999, -9999, -9999, -9999, -9999, -9999, -9999, -9999, -9999, -9999, 94, -9999, 44, -9999, -9999, -9999, -9999, -9999, -9999, -9999, -9999, -9999, -9999, -9999, -9999, -9999, -9999, -9999, -9999, -9999, -9999, -9999, -9999, -9999, -9999, -9999, -9999, -9999, -9999, -9999, -9999, -9999, -9999, -9999, -9999, 52, -9999, 1, 1, 1, 1, 1],
[-9999, -9999, -9999, -9999, -9999, -9999, 43, -9999, -9999, -9999, -9999, 44, -9999, 48, -9999, 58, -9999, -9999, 29, 90, -9999, -9999, -9999, -9999, 24, -9999, -9999, -9999, 26, 74, -9999, -9999, -9999, -9999, 86, -9999, -9999, 83, -9999, 38, -9999, -9999, 63, 98, 53, 44, 57, -9999, 89, -9999, -9999, 73, -9999, 60, 65, -9999, 71, -9999, -9999, 65, 79, 30, -9999, 81, -9999, 60, -9999, 31, 10, 73, -9999, 81, -9999, -9999, 13, 37, -9999, -9999, -9999, -9999, -9999, -9999, 84, -9999, 53, 59, 6, -9999, 25, 28, -9999, -9999, -9999, 7, 19, -9999, -9999, -9999, 31, 98, 1, 1, 1, 1, 1],
[-9999, -9999, -9999, -9999, -9999, -9999, -9999, -9999, -9999, 1, -9999, -9999, -9999, -9999, -9999, 36, -9999, -9999, 63, -9999, -9999, -9999, 26, -9999, -9999, -9999, -9999, 10, -9999, -9999, -9999, -9999, 9, -9999, -9999, -9999, -9999, -9999, -9999, -9999, -9999, -9999, -9999, 9, 3, -9999, -9999, -9999, -9999, -9999, -9999, -9999, 39, -9999, 10, -9999, 22, -9999, -9999, -9999, -9999, -9999, -9999, -9999, -9999, -9999, -9999, 26, -9999, -9999, -9999, -9999, -9999, 43, -9999, -9999, -9999, -9999, 78, -9999, -9999, -9999, 99, -9999, 21, -9999, -9999, -9999, 63, -9999, -9999, -9999, -9999, -9999, 31, -9999, -9999, -9999, 63, -9999, 1, 1, 1, 1, 1],
[-9999, -9999, -9999, -9999, -9999, 97, -9999, -9999, -9999, 89, 92, -9999, -9999, -9999, 96, 23, -9999, -9999, 93, -9999, -9999, -9999, 73, -9999, -9999, -9999, -9999, -9999, -9999, -9999, -9999, -9999, -9999, -9999, -9999, -9999, -9999, -9999, -9999, -9999, -9999, -9999, -9999, 89, 71, 1, -9999, 8, -9999, -9999, -9999, -9999, 33, -9999, -9999, -9999, 57, -9999, -9999, -9999, -9999, -9999, -9999, -9999, -9999, -9999, -9999, 66, -9999, 36, -9999, -9999, -9999, -9999, 65, -9999, -9999, -9999, 19, -9999, -9999, -9999, -9999, -9999, 67, -9999, -9999, -9999, 23, -9999, -9999, -9999, -9999, -9999, 3, -9999, -9999, -9999, 33, 11, 1, 1, 1, 1, 1],
[-9999, -9999, -9999, -9999, -9999, 1, -9999, -9999, -9999, -9999, 60, 90, 46, -9999, -9999, 8, -9999, 90, 23, 75, -9999, -9999, 38, 80, -9999, 60, -9999, -9999, 60, 55, -9999, -9999, -9999, -9999, 71, -9999, -9999, 51, 60, -9999, 79, 65, 49, 58, 30, -9999, -9999, 27, 33, 93, -9999, 89, -9999, 15, 64, -9999, 55, 73, -9999, 52, 6, 94, -9999, 32, 77, 81, 93, 83, 39, 24, -9999, 38, -9999, 21, -9999, 74, -9999, -9999, 33, -9999, -9999, -9999, 52, 97, 23, 48, -9999, 32, 80, 14, 94, 20, 9, 49, 36, 17, -9999, 27, 53, -9999, 1, 1, 1, 1, 1],
[-9999, -9999, -9999, -9999, -9999, -9999, -9999, -9999, -9999, 26, -9999, 11, -9999, -9999, -9999, 4, -9999, -9999, 58, -9999, -9999, -9999, -9999, -9999, -9999, -9999, -9999, 49, -9999, -9999, -9999, -9999, 41, 13, -9999, -9999, -9999, -9999, -9999, -9999, 1, -9999, -9999, -9999, -9999, 21, -9999, 80, -9999, -9999, -9999, -9999, -9999, -9999, 30, -9999, -9999, -9999, -9999, -9999, -9999, -9999, -9999, -9999, -9999, -9999, -9999, -9999, -9999, -9999, -9999, -9999, -9999, 23, 37, -9999, -9999, -9999, 40, -9999, -9999, 54, -9999, -9999, 76, -9999, -9999, -9999, -9999, -9999, -9999, -9999, -9999, -9999, 27, -9999, -9999, -9999, 19, -9999, 1, 1, 1, 1, 1],
[-9999, -9999, -9999, -9999, -9999, 94, -9999, -9999, -9999, -9999, -9999, -9999, -9999, -9999, -9999, -9999, -9999, -9999, 2, -9999, -9999, -9999, -9999, -9999, -9999, -9999, -9999, 99, -9999, -9999, -9999, -9999, -9999, -9999, -9999, -9999, -9999, -9999, -9999, -9999, -9999, -9999, -9999, 41, 76, 98, -9999, 99, -9999, -9999, -9999, -9999, -9999, -9999, -9999, -9999, -9999, -9999, -9999, -9999, -9999, -9999, -9999, -9999, -9999, -9999, -9999, -9999, -9999, 79, -9999, -9999, -9999, 49, -9999, -9999, -9999, -9999, 62, -9999, -9999, 58, 100, -9999, 52, -9999, -9999, -9999, 97, -9999, -9999, -9999, -9999, -9999, 49, -9999, -9999, -9999, 2, 38, 1, 1, 1, 1, 1],
[-9999, -9999, -9999, -9999, -9999, -9999, -9999, -9999, -9999, 77, -9999, 95, -9999, 31, -9999, 1, -9999, 27, 6, 31, -9999, 72, -9999, -9999, 86, -9999, -9999, 6, 76, -9999, -9999, -9999, -9999, -9999, 27, 47, -9999, 31, 52, -9999, -9999, -9999, 11, -9999, 50, -9999, -9999, 4, 61, -9999, -9999, 52, -9999, 75, 38, -9999, 52, -9999, -9999, 56, 30, -9999, -9999, 42, -9999, 10, -9999, -9999, -9999, 4, -9999, 72, -9999, 18, 45, 64, 46, -9999, 76, -9999, -9999, 74, 58, 40, 40, 25, 5, -9999, -9999, 25, -9999, -9999, 20, 81, 96, -9999, -9999, -9999, 30, 44, 1, 1, 1, 1, 1],
[-9999, -9999, -9999, -9999, -9999, 63, 41, -9999, 5, 77, -9999, 94, -9999, 56, -9999, 97, -9999, -9999, 87, 87, -9999, -9999, -9999, -9999, 46, -9999, -9999, -9999, -9999, 98, -9999, -9999, 73, -9999, -9999, 81, -9999, 86, 23, -9999, -9999, -9999, 81, -9999, -9999, -9999, -9999, -9999, 57, -9999, -9999, 13, -9999, 5, -9999, -9999, 51, -9999, -9999, 96, 96, 67, -9999, -9999, -9999, 68, -9999, 100, 22, -9999, -9999, 91, -9999, 20, 12, 73, -9999, -9999, 73, -9999, -9999, -9999, -9999, -9999, 31, 97, 45, -9999, 51, -9999, -9999, -9999, -9999, 2, 100, -9999, -9999, -9999, 58, -9999, 1, 1, 1, 1, 1],
[-9999, -9999, -9999, -9999, -9999, -9999, -9999, -9999, -9999, -9999, 14, -9999, -9999, -9999, -9999, -9999, -9999, -9999, -9999, -9999, -9999, -9999, -9999, -9999, -9999, -9999, -9999, 97, -9999, -9999, -9999, -9999, 93, -9999, -9999, -9999, -9999, -9999, -9999, -9999, 1, -9999, -9999, -9999, -9999, -9999, -9999, -9999, -9999, -9999, -9999, -9999, -9999, -9999, -9999, -9999, 78, -9999, -9999, -9999, -9999, -9999, -9999, -9999, -9999, -9999, -9999, 53, -9999, 96, -9999, -9999, -9999, 94, -9999, -9999, -9999, -9999, 89, -9999, -9999, 10, 37, -9999, 33, -9999, -9999, -9999, -9999, -9999, -9999, -9999, -9999, -9999, 79, -9999, -9999, -9999, 19, -9999, 1, 1, 1, 1, 1],
[-9999, -9999, -9999, -9999, -9999, 99, -9999, -9999, -9999, -9999, -9999, -9999, -9999, -9999, -9999, -9999, -9999, -9999, -9999, -9999, -9999, -9999, -9999, -9999, -9999, -9999, -9999, -9999, -9999, -9999, -9999, -9999, -9999, -9999, -9999, -9999, -9999, -9999, -9999, -9999, -9999, -9999, -9999, -9999, -9999, -9999, -9999, -9999, -9999, -9999, -9999, -9999, -9999, -9999, -9999, -9999, -9999, -9999, -9999, -9999, -9999, 73, -9999, 5, -9999, -9999, -9999, -9999, -9999, -9999, -9999, -9999, -9999, -9999, -9999, -9999, -9999, -9999, -9999, -9999, -9999, -9999, -9999, -9999, -9999, -9999, -9999, -9999, -9999, -9999, -9999, -9999, -9999, -9999, -9999, -9999, -9999, -9999, -9999, -9999, 1, 1, 1, 1, 1],
[-9999, -9999, -9999, -9999, -9999, 41, -9999, -9999, -9999, -9999, 24, 35, -9999, -9999, 12, 84, -9999, -9999, 98, -9999, -9999, -9999, -9999, -9999, -9999, -9999, -9999, -9999, -9999, -9999, -9999, -9999, 47, -9999, -9999, -9999, 36, -9999, -9999, -9999, 65, 86, -9999, 84, -9999, -9999, -9999, 19, -9999, -9999, -9999, -9999, -9999, -9999, -9999, -9999, -9999, -9999, -9999, -9999, -9999, -9999, -9999, -9999, -9999, -9999, -9999, 68, -9999, 60, -9999, -9999, -9999, 58, 61, -9999, -9999, -9999, -9999, -9999, -9999, 51, 24, -9999, 30, -9999, -9999, -9999, -9999, -9999, -9999, -9999, -9999, -9999, 1, -9999, -9999, -9999, 53, 24, 1, 1, 1, 1, 1],
[-9999, -9999, -9999, -9999, -9999, 85, -9999, -9999, -9999, 72, -9999, -9999, -9999, 15, -9999, 30, -9999, 41, 87, 97, -9999, -9999, -9999, -9999, -9999, -9999, -9999, -9999, 72, 59, -9999, -9999, 64, -9999, -9999, 51, -9999, 63, 61, -9999, 92, -9999, 95, 67, -9999, -9999, -9999, 50, 7, -9999, -9999, -9999, -9999, 40, 14, -9999, 73, 38, -9999, -9999, -9999, -9999, -9999, -9999, -9999, 22, -9999, 83, -9999, 23, -9999, -9999, -9999, -9999, -9999, 59, -9999, -9999, -9999, -9999, -9999, 80, -9999, 70, 37, 28, 4, -9999, -9999, 2, -9999, -9999, -9999, 92, 63, 2, -9999, -9999, 83, 58, 1, 1, 1, 1, 1],
[-9999, -9999, -9999, -9999, -9999, -9999, 55, -9999, 12, -9999, -9999, 87, -9999, 71, -9999, 90, -9999, 54, 2, 94, -9999, 71, -9999, -9999, -9999, -9999, -9999, 56, 85, -9999, -9999, -9999, -9999, -9999, -9999, -9999, -9999, 31, 6, -9999, 83, -9999, 92, -9999, -9999, 3, 41, -9999, 47, -9999, -9999, -9999, -9999, 63, 53, -9999, -9999, -9999, -9999, 91, -9999, 69, -9999, -9999, -9999, 49, -9999, 6, -9999, 47, -9999, 50, -9999, 80, -9999, 66, 54, -9999, 48, -9999, -9999, 61, -9999, 8, 40, 60, -9999, -9999, 43, 24, -9999, -9999, 85, 86, 22, -9999, -9999, -9999, 90, 15, 1, 1, 1, 1, 1],
[-9999, -9999, -9999, -9999, -9999, 85, -9999, -9999, -9999, -9999, 55, -9999, -9999, -9999, 31, 46, 2, 55, 49, 33, -9999, 63, -9999, -9999, -9999, 96, 9, -9999, -9999, -9999, -9999, -9999, -9999, 59, 73, -9999, -9999, 93, 84, -9999, -9999, 89, 81, -9999, -9999, -9999, 55, 70, 89, 4, -9999, 87, 63, 26, 70, -9999, -9999, 54, -9999, 72, 94, 70, -9999, 91, -9999, 52, 38, 70, -9999, -9999, 95, -9999, -9999, 25, -9999, 77, -9999, -9999, 39, -9999, -9999, -9999, 39, -9999, 33, 98, 63, 32, -9999, 63, -9999, 83, -9999, 98, 89, 10, -9999, -9999, 8, -9999, 1, 1, 1, 1, 1],
[-9999, -9999, -9999, -9999, -9999, 91, 36, -9999, 92, -9999, -9999, 1, -9999, -9999, -9999, 81, -9999, -9999, 77, 25, -9999, 97, -9999, -9999, -9999, -9999, -9999, -9999, 72, 32, 15, -9999, 52, -9999, 43, 71, -9999, 82, -9999, -9999, 72, -9999, 37, -9999, -9999, -9999, -9999, 12, 90, -9999, -9999, 73, -9999, 57, -9999, -9999, 2, 87, -9999, 25, 27, 30, -9999, 50, -9999, 69, -9999, 12, 19, 5, -9999, 32, 66, 91, -9999, 40, 73, -9999, -9999, -9999, -9999, -9999, -9999, 13, 41, 41, -9999, -9999, -9999, -9999, -9999, -9999, 91, 87, 36, 28, -9999, -9999, 1, 26, 1, 1, 1, 1, 1],
[-9999, -9999, -9999, -9999, -9999, 20, -9999, -9999, -9999, 3, -9999, -9999, -9999, -9999, -9999, -9999, -9999, -9999, 19, -9999, -9999, -9999, -9999, -9999, -9999, -9999, -9999, 82, -9999, -9999, -9999, -9999, 67, -9999, -9999, -9999, -9999, -9999, -9999, -9999, 78, -9999, -9999, -9999, 48, 19, -9999, 91, -9999, -9999, -9999, -9999, -9999, -9999, -9999, -9999, 42, -9999, -9999, -9999, -9999, -9999, 26, -9999, -9999, -9999, -9999, 29, -9999, 93, -9999, -9999, -9999, 24, 65, -9999, -9999, -9999, 37, -9999, -9999, -9999, -9999, -9999, 27, -9999, -9999, -9999, -9999, -9999, -9999, -9999, -9999, -9999, 91, -9999, -9999, -9999, 2, 53, 1, 1, 1, 1, 1],
[-9999, -9999, -9999, -9999, -9999, 5, -9999, -9999, -9999, 47, -9999, 34, -9999, -9999, -9999, 7, -9999, -9999, 58, -9999, -9999, -9999, -9999, -9999, -9999, -9999, -9999, 60, -9999, -9999, -9999, -9999, 1, -9999, -9999, -9999, -9999, -9999, -9999, -9999, -9999, -9999, -9999, 19, 81, 49, -9999, 85, -9999, -9999, -9999, -9999, -9999, -9999, 34, -9999, 95, -9999, -9999, -9999, -9999, -9999, 41, -9999, -9999, -9999, -9999, -9999, -9999, 67, -9999, -9999, -9999, 60, 89, -9999, -9999, -9999, 40, -9999, -9999, 4, -9999, -9999, 95, -9999, -9999, -9999, 91, -9999, -9999, -9999, -9999, -9999, 73, -9999, -9999, -9999, 66, -9999, 1, 1, 1, 1, 1],
[-9999, -9999, -9999, -9999, -9999, 91, -9999, -9999, -9999, -9999, -9999, 54, -9999, -9999, -9999, -9999, -9999, -9999, 88, -9999, -9999, -9999, -9999, -9999, -9999, -9999, -9999, -9999, -9999, -9999, -9999, -9999, 42, -9999, -9999, -9999, -9999, -9999, -9999, 26, 34, -9999, -9999, -9999, -9999, 2, -9999, -9999, -9999, -9999, -9999, -9999, -9999, -9999, -9999, 30, 76, -9999, -9999, -9999, -9999, -9999, -9999, -9999, -9999, -9999, -9999, -9999, -9999, 10, -9999, -9999, -9999, -9999, -9999, -9999, -9999, -9999, 37, -9999, -9999, 65, -9999, -9999, 89, -9999, -9999, -9999, 22, -9999, -9999, -9999, -9999, -9999, 60, -9999, -9999, -9999, 28, 69, 1, 1, 1, 1, 1],
[-9999, -9999, -9999, -9999, -9999, 43, -9999, -9999, -9999, 99, -9999, -9999, -9999, -9999, -9999, 25, -9999, -9999, 85, -9999, -9999, -9999, -9999, -9999, -9999, -9999, -9999, 33, -9999, -9999, -9999, -9999, -9999, -9999, -9999, -9999, -9999, -9999, -9999, -9999, -9999, -9999, -9999, -9999, -9999, -9999, -9999, 81, -9999, -9999, -9999, -9999, -9999, -9999, 87, -9999, 2, -9999, -9999, -9999, -9999, -9999, -9999, -9999, -9999, -9999, -9999, -9999, -9999, 61, -9999, -9999, -9999, -9999, -9999, -9999, -9999, -9999, 39, -9999, -9999, 87, 36, -9999, 16, -9999, -9999, -9999, 75, -9999, -9999, -9999, -9999, -9999, 27, -9999, -9999, -9999, 81, -9999, 1, 1, 1, 1, 1],
[-9999, -9999, -9999, -9999, -9999, 30, 79, -9999, -9999, 82, -9999, 68, 93, 93, 50, 31, 2, 27, 21, 4, -9999, -9999, 67, -9999, 69, 18, 6, 64, -9999, -9999, -9999, -9999, -9999, -9999, -9999, 80, -9999, 53, 51, -9999, 22, -9999, 65, 4, 97, 99, 99, 4, 100, 1, -9999, 19, 31, 59, -9999, -9999, -9999, -9999, -9999, 100, 74, 29, -9999, 100, 27, -9999, -9999, -9999, 30, 58, -9999, 82, -9999, -9999, 38, 9, -9999, -9999, 71, 65, -9999, -9999, 48, 35, 87, 19, -9999, 89, -9999, 46, -9999, 78, -9999, 88, 45, -9999, -9999, -9999, 41, -9999, 1, 1, 1, 1, 1],
[-9999, -9999, -9999, -9999, -9999, -9999, -9999, -9999, -9999, 59, -9999, -9999, -9999, -9999, -9999, -9999, -9999, -9999, 62, -9999, -9999, -9999, -9999, -9999, -9999, -9999, -9999, 8, -9999, -9999, -9999, -9999, -9999, -9999, -9999, -9999, -9999, -9999, -9999, -9999, 90, -9999, -9999, 50, -9999, 12, 100, 14, -9999, -9999, -9999, -9999, -9999, -9999, -9999, -9999, 6, -9999, -9999, -9999, -9999, -9999, -9999, -9999, -9999, -9999, -9999, 59, -9999, 88, -9999, -9999, -9999, 83, 4, -9999, -9999, -9999, 44, -9999, -9999, -9999, -9999, -9999, 19, -9999, -9999, -9999, -9999, -9999, -9999, -9999, -9999, -9999, 3, -9999, -9999, -9999, 29, 76, 1, 1, 1, 1, 1],
[-9999, -9999, -9999, -9999, -9999, 10, 60, -9999, 40, 55, -9999, 27, -9999, 73, -9999, -9999, -9999, -9999, 96, 11, -9999, -9999, -9999, -9999, 41, -9999, -9999, -9999, 100, -9999, -9999, -9999, -9999, -9999, 67, -9999, 82, 29, -9999, -9999, 7, -9999, 97, 83, 99, -9999, -9999, -9999, 17, -9999, -9999, -9999, -9999, 78, 69, -9999, -9999, 74, -9999, -9999, 29, 64, -9999, -9999, -9999, -9999, -9999, 44, 72, -9999, -9999, 3, -9999, 93, 39, 30, 78, -9999, -9999, -9999, -9999, 26, 16, 68, 93, 81, 57, -9999, 73, 67, -9999, -9999, 99, 68, 40, -9999, -9999, -9999, 8, 19, 1, 1, 1, 1, 1],
[-9999, -9999, -9999, -9999, -9999, -9999, -9999, -9999, -9999, -9999, -9999, -9999, -9999, -9999, -9999, -9999, -9999, -9999, -9999, -9999, -9999, -9999, -9999, -9999, -9999, -9999, 95, -9999, -9999, -9999, -9999, -9999, -9999, -9999, -9999, -9999, -9999, -9999, -9999, -9999, -9999, -9999, -9999, -9999, -9999, -9999, -9999, -9999, -9999, -9999, -9999, -9999, -9999, -9999, -9999, -9999, -9999, -9999, -9999, -9999, -9999, -9999, -9999, 11, -9999, -9999, -9999, -9999, -9999, -9999, -9999, -9999, -9999, -9999, -9999, -9999, -9999, -9999, -9999, -9999, -9999, -9999, -9999, -9999, -9999, -9999, -9999, -9999, -9999, -9999, -9999, -9999, -9999, -9999, -9999, -9999, -9999, -9999, 11, -9999, 1, 1, 1, 1, 1],
[-9999, -9999, -9999, -9999, -9999, 51, -9999, -9999, -9999, -9999, -9999, -9999, -9999, -9999, -9999, -9999, -9999, -9999, -9999, -9999, -9999, -9999, -9999, -9999, -9999, -9999, -9999, -9999, -9999, -9999, -9999, -9999, -9999, -9999, -9999, -9999, -9999, -9999, -9999, -9999, -9999, -9999, -9999, -9999, -9999, -9999, -9999, -9999, -9999, -9999, -9999, -9999, -9999, -9999, -9999, -9999, -9999, -9999, -9999, -9999, -9999, -9999, -9999, 81, -9999, -9999, -9999, -9999, -9999, -9999, -9999, -9999, -9999, -9999, -9999, -9999, -9999, -9999, -9999, -9999, -9999, -9999, -9999, -9999, -9999, -9999, -9999, -9999, -9999, -9999, -9999, -9999, -9999, -9999, -9999, -9999, -9999, -9999, 63, -9999, 1, 1, 1, 1, 1],
[-9999, -9999, -9999, -9999, -9999, -9999, -9999, -9999, -9999, 66, -9999, -9999, -9999, -9999, -9999, -9999, -9999, -9999, 30, -9999, -9999, -9999, -9999, -9999, -9999, -9999, -9999, 88, -9999, -9999, -9999, -9999, -9999, 85, -9999, -9999, -9999, -9999, -9999, -9999, 64, -9999, -9999, 79, -9999, 88, -9999, 4, -9999, -9999, -9999, -9999, -9999, -9999, 31, -9999, 30, -9999, -9999, -9999, -9999, -9999, -9999, -9999, -9999, -9999, -9999, -9999, -9999, -9999, -9999, -9999, -9999, 72, 81, -9999, -9999, -9999, 88, -9999, -9999, -9999, 86, -9999, 84, -9999, -9999, -9999, 39, -9999, -9999, -9999, -9999, -9999, 25, -9999, -9999, -9999, 45, -9999, 1, 1, 1, 1, 1],
[-9999, -9999, -9999, -9999, -9999, 54, 7, -9999, -9999, 36, -9999, -9999, -9999, 35, -9999, -9999, -9999, -9999, 50, 93, -9999, 96, -9999, -9999, 39, -9999, -9999, -9999, 91, -9999, 64, -9999, 55, 20, -9999, -9999, -9999, 41, -9999, -9999, -9999, -9999, 94, -9999, 80, 16, -9999, -9999, 26, -9999, -9999, 76, -9999, 69, 60, -9999, -9999, -9999, -9999, 82, 27, -9999, -9999, 85, -9999, 32, -9999, 42, -9999, -9999, -9999, 13, -9999, 25, 11, 43, -9999, -9999, -9999, -9999, -9999, 3, 30, -9999, 5, 74, -9999, -9999, -9999, -9999, -9999, -9999, 14, 61, 69, 81, -9999, -9999, 65, -9999, 1, 1, 1, 1, 1],
[-9999, -9999, -9999, -9999, -9999, 82, 51, -9999, -9999, 65, -9999, -9999, -9999, -9999, -9999, -9999, -9999, -9999, 75, 24, -9999, 66, -9999, -9999, 96, -9999, -9999, 14, 43, 36, -9999, -9999, 52, -9999, 92, 69, -9999, 26, 51, -9999, -9999, -9999, 9, 91, -9999, 78, 14, 66, 10, -9999, -9999, -9999, -9999, 20, 24, -9999, -9999, 92, -9999, 53, -9999, 13, -9999, -9999, -9999, -9999, -9999, 13, 23, 97, -9999, 55, -9999, 72, -9999, 37, 90, -9999, 26, -9999, -9999, 45, -9999, 93, 34, 83, -9999, -9999, 19, -9999, -9999, -9999, -9999, 28, 24, 64, -9999, -9999, 62, 23, 1, 1, 1, 1, 1],
[-9999, -9999, -9999, -9999, -9999, 65, -9999, -9999, 52, 25, -9999, -9999, -9999, 46, -9999, 72, -9999, 87, 12, 97, -9999, 51, -9999, -9999, 78, -9999, -9999, -9999, 27, 19, -9999, -9999, 67, -9999, 83, 24, -9999, -9999, 89, -9999, -9999, -9999, 40, 25, 76, -9999, -9999, 68, 41, -9999, -9999, 21, -9999, 70, 26, -9999, 28, -9999, -9999, 55, -9999, 9, -9999, -9999, -9999, 9, -9999, 20, -9999, -9999, -9999, 58, -9999, 79, -9999, 82, 86, -9999, -9999, -9999, -9999, 93, -9999, -9999, 16, 46, 25, -9999, -9999, -9999, -9999, -9999, -9999, 61, 86, -9999, -9999, -9999, 2, 30, 1, 1, 1, 1, 1],
[-9999, -9999, -9999, -9999, -9999, 16, 64, -9999, -9999, 71, 79, 3, 37, -9999, -9999, -9999, 70, 93, 80, 56, -9999, -9999, 54, 68, 83, 48, 94, -9999, -9999, -9999, -9999, -9999, 1, -9999, -9999, 23, 96, 2, -9999, -9999, -9999, 45, 27, 15, -9999, -9999, 37, -9999, 11, 68, -9999, -9999, 93, 26, -9999, -9999, -9999, 64, -9999, -9999, -9999, -9999, -9999, 14, 43, -9999, 98, 97, 37, 60, 53, 90, -9999, 16, -9999, 81, 72, -9999, -9999, -9999, -9999, 57, 80, 46, 38, 6, 42, -9999, -9999, -9999, -9999, -9999, -9999, 7, 51, 96, 26, -9999, -9999, 31, 1, 1, 1, 1, 1],
[-9999, -9999, -9999, -9999, -9999, 40, -9999, -9999, -9999, -9999, 8, -9999, -9999, -9999, -9999, 30, -9999, -9999, 63, -9999, -9999, -9999, -9999, -9999, -9999, -9999, -9999, -9999, -9999, -9999, -9999, -9999, 76, -9999, -9999, -9999, 47, -9999, -9999, -9999, 22, 20, -9999, 45, 88, -9999, 98, 93, -9999, -9999, -9999, -9999, 31, -9999, -9999, -9999, 48, -9999, -9999, -9999, -9999, -9999, -9999, -9999, -9999, -9999, -9999, -9999, -9999, -9999, -9999, -9999, -9999, -9999, -9999, -9999, -9999, -9999, 83, -9999, -9999, -9999, 65, -9999, 67, -9999, -9999, -9999, 89, -9999, -9999, -9999, -9999, -9999, 84, -9999, 68, -9999, 92, -9999, 1, 1, 1, 1, 1],
[-9999, -9999, -9999, -9999, -9999, 23, -9999, -9999, 32, -9999, -9999, 93, -9999, 9, -9999, 50, 24, 62, 13, 71, 97, -9999, 24, 33, 29, -9999, -9999, 23, 17, 89, -9999, -9999, -9999, -9999, -9999, 51, 52, 72, 96, 22, -9999, 33, 29, -9999, 25, 83, -9999, -9999, 72, 75, 86, -9999, -9999, 14, -9999, -9999, 85, -9999, -9999, -9999, 11, -9999, -9999, 95, 42, 2, -9999, 76, 17, -9999, -9999, -9999, 79, 60, 43, 100, 13, -9999, 14, -9999, 44, -9999, 84, -9999, 100, 63, 4, -9999, 75, -9999, -9999, -9999, 14, -9999, 91, -9999, -9999, 41, -9999, 57, 1, 1, 1, 1, 1],
[-9999, -9999, -9999, -9999, -9999, 38, 59, -9999, 36, 41, -9999, -9999, -9999, 69, -9999, 37, -9999, -9999, 7, 57, -9999, 52, -9999, -9999, -9999, -9999, -9999, 98, 36, 79, -9999, -9999, 54, 33, 14, -9999, -9999, 94, -9999, -9999, 88, -9999, 9, 39, 18, 92, -9999, -9999, 37, -9999, -9999, -9999, -9999, 5, 79, -9999, 37, 2, -9999, 50, -9999, -9999, -9999, 48, -9999, -9999, -9999, 55, 32, 40, -9999, 65, -9999, 44, 85, 74, 11, -9999, 31, -9999, -9999, 14, -9999, 18, 90, 7, 8, -9999, 29, 66, -9999, -9999, 31, 98, 29, 96, -9999, -9999, 93, 40, 1, 1, 1, 1, 1],
[-9999, -9999, -9999, -9999, -9999, -9999, -9999, -9999, 12, -9999, -9999, 20, -9999, -9999, -9999, 41, -9999, 41, 90, 27, -9999, 92, -9999, -9999, 76, -9999, -9999, 48, 97, 100, -9999, -9999, 28, -9999, -9999, 85, -9999, 52, 76, -9999, 58, -9999, -9999, 58, 31, 36, -9999, 79, -9999, -9999, -9999, 83, -9999, 59, 64, -9999, 96, 72, -9999, 52, -9999, 60, -9999, 55, -9999, -9999, -9999, -9999, -9999, -9999, -9999, 43, -9999, -9999, -9999, 68, -9999, -9999, -9999, -9999, -9999, 26, 13, 88, 62, 52, 98, -9999, 59, -9999, -9999, -9999, 93, 78, 39, 36, -9999, -9999, 91, -9999, 1, 1, 1, 1, 1],
[-9999, -9999, -9999, -9999, -9999, 66, -9999, -9999, -9999, -9999, -9999, 76, -9999, -9999, 6, 54, -9999, -9999, 51, -9999, -9999, -9999, 96, -9999, -9999, -9999, -9999, 77, -9999, -9999, -9999, -9999, -9999, -9999, -9999, -9999, -9999, -9999, -9999, -9999, 81, 29, -9999, -9999, -9999, -9999, -9999, -9999, -9999, -9999, 32, -9999, 10, -9999, -9999, -9999, 98, -9999, -9999, -9999, -9999, -9999, -9999, -9999, -9999, -9999, -9999, 38, -9999, -9999, -9999, -9999, -9999, -9999, 41, -9999, -9999, -9999, -9999, -9999, -9999, 91, -9999, -9999, 95, -9999, -9999, -9999, -9999, -9999, -9999, -9999, -9999, -9999, 49, -9999, -9999, -9999, 43, 48, 1, 1, 1, 1, 1],
[-9999, -9999, -9999, -9999, -9999, -9999, -9999, -9999, -9999, -9999, -9999, 81, -9999, -9999, -9999, -9999, -9999, -9999, 40, -9999, -9999, -9999, -9999, -9999, -9999, -9999, -9999, -9999, -9999, -9999, -9999, -9999, -9999, -9999, -9999, -9999, -9999, -9999, -9999, -9999, 24, -9999, -9999, 80, -9999, 25, -9999, 58, -9999, -9999, -9999, -9999, -9999, -9999, 29, -9999, 70, -9999, -9999, -9999, -9999, -9999, -9999, -9999, -9999, -9999, -9999, 75, -9999, -9999, -9999, -9999, -9999, -9999, 63, -9999, -9999, -9999, 20, -9999, -9999, 85, 69, -9999, 67, -9999, -9999, -9999, -9999, -9999, -9999, -9999, -9999, -9999, 37, -9999, -9999, -9999, 72, -9999, 1, 1, 1, 1, 1],
[-9999, -9999, -9999, -9999, -9999, 75, -9999, -9999, -9999, -9999, -9999, -9999, -9999, 70, -9999, 57, -9999, 20, 10, 97, -9999, -9999, -9999, -9999, 44, -9999, -9999, 45, 81, -9999, -9999, -9999, -9999, -9999, -9999, 35, -9999, 16, -9999, -9999, 69, -9999, -9999, 86, 56, -9999, -9999, 4, 39, -9999, 57, -9999, -9999, 19, 9, -9999, -9999, -9999, -9999, 92, 86, -9999, -9999, 39, -9999, 31, -9999, 33, -9999, -9999, -9999, -9999, -9999, 17, -9999, 57, -9999, -9999, 85, -9999, -9999, -9999, 67, 20, 100, 77, 82, -9999, 6, 41, -9999, -9999, 2, 34, 89, 1, -9999, -9999, 78, 36, 1, 1, 1, 1, 1],
[-9999, -9999, -9999, -9999, -9999, 96, -9999, -9999, -9999, 48, -9999, 63, -9999, 24, -9999, -9999, -9999, 83, 32, 15, -9999, 23, -9999, -9999, 37, -9999, -9999, -9999, -9999, -9999, 89, -9999, -9999, -9999, 88, 66, -9999, 31, 91, -9999, -9999, -9999, 60, -9999, 17, -9999, -9999, 20, 33, -9999, -9999, -9999, -9999, 1, 21, -9999, 66, 56, -9999, -9999, -9999, -9999, 25, -9999, -9999, 4, -9999, -9999, 71, -9999, -9999, -9999, -9999, -9999, 62, 57, -9999, 7, -9999, -9999, -9999, -9999, -9999, -9999, 68, 97, -9999, -9999, 94, 88, -9999, -9999, -9999, 86, 55, -9999, -9999, -9999, 52, 36, 1, 1, 1, 1, 1],
[-9999, -9999, -9999, -9999, -9999, 74, -9999, -9999, -9999, -9999, -9999, -9999, -9999, -9999, -9999, -9999, -9999, -9999, -9999, -9999, -9999, -9999, -9999, -9999, -9999, -9999, -9999, -9999, -9999, -9999, -9999, -9999, -9999, -9999, -9999, -9999, -9999, -9999, -9999, -9999, -9999, -9999, -9999, -9999, -9999, -9999, -9999, -9999, -9999, -9999, -9999, -9999, -9999, -9999, -9999, -9999, -9999, -9999, -9999, -9999, -9999, -9999, -9999, -9999, -9999, -9999, -9999, -9999, -9999, -9999, -9999, -9999, -9999, -9999, -9999, -9999, -9999, -9999, -9999, -9999, -9999, -9999, -9999, -9999, -9999, -9999, -9999, -9999, -9999, -9999, -9999, -9999, -9999, -9999, -9999, -9999, -9999, -9999, 100, -9999, 1, 1, 1, 1, 1],
[-9999, -9999, -9999, -9999, -9999, -9999, 24, -9999, 50, -9999, -9999, -9999, -9999, 57, -9999, 18, -9999, -9999, 38, 46, -9999, 61, -9999, -9999, 42, -9999, -9999, -9999, -9999, 53, -9999, -9999, 63, -9999, -9999, 2, -9999, 100, 2, -9999, -9999, -9999, 39, 61, -9999, 15, -9999, 37, -9999, -9999, -9999, -9999, -9999, 28, 89, -9999, -9999, -9999, -9999, -9999, -9999, -9999, -9999, 65, -9999, -9999, -9999, 99, 18, 43, -9999, -9999, -9999, 11, -9999, 36, 94, -9999, -9999, -9999, -9999, -9999, -9999, -9999, 80, 75, -9999, -9999, 86, -9999, -9999, -9999, -9999, 14, 66, 23, -9999, -9999, 69, 43, 1, 1, 1, 1, 1],
[-9999, -9999, -9999, -9999, -9999, -9999, -9999, -9999, -9999, 7, -9999, 26, -9999, 51, -9999, -9999, -9999, 20, 43, -9999, -9999, 92, -9999, -9999, 70, -9999, -9999, 55, 69, -9999, -9999, -9999, -9999, -9999, -9999, 76, 27, 74, 74, -9999, -9999, -9999, 84, -9999, -9999, 41, -9999, -9999, 56, -9999, -9999, -9999, -9999, 50, 87, -9999, -9999, -9999, -9999, -9999, -9999, 81, -9999, 17, -9999, -9999, -9999, -9999, 27, -9999, -9999, -9999, -9999, 51, 63, 18, -9999, -9999, -9999, -9999, -9999, -9999, 94, 98, 45, 51, 42, -9999, 84, -9999, -9999, -9999, -9999, 40, 55, 32, -9999, -9999, -9999, 65, 1, 1, 1, 1, 1],
[-9999, -9999, -9999, -9999, -9999, -9999, -9999, -9999, -9999, -9999, -9999, -9999, -9999, -9999, -9999, -9999, -9999, -9999, -9999, -9999, -9999, -9999, -9999, -9999, -9999, -9999, -9999, -9999, -9999, -9999, -9999, -9999, -9999, -9999, -9999, -9999, -9999, -9999, -9999, -9999, -9999, -9999, -9999, -9999, -9999, -9999, -9999, -9999, -9999, -9999, -9999, -9999, -9999, -9999, -9999, -9999, -9999, -9999, -9999, -9999, -9999, 38, -9999, 85, -9999, 95, -9999, -9999, -9999, -9999, -9999, -9999, -9999, -9999, -9999, -9999, -9999, -9999, -9999, -9999, -9999, -9999, -9999, -9999, -9999, -9999, -9999, -9999, -9999, -9999, -9999, -9999, -9999, -9999, -9999, -9999, -9999, -9999, 69, -9999, 1, 1, 1, 1, 1],
[-9999, -9999, -9999, -9999, -9999, 78, -9999, -9999, -9999, 53, -9999, 44, -9999, -9999, -9999, 77, -9999, -9999, 63, -9999, -9999, -9999, -9999, -9999, -9999, -9999, -9999, 88, -9999, -9999, -9999, -9999, -9999, -9999, -9999, -9999, -9999, -9999, -9999, 78, -9999, -9999, -9999, 54, -9999, -9999, 8, 28, -9999, -9999, -9999, -9999, -9999, -9999, -9999, -9999, 79, -9999, -9999, -9999, -9999, -9999, -9999, -9999, -9999, -9999, -9999, 13, -9999, 45, -9999, -9999, -9999, 15, 8, -9999, -9999, -9999, 53, -9999, -9999, 99, 54, -9999, 6, -9999, -9999, -9999, 10, -9999, -9999, -9999, -9999, -9999, 54, -9999, -9999, -9999, 29, -9999, 1, 1, 1, 1, 1],
[-9999, -9999, -9999, -9999, -9999, 46, 93, -9999, 74, 3, -9999, -9999, -9999, 46, -9999, -9999, -9999, 79, 8, 87, -9999, 17, -9999, -9999, -9999, -9999, -9999, -9999, 3, 19, -9999, -9999, -9999, -9999, 78, -9999, -9999, 12, 76, -9999, 100, -9999, 47, 35, 81, 75, -9999, -9999, -9999, -9999, -9999, 39, -9999, 18, 78, -9999, -9999, 53, -9999, 48, -9999, -9999, -9999, 45, -9999, -9999, -9999, 45, -9999, -9999, -9999, -9999, 73, -9999, 35, 84, 56, -9999, -9999, -9999, -9999, -9999, -9999, 79, 1, 75, 3, -9999, 64, -9999, -9999, -9999, 69, 4, 39, 56, -9999, -9999, 85, 69, 1, 1, 1, 1, 1],
[-9999, -9999, -9999, -9999, -9999, -9999, -9999, -9999, -9999, 75, -9999, 53, -9999, -9999, -9999, -9999, -9999, -9999, 63, -9999, -9999, -9999, -9999, -9999, -9999, -9999, -9999, 50, -9999, -9999, -9999, -9999, -9999, -9999, -9999, -9999, -9999, -9999, -9999, -9999, 21, -9999, -9999, -9999, 80, 46, -9999, 48, -9999, -9999, 85, -9999, -9999, -9999, 9, -9999, 16, -9999, -9999, -9999, -9999, -9999, -9999, -9999, -9999, -9999, -9999, -9999, -9999, 96, -9999, -9999, -9999, 52, 96, -9999, -9999, -9999, 99, -9999, -9999, -9999, 85, -9999, 64, -9999, -9999, -9999, 58, -9999, -9999, -9999, -9999, -9999, 61, -9999, -9999, -9999, 51, -9999, 1, 1, 1, 1, 1],
[-9999, -9999, -9999, -9999, -9999, 82, 17, -9999, 44, -9999, 75, 77, -9999, 11, 41, 51, -9999, 21, 46, 22, -9999, -9999, -9999, 69, 26, 42, -9999, -9999, -9999, -9999, -9999, -9999, -9999, -9999, 93, 92, 9, 73, 32, -9999, 60, 46, -9999, 68, 88, 88, -9999, -9999, 2, 58, -9999, 65, -9999, 75, -9999, -9999, 24, -9999, -9999, -9999, -9999, -9999, -9999, 75, -9999, 49, 83, 13, -9999, 30, -9999, 67, -9999, -9999, 83, 87, 49, -9999, 12, -9999, -9999, 45, 10, -9999, 24, 15, 47, -9999, 8, -9999, -9999, 32, 27, 68, 48, -9999, -9999, 78, 85, -9999, 1, 1, 1, 1, 1],
[-9999, -9999, -9999, -9999, -9999, -9999, 68, -9999, -9999, 57, -9999, 55, -9999, 14, -9999, 67, -9999, -9999, 87, 10, -9999, -9999, -9999, -9999, 88, -9999, -9999, -9999, 28, 54, -9999, -9999, 75, -9999, 37, 12, -9999, 96, 34, -9999, -9999, -9999, 9, 93, 70, 77, -9999, 43, 81, -9999, -9999, 13, -9999, 44, 43, -9999, 32, 85, -9999, -9999, -9999, -9999, -9999, 10, -9999, -9999, -9999, 96, 98, -9999, -9999, 25, -9999, 41, -9999, 48, 47, -9999, -9999, -9999, 98, 20, -9999, 48, 48, 14, 55, -9999, -9999, 37, -9999, -9999, 98, 35, 31, -9999, -9999, -9999, 69, -9999, 1, 1, 1, 1, 1],
[-9999, -9999, -9999, -9999, -9999, 100, -9999, -9999, -9999, 41, -9999, -9999, -9999, -9999, -9999, 46, -9999, -9999, 85, -9999, -9999, -9999, -9999, -9999, -9999, -9999, -9999, 96, -9999, -9999, -9999, -9999, -9999, -9999, -9999, -9999, -9999, -9999, -9999, -9999, 77, -9999, -9999, 18, 44, 19, -9999, -9999, -9999, -9999, -9999, -9999, -9999, -9999, -9999, -9999, -9999, -9999, -9999, -9999, -9999, -9999, -9999, -9999, -9999, -9999, -9999, 34, -9999, 29, -9999, -9999, -9999, -9999, -9999, -9999, -9999, -9999, -9999, -9999, 59, 61, -9999, -9999, 81, -9999, -9999, -9999, -9999, -9999, -9999, -9999, -9999, -9999, 96, -9999, -9999, -9999, 25, -9999, 1, 1, 1, 1, 1],
[-9999, -9999, -9999, -9999, -9999, -9999, -9999, -9999, 97, 64, -9999, 99, -9999, -9999, -9999, 46, -9999, 27, 76, 100, -9999, -9999, -9999, -9999, 61, -9999, -9999, 51, 67, -9999, -9999, -9999, 100, -9999, 51, -9999, -9999, 100, 46, -9999, 81, -9999, 53, -9999, 23, 85, -9999, 2, 23, -9999, -9999, -9999, -9999, 9, 14, -9999, 96, -9999, -9999, -9999, -9999, 58, -9999, 95, -9999, 2, -9999, 72, -9999, -9999, -9999, 21, 72, -9999, -9999, 91, 42, 5, 1, -9999, -9999, 94, -9999, -9999, 51, 2, 24, -9999, 67, 19, -9999, -9999, 41, 50, 6, 84, -9999, -9999, 97, 42, 1, 1, 1, 1, 1],
[-9999, -9999, -9999, -9999, -9999, 96, -9999, -9999, -9999, -9999, -9999, -9999, 32, -9999, -9999, -9999, -9999, -9999, -9999, -9999, -9999, -9999, -9999, -9999, -9999, -9999, 67, -9999, -9999, -9999, -9999, -9999, -9999, -9999, -9999, -9999, -9999, -9999, -9999, -9999, -9999, -9999, -9999, -9999, -9999, -9999, -9999, -9999, -9999, -9999, -9999, -9999, -9999, -9999, -9999, -9999, -9999, -9999, -9999, -9999, -9999, 86, -9999, -9999, -9999, -9999, -9999, -9999, -9999, -9999, -9999, -9999, -9999, -9999, -9999, -9999, -9999, -9999, -9999, -9999, -9999, -9999, -9999, -9999, -9999, -9999, -9999, -9999, -9999, -9999, -9999, -9999, -9999, -9999, -9999, -9999, -9999, -9999, 60, -9999, 1, 1, 1, 1, 1],
[-9999, -9999, -9999, -9999, -9999, -9999, 5, -9999, -9999, 66, -9999, 46, -9999, -9999, -9999, -9999, -9999, 51, -9999, 1, -9999, -9999, -9999, -9999, 37, -9999, -9999, -9999, 38, -9999, -9999, -9999, -9999, -9999, -9999, 77, -9999, 87, -9999, -9999, 86, -9999, 5, 90, 68, -9999, -9999, -9999, 37, -9999, -9999, 78, -9999, 8, 39, -9999, -9999, 60, -9999, -9999, 97, -9999, -9999, 22, -9999, 27, -9999, 51, 78, 47, -9999, -9999, -9999, 49, 60, 51, 29, -9999, 90, -9999, -9999, -9999, -9999, -9999, 17, 61, 34, -9999, 15, -9999, -9999, -9999, -9999, 15, 7, 72, -9999, -9999, 99, 83, 1, 1, 1, 1, 1],
[-9999, -9999, -9999, -9999, -9999, 84, 41, -9999, 90, 52, -9999, -9999, -9999, -9999, -9999, -9999, -9999, 76, 62, 33, -9999, -9999, -9999, -9999, 7, -9999, -9999, 29, 93, 81, -9999, -9999, -9999, -9999, -9999, -9999, -9999, 37, 70, -9999, 12, -9999, 15, -9999, -9999, 30, -9999, 88, 71, -9999, -9999, -9999, -9999, 38, -9999, -9999, 9, -9999, -9999, 99, -9999, -9999, -9999, 22, -9999, 97, -9999, -9999, 14, -9999, -9999, -9999, -9999, -9999, 91, 12, 39, -9999, 8, -9999, -9999, -9999, -9999, -9999, 13, 52, -9999, -9999, 43, 13, -9999, -9999, -9999, 92, 5, 2, -9999, -9999, 21, 77, 1, 1, 1, 1, 1],
[-9999, -9999, -9999, -9999, -9999, -9999, -9999, -9999, -9999, -9999, -9999, -9999, -9999, -9999, -9999, 54, -9999, -9999, -9999, -9999, -9999, -9999, -9999, -9999, -9999, -9999, -9999, 71, -9999, -9999, -9999, -9999, -9999, -9999, -9999, -9999, -9999, -9999, -9999, -9999, -9999, -9999, -9999, 75, 45, -9999, 84, 31, -9999, -9999, -9999, -9999, -9999, -9999, -9999, -9999, 16, -9999, -9999, -9999, -9999, -9999, -9999, -9999, -9999, -9999, -9999, -9999, -9999, 58, -9999, -9999, -9999, 87, 83, -9999, -9999, -9999, -9999, -9999, -9999, 51, 46, -9999, 26, -9999, -9999, -9999, -9999, -9999, -9999, -9999, -9999, -9999, 60, -9999, -9999, -9999, 22, 2, 1, 1, 1, 1, 1],
[-9999, -9999, -9999, -9999, -9999, 68, -9999, -9999, -9999, -9999, -9999, 17, -9999, -9999, -9999, 15, -9999, -9999, 15, -9999, -9999, -9999, -9999, -9999, -9999, -9999, -9999, 84, -9999, -9999, -9999, -9999, -9999, 3, -9999, -9999, -9999, -9999, -9999, -9999, 63, -9999, -9999, -9999, 11, -9999, -9999, 92, -9999, -9999, -9999, -9999, -9999, -9999, 20, -9999, -9999, -9999, -9999, -9999, -9999, -9999, -9999, -9999, -9999, -9999, -9999, -9999, -9999, 41, -9999, -9999, -9999, -9999, 46, -9999, -9999, -9999, -9999, -9999, -9999, -9999, 43, -9999, 68, -9999, -9999, -9999, 28, -9999, -9999, -9999, -9999, -9999, 3, -9999, -9999, -9999, 25, 59, 1, 1, 1, 1, 1],
[-9999, -9999, -9999, -9999, -9999, -9999, -9999, -9999, 83, 32, -9999, -9999, -9999, -9999, -9999, -9999, -9999, -9999, 4, 93, -9999, 96, -9999, -9999, -9999, -9999, -9999, 48, 17, 98, -9999, -9999, -9999, -9999, -9999, 49, -9999, 94, 90, -9999, 7, -9999, 45, 88, 61, 49, -9999, -9999, 26, -9999, -9999, 26, -9999, 23, -9999, -9999, -9999, 73, -9999, 16, 15, -9999, -9999, -9999, -9999, -9999, -9999, -9999, -9999, 2, -9999, -9999, -9999, -9999, 45, 84, 38, -9999, 29, -9999, -9999, 54, -9999, 19, 39, 34, 34, -9999, 53, -9999, -9999, -9999, 90, 50, 48, -9999, -9999, -9999, 18, -9999, 1, 1, 1, 1, 1],
[-9999, -9999, -9999, -9999, -9999, 5, -9999, -9999, 20, 29, -9999, 22, -9999, -9999, -9999, -9999, -9999, 1, 37, 23, -9999, 41, -9999, -9999, 59, -9999, -9999, 67, 57, 99, -9999, -9999, -9999, -9999, -9999, -9999, -9999, 32, 84, -9999, 25, -9999, 92, -9999, 32, -9999, -9999, 1, 42, -9999, -9999, -9999, -9999, -9999, 52, -9999, -9999, 84, -9999, -9999, -9999, -9999, 2, 93, -9999, 39, -9999, 92, -9999, 11, -9999, 59, -9999, 64, -9999, 78, -9999, -9999, -9999, -9999, -9999, -9999, 1, -9999, 47, 76, 39, -9999, 88, 59, -9999, -9999, 45, 24, 62, 61, -9999, -9999, 88, 14, 1, 1, 1, 1, 1],
[-9999, -9999, -9999, -9999, -9999, -9999, -9999, -9999, -9999, 74, -9999, -9999, -9999, -9999, -9999, 14, -9999, -9999, 78, -9999, -9999, -9999, -9999, -9999, -9999, -9999, -9999, 57, -9999, -9999, -9999, -9999, -9999, -9999, -9999, -9999, -9999, -9999, -9999, -9999, 91, -9999, -9999, 67, 84, -9999, -9999, 93, -9999, -9999, -9999, -9999, -9999, -9999, -9999, -9999, -9999, -9999, -9999, -9999, -9999, -9999, -9999, -9999, -9999, -9999, -9999, -9999, -9999, -9999, -9999, -9999, -9999, -9999, 51, -9999, -9999, -9999, 2, -9999, -9999, 21, -9999, -9999, 61, -9999, -9999, -9999, 7, -9999, -9999, -9999, -9999, -9999, -9999, -9999, -9999, -9999, 24, 64, 1, 1, 1, 1, 1],
[-9999, -9999, -9999, -9999, -9999, 66, 50, -9999, -9999, 76, -9999, -9999, -9999, 20, -9999, -9999, -9999, -9999, 61, 52, -9999, 72, -9999, -9999, 8, -9999, -9999, -9999, -9999, -9999, -9999, -9999, -9999, -9999, -9999, 100, -9999, 76, 77, -9999, -9999, -9999, 62, 67, 76, 6, -9999, 37, 26, -9999, -9999, -9999, -9999, 76, 57, -9999, -9999, 50, -9999, 81, -9999, 10, -9999, 14, -9999, 95, -9999, -9999, -9999, 50, -9999, 95, -9999, -9999, 45, 95, -9999, -9999, 17, -9999, -9999, -9999, -9999, 40, 27, 69, -9999, -9999, 32, 29, -9999, -9999, -9999, 26, 64, -9999, -9999, -9999, 76, 72, 1, 1, 1, 1, 1],
[-9999, -9999, -9999, -9999, -9999, 41, -9999, -9999, -9999, -9999, -9999, 12, -9999, -9999, -9999, 71, -9999, -9999, 2, 99, -9999, -9999, -9999, -9999, -9999, -9999, -9999, 89, -9999, -9999, -9999, -9999, 46, -9999, 71, 26, -9999, 29, -9999, -9999, 66, -9999, 89, -9999, 25, 70, -9999, -9999, 43, -9999, -9999, 18, -9999, 1, 60, -9999, 53, -9999, -9999, 36, 37, 80, -9999, 26, -9999, 87, -9999, -9999, -9999, -9999, -9999, 58, -9999, 15, -9999, 33, -9999, -9999, 4, -9999, -9999, 92, -9999, 61, 35, 64, 86, -9999, 7, 6, -9999, -9999, 53, 81, 9, 89, -9999, -9999, 97, 89, 1, 1, 1, 1, 1],
[-9999, -9999, -9999, -9999, -9999, 83, -9999, -9999, -9999, 80, -9999, -9999, -9999, -9999, -9999, 74, -9999, -9999, 44, -9999, -9999, -9999, 46, -9999, -9999, -9999, -9999, 18, -9999, -9999, -9999, -9999, -9999, -9999, -9999, -9999, -9999, -9999, -9999, -9999, -9999, 2, -9999, 14, 83, 2, -9999, -9999, -9999, -9999, -9999, -9999, 32, -9999, 78, -9999, -9999, -9999, -9999, -9999, -9999, -9999, -9999, -9999, -9999, -9999, -9999, -9999, -9999, 51, -9999, -9999, -9999, 9, -9999, -9999, -9999, -9999, -9999, -9999, -9999, -9999, -9999, -9999, 62, -9999, -9999, -9999, 92, -9999, -9999, -9999, -9999, -9999, 91, -9999, 24, -9999, 76, 24, 1, 1, 1, 1, 1],
[-9999, -9999, -9999, -9999, -9999, 39, 82, -9999, -9999, 20, -9999, 54, -9999, -9999, -9999, -9999, -9999, 25, 5, 2, -9999, 87, -9999, -9999, 16, -9999, -9999, 51, 75, 7, -9999, -9999, -9999, -9999, 76, -9999, -9999, 37, -9999, -9999, 18, -9999, 41, 78, -9999, 79, -9999, -9999, 78, -9999, -9999, -9999, -9999, 98, 56, -9999, -9999, -9999, -9999, 66, 33, -9999, -9999, 94, -9999, -9999, -9999, 40, -9999, -9999, -9999, 6, -9999, -9999, -9999, 58, -9999, -9999, 22, -9999, 41, 74, 56, -9999, 72, 24, -9999, -9999, -9999, -9999, -9999, -9999, 38, 4, 10, -9999, -9999, -9999, 91, 2, 1, 1, 1, 1, 1],
[-9999, -9999, -9999, -9999, -9999, 21, -9999, -9999, -9999, 81, -9999, 10, -9999, -9999, -9999, -9999, -9999, -9999, 99, -9999, -9999, -9999, -9999, -9999, -9999, -9999, -9999, -9999, -9999, -9999, -9999, -9999, 74, -9999, -9999, -9999, -9999, -9999, -9999, 38, 52, -9999, -9999, -9999, -9999, 88, -9999, 87, -9999, -9999, -9999, -9999, -9999, -9999, 77, -9999, 65, -9999, -9999, -9999, -9999, -9999, -9999, -9999, -9999, -9999, -9999, -9999, -9999, 20, -9999, -9999, -9999, 65, 97, -9999, -9999, -9999, 85, -9999, -9999, 5, 17, -9999, 54, -9999, -9999, -9999, 48, -9999, -9999, -9999, -9999, -9999, 99, -9999, -9999, -9999, 21, -9999, 1, 1, 1, 1, 1],
[-9999, -9999, -9999, -9999, -9999, -9999, 26, -9999, 35, 84, -9999, 91, -9999, 85, -9999, 38, -9999, 66, 61, 23, -9999, 63, -9999, -9999, -9999, -9999, -9999, 95, 85, 10, -9999, -9999, -9999, -9999, 87, 70, -9999, 43, -9999, -9999, -9999, -9999, 5, 71, 69, 17, -9999, 6, 33, -9999, -9999, -9999, -9999, 13, -9999, -9999, 58, -9999, -9999, 98, 61, -9999, -9999, -9999, -9999, 51, -9999, 7, -9999, -9999, -9999, -9999, -9999, 32, 20, 60, 40, -9999, -9999, -9999, -9999, 70, -9999, -9999, 61, 23, -9999, -9999, 58, -9999, -9999, -9999, 58, 60, 22, -9999, -9999, -9999, 76, -9999, 1, 1, 1, 1, 1],
[-9999, -9999, -9999, -9999, -9999, 88, 91, -9999, 11, 10, 25, -9999, -9999, -9999, 6, 82, 98, 4, 14, 79, 21, -9999, -9999, 38, 16, -9999, -9999, 94, -9999, -9999, -9999, 5, 11, -9999, -9999, -9999, -9999, 41, 43, -9999, -9999, -9999, 8, -9999, 11, 12, -9999, 6, 86, 99, 90, 23, 15, 89, 79, -9999, -9999, -9999, -9999, 73, 100, 47, -9999, 82, 76, -9999, -9999, 52, 98, -9999, -9999, 85, -9999, 26, -9999, 95, -9999, -9999, -9999, 52, 18, 47, 23, -9999, 34, 15, -9999, -9999, 99, -9999, -9999, 71, -9999, 36, 48, 34, -9999, 11, 94, -9999, 1, 1, 1, 1, 1],
[-9999, -9999, -9999, -9999, -9999, -9999, -9999, -9999, -9999, -9999, -9999, 19, -9999, -9999, -9999, 31, -9999, -9999, 40, -9999, -9999, -9999, -9999, -9999, -9999, -9999, -9999, -9999, -9999, -9999, -9999, -9999, -9999, -9999, -9999, -9999, -9999, -9999, -9999, -9999, -9999, -9999, -9999, -9999, 88, -9999, 51, 45, -9999, -9999, -9999, -9999, -9999, -9999, -9999, -9999, 11, -9999, -9999, -9999, -9999, -9999, -9999, -9999, -9999, -9999, -9999, 66, -9999, 39, -9999, -9999, -9999, -9999, -9999, -9999, -9999, -9999, -9999, -9999, 77, 66, 100, -9999, 33, -9999, -9999, -9999, -9999, -9999, -9999, -9999, -9999, -9999, 3, -9999, -9999, -9999, 45, 25, 1, 1, 1, 1, 1],
[-9999, -9999, -9999, -9999, -9999, 16, 18, -9999, -9999, 40, -9999, 62, -9999, -9999, -9999, -9999, -9999, 26, 68, -9999, -9999, 29, -9999, -9999, 2, -9999, -9999, 44, 37, 92, -9999, -9999, -9999, -9999, 31, 75, -9999, 91, -9999, -9999, 69, -9999, 93, -9999, -9999, 27, 94, -9999, 69, -9999, 65, -9999, -9999, 46, 63, -9999, 53, -9999, -9999, -9999, 22, -9999, -9999, -9999, -9999, 54, -9999, 55, 86, 34, -9999, 37, -9999, 36, -9999, 99, 14, -9999, -9999, -9999, -9999, 65, 45, -9999, 50, 17, 1, -9999, 93, 32, -9999, -9999, -9999, 8, 34, -9999, -9999, -9999, 53, -9999, 1, 1, 1, 1, 1],
[-9999, -9999, -9999, -9999, -9999, -9999, 98, -9999, 15, -9999, -9999, 79, -9999, -9999, -9999, -9999, -9999, 20, 83, -9999, -9999, 50, -9999, -9999, -9999, -9999, -9999, -9999, 19, -9999, 81, -9999, 61, -9999, -9999, 21, -9999, 27, 39, -9999, 84, -9999, 31, -9999, -9999, 7, -9999, -9999, 81, -9999, -9999, 96, -9999, 59, 80, -9999, -9999, 84, -9999, 72, 12, 68, -9999, 86, -9999, 57, -9999, 74, 45, -9999, -9999, 2, -9999, 61, 69, -9999, -9999, -9999, 61, -9999, -9999, 85, 12, 45, 42, 49, 21, -9999, -9999, -9999, -9999, -9999, -9999, 82, 67, 70, -9999, -9999, 24, 66, 1, 1, 1, 1, 1],
[-9999, -9999, -9999, -9999, -9999, -9999, 76, -9999, 49, -9999, -9999, 24, -9999, 92, -9999, -9999, -9999, 56, 83, 40, -9999, 81, -9999, -9999, 6, -9999, -9999, 43, -9999, -9999, -9999, -9999, 67, -9999, -9999, 46, -9999, 57, 90, -9999, -9999, -9999, 78, -9999, 71, -9999, -9999, -9999, 44, -9999, -9999, 98, -9999, 99, 28, -9999, -9999, -9999, -9999, 35, -9999, 77, -9999, -9999, -9999, -9999, -9999, -9999, 39, -9999, -9999, -9999, -9999, 36, -9999, 85, -9999, -9999, 86, -9999, -9999, 8, -9999, 73, 31, 62, -9999, -9999, 64, 27, -9999, -9999, -9999, 29, 55, -9999, -9999, -9999, 60, -9999, 1, 1, 1, 1, 1],
[-9999, -9999, -9999, -9999, -9999, -9999, -9999, -9999, -9999, -9999, 50, -9999, -9999, -9999, -9999, -9999, -9999, -9999, 72, -9999, -9999, -9999, 17, -9999, -9999, -9999, -9999, -9999, -9999, -9999, -9999, -9999, 9, -9999, -9999, -9999, -9999, -9999, -9999, -9999, 67, 38, -9999, -9999, -9999, 65, 10, 54, -9999, -9999, -9999, -9999, 70, -9999, 50, -9999, 16, -9999, -9999, -9999, -9999, -9999, 99, -9999, -9999, -9999, -9999, -9999, -9999, -9999, 67, -9999, -9999, -9999, -9999, -9999, -9999, -9999, -9999, -9999, -9999, 17, -9999, -9999, 53, -9999, -9999, -9999, -9999, -9999, -9999, -9999, -9999, -9999, 58, -9999, -9999, -9999, 11, 85, 1, 1, 1, 1, 1],
[-9999, -9999, -9999, -9999, -9999, -9999, -9999, -9999, -9999, 79, -9999, -9999, -9999, -9999, -9999, 36, -9999, -9999, 16, -9999, -9999, -9999, -9999, -9999, -9999, -9999, -9999, -9999, -9999, -9999, -9999, -9999, 90, -9999, -9999, -9999, -9999, -9999, -9999, -9999, -9999, -9999, -9999, -9999, -9999, -9999, -9999, -9999, -9999, -9999, -9999, -9999, -9999, -9999, -9999, -9999, 62, -9999, -9999, -9999, -9999, -9999, -9999, -9999, -9999, -9999, -9999, 22, -9999, 89, -9999, -9999, -9999, 34, 93, -9999, -9999, -9999, -9999, -9999, -9999, 53, -9999, -9999, 100, -9999, -9999, -9999, -9999, -9999, -9999, -9999, -9999, -9999, 36, -9999, -9999, -9999, 35, -9999, 1, 1, 1, 1, 1],
[-9999, -9999, -9999, -9999, -9999, 14, -9999, -9999, -9999, -9999, -9999, -9999, -9999, -9999, -9999, 85, -9999, -9999, 43, -9999, -9999, -9999, -9999, -9999, -9999, -9999, -9999, -9999, -9999, -9999, -9999, -9999, 92, -9999, -9999, -9999, -9999, -9999, -9999, -9999, 61, -9999, -9999, 46, 100, 42, -9999, 85, -9999, -9999, -9999, -9999, -9999, -9999, -9999, -9999, 57, -9999, -9999, -9999, -9999, -9999, -9999, -9999, -9999, -9999, -9999, 32, -9999, 16, -9999, -9999, -9999, 65, -9999, -9999, -9999, -9999, 80, -9999, -9999, 48, 88, -9999, 78, -9999, -9999, -9999, 53, -9999, -9999, -9999, -9999, -9999, 96, -9999, -9999, -9999, 9, 95, 1, 1, 1, 1, 1],
[-9999, -9999, -9999, -9999, -9999, 23, 74, -9999, 83, 63, -9999, 97, -9999, -9999, -9999, 29, -9999, -9999, 74, 78, -9999, -9999, -9999, -9999, 44, -9999, -9999, -9999, 86, 98, -9999, -9999, -9999, -9999, -9999, -9999, 59, 99, 49, -9999, 15, -9999, 1, 98, 65, 26, -9999, -9999, 95, -9999, -9999, 14, -9999, 92, 84, -9999, 47, -9999, -9999, 29, 30, 25, -9999, 1, -9999, -9999, -9999, 74, -9999, -9999, -9999, 84, -9999, 77, 30, 99, -9999, -9999, 34, -9999, -9999, -9999, -9999, 24, 83, 40, 49, -9999, 59, 9, -9999, -9999, -9999, 38, 12, -9999, -9999, -9999, 14, -9999, 1, 1, 1, 1, 1],
[-9999, -9999, -9999, -9999, -9999, 42, -9999, -9999, -9999, -9999, -9999, -9999, 83, -9999, -9999, -9999, -9999, -9999, -9999, -9999, -9999, -9999, -9999, -9999, -9999, -9999, 100, -9999, -9999, -9999, -9999, -9999, -9999, -9999, -9999, -9999, -9999, -9999, -9999, -9999, -9999, -9999, -9999, -9999, -9999, -9999, -9999, -9999, -9999, -9999, -9999, -9999, -9999, -9999, -9999, -9999, -9999, -9999, -9999, -9999, -9999, 66, -9999, -9999, -9999, 66, -9999, -9999, -9999, -9999, -9999, -9999, -9999, -9999, -9999, -9999, -9999, -9999, -9999, -9999, -9999, -9999, -9999, -9999, -9999, -9999, -9999, -9999, -9999, -9999, -9999, -9999, -9999, -9999, -9999, -9999, -9999, -9999, 7, -9999, 1, 1, 1, 1, 1],
[-9999, -9999, -9999, -9999, -9999, 54, -9999, -9999, -9999, 21, -9999, -9999, -9999, 56, -9999, -9999, -9999, 81, 11, 30, -9999, 80, -9999, -9999, -9999, -9999, -9999, -9999, 32, 17, -9999, -9999, 55, -9999, -9999, 46, -9999, 89, -9999, -9999, 24, -9999, 18, 11, 84, -9999, -9999, 46, 8, -9999, -9999, 68, -9999, 67, 90, -9999, 59, 31, -9999, 8, -9999, 90, -9999, 20, -9999, 76, -9999, -9999, 71, 63, -9999, -9999, -9999, -9999, 81, 49, 29, -9999, -9999, -9999, -9999, 93, -9999, 31, 22, 58, 22, -9999, 24, 47, -9999, -9999, 20, 91, 54, -9999, -9999, -9999, 88, -9999, 1, 1, 1, 1, 1],
[-9999, -9999, -9999, -9999, -9999, 18, -9999, -9999, -9999, -9999, -9999, -9999, -9999, -9999, -9999, 60, -9999, -9999, 12, -9999, -9999, -9999, -9999, -9999, -9999, -9999, -9999, 73, -9999, -9999, -9999, -9999, 15, -9999, -9999, -9999, -9999, -9999, -9999, -9999, -9999, -9999, -9999, -9999, 63, 86, -9999, 21, -9999, -9999, -9999, -9999, -9999, -9999, 98, -9999, 18, -9999, -9999, -9999, -9999, -9999, -9999, -9999, -9999, -9999, -9999, 6, -9999, -9999, -9999, -9999, -9999, -9999, -9999, -9999, -9999, -9999, 95, -9999, -9999, 1, 3, -9999, 16, -9999, -9999, -9999, 82, -9999, -9999, -9999, -9999, -9999, 70, -9999, -9999, -9999, 76, -9999, 1, 1, 1, 1, 1],
[-9999, -9999, -9999, -9999, -9999, 89, 28, -9999, 17, 19, -9999, 86, -9999, -9999, -9999, 9, -9999, 67, 12, 78, -9999, 12, -9999, -9999, 4, -9999, -9999, 60, 72, 17, -9999, -9999, 29, -9999, 52, 91, -9999, 31, -9999, -9999, -9999, -9999, 16, 55, 71, -9999, -9999, -9999, 57, -9999, -9999, -9999, -9999, 18, 32, -9999, 63, 19, -9999, -9999, 62, -9999, -9999, 89, -9999, 42, -9999, 2, 74, -9999, -9999, -9999, -9999, -9999, 65, 9, 12, -9999, -9999, -9999, -9999, 26, 25, -9999, -9999, 54, 45, -9999, 45, 33, -9999, -9999, -9999, 50, 98, -9999, -9999, -9999, 58, -9999, 1, 1, 1, 1, 1],
[-9999, -9999, -9999, -9999, -9999, 36, -9999, -9999, -9999, 78, -9999, 22, -9999, -9999, -9999, 31, -9999, -9999, 60, -9999, -9999, -9999, -9999, -9999, -9999, -9999, -9999, -9999, -9999, -9999, -9999, -9999, 21, -9999, -9999, -9999, -9999, -9999, -9999, -9999, 33, -9999, -9999, 9, 36, -9999, -9999, -9999, -9999, -9999, -9999, -9999, -9999, -9999, -9999, -9999, -9999, -9999, -9999, -9999, -9999, -9999, -9999, -9999, -9999, -9999, -9999, 13, -9999, 38, -9999, -9999, -9999, 6, 98, -9999, -9999, -9999, 95, -9999, 28, -9999, -9999, -9999, 36, -9999, -9999, -9999, 82, -9999, -9999, -9999, -9999, -9999, 95, -9999, -9999, -9999, 97, -9999, 1, 1, 1, 1, 1],
[-9999, -9999, -9999, -9999, -9999, -9999, 66, -9999, -9999, 62, -9999, -9999, -9999, -9999, -9999, 32, -9999, 63, 11, 51, -9999, 63, -9999, -9999, -9999, -9999, -9999, 77, 48, -9999, -9999, -9999, -9999, -9999, 86, 96, -9999, 60, -9999, -9999, -9999, -9999, 74, -9999, 17, -9999, -9999, 89, 22, -9999, -9999, 18, -9999, 34, 16, -9999, 79, 27, -9999, 57, -9999, -9999, -9999, -9999, -9999, 94, -9999, 87, -9999, 88, -9999, -9999, -9999, -9999, -9999, 22, -9999, -9999, -9999, -9999, -9999, 14, -9999, -9999, 15, 44, -9999, -9999, 9, -9999, -9999, -9999, 43, 44, 77, 21, -9999, -9999, -9999, 80, 1, 1, 1, 1, 1],
[-9999, -9999, -9999, -9999, -9999, 42, -9999, -9999, -9999, -9999, -9999, 86, -9999, -9999, -9999, -9999, -9999, -9999, 88, -9999, -9999, -9999, -9999, -9999, -9999, -9999, -9999, -9999, -9999, -9999, -9999, -9999, -9999, -9999, -9999, -9999, -9999, -9999, -9999, -9999, -9999, -9999, -9999, -9999, 30, 51, -9999, 81, -9999, -9999, -9999, -9999, -9999, -9999, 96, -9999, 18, -9999, -9999, -9999, -9999, -9999, -9999, -9999, -9999, -9999, -9999, 39, -9999, -9999, -9999, -9999, -9999, -9999, 16, -9999, -9999, -9999, 19, -9999, -9999, 62, 53, -9999, 90, -9999, -9999, -9999, 77, -9999, -9999, -9999, -9999, -9999, 74, -9999, -9999, -9999, 72, -9999, 1, 1, 1, 1, 1],
[-9999, -9999, -9999, -9999, -9999, -9999, -9999, 1, -9999, -9999, -9999, 46, -9999, -9999, -9999, -9999, -9999, 16, 35, 74, -9999, -9999, -9999, -9999, -9999, -9999, -9999, -9999, -9999, -9999, -9999, -9999, -9999, -9999, 64, 31, -9999, 39, 38, -9999, 19, -9999, 56, 94, 25, 25, -9999, 7, 95, -9999, -9999, 26, -9999, 43, 25, -9999, -9999, -9999, -9999, -9999, 22, -9999, -9999, -9999, -9999, 21, -9999, -9999, -9999, -9999, -9999, -9999, -9999, -9999, -9999, 28, 92, -9999, 23, -9999, -9999, -9999, 34, 43, 23, 80, 85, -9999, -9999, 94, -9999, -9999, -9999, 61, 19, 6, -9999, -9999, 56, -9999, 1, 1, 1, 1, 1],
[-9999, -9999, -9999, -9999, -9999, -9999, -9999, -9999, -9999, 26, 68, -9999, -9999, -9999, 46, 61, -9999, -9999, 63, -9999, -9999, -9999, 4, -9999, -9999, -9999, -9999, 75, -9999, -9999, -9999, -9999, 43, -9999, -9999, -9999, -9999, -9999, -9999, -9999, 3, 92, -9999, 72, 22, -9999, -9999, 17, -9999, -9999, -9999, -9999, 95, -9999, -9999, 73, 24, -9999, -9999, -9999, -9999, -9999, -9999, -9999, -9999, -9999, -9999, 42, -9999, -9999, -9999, -9999, -9999, -9999, 12, -9999, -9999, -9999, 56, -9999, 85, 33, -9999, -9999, 18, -9999, -9999, -9999, 89, -9999, -9999, -9999, -9999, -9999, 41, -9999, -9999, -9999, 48, -9999, 1, 1, 1, 1, 1],
[-9999, -9999, -9999, -9999, -9999, 99, -9999, -9999, -9999, 100, -9999, 48, -9999, -9999, -9999, -9999, -9999, -9999, 84, -9999, -9999, -9999, -9999, -9999, -9999, -9999, -9999, 47, -9999, -9999, -9999, -9999, -9999, -9999, -9999, -9999, -9999, -9999, -9999, -9999, -9999, -9999, -9999, -9999, -9999, 48, -9999, -9999, -9999, -9999, -9999, -9999, -9999, -9999, -9999, -9999, -9999, -9999, -9999, -9999, -9999, -9999, -9999, -9999, -9999, -9999, -9999, 36, -9999, 89, -9999, -9999, -9999, 17, 99, -9999, -9999, -9999, -9999, -9999, -9999, 9, -9999, -9999, 92, -9999, -9999, -9999, 50, -9999, -9999, -9999, -9999, -9999, 27, -9999, -9999, -9999, 5, 44, 1, 1, 1, 1, 1],
[-9999, -9999, -9999, -9999, -9999, 88, -9999, -9999, -9999, -9999, -9999, -9999, -9999, -9999, -9999, 36, -9999, -9999, 70, -9999, -9999, -9999, -9999, -9999, -9999, -9999, -9999, -9999, -9999, -9999, -9999, -9999, 57, -9999, -9999, -9999, -9999, -9999, -9999, -9999, -9999, -9999, -9999, -9999, 93, 30, -9999, 89, -9999, -9999, 57, -9999, -9999, -9999, 45, -9999, -9999, -9999, -9999, -9999, -9999, -9999, -9999, -9999, -9999, -9999, -9999, -9999, -9999, 96, -9999, -9999, -9999, 52, 23, -9999, -9999, -9999, -9999, -9999, -9999, 19, -9999, -9999, 100, -9999, -9999, -9999, -9999, -9999, -9999, -9999, -9999, -9999, 75, -9999, -9999, -9999, 18, -9999, 1, 1, 1, 1, 1],
[-9999, -9999, -9999, -9999, -9999, 40, -9999, -9999, -9999, -9999, -9999, 85, -9999, -9999, -9999, -9999, -9999, -9999, 96, -9999, -9999, -9999, -9999, -9999, -9999, -9999, -9999, 50, -9999, -9999, -9999, -9999, -9999, -9999, -9999, -9999, -9999, -9999, -9999, -9999, 95, -9999, -9999, 36, -9999, 32, 35, -9999, -9999, -9999, 1, -9999, -9999, -9999, -9999, -9999, -9999, -9999, -9999, -9999, -9999, -9999, -9999, -9999, -9999, -9999, -9999, 30, -9999, -9999, -9999, -9999, -9999, 79, -9999, -9999, -9999, -9999, -9999, -9999, -9999, 82, 3, -9999, 53, -9999, -9999, -9999, -9999, -9999, -9999, -9999, -9999, -9999, 10, -9999, -9999, -9999, 59, 77, 1, 1, 1, 1, 1],
[-9999, -9999, -9999, -9999, -9999, 76, -9999, -9999, -9999, -9999, -9999, -9999, -9999, -9999, -9999, -9999, -9999, -9999, -9999, -9999, -9999, -9999, -9999, -9999, -9999, -9999, -9999, -9999, -9999, -9999, -9999, -9999, -9999, -9999, -9999, -9999, -9999, -9999, -9999, -9999, -9999, -9999, -9999, -9999, -9999, -9999, -9999, -9999, -9999, -9999, -9999, -9999, -9999, -9999, -9999, -9999, -9999, -9999, -9999, -9999, -9999, -9999, -9999, -9999, -9999, -9999, -9999, -9999, -9999, -9999, -9999, -9999, -9999, -9999, -9999, -9999, -9999, -9999, -9999, -9999, -9999, -9999, -9999, -9999, -9999, -9999, -9999, -9999, -9999, -9999, -9999, -9999, -9999, -9999, -9999, -9999, -9999, -9999, 70, -9999, 1, 1, 1, 1, 1],
[-9999, -9999, -9999, -9999, -9999, -9999, -9999, -9999, 76, -9999, -9999, 5, -9999, 69, -9999, -9999, -9999, -9999, 82, 75, -9999, -9999, -9999, -9999, 83, -9999, -9999, -9999, 36, -9999, -9999, -9999, -9999, -9999, -9999, 18, -9999, 23, 7, -9999, -9999, -9999, 10, 40, 19, -9999, -9999, 89, 70, -9999, 38, -9999, -9999, 47, 37, -9999, 96, -9999, -9999, 37, -9999, 25, -9999, 88, -9999, 39, -9999, -9999, -9999, 3, -9999, 47, -9999, 62, 32, 29, -9999, -9999, 59, -9999, -9999, 76, -9999, 40, 22, 97, 98, -9999, 92, 43, -9999, -9999, -9999, 27, -9999, 18, -9999, -9999, 4, 79, 1, 1, 1, 1, 1],
[-9999, -9999, -9999, -9999, -9999, 81, -9999, -9999, -9999, 89, -9999, -9999, -9999, -9999, -9999, 12, -9999, 19, 88, 54, -9999, 10, -9999, -9999, -9999, -9999, -9999, 100, 55, -9999, -9999, -9999, 76, -9999, 67, -9999, -9999, 98, 46, -9999, 81, -9999, 27, 16, 91, -9999, -9999, -9999, 62, -9999, -9999, 61, -9999, 97, -9999, -9999, 80, 27, -9999, -9999, 58, -9999, -9999, 8, -9999, 56, -9999, 32, 76, 7, -9999, 30, -9999, 18, 93, 77, -9999, -9999, 92, -9999, -9999, 61, 71, 29, 56, 66, 23, -9999, 59, 80, -9999, -9999, 74, 91, 13, -9999, -9999, -9999, 82, 45, 1, 1, 1, 1, 1],
[-9999, -9999, -9999, -9999, -9999, -9999, 82, -9999, 13, 32, -9999, 85, -9999, -9999, -9999, -9999, -9999, 12, 78, 83, -9999, 50, -9999, -9999, 74, -9999, -9999, -9999, 68, 75, -9999, -9999, -9999, -9999, 60, 2, -9999, 17, -9999, -9999, 28, -9999, 31, -9999, -9999, 23, -9999, 32, 52, -9999, -9999, -9999, -9999, 98, -9999, -9999, 100, -9999, -9999, 88, -9999, 100, -9999, 67, -9999, 25, -9999, 65, 77, 79, -9999, -9999, -9999, 96, 94, 47, 5, -9999, 46, -9999, -9999, 100, 59, -9999, 85, 22, 54, -9999, 49, -9999, -9999, -9999, -9999, 58, 5, -9999, -9999, -9999, 60, -9999, 1, 1, 1, 1, 1],
[-9999, -9999, -9999, -9999, -9999, -9999, -9999, -9999, -9999, 89, -9999, -9999, -9999, -9999, -9999, -9999, -9999, -9999, 57, -9999, -9999, -9999, -9999, -9999, -9999, -9999, -9999, 34, -9999, -9999, -9999, -9999, 34, -9999, -9999, -9999, 60, -9999, -9999, -9999, 95, -9999, -9999, -9999, 92, 74, -9999, -9999, -9999, -9999, -9999, -9999, -9999, -9999, -9999, -9999, -9999, -9999, -9999, -9999, -9999, -9999, -9999, -9999, -9999, -9999, -9999, -9999, -9999, 97, -9999, -9999, -9999, -9999, -9999, -9999, -9999, -9999, -9999, -9999, -9999, 29, 43, -9999, 29, -9999, -9999, -9999, 89, -9999, -9999, -9999, -9999, -9999, 82, -9999, -9999, -9999, 27, -9999, 1, 1, 1, 1, 1],
[-9999, -9999, -9999, -9999, -9999, 63, -9999, -9999, -9999, -9999, -9999, -9999, -9999, -9999, -9999, -9999, -9999, -9999, -9999, -9999, -9999, -9999, -9999, -9999, -9999, -9999, -9999, -9999, -9999, -9999, -9999, -9999, -9999, -9999, -9999, -9999, -9999, -9999, -9999, -9999, -9999, -9999, -9999, -9999, -9999, -9999, -9999, -9999, -9999, -9999, -9999, -9999, -9999, -9999, -9999, -9999, -9999, -9999, -9999, -9999, -9999, -9999, -9999, -9999, -9999, -9999, -9999, -9999, -9999, -9999, -9999, -9999, -9999, -9999, -9999, -9999, -9999, -9999, -9999, -9999, -9999, -9999, -9999, -9999, -9999, -9999, -9999, -9999, -9999, -9999, -9999, -9999, -9999, -9999, -9999, -9999, -9999, -9999, -9999, -9999, 1, 1, 1, 1, 1],
[-9999, -9999, -9999, -9999, -9999, -9999, 36, 35, 68, 53, -9999, 95, -9999, 4, -9999, -9999, -9999, -9999, 11, 32, -9999, 6, -9999, -9999, 32, -9999, -9999, 41, 68, 39, -9999, -9999, -9999, -9999, -9999, 19, -9999, 95, 21, -9999, 11, -9999, 62, -9999, -9999, -9999, -9999, 70, 11, -9999, -9999, 73, -9999, 5, -9999, -9999, 49, 81, -9999, 83, -9999, -9999, -9999, 67, -9999, 31, -9999, 13, -9999, 9, -9999, 41, -9999, 46, -9999, 79, 51, -9999, 91, -9999, -9999, -9999, 32, -9999, 58, 35, -9999, -9999, 5, 49, -9999, -9999, -9999, 76, 21, -9999, -9999, -9999, 52, -9999, 1, 1, 1, 1, 1],
[-9999, -9999, -9999, -9999, -9999, -9999, -9999, -9999, -9999, -9999, -9999, -9999, -9999, -9999, -9999, -9999, -9999, -9999, -9999, -9999, -9999, -9999, -9999, -9999, -9999, -9999, -9999, -9999, -9999, -9999, -9999, -9999, -9999, -9999, -9999, -9999, -9999, -9999, -9999, -9999, -9999, -9999, -9999, -9999, -9999, -9999, -9999, -9999, -9999, -9999, -9999, -9999, -9999, -9999, -9999, -9999, -9999, -9999, -9999, -9999, -9999, -9999, -9999, -9999, -9999, -9999, -9999, -9999, -9999, -9999, -9999, -9999, -9999, -9999, -9999, -9999, -9999, -9999, -9999, -9999, -9999, -9999, -9999, -9999, -9999, -9999, -9999, -9999, -9999, -9999, -9999, -9999, -9999, -9999, -9999, -9999, -9999, -9999, -9999, -9999, -9999, -9999, -9999, -9999, -9999],
[-9999, -9999, -9999, -9999, -9999, -9999, -9999, -9999, -9999, -9999, -9999, -9999, -9999, -9999, -9999, -9999, -9999, -9999, -9999, -9999, -9999, -9999, -9999, -9999, -9999, -9999, -9999, -9999, -9999, -9999, -9999, -9999, -9999, -9999, -9999, -9999, -9999, -9999, -9999, -9999, -9999, -9999, -9999, -9999, -9999, -9999, -9999, -9999, -9999, -9999, -9999, -9999, -9999, -9999, -9999, -9999, -9999, -9999, -9999, -9999, -9999, -9999, -9999, -9999, -9999, -9999, -9999, -9999, -9999, -9999, -9999, -9999, -9999, -9999, -9999, -9999, -9999, -9999, -9999, -9999, -9999, -9999, -9999, -9999, -9999, -9999, -9999, -9999, -9999, -9999, -9999, -9999, -9999, -9999, -9999, -9999, -9999, -9999, -9999, -9999, -9999, -9999, -9999, -9999, -9999],
[-9999, -9999, -9999, -9999, -9999, -9999, -9999, -9999, -9999, -9999, -9999, -9999, -9999, -9999, -9999, -9999, -9999, -9999, -9999, -9999, -9999, -9999, -9999, -9999, -9999, -9999, -9999, -9999, -9999, -9999, -9999, -9999, -9999, -9999, -9999, -9999, -9999, -9999, -9999, -9999, -9999, -9999, -9999, -9999, -9999, -9999, -9999, -9999, -9999, -9999, -9999, -9999, -9999, -9999, -9999, -9999, -9999, -9999, -9999, -9999, -9999, -9999, -9999, -9999, -9999, -9999, -9999, -9999, -9999, -9999, -9999, -9999, -9999, -9999, -9999, -9999, -9999, -9999, -9999, -9999, -9999, -9999, -9999, -9999, -9999, -9999, -9999, -9999, -9999, -9999, -9999, -9999, -9999, -9999, -9999, -9999, -9999, -9999, -9999, -9999, -9999, -9999, -9999, -9999, -9999],
[-9999, -9999, -9999, -9999, -9999, -9999, -9999, -9999, -9999, -9999, -9999, -9999, -9999, -9999, -9999, -9999, -9999, -9999, -9999, -9999, -9999, -9999, -9999, -9999, -9999, -9999, -9999, -9999, -9999, -9999, -9999, -9999, -9999, -9999, -9999, -9999, -9999, -9999, -9999, -9999, -9999, -9999, -9999, -9999, -9999, -9999, -9999, -9999, -9999, -9999, -9999, -9999, -9999, -9999, -9999, -9999, -9999, -9999, -9999, -9999, -9999, -9999, -9999, -9999, -9999, -9999, -9999, -9999, -9999, -9999, -9999, -9999, -9999, -9999, -9999, -9999, -9999, -9999, -9999, -9999, -9999, -9999, -9999, -9999, -9999, -9999, -9999, -9999, -9999, -9999, -9999, -9999, -9999, -9999, -9999, -9999, -9999, -9999, -9999, -9999, -9999, -9999, -9999, -9999, -9999],
[-9999, -9999, -9999, -9999, -9999, -9999, -9999, -9999, -9999, -9999, -9999, -9999, -9999, -9999, -9999, -9999, -9999, -9999, -9999, -9999, -9999, -9999, -9999, -9999, -9999, -9999, -9999, -9999, -9999, -9999, -9999, -9999, -9999, -9999, -9999, -9999, -9999, -9999, -9999, -9999, -9999, -9999, -9999, -9999, -9999, -9999, -9999, -9999, -9999, -9999, -9999, -9999, -9999, -9999, -9999, -9999, -9999, -9999, -9999, -9999, -9999, -9999, -9999, -9999, -9999, -9999, -9999, -9999, -9999, -9999, -9999, -9999, -9999, -9999, -9999, -9999, -9999, -9999, -9999, -9999, -9999, -9999, -9999, -9999, -9999, -9999, -9999, -9999, -9999, -9999, -9999, -9999, -9999, -9999, -9999, -9999, -9999, -9999, -9999, -9999, -9999, -9999, -9999, -9999, -9999]
];
