NbNodes = 105;
NbNDDs = 5;
NbPairs = 95;
NbTerminals = 5;
K = 0;
L = 97;
Wt = [
[-9999, -9999, -9999, -9999, -9999, -9999, -9999, -9999, -9999, -9999, -9999, -9999, -9999, 81, 29, -9999, -9999, -9999, 23, -9999, -9999, -9999, 73, -9999, -9999, -9999, 2, -9999, -9999, -9999, -9999, -9999, -9999, -9999, -9999, -9999, -9999, -9999, -9999, -9999, -9999, -9999, -9999, -9999, 97, -9999, -9999, -9999, -9999, -9999, 83, -9999, -9999, -9999, 21, -9999, 78, -9999, -9999, -9999, -9999, 43, -9999, -9999, -9999, -9999, -9999, -9999, -9999, -9999, -9999, 92, -9999, 85, -9999, -9999, -9999, -9999, -9999, -9999, -9999, -9999, -9999, -9999, 3, -9999, -9999, -9999, -9999, -9999, -9999, -9999, -9999, -9999, -9999, -9999, -9999, -9999, -9999, 68, 1, 1, 1, 1, 1],
[-9999, -9999, -9999, -9999, -9999, -9999, 88, -9999, 41, -9999, -9999, 87, -9999, 41, 84, -9999, -9999, -9999, -9999, -9999, -9999, -9999, -9999, -9999, -9999, 65, 79, 79, -9999, -9999, -9999, 60, -9999, 76, 78, 73, 98, -9999, 91, -9999, -9999, -9999, -9999, 37, -9999, -9999, -9999, -9999, 16, -9999, -9999, -9999, 91, -9999, 19, 51, 30, -9999, -9999, -9999, -9999, 58, 56, 13, -9999, 18, -9999, 83, 69, 35, -9999, -9999, 92, -9999, -9999, -9999, -9999, -9999, -9999, 16, 91, -9999, -9999, -9999, 1, -9999, -9999, 68, -9999, -9999, -9999, -9999, 14, 5, -9999, -9999, -9999, -9999, 75, 16, 1, 1, 1, 1, 1],
[-9999, -9999, -9999, -9999, -9999, -9999, 98, -9999, 42, 78, -9999, -9999, 20, -9999, 73, -9999, -9999, 81, 73, -9999, 5, -9999, 36, -9999, -9999, 37, 3, 97, -9999, -9999, -9999, -9999, -9999, -9999, 36, -9999, -9999, -9999, -9999, -9999, -9999, 54, 88, 8, -9999, -9999, 78, 24, -9999, -9999, -9999, 76, -9999, -9999, -9999, 61, -9999, -9999, -9999, -9999, -9999, 54, -9999, 88, 82, -9999, 66, -9999, 15, 56, 38, -9999, 68, -9999, -9999, -9999, -9999, 6, -9999, -9999, 4, -9999, -9999, -9999, 3, -9999, -9999, -9999, -9999, 67, 65, -9999, -9999, 91, -9999, -9999, 29, -9999, -9999, -9999, 1, 1, 1, 1, 1],
[-9999, -9999, -9999, -9999, -9999, -9999, 98, -9999, 40, -9999, -9999, -9999, 4, 85, 38, -9999, -9999, 83, 25, -9999, -9999, -9999, -9999, 100, -9999, 74, 46, 49, -9999, -9999, -9999, 78, -9999, 76, 70, -9999, 82, -9999, 84, -9999, 84, -9999, 63, 5, -9999, -9999, 97, 12, 93, -9999, -9999, 71, 42, -9999, -9999, 93, -9999, -9999, -9999, -9999, -9999, 20, -9999, 44, -9999, -9999, -9999, 27, 66, 31, -9999, -9999, -9999, -9999, -9999, -9999, -9999, -9999, -9999, 100, 71, -9999, -9999, -9999, 84, -9999, 41, -9999, -9999, 76, -9999, -9999, 3, 97, -9999, -9999, -9999, -9999, 91, 39, 1, 1, 1, 1, 1],
[-9999, -9999, -9999, -9999, -9999, -9999, 22, -9999, 30, 43, -9999, 42, 1, 99, 43, -9999, -9999, -9999, -9999, -9999, 70, -9999, 28, -9999, -9999, 22, 99, -9999, -9999, -9999, 43, 38, 63, -9999, 77, -9999, 52, -9999, -9999, -9999, 100, -9999, 44, 67, 10, -9999, 94, -9999, 57, -9999, 16, -9999, 43, -9999, -9999, 4, -9999, -9999, -9999, -9999, -9999, 63, 84, 51, 36, 79, -9999, 76, -9999, 26, -9999, -9999, 56, 93, -9999, -9999, -9999, -9999, -9999, 38, -9999, -9999, -9999, -9999, 23, -9999, -9999, -9999, -9999, 83, 49, -9999, -9999, 56, -9999, -9999, -9999, -9999, -9999, -9999, 1, 1, 1, 1, 1],
[-9999, -9999, -9999, -9999, -9999, -9999, 85, -9999, -9999, -9999, -9999, 55, -9999, 90, -9999, -9999, -9999, 52, 3, -9999, 50, -9999, -9999, -9999, -9999, 60, 52, 42, -9999, -9999, -9999, 60, 74, -9999, 41, -9999, -9999, -9999, 51, -9999, 37, -9999, -9999, 9, -9999, -9999, -9999, 12, -9999, 20, 31, 96, -9999, -9999, 3, -9999, -9999, -9999, -9999, -9999, -9999, 61, -9999, -9999, 74, -9999, 49, -9999, -9999, 26, 64, -9999, 9, 75, -9999, -9999, -9999, 41, -9999, 97, -9999, -9999, -9999, -9999, 82, -9999, -9999, 40, -9999, -9999, 12, -9999, 12, 75, -9999, -9999, -9999, -9999, 29, 13, 1, 1, 1, 1, 1],
[-9999, -9999, -9999, -9999, -9999, -9999, -9999, -9999, -9999, -9999, -9999, -9999, -9999, -9999, -9999, -9999, -9999, -9999, 1, -9999, -9999, -9999, -9999, -9999, -9999, -9999, 19, -9999, -9999, -9999, -9999, -9999, -9999, -9999, -9999, -9999, -9999, -9999, -9999, -9999, -9999, -9999, -9999, -9999, -9999, -9999, -9999, 4, 43, -9999, -9999, 66, -9999, -9999, 50, -9999, 77, -9999, -9999, -9999, -9999, 80, -9999, -9999, -9999, -9999, -9999, -9999, -9999, -9999, -9999, -9999, -9999, -9999, -9999, -9999, -9999, -9999, -9999, -9999, -9999, -9999, -9999, -9999, 38, -9999, -9999, -9999, -9999, -9999, -9999, -9999, -9999, -9999, -9999, -9999, -9999, -9999, -9999, -9999, 1, 1, 1, 1, 1],
[-9999, -9999, -9999, -9999, -9999, 60, 29, -9999, 23, 46, -9999, 68, 39, 97, 21, -9999, -9999, 27, 62, 37, 40, 90, -9999, -9999, -9999, -9999, 42, 33, 20, -9999, 49, 26, 35, 29, 97, -9999, -9999, 80, 74, -9999, 42, -9999, 52, 31, -9999, -9999, 80, 11, -9999, 71, 71, -9999, -9999, 17, -9999, 54, -9999, -9999, 33, -9999, 65, 83, 89, -9999, 89, 45, -9999, -9999, -9999, 72, 86, -9999, -9999, -9999, -9999, 17, -9999, 11, -9999, -9999, 4, -9999, -9999, -9999, 90, -9999, 33, -9999, -9999, -9999, 63, -9999, 71, -9999, 80, 39, -9999, -9999, 84, 15, 1, 1, 1, 1, 1],
[-9999, -9999, -9999, -9999, -9999, -9999, 34, -9999, -9999, -9999, -9999, -9999, 50, 94, -9999, -9999, -9999, 21, 17, -9999, 34, -9999, 22, -9999, -9999, 35, 24, -9999, -9999, -9999, -9999, -9999, 82, -9999, 60, -9999, 28, -9999, -9999, 13, 61, -9999, 55, -9999, -9999, -9999, 76, 15, 49, 91, 30, 81, 19, -9999, -9999, 88, 88, -9999, -9999, -9999, -9999, 97, 60, 86, -9999, 59, -9999, -9999, 56, -9999, 97, -9999, 57, -9999, -9999, -9999, -9999, 54, -9999, 28, 60, -9999, -9999, 97, 32, -9999, 34, 33, -9999, -9999, -9999, -9999, -9999, 66, -9999, -9999, -9999, -9999, 38, 33, 1, 1, 1, 1, 1],
[-9999, -9999, -9999, -9999, -9999, -9999, -9999, -9999, -9999, -9999, -9999, -9999, -9999, -9999, 6, -9999, -9999, 14, 62, -9999, -9999, -9999, 74, -9999, -9999, -9999, 92, -9999, -9999, -9999, -9999, -9999, 4, -9999, -9999, -9999, -9999, -9999, -9999, -9999, -9999, -9999, -9999, -9999, -9999, -9999, -9999, -9999, -9999, -9999, -9999, 14, -9999, -9999, -9999, -9999, -9999, -9999, -9999, -9999, -9999, 41, -9999, -9999, -9999, -9999, -9999, -9999, -9999, -9999, -9999, -9999, -9999, 71, -9999, -9999, -9999, -9999, -9999, -9999, -9999, -9999, -9999, -9999, 93, -9999, -9999, -9999, -9999, -9999, -9999, -9999, -9999, -9999, -9999, -9999, -9999, -9999, -9999, -9999, 1, 1, 1, 1, 1],
[-9999, -9999, -9999, -9999, -9999, -9999, -9999, -9999, -9999, -9999, -9999, -9999, -9999, -9999, -9999, -9999, -9999, -9999, -9999, -9999, -9999, -9999, -9999, -9999, -9999, -9999, -9999, -9999, -9999, -9999, -9999, -9999, -9999, -9999, -9999, -9999, -9999, -9999, -9999, -9999, -9999, -9999, -9999, -9999, -9999, -9999, -9999, -9999, -9999, -9999, -9999, -9999, -9999, -9999, -9999, -9999, -9999, -9999, -9999, -9999, -9999, -9999, -9999, -9999, -9999, -9999, -9999, -9999, -9999, -9999, 49, -9999, -9999, -9999, -9999, -9999, -9999, -9999, -9999, -9999, 40, -9999, -9999, -9999, -9999, -9999, -9999, -9999, -9999, -9999, 96, -9999, -9999, -9999, -9999, -9999, -9999, -9999, -9999, -9999, 1, 1, 1, 1, 1],
[-9999, -9999, -9999, -9999, -9999, -9999, 22, -9999, -9999, 58, -9999, -9999, 64, 61, 67, -9999, -9999, 67, 63, 61, 1, -9999, -9999, -9999, -9999, -9999, 86, -9999, 55, 67, -9999, 29, 77, 8, 72, -9999, 58, 73, 69, -9999, -9999, -9999, 90, 95, -9999, -9999, -9999, -9999, 94, -9999, 34, -9999, -9999, -9999, 35, -9999, 70, -9999, 98, 4, 80, 63, -9999, -9999, -9999, 14, 96, -9999, 53, -9999, -9999, -9999, -9999, -9999, -9999, 94, -9999, 93, -9999, 87, -9999, -9999, -9999, 71, 3, -9999, 30, -9999, -9999, -9999, -9999, -9999, -9999, 46, 4, 79, -9999, -9999, 85, -9999, 1, 1, 1, 1, 1],
[-9999, -9999, -9999, -9999, -9999, 36, -9999, -9999, 96, 43, -9999, -9999, -9999, 32, -9999, -9999, -9999, 15, 95, 74, -9999, 99, 67, -9999, -9999, 83, 15, -9999, 88, -9999, -9999, 3, -9999, -9999, 30, -9999, -9999, -9999, 75, 25, -9999, -9999, 88, 77, -9999, -9999, -9999, 34, -9999, 87, -9999, -9999, 42, -9999, 50, 48, 53, 73, -9999, 22, 30, 45, 53, 58, -9999, -9999, -9999, -9999, -9999, -9999, -9999, -9999, 89, -9999, -9999, 43, -9999, -9999, -9999, 76, -9999, -9999, -9999, -9999, 69, -9999, 31, 71, -9999, 31, -9999, -9999, 14, 67, 76, -9999, -9999, -9999, -9999, -9999, 1, 1, 1, 1, 1],
[-9999, -9999, -9999, -9999, -9999, -9999, -9999, -9999, -9999, -9999, -9999, 85, -9999, -9999, -9999, -9999, -9999, -9999, 100, -9999, -9999, -9999, -9999, -9999, -9999, -9999, 81, -9999, -9999, -9999, -9999, -9999, 95, -9999, -9999, -9999, -9999, -9999, -9999, -9999, -9999, -9999, -9999, -9999, -9999, -9999, -9999, 96, 48, -9999, 63, -9999, -9999, -9999, 7, -9999, 3, -9999, -9999, -9999, -9999, 35, -9999, -9999, -9999, -9999, -9999, -9999, -9999, -9999, -9999, -9999, -9999, -9999, -9999, -9999, -9999, -9999, -9999, -9999, -9999, -9999, -9999, -9999, 62, -9999, -9999, -9999, -9999, -9999, -9999, -9999, -9999, -9999, -9999, -9999, -9999, -9999, -9999, -9999, 1, 1, 1, 1, 1],
[-9999, -9999, -9999, -9999, -9999, 26, -9999, 5, 91, 10, -9999, -9999, 40, -9999, -9999, -9999, -9999, 35, 82, 90, 28, -9999, 54, 25, -9999, -9999, 92, 86, 50, -9999, -9999, -9999, 75, 97, 85, -9999, 78, 10, 16, -9999, 22, -9999, 18, -9999, -9999, 63, 37, 10, -9999, -9999, -9999, 38, 15, 89, -9999, 48, -9999, -9999, -9999, -9999, -9999, 66, -9999, 66, 24, -9999, 60, -9999, -9999, -9999, -9999, -9999, 33, 9, -9999, 57, -9999, -9999, -9999, 25, 3, 90, -9999, -9999, 74, 4, 34, 81, -9999, 18, -9999, 32, -9999, 53, -9999, -9999, 79, -9999, -9999, -9999, 1, 1, 1, 1, 1],
[-9999, -9999, -9999, -9999, -9999, -9999, -9999, -9999, -9999, -9999, -9999, 97, -9999, -9999, -9999, -9999, -9999, -9999, -9999, -9999, -9999, -9999, 58, -9999, -9999, -9999, 82, -9999, -9999, -9999, -9999, -9999, -9999, -9999, -9999, -9999, -9999, -9999, -9999, -9999, -9999, -9999, -9999, -9999, 99, -9999, -9999, 50, 57, 27, 81, 16, -9999, -9999, -9999, -9999, -9999, -9999, -9999, -9999, -9999, 43, -9999, -9999, -9999, -9999, -9999, -9999, -9999, -9999, -9999, -9999, -9999, 12, -9999, -9999, -9999, -9999, -9999, -9999, -9999, -9999, -9999, -9999, 97, 96, -9999, -9999, -9999, -9999, -9999, -9999, -9999, -9999, -9999, -9999, -9999, -9999, -9999, -9999, 1, 1, 1, 1, 1],
[-9999, -9999, -9999, -9999, -9999, -9999, 46, -9999, 54, -9999, -9999, 52, -9999, -9999, 61, -9999, -9999, 44, 68, -9999, -9999, -9999, 80, -9999, -9999, 55, 67, 68, -9999, -9999, -9999, -9999, 1, -9999, 55, -9999, 20, -9999, 79, -9999, -9999, -9999, 32, -9999, -9999, -9999, 15, 38, 42, -9999, 26, -9999, -9999, -9999, -9999, -9999, -9999, -9999, -9999, -9999, -9999, 11, 49, 16, 6, -9999, -9999, -9999, 27, -9999, -9999, -9999, 96, 54, -9999, -9999, -9999, -9999, 7, 69, 82, -9999, -9999, -9999, 48, 5, -9999, 26, -9999, -9999, -9999, -9999, -9999, -9999, -9999, -9999, -9999, -9999, -9999, 49, 1, 1, 1, 1, 1],
[-9999, -9999, -9999, -9999, -9999, -9999, -9999, -9999, 40, 94, -9999, 19, 82, 44, 5, -9999, -9999, -9999, -9999, -9999, 93, -9999, 55, -9999, -9999, 47, 76, 80, -9999, -9999, -9999, -9999, -9999, -9999, 1, -9999, -9999, -9999, 52, -9999, -9999, -9999, 67, -9999, -9999, -9999, 51, 14, 6, 68, 45, -9999, 20, -9999, -9999, -9999, 15, -9999, -9999, -9999, -9999, 30, 47, -9999, 81, -9999, 71, -9999, -9999, -9999, 19, -9999, -9999, -9999, -9999, -9999, -9999, -9999, -9999, 77, -9999, 43, -9999, -9999, 59, -9999, 90, 59, 84, 99, -9999, -9999, 79, -9999, -9999, -9999, -9999, -9999, 15, 1, 1, 1, 1, 1, 1],
[-9999, -9999, -9999, -9999, -9999, -9999, -9999, -9999, 18, -9999, -9999, 86, 73, -9999, -9999, -9999, -9999, 89, -9999, -9999, 10, -9999, -9999, -9999, -9999, 24, 54, 16, -9999, -9999, -9999, 32, -9999, 32, 37, -9999, 98, -9999, -9999, -9999, -9999, -9999, 2, -9999, -9999, -9999, 45, 8, -9999, -9999, 90, 95, 75, -9999, -9999, 79, 96, -9999, -9999, -9999, -9999, 36, 9, -9999, 7, -9999, -9999, -9999, -9999, 68, 40, -9999, -9999, 99, -9999, -9999, -9999, 21, -9999, -9999, 72, -9999, -9999, -9999, 42, -9999, 19, 29, -9999, 58, 89, -9999, -9999, 21, -9999, -9999, -9999, -9999, -9999, -9999, 1, 1, 1, 1, 1],
[-9999, -9999, -9999, -9999, -9999, -9999, -9999, -9999, -9999, -9999, -9999, 83, -9999, -9999, -9999, -9999, -9999, -9999, -9999, -9999, -9999, -9999, -9999, -9999, -9999, -9999, -9999, 39, 7, -9999, -9999, -9999, -9999, -9999, -9999, -9999, -9999, 29, -9999, -9999, -9999, -9999, -9999, -9999, -9999, -9999, -9999, -9999, -9999, -9999, -9999, -9999, -9999, -9999, -9999, -9999, -9999, -9999, -9999, -9999, -9999, -9999, -9999, -9999, -9999, -9999, -9999, -9999, -9999, -9999, -9999, -9999, 83, -9999, -9999, -9999, -9999, -9999, -9999, -9999, -9999, -9999, -9999, -9999, -9999, -9999, -9999, -9999, -9999, -9999, -9999, -9999, -9999, -9999, -9999, -9999, -9999, -9999, -9999, -9999, 1, 1, 1, 1, 1],
[-9999, -9999, -9999, -9999, -9999, -9999, -9999, -9999, -9999, -9999, -9999, -9999, -9999, -9999, -9999, -9999, -9999, 52, -9999, -9999, -9999, -9999, -9999, -9999, -9999, -9999, -9999, 50, 88, -9999, -9999, -9999, -9999, -9999, -9999, -9999, -9999, 69, -9999, -9999, -9999, -9999, -9999, 70, -9999, -9999, -9999, -9999, -9999, -9999, -9999, -9999, -9999, -9999, -9999, -9999, -9999, -9999, -9999, -9999, 57, -9999, -9999, -9999, -9999, -9999, -9999, -9999, -9999, -9999, 48, -9999, 5, -9999, -9999, -9999, -9999, -9999, -9999, -9999, 37, -9999, -9999, -9999, -9999, -9999, -9999, -9999, -9999, -9999, -9999, -9999, -9999, -9999, -9999, -9999, 12, -9999, -9999, -9999, 1, 1, 1, 1, 1],
[-9999, -9999, -9999, -9999, -9999, -9999, -9999, -9999, -9999, -9999, -9999, 9, -9999, 13, 73, -9999, -9999, 19, 92, -9999, -9999, -9999, -9999, -9999, -9999, -9999, 99, -9999, -9999, -9999, -9999, -9999, 37, -9999, -9999, -9999, -9999, -9999, -9999, -9999, -9999, -9999, -9999, -9999, -9999, -9999, -9999, 74, 84, -9999, -9999, 22, -9999, -9999, 6, -9999, 69, -9999, -9999, -9999, -9999, -9999, -9999, -9999, -9999, -9999, -9999, -9999, -9999, -9999, -9999, -9999, -9999, 28, -9999, -9999, -9999, -9999, -9999, -9999, -9999, -9999, -9999, -9999, 94, 83, -9999, -9999, -9999, -9999, -9999, -9999, -9999, -9999, -9999, -9999, -9999, -9999, -9999, -9999, 1, 1, 1, 1, 1],
[-9999, -9999, -9999, -9999, -9999, -9999, 16, -9999, 21, -9999, -9999, -9999, 78, 47, 46, -9999, 2, 86, -9999, -9999, 27, -9999, -9999, -9999, -9999, -9999, 59, 27, -9999, -9999, 35, 53, -9999, -9999, 47, -9999, 80, -9999, -9999, -9999, 70, -9999, -9999, 39, 70, -9999, 73, -9999, 43, 2, 71, 67, 65, -9999, 20, 82, 57, -9999, -9999, -9999, -9999, 13, 41, 93, -9999, -9999, -9999, -9999, 11, 15, -9999, -9999, 19, 42, -9999, -9999, -9999, 79, -9999, -9999, 83, -9999, -9999, 28, 5, -9999, -9999, 48, -9999, -9999, -9999, -9999, 34, -9999, -9999, -9999, -9999, -9999, 68, 98, 1, 1, 1, 1, 1],
[-9999, -9999, -9999, -9999, -9999, -9999, -9999, -9999, 99, -9999, -9999, -9999, 27, 26, 23, 26, -9999, 95, 35, -9999, 75, -9999, -9999, -9999, -9999, -9999, -9999, -9999, -9999, -9999, -9999, -9999, 65, -9999, 19, 92, -9999, -9999, 52, -9999, 16, -9999, -9999, -9999, -9999, -9999, -9999, 76, -9999, 89, 2, -9999, -9999, -9999, -9999, -9999, -9999, -9999, -9999, -9999, -9999, 53, 85, 15, -9999, -9999, -9999, -9999, 62, 100, -9999, 54, 6, 58, -9999, -9999, -9999, -9999, -9999, -9999, 23, -9999, -9999, -9999, 10, -9999, 92, 49, -9999, 21, 12, -9999, -9999, 69, -9999, -9999, -9999, -9999, 80, 94, 1, 1, 1, 1, 1],
[-9999, -9999, -9999, -9999, -9999, -9999, 38, -9999, 45, -9999, 58, 29, 79, 43, 100, -9999, -9999, 54, 5, -9999, -9999, -9999, 26, -9999, -9999, 26, -9999, 54, -9999, -9999, -9999, 71, -9999, 12, 80, -9999, -9999, -9999, -9999, -9999, 52, -9999, 86, 23, -9999, -9999, 13, -9999, 27, 36, -9999, 69, 42, -9999, 3, 54, 86, -9999, -9999, -9999, -9999, 74, 92, 78, -9999, -9999, 40, -9999, 18, 47, -9999, -9999, 14, 72, -9999, -9999, -9999, -9999, -9999, -9999, 65, -9999, -9999, -9999, 15, -9999, -9999, 79, -9999, 44, -9999, -9999, -9999, 84, -9999, -9999, -9999, -9999, 27, 12, 1, 1, 1, 1, 1],
[-9999, -9999, -9999, -9999, -9999, 96, -9999, 5, -9999, -9999, -9999, -9999, -9999, 67, -9999, -9999, -9999, 87, -9999, 62, -9999, -9999, 70, -9999, -9999, -9999, 61, -9999, -9999, -9999, -9999, -9999, -9999, -9999, -9999, -9999, -9999, 16, -9999, -9999, -9999, -9999, -9999, -9999, -9999, -9999, -9999, 12, -9999, 39, 67, 5, -9999, -9999, -9999, -9999, 75, -9999, -9999, -9999, -9999, 36, -9999, -9999, -9999, -9999, -9999, -9999, -9999, -9999, -9999, -9999, -9999, 12, -9999, -9999, -9999, -9999, -9999, -9999, -9999, -9999, -9999, -9999, 64, -9999, -9999, -9999, -9999, -9999, -9999, 60, -9999, -9999, 64, -9999, -9999, -9999, -9999, 87, 1, 1, 1, 1, 1],
[-9999, -9999, -9999, -9999, -9999, -9999, -9999, -9999, -9999, -9999, -9999, 71, -9999, -9999, -9999, -9999, -9999, -9999, -9999, -9999, -9999, -9999, -9999, -9999, -9999, -9999, -9999, 11, -9999, -9999, -9999, -9999, -9999, -9999, -9999, -9999, -9999, -9999, -9999, -9999, -9999, -9999, -9999, 5, -9999, -9999, -9999, -9999, -9999, -9999, -9999, -9999, -9999, -9999, -9999, -9999, -9999, -9999, -9999, -9999, -9999, -9999, -9999, -9999, -9999, -9999, -9999, -9999, -9999, -9999, 70, -9999, 40, -9999, -9999, -9999, -9999, -9999, -9999, -9999, 52, -9999, -9999, -9999, -9999, -9999, -9999, -9999, -9999, -9999, 30, -9999, -9999, -9999, -9999, -9999, 93, -9999, -9999, -9999, 1, 1, 1, 1, 1],
[-9999, -9999, -9999, -9999, -9999, -9999, -9999, -9999, 15, -9999, -9999, -9999, -9999, -9999, -9999, -9999, -9999, -9999, -9999, -9999, -9999, -9999, -9999, -9999, -9999, -9999, -9999, -9999, -9999, -9999, -9999, -9999, -9999, -9999, -9999, -9999, -9999, -9999, -9999, -9999, -9999, -9999, -9999, 20, -9999, -9999, -9999, -9999, -9999, -9999, -9999, -9999, -9999, -9999, -9999, -9999, -9999, -9999, -9999, -9999, -9999, -9999, -9999, -9999, -9999, -9999, -9999, -9999, -9999, -9999, -9999, -9999, 7, -9999, -9999, -9999, -9999, -9999, -9999, -9999, 37, -9999, -9999, -9999, -9999, -9999, -9999, -9999, -9999, -9999, -9999, -9999, -9999, -9999, -9999, -9999, -9999, -9999, -9999, -9999, 1, 1, 1, 1, 1],
[-9999, -9999, -9999, -9999, -9999, 41, -9999, 29, -9999, -9999, -9999, 33, -9999, 23, 43, -9999, -9999, 26, 75, -9999, -9999, -9999, -9999, -9999, -9999, -9999, 19, -9999, -9999, -9999, -9999, -9999, 12, -9999, -9999, -9999, -9999, 86, -9999, -9999, -9999, -9999, -9999, -9999, -9999, -9999, -9999, 68, 24, 57, 89, 64, -9999, -9999, 61, -9999, -9999, -9999, -9999, -9999, -9999, 70, -9999, -9999, -9999, -9999, -9999, -9999, -9999, -9999, -9999, -9999, -9999, 34, 97, -9999, -9999, -9999, -9999, -9999, -9999, -9999, -9999, -9999, 19, -9999, -9999, -9999, -9999, -9999, -9999, 9, -9999, -9999, -9999, -9999, -9999, -9999, -9999, 60, 1, 1, 1, 1, 1],
[-9999, -9999, -9999, -9999, -9999, -9999, 5, -9999, 41, -9999, -9999, -9999, 3, 96, 70, -9999, -9999, 68, -9999, -9999, 95, -9999, -9999, -9999, -9999, -9999, 37, 82, -9999, -9999, -9999, 26, 18, 66, 89, 36, 67, -9999, 24, -9999, 11, -9999, -9999, -9999, -9999, -9999, -9999, 38, 38, 95, -9999, 49, -9999, -9999, 82, 47, 72, -9999, -9999, -9999, -9999, 36, 64, 36, -9999, -9999, 58, -9999, -9999, -9999, -9999, -9999, -9999, -9999, -9999, -9999, -9999, -9999, -9999, 16, -9999, -9999, -9999, -9999, 1, -9999, -9999, -9999, -9999, 95, 8, -9999, 19, -9999, -9999, -9999, -9999, -9999, -9999, -9999, 1, 1, 1, 1, 1],
[-9999, -9999, -9999, -9999, -9999, -9999, -9999, 80, -9999, -9999, -9999, 81, -9999, -9999, -9999, -9999, -9999, 11, 76, 78, -9999, -9999, 42, -9999, -9999, -9999, 17, -9999, -9999, -9999, -9999, -9999, -9999, -9999, -9999, -9999, -9999, 26, -9999, -9999, -9999, -9999, -9999, -9999, -9999, -9999, -9999, 32, 22, -9999, 47, -9999, -9999, -9999, 39, -9999, 51, -9999, -9999, 36, -9999, 1, -9999, -9999, -9999, -9999, -9999, -9999, -9999, -9999, -9999, -9999, -9999, -9999, 76, -9999, -9999, -9999, -9999, -9999, -9999, -9999, -9999, -9999, 39, -9999, -9999, -9999, -9999, -9999, -9999, -9999, -9999, -9999, -9999, -9999, -9999, -9999, -9999, 92, 1, 1, 1, 1, 1],
[-9999, -9999, -9999, -9999, -9999, -9999, -9999, -9999, 45, 19, -9999, 51, 38, 5, -9999, -9999, -9999, 18, -9999, -9999, 19, -9999, -9999, -9999, -9999, 88, 21, 83, -9999, -9999, -9999, -9999, -9999, 58, 74, -9999, 92, -9999, -9999, -9999, 59, -9999, -9999, 15, -9999, -9999, 93, -9999, -9999, 18, -9999, 11, 76, -9999, 62, 48, 7, -9999, -9999, -9999, -9999, 44, 32, -9999, 93, -9999, -9999, -9999, -9999, -9999, 36, -9999, 87, -9999, -9999, -9999, -9999, -9999, -9999, -9999, 29, -9999, -9999, -9999, 91, 78, 49, 77, -9999, 13, 76, -9999, -9999, -9999, -9999, -9999, -9999, -9999, 81, -9999, 1, 1, 1, 1, 1],
[-9999, -9999, -9999, -9999, -9999, -9999, -9999, -9999, -9999, -9999, -9999, -9999, -9999, -9999, 37, -9999, -9999, 54, 71, -9999, -9999, -9999, 74, -9999, -9999, -9999, 19, -9999, -9999, -9999, -9999, -9999, -9999, -9999, -9999, -9999, -9999, -9999, -9999, -9999, -9999, -9999, -9999, -9999, -9999, -9999, -9999, 6, -9999, 79, 73, 7, -9999, -9999, -9999, -9999, 85, -9999, -9999, -9999, -9999, 83, -9999, -9999, -9999, -9999, -9999, -9999, -9999, -9999, -9999, 70, -9999, -9999, -9999, -9999, -9999, -9999, -9999, -9999, -9999, -9999, -9999, 6, 92, -9999, -9999, -9999, -9999, -9999, -9999, -9999, -9999, -9999, -9999, -9999, -9999, -9999, -9999, 60, 1, 1, 1, 1, 1],
[-9999, -9999, -9999, -9999, -9999, -9999, 36, -9999, -9999, 63, -9999, 91, 79, -9999, 48, -9999, -9999, 41, 87, -9999, 94, -9999, 71, -9999, 73, -9999, 75, 10, -9999, -9999, -9999, -9999, -9999, -9999, 21, -9999, 71, -9999, 100, -9999, -9999, -9999, -9999, -9999, -9999, -9999, -9999, -9999, -9999, 100, 98, -9999, -9999, -9999, 47, 34, 95, -9999, -9999, -9999, -9999, 21, 17, 9, 55, -9999, -9999, -9999, 41, -9999, 11, -9999, -9999, 55, 83, -9999, -9999, 33, -9999, 11, 99, -9999, -9999, -9999, 64, 96, 14, 53, 22, -9999, 26, -9999, -9999, 3, -9999, -9999, -9999, -9999, -9999, -9999, 1, 1, 1, 1, 1],
[-9999, -9999, -9999, -9999, -9999, -9999, -9999, -9999, -9999, -9999, -9999, 73, 1, 41, -9999, -9999, -9999, 44, 83, -9999, 73, -9999, 24, -9999, -9999, 63, 40, 11, -9999, -9999, -9999, 31, 52, 24, -9999, -9999, -9999, -9999, 5, -9999, 59, -9999, 91, 57, -9999, -9999, -9999, 7, -9999, 42, -9999, -9999, 1, -9999, 23, -9999, 81, -9999, -9999, -9999, -9999, 2, 57, 53, 2, 64, 4, -9999, 77, 16, 86, 23, 64, -9999, -9999, -9999, -9999, 47, -9999, -9999, 39, -9999, -9999, -9999, 88, 87, 69, -9999, -9999, 9, 36, -9999, -9999, 68, -9999, -9999, -9999, -9999, 51, -9999, 1, 1, 1, 1, 1],
[-9999, -9999, -9999, -9999, -9999, -9999, -9999, -9999, 64, 42, -9999, 14, -9999, 54, -9999, -9999, -9999, -9999, 45, -9999, 54, -9999, -9999, -9999, -9999, 91, 69, -9999, -9999, -9999, 16, -9999, 81, 24, 27, -9999, 41, -9999, 99, -9999, 48, -9999, 5, 72, -9999, -9999, -9999, 42, -9999, -9999, 52, -9999, 44, -9999, -9999, -9999, 13, -9999, -9999, -9999, -9999, 37, -9999, 73, 2, 20, -9999, -9999, -9999, -9999, 21, -9999, -9999, 47, -9999, -9999, -9999, 21, -9999, 25, 68, -9999, -9999, -9999, 99, -9999, 60, 47, -9999, 56, 91, -9999, 2, 90, -9999, -9999, -9999, -9999, 89, 47, 1, 1, 1, 1, 1],
[-9999, -9999, -9999, -9999, -9999, -9999, -9999, -9999, 25, -9999, 47, -9999, -9999, 74, 96, -9999, -9999, -9999, -9999, -9999, 94, -9999, 57, -9999, -9999, 48, 34, -9999, -9999, -9999, -9999, 77, 43, 79, 68, -9999, -9999, -9999, 48, -9999, 69, -9999, -9999, 89, -9999, -9999, -9999, 9, -9999, 22, 1, 38, 28, -9999, -9999, 10, -9999, -9999, -9999, -9999, -9999, -9999, 97, 36, 70, 86, -9999, -9999, 60, 47, -9999, -9999, 81, 78, 86, -9999, -9999, 100, -9999, -9999, -9999, -9999, -9999, -9999, 81, -9999, 72, -9999, -9999, 35, 29, -9999, 74, 68, -9999, -9999, -9999, -9999, 35, 67, 1, 1, 1, 1, 1],
[-9999, -9999, -9999, -9999, -9999, 24, -9999, -9999, -9999, -9999, -9999, 16, -9999, -9999, 2, -9999, -9999, 64, 83, 38, 71, -9999, 36, -9999, -9999, 55, 1, -9999, 84, -9999, -9999, 7, 20, 89, 55, -9999, 100, -9999, 91, -9999, 81, -9999, 84, 44, -9999, 58, 6, 69, 99, -9999, -9999, 26, -9999, -9999, 73, 86, -9999, -9999, 33, 23, 51, -9999, -9999, 28, 34, -9999, -9999, -9999, -9999, 86, 2, -9999, 8, 57, -9999, 12, -9999, 15, -9999, 29, 92, -9999, -9999, -9999, 3, -9999, 32, 5, -9999, 75, 60, 87, -9999, 6, 16, -9999, -9999, -9999, 1, 19, 1, 1, 1, 1, 1],
[-9999, -9999, -9999, -9999, -9999, -9999, -9999, -9999, 97, -9999, -9999, -9999, -9999, -9999, -9999, -9999, -9999, -9999, -9999, -9999, -9999, -9999, -9999, -9999, -9999, -9999, -9999, -9999, -9999, -9999, -9999, -9999, -9999, -9999, -9999, -9999, -9999, -9999, -9999, -9999, -9999, -9999, -9999, 88, -9999, -9999, -9999, -9999, -9999, -9999, -9999, -9999, -9999, -9999, -9999, -9999, -9999, -9999, -9999, -9999, -9999, -9999, -9999, -9999, -9999, -9999, -9999, -9999, -9999, -9999, 62, -9999, -9999, -9999, -9999, -9999, -9999, -9999, -9999, -9999, 91, -9999, -9999, -9999, -9999, -9999, -9999, -9999, -9999, -9999, 56, -9999, -9999, -9999, -9999, -9999, -9999, -9999, -9999, -9999, 1, 1, 1, 1, 1],
[-9999, -9999, -9999, -9999, -9999, -9999, -9999, -9999, -9999, -9999, -9999, 8, -9999, 4, -9999, -9999, -9999, 97, -9999, -9999, -9999, -9999, 57, -9999, -9999, -9999, 98, -9999, -9999, -9999, -9999, -9999, -9999, -9999, -9999, -9999, -9999, -9999, -9999, -9999, -9999, -9999, -9999, -9999, -9999, -9999, -9999, -9999, -9999, -9999, 33, -9999, -9999, -9999, 62, -9999, -9999, -9999, -9999, -9999, -9999, 61, -9999, -9999, -9999, -9999, -9999, -9999, -9999, -9999, -9999, -9999, -9999, -9999, -9999, -9999, -9999, -9999, -9999, -9999, -9999, -9999, -9999, -9999, 85, -9999, -9999, -9999, -9999, -9999, -9999, -9999, -9999, -9999, -9999, -9999, -9999, -9999, -9999, 44, 1, 1, 1, 1, 1],
[-9999, -9999, -9999, -9999, -9999, -9999, -9999, -9999, 74, -9999, -9999, 32, -9999, -9999, -9999, -9999, -9999, 60, -9999, -9999, -9999, -9999, -9999, -9999, -9999, -9999, -9999, 61, -9999, -9999, -9999, -9999, -9999, -9999, -9999, -9999, -9999, -9999, -9999, -9999, -9999, -9999, -9999, 54, -9999, -9999, -9999, -9999, -9999, -9999, -9999, -9999, -9999, -9999, -9999, -9999, -9999, -9999, -9999, -9999, -9999, -9999, -9999, -9999, -9999, -9999, -9999, -9999, -9999, -9999, 88, -9999, 6, -9999, -9999, -9999, -9999, -9999, -9999, -9999, 70, -9999, -9999, -9999, -9999, -9999, -9999, -9999, -9999, -9999, 95, -9999, -9999, -9999, -9999, -9999, -9999, -9999, -9999, -9999, 1, 1, 1, 1, 1],
[-9999, -9999, -9999, -9999, -9999, 60, -9999, -9999, -9999, -9999, -9999, -9999, -9999, -9999, 74, -9999, -9999, 62, -9999, -9999, -9999, -9999, 39, -9999, -9999, -9999, 96, -9999, -9999, -9999, -9999, -9999, 59, -9999, -9999, -9999, -9999, -9999, -9999, -9999, -9999, -9999, -9999, -9999, -9999, -9999, -9999, 57, -9999, 87, 78, 31, -9999, -9999, 16, -9999, 19, -9999, -9999, -9999, -9999, 25, -9999, -9999, -9999, -9999, -9999, -9999, -9999, -9999, -9999, -9999, -9999, 74, -9999, -9999, -9999, -9999, -9999, -9999, -9999, -9999, -9999, -9999, 77, -9999, -9999, -9999, -9999, -9999, -9999, 51, -9999, -9999, 24, -9999, -9999, -9999, -9999, 39, 1, 1, 1, 1, 1],
[-9999, -9999, -9999, -9999, -9999, -9999, -9999, -9999, -9999, -9999, -9999, 82, -9999, -9999, -9999, -9999, -9999, 34, -9999, -9999, -9999, -9999, -9999, -9999, -9999, -9999, 68, -9999, -9999, -9999, -9999, -9999, -9999, -9999, -9999, -9999, -9999, -9999, -9999, -9999, -9999, -9999, -9999, -9999, 18, -9999, -9999, 14, -9999, 97, 5, -9999, -9999, -9999, 96, -9999, 5, -9999, -9999, -9999, -9999, 69, -9999, -9999, -9999, -9999, -9999, -9999, -9999, -9999, -9999, -9999, -9999, -9999, -9999, -9999, -9999, -9999, 37, -9999, -9999, -9999, -9999, -9999, 31, -9999, -9999, -9999, -9999, -9999, -9999, -9999, -9999, -9999, -9999, -9999, -9999, -9999, -9999, -9999, 1, 1, 1, 1, 1],
[-9999, -9999, -9999, -9999, -9999, -9999, 21, -9999, 60, 96, -9999, -9999, 5, -9999, -9999, -9999, -9999, -9999, 64, -9999, 3, -9999, 25, -9999, -9999, 27, 25, -9999, -9999, -9999, 78, 46, 46, 26, 55, -9999, -9999, -9999, 89, -9999, -9999, 13, -9999, -9999, -9999, -9999, 11, -9999, 15, 43, 5, -9999, 64, 4, 4, -9999, -9999, -9999, -9999, -9999, -9999, 62, 39, 97, 62, 83, 51, -9999, -9999, -9999, 48, -9999, 90, 17, -9999, -9999, -9999, 49, -9999, 85, 60, 1, -9999, -9999, 76, -9999, -9999, 84, -9999, 87, 79, -9999, 42, -9999, -9999, -9999, -9999, -9999, -9999, -9999, 1, 1, 1, 1, 1],
[-9999, -9999, -9999, -9999, -9999, -9999, 48, -9999, 78, 59, -9999, 15, -9999, -9999, 36, -9999, -9999, 92, -9999, -9999, 23, -9999, -9999, -9999, 69, -9999, 11, 92, -9999, -9999, -9999, 38, -9999, 49, 81, -9999, -9999, -9999, 5, -9999, 18, -9999, 28, 12, -9999, -9999, -9999, -9999, 65, 96, 48, 92, -9999, -9999, 1, -9999, -9999, -9999, -9999, -9999, -9999, -9999, -9999, 96, -9999, 14, -9999, -9999, 80, 14, 92, -9999, -9999, 76, -9999, -9999, -9999, 73, -9999, 69, 44, -9999, -9999, -9999, 33, -9999, -9999, 64, -9999, 65, -9999, -9999, -9999, 100, -9999, -9999, -9999, -9999, 28, 94, 1, 1, 1, 1, 1],
[-9999, -9999, -9999, -9999, -9999, -9999, -9999, -9999, -9999, -9999, -9999, 29, -9999, 17, 41, -9999, -9999, -9999, 10, -9999, -9999, -9999, -9999, -9999, -9999, -9999, 45, -9999, -9999, -9999, -9999, -9999, 46, -9999, -9999, -9999, -9999, -9999, -9999, -9999, -9999, -9999, -9999, -9999, -9999, -9999, -9999, 60, -9999, -9999, 1, -9999, -9999, -9999, 88, -9999, -9999, -9999, -9999, -9999, -9999, 93, -9999, -9999, -9999, -9999, -9999, -9999, -9999, -9999, -9999, -9999, -9999, 58, -9999, -9999, -9999, -9999, 82, -9999, -9999, -9999, -9999, -9999, 65, -9999, -9999, -9999, -9999, -9999, -9999, -9999, -9999, -9999, -9999, -9999, -9999, -9999, -9999, -9999, 1, 1, 1, 1, 1],
[-9999, -9999, -9999, -9999, -9999, 38, 5, -9999, 62, -9999, -9999, 53, -9999, 66, -9999, -9999, -9999, -9999, -9999, 64, 89, -9999, 64, 27, -9999, 78, 46, 14, 49, -9999, 7, -9999, -9999, -9999, 62, 6, 9, 48, 47, -9999, -9999, 9, 62, -9999, -9999, 82, -9999, 8, 88, 24, -9999, -9999, -9999, -9999, -9999, 39, 56, -9999, -9999, 39, -9999, 44, 6, -9999, -9999, 28, -9999, -9999, -9999, -9999, -9999, -9999, 53, 81, 46, 56, -9999, 3, -9999, 95, 36, -9999, -9999, -9999, 19, -9999, 32, -9999, -9999, 73, 84, -9999, -9999, -9999, 34, 17, -9999, -9999, 6, 99, 1, 1, 1, 1, 1],
[-9999, -9999, -9999, -9999, -9999, -9999, 91, -9999, 38, 56, -9999, 35, 68, 27, -9999, -9999, -9999, 13, 51, -9999, 84, -9999, 35, 37, -9999, 20, 52, 37, -9999, -9999, -9999, -9999, 52, -9999, 75, -9999, -9999, -9999, -9999, -9999, 27, 64, 34, 98, -9999, -9999, 43, -9999, 81, 69, 15, 10, 83, -9999, 32, 32, -9999, 72, -9999, -9999, -9999, 27, 3, 76, 36, 9, 34, -9999, -9999, 34, 88, -9999, 4, 23, -9999, -9999, -9999, -9999, -9999, -9999, -9999, -9999, -9999, -9999, 31, -9999, -9999, 25, -9999, -9999, -9999, -9999, 70, -9999, -9999, -9999, -9999, -9999, 34, 35, 1, 1, 1, 1, 1],
[-9999, -9999, -9999, -9999, -9999, -9999, -9999, -9999, -9999, -9999, -9999, -9999, -9999, -9999, -9999, -9999, -9999, 60, -9999, -9999, -9999, -9999, -9999, -9999, -9999, -9999, -9999, -9999, -9999, -9999, -9999, -9999, -9999, -9999, -9999, -9999, -9999, -9999, -9999, -9999, -9999, -9999, -9999, 23, -9999, -9999, -9999, -9999, -9999, -9999, -9999, -9999, -9999, -9999, -9999, -9999, -9999, -9999, -9999, -9999, -9999, -9999, -9999, -9999, -9999, -9999, -9999, -9999, -9999, -9999, 46, -9999, 5, -9999, -9999, -9999, -9999, -9999, -9999, -9999, 68, -9999, -9999, -9999, -9999, -9999, -9999, -9999, -9999, -9999, -9999, -9999, -9999, -9999, -9999, -9999, -9999, -9999, -9999, -9999, 1, 1, 1, 1, 1],
[-9999, -9999, -9999, -9999, -9999, -9999, -9999, -9999, -9999, -9999, -9999, 74, -9999, 9, -9999, -9999, -9999, -9999, 79, -9999, -9999, -9999, -9999, -9999, -9999, -9999, 9, -9999, -9999, -9999, -9999, -9999, -9999, -9999, -9999, -9999, -9999, -9999, -9999, -9999, -9999, -9999, -9999, -9999, -9999, -9999, -9999, -9999, 34, -9999, 6, 25, -9999, -9999, -9999, -9999, 5, -9999, -9999, -9999, -9999, 69, -9999, -9999, -9999, -9999, -9999, -9999, -9999, -9999, -9999, -9999, -9999, 94, 91, -9999, -9999, -9999, -9999, -9999, -9999, -9999, -9999, -9999, 1, -9999, -9999, -9999, -9999, -9999, -9999, -9999, -9999, -9999, -9999, -9999, -9999, -9999, -9999, -9999, 1, 1, 1, 1, 1],
[-9999, -9999, -9999, -9999, -9999, -9999, -9999, -9999, 42, -9999, -9999, 86, -9999, -9999, -9999, -9999, -9999, 57, -9999, -9999, -9999, -9999, -9999, -9999, -9999, -9999, -9999, 78, -9999, -9999, -9999, -9999, -9999, -9999, -9999, -9999, -9999, -9999, -9999, -9999, -9999, -9999, -9999, 95, -9999, -9999, -9999, -9999, -9999, -9999, -9999, -9999, -9999, -9999, -9999, -9999, -9999, -9999, -9999, -9999, -9999, -9999, -9999, -9999, -9999, -9999, -9999, -9999, -9999, -9999, -9999, -9999, -9999, -9999, -9999, -9999, -9999, -9999, -9999, -9999, 11, -9999, -9999, -9999, -9999, -9999, -9999, -9999, -9999, -9999, -9999, -9999, -9999, -9999, -9999, -9999, -9999, -9999, -9999, -9999, 1, 1, 1, 1, 1],
[-9999, -9999, -9999, -9999, -9999, -9999, -9999, -9999, -9999, -9999, -9999, -9999, -9999, -9999, -9999, -9999, -9999, 84, -9999, -9999, -9999, -9999, -9999, -9999, -9999, -9999, -9999, 61, -9999, -9999, -9999, -9999, -9999, -9999, -9999, -9999, -9999, -9999, -9999, -9999, -9999, -9999, -9999, 92, -9999, -9999, -9999, -9999, -9999, -9999, -9999, -9999, -9999, -9999, -9999, -9999, -9999, 14, -9999, -9999, -9999, -9999, -9999, -9999, -9999, -9999, -9999, -9999, -9999, -9999, 47, -9999, 3, -9999, -9999, -9999, -9999, -9999, -9999, -9999, 99, -9999, -9999, -9999, -9999, -9999, -9999, -9999, -9999, -9999, -9999, -9999, -9999, -9999, -9999, -9999, -9999, -9999, -9999, -9999, 1, 1, 1, 1, 1],
[-9999, -9999, -9999, -9999, -9999, 97, -9999, -9999, -9999, -9999, -9999, 31, -9999, 32, 34, -9999, -9999, 27, 2, 83, -9999, -9999, 11, -9999, -9999, -9999, 78, -9999, -9999, -9999, -9999, -9999, -9999, -9999, -9999, -9999, -9999, -9999, -9999, -9999, -9999, -9999, -9999, -9999, 97, -9999, -9999, 14, -9999, -9999, -9999, 30, -9999, -9999, 60, -9999, 25, -9999, -9999, 72, -9999, 61, -9999, -9999, -9999, -9999, -9999, -9999, -9999, -9999, -9999, -9999, -9999, 89, 19, -9999, -9999, -9999, -9999, -9999, -9999, -9999, -9999, -9999, 20, -9999, -9999, -9999, -9999, -9999, -9999, -9999, -9999, -9999, 39, -9999, -9999, -9999, -9999, 45, 1, 1, 1, 1, 1],
[-9999, -9999, -9999, -9999, -9999, -9999, 14, -9999, -9999, 86, -9999, -9999, -9999, 22, -9999, -9999, -9999, -9999, 28, -9999, -9999, -9999, 26, -9999, -9999, 51, 51, -9999, -9999, -9999, -9999, 67, -9999, 79, 28, -9999, -9999, -9999, 86, -9999, -9999, -9999, 89, 80, -9999, -9999, 63, -9999, 69, 15, 17, 85, -9999, -9999, 97, 24, 63, -9999, -9999, -9999, -9999, 79, 53, -9999, -9999, 59, 9, -9999, 37, 14, -9999, -9999, -9999, -9999, -9999, -9999, -9999, 40, -9999, 35, -9999, -9999, -9999, -9999, 73, -9999, -9999, 94, 86, -9999, 70, -9999, 16, -9999, -9999, -9999, -9999, -9999, -9999, 54, 1, 1, 1, 1, 1],
[-9999, -9999, -9999, -9999, -9999, -9999, -9999, -9999, -9999, -9999, -9999, 58, 18, -9999, 20, -9999, -9999, 39, -9999, -9999, 65, -9999, -9999, -9999, -9999, 89, 58, 70, -9999, -9999, -9999, 89, -9999, 99, 92, -9999, -9999, -9999, 52, -9999, -9999, -9999, 16, 19, -9999, -9999, 55, -9999, 20, -9999, 41, 8, -9999, -9999, -9999, 32, -9999, -9999, -9999, -9999, -9999, 49, 88, 72, 29, 50, -9999, -9999, -9999, 31, -9999, -9999, -9999, 11, -9999, -9999, -9999, 45, -9999, -9999, -9999, -9999, -9999, -9999, 82, -9999, 70, -9999, -9999, 15, -9999, -9999, -9999, -9999, -9999, -9999, 40, -9999, -9999, -9999, 1, 1, 1, 1, 1],
[-9999, -9999, -9999, -9999, -9999, -9999, -9999, -9999, 8, 57, -9999, 7, 99, -9999, -9999, -9999, -9999, -9999, -9999, -9999, -9999, -9999, -9999, -9999, -9999, -9999, 79, -9999, -9999, -9999, -9999, 44, 37, 18, 16, -9999, 50, -9999, -9999, -9999, -9999, -9999, 41, 43, -9999, -9999, -9999, -9999, 84, 96, 37, 74, -9999, -9999, -9999, -9999, 17, -9999, -9999, -9999, -9999, 10, 83, 54, 73, 36, -9999, -9999, 52, -9999, 5, -9999, 10, 1, -9999, -9999, -9999, -9999, -9999, 31, 58, -9999, -9999, -9999, 65, -9999, 12, 81, 27, 86, 25, -9999, 74, -9999, -9999, -9999, -9999, -9999, 74, 87, 1, 1, 1, 1, 1],
[-9999, -9999, -9999, -9999, -9999, -9999, -9999, -9999, 58, -9999, -9999, 41, -9999, -9999, -9999, -9999, -9999, 29, -9999, -9999, -9999, -9999, -9999, -9999, -9999, -9999, -9999, 15, -9999, -9999, -9999, -9999, -9999, -9999, -9999, -9999, -9999, -9999, -9999, -9999, -9999, -9999, -9999, 94, -9999, -9999, -9999, -9999, -9999, -9999, -9999, -9999, -9999, -9999, -9999, -9999, -9999, -9999, -9999, -9999, -9999, -9999, -9999, -9999, -9999, -9999, -9999, -9999, -9999, -9999, -9999, -9999, 21, -9999, -9999, -9999, -9999, -9999, -9999, -9999, -9999, -9999, -9999, -9999, -9999, -9999, -9999, -9999, -9999, -9999, -9999, -9999, -9999, -9999, -9999, -9999, -9999, -9999, -9999, -9999, 1, 1, 1, 1, 1],
[-9999, -9999, -9999, -9999, -9999, -9999, -9999, -9999, -9999, -9999, -9999, -9999, -9999, 26, -9999, -9999, -9999, 56, -9999, -9999, -9999, -9999, 80, -9999, -9999, -9999, 68, -9999, -9999, -9999, -9999, -9999, -9999, -9999, -9999, -9999, -9999, -9999, -9999, -9999, -9999, -9999, -9999, -9999, -9999, -9999, -9999, -9999, 93, 58, 28, -9999, -9999, -9999, 17, -9999, -9999, -9999, -9999, -9999, -9999, 78, -9999, -9999, -9999, -9999, -9999, -9999, -9999, -9999, -9999, -9999, -9999, 35, -9999, -9999, -9999, -9999, -9999, -9999, -9999, -9999, -9999, 76, 98, -9999, -9999, -9999, -9999, -9999, -9999, -9999, -9999, -9999, -9999, -9999, -9999, -9999, -9999, -9999, 1, 1, 1, 1, 1],
[-9999, -9999, -9999, -9999, -9999, -9999, -9999, -9999, -9999, 61, -9999, -9999, 39, 17, 19, -9999, -9999, 10, -9999, -9999, -9999, -9999, -9999, -9999, -9999, -9999, 24, 37, -9999, -9999, -9999, 18, 37, 35, 19, -9999, -9999, -9999, 7, 93, 64, -9999, -9999, 87, -9999, -9999, 69, -9999, -9999, -9999, 14, 37, 95, -9999, -9999, -9999, 74, -9999, -9999, -9999, -9999, 86, 17, 50, 16, 95, -9999, -9999, -9999, 23, 75, -9999, 68, 72, -9999, -9999, -9999, 49, -9999, 96, 58, -9999, -9999, -9999, 15, -9999, 48, -9999, -9999, 28, -9999, -9999, 38, 80, -9999, -9999, -9999, -9999, -9999, 60, 1, 1, 1, 1, 1],
[-9999, -9999, -9999, -9999, -9999, -9999, 49, -9999, 98, 74, -9999, 63, -9999, 93, -9999, -9999, -9999, -9999, -9999, -9999, -9999, -9999, 73, -9999, -9999, -9999, 25, 17, -9999, -9999, -9999, -9999, 85, 30, 97, -9999, 5, -9999, 29, -9999, -9999, -9999, 31, 33, -9999, -9999, 75, -9999, 15, -9999, -9999, -9999, -9999, -9999, 74, -9999, -9999, 5, -9999, -9999, -9999, 68, 26, 67, 36, 91, -9999, -9999, -9999, 56, 20, -9999, -9999, 62, -9999, -9999, -9999, 91, 45, 63, -9999, -9999, -9999, -9999, 44, -9999, 79, 31, -9999, 62, -9999, -9999, 27, 53, -9999, -9999, -9999, -9999, -9999, -9999, 1, 1, 1, 1, 1],
[-9999, -9999, -9999, -9999, -9999, -9999, -9999, -9999, -9999, -9999, -9999, 68, -9999, 34, -9999, -9999, -9999, 90, 54, -9999, -9999, -9999, 8, -9999, -9999, -9999, 91, -9999, -9999, -9999, -9999, -9999, -9999, -9999, -9999, -9999, -9999, -9999, -9999, -9999, -9999, -9999, -9999, -9999, -9999, -9999, -9999, 78, 33, 33, 7, -9999, -9999, -9999, 62, -9999, 53, -9999, -9999, -9999, -9999, 100, -9999, -9999, -9999, -9999, -9999, -9999, -9999, -9999, -9999, -9999, -9999, -9999, -9999, -9999, -9999, -9999, -9999, -9999, -9999, -9999, -9999, -9999, 69, -9999, -9999, -9999, -9999, -9999, -9999, -9999, -9999, -9999, -9999, -9999, -9999, -9999, -9999, 45, 1, 1, 1, 1, 1],
[-9999, -9999, -9999, -9999, -9999, -9999, -9999, -9999, -9999, -9999, -9999, 11, -9999, -9999, -9999, -9999, -9999, 80, -9999, -9999, -9999, -9999, -9999, -9999, -9999, -9999, -9999, 37, -9999, -9999, -9999, -9999, -9999, -9999, -9999, -9999, -9999, -9999, -9999, -9999, -9999, -9999, -9999, 71, -9999, -9999, -9999, -9999, -9999, -9999, -9999, -9999, -9999, -9999, -9999, -9999, -9999, 76, -9999, -9999, -9999, -9999, -9999, -9999, -9999, -9999, -9999, -9999, -9999, -9999, 77, -9999, 66, -9999, -9999, -9999, -9999, -9999, -9999, -9999, 49, -9999, -9999, -9999, -9999, -9999, -9999, -9999, -9999, -9999, 16, -9999, -9999, -9999, -9999, -9999, -9999, -9999, -9999, -9999, 1, 1, 1, 1, 1],
[-9999, -9999, -9999, -9999, -9999, -9999, -9999, -9999, 3, 82, -9999, -9999, 66, 17, -9999, -9999, -9999, 63, -9999, -9999, 57, -9999, 62, -9999, -9999, 17, 92, -9999, -9999, -9999, -9999, 48, -9999, -9999, 6, -9999, 6, -9999, 72, -9999, 43, -9999, 90, -9999, -9999, -9999, 28, 28, 17, 8, 2, 29, -9999, -9999, -9999, 43, 30, -9999, -9999, -9999, -9999, 62, -9999, 36, 20, 85, 57, -9999, -9999, 99, -9999, -9999, 7, 26, -9999, -9999, -9999, 87, -9999, 85, 70, -9999, -9999, -9999, 8, -9999, -9999, 53, -9999, 98, -9999, -9999, 91, 11, -9999, -9999, -9999, -9999, -9999, 6, 1, 1, 1, 1, 1],
[-9999, -9999, -9999, -9999, -9999, -9999, 83, -9999, 47, -9999, -9999, 75, 13, 48, 27, -9999, -9999, 49, 43, -9999, 75, -9999, 93, -9999, -9999, -9999, 50, -9999, -9999, -9999, -9999, 60, -9999, -9999, 15, -9999, 97, -9999, 6, -9999, -9999, -9999, 1, -9999, -9999, -9999, 25, 16, 45, 90, 52, -9999, -9999, -9999, 50, -9999, 15, -9999, -9999, -9999, -9999, 46, 73, -9999, 83, 80, 53, -9999, 86, 95, 62, -9999, 58, 59, -9999, -9999, -9999, 69, -9999, 81, 81, -9999, -9999, -9999, 23, -9999, -9999, -9999, -9999, -9999, -9999, -9999, 43, -9999, -9999, -9999, -9999, -9999, 15, -9999, 1, 1, 1, 1, 1],
[-9999, -9999, -9999, -9999, -9999, -9999, -9999, -9999, 58, -9999, -9999, 36, -9999, -9999, -9999, -9999, -9999, -9999, -9999, -9999, -9999, -9999, -9999, -9999, -9999, -9999, -9999, 74, -9999, -9999, -9999, -9999, -9999, -9999, -9999, -9999, -9999, -9999, -9999, -9999, -9999, -9999, -9999, -9999, -9999, -9999, -9999, -9999, -9999, -9999, -9999, -9999, -9999, -9999, -9999, -9999, -9999, -9999, -9999, -9999, -9999, -9999, -9999, -9999, -9999, -9999, -9999, -9999, -9999, -9999, 48, -9999, 32, -9999, -9999, -9999, -9999, -9999, -9999, -9999, 62, -9999, -9999, -9999, -9999, -9999, -9999, -9999, -9999, -9999, 35, -9999, -9999, -9999, -9999, -9999, -9999, -9999, -9999, -9999, 1, 1, 1, 1, 1],
[-9999, -9999, -9999, -9999, -9999, 53, -9999, 60, -9999, -9999, -9999, -9999, -9999, -9999, 14, -9999, -9999, -9999, 17, 68, -9999, -9999, -9999, -9999, -9999, -9999, 73, -9999, -9999, -9999, -9999, -9999, -9999, -9999, -9999, -9999, -9999, -9999, -9999, -9999, -9999, -9999, -9999, -9999, -9999, -9999, -9999, 2, 76, -9999, -9999, -9999, -9999, -9999, 27, -9999, -9999, -9999, -9999, -9999, -9999, 14, -9999, -9999, -9999, -9999, -9999, -9999, -9999, -9999, -9999, 44, -9999, -9999, -9999, -9999, -9999, -9999, -9999, -9999, -9999, -9999, -9999, -9999, 55, -9999, -9999, -9999, -9999, -9999, -9999, 59, -9999, -9999, 91, -9999, -9999, -9999, -9999, -9999, 1, 1, 1, 1, 1],
[-9999, -9999, -9999, -9999, -9999, -9999, -9999, -9999, 22, -9999, -9999, -9999, -9999, -9999, -9999, -9999, -9999, 36, -9999, -9999, -9999, -9999, -9999, -9999, -9999, -9999, -9999, -9999, -9999, -9999, -9999, -9999, -9999, -9999, -9999, -9999, -9999, -9999, -9999, -9999, -9999, -9999, -9999, 79, -9999, -9999, -9999, -9999, -9999, -9999, -9999, -9999, -9999, -9999, -9999, -9999, -9999, -9999, -9999, -9999, -9999, -9999, -9999, -9999, -9999, -9999, -9999, -9999, -9999, -9999, -9999, -9999, 34, -9999, -9999, -9999, -9999, -9999, -9999, -9999, 62, -9999, -9999, -9999, -9999, -9999, -9999, -9999, -9999, -9999, 21, -9999, -9999, -9999, -9999, -9999, -9999, -9999, -9999, -9999, 1, 1, 1, 1, 1],
[-9999, -9999, -9999, -9999, -9999, -9999, -9999, -9999, -9999, -9999, -9999, 92, -9999, -9999, -9999, -9999, -9999, -9999, -9999, -9999, -9999, -9999, -9999, -9999, -9999, -9999, -9999, -9999, -9999, -9999, -9999, -9999, -9999, -9999, -9999, -9999, -9999, 17, -9999, -9999, -9999, -9999, -9999, -9999, -9999, -9999, -9999, -9999, -9999, -9999, -9999, -9999, -9999, -9999, -9999, -9999, -9999, -9999, -9999, -9999, -9999, -9999, -9999, -9999, -9999, -9999, -9999, -9999, -9999, -9999, -9999, -9999, -9999, -9999, -9999, -9999, -9999, -9999, -9999, -9999, -9999, -9999, -9999, -9999, -9999, -9999, -9999, -9999, -9999, -9999, -9999, -9999, -9999, -9999, -9999, -9999, -9999, -9999, -9999, -9999, 1, 1, 1, 1, 1],
[-9999, -9999, -9999, -9999, -9999, -9999, 48, -9999, 69, 39, -9999, -9999, 5, -9999, 75, 94, -9999, -9999, 20, -9999, 35, -9999, 39, -9999, -9999, 59, 89, 3, -9999, -9999, -9999, 90, 65, -9999, 81, 92, 52, -9999, 74, -9999, -9999, -9999, 51, 79, -9999, -9999, 95, 19, 30, -9999, -9999, 22, -9999, 36, -9999, 3, 18, 29, -9999, -9999, -9999, 49, 35, -9999, -9999, 72, 22, -9999, -9999, 22, -9999, -9999, 8, 89, -9999, -9999, -9999, 4, -9999, -9999, 10, -9999, -9999, -9999, 18, -9999, 71, -9999, -9999, 55, -9999, -9999, 50, 28, -9999, -9999, -9999, -9999, -9999, -9999, 1, 1, 1, 1, 1],
[-9999, -9999, -9999, -9999, -9999, -9999, -9999, -9999, 85, 81, -9999, 25, 45, -9999, 28, -9999, -9999, 56, 10, -9999, 8, -9999, 70, -9999, -9999, 16, 18, 76, -9999, -9999, -9999, -9999, -9999, 32, 28, -9999, -9999, -9999, 80, -9999, -9999, -9999, 40, 81, -9999, -9999, 75, -9999, 58, -9999, -9999, 94, -9999, -9999, 26, 41, 76, -9999, -9999, -9999, -9999, 19, 60, -9999, 77, 73, 59, -9999, -9999, -9999, -9999, -9999, 15, 21, -9999, -9999, -9999, 84, 37, -9999, -9999, -9999, -9999, -9999, -9999, -9999, -9999, 86, -9999, -9999, 80, -9999, 62, 51, -9999, -9999, -9999, -9999, 54, -9999, 1, 1, 1, 1, 1],
[-9999, -9999, -9999, -9999, -9999, -9999, -9999, -9999, -9999, -9999, -9999, 46, -9999, 38, -9999, -9999, -9999, -9999, -9999, -9999, -9999, -9999, 97, -9999, -9999, -9999, 10, -9999, -9999, -9999, -9999, -9999, -9999, -9999, -9999, -9999, -9999, -9999, -9999, -9999, -9999, -9999, -9999, -9999, -9999, -9999, -9999, 29, 91, 3, 31, -9999, -9999, -9999, 8, -9999, 23, -9999, -9999, -9999, -9999, 79, -9999, -9999, -9999, -9999, -9999, -9999, -9999, -9999, -9999, -9999, -9999, 29, 7, -9999, -9999, -9999, -9999, -9999, -9999, -9999, -9999, -9999, 43, -9999, -9999, -9999, -9999, -9999, -9999, -9999, -9999, -9999, -9999, -9999, -9999, -9999, -9999, -9999, 1, 1, 1, 1, 1],
[-9999, -9999, -9999, -9999, -9999, -9999, -9999, -9999, -9999, -9999, -9999, 26, -9999, 73, 41, -9999, -9999, -9999, -9999, -9999, -9999, -9999, 20, -9999, -9999, -9999, 45, -9999, -9999, -9999, -9999, -9999, -9999, -9999, -9999, -9999, -9999, -9999, -9999, -9999, -9999, -9999, -9999, -9999, -9999, -9999, -9999, 23, 10, -9999, 59, -9999, -9999, -9999, -9999, -9999, -9999, -9999, -9999, -9999, -9999, 77, -9999, -9999, -9999, -9999, -9999, -9999, -9999, -9999, -9999, -9999, -9999, 45, -9999, -9999, -9999, -9999, -9999, -9999, -9999, -9999, -9999, -9999, 25, 59, -9999, -9999, -9999, -9999, -9999, -9999, -9999, -9999, -9999, -9999, -9999, -9999, -9999, 45, 1, 1, 1, 1, 1],
[-9999, -9999, -9999, -9999, -9999, 86, 80, -9999, 82, 43, -9999, -9999, 73, 82, -9999, -9999, -9999, -9999, -9999, 20, 15, -9999, 72, -9999, -9999, 14, 62, 20, 55, -9999, -9999, 68, -9999, -9999, 44, -9999, 3, 13, 43, -9999, 64, -9999, 86, 24, -9999, 71, 49, 20, -9999, -9999, 28, 92, 88, -9999, 19, 82, -9999, -9999, 66, -9999, 85, 40, -9999, 39, -9999, 49, 18, -9999, -9999, 28, 90, -9999, -9999, 98, -9999, 46, -9999, 21, -9999, 89, -9999, -9999, -9999, -9999, 68, -9999, 33, 35, -9999, -9999, -9999, -9999, 59, 52, 20, -9999, -9999, -9999, -9999, -9999, 1, 1, 1, 1, 1],
[-9999, -9999, -9999, -9999, -9999, -9999, 94, -9999, 92, 32, -9999, 58, -9999, 6, 52, 45, -9999, 59, -9999, -9999, 32, -9999, -9999, -9999, -9999, 18, 99, 43, -9999, -9999, 97, -9999, 97, 86, 53, -9999, 49, -9999, 97, -9999, 6, -9999, -9999, 60, -9999, -9999, -9999, 79, 50, -9999, 8, 15, 48, -9999, 89, -9999, 28, -9999, -9999, -9999, -9999, 51, -9999, -9999, 97, 71, -9999, -9999, -9999, 3, 57, -9999, 95, -9999, -9999, -9999, -9999, -9999, 33, 92, 33, -9999, -9999, -9999, 50, -9999, 61, 92, -9999, -9999, -9999, -9999, -9999, -9999, -9999, -9999, -9999, -9999, 7, 15, 1, 1, 1, 1, 1],
[-9999, -9999, -9999, -9999, -9999, -9999, -9999, -9999, -9999, -9999, -9999, -9999, -9999, 43, 86, -9999, -9999, 18, 79, -9999, -9999, -9999, 73, -9999, -9999, -9999, 57, -9999, -9999, -9999, -9999, -9999, 18, -9999, -9999, -9999, -9999, -9999, -9999, -9999, -9999, -9999, -9999, -9999, -9999, -9999, -9999, 83, 64, 67, 40, 67, -9999, -9999, -9999, -9999, 1, -9999, -9999, -9999, -9999, 27, -9999, -9999, -9999, -9999, -9999, -9999, -9999, -9999, -9999, -9999, -9999, 35, -9999, -9999, -9999, -9999, -9999, -9999, -9999, -9999, -9999, -9999, 21, -9999, -9999, -9999, -9999, -9999, -9999, -9999, -9999, -9999, -9999, -9999, -9999, -9999, -9999, 6, 1, 1, 1, 1, 1],
[-9999, -9999, -9999, -9999, -9999, -9999, -9999, -9999, -9999, -9999, -9999, 80, -9999, -9999, -9999, -9999, -9999, 50, -9999, -9999, -9999, -9999, -9999, -9999, -9999, -9999, -9999, 43, -9999, -9999, -9999, -9999, -9999, -9999, -9999, -9999, -9999, -9999, -9999, -9999, -9999, -9999, -9999, -9999, -9999, -9999, -9999, -9999, -9999, -9999, -9999, -9999, -9999, -9999, -9999, -9999, -9999, -9999, -9999, -9999, -9999, -9999, -9999, -9999, -9999, -9999, -9999, -9999, -9999, -9999, -9999, -9999, 57, -9999, -9999, -9999, -9999, -9999, -9999, -9999, 52, -9999, -9999, -9999, -9999, -9999, -9999, -9999, -9999, -9999, 38, -9999, -9999, -9999, -9999, -9999, -9999, -9999, -9999, -9999, 1, 1, 1, 1, 1],
[-9999, -9999, -9999, -9999, -9999, -9999, 4, -9999, 56, 13, -9999, -9999, 83, 4, -9999, -9999, -9999, 48, 13, -9999, 16, -9999, -9999, -9999, -9999, 23, 11, -9999, -9999, -9999, -9999, -9999, 61, -9999, 62, -9999, -9999, -9999, -9999, -9999, -9999, -9999, 72, -9999, -9999, -9999, 79, 46, 45, 48, -9999, -9999, 49, -9999, 3, 84, 64, -9999, -9999, -9999, -9999, 40, -9999, -9999, 70, 1, 10, -9999, 77, -9999, 45, -9999, 28, 88, -9999, -9999, -9999, -9999, -9999, -9999, -9999, -9999, -9999, -9999, 61, -9999, 56, 73, -9999, 20, 33, -9999, -9999, -9999, -9999, -9999, -9999, -9999, 75, 17, 1, 1, 1, 1, 1],
[-9999, -9999, -9999, -9999, -9999, -9999, -9999, -9999, 45, 65, -9999, -9999, 30, 40, 52, -9999, -9999, 5, 16, -9999, 45, -9999, 25, -9999, -9999, -9999, 18, 26, -9999, -9999, -9999, 96, 95, 96, 30, -9999, 49, -9999, 26, -9999, -9999, 43, 75, 59, -9999, -9999, -9999, -9999, -9999, 98, 62, 59, 29, -9999, 6, -9999, -9999, -9999, -9999, -9999, -9999, 79, -9999, 17, 95, 33, 100, -9999, 28, -9999, -9999, -9999, -9999, 13, -9999, -9999, 44, -9999, -9999, -9999, 77, -9999, -9999, -9999, 33, -9999, 52, -9999, -9999, 92, 71, -9999, 63, -9999, -9999, -9999, -9999, -9999, 64, -9999, 1, 1, 1, 1, 1],
[-9999, -9999, -9999, -9999, -9999, -9999, -9999, -9999, -9999, -9999, -9999, 42, -9999, -9999, -9999, -9999, -9999, 81, 44, -9999, -9999, -9999, 19, -9999, -9999, -9999, 15, -9999, -9999, -9999, -9999, -9999, 9, -9999, -9999, -9999, -9999, -9999, -9999, -9999, -9999, -9999, -9999, -9999, -9999, -9999, -9999, -9999, 53, 40, 65, 39, -9999, -9999, 36, -9999, 15, -9999, -9999, -9999, -9999, 26, -9999, -9999, -9999, -9999, -9999, -9999, -9999, -9999, -9999, -9999, -9999, -9999, -9999, -9999, -9999, -9999, -9999, -9999, -9999, -9999, -9999, 94, 30, 17, -9999, -9999, -9999, -9999, -9999, -9999, -9999, -9999, -9999, -9999, -9999, -9999, -9999, 32, 1, 1, 1, 1, 1],
[-9999, -9999, -9999, -9999, -9999, -9999, -9999, -9999, -9999, -9999, -9999, 48, -9999, -9999, 9, -9999, -9999, 21, 5, -9999, -9999, -9999, -9999, -9999, -9999, -9999, 59, -9999, -9999, -9999, -9999, -9999, 48, -9999, -9999, -9999, -9999, -9999, -9999, -9999, -9999, -9999, -9999, -9999, -9999, -9999, -9999, 8, 5, 16, -9999, 5, -9999, -9999, -9999, -9999, -9999, -9999, -9999, -9999, -9999, 78, -9999, -9999, -9999, -9999, -9999, -9999, -9999, -9999, -9999, -9999, -9999, -9999, -9999, -9999, -9999, -9999, 75, -9999, -9999, -9999, -9999, -9999, 2, -9999, -9999, -9999, -9999, -9999, -9999, -9999, -9999, -9999, -9999, -9999, -9999, -9999, -9999, 85, 1, 1, 1, 1, 1],
[-9999, -9999, -9999, -9999, -9999, -9999, -9999, -9999, -9999, -9999, -9999, -9999, -9999, 57, 92, -9999, -9999, -9999, 76, -9999, -9999, -9999, -9999, -9999, -9999, -9999, 37, -9999, -9999, -9999, -9999, -9999, 81, -9999, -9999, -9999, -9999, -9999, -9999, -9999, -9999, -9999, -9999, -9999, -9999, -9999, -9999, -9999, 61, -9999, -9999, 88, -9999, -9999, -9999, -9999, 100, -9999, -9999, -9999, -9999, 76, -9999, -9999, -9999, -9999, -9999, -9999, -9999, -9999, -9999, -9999, -9999, 19, -9999, -9999, -9999, -9999, -9999, -9999, -9999, -9999, -9999, -9999, 54, -9999, -9999, -9999, -9999, -9999, -9999, -9999, -9999, -9999, -9999, -9999, -9999, -9999, -9999, -9999, 1, 1, 1, 1, 1],
[-9999, -9999, -9999, -9999, -9999, -9999, -9999, -9999, -9999, -9999, -9999, 51, -9999, 89, 20, -9999, -9999, -9999, -9999, -9999, -9999, -9999, -9999, -9999, -9999, -9999, 77, -9999, -9999, -9999, -9999, -9999, 79, -9999, -9999, -9999, -9999, -9999, -9999, -9999, -9999, -9999, -9999, -9999, -9999, -9999, -9999, -9999, 53, 50, -9999, 87, -9999, -9999, -9999, -9999, 30, -9999, -9999, -9999, -9999, 66, -9999, -9999, -9999, -9999, -9999, -9999, -9999, -9999, -9999, -9999, -9999, -9999, -9999, -9999, -9999, -9999, -9999, -9999, -9999, -9999, -9999, -9999, 80, -9999, -9999, -9999, -9999, -9999, -9999, -9999, -9999, -9999, -9999, -9999, -9999, -9999, -9999, -9999, 1, 1, 1, 1, 1],
[-9999, -9999, -9999, -9999, -9999, -9999, -9999, -9999, -9999, -9999, -9999, -9999, -9999, -9999, 10, -9999, -9999, -9999, -9999, -9999, -9999, -9999, -9999, -9999, -9999, -9999, 62, -9999, -9999, -9999, -9999, -9999, -9999, -9999, -9999, -9999, -9999, -9999, -9999, -9999, -9999, -9999, -9999, -9999, -9999, -9999, -9999, -9999, 22, -9999, -9999, -9999, -9999, -9999, -9999, -9999, 96, -9999, -9999, -9999, -9999, 49, -9999, -9999, -9999, -9999, -9999, -9999, -9999, -9999, -9999, -9999, -9999, 47, -9999, -9999, -9999, -9999, -9999, -9999, -9999, -9999, -9999, -9999, 31, -9999, -9999, -9999, -9999, -9999, -9999, -9999, -9999, -9999, -9999, -9999, -9999, -9999, -9999, 86, 1, 1, 1, 1, 1],
[-9999, -9999, -9999, -9999, -9999, 32, 43, 13, 15, 10, -9999, 4, 15, -9999, -9999, -9999, -9999, 10, -9999, -9999, -9999, 49, 84, -9999, -9999, -9999, 79, 30, 2, -9999, -9999, 4, -9999, -9999, 2, 9, 13, 96, -9999, -9999, 40, -9999, 91, 78, -9999, -9999, -9999, -9999, -9999, 23, -9999, 92, 27, -9999, 50, -9999, 39, -9999, -9999, 12, -9999, 43, 40, -9999, 32, -9999, 96, -9999, -9999, -9999, -9999, -9999, 38, -9999, -9999, 75, -9999, -9999, -9999, 80, -9999, -9999, -9999, -9999, 66, 58, 76, 55, -9999, -9999, 16, -9999, 98, 35, -9999, -9999, -9999, 27, 10, 58, 1, 1, 1, 1, 1],
[-9999, -9999, -9999, -9999, -9999, -9999, 84, -9999, 81, -9999, -9999, 94, 13, 20, 61, -9999, -9999, 57, -9999, -9999, 64, -9999, 60, -9999, -9999, 40, 55, 92, -9999, -9999, -9999, 23, -9999, 66, 68, -9999, -9999, -9999, -9999, -9999, 19, -9999, -9999, -9999, -9999, -9999, 3, -9999, 4, -9999, -9999, 22, 84, -9999, 70, 92, -9999, -9999, -9999, -9999, -9999, 57, -9999, 19, 70, -9999, 62, -9999, 54, 37, 93, 57, 23, 47, -9999, -9999, -9999, 75, -9999, 93, 97, -9999, -9999, 23, -9999, -9999, -9999, 29, -9999, 32, -9999, -9999, 68, 94, -9999, -9999, -9999, -9999, 16, 30, 1, 1, 1, 1, 1],
[-9999, -9999, -9999, -9999, -9999, -9999, 68, -9999, 41, 60, -9999, -9999, 86, 85, 42, -9999, -9999, 39, -9999, -9999, -9999, -9999, 27, -9999, 78, 49, 25, -9999, -9999, -9999, -9999, -9999, -9999, 76, 23, -9999, 6, -9999, -9999, -9999, -9999, -9999, 62, 48, -9999, -9999, 49, -9999, 63, -9999, -9999, 36, 88, -9999, 46, 99, -9999, -9999, -9999, -9999, -9999, 70, -9999, 82, 14, 65, -9999, -9999, -9999, 27, 64, -9999, 72, -9999, -9999, -9999, -9999, 2, -9999, 82, 18, -9999, -9999, -9999, 16, -9999, -9999, 90, -9999, -9999, 22, -9999, -9999, 47, -9999, -9999, -9999, -9999, 20, 52, 1, 1, 1, 1, 1],
[-9999, -9999, -9999, -9999, -9999, 62, -9999, -9999, -9999, -9999, -9999, -9999, -9999, 15, 2, -9999, -9999, -9999, 38, -9999, -9999, -9999, 35, -9999, -9999, -9999, 54, -9999, -9999, -9999, -9999, -9999, 31, -9999, -9999, -9999, -9999, 44, -9999, -9999, -9999, -9999, -9999, -9999, -9999, -9999, -9999, -9999, 88, -9999, 76, -9999, -9999, -9999, 95, -9999, 51, -9999, -9999, -9999, -9999, 93, -9999, -9999, -9999, -9999, -9999, -9999, -9999, -9999, -9999, -9999, -9999, 21, -9999, -9999, -9999, -9999, -9999, -9999, -9999, -9999, -9999, -9999, 90, -9999, -9999, -9999, -9999, -9999, -9999, 100, -9999, -9999, 58, -9999, -9999, -9999, -9999, 66, 1, 1, 1, 1, 1],
[-9999, -9999, -9999, -9999, -9999, -9999, -9999, -9999, -9999, -9999, -9999, 82, -9999, 19, 84, -9999, -9999, -9999, -9999, -9999, -9999, -9999, -9999, -9999, -9999, -9999, 33, -9999, -9999, -9999, -9999, -9999, 82, -9999, -9999, -9999, -9999, -9999, -9999, -9999, -9999, -9999, -9999, -9999, -9999, -9999, -9999, 2, 100, 49, 18, -9999, -9999, -9999, 38, -9999, -9999, -9999, -9999, -9999, -9999, 28, -9999, -9999, -9999, -9999, -9999, -9999, -9999, -9999, -9999, -9999, -9999, 87, -9999, -9999, -9999, -9999, -9999, -9999, -9999, -9999, -9999, -9999, 28, -9999, -9999, -9999, -9999, -9999, -9999, -9999, -9999, -9999, -9999, -9999, -9999, -9999, -9999, 12, 1, 1, 1, 1, 1],
[-9999, -9999, -9999, -9999, -9999, -9999, -9999, -9999, -9999, -9999, -9999, 54, -9999, 65, -9999, -9999, -9999, 32, 45, -9999, -9999, -9999, 80, -9999, -9999, -9999, -9999, -9999, -9999, -9999, -9999, -9999, -9999, -9999, -9999, -9999, -9999, -9999, -9999, -9999, -9999, -9999, -9999, -9999, 32, -9999, -9999, 23, -9999, 38, -9999, -9999, -9999, -9999, 28, -9999, 100, -9999, -9999, -9999, -9999, 3, -9999, -9999, -9999, -9999, -9999, -9999, -9999, -9999, -9999, -9999, -9999, 11, -9999, -9999, -9999, -9999, -9999, -9999, -9999, -9999, -9999, -9999, 66, -9999, -9999, -9999, -9999, -9999, -9999, -9999, -9999, -9999, -9999, -9999, -9999, -9999, -9999, 68, 1, 1, 1, 1, 1],
[-9999, -9999, -9999, -9999, -9999, -9999, -9999, -9999, -9999, -9999, -9999, 52, -9999, -9999, 51, -9999, -9999, 86, 13, -9999, -9999, -9999, -9999, -9999, -9999, -9999, 94, -9999, -9999, -9999, -9999, -9999, 12, -9999, -9999, -9999, -9999, -9999, -9999, -9999, -9999, -9999, -9999, -9999, -9999, -9999, -9999, 4, 33, -9999, 91, 90, -9999, -9999, -9999, -9999, 6, -9999, -9999, -9999, -9999, 61, -9999, -9999, -9999, -9999, -9999, -9999, -9999, -9999, -9999, -9999, -9999, -9999, -9999, -9999, -9999, -9999, -9999, -9999, -9999, -9999, -9999, -9999, 56, -9999, -9999, -9999, -9999, -9999, -9999, -9999, -9999, -9999, -9999, -9999, -9999, -9999, -9999, -9999, 1, 1, 1, 1, 1],
[-9999, -9999, -9999, -9999, -9999, -9999, 45, -9999, 46, -9999, -9999, 89, 49, 18, 57, -9999, -9999, 89, -9999, -9999, 7, -9999, 77, -9999, -9999, 22, 28, -9999, -9999, -9999, -9999, 82, -9999, -9999, 79, -9999, 68, -9999, -9999, -9999, 57, 6, -9999, 26, -9999, -9999, 92, 65, 26, 52, -9999, -9999, 31, -9999, 98, 67, -9999, -9999, -9999, -9999, -9999, 78, 50, 99, 3, 22, 86, -9999, 13, 33, 54, -9999, -9999, 85, -9999, -9999, -9999, 13, -9999, -9999, 64, -9999, -9999, -9999, 42, -9999, 23, -9999, -9999, 61, -9999, -9999, 63, 94, -9999, -9999, -9999, -9999, 46, 24, 1, 1, 1, 1, 1],
[-9999, -9999, -9999, -9999, -9999, -9999, -9999, -9999, -9999, -9999, 42, 31, -9999, 32, -9999, -9999, -9999, -9999, -9999, -9999, -9999, -9999, 15, -9999, -9999, -9999, 20, -9999, -9999, -9999, -9999, -9999, -9999, -9999, -9999, -9999, -9999, -9999, -9999, -9999, -9999, -9999, -9999, -9999, -9999, -9999, -9999, -9999, -9999, -9999, -9999, 54, -9999, -9999, 90, -9999, -9999, -9999, -9999, -9999, -9999, 20, -9999, -9999, -9999, -9999, -9999, -9999, -9999, -9999, -9999, -9999, -9999, 25, -9999, -9999, -9999, -9999, -9999, -9999, -9999, -9999, -9999, -9999, 31, -9999, -9999, -9999, -9999, -9999, -9999, -9999, -9999, -9999, -9999, -9999, -9999, -9999, -9999, -9999, 1, 1, 1, 1, 1],
[-9999, -9999, -9999, -9999, -9999, -9999, -9999, -9999, 21, 53, -9999, -9999, 75, 94, -9999, 1, -9999, -9999, -9999, -9999, -9999, -9999, -9999, -9999, -9999, -9999, 27, 11, -9999, -9999, -9999, -9999, 7, 46, 64, -9999, 63, -9999, -9999, -9999, -9999, -9999, 35, 66, -9999, -9999, 9, 60, 7, 54, 71, 12, -9999, -9999, 97, -9999, 68, 26, -9999, -9999, -9999, 66, 88, 91, 87, 93, 35, -9999, -9999, 23, -9999, -9999, -9999, 82, -9999, -9999, -9999, -9999, -9999, -9999, 12, -9999, -9999, -9999, 99, 32, 73, -9999, -9999, -9999, -9999, -9999, -9999, 52, -9999, -9999, -9999, -9999, 87, -9999, 1, 1, 1, 1, 1],
[-9999, -9999, -9999, -9999, -9999, -9999, 99, -9999, -9999, -9999, -9999, 99, 74, 44, -9999, -9999, -9999, 94, -9999, -9999, -9999, -9999, 76, -9999, -9999, -9999, 47, -9999, -9999, -9999, -9999, 4, 32, -9999, 2, -9999, -9999, -9999, 1, -9999, 35, -9999, -9999, 25, 58, -9999, 25, 25, -9999, 37, 93, -9999, -9999, -9999, -9999, -9999, 4, -9999, -9999, -9999, -9999, 34, -9999, -9999, 25, -9999, -9999, -9999, -9999, 26, 68, -9999, -9999, 82, -9999, -9999, -9999, -9999, 2, 35, 60, -9999, -9999, -9999, 25, -9999, 35, -9999, -9999, -9999, 92, -9999, 13, -9999, -9999, -9999, -9999, -9999, 83, 93, 1, 1, 1, 1, 1],
[-9999, -9999, -9999, -9999, -9999, -9999, 56, -9999, 29, 16, -9999, 54, 73, -9999, -9999, -9999, 76, -9999, 90, -9999, -9999, -9999, 19, -9999, 85, 81, 30, 39, -9999, -9999, -9999, -9999, 50, 96, 58, -9999, 92, -9999, -9999, -9999, -9999, -9999, 99, -9999, -9999, -9999, -9999, 89, 35, -9999, -9999, 85, 39, -9999, 39, 17, -9999, -9999, -9999, -9999, -9999, 84, -9999, 22, 66, -9999, -9999, -9999, -9999, 14, 63, -9999, 11, 52, 72, -9999, -9999, 21, 46, 32, 43, -9999, -9999, -9999, 38, -9999, 61, 28, -9999, -9999, 48, -9999, 88, -9999, -9999, -9999, -9999, -9999, 90, -9999, 1, 1, 1, 1, 1],
[-9999, -9999, -9999, -9999, -9999, -9999, 78, -9999, -9999, 71, -9999, 60, 9, -9999, -9999, -9999, -9999, 79, 19, -9999, -9999, -9999, -9999, 98, -9999, -9999, 17, -9999, -9999, -9999, -9999, -9999, -9999, 77, 73, -9999, -9999, -9999, 66, -9999, 37, -9999, -9999, -9999, -9999, -9999, 42, -9999, -9999, -9999, 94, 32, 25, -9999, 96, -9999, 75, -9999, -9999, -9999, -9999, 19, 48, 68, 98, 23, 46, -9999, -9999, 98, 99, -9999, -9999, -9999, -9999, -9999, -9999, -9999, -9999, -9999, 81, -9999, -9999, -9999, 96, -9999, -9999, 5, -9999, -9999, 51, -9999, -9999, -9999, -9999, -9999, 24, -9999, -9999, 42, 1, 1, 1, 1, 1],
[-9999, -9999, -9999, -9999, -9999, -9999, -9999, -9999, -9999, -9999, 100, 100, -9999, 63, 9, -9999, -9999, -9999, -9999, -9999, -9999, -9999, 44, -9999, -9999, -9999, 73, -9999, -9999, -9999, -9999, -9999, -9999, -9999, -9999, -9999, -9999, -9999, -9999, -9999, -9999, -9999, -9999, -9999, -9999, -9999, -9999, -9999, 85, -9999, -9999, -9999, -9999, -9999, -9999, -9999, 62, -9999, -9999, -9999, -9999, 82, -9999, -9999, -9999, -9999, -9999, -9999, -9999, -9999, -9999, 8, -9999, -9999, -9999, -9999, -9999, -9999, -9999, -9999, -9999, -9999, -9999, -9999, 89, -9999, -9999, -9999, -9999, -9999, -9999, -9999, -9999, -9999, -9999, -9999, -9999, -9999, -9999, -9999, 1, 1, 1, 1, 1],
[-9999, -9999, -9999, -9999, -9999, 91, -9999, -9999, -9999, -9999, -9999, 82, -9999, 26, 71, -9999, -9999, 15, -9999, -9999, -9999, -9999, 47, -9999, -9999, -9999, 12, -9999, -9999, -9999, -9999, -9999, -9999, -9999, -9999, -9999, -9999, 98, -9999, -9999, -9999, -9999, -9999, -9999, 48, -9999, -9999, 21, 8, 52, 56, -9999, -9999, -9999, -9999, -9999, -9999, -9999, -9999, 81, -9999, -9999, -9999, -9999, -9999, -9999, -9999, -9999, -9999, -9999, -9999, -9999, -9999, 47, -9999, -9999, -9999, -9999, -9999, -9999, -9999, -9999, -9999, -9999, 41, -9999, -9999, -9999, -9999, -9999, -9999, 28, -9999, -9999, 34, -9999, -9999, -9999, -9999, -9999, 1, 1, 1, 1, 1],
[-9999, -9999, -9999, -9999, -9999, -9999, -9999, -9999, -9999, -9999, 3, -9999, -9999, 15, -9999, -9999, -9999, 69, 84, -9999, -9999, -9999, -9999, -9999, -9999, -9999, 28, -9999, -9999, -9999, -9999, -9999, 10, -9999, -9999, -9999, -9999, -9999, -9999, -9999, -9999, -9999, -9999, -9999, -9999, -9999, -9999, -9999, 82, -9999, -9999, -9999, -9999, -9999, -9999, -9999, -9999, -9999, -9999, -9999, -9999, 85, -9999, -9999, -9999, -9999, -9999, -9999, -9999, -9999, -9999, -9999, -9999, -9999, -9999, -9999, -9999, -9999, -9999, -9999, -9999, -9999, -9999, -9999, 97, -9999, -9999, -9999, -9999, -9999, -9999, -9999, -9999, -9999, -9999, -9999, -9999, -9999, -9999, -9999, 1, 1, 1, 1, 1],
[-9999, -9999, -9999, -9999, -9999, -9999, -9999, -9999, 68, -9999, -9999, -9999, -9999, -9999, -9999, -9999, -9999, -9999, 77, -9999, -9999, -9999, 64, -9999, -9999, 20, 54, -9999, -9999, -9999, -9999, 86, 13, -9999, 91, -9999, -9999, -9999, -9999, -9999, 16, -9999, -9999, 84, -9999, -9999, -9999, -9999, 30, 16, 60, -9999, 15, -9999, 28, -9999, -9999, -9999, -9999, -9999, -9999, 57, -9999, -9999, 62, 96, 71, -9999, -9999, -9999, -9999, -9999, 33, 42, -9999, -9999, -9999, 67, -9999, 67, 37, -9999, -9999, 51, -9999, -9999, -9999, -9999, -9999, 55, -9999, -9999, 16, 5, -9999, -9999, -9999, -9999, 80, -9999, 1, 1, 1, 1, 1],
[-9999, -9999, -9999, -9999, -9999, -9999, -9999, -9999, -9999, -9999, -9999, -9999, -9999, -9999, -9999, -9999, -9999, -9999, -9999, -9999, -9999, -9999, -9999, -9999, -9999, -9999, -9999, -9999, -9999, -9999, -9999, -9999, -9999, -9999, -9999, -9999, -9999, -9999, -9999, -9999, -9999, -9999, -9999, -9999, -9999, -9999, -9999, -9999, -9999, -9999, -9999, -9999, -9999, -9999, -9999, -9999, -9999, -9999, -9999, -9999, -9999, -9999, -9999, -9999, -9999, -9999, -9999, -9999, -9999, -9999, -9999, -9999, -9999, -9999, -9999, -9999, -9999, -9999, -9999, -9999, -9999, -9999, -9999, -9999, -9999, -9999, -9999, -9999, -9999, -9999, -9999, -9999, -9999, -9999, -9999, -9999, -9999, -9999, -9999, -9999, -9999, -9999, -9999, -9999, -9999],
[-9999, -9999, -9999, -9999, -9999, -9999, -9999, -9999, -9999, -9999, -9999, -9999, -9999, -9999, -9999, -9999, -9999, -9999, -9999, -9999, -9999, -9999, -9999, -9999, -9999, -9999, -9999, -9999, -9999, -9999, -9999, -9999, -9999, -9999, -9999, -9999, -9999, -9999, -9999, -9999, -9999, -9999, -9999, -9999, -9999, -9999, -9999, -9999, -9999, -9999, -9999, -9999, -9999, -9999, -9999, -9999, -9999, -9999, -9999, -9999, -9999, -9999, -9999, -9999, -9999, -9999, -9999, -9999, -9999, -9999, -9999, -9999, -9999, -9999, -9999, -9999, -9999, -9999, -9999, -9999, -9999, -9999, -9999, -9999, -9999, -9999, -9999, -9999, -9999, -9999, -9999, -9999, -9999, -9999, -9999, -9999, -9999, -9999, -9999, -9999, -9999, -9999, -9999, -9999, -9999],
[-9999, -9999, -9999, -9999, -9999, -9999, -9999, -9999, -9999, -9999, -9999, -9999, -9999, -9999, -9999, -9999, -9999, -9999, -9999, -9999, -9999, -9999, -9999, -9999, -9999, -9999, -9999, -9999, -9999, -9999, -9999, -9999, -9999, -9999, -9999, -9999, -9999, -9999, -9999, -9999, -9999, -9999, -9999, -9999, -9999, -9999, -9999, -9999, -9999, -9999, -9999, -9999, -9999, -9999, -9999, -9999, -9999, -9999, -9999, -9999, -9999, -9999, -9999, -9999, -9999, -9999, -9999, -9999, -9999, -9999, -9999, -9999, -9999, -9999, -9999, -9999, -9999, -9999, -9999, -9999, -9999, -9999, -9999, -9999, -9999, -9999, -9999, -9999, -9999, -9999, -9999, -9999, -9999, -9999, -9999, -9999, -9999, -9999, -9999, -9999, -9999, -9999, -9999, -9999, -9999],
[-9999, -9999, -9999, -9999, -9999, -9999, -9999, -9999, -9999, -9999, -9999, -9999, -9999, -9999, -9999, -9999, -9999, -9999, -9999, -9999, -9999, -9999, -9999, -9999, -9999, -9999, -9999, -9999, -9999, -9999, -9999, -9999, -9999, -9999, -9999, -9999, -9999, -9999, -9999, -9999, -9999, -9999, -9999, -9999, -9999, -9999, -9999, -9999, -9999, -9999, -9999, -9999, -9999, -9999, -9999, -9999, -9999, -9999, -9999, -9999, -9999, -9999, -9999, -9999, -9999, -9999, -9999, -9999, -9999, -9999, -9999, -9999, -9999, -9999, -9999, -9999, -9999, -9999, -9999, -9999, -9999, -9999, -9999, -9999, -9999, -9999, -9999, -9999, -9999, -9999, -9999, -9999, -9999, -9999, -9999, -9999, -9999, -9999, -9999, -9999, -9999, -9999, -9999, -9999, -9999],
[-9999, -9999, -9999, -9999, -9999, -9999, -9999, -9999, -9999, -9999, -9999, -9999, -9999, -9999, -9999, -9999, -9999, -9999, -9999, -9999, -9999, -9999, -9999, -9999, -9999, -9999, -9999, -9999, -9999, -9999, -9999, -9999, -9999, -9999, -9999, -9999, -9999, -9999, -9999, -9999, -9999, -9999, -9999, -9999, -9999, -9999, -9999, -9999, -9999, -9999, -9999, -9999, -9999, -9999, -9999, -9999, -9999, -9999, -9999, -9999, -9999, -9999, -9999, -9999, -9999, -9999, -9999, -9999, -9999, -9999, -9999, -9999, -9999, -9999, -9999, -9999, -9999, -9999, -9999, -9999, -9999, -9999, -9999, -9999, -9999, -9999, -9999, -9999, -9999, -9999, -9999, -9999, -9999, -9999, -9999, -9999, -9999, -9999, -9999, -9999, -9999, -9999, -9999, -9999, -9999]
];
