NbNodes = 105;
NbNDDs = 5;
NbPairs = 95;
NbTerminals = 5;
K = 0;
L = 97;
Wt = [
[-9999, -9999, -9999, -9999, -9999, -9999, -9999, -9999, -9999, 43, -9999, -9999, -9999, -9999, 59, 9, -9999, -9999, 3, -9999, 98, -9999, 58, -9999, 10, 56, 97, -9999, 99, 28, 69, -9999, 1, 42, -9999, 34, -9999, -9999, -9999, 57, -9999, -9999, -9999, 2, -9999, 79, 1, 100, -9999, -9999, 70, 81, -9999, -9999, -9999, 27, -9999, -9999, 14, -9999, -9999, 75, -9999, -9999, 73, -9999, -9999, -9999, -9999, 8, -9999, 41, -9999, -9999, 67, -9999, 90, -9999, 41, 97, -9999, -9999, 77, 26, -9999, -9999, -9999, 94, 22, -9999, -9999, 26, -9999, -9999, 22, 15, -9999, -9999, 31, 8, 1, 1, 1, 1, 1],
[-9999, -9999, -9999, -9999, -9999, -9999, -9999, -9999, -9999, -9999, -9999, -9999, -9999, -9999, -9999, -9999, 24, -9999, -9999, -9999, -9999, -9999, 72, -9999, -9999, -9999, -9999, -9999, 6, 32, -9999, -9999, 54, -9999, -9999, -9999, -9999, -9999, -9999, 49, -9999, -9999, -9999, 43, -9999, -9999, 33, -9999, -9999, -9999, 69, -9999, -9999, -9999, -9999, 29, -9999, -9999, -9999, -9999, -9999, -9999, -9999, -9999, 89, -9999, -9999, -9999, -9999, -9999, -9999, 18, -9999, -9999, -9999, -9999, -9999, -9999, -9999, -9999, -9999, -9999, -9999, -9999, -9999, -9999, -9999, 45, -9999, -9999, -9999, -9999, -9999, -9999, -9999, 67, -9999, 64, 30, 94, 1, 1, 1, 1, 1],
[-9999, -9999, -9999, -9999, -9999, -9999, -9999, 47, -9999, -9999, -9999, 1, -9999, -9999, -9999, 35, -9999, -9999, 68, -9999, 39, -9999, 10, -9999, -9999, 12, 19, -9999, -9999, 81, 32, 32, -9999, -9999, -9999, 49, 41, 78, -9999, 27, -9999, -9999, -9999, 67, -9999, -9999, -9999, 8, -9999, 42, 77, -9999, -9999, -9999, 39, -9999, 25, -9999, -9999, 23, 24, -9999, -9999, -9999, 98, 23, 64, -9999, -9999, 8, -9999, 5, -9999, 2, 67, -9999, 32, 18, 75, -9999, -9999, 39, 12, 42, -9999, -9999, -9999, 85, -9999, 26, -9999, 90, -9999, 28, 35, 67, -9999, -9999, -9999, 79, 1, 1, 1, 1, 1],
[-9999, -9999, -9999, -9999, -9999, -9999, -9999, -9999, 13, 85, -9999, -9999, -9999, -9999, 10, 3, -9999, -9999, 7, 73, 39, -9999, 28, -9999, 10, 38, 4, 5, 99, 71, 25, -9999, 79, 70, -9999, -9999, -9999, 87, 81, 69, -9999, -9999, -9999, 50, -9999, 1, 95, -9999, -9999, -9999, -9999, 65, -9999, -9999, -9999, 25, 31, -9999, 91, 74, 41, 75, 63, 100, 97, 57, -9999, 56, -9999, 53, -9999, 41, 3, -9999, 65, -9999, 60, -9999, 55, 57, 40, 15, 66, -9999, 57, -9999, -9999, 77, 5, 12, 52, 42, -9999, 17, 9, 6, 80, -9999, -9999, 24, 1, 1, 1, 1, 1],
[-9999, -9999, -9999, -9999, -9999, -9999, -9999, -9999, -9999, -9999, 81, 80, -9999, 34, 83, 46, 56, -9999, 40, 56, 28, -9999, 45, -9999, 29, 62, 73, -9999, -9999, 47, 65, 37, 30, -9999, -9999, 6, -9999, 46, 12, 11, 5, -9999, -9999, 77, -9999, 47, 59, 63, -9999, -9999, 79, -9999, -9999, -9999, -9999, 66, 74, -9999, -9999, 22, 29, 22, -9999, -9999, 45, 82, -9999, -9999, -9999, 90, -9999, 82, -9999, 2, 89, -9999, 26, 87, 49, 75, -9999, 75, 99, -9999, -9999, -9999, -9999, -9999, 25, -9999, 35, 36, 96, 52, 2, 66, -9999, 47, -9999, 46, 1, 1, 1, 1, 1],
[-9999, -9999, -9999, -9999, -9999, -9999, -9999, 47, 87, -9999, 97, 71, 35, -9999, -9999, 17, -9999, -9999, -9999, 84, -9999, -9999, 62, -9999, 17, -9999, 9, -9999, 32, -9999, 18, 33, -9999, -9999, -9999, -9999, 58, 66, 74, 42, -9999, -9999, -9999, 24, -9999, -9999, 41, 39, -9999, -9999, 71, 28, 25, -9999, -9999, -9999, -9999, -9999, 72, -9999, -9999, -9999, 8, 16, 40, 7, 49, 8, -9999, 36, -9999, 93, 19, -9999, 45, -9999, 19, 24, 9, 29, 72, 90, -9999, -9999, -9999, -9999, 48, -9999, -9999, -9999, -9999, 35, -9999, 10, -9999, 30, 22, 8, 2, 46, 1, 1, 1, 1, 1],
[-9999, -9999, -9999, -9999, -9999, -9999, -9999, -9999, -9999, -9999, -9999, -9999, -9999, -9999, -9999, -9999, -9999, -9999, -9999, -9999, -9999, -9999, -9999, -9999, -9999, -9999, -9999, -9999, -9999, -9999, -9999, -9999, -9999, -9999, -9999, -9999, -9999, -9999, -9999, -9999, -9999, -9999, -9999, -9999, -9999, -9999, -9999, -9999, -9999, -9999, -9999, -9999, -9999, -9999, -9999, -9999, -9999, -9999, -9999, -9999, -9999, -9999, -9999, -9999, -9999, -9999, -9999, -9999, -9999, -9999, -9999, -9999, -9999, -9999, -9999, -9999, 5, 3, -9999, -9999, -9999, -9999, -9999, -9999, -9999, -9999, -9999, -9999, -9999, -9999, 73, 67, -9999, -9999, -9999, -9999, -9999, -9999, -9999, -9999, 1, 1, 1, 1, 1],
[-9999, -9999, -9999, -9999, -9999, -9999, -9999, -9999, 74, -9999, -9999, 70, -9999, -9999, -9999, 44, 72, -9999, 28, 15, 72, -9999, -9999, -9999, 62, 31, 24, -9999, 72, 16, 79, 75, -9999, 87, 34, -9999, 16, -9999, 13, 28, 16, -9999, 5, 97, -9999, 34, 68, -9999, -9999, -9999, 9, 93, 28, -9999, -9999, 1, -9999, -9999, 47, -9999, -9999, 34, 94, 11, 29, -9999, 2, 88, -9999, 57, -9999, -9999, 37, 13, 40, -9999, 32, 9, 11, 69, -9999, -9999, -9999, 92, 69, -9999, -9999, 13, 2, 16, 15, 31, -9999, 28, 27, 1, 18, 51, 2, 35, 1, 1, 1, 1, 1],
[-9999, -9999, -9999, -9999, -9999, -9999, -9999, -9999, -9999, -9999, -9999, -9999, -9999, -9999, -9999, -9999, -9999, -9999, -9999, -9999, -9999, -9999, 65, -9999, -9999, -9999, -9999, -9999, 29, -9999, -9999, -9999, 27, -9999, -9999, -9999, -9999, -9999, -9999, 44, -9999, -9999, -9999, 64, -9999, -9999, 29, 79, -9999, -9999, 11, -9999, -9999, -9999, -9999, 39, -9999, -9999, -9999, -9999, -9999, -9999, -9999, -9999, 75, -9999, -9999, -9999, -9999, -9999, -9999, -9999, -9999, 45, -9999, -9999, -9999, -9999, -9999, -9999, -9999, -9999, -9999, -9999, -9999, -9999, -9999, 60, -9999, -9999, -9999, -9999, -9999, -9999, -9999, 32, -9999, -9999, 42, 40, 1, 1, 1, 1, 1],
[-9999, -9999, -9999, -9999, -9999, -9999, 66, -9999, -9999, -9999, -9999, -9999, -9999, 29, -9999, 99, -9999, -9999, -9999, 2, 28, 55, 95, -9999, 65, 57, 20, -9999, 51, -9999, 58, 80, 81, 47, -9999, 38, -9999, -9999, 76, 32, 65, -9999, -9999, 19, -9999, -9999, 72, 58, -9999, -9999, 94, 19, -9999, -9999, -9999, 20, 76, -9999, 58, -9999, -9999, 84, -9999, -9999, 35, 7, -9999, 18, -9999, -9999, 75, 87, -9999, 12, 49, -9999, 71, 12, -9999, -9999, -9999, 68, 70, 83, 17, -9999, -9999, 21, -9999, -9999, -9999, 35, -9999, -9999, 25, 8, -9999, 57, 77, 64, 1, 1, 1, 1, 1],
[-9999, -9999, -9999, -9999, -9999, -9999, -9999, -9999, -9999, -9999, -9999, -9999, -9999, -9999, -9999, -9999, -9999, -9999, -9999, -9999, -9999, -9999, 11, -9999, -9999, -9999, -9999, -9999, -9999, -9999, -9999, -9999, 41, -9999, -9999, -9999, 6, -9999, -9999, 37, -9999, -9999, -9999, 55, -9999, -9999, 20, 65, -9999, -9999, -9999, -9999, 47, -9999, -9999, 94, -9999, -9999, 61, -9999, -9999, -9999, 71, -9999, 11, -9999, -9999, -9999, -9999, -9999, -9999, -9999, -9999, 75, -9999, -9999, -9999, -9999, -9999, -9999, -9999, -9999, -9999, -9999, -9999, -9999, -9999, 71, -9999, -9999, -9999, -9999, -9999, -9999, -9999, 13, -9999, -9999, 81, 76, 1, 1, 1, 1, 1],
[-9999, -9999, -9999, -9999, -9999, -9999, -9999, -9999, -9999, 20, -9999, -9999, -9999, -9999, -9999, -9999, -9999, -9999, 51, 22, 75, -9999, -9999, -9999, -9999, 61, 19, 92, 26, 1, -9999, 23, -9999, -9999, 14, 88, 11, -9999, 78, 65, 98, -9999, 95, -9999, -9999, 49, 81, -9999, -9999, -9999, -9999, 27, -9999, -9999, -9999, -9999, 66, -9999, -9999, -9999, -9999, 93, -9999, 72, 27, -9999, 60, -9999, -9999, -9999, 89, -9999, 30, -9999, 95, -9999, 68, 60, -9999, 6, 37, -9999, 31, -9999, 29, -9999, 34, 77, -9999, 31, 24, 29, -9999, 39, 37, 45, 26, 95, -9999, 68, 1, 1, 1, 1, 1],
[-9999, -9999, -9999, -9999, -9999, -9999, -9999, 13, -9999, -9999, -9999, 19, -9999, 96, 8, 16, 74, -9999, 5, 27, 7, -9999, 80, -9999, -9999, 50, 19, -9999, 30, 61, 63, 10, -9999, 97, -9999, 87, -9999, -9999, 1, 23, -9999, -9999, -9999, -9999, -9999, 2, 7, 97, -9999, -9999, -9999, -9999, -9999, 67, -9999, -9999, -9999, -9999, -9999, 57, -9999, 8, -9999, -9999, 68, 3, 92, 58, -9999, 75, 47, 10, -9999, -9999, -9999, -9999, 7, -9999, 38, 66, -9999, 48, 20, 97, 34, -9999, -9999, 21, -9999, 74, -9999, 64, -9999, -9999, -9999, 81, -9999, 50, -9999, 76, 1, 1, 1, 1, 1],
[-9999, -9999, -9999, -9999, -9999, -9999, -9999, -9999, -9999, -9999, -9999, -9999, -9999, -9999, -9999, -9999, -9999, -9999, -9999, -9999, -9999, -9999, -9999, -9999, -9999, -9999, -9999, -9999, -9999, 62, -9999, -9999, 23, -9999, -9999, -9999, -9999, -9999, -9999, 24, -9999, -9999, -9999, 63, -9999, -9999, 61, 35, -9999, -9999, 74, -9999, -9999, -9999, -9999, -9999, -9999, -9999, -9999, -9999, -9999, -9999, -9999, -9999, 59, -9999, -9999, -9999, -9999, -9999, -9999, -9999, -9999, -9999, -9999, -9999, -9999, -9999, -9999, 15, -9999, -9999, -9999, -9999, -9999, -9999, -9999, -9999, -9999, -9999, -9999, -9999, -9999, -9999, 70, 17, -9999, -9999, 59, 26, 1, 1, 1, 1, 1],
[-9999, -9999, -9999, -9999, -9999, -9999, -9999, -9999, -9999, -9999, -9999, -9999, -9999, -9999, -9999, -9999, 64, -9999, -9999, -9999, -9999, -9999, 87, -9999, -9999, -9999, -9999, -9999, 84, -9999, -9999, -9999, 89, -9999, -9999, -9999, 62, -9999, -9999, 17, -9999, -9999, -9999, 57, -9999, -9999, 60, 39, -9999, -9999, 78, -9999, 18, -9999, -9999, -9999, -9999, -9999, 42, -9999, -9999, -9999, 13, -9999, 71, -9999, -9999, -9999, -9999, -9999, -9999, -9999, -9999, -9999, -9999, -9999, -9999, -9999, -9999, 95, -9999, -9999, -9999, -9999, -9999, -9999, -9999, 49, -9999, -9999, -9999, -9999, -9999, -9999, 10, 38, -9999, 98, 90, 3, 1, 1, 1, 1, 1],
[-9999, -9999, -9999, -9999, -9999, -9999, -9999, -9999, -9999, 9, -9999, 78, -9999, -9999, 7, -9999, -9999, -9999, 94, -9999, 19, -9999, 28, -9999, 20, 52, 25, -9999, -9999, -9999, -9999, -9999, 45, 20, -9999, 28, -9999, 25, 87, 87, -9999, -9999, -9999, 80, -9999, 33, 5, 57, -9999, -9999, 48, 33, -9999, -9999, -9999, 22, -9999, -9999, 27, 52, 91, 95, -9999, -9999, 100, 70, -9999, 38, 73, 14, 34, 79, -9999, 31, -9999, -9999, 4, 41, 60, -9999, -9999, 67, 15, 61, -9999, -9999, -9999, 71, -9999, -9999, -9999, 5, -9999, -9999, 75, 87, -9999, 31, 34, 10, 1, 1, 1, 1, 1],
[-9999, -9999, -9999, -9999, -9999, -9999, -9999, -9999, -9999, -9999, -9999, -9999, -9999, -9999, -9999, -9999, -9999, -9999, -9999, -9999, -9999, -9999, -9999, -9999, -9999, -9999, -9999, -9999, 10, -9999, -9999, -9999, 16, 87, -9999, -9999, -9999, -9999, -9999, 88, -9999, -9999, -9999, 1, -9999, -9999, 10, 21, -9999, -9999, 88, -9999, 86, -9999, -9999, 55, -9999, -9999, -9999, -9999, -9999, -9999, -9999, -9999, 17, -9999, -9999, -9999, -9999, -9999, -9999, -9999, -9999, 12, -9999, -9999, -9999, -9999, -9999, 99, -9999, -9999, -9999, -9999, -9999, -9999, -9999, 45, -9999, -9999, -9999, -9999, -9999, -9999, 40, 89, -9999, 55, 50, 36, 1, 1, 1, 1, 1],
[-9999, -9999, -9999, -9999, -9999, -9999, -9999, 86, -9999, -9999, 30, 4, 13, 10, -9999, 28, 50, -9999, 82, 35, 29, -9999, 45, 78, -9999, 18, 43, -9999, 74, 84, 26, 59, -9999, 77, -9999, -9999, -9999, 90, 95, 61, 44, -9999, -9999, 75, -9999, 69, 3, 17, -9999, -9999, -9999, 75, -9999, -9999, -9999, 86, -9999, -9999, -9999, 45, 58, -9999, -9999, -9999, 69, 39, -9999, 92, -9999, 58, -9999, 6, -9999, -9999, 82, -9999, 74, -9999, -9999, -9999, -9999, 61, 80, 52, 12, -9999, -9999, 31, 85, 26, 44, 11, -9999, 88, -9999, 70, -9999, 91, -9999, 48, 1, 1, 1, 1, 1],
[-9999, -9999, -9999, -9999, -9999, -9999, -9999, -9999, -9999, 43, 99, -9999, -9999, -9999, 69, 68, -9999, -9999, -9999, 94, 32, -9999, 70, -9999, 96, 94, 67, -9999, 20, 69, -9999, 51, -9999, -9999, -9999, 1, 72, -9999, -9999, 24, 61, -9999, -9999, 52, -9999, -9999, 8, 22, -9999, -9999, -9999, -9999, -9999, -9999, -9999, 62, -9999, -9999, -9999, 86, -9999, 82, -9999, -9999, 54, 71, 60, -9999, -9999, 15, -9999, 39, -9999, 51, 63, -9999, 80, 76, 45, -9999, -9999, 4, 95, -9999, 1, -9999, -9999, -9999, 45, -9999, 43, 85, -9999, -9999, -9999, 66, -9999, -9999, 2, 82, 1, 1, 1, 1, 1],
[-9999, -9999, -9999, -9999, -9999, -9999, -9999, -9999, -9999, 17, 56, -9999, -9999, -9999, 34, 85, -9999, -9999, -9999, -9999, 98, -9999, 10, 92, 15, -9999, 35, -9999, 54, 79, 45, -9999, 32, 68, -9999, 80, -9999, 18, 91, 90, 76, -9999, -9999, 66, -9999, 53, 71, -9999, -9999, -9999, -9999, -9999, -9999, -9999, -9999, -9999, 45, -9999, -9999, 83, 49, -9999, -9999, -9999, 5, 95, 12, -9999, -9999, 37, 57, 67, -9999, 71, 8, -9999, 2, 25, 54, 94, -9999, 95, -9999, 74, 96, -9999, -9999, -9999, -9999, 58, -9999, 81, -9999, 69, -9999, 59, -9999, -9999, -9999, 91, 1, 1, 1, 1, 1],
[-9999, -9999, -9999, -9999, -9999, -9999, -9999, 60, -9999, 2, -9999, 31, -9999, -9999, 45, -9999, 64, -9999, 98, 33, -9999, -9999, 50, -9999, 43, -9999, 26, -9999, 50, -9999, 13, -9999, -9999, 76, -9999, 33, 97, -9999, 22, 22, 16, -9999, -9999, 37, 57, 64, 78, -9999, -9999, -9999, 34, -9999, -9999, -9999, -9999, 17, -9999, -9999, 60, -9999, 64, -9999, -9999, -9999, 14, 65, 13, 2, -9999, 71, -9999, 47, -9999, 45, 46, -9999, 98, 88, 20, 9, -9999, -9999, -9999, -9999, -9999, -9999, -9999, 35, 22, 68, -9999, 19, -9999, 12, 85, 11, -9999, 49, 2, 90, 1, 1, 1, 1, 1],
[-9999, -9999, -9999, -9999, -9999, -9999, -9999, 95, -9999, 26, -9999, 18, 86, 30, -9999, -9999, 8, -9999, 46, 59, 18, -9999, 9, -9999, -9999, 49, 11, -9999, -9999, 42, -9999, 49, 23, -9999, -9999, 55, -9999, -9999, 20, 95, -9999, -9999, -9999, 42, -9999, 38, 5, 27, -9999, -9999, 75, -9999, -9999, -9999, -9999, 79, 81, -9999, -9999, -9999, -9999, 85, -9999, -9999, 45, -9999, 22, 73, -9999, 22, 38, 33, -9999, 92, -9999, -9999, 25, 22, -9999, -9999, -9999, 18, 59, 32, 52, -9999, -9999, 88, -9999, 94, -9999, 78, -9999, 17, 59, 67, -9999, -9999, 44, 54, 1, 1, 1, 1, 1],
[-9999, -9999, -9999, -9999, -9999, 54, -9999, 40, -9999, 21, -9999, -9999, 61, 22, -9999, -9999, -9999, -9999, -9999, -9999, 67, 34, -9999, -9999, -9999, -9999, 46, -9999, 40, -9999, -9999, 18, -9999, 100, -9999, 12, -9999, 4, -9999, 94, 22, -9999, -9999, 52, -9999, 75, 28, 1, -9999, -9999, 20, 42, -9999, -9999, -9999, 77, 25, 57, 49, -9999, -9999, 43, -9999, -9999, 22, -9999, 3, -9999, -9999, 30, -9999, 88, -9999, 38, 44, 3, 25, -9999, 44, 90, -9999, 77, 86, -9999, 38, -9999, -9999, -9999, 30, 22, 75, 75, -9999, -9999, 2, 77, -9999, 87, 53, 94, 1, 1, 1, 1, 1],
[-9999, -9999, -9999, -9999, -9999, -9999, -9999, -9999, -9999, -9999, -9999, -9999, -9999, -9999, -9999, -9999, -9999, -9999, -9999, -9999, -9999, -9999, -9999, -9999, -9999, -9999, -9999, -9999, -9999, -9999, -9999, -9999, -9999, -9999, -9999, -9999, -9999, -9999, -9999, -9999, -9999, -9999, -9999, -9999, -9999, -9999, -9999, -9999, -9999, -9999, -9999, -9999, -9999, -9999, -9999, -9999, -9999, -9999, -9999, -9999, -9999, -9999, 59, -9999, -9999, -9999, -9999, -9999, -9999, -9999, -9999, -9999, -9999, -9999, -9999, -9999, -9999, -9999, -9999, -9999, -9999, -9999, -9999, -9999, -9999, -9999, -9999, -9999, -9999, -9999, -9999, -9999, -9999, -9999, -9999, -9999, -9999, -9999, -9999, -9999, 1, 1, 1, 1, 1],
[-9999, -9999, -9999, -9999, -9999, 18, -9999, -9999, -9999, -9999, -9999, -9999, -9999, -9999, -9999, -9999, 29, -9999, -9999, -9999, -9999, -9999, -9999, -9999, -9999, -9999, -9999, -9999, -9999, 48, -9999, -9999, 18, -9999, -9999, -9999, 35, -9999, -9999, 36, -9999, -9999, -9999, 10, -9999, -9999, 34, -9999, -9999, -9999, -9999, -9999, -9999, -9999, -9999, 35, -9999, -9999, -9999, -9999, -9999, -9999, -9999, -9999, 48, -9999, -9999, -9999, -9999, -9999, -9999, 48, -9999, 90, -9999, -9999, -9999, -9999, -9999, 93, -9999, -9999, -9999, -9999, -9999, -9999, -9999, -9999, -9999, -9999, -9999, -9999, -9999, -9999, 58, 47, -9999, -9999, 57, 67, 1, 1, 1, 1, 1],
[-9999, -9999, -9999, -9999, -9999, -9999, -9999, -9999, -9999, -9999, -9999, -9999, -9999, -9999, -9999, -9999, -9999, -9999, -9999, -9999, -9999, -9999, -9999, -9999, -9999, -9999, -9999, -9999, -9999, -9999, -9999, -9999, -9999, -9999, -9999, -9999, -9999, -9999, -9999, -9999, -9999, -9999, -9999, -9999, -9999, -9999, -9999, -9999, -9999, -9999, -9999, -9999, -9999, -9999, -9999, -9999, -9999, -9999, -9999, -9999, -9999, -9999, -9999, -9999, -9999, -9999, -9999, -9999, -9999, -9999, -9999, -9999, -9999, -9999, -9999, -9999, 42, 81, -9999, -9999, -9999, -9999, -9999, -9999, -9999, -9999, -9999, -9999, -9999, -9999, -9999, 80, -9999, -9999, -9999, -9999, -9999, -9999, -9999, -9999, 1, 1, 1, 1, 1],
[-9999, -9999, -9999, -9999, -9999, -9999, -9999, -9999, -9999, -9999, -9999, -9999, -9999, -9999, -9999, -9999, 39, -9999, -9999, -9999, -9999, -9999, 50, -9999, -9999, -9999, -9999, -9999, -9999, 43, -9999, -9999, 86, -9999, -9999, -9999, -9999, -9999, -9999, 27, -9999, -9999, -9999, 83, -9999, -9999, 23, 57, -9999, -9999, 5, -9999, -9999, -9999, -9999, 19, -9999, -9999, 1, -9999, -9999, -9999, -9999, -9999, 84, -9999, -9999, -9999, -9999, -9999, -9999, 54, -9999, -9999, -9999, -9999, -9999, -9999, -9999, -9999, -9999, -9999, -9999, -9999, -9999, -9999, -9999, 23, -9999, -9999, -9999, -9999, -9999, -9999, 68, 18, -9999, 96, -9999, 9, 1, 1, 1, 1, 1],
[-9999, -9999, -9999, -9999, -9999, -9999, -9999, 40, -9999, 11, -9999, 100, -9999, -9999, 97, 67, -9999, -9999, 37, 22, 26, -9999, -9999, -9999, 89, 8, 54, -9999, 23, -9999, 77, 1, 62, -9999, -9999, -9999, 55, -9999, -9999, 92, 54, -9999, -9999, 11, -9999, 4, 56, 77, -9999, -9999, -9999, 93, -9999, 96, -9999, -9999, 48, -9999, 53, -9999, 36, -9999, -9999, -9999, 65, 47, 60, 38, -9999, 40, 31, -9999, -9999, -9999, 11, -9999, 20, 48, 63, -9999, -9999, -9999, 40, 41, -9999, -9999, -9999, 93, -9999, 70, -9999, 38, -9999, 64, 1, 64, -9999, 1, 67, 3, 1, 1, 1, 1, 1],
[-9999, -9999, -9999, -9999, -9999, -9999, -9999, -9999, -9999, -9999, -9999, -9999, -9999, -9999, -9999, -9999, 85, -9999, -9999, -9999, -9999, -9999, 89, -9999, -9999, -9999, -9999, -9999, -9999, 34, -9999, -9999, 3, 84, -9999, -9999, 22, -9999, -9999, 28, -9999, -9999, -9999, 31, -9999, -9999, 42, 10, -9999, -9999, 76, -9999, -9999, -9999, -9999, 98, -9999, -9999, 59, -9999, -9999, -9999, -9999, -9999, 21, -9999, -9999, -9999, -9999, -9999, -9999, 21, -9999, 53, -9999, -9999, -9999, -9999, -9999, 61, -9999, -9999, -9999, -9999, -9999, -9999, -9999, 15, -9999, -9999, -9999, -9999, -9999, -9999, 71, 7, -9999, 95, 49, 34, 1, 1, 1, 1, 1],
[-9999, -9999, -9999, -9999, -9999, -9999, -9999, -9999, -9999, -9999, -9999, 90, -9999, -9999, -9999, -9999, 19, -9999, -9999, 7, 63, -9999, -9999, -9999, 32, 25, 41, -9999, 76, -9999, -9999, 8, -9999, 62, 43, 22, 18, -9999, -9999, 2, -9999, -9999, -9999, 7, -9999, 99, -9999, 15, -9999, -9999, 81, 100, 93, -9999, -9999, -9999, 35, 85, 40, -9999, 72, 36, 3, -9999, 34, 87, 50, 57, -9999, 83, 2, 68, -9999, 27, 53, -9999, 54, 7, -9999, -9999, 40, 31, 7, 23, 68, 93, 77, -9999, 64, -9999, -9999, 95, -9999, -9999, -9999, 8, 56, -9999, 84, 28, 1, 1, 1, 1, 1],
[-9999, -9999, -9999, -9999, -9999, -9999, -9999, 70, -9999, -9999, 11, -9999, -9999, 90, 63, -9999, 98, -9999, 93, 9, 28, -9999, 51, -9999, -9999, -9999, 17, -9999, 26, 10, -9999, -9999, 78, -9999, -9999, 58, -9999, -9999, 55, 25, 60, -9999, -9999, 77, -9999, -9999, 18, -9999, -9999, -9999, 9, 6, -9999, -9999, -9999, -9999, 8, -9999, -9999, -9999, -9999, 94, -9999, -9999, 71, 9, -9999, -9999, -9999, -9999, -9999, 44, -9999, -9999, 89, -9999, 72, -9999, 46, 16, -9999, -9999, 44, 20, -9999, -9999, -9999, 87, 23, -9999, -9999, 87, -9999, -9999, 18, 47, -9999, -9999, -9999, 9, 1, 1, 1, 1, 1],
[-9999, -9999, -9999, -9999, -9999, -9999, 64, 96, -9999, 27, -9999, 70, -9999, -9999, -9999, 52, 48, -9999, 61, -9999, 27, -9999, -9999, -9999, 5, -9999, 6, -9999, -9999, -9999, -9999, -9999, 64, 42, -9999, 75, 62, 11, 76, 11, 14, -9999, -9999, 22, -9999, 45, 38, 45, -9999, -9999, -9999, 43, -9999, -9999, -9999, 80, 55, -9999, -9999, 24, 72, 9, -9999, -9999, 23, -9999, 35, 13, -9999, 21, 11, 97, -9999, -9999, -9999, -9999, 38, 70, -9999, -9999, -9999, -9999, 28, 48, -9999, -9999, -9999, 65, -9999, 50, 22, 33, -9999, 70, -9999, 95, -9999, 61, 5, 36, 1, 1, 1, 1, 1],
[-9999, -9999, -9999, -9999, -9999, -9999, -9999, -9999, -9999, -9999, -9999, -9999, -9999, -9999, -9999, -9999, 43, -9999, -9999, -9999, -9999, -9999, 11, -9999, -9999, -9999, -9999, -9999, -9999, -9999, -9999, -9999, -9999, 50, -9999, -9999, -9999, -9999, -9999, 71, -9999, -9999, -9999, -9999, 99, -9999, 41, -9999, -9999, -9999, 31, -9999, -9999, -9999, -9999, -9999, -9999, -9999, -9999, -9999, -9999, -9999, -9999, -9999, 48, -9999, -9999, -9999, -9999, -9999, -9999, 65, -9999, 75, -9999, -9999, -9999, -9999, -9999, -9999, -9999, -9999, -9999, -9999, -9999, -9999, -9999, 57, -9999, -9999, -9999, -9999, -9999, -9999, 11, 59, -9999, -9999, -9999, 91, 1, 1, 1, 1, 1],
[-9999, -9999, -9999, -9999, -9999, -9999, -9999, -9999, -9999, 65, 13, -9999, -9999, 41, -9999, 18, 72, -9999, 71, -9999, 18, -9999, 11, -9999, -9999, 49, 34, -9999, 42, -9999, 19, 21, 35, -9999, -9999, -9999, -9999, -9999, -9999, 4, -9999, -9999, -9999, 52, -9999, 95, 65, -9999, -9999, -9999, -9999, -9999, -9999, -9999, -9999, -9999, -9999, -9999, 79, -9999, 60, 54, -9999, -9999, 62, -9999, -9999, -9999, -9999, -9999, -9999, -9999, -9999, -9999, 47, -9999, 22, 62, -9999, 56, -9999, 23, 63, 60, 11, -9999, -9999, 77, -9999, 61, -9999, 48, -9999, 85, 81, 94, -9999, 31, 51, 72, 1, 1, 1, 1, 1],
[-9999, -9999, -9999, -9999, -9999, -9999, -9999, 67, 40, -9999, 48, 24, -9999, 66, -9999, -9999, -9999, -9999, 27, 5, 64, 68, -9999, -9999, 55, 50, 90, 95, -9999, 36, -9999, 65, 11, -9999, -9999, -9999, 14, 48, -9999, 36, -9999, -9999, -9999, 25, 14, 15, 42, 91, -9999, -9999, 3, -9999, 28, -9999, -9999, 24, -9999, -9999, 57, 22, -9999, -9999, 12, 94, 100, -9999, 37, -9999, -9999, 94, -9999, 22, 24, 38, -9999, -9999, 38, 84, 100, 68, 59, -9999, 81, 83, -9999, -9999, 45, 8, -9999, -9999, -9999, 70, -9999, 13, -9999, 6, -9999, 39, -9999, 40, 1, 1, 1, 1, 1],
[-9999, -9999, -9999, -9999, -9999, -9999, -9999, 12, -9999, 73, -9999, 64, -9999, 93, 8, 27, -9999, -9999, -9999, 72, 87, -9999, -9999, 66, -9999, 8, 29, -9999, -9999, 43, 93, -9999, -9999, 29, -9999, -9999, 55, -9999, 27, 11, 3, -9999, -9999, 26, -9999, 100, 16, 70, -9999, -9999, -9999, -9999, -9999, -9999, -9999, -9999, 61, -9999, 23, 54, -9999, -9999, -9999, -9999, 71, 68, 3, 15, -9999, 77, 72, 61, -9999, 96, 56, -9999, 100, 82, -9999, 33, -9999, -9999, 99, 2, 58, -9999, -9999, 98, 44, 31, -9999, 97, -9999, -9999, 51, 95, -9999, 15, 55, 32, 1, 1, 1, 1, 1],
[-9999, -9999, -9999, -9999, -9999, -9999, -9999, -9999, -9999, -9999, -9999, -9999, -9999, -9999, -9999, -9999, -9999, -9999, -9999, -9999, -9999, -9999, 90, -9999, -9999, -9999, -9999, -9999, -9999, -9999, -9999, -9999, -9999, -9999, -9999, -9999, -9999, -9999, -9999, 44, -9999, -9999, -9999, 34, -9999, -9999, 50, 85, -9999, -9999, -9999, -9999, -9999, -9999, -9999, -9999, -9999, -9999, 25, -9999, -9999, -9999, -9999, -9999, 88, -9999, -9999, -9999, -9999, -9999, -9999, 19, -9999, 13, -9999, -9999, -9999, -9999, -9999, 26, -9999, -9999, -9999, -9999, -9999, -9999, -9999, -9999, -9999, -9999, -9999, -9999, -9999, -9999, 32, 96, -9999, 18, 84, 71, 1, 1, 1, 1, 1],
[-9999, -9999, -9999, -9999, -9999, -9999, -9999, -9999, -9999, -9999, 4, -9999, -9999, 45, 67, 57, -9999, -9999, 82, 75, 41, -9999, 77, -9999, -9999, 6, 100, -9999, -9999, -9999, -9999, 8, 59, 33, 8, -9999, 19, -9999, -9999, 96, 66, -9999, -9999, 46, -9999, -9999, 89, 8, -9999, -9999, 14, 7, 37, -9999, -9999, -9999, -9999, -9999, 6, 44, -9999, 39, -9999, 66, 58, 15, -9999, -9999, -9999, 62, -9999, 82, 100, 80, 74, -9999, 16, 59, 87, 25, 99, -9999, 59, 66, -9999, -9999, -9999, -9999, -9999, 55, 50, 96, -9999, 95, -9999, 24, 27, -9999, -9999, 77, 1, 1, 1, 1, 1],
[-9999, -9999, -9999, -9999, -9999, -9999, -9999, -9999, -9999, -9999, -9999, -9999, -9999, -9999, -9999, -9999, -9999, -9999, -9999, -9999, -9999, -9999, -9999, -9999, -9999, -9999, -9999, -9999, 88, 82, -9999, -9999, 3, 17, -9999, -9999, 42, -9999, -9999, 68, -9999, -9999, -9999, 52, 17, -9999, 30, 22, -9999, -9999, 28, -9999, -9999, -9999, -9999, 34, -9999, -9999, -9999, -9999, -9999, -9999, -9999, -9999, 15, -9999, -9999, -9999, -9999, -9999, -9999, -9999, -9999, 34, -9999, -9999, -9999, -9999, -9999, 58, -9999, -9999, -9999, -9999, -9999, -9999, -9999, 37, -9999, -9999, -9999, -9999, -9999, -9999, -9999, 22, -9999, 6, 47, 61, 1, 1, 1, 1, 1],
[-9999, -9999, -9999, -9999, -9999, 54, -9999, 1, -9999, 68, -9999, 36, -9999, 1, -9999, -9999, -9999, -9999, 37, 68, 74, -9999, -9999, -9999, 26, 84, 30, -9999, -9999, -9999, 77, -9999, -9999, 45, -9999, 79, 32, -9999, 28, -9999, -9999, -9999, -9999, 30, -9999, 10, 19, -9999, -9999, -9999, 67, -9999, -9999, -9999, -9999, 98, 8, -9999, 40, 40, -9999, 94, -9999, -9999, 73, 16, -9999, 77, 66, 72, -9999, 35, -9999, 42, 61, -9999, 20, -9999, -9999, -9999, -9999, -9999, -9999, 48, 54, -9999, -9999, 15, 50, 18, 79, 12, -9999, -9999, 73, 56, -9999, 27, -9999, 80, 1, 1, 1, 1, 1],
[-9999, -9999, -9999, -9999, -9999, -9999, -9999, 70, -9999, -9999, 32, -9999, -9999, 35, -9999, 79, 85, -9999, 38, -9999, 25, -9999, 25, -9999, 79, 4, 57, -9999, 48, -9999, 96, 39, 68, 70, -9999, -9999, 27, -9999, -9999, 76, -9999, 8, -9999, 85, -9999, 48, 20, 60, -9999, -9999, -9999, -9999, -9999, -9999, -9999, 98, 7, -9999, 80, -9999, 5, 88, -9999, -9999, 46, -9999, -9999, -9999, 54, 80, -9999, 94, -9999, -9999, 37, -9999, 88, -9999, -9999, 79, -9999, 59, -9999, 69, -9999, -9999, -9999, 47, -9999, 54, 32, 80, -9999, -9999, -9999, 17, -9999, 71, -9999, 65, 1, 1, 1, 1, 1],
[-9999, -9999, -9999, -9999, -9999, -9999, -9999, -9999, -9999, 68, 31, 100, 39, -9999, 62, -9999, 73, -9999, 21, 23, 77, -9999, -9999, -9999, -9999, 25, 74, -9999, 86, -9999, 6, -9999, 4, 8, -9999, 61, 66, 16, -9999, 73, 29, -9999, -9999, 48, -9999, -9999, 95, 44, -9999, -9999, -9999, 63, -9999, -9999, -9999, 64, 19, -9999, 58, 93, 23, -9999, -9999, -9999, 79, -9999, 7, 25, -9999, 10, 50, -9999, -9999, 10, 42, -9999, 69, -9999, 18, -9999, -9999, 72, -9999, 93, 38, -9999, -9999, 36, 75, 25, 63, 57, -9999, -9999, 36, 37, -9999, -9999, 98, 6, 1, 1, 1, 1, 1],
[-9999, -9999, -9999, -9999, -9999, 36, -9999, -9999, -9999, -9999, -9999, -9999, -9999, -9999, -9999, -9999, -9999, -9999, -9999, -9999, -9999, -9999, 24, -9999, -9999, -9999, -9999, -9999, 12, 73, -9999, -9999, -9999, 54, -9999, -9999, 38, -9999, -9999, 8, -9999, -9999, -9999, 81, -9999, -9999, 52, -9999, -9999, -9999, -9999, -9999, -9999, -9999, -9999, 56, -9999, -9999, 31, -9999, -9999, -9999, -9999, -9999, 3, -9999, -9999, -9999, -9999, -9999, -9999, -9999, -9999, 94, -9999, -9999, -9999, -9999, -9999, -9999, -9999, -9999, -9999, -9999, -9999, -9999, -9999, -9999, -9999, -9999, -9999, -9999, -9999, -9999, 47, 11, -9999, -9999, 24, 7, 1, 1, 1, 1, 1],
[-9999, -9999, -9999, -9999, -9999, -9999, -9999, -9999, -9999, -9999, -9999, -9999, -9999, -9999, -9999, -9999, 92, -9999, -9999, -9999, -9999, -9999, 15, -9999, -9999, -9999, -9999, -9999, 8, 8, -9999, -9999, 92, 86, -9999, -9999, 89, -9999, -9999, 76, -9999, -9999, -9999, -9999, -9999, -9999, 2, 77, -9999, -9999, 81, -9999, -9999, -9999, -9999, -9999, -9999, -9999, -9999, -9999, -9999, -9999, -9999, -9999, 18, -9999, -9999, -9999, -9999, -9999, -9999, -9999, -9999, 82, -9999, -9999, -9999, -9999, -9999, 29, -9999, -9999, -9999, -9999, -9999, -9999, -9999, 86, -9999, -9999, -9999, -9999, -9999, -9999, -9999, 15, -9999, 15, 42, 18, 1, 1, 1, 1, 1],
[-9999, -9999, -9999, -9999, -9999, -9999, -9999, -9999, -9999, -9999, -9999, -9999, -9999, -9999, -9999, -9999, 9, -9999, -9999, -9999, -9999, -9999, -9999, -9999, -9999, -9999, -9999, -9999, 14, 51, -9999, -9999, 86, 90, -9999, -9999, -9999, -9999, -9999, 75, -9999, -9999, -9999, 72, -9999, -9999, 11, 8, -9999, -9999, 33, -9999, -9999, -9999, -9999, 87, -9999, -9999, -9999, -9999, -9999, -9999, -9999, -9999, 7, -9999, -9999, -9999, -9999, -9999, -9999, -9999, -9999, -9999, -9999, -9999, -9999, -9999, -9999, -9999, -9999, -9999, -9999, -9999, -9999, -9999, -9999, -9999, -9999, -9999, -9999, -9999, -9999, -9999, 26, 45, -9999, -9999, 42, 35, 1, 1, 1, 1, 1],
[-9999, -9999, -9999, -9999, -9999, -9999, -9999, -9999, -9999, -9999, -9999, -9999, -9999, -9999, -9999, -9999, -9999, -9999, -9999, -9999, -9999, -9999, 94, -9999, -9999, -9999, -9999, -9999, 29, -9999, -9999, -9999, 32, -9999, -9999, -9999, 47, -9999, -9999, 62, -9999, -9999, -9999, 58, -9999, -9999, 76, -9999, -9999, -9999, 92, -9999, -9999, -9999, -9999, 95, -9999, -9999, 60, -9999, -9999, -9999, -9999, -9999, 87, -9999, -9999, -9999, -9999, -9999, -9999, 45, -9999, 77, -9999, -9999, -9999, -9999, -9999, 61, -9999, -9999, -9999, -9999, -9999, -9999, -9999, -9999, -9999, -9999, -9999, -9999, -9999, -9999, 55, 14, -9999, 85, 62, 72, 1, 1, 1, 1, 1],
[-9999, -9999, -9999, -9999, -9999, -9999, -9999, -9999, -9999, -9999, -9999, -9999, -9999, -9999, -9999, -9999, 6, -9999, -9999, -9999, -9999, -9999, -9999, -9999, -9999, -9999, -9999, -9999, 89, 70, -9999, -9999, -9999, 64, -9999, -9999, 17, -9999, -9999, 33, -9999, -9999, -9999, 51, -9999, -9999, -9999, 55, -9999, -9999, -9999, -9999, -9999, -9999, -9999, 23, -9999, -9999, 48, -9999, -9999, -9999, -9999, -9999, 12, -9999, -9999, -9999, -9999, -9999, -9999, 56, -9999, 40, -9999, -9999, -9999, -9999, -9999, 81, -9999, -9999, -9999, -9999, -9999, -9999, -9999, -9999, -9999, -9999, -9999, -9999, -9999, -9999, 46, 62, -9999, -9999, 68, 68, 1, 1, 1, 1, 1],
[-9999, -9999, -9999, -9999, -9999, -9999, -9999, -9999, -9999, -9999, -9999, 4, -9999, -9999, -9999, -9999, -9999, -9999, -9999, -9999, -9999, -9999, -9999, -9999, -9999, -9999, -9999, -9999, -9999, -9999, -9999, -9999, -9999, -9999, -9999, -9999, -9999, -9999, -9999, -9999, -9999, -9999, -9999, -9999, -9999, -9999, -9999, -9999, -9999, -9999, -9999, 34, -9999, -9999, -9999, -9999, -9999, -9999, -9999, -9999, -9999, -9999, -9999, -9999, -9999, -9999, -9999, -9999, -9999, -9999, -9999, -9999, -9999, -9999, -9999, -9999, 86, 90, -9999, -9999, -9999, -9999, -9999, -9999, -9999, -9999, -9999, -9999, -9999, -9999, 55, 93, -9999, -9999, -9999, -9999, -9999, -9999, -9999, -9999, 1, 1, 1, 1, 1],
[-9999, -9999, -9999, -9999, -9999, -9999, 69, 41, 49, 1, 5, 75, -9999, 28, -9999, 96, 45, -9999, 54, -9999, 30, -9999, -9999, -9999, 80, -9999, 59, -9999, 45, -9999, -9999, -9999, 26, 5, 85, 60, 12, -9999, 18, 46, -9999, -9999, 21, 20, -9999, -9999, 74, -9999, -9999, -9999, 40, -9999, 52, -9999, -9999, 75, 29, -9999, -9999, 86, 53, 52, -9999, 14, 59, -9999, 1, 26, -9999, -9999, -9999, 60, 39, 13, -9999, -9999, 37, 94, 5, 14, -9999, -9999, -9999, 27, 98, -9999, 50, 62, -9999, -9999, -9999, 37, -9999, -9999, 83, 59, 40, 96, -9999, 60, 1, 1, 1, 1, 1],
[-9999, -9999, -9999, -9999, -9999, -9999, -9999, 23, -9999, 11, 66, -9999, -9999, 14, -9999, -9999, 99, -9999, 43, 90, 67, -9999, 12, -9999, -9999, 36, 30, -9999, 36, 71, 32, -9999, -9999, -9999, 14, -9999, -9999, -9999, -9999, 24, 83, -9999, 31, 21, -9999, 20, 70, 13, -9999, -9999, -9999, 23, 75, -9999, -9999, -9999, 53, -9999, -9999, -9999, -9999, 18, 18, 55, 98, -9999, -9999, -9999, -9999, 24, -9999, 22, 6, 49, -9999, -9999, 21, 25, 7, -9999, -9999, 51, -9999, 87, 51, -9999, 65, 93, -9999, 79, 9, 92, -9999, 91, -9999, 48, -9999, 69, 47, 40, 1, 1, 1, 1, 1],
[-9999, -9999, -9999, -9999, -9999, -9999, -9999, -9999, -9999, 64, 93, -9999, -9999, 23, -9999, 29, 51, -9999, 34, 12, 69, -9999, 93, -9999, -9999, -9999, 45, -9999, 62, 92, -9999, -9999, -9999, -9999, -9999, -9999, 37, 78, 6, 87, 48, -9999, -9999, 10, -9999, -9999, 56, -9999, -9999, -9999, -9999, 80, -9999, -9999, -9999, 94, -9999, -9999, -9999, 89, 90, -9999, -9999, -9999, 87, 25, -9999, 67, -9999, 5, 39, 10, -9999, -9999, 85, -9999, 91, 13, -9999, 82, -9999, 75, 99, 25, 35, -9999, -9999, -9999, -9999, 37, 76, 59, -9999, 67, 49, 56, -9999, -9999, -9999, 28, 1, 1, 1, 1, 1],
[-9999, -9999, -9999, -9999, -9999, -9999, -9999, -9999, -9999, -9999, -9999, -9999, -9999, -9999, -9999, -9999, 35, -9999, -9999, -9999, -9999, -9999, -9999, -9999, -9999, -9999, -9999, -9999, 23, 73, -9999, -9999, -9999, 10, -9999, -9999, 22, -9999, -9999, 14, -9999, -9999, -9999, 63, -9999, -9999, 81, 76, -9999, -9999, -9999, -9999, -9999, -9999, -9999, 14, -9999, -9999, 100, -9999, -9999, -9999, -9999, -9999, 7, -9999, -9999, -9999, -9999, -9999, -9999, -9999, -9999, -9999, -9999, -9999, -9999, -9999, -9999, 82, -9999, -9999, -9999, -9999, -9999, -9999, -9999, -9999, -9999, -9999, -9999, -9999, -9999, -9999, 20, 45, -9999, 40, -9999, 28, 1, 1, 1, 1, 1],
[-9999, -9999, -9999, -9999, -9999, 100, -9999, -9999, -9999, -9999, -9999, -9999, -9999, -9999, -9999, -9999, -9999, -9999, -9999, -9999, -9999, -9999, 11, -9999, -9999, -9999, -9999, -9999, -9999, 49, -9999, -9999, 83, 63, -9999, -9999, -9999, -9999, -9999, 13, -9999, -9999, -9999, 80, -9999, -9999, -9999, -9999, -9999, -9999, 36, -9999, -9999, -9999, -9999, 1, -9999, -9999, -9999, -9999, -9999, -9999, -9999, -9999, 80, -9999, -9999, -9999, -9999, -9999, -9999, -9999, -9999, -9999, -9999, -9999, -9999, -9999, -9999, -9999, -9999, -9999, -9999, -9999, -9999, -9999, 54, 57, -9999, -9999, -9999, -9999, -9999, -9999, -9999, -9999, -9999, -9999, 20, 99, 1, 1, 1, 1, 1],
[-9999, -9999, -9999, -9999, -9999, -9999, -9999, 57, 29, 23, -9999, 45, -9999, 62, 87, -9999, 28, -9999, -9999, 44, 1, -9999, -9999, -9999, -9999, -9999, 58, 87, -9999, -9999, 99, -9999, 17, -9999, 87, -9999, -9999, -9999, -9999, 21, 68, -9999, 99, 93, -9999, 62, 24, 79, -9999, -9999, 76, 82, 1, -9999, -9999, 61, -9999, -9999, 19, -9999, 2, 10, 66, 64, 2, 34, -9999, 55, -9999, -9999, 72, -9999, -9999, -9999, 31, -9999, 35, 54, 44, -9999, -9999, -9999, 91, -9999, 77, -9999, -9999, -9999, 51, 74, -9999, 63, -9999, -9999, -9999, 28, 94, -9999, 58, 25, 1, 1, 1, 1, 1],
[-9999, -9999, -9999, -9999, -9999, 84, -9999, 31, -9999, -9999, 20, 6, -9999, -9999, 24, 25, 63, -9999, -9999, 18, 92, -9999, -9999, -9999, 47, 30, 78, -9999, 74, 32, -9999, 62, 34, 14, -9999, -9999, -9999, 87, 10, 27, 63, -9999, -9999, 45, -9999, -9999, 24, -9999, -9999, -9999, 7, 89, -9999, -9999, -9999, 75, 76, -9999, -9999, -9999, 76, -9999, -9999, -9999, 47, 2, -9999, -9999, 26, -9999, 6, -9999, -9999, 69, -9999, -9999, 36, 32, 71, -9999, -9999, 79, 3, 72, -9999, -9999, -9999, 12, 46, 73, 28, 14, -9999, 11, -9999, 46, -9999, 58, -9999, 48, 1, 1, 1, 1, 1],
[-9999, -9999, -9999, -9999, -9999, -9999, -9999, 75, -9999, 82, -9999, -9999, -9999, -9999, -9999, 2, 94, -9999, -9999, -9999, 4, -9999, -9999, 15, -9999, 35, 87, -9999, 15, 54, 98, 82, -9999, -9999, -9999, 90, -9999, -9999, -9999, 79, -9999, -9999, -9999, 10, -9999, -9999, 62, -9999, -9999, -9999, -9999, 42, -9999, -9999, -9999, -9999, 74, -9999, 76, 5, -9999, 25, -9999, -9999, 70, 67, -9999, 23, -9999, 53, -9999, 96, -9999, 14, 77, -9999, 100, 23, -9999, -9999, -9999, -9999, 5, -9999, 37, -9999, -9999, 62, 7, 51, -9999, 22, -9999, 36, -9999, 1, -9999, 13, -9999, 96, 1, 1, 1, 1, 1],
[-9999, -9999, -9999, -9999, -9999, -9999, -9999, -9999, -9999, -9999, -9999, -9999, -9999, -9999, -9999, -9999, -9999, -9999, -9999, -9999, -9999, -9999, 80, -9999, -9999, -9999, -9999, -9999, -9999, 59, -9999, -9999, 34, -9999, -9999, -9999, -9999, -9999, -9999, 24, -9999, -9999, -9999, 86, -9999, -9999, 37, 59, -9999, -9999, 86, -9999, -9999, -9999, -9999, -9999, -9999, -9999, 27, -9999, -9999, -9999, -9999, -9999, 89, -9999, -9999, -9999, -9999, -9999, -9999, 17, -9999, 72, -9999, -9999, -9999, -9999, -9999, 58, -9999, -9999, -9999, -9999, -9999, -9999, -9999, 77, -9999, -9999, -9999, -9999, -9999, -9999, -9999, 1, -9999, -9999, -9999, 33, 1, 1, 1, 1, 1],
[-9999, -9999, -9999, -9999, -9999, -9999, -9999, -9999, -9999, -9999, 75, -9999, -9999, 82, 91, 41, 27, -9999, 78, 1, 50, -9999, 55, -9999, -9999, -9999, 44, 5, 82, -9999, 85, 13, 40, 55, -9999, 6, -9999, -9999, 67, 30, 12, -9999, 78, 3, -9999, -9999, 59, -9999, -9999, -9999, -9999, 9, 44, -9999, -9999, 91, 53, -9999, 37, 52, 1, 34, 56, 38, 17, -9999, -9999, 14, -9999, 78, 90, -9999, -9999, 84, -9999, -9999, 72, -9999, 72, -9999, 55, 20, 87, 56, 95, -9999, -9999, -9999, 80, -9999, -9999, 31, -9999, -9999, 14, 32, -9999, 7, -9999, 85, 1, 1, 1, 1, 1],
[-9999, -9999, -9999, -9999, -9999, -9999, -9999, -9999, -9999, 4, 23, 22, -9999, 5, 44, -9999, 80, -9999, -9999, -9999, 34, -9999, 22, 6, -9999, -9999, 77, -9999, -9999, 20, 84, 7, 73, 8, -9999, -9999, 69, 93, -9999, 53, -9999, 6, -9999, 21, -9999, 34, 23, 53, -9999, -9999, 13, 62, -9999, -9999, -9999, 84, -9999, -9999, -9999, -9999, 69, 21, -9999, -9999, 75, -9999, 55, 17, -9999, 39, -9999, 59, -9999, -9999, 68, -9999, 34, 99, -9999, 80, -9999, 41, 62, 85, 85, -9999, -9999, 80, 100, 12, -9999, 4, -9999, -9999, -9999, 21, -9999, -9999, 96, 18, 1, 1, 1, 1, 1],
[-9999, -9999, -9999, -9999, -9999, -9999, -9999, -9999, -9999, -9999, -9999, -9999, -9999, -9999, -9999, -9999, 95, -9999, -9999, -9999, -9999, -9999, -9999, -9999, -9999, -9999, -9999, -9999, 35, 75, -9999, -9999, 40, -9999, -9999, -9999, 50, -9999, -9999, 86, -9999, -9999, -9999, 27, -9999, -9999, 77, 42, -9999, -9999, -9999, -9999, -9999, -9999, -9999, 70, -9999, -9999, 16, -9999, -9999, -9999, -9999, -9999, 58, -9999, -9999, -9999, -9999, -9999, -9999, 15, -9999, -9999, -9999, -9999, -9999, -9999, -9999, -9999, -9999, -9999, -9999, -9999, -9999, -9999, -9999, 1, -9999, -9999, -9999, -9999, -9999, -9999, 90, 68, -9999, 76, 94, 13, 1, 1, 1, 1, 1],
[-9999, -9999, -9999, -9999, -9999, -9999, -9999, -9999, -9999, -9999, -9999, -9999, -9999, -9999, -9999, -9999, -9999, -9999, -9999, -9999, -9999, -9999, 10, -9999, -9999, -9999, -9999, -9999, 97, 26, -9999, -9999, 64, 24, -9999, -9999, -9999, -9999, -9999, 79, -9999, -9999, -9999, 21, -9999, -9999, 38, 86, -9999, -9999, -9999, -9999, -9999, -9999, -9999, -9999, -9999, -9999, -9999, -9999, -9999, -9999, -9999, -9999, 83, -9999, -9999, -9999, -9999, -9999, -9999, 73, -9999, -9999, -9999, -9999, -9999, -9999, -9999, -9999, -9999, -9999, -9999, -9999, -9999, -9999, -9999, -9999, -9999, -9999, -9999, -9999, -9999, -9999, -9999, 57, -9999, 31, 71, 26, 1, 1, 1, 1, 1],
[-9999, -9999, -9999, -9999, -9999, -9999, -9999, -9999, -9999, -9999, -9999, -9999, -9999, -9999, -9999, -9999, 64, -9999, -9999, -9999, -9999, -9999, 13, -9999, -9999, -9999, -9999, -9999, -9999, -9999, -9999, -9999, -9999, -9999, -9999, -9999, 16, -9999, -9999, 29, -9999, -9999, -9999, 35, 67, -9999, 34, 11, -9999, -9999, -9999, -9999, -9999, -9999, -9999, 47, -9999, -9999, -9999, -9999, -9999, -9999, 30, -9999, 65, -9999, -9999, -9999, -9999, -9999, -9999, -9999, -9999, -9999, -9999, -9999, -9999, -9999, -9999, -9999, -9999, -9999, -9999, -9999, -9999, -9999, 49, 33, -9999, -9999, -9999, -9999, -9999, -9999, -9999, 92, -9999, 82, 80, 53, 1, 1, 1, 1, 1],
[-9999, -9999, -9999, -9999, -9999, -9999, -9999, -9999, -9999, -9999, -9999, 28, -9999, -9999, -9999, -9999, -9999, -9999, -9999, -9999, -9999, -9999, -9999, -9999, -9999, -9999, -9999, -9999, -9999, -9999, -9999, -9999, -9999, -9999, -9999, -9999, -9999, -9999, -9999, -9999, -9999, -9999, -9999, -9999, -9999, -9999, -9999, -9999, -9999, -9999, -9999, 45, -9999, -9999, -9999, -9999, -9999, -9999, -9999, -9999, -9999, -9999, -9999, -9999, -9999, -9999, -9999, -9999, -9999, -9999, -9999, -9999, -9999, -9999, -9999, -9999, 63, -9999, -9999, -9999, -9999, -9999, -9999, -9999, -9999, -9999, -9999, -9999, 24, -9999, 8, 40, -9999, -9999, -9999, -9999, -9999, -9999, -9999, -9999, 1, 1, 1, 1, 1],
[-9999, -9999, -9999, -9999, -9999, -9999, -9999, 85, -9999, -9999, -9999, 10, -9999, -9999, -9999, 51, -9999, -9999, -9999, -9999, 1, -9999, -9999, 3, 10, 53, 62, -9999, 35, 91, 19, 43, -9999, 94, -9999, 17, -9999, -9999, 78, 90, 45, -9999, -9999, 96, -9999, -9999, 50, -9999, -9999, -9999, 77, -9999, -9999, -9999, -9999, 74, 85, -9999, 5, -9999, -9999, 62, -9999, -9999, 70, -9999, -9999, -9999, -9999, -9999, -9999, 87, -9999, 2, -9999, -9999, 20, -9999, -9999, 38, -9999, 29, 94, -9999, -9999, -9999, -9999, 3, -9999, 29, 69, 85, -9999, -9999, 69, 100, -9999, -9999, 39, 3, 1, 1, 1, 1, 1],
[-9999, -9999, -9999, -9999, -9999, -9999, -9999, -9999, -9999, -9999, -9999, -9999, -9999, -9999, -9999, -9999, 26, -9999, -9999, -9999, -9999, -9999, -9999, -9999, -9999, -9999, -9999, -9999, 88, 10, -9999, -9999, 73, -9999, -9999, -9999, 32, -9999, -9999, 49, -9999, -9999, -9999, 47, -9999, -9999, -9999, -9999, -9999, -9999, -9999, -9999, -9999, -9999, -9999, -9999, -9999, -9999, 69, -9999, -9999, -9999, -9999, -9999, -9999, -9999, -9999, -9999, -9999, -9999, -9999, -9999, -9999, 47, -9999, -9999, -9999, -9999, -9999, 68, -9999, -9999, -9999, -9999, -9999, -9999, -9999, 50, -9999, -9999, -9999, -9999, -9999, -9999, 45, 11, -9999, 42, 45, 34, 1, 1, 1, 1, 1],
[-9999, -9999, -9999, -9999, -9999, -9999, -9999, -9999, -9999, -9999, -9999, -9999, -9999, -9999, -9999, -9999, 48, -9999, -9999, -9999, -9999, -9999, 44, -9999, -9999, -9999, -9999, -9999, 88, -9999, -9999, -9999, -9999, -9999, -9999, -9999, 7, -9999, -9999, 47, -9999, -9999, -9999, 11, -9999, -9999, 29, 5, -9999, -9999, -9999, -9999, -9999, -9999, -9999, 5, -9999, -9999, 98, -9999, -9999, -9999, -9999, -9999, 22, -9999, -9999, -9999, -9999, -9999, -9999, 68, -9999, -9999, -9999, -9999, -9999, -9999, -9999, 81, -9999, -9999, -9999, -9999, -9999, -9999, -9999, -9999, -9999, -9999, -9999, -9999, -9999, -9999, -9999, 12, -9999, 57, 51, 61, 1, 1, 1, 1, 1],
[-9999, -9999, -9999, -9999, -9999, -9999, -9999, -9999, -9999, -9999, -9999, -9999, -9999, -9999, -9999, -9999, 63, -9999, -9999, -9999, -9999, -9999, 45, -9999, -9999, -9999, -9999, -9999, -9999, -9999, -9999, -9999, -9999, 48, -9999, -9999, -9999, -9999, -9999, 20, -9999, -9999, -9999, 36, -9999, -9999, 1, -9999, -9999, -9999, -9999, -9999, -9999, -9999, -9999, -9999, -9999, -9999, -9999, -9999, -9999, -9999, -9999, -9999, 27, -9999, -9999, -9999, -9999, -9999, -9999, 100, -9999, 87, -9999, -9999, -9999, -9999, -9999, 6, -9999, -9999, -9999, -9999, -9999, -9999, -9999, 11, -9999, -9999, -9999, -9999, -9999, -9999, 26, 85, -9999, 78, -9999, 84, 1, 1, 1, 1, 1],
[-9999, -9999, -9999, -9999, -9999, -9999, -9999, -9999, -9999, -9999, -9999, -9999, -9999, -9999, -9999, -9999, 91, -9999, -9999, -9999, -9999, -9999, 100, -9999, -9999, -9999, -9999, -9999, -9999, 65, -9999, -9999, -9999, -9999, -9999, -9999, 72, -9999, -9999, 30, -9999, -9999, -9999, 61, -9999, -9999, 45, 49, -9999, -9999, 14, -9999, -9999, -9999, -9999, 63, -9999, -9999, 20, -9999, -9999, -9999, -9999, -9999, 37, -9999, -9999, -9999, -9999, -9999, -9999, 95, -9999, 62, -9999, -9999, -9999, -9999, -9999, 13, -9999, -9999, -9999, -9999, -9999, -9999, -9999, 35, -9999, -9999, -9999, -9999, -9999, -9999, -9999, 91, -9999, 60, -9999, 22, 1, 1, 1, 1, 1],
[-9999, -9999, -9999, -9999, -9999, -9999, -9999, -9999, 2, -9999, 65, -9999, -9999, -9999, 85, 46, 90, -9999, 7, 55, 7, -9999, -9999, -9999, 17, 95, 95, -9999, 2, -9999, 92, 47, -9999, 26, 90, 64, -9999, 39, -9999, 72, -9999, -9999, 75, 20, -9999, 21, 97, -9999, -9999, -9999, -9999, 27, 25, -9999, -9999, 22, 21, -9999, -9999, 36, 42, -9999, -9999, 3, 62, -9999, 6, 36, -9999, 75, 29, -9999, 33, 49, -9999, -9999, 50, 45, 7, -9999, 60, 66, -9999, 64, -9999, 44, -9999, 92, 66, -9999, 43, 65, -9999, -9999, 85, 18, 69, -9999, 13, 13, 1, 1, 1, 1, 1],
[-9999, -9999, -9999, -9999, -9999, -9999, -9999, -9999, -9999, -9999, -9999, -9999, -9999, -9999, -9999, -9999, 68, -9999, -9999, -9999, -9999, -9999, -9999, -9999, -9999, -9999, -9999, -9999, 23, -9999, -9999, -9999, 56, 60, -9999, -9999, -9999, -9999, -9999, 76, -9999, -9999, -9999, 61, 9, -9999, 95, 93, -9999, -9999, 77, -9999, -9999, -9999, -9999, 69, -9999, -9999, 95, -9999, -9999, -9999, -9999, -9999, 62, -9999, -9999, -9999, -9999, -9999, -9999, 85, -9999, -9999, -9999, -9999, -9999, -9999, -9999, -9999, -9999, -9999, -9999, -9999, -9999, -9999, -9999, -9999, -9999, -9999, -9999, -9999, -9999, -9999, -9999, 56, -9999, 81, 21, 72, 1, 1, 1, 1, 1],
[-9999, -9999, -9999, -9999, -9999, -9999, -9999, -9999, -9999, -9999, -9999, -9999, -9999, -9999, -9999, -9999, 26, -9999, -9999, -9999, -9999, -9999, 42, -9999, -9999, -9999, -9999, -9999, 42, -9999, -9999, -9999, -9999, 5, -9999, -9999, -9999, -9999, -9999, 39, -9999, -9999, -9999, 99, -9999, -9999, 15, 1, -9999, -9999, -9999, -9999, -9999, -9999, -9999, -9999, -9999, -9999, 77, -9999, -9999, -9999, -9999, -9999, 100, -9999, -9999, -9999, -9999, -9999, -9999, 97, -9999, 70, -9999, -9999, -9999, -9999, -9999, -9999, -9999, -9999, -9999, -9999, -9999, -9999, -9999, 55, -9999, -9999, -9999, -9999, -9999, -9999, 69, 76, -9999, 61, 54, 92, 1, 1, 1, 1, 1],
[-9999, -9999, -9999, -9999, -9999, -9999, -9999, -9999, -9999, -9999, -9999, -9999, -9999, -9999, -9999, -9999, 60, -9999, -9999, -9999, -9999, -9999, 64, -9999, -9999, -9999, -9999, -9999, 38, 99, -9999, -9999, 67, -9999, -9999, -9999, -9999, -9999, -9999, 65, -9999, -9999, -9999, 85, -9999, -9999, 66, -9999, -9999, -9999, 89, -9999, -9999, -9999, -9999, -9999, -9999, -9999, 85, -9999, -9999, -9999, -9999, -9999, 63, -9999, -9999, -9999, -9999, -9999, -9999, -9999, -9999, 80, -9999, -9999, -9999, -9999, -9999, 19, -9999, -9999, -9999, -9999, -9999, -9999, -9999, 94, -9999, -9999, -9999, -9999, -9999, -9999, 38, 58, -9999, 49, -9999, 50, 1, 1, 1, 1, 1],
[-9999, -9999, -9999, -9999, -9999, 3, -9999, 75, -9999, 76, -9999, 31, -9999, 3, -9999, 99, -9999, -9999, 54, 52, 38, 61, 76, -9999, 47, -9999, 11, -9999, 34, 82, 68, 78, 1, -9999, -9999, 30, 64, 33, 47, 86, 4, -9999, -9999, 63, -9999, 85, 96, 67, -9999, -9999, 93, 55, -9999, -9999, -9999, -9999, -9999, -9999, -9999, 68, -9999, 46, -9999, -9999, 18, 50, 25, -9999, -9999, -9999, 35, 20, -9999, -9999, 29, -9999, 27, 78, 80, 81, -9999, 74, 23, -9999, 48, -9999, -9999, 92, -9999, -9999, 36, 92, -9999, 1, 32, 33, -9999, -9999, 61, 45, 1, 1, 1, 1, 1],
[-9999, -9999, -9999, -9999, -9999, -9999, -9999, -9999, -9999, 16, 44, 43, -9999, -9999, 25, 10, 55, -9999, -9999, -9999, 35, -9999, -9999, -9999, -9999, -9999, 65, -9999, 50, -9999, 57, -9999, -9999, 32, -9999, -9999, -9999, -9999, 76, 65, -9999, -9999, -9999, 20, -9999, 90, 22, -9999, 80, 27, -9999, -9999, -9999, -9999, 91, -9999, 74, -9999, -9999, -9999, 3, 100, -9999, -9999, 64, 54, 9, -9999, -9999, 32, 10, 34, -9999, -9999, 89, -9999, 40, 40, -9999, 16, -9999, -9999, 31, 94, 69, -9999, -9999, 34, 30, -9999, 45, 88, -9999, -9999, 13, 92, -9999, 100, 59, 44, 1, 1, 1, 1, 1],
[-9999, -9999, -9999, -9999, -9999, -9999, -9999, -9999, -9999, -9999, -9999, -9999, -9999, -9999, -9999, -9999, 23, -9999, -9999, -9999, -9999, -9999, 41, -9999, -9999, -9999, -9999, -9999, 45, 89, -9999, -9999, 59, -9999, -9999, -9999, 92, -9999, -9999, 25, -9999, -9999, -9999, 60, 66, -9999, 80, -9999, -9999, -9999, 35, -9999, -9999, -9999, -9999, 52, -9999, -9999, -9999, -9999, -9999, -9999, -9999, -9999, 71, -9999, -9999, -9999, -9999, -9999, -9999, 85, -9999, -9999, -9999, -9999, -9999, -9999, -9999, -9999, -9999, -9999, -9999, -9999, -9999, -9999, -9999, -9999, -9999, -9999, -9999, -9999, -9999, -9999, 89, 41, -9999, -9999, -9999, 69, 1, 1, 1, 1, 1],
[-9999, -9999, -9999, -9999, -9999, -9999, -9999, -9999, -9999, -9999, -9999, -9999, -9999, -9999, -9999, -9999, -9999, -9999, -9999, -9999, -9999, -9999, 77, -9999, -9999, -9999, -9999, -9999, -9999, 6, -9999, -9999, -9999, 76, -9999, -9999, -9999, -9999, -9999, 22, -9999, -9999, -9999, 95, -9999, -9999, 14, 55, -9999, -9999, 14, -9999, -9999, -9999, -9999, -9999, -9999, -9999, 47, -9999, -9999, -9999, -9999, -9999, 26, -9999, -9999, -9999, -9999, -9999, -9999, 98, -9999, -9999, -9999, -9999, -9999, -9999, -9999, 61, -9999, -9999, -9999, -9999, -9999, -9999, -9999, -9999, -9999, -9999, -9999, -9999, -9999, -9999, -9999, 95, -9999, 100, -9999, 28, 1, 1, 1, 1, 1],
[-9999, -9999, -9999, -9999, -9999, -9999, -9999, -9999, -9999, -9999, -9999, -9999, -9999, -9999, -9999, -9999, -9999, -9999, -9999, -9999, -9999, -9999, 18, -9999, -9999, -9999, -9999, -9999, -9999, 91, -9999, -9999, 37, 33, -9999, -9999, -9999, -9999, -9999, 58, -9999, -9999, -9999, 34, -9999, -9999, 81, 75, -9999, -9999, 53, -9999, -9999, -9999, -9999, -9999, -9999, -9999, -9999, -9999, -9999, -9999, -9999, -9999, 33, -9999, -9999, -9999, -9999, -9999, -9999, -9999, -9999, 42, -9999, -9999, -9999, -9999, -9999, -9999, -9999, -9999, -9999, -9999, -9999, -9999, -9999, -9999, -9999, -9999, -9999, -9999, -9999, -9999, -9999, 18, -9999, -9999, 90, 87, 1, 1, 1, 1, 1],
[-9999, -9999, -9999, -9999, -9999, -9999, -9999, 21, 15, 42, -9999, -9999, -9999, 38, 21, -9999, 86, -9999, 39, 6, 67, -9999, -9999, -9999, -9999, 79, 83, 60, 60, 3, 41, -9999, 13, 81, 37, 21, -9999, 21, 72, 3, 36, -9999, 45, 28, -9999, -9999, 22, -9999, -9999, -9999, 53, 14, 30, -9999, -9999, 48, -9999, -9999, 53, 76, 18, -9999, 16, -9999, 78, -9999, -9999, -9999, -9999, 51, 42, 13, 100, 13, -9999, 78, 28, -9999, -9999, 99, 58, -9999, 43, -9999, -9999, -9999, -9999, -9999, 27, -9999, -9999, 69, -9999, 33, -9999, 87, -9999, 82, -9999, 41, 1, 1, 1, 1, 1],
[-9999, -9999, -9999, -9999, -9999, -9999, -9999, -9999, -9999, -9999, -9999, 95, -9999, -9999, -9999, -9999, -9999, -9999, -9999, -9999, -9999, -9999, -9999, -9999, -9999, -9999, -9999, -9999, -9999, -9999, -9999, -9999, -9999, -9999, -9999, -9999, -9999, -9999, -9999, -9999, -9999, -9999, -9999, -9999, -9999, -9999, -9999, -9999, -9999, -9999, -9999, -9999, -9999, -9999, -9999, -9999, -9999, -9999, -9999, -9999, -9999, -9999, -9999, -9999, -9999, -9999, -9999, -9999, -9999, -9999, -9999, -9999, -9999, -9999, -9999, -9999, 29, 90, -9999, -9999, -9999, -9999, -9999, -9999, -9999, -9999, -9999, -9999, 81, -9999, -9999, 100, -9999, -9999, -9999, -9999, -9999, -9999, -9999, -9999, 1, 1, 1, 1, 1],
[-9999, -9999, -9999, -9999, -9999, -9999, -9999, 43, -9999, 32, -9999, -9999, -9999, 27, -9999, -9999, -9999, -9999, 98, 42, 86, -9999, -9999, -9999, 86, -9999, 37, -9999, 73, -9999, 91, -9999, -9999, 57, -9999, 49, 80, -9999, -9999, 31, 75, -9999, -9999, 66, -9999, 5, 100, 58, -9999, -9999, 93, -9999, -9999, -9999, -9999, -9999, -9999, -9999, 49, 24, 46, 66, -9999, -9999, 18, -9999, 26, -9999, -9999, 55, 71, 2, -9999, -9999, 78, -9999, 18, 54, 70, -9999, -9999, 13, 70, -9999, 39, -9999, -9999, 39, -9999, 11, 21, 37, -9999, 12, 25, 93, -9999, 37, -9999, 30, 1, 1, 1, 1, 1],
[-9999, -9999, -9999, -9999, -9999, -9999, -9999, 62, -9999, -9999, -9999, -9999, -9999, -9999, 92, 89, 36, -9999, 75, 47, 36, -9999, 74, -9999, -9999, -9999, 72, -9999, -9999, 24, 83, -9999, 28, 33, -9999, -9999, -9999, -9999, -9999, 66, 95, -9999, -9999, 99, -9999, 64, 53, 2, -9999, -9999, 70, -9999, -9999, -9999, -9999, 36, -9999, -9999, 45, -9999, 36, 71, -9999, -9999, 66, 16, -9999, 38, -9999, 95, 68, -9999, -9999, -9999, 62, -9999, 34, 76, 93, 99, -9999, -9999, -9999, 74, 13, -9999, -9999, -9999, -9999, -9999, 38, 62, -9999, -9999, -9999, 88, -9999, -9999, -9999, 69, 1, 1, 1, 1, 1],
[-9999, -9999, -9999, -9999, -9999, -9999, 31, 69, -9999, -9999, 80, -9999, -9999, 16, 61, -9999, -9999, -9999, -9999, -9999, 4, -9999, -9999, 63, 20, 84, 45, -9999, 38, 83, 20, 70, -9999, -9999, -9999, 34, 92, 30, 100, 56, 98, -9999, -9999, 92, -9999, 95, 40, 88, -9999, -9999, -9999, 87, -9999, -9999, -9999, -9999, -9999, -9999, 12, 84, -9999, 46, -9999, -9999, 87, 11, -9999, -9999, -9999, -9999, 41, 98, -9999, 66, 22, -9999, 67, -9999, -9999, 80, -9999, -9999, 82, -9999, 35, -9999, -9999, 95, 58, -9999, -9999, 79, -9999, 46, 82, 51, -9999, 53, 35, 43, 1, 1, 1, 1, 1],
[-9999, -9999, -9999, -9999, -9999, -9999, -9999, -9999, -9999, 26, -9999, 86, -9999, -9999, -9999, -9999, -9999, -9999, 44, -9999, 43, -9999, 81, -9999, 21, -9999, 88, -9999, 21, -9999, -9999, 59, 32, -9999, -9999, 58, 57, 86, 11, 63, -9999, -9999, -9999, 88, -9999, 59, 64, -9999, 100, -9999, -9999, -9999, -9999, -9999, -9999, -9999, 39, -9999, 26, -9999, 46, -9999, -9999, -9999, 34, 12, -9999, -9999, -9999, -9999, -9999, 64, -9999, 65, -9999, -9999, 42, -9999, 19, 21, -9999, -9999, -9999, -9999, -9999, -9999, -9999, 96, 11, 25, 76, 90, -9999, 22, -9999, 71, -9999, 90, -9999, 17, 1, 1, 1, 1, 1],
[-9999, -9999, -9999, -9999, -9999, -9999, -9999, 69, -9999, 75, 52, 27, -9999, -9999, -9999, -9999, -9999, -9999, 37, 77, 74, -9999, 10, -9999, 67, 33, 73, -9999, -9999, 58, 11, -9999, -9999, -9999, 6, -9999, 53, 72, 75, 4, -9999, -9999, 23, 21, -9999, 69, 37, -9999, -9999, -9999, -9999, 44, 21, -9999, -9999, 53, -9999, -9999, -9999, 32, 8, 81, 51, 90, -9999, 87, 15, 14, -9999, 34, 46, 19, 20, 25, 70, -9999, 88, -9999, -9999, 21, 45, -9999, 19, -9999, 69, -9999, 85, 20, 64, 99, -9999, 59, -9999, 93, -9999, 25, 61, -9999, 93, 14, 1, 1, 1, 1, 1],
[-9999, -9999, -9999, -9999, -9999, -9999, -9999, 9, -9999, -9999, 64, 66, -9999, -9999, 8, 41, -9999, -9999, -9999, -9999, 52, -9999, 59, -9999, -9999, 49, 70, -9999, 42, 7, 5, -9999, 28, -9999, -9999, -9999, 54, 17, -9999, 48, -9999, -9999, -9999, 9, -9999, 64, 51, 32, -9999, -9999, 32, 14, -9999, -9999, -9999, -9999, 74, -9999, 69, -9999, -9999, -9999, -9999, -9999, 12, -9999, 61, -9999, -9999, 10, -9999, -9999, -9999, -9999, 50, -9999, 64, 47, 65, -9999, -9999, 70, -9999, -9999, -9999, -9999, -9999, 5, 71, 76, -9999, 99, -9999, 57, -9999, 58, -9999, 83, -9999, 22, 1, 1, 1, 1, 1],
[-9999, -9999, -9999, -9999, -9999, -9999, -9999, -9999, -9999, 82, -9999, -9999, -9999, 2, 58, 15, -9999, -9999, 61, -9999, 92, -9999, 58, -9999, -9999, 31, 81, -9999, -9999, -9999, 91, -9999, 10, -9999, -9999, -9999, 49, -9999, 6, 87, -9999, -9999, -9999, 62, -9999, 64, 41, 52, -9999, -9999, -9999, 9, -9999, -9999, -9999, -9999, -9999, -9999, 83, 38, 99, -9999, -9999, -9999, 55, 16, -9999, 23, -9999, 82, -9999, -9999, -9999, 89, -9999, -9999, 69, -9999, -9999, 28, -9999, 37, 65, 68, 70, -9999, -9999, 76, -9999, 94, 96, 74, -9999, 71, 87, 4, -9999, 4, 46, 96, 1, 1, 1, 1, 1],
[-9999, -9999, -9999, -9999, -9999, -9999, 49, 36, -9999, -9999, 55, 33, -9999, -9999, -9999, -9999, -9999, -9999, 72, -9999, 93, -9999, 98, -9999, 62, 92, 60, -9999, 79, 50, -9999, 85, 62, 12, -9999, 43, 13, 54, 67, 60, 66, -9999, -9999, 81, 35, 83, 54, 19, -9999, -9999, 50, 48, -9999, -9999, -9999, 29, 8, -9999, -9999, 75, 26, 37, -9999, -9999, 75, 82, 49, -9999, -9999, 25, 61, 65, -9999, 88, 24, -9999, 77, 34, 57, 93, -9999, 2, 24, 20, 41, -9999, -9999, 33, 44, -9999, 76, 51, -9999, 27, 26, 43, -9999, -9999, -9999, 80, 1, 1, 1, 1, 1],
[-9999, -9999, -9999, -9999, -9999, -9999, -9999, -9999, -9999, -9999, -9999, -9999, -9999, -9999, -9999, -9999, 50, -9999, -9999, -9999, -9999, -9999, 37, -9999, -9999, -9999, -9999, -9999, 83, 27, -9999, -9999, 83, -9999, -9999, -9999, -9999, -9999, -9999, 75, -9999, -9999, -9999, 49, -9999, -9999, 37, 75, -9999, -9999, 53, -9999, -9999, -9999, -9999, 49, -9999, -9999, -9999, -9999, -9999, -9999, -9999, -9999, 3, -9999, -9999, -9999, -9999, -9999, -9999, 94, -9999, 93, -9999, -9999, -9999, -9999, -9999, -9999, -9999, -9999, -9999, -9999, -9999, -9999, -9999, -9999, -9999, -9999, -9999, -9999, -9999, -9999, 77, 44, -9999, 35, 50, 77, 1, 1, 1, 1, 1],
[-9999, -9999, -9999, -9999, -9999, -9999, -9999, -9999, 29, 33, 64, 100, -9999, 15, -9999, 13, 58, -9999, -9999, 45, 34, -9999, -9999, -9999, 3, 64, 94, -9999, 70, 69, 6, -9999, 83, -9999, -9999, -9999, 39, -9999, 17, 10, 69, -9999, 87, 12, -9999, -9999, 36, 27, -9999, -9999, -9999, -9999, -9999, -9999, -9999, 91, 52, -9999, 57, 22, 6, 35, 4, -9999, 55, -9999, 94, -9999, -9999, -9999, 85, -9999, 11, -9999, 38, -9999, 50, 2, 7, 8, 94, 11, -9999, 97, -9999, -9999, -9999, -9999, -9999, -9999, 5, 36, -9999, 92, 62, 93, 5, 46, -9999, 25, 1, 1, 1, 1, 1],
[-9999, -9999, -9999, -9999, -9999, -9999, -9999, 57, -9999, 24, -9999, 17, -9999, 69, 88, 34, 20, -9999, 62, 41, 78, 31, 31, -9999, 67, 87, 17, -9999, 16, -9999, 39, 67, 22, 37, -9999, -9999, 71, 51, 94, 15, -9999, -9999, -9999, 14, -9999, 90, 71, -9999, -9999, -9999, -9999, 63, -9999, -9999, -9999, 62, 18, -9999, -9999, 64, -9999, 73, -9999, -9999, 71, -9999, 33, 99, -9999, 26, -9999, -9999, -9999, 53, 57, -9999, 67, 92, 2, -9999, -9999, 67, 16, 2, 73, -9999, -9999, 85, -9999, -9999, 47, 86, -9999, 2, -9999, -9999, -9999, 57, 76, 47, 1, 1, 1, 1, 1],
[-9999, -9999, -9999, -9999, -9999, -9999, -9999, -9999, -9999, -9999, -9999, -9999, -9999, -9999, -9999, -9999, -9999, -9999, -9999, -9999, -9999, -9999, -9999, -9999, -9999, -9999, -9999, -9999, -9999, -9999, -9999, -9999, -9999, -9999, -9999, -9999, -9999, -9999, -9999, -9999, -9999, -9999, -9999, -9999, -9999, -9999, -9999, -9999, -9999, -9999, -9999, -9999, -9999, -9999, -9999, -9999, -9999, -9999, -9999, -9999, -9999, -9999, -9999, -9999, -9999, -9999, -9999, -9999, -9999, -9999, -9999, -9999, -9999, -9999, -9999, -9999, -9999, -9999, -9999, -9999, -9999, -9999, -9999, -9999, -9999, -9999, -9999, -9999, -9999, -9999, -9999, -9999, -9999, -9999, -9999, -9999, -9999, -9999, -9999, -9999, 1, 1, 1, 1, 1],
[-9999, -9999, -9999, -9999, -9999, -9999, -9999, -9999, -9999, -9999, -9999, -9999, -9999, -9999, -9999, -9999, 70, -9999, -9999, -9999, -9999, -9999, 38, -9999, -9999, -9999, -9999, -9999, 97, 2, -9999, -9999, 26, 20, -9999, -9999, 22, -9999, -9999, 38, -9999, -9999, -9999, 19, -9999, -9999, 27, -9999, -9999, -9999, 18, -9999, -9999, -9999, -9999, 65, -9999, -9999, -9999, -9999, -9999, -9999, -9999, -9999, 74, -9999, -9999, -9999, -9999, -9999, -9999, -9999, -9999, 19, -9999, -9999, -9999, -9999, -9999, -9999, -9999, -9999, -9999, -9999, -9999, -9999, -9999, 58, -9999, -9999, -9999, -9999, -9999, -9999, -9999, 83, -9999, 80, 2, 37, 1, 1, 1, 1, 1],
[-9999, -9999, -9999, -9999, -9999, -9999, -9999, -9999, -9999, -9999, -9999, -9999, -9999, -9999, -9999, -9999, -9999, -9999, -9999, -9999, -9999, -9999, -9999, -9999, -9999, -9999, -9999, -9999, -9999, 21, -9999, -9999, -9999, -9999, -9999, -9999, -9999, -9999, -9999, 7, -9999, -9999, -9999, 33, -9999, -9999, 26, 11, -9999, -9999, 50, -9999, -9999, -9999, -9999, -9999, -9999, -9999, -9999, -9999, -9999, -9999, -9999, -9999, 7, -9999, -9999, -9999, -9999, -9999, -9999, -9999, -9999, 4, -9999, -9999, -9999, -9999, -9999, 43, -9999, -9999, -9999, -9999, -9999, -9999, -9999, 92, -9999, -9999, -9999, -9999, -9999, -9999, -9999, 15, -9999, 65, 55, 100, 1, 1, 1, 1, 1],
[-9999, -9999, -9999, -9999, -9999, -9999, -9999, -9999, -9999, -9999, -9999, -9999, -9999, -9999, -9999, -9999, 83, -9999, -9999, -9999, -9999, -9999, -9999, -9999, -9999, -9999, -9999, -9999, 51, -9999, -9999, -9999, 46, -9999, -9999, -9999, 32, -9999, -9999, 4, -9999, -9999, -9999, 79, -9999, -9999, 91, 52, -9999, -9999, -9999, -9999, 79, -9999, -9999, 56, -9999, -9999, 18, -9999, -9999, -9999, -9999, -9999, 64, -9999, -9999, -9999, -9999, -9999, -9999, -9999, -9999, 1, -9999, -9999, -9999, -9999, -9999, -9999, -9999, -9999, -9999, -9999, -9999, -9999, 87, 39, -9999, -9999, -9999, -9999, -9999, -9999, -9999, 54, -9999, 7, -9999, 35, 1, 1, 1, 1, 1],
[-9999, -9999, -9999, -9999, -9999, -9999, -9999, 99, -9999, 79, 7, 96, 43, 37, 39, -9999, -9999, -9999, 84, 11, 16, -9999, 99, -9999, 43, -9999, 86, -9999, 25, 13, 86, -9999, -9999, 2, -9999, -9999, 12, 59, -9999, 47, 46, -9999, -9999, 73, 68, -9999, 46, 21, -9999, -9999, 83, -9999, -9999, -9999, -9999, 46, -9999, -9999, 100, 52, -9999, 30, -9999, -9999, 59, 74, 52, 74, -9999, 92, -9999, -9999, -9999, 16, 5, -9999, 46, -9999, -9999, 89, -9999, -9999, 68, 62, 62, -9999, -9999, 55, 86, 44, 40, 98, -9999, -9999, -9999, 83, -9999, 42, 33, 41, 1, 1, 1, 1, 1],
[-9999, -9999, -9999, -9999, -9999, 25, -9999, -9999, -9999, -9999, -9999, -9999, -9999, -9999, -9999, -9999, 85, -9999, -9999, -9999, -9999, -9999, 32, -9999, -9999, -9999, -9999, -9999, -9999, -9999, -9999, -9999, 48, 72, -9999, -9999, 71, -9999, -9999, 12, -9999, -9999, -9999, 79, -9999, -9999, 22, 79, -9999, -9999, -9999, -9999, -9999, -9999, -9999, -9999, -9999, -9999, -9999, -9999, -9999, -9999, -9999, -9999, 75, -9999, -9999, -9999, -9999, -9999, -9999, 36, -9999, -9999, -9999, -9999, -9999, -9999, -9999, 29, -9999, -9999, -9999, -9999, -9999, -9999, -9999, 16, -9999, -9999, -9999, -9999, -9999, -9999, 83, -9999, -9999, 88, 95, 12, 1, 1, 1, 1, 1],
[-9999, -9999, -9999, -9999, -9999, -9999, -9999, -9999, -9999, -9999, -9999, -9999, -9999, -9999, -9999, -9999, -9999, -9999, -9999, -9999, -9999, -9999, -9999, -9999, -9999, -9999, -9999, -9999, -9999, 80, -9999, -9999, 61, 57, -9999, -9999, -9999, -9999, -9999, 44, -9999, -9999, -9999, 59, -9999, -9999, 2, -9999, -9999, -9999, 75, -9999, -9999, -9999, -9999, 28, -9999, -9999, -9999, -9999, -9999, -9999, -9999, -9999, 99, -9999, -9999, -9999, -9999, -9999, -9999, 54, -9999, -9999, -9999, -9999, -9999, -9999, -9999, 13, -9999, -9999, -9999, -9999, -9999, -9999, -9999, 96, -9999, -9999, -9999, -9999, -9999, -9999, 72, 18, -9999, 34, -9999, 18, 1, 1, 1, 1, 1],
[-9999, -9999, -9999, -9999, -9999, -9999, -9999, -9999, -9999, -9999, -9999, -9999, -9999, -9999, -9999, -9999, 3, -9999, -9999, -9999, -9999, -9999, -9999, -9999, -9999, -9999, -9999, -9999, 8, 79, -9999, -9999, 30, 49, -9999, -9999, -9999, -9999, -9999, 11, -9999, -9999, -9999, 41, 13, -9999, 40, -9999, -9999, -9999, -9999, -9999, -9999, -9999, -9999, -9999, -9999, -9999, -9999, -9999, -9999, -9999, -9999, -9999, 68, -9999, -9999, -9999, -9999, -9999, -9999, 7, -9999, 41, -9999, -9999, -9999, -9999, -9999, 58, -9999, -9999, -9999, -9999, -9999, -9999, -9999, 47, -9999, -9999, -9999, -9999, -9999, -9999, 13, 77, -9999, -9999, 19, 45, 1, 1, 1, 1, 1],
[-9999, -9999, -9999, -9999, -9999, -9999, -9999, -9999, -9999, -9999, -9999, -9999, -9999, -9999, -9999, -9999, -9999, -9999, -9999, -9999, -9999, -9999, -9999, -9999, -9999, -9999, -9999, -9999, -9999, -9999, -9999, -9999, -9999, -9999, -9999, -9999, -9999, -9999, -9999, -9999, -9999, -9999, -9999, -9999, -9999, -9999, -9999, -9999, -9999, -9999, -9999, -9999, -9999, -9999, -9999, -9999, -9999, -9999, -9999, -9999, -9999, -9999, -9999, -9999, -9999, -9999, -9999, -9999, -9999, -9999, -9999, -9999, -9999, -9999, -9999, -9999, -9999, -9999, -9999, -9999, -9999, -9999, -9999, -9999, -9999, -9999, -9999, -9999, -9999, -9999, -9999, -9999, -9999, -9999, -9999, -9999, -9999, -9999, -9999, -9999, 1, 1, 1, 1, 1],
[-9999, -9999, -9999, -9999, -9999, -9999, -9999, -9999, -9999, -9999, -9999, 88, -9999, 72, 35, 54, 98, -9999, 44, 28, 93, 47, 48, -9999, 87, 48, 55, -9999, -9999, 17, -9999, -9999, 16, -9999, -9999, 77, 8, 14, -9999, 77, -9999, -9999, -9999, 72, -9999, -9999, 85, 40, -9999, -9999, 79, -9999, -9999, -9999, -9999, 35, 31, -9999, 95, -9999, 98, -9999, -9999, -9999, 23, 76, 60, 18, -9999, -9999, 19, -9999, -9999, 73, -9999, -9999, 89, 100, -9999, 82, -9999, -9999, -9999, 2, -9999, -9999, -9999, 54, -9999, -9999, 79, 99, -9999, 64, 15, 34, -9999, 16, 53, -9999, 1, 1, 1, 1, 1],
[-9999, -9999, -9999, -9999, -9999, -9999, -9999, -9999, -9999, -9999, -9999, -9999, -9999, -9999, -9999, -9999, -9999, -9999, -9999, -9999, -9999, -9999, -9999, -9999, -9999, -9999, -9999, -9999, -9999, -9999, -9999, -9999, -9999, -9999, -9999, -9999, -9999, -9999, -9999, -9999, -9999, -9999, -9999, -9999, -9999, -9999, -9999, -9999, -9999, -9999, -9999, -9999, -9999, -9999, -9999, -9999, -9999, -9999, -9999, -9999, -9999, -9999, -9999, -9999, -9999, -9999, -9999, -9999, -9999, -9999, -9999, -9999, -9999, -9999, -9999, -9999, -9999, -9999, -9999, -9999, -9999, -9999, -9999, -9999, -9999, -9999, -9999, -9999, -9999, -9999, -9999, -9999, -9999, -9999, -9999, -9999, -9999, -9999, -9999, -9999, -9999, -9999, -9999, -9999, -9999],
[-9999, -9999, -9999, -9999, -9999, -9999, -9999, -9999, -9999, -9999, -9999, -9999, -9999, -9999, -9999, -9999, -9999, -9999, -9999, -9999, -9999, -9999, -9999, -9999, -9999, -9999, -9999, -9999, -9999, -9999, -9999, -9999, -9999, -9999, -9999, -9999, -9999, -9999, -9999, -9999, -9999, -9999, -9999, -9999, -9999, -9999, -9999, -9999, -9999, -9999, -9999, -9999, -9999, -9999, -9999, -9999, -9999, -9999, -9999, -9999, -9999, -9999, -9999, -9999, -9999, -9999, -9999, -9999, -9999, -9999, -9999, -9999, -9999, -9999, -9999, -9999, -9999, -9999, -9999, -9999, -9999, -9999, -9999, -9999, -9999, -9999, -9999, -9999, -9999, -9999, -9999, -9999, -9999, -9999, -9999, -9999, -9999, -9999, -9999, -9999, -9999, -9999, -9999, -9999, -9999],
[-9999, -9999, -9999, -9999, -9999, -9999, -9999, -9999, -9999, -9999, -9999, -9999, -9999, -9999, -9999, -9999, -9999, -9999, -9999, -9999, -9999, -9999, -9999, -9999, -9999, -9999, -9999, -9999, -9999, -9999, -9999, -9999, -9999, -9999, -9999, -9999, -9999, -9999, -9999, -9999, -9999, -9999, -9999, -9999, -9999, -9999, -9999, -9999, -9999, -9999, -9999, -9999, -9999, -9999, -9999, -9999, -9999, -9999, -9999, -9999, -9999, -9999, -9999, -9999, -9999, -9999, -9999, -9999, -9999, -9999, -9999, -9999, -9999, -9999, -9999, -9999, -9999, -9999, -9999, -9999, -9999, -9999, -9999, -9999, -9999, -9999, -9999, -9999, -9999, -9999, -9999, -9999, -9999, -9999, -9999, -9999, -9999, -9999, -9999, -9999, -9999, -9999, -9999, -9999, -9999],
[-9999, -9999, -9999, -9999, -9999, -9999, -9999, -9999, -9999, -9999, -9999, -9999, -9999, -9999, -9999, -9999, -9999, -9999, -9999, -9999, -9999, -9999, -9999, -9999, -9999, -9999, -9999, -9999, -9999, -9999, -9999, -9999, -9999, -9999, -9999, -9999, -9999, -9999, -9999, -9999, -9999, -9999, -9999, -9999, -9999, -9999, -9999, -9999, -9999, -9999, -9999, -9999, -9999, -9999, -9999, -9999, -9999, -9999, -9999, -9999, -9999, -9999, -9999, -9999, -9999, -9999, -9999, -9999, -9999, -9999, -9999, -9999, -9999, -9999, -9999, -9999, -9999, -9999, -9999, -9999, -9999, -9999, -9999, -9999, -9999, -9999, -9999, -9999, -9999, -9999, -9999, -9999, -9999, -9999, -9999, -9999, -9999, -9999, -9999, -9999, -9999, -9999, -9999, -9999, -9999],
[-9999, -9999, -9999, -9999, -9999, -9999, -9999, -9999, -9999, -9999, -9999, -9999, -9999, -9999, -9999, -9999, -9999, -9999, -9999, -9999, -9999, -9999, -9999, -9999, -9999, -9999, -9999, -9999, -9999, -9999, -9999, -9999, -9999, -9999, -9999, -9999, -9999, -9999, -9999, -9999, -9999, -9999, -9999, -9999, -9999, -9999, -9999, -9999, -9999, -9999, -9999, -9999, -9999, -9999, -9999, -9999, -9999, -9999, -9999, -9999, -9999, -9999, -9999, -9999, -9999, -9999, -9999, -9999, -9999, -9999, -9999, -9999, -9999, -9999, -9999, -9999, -9999, -9999, -9999, -9999, -9999, -9999, -9999, -9999, -9999, -9999, -9999, -9999, -9999, -9999, -9999, -9999, -9999, -9999, -9999, -9999, -9999, -9999, -9999, -9999, -9999, -9999, -9999, -9999, -9999]
];
