NbNodes = 105;
NbNDDs = 5;
NbPairs = 95;
NbTerminals = 5;
K = 0;
L = 97;
Wt = [
[-9999, -9999, -9999, -9999, -9999, -9999, -9999, -9999, -9999, -9999, -9999, -9999, 44, -9999, -9999, -9999, -9999, 72, -9999, 64, -9999, -9999, -9999, -9999, -9999, -9999, -9999, -9999, 28, -9999, -9999, -9999, -9999, -9999, 23, -9999, -9999, -9999, -9999, -9999, 13, -9999, -9999, -9999, -9999, -9999, -9999, -9999, -9999, -9999, -9999, -9999, -9999, -9999, -9999, -9999, -9999, -9999, -9999, -9999, -9999, -9999, -9999, -9999, 37, 99, -9999, -9999, 59, -9999, -9999, -9999, -9999, -9999, -9999, 11, -9999, -9999, -9999, -9999, -9999, -9999, -9999, -9999, -9999, 71, -9999, -9999, -9999, -9999, -9999, 95, -9999, -9999, 54, 43, -9999, -9999, 11, 100, 1, 1, 1, 1, 1],
[-9999, -9999, -9999, -9999, -9999, -9999, -9999, -9999, -9999, 42, -9999, -9999, 27, -9999, -9999, -9999, -9999, -9999, -9999, -9999, -9999, -9999, -9999, -9999, -9999, -9999, -9999, -9999, 18, -9999, -9999, -9999, -9999, -9999, 65, -9999, -9999, -9999, -9999, -9999, 75, 26, -9999, -9999, -9999, -9999, -9999, -9999, 45, -9999, -9999, -9999, -9999, -9999, -9999, -9999, -9999, 56, 4, -9999, -9999, -9999, -9999, -9999, 73, 41, 50, -9999, 32, -9999, -9999, -9999, -9999, -9999, -9999, 100, 38, -9999, -9999, -9999, -9999, -9999, -9999, 1, -9999, 75, -9999, 91, 27, -9999, -9999, -9999, 43, -9999, 72, 91, -9999, -9999, 61, 77, 1, 1, 1, 1, 1],
[-9999, -9999, -9999, -9999, -9999, 47, 18, -9999, -9999, 38, -9999, -9999, 94, 91, -9999, 38, 89, 10, -9999, 43, 60, -9999, -9999, -9999, 60, -9999, -9999, -9999, 42, 90, 6, -9999, -9999, 17, -9999, 83, 63, 58, -9999, -9999, -9999, -9999, -9999, -9999, -9999, -9999, -9999, -9999, -9999, 56, 10, 65, -9999, -9999, -9999, 9, -9999, 21, 40, -9999, -9999, -9999, 82, 20, 100, 64, -9999, -9999, 51, -9999, -9999, -9999, 37, -9999, 34, -9999, 55, -9999, -9999, 35, 54, -9999, 48, 60, 14, -9999, -9999, -9999, -9999, -9999, -9999, -9999, 22, -9999, 69, 87, -9999, 69, -9999, 61, 1, 1, 1, 1, 1],
[-9999, -9999, -9999, -9999, -9999, 26, -9999, -9999, -9999, -9999, -9999, -9999, -9999, 12, 6, 49, 60, 13, 25, -9999, 34, -9999, -9999, -9999, 78, -9999, -9999, -9999, 92, -9999, 75, -9999, -9999, 86, -9999, -9999, 86, -9999, -9999, -9999, 35, -9999, 44, -9999, -9999, -9999, -9999, -9999, -9999, -9999, 33, -9999, -9999, -9999, -9999, -9999, 90, -9999, -9999, -9999, -9999, -9999, -9999, 66, 53, -9999, -9999, -9999, 92, -9999, 99, -9999, -9999, -9999, 41, 94, 9, -9999, 61, 30, 39, -9999, 66, 55, -9999, -9999, -9999, 74, -9999, -9999, -9999, -9999, 85, 9, -9999, -9999, 93, 25, -9999, -9999, 1, 1, 1, 1, 1],
[-9999, -9999, -9999, -9999, -9999, 77, -9999, -9999, -9999, 61, -9999, -9999, -9999, -9999, 58, 30, -9999, 40, 84, 7, 100, 13, -9999, -9999, -9999, -9999, -9999, -9999, 92, 39, -9999, 18, -9999, 89, 22, -9999, -9999, 85, -9999, -9999, 84, 16, 49, -9999, -9999, 21, 80, -9999, -9999, 23, 22, 33, -9999, -9999, -9999, -9999, -9999, -9999, -9999, -9999, -9999, 91, -9999, -9999, 49, -9999, 1, -9999, 65, -9999, 68, 42, -9999, -9999, 51, 11, 76, -9999, -9999, -9999, -9999, -9999, 94, 62, -9999, 47, -9999, 35, -9999, -9999, -9999, -9999, 62, 57, 51, -9999, 45, -9999, 20, 69, 1, 1, 1, 1, 1],
[-9999, -9999, -9999, -9999, -9999, -9999, -9999, -9999, -9999, 25, -9999, -9999, 67, -9999, 38, -9999, -9999, -9999, 60, 83, -9999, -9999, -9999, -9999, 15, -9999, -9999, -9999, 97, -9999, 65, -9999, -9999, 57, 26, -9999, 24, 10, -9999, -9999, -9999, -9999, -9999, -9999, -9999, 39, -9999, -9999, -9999, -9999, -9999, -9999, -9999, -9999, -9999, 59, 83, 38, -9999, -9999, -9999, 38, -9999, 11, 11, -9999, 34, -9999, 63, 87, -9999, -9999, -9999, -9999, -9999, -9999, 56, -9999, -9999, 54, 8, -9999, 32, 66, 26, 25, -9999, -9999, 63, -9999, -9999, -9999, -9999, 4, 50, 25, 80, -9999, -9999, 16, 1, 1, 1, 1, 1],
[-9999, -9999, -9999, -9999, -9999, 32, -9999, -9999, -9999, 99, -9999, -9999, -9999, 37, 79, 44, 34, 39, 53, -9999, -9999, 36, -9999, -9999, -9999, -9999, -9999, -9999, 50, -9999, 73, -9999, -9999, -9999, 14, 89, -9999, -9999, 76, -9999, 41, -9999, 10, -9999, -9999, 30, -9999, -9999, 57, -9999, 28, -9999, -9999, -9999, 15, -9999, -9999, -9999, 82, -9999, -9999, -9999, -9999, -9999, 52, -9999, -9999, -9999, 31, 5, -9999, 72, -9999, -9999, -9999, 83, 80, 77, 72, 7, 47, -9999, 95, -9999, -9999, 22, -9999, 42, -9999, -9999, -9999, 46, -9999, 4, 33, -9999, 97, 40, -9999, -9999, 1, 1, 1, 1, 1],
[-9999, -9999, -9999, -9999, -9999, -9999, -9999, -9999, -9999, 28, -9999, -9999, -9999, -9999, -9999, -9999, -9999, -9999, -9999, 13, -9999, -9999, -9999, -9999, 7, -9999, -9999, -9999, 93, -9999, -9999, -9999, -9999, -9999, -9999, -9999, 52, -9999, -9999, -9999, 61, -9999, -9999, -9999, -9999, -9999, -9999, -9999, -9999, -9999, -9999, -9999, -9999, -9999, -9999, -9999, -9999, -9999, -9999, -9999, -9999, -9999, -9999, -9999, 69, 17, -9999, -9999, 75, -9999, -9999, -9999, -9999, -9999, -9999, 88, -9999, -9999, -9999, -9999, -9999, -9999, -9999, -9999, -9999, 77, -9999, -9999, -9999, -9999, -9999, 27, 94, -9999, 28, 30, -9999, -9999, -9999, -9999, 1, 1, 1, 1, 1],
[-9999, -9999, -9999, -9999, -9999, -9999, -9999, -9999, -9999, 22, -9999, -9999, 52, -9999, -9999, -9999, -9999, -9999, -9999, 48, -9999, -9999, -9999, -9999, 31, -9999, -9999, -9999, 65, -9999, -9999, -9999, -9999, -9999, -9999, -9999, 75, -9999, -9999, -9999, -9999, -9999, -9999, -9999, -9999, -9999, -9999, -9999, -9999, -9999, -9999, -9999, -9999, -9999, -9999, -9999, -9999, 96, -9999, -9999, -9999, -9999, -9999, -9999, 29, 65, -9999, -9999, 22, -9999, -9999, -9999, -9999, -9999, -9999, 42, -9999, -9999, -9999, -9999, -9999, -9999, -9999, -9999, -9999, -9999, -9999, -9999, -9999, -9999, -9999, 38, -9999, -9999, -9999, 27, -9999, -9999, 56, 93, 1, 1, 1, 1, 1],
[-9999, -9999, -9999, -9999, -9999, -9999, -9999, -9999, -9999, -9999, -9999, -9999, -9999, -9999, -9999, -9999, -9999, 37, -9999, -9999, -9999, -9999, -9999, -9999, -9999, -9999, -9999, -9999, 29, -9999, -9999, -9999, -9999, -9999, -9999, -9999, -9999, -9999, -9999, -9999, 16, -9999, -9999, -9999, -9999, -9999, -9999, -9999, 44, -9999, -9999, -9999, -9999, -9999, -9999, -9999, -9999, -9999, -9999, -9999, -9999, -9999, -9999, -9999, 57, 49, 69, -9999, 60, 68, -9999, -9999, -9999, -9999, -9999, 35, 14, -9999, -9999, -9999, -9999, -9999, -9999, -9999, -9999, 36, -9999, 16, -9999, -9999, -9999, -9999, 80, -9999, -9999, 19, -9999, -9999, 57, 71, 1, 1, 1, 1, 1],
[-9999, -9999, -9999, -9999, -9999, -9999, -9999, -9999, -9999, -9999, -9999, -9999, 99, 49, -9999, -9999, 47, -9999, 58, 87, -9999, -9999, 96, -9999, -9999, -9999, 3, -9999, 34, 34, 35, 80, -9999, -9999, 24, 29, 81, 35, -9999, -9999, -9999, -9999, 76, -9999, -9999, 23, -9999, -9999, 23, 62, -9999, -9999, -9999, -9999, -9999, -9999, -9999, 81, -9999, 34, -9999, 53, -9999, 80, 42, 71, 97, 26, 95, 71, 30, -9999, -9999, 59, 23, 37, 57, -9999, 27, 59, 28, -9999, -9999, 91, -9999, 45, 52, 18, -9999, -9999, 69, 22, 28, 67, 34, -9999, 67, -9999, -9999, 31, 1, 1, 1, 1, 1],
[-9999, -9999, -9999, -9999, -9999, -9999, -9999, -9999, -9999, -9999, -9999, -9999, -9999, -9999, -9999, -9999, -9999, -9999, 58, -9999, -9999, -9999, -9999, -9999, -9999, -9999, -9999, -9999, -9999, -9999, -9999, -9999, -9999, -9999, -9999, -9999, -9999, -9999, -9999, -9999, -9999, -9999, -9999, -9999, -9999, -9999, -9999, -9999, -9999, -9999, -9999, -9999, -9999, -9999, -9999, -9999, -9999, -9999, -9999, -9999, -9999, -9999, -9999, -9999, -9999, -9999, -9999, -9999, -9999, -9999, -9999, -9999, 95, -9999, 60, -9999, -9999, -9999, -9999, 33, -9999, -9999, -9999, -9999, -9999, 35, -9999, -9999, -9999, -9999, -9999, -9999, -9999, -9999, -9999, -9999, 87, -9999, -9999, -9999, 1, 1, 1, 1, 1],
[-9999, -9999, -9999, -9999, -9999, -9999, -9999, -9999, -9999, 42, -9999, -9999, -9999, -9999, -9999, -9999, -9999, -9999, -9999, 95, -9999, -9999, -9999, -9999, -9999, -9999, -9999, -9999, 63, -9999, -9999, -9999, -9999, -9999, 66, -9999, -9999, -9999, -9999, -9999, -9999, -9999, -9999, -9999, -9999, -9999, -9999, -9999, -9999, -9999, -9999, -9999, -9999, -9999, -9999, -9999, -9999, -9999, 72, -9999, -9999, -9999, -9999, -9999, 23, 98, 83, -9999, 40, -9999, -9999, -9999, -9999, -9999, -9999, 11, 47, -9999, -9999, -9999, -9999, -9999, -9999, -9999, -9999, -9999, -9999, -9999, -9999, -9999, -9999, 11, 76, -9999, -9999, 81, -9999, -9999, 98, 95, 1, 1, 1, 1, 1],
[-9999, -9999, -9999, -9999, -9999, -9999, -9999, -9999, -9999, 71, -9999, -9999, 47, -9999, -9999, -9999, -9999, -9999, -9999, -9999, -9999, -9999, -9999, -9999, -9999, -9999, -9999, -9999, 40, -9999, -9999, -9999, -9999, -9999, 74, -9999, 11, -9999, -9999, -9999, 3, 6, -9999, -9999, -9999, -9999, -9999, -9999, 33, -9999, -9999, 12, -9999, -9999, -9999, -9999, -9999, 77, -9999, -9999, -9999, -9999, -9999, -9999, 74, 10, 44, -9999, 52, -9999, -9999, -9999, -9999, -9999, -9999, 51, 28, -9999, -9999, -9999, -9999, -9999, -9999, 82, -9999, 91, -9999, 86, -9999, -9999, -9999, 36, -9999, -9999, -9999, -9999, -9999, -9999, -9999, 51, 1, 1, 1, 1, 1],
[-9999, -9999, -9999, -9999, -9999, 63, -9999, -9999, -9999, 90, -9999, -9999, 49, -9999, -9999, -9999, 56, -9999, -9999, -9999, -9999, -9999, -9999, -9999, -9999, -9999, -9999, -9999, 51, -9999, -9999, 76, 82, -9999, 79, 13, -9999, 41, -9999, -9999, -9999, 73, -9999, -9999, -9999, 90, 90, -9999, -9999, 1, 39, -9999, -9999, -9999, -9999, -9999, 99, 88, -9999, -9999, 9, 55, -9999, 88, 94, -9999, -9999, -9999, 93, 91, -9999, -9999, 62, -9999, 21, 6, -9999, -9999, -9999, -9999, -9999, -9999, -9999, 11, 54, 19, -9999, 51, -9999, -9999, -9999, -9999, 72, -9999, 61, 81, -9999, 59, -9999, -9999, 1, 1, 1, 1, 1],
[-9999, -9999, -9999, -9999, -9999, 46, -9999, -9999, -9999, 30, -9999, -9999, 72, 57, 43, -9999, -9999, 9, 91, 48, 52, -9999, -9999, -9999, 50, -9999, -9999, -9999, 10, 37, -9999, -9999, -9999, -9999, 35, 77, -9999, -9999, -9999, -9999, 87, -9999, 89, -9999, -9999, 61, -9999, -9999, -9999, -9999, -9999, -9999, -9999, 11, -9999, 9, -9999, 36, -9999, -9999, -9999, -9999, -9999, 42, 68, 73, 86, -9999, 66, 23, -9999, -9999, 45, -9999, 99, 62, 31, -9999, 55, -9999, 79, -9999, 23, -9999, -9999, -9999, -9999, 84, -9999, -9999, -9999, 90, 61, 39, 38, -9999, -9999, -9999, -9999, 69, 1, 1, 1, 1, 1],
[-9999, -9999, -9999, -9999, -9999, -9999, -9999, -9999, -9999, -9999, -9999, -9999, 51, -9999, -9999, -9999, -9999, 100, -9999, 69, -9999, -9999, -9999, -9999, 58, -9999, -9999, -9999, 84, -9999, -9999, -9999, -9999, -9999, -9999, -9999, -9999, -9999, -9999, -9999, 5, -9999, -9999, -9999, -9999, -9999, -9999, 62, 73, -9999, -9999, -9999, -9999, -9999, -9999, -9999, -9999, 69, -9999, -9999, -9999, -9999, -9999, -9999, -9999, -9999, -9999, -9999, 71, 33, -9999, 50, -9999, -9999, -9999, 80, 54, -9999, -9999, -9999, -9999, -9999, -9999, 48, -9999, 4, -9999, 77, -9999, -9999, -9999, 42, -9999, -9999, -9999, 15, -9999, -9999, -9999, 100, 1, 1, 1, 1, 1],
[-9999, -9999, -9999, -9999, -9999, 15, -9999, -9999, -9999, -9999, -9999, -9999, 73, 61, -9999, 31, -9999, -9999, -9999, -9999, -9999, 79, -9999, -9999, 47, -9999, -9999, -9999, 2, 40, 65, -9999, -9999, -9999, 89, -9999, 98, 90, -9999, -9999, -9999, -9999, 43, -9999, -9999, -9999, -9999, 38, -9999, 35, -9999, 69, -9999, -9999, 91, 54, 82, 90, 83, -9999, -9999, -9999, -9999, -9999, 49, -9999, -9999, -9999, 92, -9999, 16, -9999, -9999, -9999, -9999, 79, 12, -9999, 84, -9999, -9999, -9999, -9999, 93, 70, -9999, -9999, -9999, -9999, -9999, -9999, 5, -9999, -9999, -9999, -9999, 95, -9999, 34, 15, 1, 1, 1, 1, 1],
[-9999, -9999, -9999, -9999, -9999, -9999, -9999, -9999, -9999, -9999, -9999, -9999, -9999, -9999, -9999, -9999, -9999, -9999, -9999, -9999, -9999, -9999, -9999, -9999, 16, -9999, -9999, -9999, -9999, -9999, -9999, -9999, -9999, -9999, -9999, -9999, -9999, -9999, -9999, -9999, -9999, -9999, -9999, -9999, -9999, -9999, -9999, -9999, -9999, -9999, -9999, -9999, -9999, -9999, -9999, -9999, 13, -9999, 80, -9999, -9999, -9999, -9999, -9999, -9999, -9999, -9999, -9999, -9999, -9999, -9999, -9999, 95, -9999, 9, -9999, 96, -9999, -9999, 89, -9999, -9999, -9999, -9999, -9999, -9999, -9999, -9999, -9999, -9999, -9999, -9999, -9999, -9999, -9999, -9999, 56, -9999, -9999, -9999, 1, 1, 1, 1, 1],
[-9999, -9999, -9999, -9999, -9999, -9999, -9999, -9999, -9999, 66, -9999, -9999, 94, -9999, -9999, -9999, -9999, -9999, -9999, -9999, -9999, -9999, -9999, -9999, -9999, -9999, -9999, -9999, 90, -9999, -9999, -9999, -9999, -9999, 99, -9999, 41, -9999, -9999, -9999, 51, -9999, -9999, -9999, -9999, -9999, 70, -9999, 84, -9999, -9999, -9999, -9999, -9999, -9999, -9999, -9999, -9999, 49, -9999, -9999, -9999, -9999, -9999, 14, 79, -9999, -9999, 51, 4, -9999, -9999, -9999, -9999, -9999, 3, 28, -9999, -9999, -9999, -9999, -9999, -9999, -9999, -9999, 27, -9999, 50, 13, -9999, -9999, 69, 40, -9999, 59, 62, -9999, -9999, 91, 99, 1, 1, 1, 1, 1],
[-9999, -9999, -9999, -9999, -9999, -9999, -9999, -9999, -9999, 38, -9999, -9999, -9999, -9999, -9999, -9999, -9999, 91, -9999, 80, -9999, -9999, -9999, -9999, 3, -9999, -9999, -9999, 33, -9999, -9999, -9999, -9999, -9999, 100, -9999, 45, -9999, -9999, -9999, -9999, -9999, -9999, -9999, -9999, -9999, -9999, -9999, 52, -9999, -9999, -9999, -9999, -9999, -9999, -9999, -9999, 21, -9999, -9999, -9999, -9999, -9999, -9999, 23, -9999, 85, -9999, 48, -9999, -9999, 75, -9999, -9999, -9999, -9999, 50, -9999, -9999, -9999, -9999, -9999, -9999, 75, -9999, -9999, -9999, -9999, -9999, -9999, -9999, -9999, 85, -9999, 3, 53, -9999, -9999, -9999, 89, 1, 1, 1, 1, 1],
[-9999, -9999, -9999, -9999, -9999, -9999, -9999, -9999, -9999, -9999, -9999, -9999, -9999, -9999, -9999, -9999, -9999, 6, -9999, -9999, -9999, -9999, -9999, -9999, -9999, -9999, -9999, -9999, 9, -9999, -9999, -9999, -9999, -9999, 70, -9999, -9999, -9999, -9999, -9999, 80, -9999, -9999, -9999, -9999, -9999, -9999, -9999, 72, -9999, -9999, -9999, -9999, -9999, -9999, -9999, -9999, 86, 4, -9999, -9999, -9999, -9999, -9999, 44, 34, -9999, -9999, 61, -9999, -9999, 37, -9999, -9999, -9999, -9999, -9999, -9999, -9999, -9999, -9999, -9999, -9999, 46, -9999, 90, -9999, 29, -9999, -9999, -9999, 86, 98, -9999, 41, -9999, -9999, -9999, 22, 55, 1, 1, 1, 1, 1],
[-9999, -9999, -9999, -9999, -9999, -9999, 47, -9999, -9999, 42, -9999, -9999, 47, -9999, -9999, -9999, -9999, -9999, -9999, -9999, -9999, -9999, -9999, -9999, -9999, -9999, -9999, -9999, 34, -9999, -9999, -9999, -9999, -9999, -9999, -9999, 92, -9999, 11, -9999, -9999, -9999, -9999, -9999, -9999, -9999, -9999, -9999, 26, -9999, -9999, -9999, -9999, -9999, -9999, -9999, -9999, -9999, 16, -9999, -9999, -9999, -9999, -9999, 30, 70, 47, -9999, 45, -9999, -9999, -9999, -9999, -9999, -9999, 14, -9999, -9999, -9999, -9999, -9999, -9999, -9999, -9999, -9999, -9999, -9999, -9999, -9999, -9999, -9999, 21, -9999, -9999, -9999, 2, -9999, -9999, 96, 82, 1, 1, 1, 1, 1],
[-9999, -9999, -9999, -9999, -9999, -9999, -9999, -9999, -9999, -9999, -9999, -9999, -9999, -9999, -9999, -9999, -9999, -9999, -9999, -9999, -9999, -9999, -9999, -9999, 41, -9999, -9999, -9999, -9999, -9999, -9999, -9999, -9999, -9999, -9999, -9999, -9999, -9999, -9999, -9999, -9999, -9999, -9999, -9999, -9999, -9999, -9999, -9999, -9999, -9999, -9999, -9999, -9999, -9999, -9999, -9999, -9999, -9999, -9999, -9999, -9999, -9999, -9999, -9999, -9999, -9999, -9999, -9999, -9999, -9999, -9999, -9999, -9999, -9999, -9999, -9999, 19, -9999, -9999, -9999, -9999, -9999, -9999, -9999, -9999, 72, -9999, -9999, -9999, -9999, -9999, -9999, -9999, -9999, -9999, -9999, -9999, -9999, -9999, -9999, 1, 1, 1, 1, 1],
[-9999, -9999, -9999, -9999, -9999, -9999, 75, 93, -9999, 5, -9999, -9999, -9999, -9999, -9999, -9999, -9999, 42, -9999, 96, -9999, -9999, 3, -9999, -9999, -9999, -9999, -9999, 21, -9999, -9999, -9999, -9999, -9999, 25, -9999, 11, -9999, -9999, -9999, 69, -9999, -9999, 98, -9999, -9999, -9999, -9999, 85, -9999, -9999, -9999, -9999, -9999, -9999, -9999, -9999, -9999, 2, 48, -9999, -9999, -9999, -9999, 40, 43, 52, -9999, 47, 95, -9999, -9999, -9999, 54, -9999, -9999, 48, -9999, -9999, -9999, -9999, -9999, -9999, 29, -9999, 99, -9999, 96, -9999, -9999, -9999, 75, 61, -9999, 92, 26, -9999, -9999, 22, 83, 1, 1, 1, 1, 1],
[-9999, -9999, -9999, -9999, -9999, -9999, -9999, -9999, -9999, 94, -9999, -9999, -9999, 54, -9999, -9999, 67, 64, 73, 33, -9999, -9999, -9999, -9999, 41, -9999, -9999, -9999, 57, 22, -9999, 63, -9999, 54, -9999, 90, 96, 10, -9999, -9999, 5, -9999, 81, -9999, -9999, 6, -9999, -9999, 68, 70, -9999, -9999, -9999, -9999, -9999, 79, 75, 54, 15, -9999, -9999, 64, -9999, 1, 86, 65, 35, -9999, 63, 54, 23, 82, 30, -9999, 39, -9999, -9999, -9999, 83, -9999, 68, -9999, 32, -9999, 27, 2, -9999, 65, -9999, -9999, -9999, -9999, 33, -9999, -9999, -9999, 12, 88, -9999, -9999, 1, 1, 1, 1, 1],
[-9999, -9999, -9999, -9999, -9999, 80, 53, -9999, -9999, 47, -9999, -9999, -9999, 53, 83, 8, -9999, 79, 5, -9999, 15, -9999, -9999, -9999, 21, -9999, -9999, -9999, 51, 82, -9999, 38, -9999, -9999, -9999, 14, -9999, 33, -9999, -9999, -9999, -9999, 33, -9999, -9999, 32, -9999, -9999, 64, 62, 92, -9999, -9999, -9999, 45, -9999, 75, -9999, 18, -9999, -9999, 68, -9999, 32, 22, -9999, 17, -9999, 21, 46, -9999, -9999, 69, -9999, 66, 84, 70, -9999, -9999, -9999, 86, -9999, -9999, 19, 90, -9999, -9999, 35, -9999, -9999, -9999, 88, 13, -9999, -9999, 86, 80, -9999, -9999, -9999, 1, 1, 1, 1, 1],
[-9999, -9999, -9999, -9999, -9999, -9999, -9999, -9999, -9999, 54, -9999, -9999, 72, -9999, -9999, 17, 30, 41, 52, 8, 57, -9999, -9999, -9999, 48, -9999, -9999, -9999, 86, 79, 80, 20, 53, -9999, 9, -9999, 91, 32, -9999, -9999, 55, -9999, -9999, -9999, -9999, 17, 39, -9999, 29, 61, 65, -9999, -9999, -9999, 90, 10, 62, 9, -9999, -9999, -9999, -9999, -9999, -9999, 12, 77, 74, -9999, 65, -9999, 33, -9999, 81, -9999, -9999, -9999, 42, -9999, 63, 89, 16, -9999, 44, -9999, 88, -9999, -9999, 87, -9999, -9999, -9999, 26, -9999, 36, 38, -9999, -9999, 83, 80, 54, 1, 1, 1, 1, 1],
[-9999, -9999, -9999, -9999, -9999, -9999, -9999, -9999, -9999, 83, -9999, -9999, 16, -9999, -9999, -9999, -9999, 40, -9999, 84, -9999, -9999, -9999, -9999, 42, -9999, -9999, -9999, -9999, -9999, -9999, -9999, -9999, -9999, -9999, -9999, -9999, -9999, -9999, -9999, 2, -9999, -9999, -9999, -9999, -9999, -9999, -9999, 67, -9999, -9999, 55, -9999, -9999, -9999, -9999, -9999, 59, 66, -9999, -9999, -9999, -9999, -9999, 31, -9999, -9999, -9999, 6, -9999, -9999, -9999, -9999, -9999, -9999, 1, 31, -9999, -9999, -9999, -9999, -9999, -9999, 60, -9999, 49, -9999, 68, -9999, -9999, -9999, 41, 7, -9999, -9999, -9999, -9999, -9999, 21, -9999, 1, 1, 1, 1, 1],
[-9999, -9999, -9999, -9999, -9999, -9999, -9999, -9999, -9999, -9999, -9999, -9999, -9999, -9999, -9999, -9999, -9999, -9999, -9999, 14, -9999, -9999, -9999, -9999, -9999, -9999, -9999, -9999, 45, -9999, -9999, -9999, -9999, -9999, -9999, -9999, -9999, -9999, -9999, -9999, 54, -9999, -9999, -9999, -9999, -9999, -9999, -9999, -9999, -9999, -9999, 52, -9999, -9999, -9999, -9999, -9999, 24, 92, -9999, -9999, -9999, -9999, -9999, 26, -9999, 92, -9999, 26, 69, -9999, -9999, -9999, -9999, -9999, -9999, 100, -9999, -9999, -9999, -9999, -9999, -9999, 61, -9999, 3, -9999, 29, -9999, -9999, -9999, 76, 74, -9999, -9999, 77, -9999, -9999, -9999, 48, 1, 1, 1, 1, 1],
[-9999, -9999, -9999, -9999, -9999, -9999, -9999, -9999, -9999, 85, -9999, -9999, -9999, -9999, -9999, -9999, -9999, -9999, -9999, -9999, -9999, -9999, -9999, -9999, 13, -9999, -9999, -9999, -9999, -9999, -9999, -9999, -9999, -9999, -9999, -9999, -9999, -9999, -9999, -9999, -9999, -9999, -9999, -9999, -9999, -9999, -9999, -9999, -9999, -9999, -9999, -9999, -9999, -9999, -9999, -9999, -9999, -9999, 13, -9999, -9999, -9999, -9999, -9999, -9999, -9999, -9999, -9999, -9999, -9999, -9999, -9999, -9999, -9999, -9999, -9999, -9999, -9999, -9999, -9999, -9999, -9999, -9999, -9999, -9999, 66, -9999, -9999, -9999, -9999, -9999, -9999, -9999, -9999, -9999, -9999, -9999, -9999, -9999, -9999, 1, 1, 1, 1, 1],
[-9999, -9999, -9999, -9999, -9999, -9999, -9999, -9999, -9999, -9999, -9999, -9999, 87, -9999, -9999, -9999, -9999, -9999, -9999, -9999, -9999, -9999, -9999, -9999, -9999, -9999, -9999, -9999, 5, -9999, -9999, -9999, -9999, -9999, 1, -9999, 16, -9999, -9999, -9999, -9999, -9999, -9999, -9999, -9999, -9999, -9999, 74, 69, -9999, -9999, -9999, -9999, -9999, -9999, -9999, -9999, 23, 85, -9999, -9999, -9999, -9999, -9999, 100, -9999, 92, -9999, 14, -9999, -9999, 46, -9999, -9999, -9999, 81, -9999, -9999, -9999, -9999, -9999, -9999, -9999, 59, -9999, 58, -9999, 37, -9999, -9999, -9999, 39, 63, -9999, -9999, -9999, -9999, -9999, 60, -9999, 1, 1, 1, 1, 1],
[-9999, -9999, -9999, -9999, -9999, -9999, -9999, -9999, -9999, 63, -9999, -9999, 94, -9999, -9999, -9999, -9999, -9999, -9999, 54, -9999, -9999, -9999, -9999, 35, -9999, -9999, -9999, 47, -9999, -9999, -9999, -9999, -9999, 33, -9999, -9999, -9999, -9999, -9999, 73, -9999, -9999, -9999, -9999, -9999, -9999, -9999, 94, -9999, -9999, -9999, -9999, -9999, -9999, -9999, -9999, -9999, 76, -9999, -9999, -9999, -9999, -9999, 1, 84, 13, -9999, 61, -9999, -9999, 38, -9999, -9999, -9999, 41, 7, -9999, -9999, -9999, -9999, -9999, -9999, 98, -9999, 62, -9999, 55, -9999, -9999, -9999, -9999, -9999, -9999, 59, -9999, -9999, -9999, 14, -9999, 1, 1, 1, 1, 1],
[-9999, -9999, -9999, -9999, -9999, -9999, -9999, -9999, -9999, 96, -9999, -9999, -9999, -9999, -9999, -9999, -9999, 90, -9999, 71, -9999, -9999, -9999, -9999, -9999, -9999, -9999, -9999, 24, -9999, -9999, -9999, -9999, -9999, 29, -9999, -9999, -9999, -9999, -9999, 39, -9999, -9999, -9999, -9999, -9999, -9999, -9999, -9999, -9999, -9999, -9999, -9999, -9999, -9999, -9999, -9999, -9999, -9999, -9999, -9999, -9999, -9999, -9999, 92, 57, 51, -9999, 21, -9999, -9999, -9999, -9999, -9999, -9999, 58, 25, -9999, -9999, -9999, -9999, -9999, -9999, 83, -9999, 81, -9999, -9999, -9999, -9999, -9999, 9, 98, -9999, 40, -9999, -9999, -9999, -9999, 61, 1, 1, 1, 1, 1],
[-9999, -9999, -9999, -9999, -9999, 66, -9999, -9999, -9999, -9999, -9999, -9999, -9999, -9999, 40, -9999, -9999, 24, 56, 69, 54, -9999, -9999, -9999, 50, 25, -9999, -9999, 27, -9999, 94, 56, -9999, 85, -9999, 98, 71, -9999, -9999, -9999, -9999, -9999, 37, -9999, -9999, 45, -9999, -9999, 55, 8, -9999, -9999, -9999, -9999, -9999, -9999, 36, -9999, 44, -9999, -9999, -9999, 88, -9999, 42, -9999, -9999, -9999, 72, 24, 80, -9999, -9999, -9999, 19, 21, 28, -9999, 45, -9999, -9999, -9999, 54, 87, 6, -9999, -9999, 17, 83, -9999, -9999, -9999, -9999, -9999, 90, -9999, -9999, 38, -9999, 48, 1, 1, 1, 1, 1],
[-9999, -9999, -9999, -9999, -9999, 3, -9999, -9999, -9999, 65, -9999, -9999, -9999, 57, 5, -9999, -9999, 55, -9999, -9999, -9999, -9999, -9999, -9999, -9999, -9999, -9999, -9999, 62, 96, 96, 62, -9999, 23, 26, -9999, -9999, -9999, -9999, 53, 35, -9999, 80, -9999, -9999, -9999, -9999, -9999, -9999, -9999, 31, -9999, -9999, -9999, -9999, 93, 87, 53, 22, -9999, 55, -9999, -9999, 8, 61, -9999, -9999, -9999, 79, 100, -9999, -9999, 39, -9999, -9999, 98, -9999, -9999, -9999, 22, -9999, -9999, -9999, -9999, -9999, -9999, -9999, -9999, -9999, -9999, -9999, 29, 99, 16, 26, 70, 87, -9999, -9999, -9999, 1, 1, 1, 1, 1],
[-9999, -9999, -9999, -9999, -9999, -9999, -9999, -9999, -9999, 50, -9999, -9999, 12, -9999, -9999, -9999, -9999, 51, -9999, 35, -9999, -9999, -9999, -9999, -9999, -9999, -9999, -9999, 88, -9999, -9999, -9999, -9999, -9999, 59, -9999, -9999, -9999, -9999, -9999, 51, -9999, -9999, -9999, -9999, -9999, -9999, -9999, -9999, -9999, -9999, 96, -9999, -9999, -9999, -9999, -9999, 83, 80, -9999, -9999, -9999, -9999, -9999, 65, -9999, 76, -9999, 73, 46, -9999, -9999, -9999, -9999, -9999, -9999, -9999, -9999, -9999, -9999, -9999, -9999, -9999, 96, -9999, -9999, -9999, -9999, 46, -9999, -9999, 70, -9999, -9999, -9999, 40, -9999, -9999, 75, 19, 1, 1, 1, 1, 1],
[-9999, -9999, -9999, -9999, -9999, 13, -9999, -9999, -9999, -9999, -9999, -9999, -9999, -9999, 16, -9999, 17, 28, -9999, -9999, 3, -9999, -9999, -9999, -9999, -9999, -9999, -9999, 3, -9999, -9999, 94, -9999, -9999, 29, -9999, 19, -9999, -9999, -9999, -9999, 12, 47, -9999, -9999, -9999, -9999, -9999, -9999, 35, -9999, -9999, -9999, -9999, -9999, -9999, 19, -9999, -9999, -9999, -9999, 21, -9999, -9999, 86, 89, 59, -9999, 58, 83, 66, -9999, 85, -9999, -9999, 83, 48, -9999, 85, -9999, 23, -9999, -9999, 15, 64, 13, -9999, -9999, -9999, -9999, -9999, 6, 69, 86, -9999, -9999, 46, 36, 58, 27, 1, 1, 1, 1, 1],
[-9999, -9999, -9999, -9999, -9999, -9999, -9999, -9999, -9999, 45, -9999, -9999, -9999, -9999, -9999, -9999, -9999, 61, -9999, -9999, -9999, -9999, -9999, -9999, -9999, -9999, -9999, -9999, 97, -9999, -9999, -9999, -9999, -9999, -9999, -9999, 42, -9999, -9999, -9999, -9999, -9999, -9999, -9999, -9999, -9999, -9999, -9999, -9999, -9999, -9999, -9999, -9999, -9999, -9999, -9999, -9999, 49, 89, -9999, -9999, -9999, -9999, -9999, 55, 30, 24, -9999, 18, 73, -9999, -9999, -9999, -9999, -9999, -9999, -9999, -9999, -9999, -9999, -9999, -9999, -9999, 44, -9999, 90, -9999, 71, -9999, -9999, -9999, -9999, -9999, -9999, -9999, -9999, -9999, -9999, 21, -9999, 1, 1, 1, 1, 1],
[-9999, -9999, -9999, -9999, -9999, -9999, -9999, -9999, -9999, 30, -9999, -9999, 90, -9999, -9999, -9999, -9999, 17, -9999, 9, -9999, -9999, -9999, -9999, 53, -9999, -9999, -9999, 52, -9999, -9999, -9999, -9999, -9999, 49, -9999, -9999, -9999, -9999, -9999, -9999, -9999, -9999, -9999, -9999, -9999, -9999, -9999, 71, -9999, -9999, -9999, -9999, -9999, -9999, -9999, -9999, -9999, 72, -9999, -9999, -9999, -9999, -9999, 4, 29, 3, -9999, 20, -9999, -9999, -9999, -9999, -9999, -9999, 97, 36, -9999, -9999, -9999, -9999, -9999, -9999, 34, -9999, 52, -9999, 20, -9999, -9999, -9999, 68, 35, -9999, -9999, -9999, -9999, -9999, 21, 24, 1, 1, 1, 1, 1],
[-9999, -9999, -9999, -9999, -9999, 12, -9999, -9999, -9999, -9999, -9999, 41, -9999, 2, 17, -9999, 65, 3, 80, -9999, 34, -9999, 2, -9999, -9999, -9999, -9999, -9999, 14, -9999, 11, 26, -9999, 85, 77, 67, 90, 22, -9999, -9999, -9999, -9999, -9999, 86, -9999, -9999, -9999, -9999, 38, -9999, 89, -9999, -9999, -9999, 59, -9999, -9999, -9999, -9999, 55, -9999, 56, -9999, 16, -9999, 75, -9999, 80, 30, -9999, 64, -9999, 32, 91, 46, -9999, 48, -9999, 99, -9999, 49, -9999, 56, -9999, -9999, -9999, 69, -9999, -9999, -9999, -9999, 46, 64, -9999, -9999, 86, 88, 34, 57, 67, 1, 1, 1, 1, 1],
[-9999, -9999, -9999, -9999, -9999, -9999, -9999, -9999, -9999, 13, -9999, -9999, 91, -9999, -9999, 50, -9999, 50, 37, 58, -9999, -9999, -9999, -9999, -9999, -9999, -9999, -9999, 71, -9999, 89, -9999, -9999, -9999, 72, -9999, -9999, -9999, -9999, -9999, 78, -9999, 22, -9999, -9999, -9999, -9999, -9999, 97, -9999, 20, -9999, -9999, -9999, 96, 67, 58, -9999, -9999, -9999, -9999, 60, -9999, -9999, 62, 2, 95, -9999, 86, 27, 72, -9999, -9999, -9999, 2, 63, 15, -9999, -9999, 3, 32, -9999, 78, 48, 26, -9999, -9999, 64, -9999, -9999, -9999, -9999, -9999, -9999, 90, 5, -9999, 98, 15, 49, 1, 1, 1, 1, 1],
[-9999, -9999, -9999, -9999, -9999, -9999, -9999, -9999, -9999, 91, -9999, -9999, 74, -9999, -9999, -9999, -9999, -9999, -9999, -9999, -9999, -9999, -9999, -9999, 39, -9999, -9999, -9999, 93, -9999, -9999, -9999, -9999, -9999, 47, -9999, 65, -9999, -9999, -9999, 99, -9999, -9999, -9999, -9999, -9999, -9999, -9999, 69, -9999, -9999, -9999, -9999, -9999, -9999, -9999, -9999, 74, 90, -9999, -9999, -9999, -9999, -9999, 74, 55, -9999, -9999, 85, -9999, -9999, -9999, -9999, -9999, -9999, 76, 24, -9999, -9999, -9999, -9999, -9999, -9999, 20, -9999, 50, -9999, 73, -9999, -9999, -9999, 74, 51, -9999, 58, 82, -9999, -9999, 11, 31, 1, 1, 1, 1, 1],
[-9999, -9999, -9999, -9999, -9999, 38, -9999, -9999, -9999, -9999, -9999, -9999, 37, 35, 90, 67, 43, 15, -9999, 11, 18, -9999, -9999, -9999, -9999, -9999, -9999, -9999, 92, 42, 49, 24, -9999, 11, 61, 9, -9999, 76, -9999, 80, -9999, -9999, 54, -9999, -9999, -9999, -9999, -9999, -9999, 2, -9999, -9999, -9999, -9999, -9999, -9999, 57, 68, 68, -9999, -9999, 88, -9999, 17, 81, 55, 95, -9999, 89, -9999, 91, -9999, 37, -9999, -9999, 53, 64, 48, 83, 100, -9999, -9999, 34, 72, 27, -9999, -9999, 66, -9999, -9999, -9999, 26, 66, -9999, 4, 12, -9999, -9999, -9999, 77, 1, 1, 1, 1, 1],
[-9999, -9999, -9999, -9999, -9999, -9999, 75, -9999, -9999, 23, -9999, -9999, 24, -9999, -9999, -9999, -9999, 13, -9999, 70, -9999, -9999, 35, -9999, 19, -9999, -9999, -9999, 55, -9999, -9999, -9999, -9999, -9999, -9999, -9999, -9999, -9999, -9999, -9999, 82, 22, -9999, 63, -9999, -9999, -9999, -9999, 19, -9999, -9999, -9999, -9999, -9999, -9999, -9999, -9999, -9999, 35, -9999, -9999, -9999, -9999, -9999, 9, 79, -9999, -9999, 47, 67, -9999, -9999, -9999, 12, -9999, -9999, 93, -9999, -9999, -9999, -9999, -9999, -9999, 55, -9999, 58, -9999, 56, -9999, -9999, -9999, -9999, 25, -9999, 54, 47, -9999, -9999, 80, -9999, 1, 1, 1, 1, 1],
[-9999, -9999, -9999, -9999, -9999, -9999, -9999, -9999, -9999, 9, -9999, -9999, -9999, -9999, -9999, -9999, -9999, 98, -9999, -9999, -9999, -9999, -9999, -9999, 84, -9999, -9999, -9999, 49, -9999, -9999, -9999, -9999, -9999, 68, -9999, -9999, -9999, -9999, -9999, -9999, -9999, -9999, -9999, -9999, -9999, -9999, -9999, -9999, -9999, -9999, -9999, -9999, -9999, -9999, -9999, -9999, -9999, -9999, -9999, -9999, -9999, -9999, -9999, 46, -9999, 100, -9999, 55, -9999, -9999, -9999, -9999, -9999, -9999, -9999, -9999, -9999, -9999, -9999, -9999, -9999, -9999, -9999, -9999, -9999, -9999, 34, 10, -9999, -9999, 85, -9999, -9999, 86, 53, -9999, -9999, 71, 89, 1, 1, 1, 1, 1],
[-9999, -9999, -9999, -9999, -9999, 66, 55, -9999, -9999, -9999, -9999, -9999, 20, -9999, -9999, 68, -9999, -9999, 52, 79, 39, -9999, -9999, -9999, 72, -9999, -9999, -9999, 73, -9999, 1, 57, -9999, -9999, -9999, 55, 18, -9999, -9999, -9999, 71, -9999, -9999, -9999, -9999, 15, -9999, -9999, 77, -9999, 26, -9999, -9999, -9999, 48, -9999, -9999, -9999, 22, -9999, -9999, -9999, -9999, 79, 39, 94, 40, -9999, 76, 59, -9999, -9999, -9999, -9999, 94, -9999, 85, -9999, 14, -9999, -9999, -9999, -9999, -9999, -9999, 45, -9999, -9999, -9999, -9999, -9999, -9999, -9999, 29, -9999, 19, 67, -9999, -9999, 7, 1, 1, 1, 1, 1],
[-9999, -9999, -9999, -9999, -9999, 79, 46, 72, 21, 85, 1, 20, -9999, 88, -9999, 15, -9999, 26, -9999, 54, 47, -9999, 87, -9999, 39, -9999, -9999, -9999, 77, -9999, 23, 81, -9999, 40, -9999, 6, -9999, -9999, -9999, -9999, -9999, -9999, 89, 95, -9999, 37, -9999, -9999, 51, 88, 8, -9999, -9999, 89, 100, -9999, -9999, 33, -9999, 71, -9999, -9999, -9999, -9999, 37, 68, -9999, 88, 39, 15, -9999, -9999, -9999, 90, 13, -9999, 36, -9999, -9999, -9999, 2, -9999, 38, 57, -9999, 92, 24, 29, 98, -9999, 74, 71, -9999, 67, 31, 79, 45, -9999, -9999, -9999, 1, 1, 1, 1, 1],
[-9999, -9999, -9999, -9999, -9999, -9999, -9999, -9999, -9999, 80, -9999, -9999, -9999, -9999, -9999, -9999, -9999, -9999, -9999, -9999, -9999, -9999, -9999, -9999, -9999, -9999, -9999, -9999, -9999, -9999, -9999, -9999, -9999, -9999, -9999, -9999, -9999, -9999, -9999, -9999, -9999, -9999, -9999, -9999, -9999, -9999, -9999, -9999, -9999, -9999, -9999, -9999, -9999, -9999, -9999, -9999, -9999, -9999, -9999, -9999, -9999, -9999, -9999, -9999, -9999, -9999, -9999, -9999, -9999, -9999, -9999, -9999, -9999, -9999, -9999, -9999, -9999, -9999, -9999, -9999, -9999, -9999, -9999, -9999, -9999, -9999, -9999, -9999, -9999, -9999, -9999, -9999, -9999, -9999, -9999, -9999, -9999, -9999, -9999, -9999, 1, 1, 1, 1, 1],
[-9999, -9999, -9999, -9999, -9999, -9999, -9999, -9999, -9999, 90, -9999, -9999, -9999, 57, -9999, -9999, -9999, 13, -9999, -9999, -9999, -9999, -9999, -9999, -9999, -9999, -9999, -9999, 65, 91, 1, 12, -9999, 79, -9999, 40, -9999, -9999, -9999, -9999, -9999, 81, 95, -9999, -9999, 13, 20, 97, -9999, -9999, -9999, 83, -9999, -9999, -9999, 1, -9999, 73, -9999, -9999, 49, -9999, -9999, 77, -9999, 94, -9999, -9999, 62, -9999, -9999, -9999, 83, -9999, 98, -9999, -9999, -9999, -9999, 72, 14, -9999, -9999, 25, 88, -9999, -9999, -9999, -9999, -9999, -9999, -9999, -9999, 61, 77, 8, 46, 13, 24, 60, 1, 1, 1, 1, 1],
[-9999, -9999, -9999, -9999, -9999, -9999, -9999, -9999, -9999, 15, -9999, -9999, -9999, -9999, -9999, -9999, -9999, -9999, -9999, 8, -9999, -9999, -9999, -9999, 8, -9999, -9999, -9999, 75, -9999, -9999, -9999, -9999, -9999, 68, -9999, 52, -9999, -9999, -9999, -9999, -9999, -9999, -9999, -9999, -9999, -9999, -9999, -9999, -9999, -9999, -9999, -9999, -9999, -9999, -9999, -9999, 53, 91, -9999, -9999, -9999, -9999, -9999, 5, 95, 81, -9999, 89, -9999, -9999, -9999, -9999, -9999, -9999, 84, 67, -9999, -9999, -9999, -9999, -9999, -9999, -9999, -9999, -9999, -9999, 20, -9999, -9999, -9999, 39, 87, -9999, 39, 100, -9999, -9999, 100, 47, 1, 1, 1, 1, 1],
[-9999, -9999, -9999, -9999, -9999, -9999, -9999, -9999, -9999, 10, -9999, -9999, -9999, -9999, -9999, -9999, -9999, 72, -9999, 97, -9999, -9999, -9999, -9999, 30, -9999, -9999, -9999, 61, -9999, -9999, -9999, -9999, -9999, -9999, -9999, 58, -9999, -9999, -9999, 11, -9999, -9999, -9999, -9999, -9999, -9999, -9999, 49, -9999, -9999, -9999, -9999, -9999, -9999, -9999, -9999, -9999, -9999, -9999, -9999, -9999, -9999, -9999, 23, 95, -9999, -9999, 97, -9999, -9999, -9999, -9999, -9999, -9999, -9999, -9999, -9999, -9999, -9999, -9999, -9999, -9999, 29, -9999, 90, -9999, 1, -9999, -9999, -9999, 32, 53, -9999, -9999, 38, -9999, -9999, 69, -9999, 1, 1, 1, 1, 1],
[-9999, -9999, -9999, -9999, -9999, 9, -9999, -9999, -9999, 45, -9999, -9999, -9999, 20, 30, 54, -9999, 95, 77, -9999, 8, 98, -9999, -9999, 74, 32, -9999, -9999, 59, -9999, 82, -9999, -9999, -9999, -9999, 74, 14, -9999, -9999, -9999, 30, -9999, 2, -9999, -9999, 7, -9999, -9999, -9999, -9999, 95, -9999, -9999, -9999, -9999, 29, -9999, 53, 67, -9999, -9999, -9999, -9999, 84, 74, 96, -9999, -9999, 66, 52, -9999, -9999, 78, -9999, -9999, -9999, 80, -9999, 55, 50, 50, -9999, 28, -9999, -9999, 3, -9999, 66, -9999, -9999, -9999, 56, -9999, -9999, 72, -9999, 67, -9999, 62, 40, 1, 1, 1, 1, 1],
[-9999, -9999, -9999, -9999, -9999, -9999, -9999, -9999, -9999, 98, -9999, -9999, -9999, -9999, -9999, -9999, -9999, -9999, -9999, 95, -9999, -9999, -9999, -9999, 94, -9999, -9999, -9999, 7, -9999, -9999, -9999, -9999, -9999, -9999, -9999, 93, -9999, -9999, -9999, -9999, 53, -9999, -9999, -9999, -9999, -9999, -9999, 27, -9999, -9999, -9999, -9999, -9999, -9999, -9999, -9999, -9999, 19, -9999, -9999, -9999, -9999, -9999, 90, 16, -9999, -9999, 41, 5, -9999, -9999, -9999, -9999, -9999, -9999, -9999, -9999, -9999, -9999, -9999, -9999, -9999, -9999, -9999, -9999, -9999, 82, -9999, -9999, -9999, -9999, -9999, -9999, -9999, -9999, -9999, -9999, -9999, 58, 1, 1, 1, 1, 1],
[-9999, -9999, -9999, -9999, -9999, -9999, 98, -9999, -9999, 25, -9999, -9999, 9, -9999, -9999, -9999, -9999, 5, -9999, 23, -9999, -9999, -9999, -9999, -9999, -9999, -9999, -9999, 98, -9999, -9999, -9999, -9999, -9999, 14, -9999, 59, -9999, -9999, -9999, 6, -9999, -9999, -9999, -9999, -9999, -9999, -9999, 26, -9999, -9999, 51, -9999, -9999, -9999, -9999, -9999, -9999, 46, -9999, -9999, -9999, -9999, -9999, 75, -9999, 14, -9999, 96, -9999, -9999, -9999, -9999, -9999, -9999, 25, 34, -9999, -9999, -9999, -9999, -9999, -9999, -9999, -9999, -9999, -9999, 9, -9999, -9999, -9999, -9999, 55, -9999, -9999, -9999, -9999, -9999, 36, 87, 1, 1, 1, 1, 1],
[-9999, -9999, -9999, -9999, -9999, 90, -9999, -9999, 23, 84, 59, 89, -9999, 36, -9999, 69, -9999, -9999, 12, 51, 22, 97, -9999, -9999, -9999, -9999, 88, -9999, 43, 27, 46, 39, -9999, 17, 84, -9999, -9999, 52, -9999, 77, 11, 18, 61, -9999, -9999, -9999, -9999, -9999, -9999, 32, 45, -9999, -9999, -9999, 72, -9999, -9999, -9999, 84, -9999, -9999, -9999, -9999, -9999, 63, -9999, -9999, 4, 55, -9999, 38, -9999, 27, -9999, -9999, -9999, -9999, -9999, 94, 75, 36, 4, -9999, 27, -9999, 32, 32, 80, -9999, -9999, 39, -9999, -9999, 82, -9999, 98, -9999, 76, 14, 64, 1, 1, 1, 1, 1],
[-9999, -9999, -9999, -9999, -9999, -9999, -9999, -9999, -9999, 14, 20, -9999, -9999, -9999, -9999, -9999, -9999, -9999, 64, -9999, -9999, -9999, 93, -9999, 91, -9999, -9999, -9999, -9999, -9999, -9999, -9999, -9999, -9999, -9999, -9999, -9999, -9999, -9999, -9999, -9999, -9999, -9999, -9999, -9999, -9999, -9999, -9999, -9999, -9999, -9999, -9999, -9999, -9999, -9999, -9999, -9999, -9999, 64, -9999, -9999, -9999, -9999, -9999, -9999, -9999, -9999, 9, -9999, -9999, -9999, -9999, 63, -9999, 65, -9999, -9999, -9999, -9999, 5, -9999, -9999, -9999, -9999, -9999, 70, 69, -9999, -9999, -9999, -9999, -9999, -9999, -9999, -9999, -9999, 16, -9999, -9999, -9999, 1, 1, 1, 1, 1],
[-9999, -9999, -9999, -9999, -9999, -9999, -9999, -9999, -9999, 86, -9999, -9999, 79, -9999, -9999, -9999, -9999, 71, -9999, 71, -9999, -9999, -9999, -9999, 85, -9999, -9999, -9999, 55, -9999, -9999, -9999, -9999, -9999, -9999, -9999, 47, -9999, -9999, -9999, 46, -9999, -9999, -9999, -9999, -9999, 46, -9999, 50, -9999, -9999, 69, -9999, -9999, -9999, -9999, -9999, -9999, -9999, -9999, -9999, -9999, 74, -9999, 69, -9999, 95, -9999, 23, -9999, -9999, 1, -9999, -9999, -9999, 31, 87, -9999, -9999, -9999, -9999, -9999, -9999, 20, -9999, 79, -9999, 23, -9999, -9999, -9999, 79, 76, -9999, 91, 11, -9999, -9999, 40, -9999, 1, 1, 1, 1, 1],
[-9999, -9999, -9999, -9999, -9999, -9999, -9999, -9999, -9999, -9999, -9999, -9999, 50, -9999, -9999, -9999, -9999, -9999, -9999, 45, -9999, -9999, -9999, -9999, -9999, -9999, -9999, -9999, 5, -9999, -9999, -9999, -9999, -9999, 87, -9999, 82, -9999, -9999, -9999, -9999, -9999, -9999, -9999, -9999, -9999, -9999, -9999, -9999, -9999, -9999, -9999, -9999, -9999, -9999, -9999, -9999, 83, -9999, -9999, -9999, -9999, -9999, -9999, 92, 51, 73, -9999, 24, 3, -9999, -9999, -9999, -9999, -9999, 73, 21, -9999, -9999, -9999, -9999, -9999, -9999, -9999, -9999, 73, -9999, -9999, -9999, -9999, -9999, 1, 54, -9999, -9999, 51, -9999, -9999, -9999, 52, 1, 1, 1, 1, 1],
[-9999, -9999, -9999, -9999, -9999, -9999, -9999, 26, -9999, 76, -9999, -9999, -9999, -9999, -9999, -9999, -9999, -9999, -9999, 61, -9999, -9999, 47, -9999, -9999, -9999, -9999, -9999, 69, -9999, -9999, -9999, -9999, -9999, 71, -9999, 98, -9999, -9999, -9999, 73, 22, -9999, 19, -9999, -9999, -9999, -9999, -9999, -9999, -9999, -9999, -9999, -9999, -9999, -9999, -9999, -9999, -9999, -9999, -9999, -9999, -9999, -9999, 56, 36, 47, -9999, 18, -9999, -9999, -9999, -9999, 73, -9999, -9999, 93, -9999, -9999, -9999, -9999, -9999, -9999, -9999, -9999, 12, 82, -9999, -9999, -9999, -9999, -9999, -9999, -9999, -9999, -9999, -9999, -9999, 97, -9999, 1, 1, 1, 1, 1],
[-9999, -9999, -9999, -9999, -9999, 77, 36, -9999, -9999, -9999, -9999, -9999, 31, -9999, -9999, 38, 14, 4, -9999, -9999, -9999, -9999, -9999, -9999, 49, -9999, -9999, -9999, 73, 71, -9999, 20, -9999, -9999, -9999, 58, 2, 53, -9999, -9999, -9999, -9999, 84, -9999, -9999, 64, 72, -9999, 60, -9999, -9999, -9999, -9999, -9999, -9999, 50, 28, -9999, -9999, -9999, -9999, 99, -9999, 13, 68, -9999, 58, -9999, 66, 85, -9999, -9999, -9999, -9999, -9999, -9999, 45, -9999, 17, 93, -9999, -9999, 37, 60, -9999, 64, -9999, -9999, -9999, -9999, -9999, 60, 76, -9999, 25, -9999, -9999, -9999, 32, 9, 1, 1, 1, 1, 1],
[-9999, -9999, -9999, -9999, -9999, 56, 44, -9999, -9999, -9999, -9999, -9999, 16, -9999, -9999, 12, 90, -9999, -9999, -9999, 89, -9999, -9999, -9999, 14, -9999, -9999, -9999, 51, 14, 82, 97, -9999, 70, 54, 70, -9999, 27, -9999, -9999, -9999, -9999, 95, -9999, -9999, -9999, -9999, -9999, -9999, 20, -9999, -9999, -9999, -9999, 90, 25, 11, -9999, 1, -9999, -9999, -9999, -9999, 2, 43, 32, 24, -9999, 45, 69, -9999, -9999, 99, -9999, 5, 50, 97, -9999, -9999, 40, 60, -9999, 79, 5, -9999, 83, -9999, 54, -9999, -9999, -9999, 49, 78, 31, 5, 53, 6, -9999, 20, 51, 1, 1, 1, 1, 1],
[-9999, -9999, -9999, -9999, -9999, -9999, -9999, -9999, -9999, -9999, -9999, -9999, -9999, -9999, -9999, -9999, -9999, -9999, -9999, 16, -9999, -9999, -9999, -9999, -9999, -9999, -9999, -9999, 92, -9999, -9999, -9999, -9999, -9999, -9999, -9999, 5, -9999, 46, -9999, 67, 35, -9999, -9999, -9999, -9999, 98, -9999, 58, -9999, -9999, -9999, -9999, -9999, -9999, -9999, -9999, 19, 49, -9999, -9999, -9999, -9999, -9999, 94, -9999, -9999, -9999, 31, -9999, -9999, -9999, -9999, -9999, -9999, 13, 3, -9999, -9999, -9999, -9999, -9999, -9999, -9999, -9999, 94, -9999, -9999, -9999, -9999, -9999, -9999, 62, -9999, -9999, 61, -9999, -9999, 40, -9999, 1, 1, 1, 1, 1],
[-9999, -9999, -9999, -9999, -9999, -9999, -9999, -9999, -9999, -9999, -9999, -9999, 49, -9999, 79, 42, 82, -9999, 21, -9999, 71, -9999, -9999, 76, -9999, -9999, -9999, -9999, -9999, 58, 53, 13, -9999, -9999, 8, -9999, -9999, -9999, -9999, -9999, -9999, -9999, -9999, -9999, -9999, 15, -9999, 8, 50, 53, -9999, -9999, -9999, -9999, 13, 72, -9999, 52, 56, -9999, -9999, 28, -9999, -9999, 29, 62, 85, -9999, -9999, 47, 55, -9999, 74, -9999, 94, 82, 83, -9999, 96, -9999, 13, -9999, 25, 10, 61, -9999, -9999, 100, -9999, -9999, -9999, -9999, -9999, 45, -9999, -9999, -9999, -9999, 48, 26, 1, 1, 1, 1, 1],
[-9999, -9999, -9999, -9999, -9999, 95, -9999, -9999, -9999, 63, -9999, -9999, -9999, -9999, -9999, 24, 58, -9999, 27, -9999, 71, -9999, -9999, -9999, -9999, -9999, -9999, -9999, 93, 55, -9999, 48, -9999, 59, 43, -9999, -9999, 72, -9999, 4, 29, -9999, -9999, -9999, -9999, 22, -9999, -9999, -9999, -9999, -9999, -9999, -9999, -9999, 58, 20, 7, -9999, -9999, -9999, -9999, -9999, -9999, 55, -9999, 52, -9999, -9999, 88, -9999, -9999, -9999, -9999, -9999, 72, -9999, -9999, 65, 88, 80, 36, -9999, -9999, 88, -9999, 22, -9999, -9999, -9999, -9999, -9999, 88, 32, -9999, 90, 76, 38, -9999, 77, 81, 1, 1, 1, 1, 1],
[-9999, -9999, -9999, -9999, -9999, -9999, -9999, -9999, -9999, -9999, -9999, -9999, 89, -9999, -9999, -9999, -9999, -9999, -9999, -9999, -9999, -9999, -9999, -9999, -9999, -9999, -9999, -9999, 18, -9999, -9999, -9999, -9999, -9999, -9999, -9999, 60, -9999, -9999, 85, 18, -9999, -9999, -9999, -9999, -9999, -9999, -9999, -9999, -9999, -9999, -9999, -9999, -9999, -9999, -9999, -9999, 59, -9999, -9999, -9999, -9999, -9999, -9999, -9999, -9999, 9, -9999, 24, 93, -9999, -9999, -9999, -9999, -9999, 67, 93, -9999, -9999, -9999, -9999, -9999, -9999, -9999, -9999, 15, -9999, 99, -9999, -9999, -9999, 26, -9999, -9999, 98, -9999, -9999, -9999, 41, 84, 1, 1, 1, 1, 1],
[-9999, -9999, -9999, -9999, -9999, -9999, -9999, -9999, -9999, 50, -9999, -9999, -9999, -9999, -9999, 54, 27, -9999, -9999, -9999, 72, -9999, -9999, -9999, 81, -9999, -9999, -9999, 96, 62, 4, 87, 91, 66, 95, 48, 26, 77, -9999, -9999, 63, -9999, 44, -9999, -9999, 58, -9999, 76, 99, 58, 88, -9999, -9999, -9999, 45, 15, 63, -9999, 89, -9999, -9999, 41, -9999, 83, 17, 40, -9999, -9999, 82, -9999, -9999, -9999, -9999, -9999, 36, 55, -9999, -9999, 49, 44, 31, -9999, 71, -9999, 35, 86, -9999, 95, -9999, -9999, -9999, -9999, -9999, -9999, 54, 18, 31, -9999, 75, -9999, 1, 1, 1, 1, 1],
[-9999, -9999, -9999, -9999, -9999, -9999, -9999, -9999, -9999, 44, -9999, -9999, 68, -9999, -9999, -9999, -9999, 84, -9999, -9999, -9999, -9999, -9999, -9999, 34, -9999, -9999, -9999, 69, -9999, -9999, -9999, -9999, -9999, 49, -9999, 63, -9999, -9999, 37, 24, -9999, -9999, -9999, -9999, -9999, -9999, 57, -9999, -9999, -9999, -9999, -9999, -9999, -9999, -9999, -9999, -9999, -9999, -9999, -9999, -9999, -9999, -9999, 96, 86, 81, -9999, 30, 48, -9999, -9999, -9999, -9999, -9999, 83, 3, -9999, -9999, -9999, -9999, -9999, -9999, -9999, -9999, 81, -9999, 94, 33, -9999, -9999, -9999, 66, -9999, -9999, 19, -9999, -9999, -9999, 5, 1, 1, 1, 1, 1],
[-9999, -9999, -9999, -9999, -9999, -9999, -9999, -9999, -9999, 75, -9999, -9999, 17, 30, 5, 81, -9999, -9999, -9999, -9999, 29, -9999, -9999, -9999, -9999, 56, -9999, -9999, 34, 65, 53, 6, -9999, 48, 7, 57, -9999, 84, -9999, -9999, 93, -9999, 75, -9999, -9999, 34, 14, -9999, 71, 49, -9999, 85, -9999, -9999, -9999, 59, 6, 92, -9999, -9999, -9999, -9999, -9999, -9999, 97, 87, -9999, -9999, -9999, -9999, -9999, -9999, 1, -9999, -9999, 59, -9999, -9999, -9999, 68, 6, -9999, 16, 90, 19, -9999, -9999, 4, -9999, -9999, -9999, -9999, -9999, 48, 21, 53, 45, -9999, 22, 16, 1, 1, 1, 1, 1],
[-9999, -9999, -9999, -9999, -9999, -9999, -9999, -9999, -9999, 95, -9999, -9999, 78, -9999, -9999, -9999, -9999, 99, -9999, -9999, -9999, -9999, -9999, -9999, 20, -9999, -9999, -9999, 83, -9999, -9999, -9999, -9999, -9999, 58, -9999, 10, -9999, -9999, -9999, -9999, -9999, -9999, -9999, -9999, -9999, -9999, -9999, -9999, -9999, -9999, -9999, -9999, -9999, -9999, -9999, -9999, 91, -9999, -9999, -9999, -9999, -9999, -9999, 93, -9999, 97, -9999, 85, -9999, -9999, -9999, -9999, -9999, -9999, 4, -9999, -9999, -9999, -9999, -9999, -9999, -9999, 96, -9999, 73, -9999, -9999, -9999, -9999, -9999, 43, 19, -9999, -9999, -9999, -9999, -9999, -9999, -9999, 1, 1, 1, 1, 1],
[-9999, -9999, -9999, -9999, -9999, 98, -9999, 100, -9999, 85, -9999, -9999, -9999, -9999, 38, 47, -9999, 70, 40, 44, 37, -9999, 10, -9999, 21, -9999, 41, 77, 54, 80, -9999, 87, -9999, 96, 65, -9999, -9999, 37, -9999, -9999, 11, -9999, -9999, 2, -9999, 63, -9999, -9999, 50, -9999, 52, -9999, 70, -9999, 46, -9999, 58, 98, -9999, 82, -9999, -9999, -9999, -9999, 21, -9999, 93, 77, 41, 90, -9999, -9999, 71, 98, -9999, -9999, -9999, -9999, -9999, -9999, 19, -9999, 36, 25, -9999, -9999, -9999, -9999, -9999, -9999, 51, 84, -9999, -9999, -9999, 9, -9999, -9999, 99, -9999, 1, 1, 1, 1, 1],
[-9999, -9999, -9999, -9999, -9999, -9999, -9999, -9999, -9999, -9999, -9999, -9999, 97, -9999, -9999, -9999, -9999, -9999, -9999, 33, -9999, -9999, -9999, -9999, -9999, -9999, -9999, -9999, 34, -9999, -9999, -9999, -9999, -9999, -9999, -9999, -9999, -9999, -9999, 99, 93, -9999, -9999, -9999, -9999, -9999, -9999, -9999, -9999, -9999, -9999, -9999, -9999, -9999, -9999, -9999, -9999, 73, -9999, -9999, -9999, -9999, -9999, -9999, 85, -9999, 7, -9999, 79, -9999, -9999, -9999, -9999, -9999, -9999, 69, 82, -9999, -9999, -9999, -9999, -9999, -9999, 56, -9999, -9999, -9999, -9999, -9999, -9999, -9999, 56, -9999, -9999, -9999, -9999, -9999, -9999, 35, -9999, 1, 1, 1, 1, 1],
[-9999, -9999, -9999, -9999, -9999, -9999, -9999, -9999, -9999, 93, -9999, -9999, -9999, -9999, -9999, -9999, -9999, -9999, -9999, 28, -9999, -9999, -9999, -9999, 48, -9999, -9999, -9999, 96, -9999, -9999, -9999, -9999, -9999, -9999, -9999, -9999, -9999, -9999, -9999, -9999, 26, -9999, -9999, -9999, -9999, -9999, 75, 39, -9999, -9999, -9999, -9999, -9999, -9999, -9999, -9999, 6, -9999, -9999, -9999, -9999, -9999, -9999, 34, 39, 52, -9999, 76, 8, -9999, -9999, -9999, -9999, -9999, 61, 89, -9999, -9999, -9999, -9999, -9999, -9999, 28, -9999, 78, -9999, 14, -9999, -9999, -9999, 18, 36, -9999, 9, 63, -9999, -9999, 7, 30, 1, 1, 1, 1, 1],
[-9999, -9999, -9999, -9999, -9999, -9999, -9999, -9999, -9999, -9999, -9999, -9999, 76, 92, 23, -9999, -9999, -9999, 23, -9999, -9999, -9999, -9999, -9999, -9999, -9999, -9999, -9999, 20, -9999, -9999, 92, -9999, 46, 33, 100, 60, -9999, 25, -9999, -9999, -9999, -9999, -9999, -9999, -9999, -9999, 4, -9999, -9999, 25, -9999, -9999, -9999, 84, -9999, 16, 72, -9999, -9999, -9999, -9999, -9999, -9999, 39, -9999, -9999, -9999, 98, -9999, 11, -9999, 99, -9999, -9999, -9999, 64, -9999, -9999, 29, -9999, -9999, -9999, 95, 12, 7, -9999, 37, -9999, -9999, -9999, 55, 64, -9999, -9999, -9999, -9999, 5, -9999, -9999, 1, 1, 1, 1, 1],
[-9999, -9999, -9999, -9999, -9999, -9999, -9999, -9999, -9999, -9999, -9999, -9999, -9999, -9999, -9999, -9999, -9999, 67, -9999, -9999, -9999, -9999, -9999, -9999, 15, -9999, -9999, -9999, 55, -9999, -9999, -9999, -9999, -9999, -9999, -9999, 64, -9999, -9999, -9999, 45, -9999, -9999, -9999, -9999, -9999, -9999, -9999, -9999, -9999, -9999, -9999, -9999, -9999, -9999, -9999, -9999, -9999, 96, -9999, -9999, -9999, -9999, -9999, 26, -9999, -9999, -9999, 42, 83, -9999, -9999, -9999, -9999, -9999, 58, 91, -9999, -9999, -9999, -9999, -9999, -9999, 12, -9999, 99, -9999, 49, -9999, -9999, -9999, 76, 29, -9999, 86, -9999, -9999, -9999, -9999, 76, 1, 1, 1, 1, 1],
[-9999, -9999, -9999, -9999, -9999, -9999, -9999, -9999, -9999, 87, -9999, -9999, 72, -9999, -9999, -9999, -9999, -9999, -9999, 37, -9999, -9999, -9999, -9999, -9999, -9999, -9999, -9999, 65, -9999, -9999, -9999, -9999, -9999, -9999, -9999, 13, -9999, -9999, -9999, 81, -9999, -9999, -9999, -9999, -9999, -9999, -9999, -9999, -9999, -9999, -9999, -9999, -9999, -9999, -9999, -9999, 87, 87, -9999, -9999, -9999, -9999, -9999, 84, 33, -9999, -9999, 16, -9999, -9999, -9999, -9999, -9999, -9999, -9999, 56, -9999, -9999, -9999, -9999, -9999, -9999, 44, -9999, 35, -9999, 51, -9999, -9999, -9999, 69, 10, -9999, 15, 97, -9999, -9999, -9999, -9999, 1, 1, 1, 1, 1],
[-9999, -9999, -9999, -9999, -9999, 61, -9999, -9999, -9999, -9999, -9999, -9999, 50, 82, 10, -9999, 15, -9999, 61, -9999, 13, -9999, -9999, -9999, 43, -9999, -9999, -9999, 51, -9999, -9999, 4, -9999, -9999, 66, -9999, 98, 23, -9999, 78, 52, 2, -9999, -9999, -9999, 44, -9999, -9999, -9999, -9999, 65, -9999, -9999, -9999, 45, 97, 25, 83, 10, -9999, -9999, -9999, -9999, -9999, 76, 18, -9999, -9999, 8, 83, -9999, -9999, -9999, -9999, 90, -9999, -9999, -9999, -9999, -9999, -9999, -9999, -9999, -9999, -9999, 23, -9999, -9999, -9999, -9999, -9999, 20, 63, -9999, -9999, 2, -9999, 23, 49, -9999, 1, 1, 1, 1, 1],
[-9999, -9999, -9999, -9999, -9999, -9999, -9999, -9999, -9999, 34, 89, -9999, -9999, -9999, -9999, -9999, -9999, -9999, 62, -9999, -9999, -9999, 29, -9999, 70, -9999, -9999, 4, -9999, -9999, -9999, -9999, -9999, -9999, -9999, -9999, -9999, -9999, -9999, -9999, -9999, -9999, -9999, -9999, -9999, -9999, -9999, -9999, -9999, -9999, -9999, -9999, -9999, -9999, -9999, -9999, 38, -9999, -9999, -9999, -9999, -9999, -9999, -9999, -9999, -9999, -9999, -9999, -9999, -9999, -9999, -9999, -9999, -9999, 2, -9999, 14, -9999, -9999, 13, -9999, 83, -9999, -9999, -9999, 42, -9999, -9999, -9999, -9999, -9999, -9999, -9999, -9999, -9999, -9999, -9999, -9999, -9999, -9999, 1, 1, 1, 1, 1],
[-9999, -9999, -9999, -9999, -9999, 88, -9999, -9999, -9999, 73, -9999, -9999, -9999, -9999, 52, -9999, 92, 61, 57, 83, 46, -9999, -9999, -9999, 34, -9999, -9999, -9999, 13, 7, -9999, -9999, -9999, -9999, -9999, -9999, -9999, 84, -9999, -9999, 12, -9999, 90, -9999, -9999, -9999, -9999, 40, -9999, -9999, 15, -9999, -9999, -9999, 96, 1, 85, -9999, 21, -9999, -9999, 13, -9999, -9999, 71, -9999, 58, -9999, 1, 7, 14, -9999, 12, -9999, 36, 71, 57, -9999, -9999, -9999, 92, -9999, -9999, 98, 22, 55, -9999, 53, -9999, -9999, -9999, 46, -9999, -9999, 54, 96, 45, 53, 5, -9999, 1, 1, 1, 1, 1],
[-9999, -9999, -9999, -9999, -9999, -9999, -9999, -9999, -9999, 29, -9999, -9999, -9999, -9999, -9999, -9999, -9999, -9999, 75, -9999, -9999, -9999, -9999, -9999, 6, -9999, -9999, -9999, -9999, -9999, -9999, -9999, -9999, -9999, -9999, -9999, -9999, -9999, -9999, -9999, -9999, -9999, -9999, -9999, -9999, -9999, -9999, -9999, -9999, -9999, -9999, -9999, -9999, -9999, -9999, -9999, 59, -9999, -9999, -9999, -9999, -9999, -9999, -9999, -9999, -9999, -9999, -9999, -9999, -9999, -9999, -9999, -9999, -9999, -9999, -9999, 52, -9999, -9999, -9999, -9999, -9999, -9999, -9999, -9999, 42, -9999, -9999, -9999, -9999, -9999, -9999, -9999, -9999, -9999, -9999, 100, -9999, -9999, -9999, 1, 1, 1, 1, 1],
[-9999, -9999, -9999, -9999, -9999, 68, -9999, 25, -9999, -9999, -9999, 39, -9999, -9999, -9999, -9999, 38, 10, 36, -9999, 41, -9999, 91, -9999, 18, 80, 79, 98, 57, -9999, -9999, -9999, -9999, -9999, 41, -9999, 60, 22, -9999, -9999, 67, -9999, 92, -9999, -9999, -9999, -9999, -9999, -9999, 2, 88, -9999, -9999, -9999, -9999, -9999, 22, 17, 83, 39, -9999, 38, 32, 100, 30, -9999, 10, 52, 49, 85, -9999, -9999, 88, 56, -9999, -9999, -9999, -9999, 87, 26, -9999, 75, -9999, -9999, 37, -9999, -9999, 34, -9999, -9999, 92, 80, 86, 16, -9999, 5, 92, 29, 79, -9999, 1, 1, 1, 1, 1],
[-9999, -9999, -9999, -9999, -9999, -9999, -9999, 86, -9999, -9999, -9999, -9999, 66, -9999, -9999, -9999, -9999, 92, -9999, -9999, -9999, -9999, 1, -9999, -9999, -9999, -9999, -9999, 35, -9999, -9999, -9999, -9999, -9999, 33, -9999, -9999, -9999, -9999, 26, -9999, -9999, -9999, -9999, -9999, -9999, -9999, -9999, -9999, -9999, -9999, -9999, -9999, -9999, -9999, -9999, -9999, -9999, -9999, -9999, -9999, -9999, -9999, -9999, 63, -9999, 81, -9999, 60, -9999, -9999, -9999, -9999, -9999, -9999, -9999, 54, -9999, -9999, -9999, -9999, -9999, -9999, 56, -9999, 5, -9999, -9999, -9999, -9999, -9999, 93, -9999, -9999, 18, 50, -9999, -9999, 28, 39, 1, 1, 1, 1, 1],
[-9999, -9999, -9999, -9999, -9999, -9999, -9999, 18, -9999, 55, -9999, -9999, -9999, -9999, -9999, -9999, -9999, -9999, -9999, 60, -9999, -9999, 25, -9999, 64, -9999, -9999, -9999, 75, -9999, -9999, -9999, -9999, -9999, 75, -9999, 81, -9999, -9999, 78, -9999, -9999, -9999, -9999, -9999, -9999, -9999, -9999, 31, -9999, -9999, -9999, -9999, -9999, -9999, -9999, -9999, 38, 81, 38, -9999, -9999, -9999, -9999, 14, 71, -9999, -9999, 11, 79, -9999, -9999, -9999, -9999, -9999, -9999, -9999, -9999, -9999, -9999, -9999, -9999, -9999, -9999, -9999, -9999, -9999, 58, -9999, -9999, -9999, -9999, 94, -9999, 64, 56, -9999, -9999, 74, 65, 1, 1, 1, 1, 1],
[-9999, -9999, -9999, -9999, -9999, 82, -9999, -9999, -9999, 67, -9999, -9999, 83, 95, -9999, 85, -9999, -9999, 98, -9999, 77, -9999, -9999, -9999, -9999, -9999, -9999, -9999, 44, 66, 7, 31, 56, 7, -9999, -9999, -9999, 49, -9999, 40, -9999, -9999, 11, -9999, -9999, 22, -9999, -9999, -9999, -9999, 52, -9999, -9999, -9999, -9999, 90, 39, 19, 64, -9999, -9999, 50, -9999, 62, 21, -9999, -9999, -9999, 64, -9999, -9999, 46, 69, -9999, 88, -9999, 13, -9999, -9999, 58, 94, -9999, -9999, -9999, -9999, 23, -9999, 95, -9999, -9999, -9999, -9999, 60, 5, -9999, 85, -9999, -9999, 90, 54, 1, 1, 1, 1, 1],
[-9999, -9999, -9999, -9999, -9999, -9999, -9999, -9999, -9999, 53, -9999, -9999, 3, 23, 94, 24, 4, 96, 3, 60, 29, -9999, -9999, -9999, 16, -9999, -9999, -9999, 51, -9999, -9999, 45, -9999, -9999, 21, 97, 90, 38, -9999, -9999, -9999, -9999, -9999, -9999, -9999, 15, -9999, -9999, 26, -9999, 23, -9999, -9999, -9999, -9999, 84, 11, 5, 96, -9999, -9999, 82, -9999, -9999, 49, -9999, 53, -9999, 24, 94, -9999, -9999, 68, -9999, 40, -9999, 90, -9999, 10, 12, 2, -9999, -9999, -9999, -9999, 75, -9999, 30, -9999, -9999, -9999, -9999, 66, 58, -9999, 39, -9999, 97, -9999, 68, 1, 1, 1, 1, 1],
[-9999, -9999, -9999, -9999, -9999, 19, -9999, -9999, -9999, -9999, -9999, -9999, 57, 60, 48, -9999, 26, -9999, -9999, 69, -9999, 61, -9999, -9999, -9999, -9999, -9999, -9999, 92, -9999, 32, -9999, -9999, -9999, -9999, 19, 43, -9999, 29, -9999, 28, -9999, 37, -9999, -9999, -9999, -9999, -9999, -9999, -9999, -9999, -9999, -9999, -9999, 63, 12, -9999, -9999, 13, -9999, 69, 61, -9999, 12, 16, 90, 34, -9999, 9, -9999, 32, -9999, 93, -9999, -9999, -9999, 13, -9999, 75, 64, 32, -9999, -9999, 12, 73, -9999, -9999, -9999, -9999, -9999, -9999, 37, -9999, 61, 38, 25, -9999, -9999, -9999, -9999, 1, 1, 1, 1, 1],
[-9999, -9999, -9999, -9999, -9999, -9999, -9999, -9999, -9999, -9999, -9999, -9999, -9999, -9999, 48, 47, 83, 33, -9999, 63, -9999, -9999, -9999, -9999, 50, -9999, -9999, -9999, 5, 19, 85, 41, 30, -9999, 46, -9999, 93, -9999, -9999, -9999, 61, -9999, 14, -9999, -9999, 55, -9999, -9999, -9999, 80, -9999, -9999, -9999, -9999, -9999, -9999, -9999, -9999, 55, -9999, -9999, 90, -9999, 17, 66, -9999, 69, -9999, 35, 4, 100, -9999, -9999, -9999, 52, 75, 70, 61, -9999, 51, 35, -9999, 79, -9999, 78, 75, -9999, 23, -9999, -9999, -9999, 68, -9999, 74, -9999, 85, -9999, -9999, 97, -9999, 1, 1, 1, 1, 1],
[-9999, -9999, -9999, -9999, -9999, -9999, 25, -9999, -9999, 100, -9999, -9999, 50, -9999, -9999, -9999, -9999, 72, 37, -9999, 47, -9999, -9999, -9999, 68, -9999, -9999, -9999, 96, -9999, -9999, 62, -9999, 78, 6, -9999, 47, -9999, 58, -9999, 24, -9999, -9999, -9999, -9999, -9999, 46, -9999, 68, 41, 18, -9999, -9999, -9999, 59, 22, 70, -9999, 25, -9999, -9999, -9999, -9999, -9999, 32, 54, 19, -9999, 69, -9999, 55, 54, -9999, -9999, 64, 81, 37, 3, 21, -9999, -9999, -9999, 17, -9999, 22, -9999, -9999, -9999, -9999, -9999, -9999, 87, 35, 36, -9999, -9999, 25, -9999, 55, 31, 1, 1, 1, 1, 1],
[-9999, -9999, -9999, -9999, -9999, -9999, -9999, -9999, -9999, 95, -9999, -9999, 76, 35, 16, -9999, -9999, -9999, 83, 51, -9999, -9999, -9999, -9999, 80, -9999, -9999, -9999, -9999, 83, -9999, 48, -9999, 57, -9999, 75, -9999, 91, 38, -9999, -9999, -9999, -9999, -9999, -9999, -9999, -9999, -9999, -9999, -9999, 83, 1, -9999, -9999, 32, 92, -9999, -9999, 93, -9999, -9999, 2, 27, -9999, 93, -9999, -9999, -9999, 36, -9999, 16, -9999, 2, -9999, 87, 55, 87, -9999, -9999, 100, 3, -9999, -9999, 64, 12, -9999, -9999, 83, -9999, -9999, -9999, -9999, -9999, 13, 41, -9999, 31, 66, -9999, 81, 1, 1, 1, 1, 1],
[-9999, -9999, -9999, -9999, -9999, 2, 23, 67, 56, 36, 87, -9999, -9999, -9999, -9999, -9999, 90, -9999, -9999, -9999, 5, 20, 45, -9999, -9999, -9999, 30, 40, 29, -9999, 93, 99, -9999, 77, 49, 6, -9999, -9999, -9999, -9999, 98, -9999, -9999, -9999, -9999, 68, -9999, -9999, -9999, 50, -9999, -9999, -9999, -9999, 8, -9999, -9999, 19, -9999, 15, -9999, 65, -9999, -9999, 40, -9999, 37, -9999, 44, 51, 41, -9999, 95, 65, -9999, 77, 18, -9999, 34, -9999, 58, 62, -9999, 65, 39, 54, 12, 95, -9999, -9999, -9999, 50, 89, 7, -9999, -9999, 45, -9999, -9999, -9999, 1, 1, 1, 1, 1],
[-9999, -9999, -9999, -9999, -9999, 80, -9999, -9999, -9999, -9999, -9999, -9999, 19, -9999, -9999, 6, 6, -9999, -9999, -9999, 51, -9999, -9999, -9999, 19, -9999, -9999, -9999, 17, 11, 38, 42, -9999, 24, 41, 22, 35, -9999, -9999, -9999, -9999, -9999, 65, -9999, -9999, 97, 82, -9999, -9999, 3, -9999, 78, -9999, -9999, 82, 26, -9999, -9999, 29, -9999, -9999, -9999, -9999, -9999, 46, 42, -9999, -9999, 38, -9999, -9999, -9999, -9999, -9999, 79, -9999, 29, -9999, 7, 100, 12, -9999, 89, -9999, -9999, -9999, -9999, 10, -9999, -9999, -9999, 26, -9999, -9999, 53, 22, 40, -9999, 30, -9999, 1, 1, 1, 1, 1],
[-9999, -9999, -9999, -9999, -9999, 87, -9999, -9999, -9999, 67, -9999, -9999, 50, 85, 6, -9999, 95, -9999, -9999, -9999, -9999, -9999, -9999, -9999, -9999, -9999, -9999, -9999, 93, -9999, -9999, -9999, -9999, -9999, -9999, 35, 75, 48, -9999, -9999, 18, -9999, -9999, -9999, -9999, 92, -9999, -9999, 93, 81, 28, -9999, -9999, 36, -9999, 98, -9999, -9999, 2, -9999, -9999, -9999, -9999, -9999, 4, 23, 18, -9999, 91, 65, 41, -9999, -9999, -9999, -9999, 30, -9999, 76, -9999, 26, 21, -9999, 45, 48, 50, 42, -9999, -9999, -9999, -9999, -9999, -9999, -9999, 70, 87, -9999, -9999, 64, 34, 38, 1, 1, 1, 1, 1],
[-9999, -9999, -9999, -9999, -9999, -9999, 26, -9999, -9999, 89, -9999, -9999, 55, 8, 65, -9999, 27, -9999, -9999, 67, 12, -9999, -9999, -9999, 26, -9999, -9999, -9999, 37, 15, 2, 11, -9999, -9999, 72, 62, 26, -9999, -9999, 35, -9999, -9999, 20, -9999, -9999, 31, -9999, 2, 43, 19, -9999, -9999, -9999, -9999, -9999, 54, -9999, -9999, 77, -9999, -9999, -9999, -9999, -9999, 66, 10, 90, -9999, 45, 90, 11, -9999, 69, -9999, 11, 8, 12, -9999, 32, 84, 87, -9999, -9999, 85, 63, -9999, -9999, 50, -9999, -9999, -9999, -9999, -9999, 88, -9999, -9999, -9999, 99, 91, -9999, 1, 1, 1, 1, 1],
[-9999, -9999, -9999, -9999, -9999, -9999, -9999, -9999, -9999, 2, -9999, -9999, -9999, -9999, -9999, -9999, -9999, -9999, -9999, 56, -9999, -9999, -9999, -9999, 95, -9999, -9999, -9999, 17, -9999, -9999, -9999, -9999, -9999, 55, -9999, 13, -9999, -9999, -9999, -9999, -9999, -9999, -9999, -9999, -9999, -9999, -9999, 92, -9999, -9999, -9999, -9999, -9999, -9999, -9999, -9999, 50, 76, -9999, -9999, -9999, -9999, -9999, 41, -9999, -9999, -9999, 72, 59, -9999, -9999, -9999, -9999, -9999, -9999, 58, -9999, -9999, -9999, -9999, -9999, -9999, 88, -9999, 34, -9999, 25, -9999, -9999, -9999, 77, 42, -9999, 97, 2, -9999, -9999, -9999, 41, 1, 1, 1, 1, 1],
[-9999, -9999, -9999, -9999, -9999, -9999, -9999, -9999, -9999, -9999, -9999, -9999, 84, 33, -9999, -9999, 59, -9999, 7, 80, 7, -9999, -9999, -9999, -9999, -9999, -9999, -9999, 41, 57, 97, -9999, -9999, 2, -9999, 17, -9999, 11, -9999, -9999, -9999, -9999, 90, -9999, -9999, 92, 6, -9999, 86, 93, -9999, -9999, -9999, -9999, -9999, -9999, 65, 45, 10, -9999, -9999, 56, -9999, -9999, 65, 39, -9999, -9999, 36, -9999, -9999, -9999, 15, -9999, -9999, 92, 14, -9999, -9999, -9999, 77, -9999, 28, -9999, -9999, -9999, -9999, -9999, -9999, -9999, -9999, -9999, -9999, -9999, -9999, -9999, 27, 99, 27, -9999, 1, 1, 1, 1, 1],
[-9999, -9999, -9999, -9999, -9999, -9999, -9999, -9999, -9999, 98, -9999, -9999, -9999, -9999, -9999, -9999, -9999, -9999, -9999, -9999, -9999, -9999, -9999, -9999, 69, -9999, -9999, -9999, -9999, -9999, -9999, -9999, -9999, -9999, -9999, -9999, -9999, -9999, -9999, -9999, -9999, -9999, -9999, -9999, -9999, -9999, -9999, -9999, -9999, -9999, -9999, -9999, -9999, -9999, -9999, -9999, 60, -9999, -9999, -9999, -9999, -9999, -9999, -9999, -9999, -9999, -9999, -9999, -9999, -9999, -9999, -9999, 46, -9999, -9999, -9999, -9999, -9999, -9999, 45, -9999, -9999, -9999, -9999, -9999, -9999, -9999, -9999, -9999, -9999, -9999, -9999, -9999, -9999, -9999, -9999, -9999, -9999, -9999, -9999, 1, 1, 1, 1, 1],
[-9999, -9999, -9999, -9999, -9999, -9999, -9999, -9999, -9999, 66, -9999, -9999, -9999, 96, -9999, 48, 73, -9999, -9999, 56, -9999, -9999, -9999, -9999, 95, -9999, -9999, -9999, 32, 52, 60, 75, -9999, 98, -9999, 25, 15, 35, -9999, -9999, -9999, -9999, -9999, -9999, -9999, -9999, -9999, -9999, 12, 42, 13, -9999, -9999, -9999, -9999, 10, 28, 91, -9999, -9999, -9999, -9999, -9999, -9999, 50, 2, -9999, -9999, 48, -9999, -9999, -9999, 4, -9999, 49, -9999, -9999, 63, -9999, 78, 79, -9999, -9999, 95, 29, 20, -9999, 1, -9999, -9999, -9999, -9999, -9999, 51, 78, 48, -9999, -9999, -9999, 35, 1, 1, 1, 1, 1],
[-9999, -9999, -9999, -9999, -9999, -9999, -9999, -9999, -9999, 51, -9999, -9999, 83, -9999, -9999, -9999, -9999, 89, -9999, 97, -9999, -9999, -9999, -9999, -9999, -9999, -9999, -9999, 4, -9999, -9999, -9999, -9999, -9999, -9999, -9999, 41, -9999, 37, -9999, 12, -9999, -9999, -9999, -9999, -9999, -9999, -9999, 35, -9999, -9999, -9999, -9999, -9999, -9999, -9999, -9999, 10, 45, -9999, -9999, -9999, -9999, -9999, 61, 51, 42, -9999, 76, -9999, -9999, -9999, -9999, -9999, -9999, 58, 100, -9999, -9999, -9999, -9999, -9999, -9999, 59, -9999, 73, -9999, 53, -9999, -9999, -9999, 80, 92, -9999, -9999, -9999, -9999, -9999, -9999, -9999, 1, 1, 1, 1, 1],
[-9999, -9999, -9999, -9999, -9999, -9999, -9999, -9999, -9999, 80, -9999, -9999, 2, -9999, 99, 40, 91, 33, -9999, -9999, 20, -9999, -9999, -9999, 90, -9999, -9999, -9999, 6, -9999, -9999, -9999, -9999, -9999, 5, -9999, 24, 78, -9999, -9999, -9999, -9999, 35, -9999, -9999, -9999, -9999, -9999, 47, 95, -9999, -9999, -9999, -9999, 73, -9999, 82, 85, 56, -9999, -9999, 32, -9999, 50, 76, 45, 6, -9999, 25, -9999, 80, -9999, -9999, -9999, 24, 97, 14, -9999, 2, 53, -9999, -9999, -9999, -9999, 27, 68, -9999, 86, -9999, -9999, -9999, -9999, 12, 97, 20, -9999, 87, -9999, -9999, -9999, 1, 1, 1, 1, 1],
[-9999, -9999, -9999, -9999, -9999, 89, 4, -9999, -9999, 29, -9999, -9999, 66, 28, -9999, -9999, 59, -9999, 74, -9999, -9999, -9999, -9999, -9999, -9999, -9999, -9999, -9999, 61, -9999, 77, 97, -9999, 54, -9999, 22, -9999, 54, -9999, -9999, -9999, -9999, 64, -9999, -9999, -9999, -9999, -9999, 45, 13, -9999, -9999, -9999, 25, -9999, 39, -9999, -9999, 40, -9999, -9999, -9999, -9999, -9999, 28, -9999, 75, -9999, 26, -9999, -9999, -9999, 55, -9999, 32, -9999, 44, -9999, -9999, 94, -9999, -9999, 93, -9999, 9, 32, -9999, -9999, -9999, -9999, -9999, 72, 87, 3, 82, 86, 49, -9999, -9999, -9999, 1, 1, 1, 1, 1],
[-9999, -9999, -9999, -9999, -9999, -9999, -9999, -9999, -9999, -9999, -9999, -9999, -9999, -9999, -9999, -9999, -9999, -9999, -9999, -9999, -9999, -9999, -9999, -9999, -9999, -9999, -9999, -9999, -9999, -9999, -9999, -9999, -9999, -9999, -9999, -9999, -9999, -9999, -9999, -9999, -9999, -9999, -9999, -9999, -9999, -9999, -9999, -9999, -9999, -9999, -9999, -9999, -9999, -9999, -9999, -9999, -9999, -9999, -9999, -9999, -9999, -9999, -9999, -9999, -9999, -9999, -9999, -9999, -9999, -9999, -9999, -9999, -9999, -9999, -9999, -9999, -9999, -9999, -9999, -9999, -9999, -9999, -9999, -9999, -9999, -9999, -9999, -9999, -9999, -9999, -9999, -9999, -9999, -9999, -9999, -9999, -9999, -9999, -9999, -9999, -9999, -9999, -9999, -9999, -9999],
[-9999, -9999, -9999, -9999, -9999, -9999, -9999, -9999, -9999, -9999, -9999, -9999, -9999, -9999, -9999, -9999, -9999, -9999, -9999, -9999, -9999, -9999, -9999, -9999, -9999, -9999, -9999, -9999, -9999, -9999, -9999, -9999, -9999, -9999, -9999, -9999, -9999, -9999, -9999, -9999, -9999, -9999, -9999, -9999, -9999, -9999, -9999, -9999, -9999, -9999, -9999, -9999, -9999, -9999, -9999, -9999, -9999, -9999, -9999, -9999, -9999, -9999, -9999, -9999, -9999, -9999, -9999, -9999, -9999, -9999, -9999, -9999, -9999, -9999, -9999, -9999, -9999, -9999, -9999, -9999, -9999, -9999, -9999, -9999, -9999, -9999, -9999, -9999, -9999, -9999, -9999, -9999, -9999, -9999, -9999, -9999, -9999, -9999, -9999, -9999, -9999, -9999, -9999, -9999, -9999],
[-9999, -9999, -9999, -9999, -9999, -9999, -9999, -9999, -9999, -9999, -9999, -9999, -9999, -9999, -9999, -9999, -9999, -9999, -9999, -9999, -9999, -9999, -9999, -9999, -9999, -9999, -9999, -9999, -9999, -9999, -9999, -9999, -9999, -9999, -9999, -9999, -9999, -9999, -9999, -9999, -9999, -9999, -9999, -9999, -9999, -9999, -9999, -9999, -9999, -9999, -9999, -9999, -9999, -9999, -9999, -9999, -9999, -9999, -9999, -9999, -9999, -9999, -9999, -9999, -9999, -9999, -9999, -9999, -9999, -9999, -9999, -9999, -9999, -9999, -9999, -9999, -9999, -9999, -9999, -9999, -9999, -9999, -9999, -9999, -9999, -9999, -9999, -9999, -9999, -9999, -9999, -9999, -9999, -9999, -9999, -9999, -9999, -9999, -9999, -9999, -9999, -9999, -9999, -9999, -9999],
[-9999, -9999, -9999, -9999, -9999, -9999, -9999, -9999, -9999, -9999, -9999, -9999, -9999, -9999, -9999, -9999, -9999, -9999, -9999, -9999, -9999, -9999, -9999, -9999, -9999, -9999, -9999, -9999, -9999, -9999, -9999, -9999, -9999, -9999, -9999, -9999, -9999, -9999, -9999, -9999, -9999, -9999, -9999, -9999, -9999, -9999, -9999, -9999, -9999, -9999, -9999, -9999, -9999, -9999, -9999, -9999, -9999, -9999, -9999, -9999, -9999, -9999, -9999, -9999, -9999, -9999, -9999, -9999, -9999, -9999, -9999, -9999, -9999, -9999, -9999, -9999, -9999, -9999, -9999, -9999, -9999, -9999, -9999, -9999, -9999, -9999, -9999, -9999, -9999, -9999, -9999, -9999, -9999, -9999, -9999, -9999, -9999, -9999, -9999, -9999, -9999, -9999, -9999, -9999, -9999],
[-9999, -9999, -9999, -9999, -9999, -9999, -9999, -9999, -9999, -9999, -9999, -9999, -9999, -9999, -9999, -9999, -9999, -9999, -9999, -9999, -9999, -9999, -9999, -9999, -9999, -9999, -9999, -9999, -9999, -9999, -9999, -9999, -9999, -9999, -9999, -9999, -9999, -9999, -9999, -9999, -9999, -9999, -9999, -9999, -9999, -9999, -9999, -9999, -9999, -9999, -9999, -9999, -9999, -9999, -9999, -9999, -9999, -9999, -9999, -9999, -9999, -9999, -9999, -9999, -9999, -9999, -9999, -9999, -9999, -9999, -9999, -9999, -9999, -9999, -9999, -9999, -9999, -9999, -9999, -9999, -9999, -9999, -9999, -9999, -9999, -9999, -9999, -9999, -9999, -9999, -9999, -9999, -9999, -9999, -9999, -9999, -9999, -9999, -9999, -9999, -9999, -9999, -9999, -9999, -9999]
];
