NbNodes = 105;
NbNDDs = 5;
NbPairs = 95;
NbTerminals = 5;
K = 0;
L = 97;
Wt = [
[-9999, -9999, -9999, -9999, -9999, 50, 94, -9999, -9999, -9999, -9999, 43, 81, 71, -9999, -9999, 13, -9999, 53, -9999, 12, -9999, 70, -9999, -9999, -9999, 70, 27, -9999, -9999, 20, -9999, -9999, -9999, -9999, -9999, 94, 51, 17, 74, 67, -9999, -9999, -9999, -9999, -9999, -9999, 93, -9999, 29, 31, -9999, 3, 29, 11, -9999, -9999, 16, -9999, 15, -9999, -9999, 36, 93, -9999, -9999, -9999, -9999, 18, -9999, -9999, -9999, 98, 46, -9999, -9999, 82, -9999, -9999, -9999, 31, 1, 35, 68, 4, 34, -9999, -9999, -9999, -9999, 14, 55, 69, -9999, 42, -9999, -9999, 48, 23, -9999, 1, 1, 1, 1, 1],
[-9999, -9999, -9999, -9999, -9999, -9999, -9999, -9999, -9999, -9999, -9999, 8, 46, 38, -9999, -9999, -9999, -9999, -9999, -9999, -9999, -9999, 40, -9999, -9999, 67, -9999, -9999, -9999, -9999, 44, -9999, -9999, -9999, -9999, -9999, -9999, 92, -9999, -9999, -9999, -9999, -9999, -9999, -9999, -9999, 83, 25, -9999, 96, -9999, 38, -9999, 93, -9999, -9999, -9999, -9999, -9999, -9999, -9999, -9999, -9999, 86, -9999, -9999, -9999, -9999, -9999, -9999, 36, -9999, 37, -9999, -9999, -9999, -9999, -9999, -9999, -9999, 10, 36, 56, -9999, -9999, 6, 52, -9999, -9999, -9999, -9999, -9999, -9999, -9999, -9999, 93, 96, -9999, -9999, 97, 1, 1, 1, 1, 1],
[-9999, -9999, -9999, -9999, -9999, -9999, 40, -9999, -9999, -9999, 23, 68, -9999, -9999, -9999, -9999, 24, 98, -9999, -9999, 12, 93, 63, -9999, -9999, 58, 6, 81, -9999, -9999, 49, 42, -9999, -9999, 49, -9999, -9999, 42, 16, 85, 100, -9999, 84, 41, -9999, 15, 34, 40, -9999, -9999, 22, 42, 41, -9999, 78, -9999, -9999, 40, -9999, 80, -9999, -9999, 53, 61, -9999, -9999, -9999, -9999, 81, 51, 61, 60, -9999, 19, 69, -9999, 74, -9999, -9999, 70, 23, 53, -9999, -9999, -9999, 83, -9999, -9999, 8, -9999, 90, 49, 85, 54, 59, 85, 24, -9999, -9999, 11, 1, 1, 1, 1, 1],
[-9999, -9999, -9999, -9999, -9999, -9999, -9999, -9999, -9999, -9999, -9999, 9, 13, -9999, -9999, -9999, -9999, -9999, -9999, -9999, -9999, -9999, 69, -9999, -9999, 68, -9999, -9999, -9999, -9999, 71, -9999, -9999, -9999, -9999, -9999, 48, 63, -9999, -9999, -9999, -9999, -9999, 10, -9999, -9999, -9999, 97, -9999, -9999, -9999, -9999, 94, -9999, -9999, -9999, -9999, 3, -9999, -9999, -9999, -9999, -9999, 45, -9999, -9999, -9999, -9999, -9999, -9999, -9999, -9999, -9999, -9999, -9999, -9999, -9999, -9999, -9999, -9999, 26, 100, 45, 48, -9999, 36, 18, -9999, -9999, -9999, -9999, -9999, -9999, -9999, 75, -9999, 82, -9999, -9999, -9999, 1, 1, 1, 1, 1],
[-9999, -9999, -9999, -9999, -9999, 28, 73, -9999, 50, -9999, -9999, 26, -9999, 41, -9999, -9999, 88, 14, 37, -9999, 27, -9999, 68, 65, -9999, 30, 68, -9999, -9999, -9999, 69, -9999, -9999, -9999, -9999, -9999, 73, 35, 64, 95, -9999, -9999, 53, 20, -9999, -9999, -9999, 73, -9999, 80, 48, -9999, -9999, 43, -9999, -9999, 48, -9999, -9999, 69, -9999, -9999, 66, 87, -9999, -9999, -9999, 98, -9999, 45, 35, 19, 79, -9999, 19, -9999, 3, -9999, -9999, 50, 40, 41, 42, 82, 48, 30, -9999, 81, 99, -9999, -9999, -9999, 77, 28, -9999, 49, -9999, 4, 77, -9999, 1, 1, 1, 1, 1],
[-9999, -9999, -9999, -9999, -9999, -9999, 73, -9999, 11, -9999, -9999, 37, -9999, -9999, -9999, -9999, 68, 75, 36, -9999, 33, -9999, 80, 72, -9999, -9999, 53, 80, -9999, 41, 91, 44, -9999, -9999, 7, -9999, 100, 27, 48, 47, -9999, -9999, -9999, 55, -9999, -9999, 33, 90, -9999, 35, 93, 87, 58, 26, -9999, -9999, -9999, -9999, -9999, 59, -9999, -9999, 23, 88, -9999, -9999, -9999, 62, 9, -9999, 71, 76, 66, 51, -9999, -9999, 64, -9999, -9999, 96, 4, 92, 22, -9999, -9999, 46, -9999, 37, 97, -9999, 9, -9999, -9999, 93, 36, 34, 71, 54, -9999, 43, 1, 1, 1, 1, 1],
[-9999, -9999, -9999, -9999, -9999, 5, -9999, -9999, -9999, -9999, -9999, 91, 54, 19, -9999, -9999, -9999, -9999, -9999, -9999, -9999, -9999, 27, -9999, -9999, 24, -9999, -9999, -9999, -9999, 66, -9999, -9999, -9999, -9999, -9999, -9999, -9999, -9999, -9999, -9999, -9999, -9999, 22, -9999, -9999, -9999, 56, -9999, -9999, -9999, 87, -9999, 85, -9999, -9999, -9999, 31, -9999, -9999, -9999, -9999, -9999, 17, -9999, -9999, -9999, 3, -9999, -9999, 9, -9999, -9999, -9999, -9999, -9999, -9999, -9999, -9999, -9999, 65, 44, 90, 45, -9999, -9999, -9999, -9999, -9999, -9999, -9999, -9999, -9999, -9999, -9999, 6, -9999, -9999, -9999, 76, 1, 1, 1, 1, 1],
[-9999, -9999, -9999, -9999, -9999, -9999, 99, -9999, 3, -9999, -9999, 6, -9999, 41, -9999, -9999, 21, -9999, 45, -9999, 33, -9999, 13, 52, -9999, -9999, 23, 50, -9999, 85, -9999, 75, -9999, -9999, 30, -9999, -9999, 77, -9999, -9999, 47, -9999, 56, -9999, -9999, -9999, 94, 78, -9999, -9999, 42, -9999, 85, 9, 2, -9999, -9999, -9999, -9999, 15, -9999, -9999, 3, 11, -9999, -9999, -9999, 18, 39, 9, -9999, 55, -9999, 2, 95, -9999, 70, -9999, -9999, -9999, 35, 4, 10, 94, 33, 78, 50, -9999, 14, -9999, -9999, 46, 63, -9999, 100, 50, 52, -9999, 81, -9999, 1, 1, 1, 1, 1],
[-9999, -9999, -9999, -9999, -9999, -9999, 29, -9999, -9999, 11, 84, 93, 98, -9999, 21, 2, -9999, 85, 24, -9999, 90, -9999, 41, 56, -9999, -9999, 53, -9999, -9999, -9999, 13, 19, -9999, -9999, 31, 92, -9999, 28, -9999, 38, -9999, 70, 10, 51, -9999, -9999, 77, 98, 14, 92, 81, -9999, 50, 90, 20, -9999, -9999, -9999, 87, 58, -9999, -9999, 68, 95, -9999, -9999, 53, -9999, 46, 51, 96, 8, 66, 47, 77, -9999, -9999, 61, -9999, -9999, 25, 18, -9999, -9999, 42, 21, 40, 35, 89, 99, -9999, 9, 80, 98, -9999, 8, -9999, 39, -9999, -9999, 1, 1, 1, 1, 1],
[-9999, -9999, -9999, -9999, -9999, 8, 14, -9999, -9999, -9999, 39, 69, -9999, -9999, -9999, -9999, 23, -9999, 30, -9999, 52, -9999, 14, -9999, -9999, -9999, 36, 63, -9999, 10, 49, -9999, -9999, -9999, -9999, -9999, 66, 26, 24, -9999, 72, -9999, 56, -9999, -9999, -9999, 60, 47, 45, 12, 10, 47, 6, 27, 21, -9999, -9999, -9999, -9999, 87, -9999, -9999, -9999, 91, -9999, -9999, -9999, -9999, -9999, -9999, 12, -9999, 95, 32, -9999, -9999, 27, -9999, -9999, -9999, 79, 21, 83, 34, -9999, 52, 9, 93, 23, -9999, 58, 73, 79, 92, 17, 23, -9999, -9999, -9999, -9999, 1, 1, 1, 1, 1],
[-9999, -9999, -9999, -9999, -9999, -9999, 91, -9999, -9999, -9999, -9999, -9999, -9999, -9999, -9999, -9999, -9999, -9999, -9999, -9999, -9999, -9999, -9999, -9999, -9999, -9999, -9999, -9999, -9999, -9999, -9999, 43, -9999, -9999, -9999, -9999, -9999, -9999, -9999, -9999, -9999, -9999, -9999, -9999, -9999, -9999, -9999, -9999, -9999, -9999, -9999, -9999, -9999, -9999, -9999, -9999, -9999, -9999, -9999, 25, -9999, -9999, -9999, -9999, -9999, -9999, -9999, -9999, -9999, -9999, -9999, -9999, -9999, -9999, -9999, -9999, -9999, -9999, -9999, -9999, -9999, -9999, -9999, -9999, -9999, -9999, -9999, -9999, -9999, -9999, -9999, -9999, -9999, -9999, -9999, -9999, 48, -9999, -9999, -9999, 1, 1, 1, 1, 1],
[-9999, -9999, -9999, -9999, -9999, -9999, -9999, -9999, -9999, -9999, -9999, -9999, -9999, -9999, -9999, -9999, -9999, -9999, -9999, -9999, -9999, -9999, 22, -9999, -9999, 69, -9999, -9999, -9999, -9999, 95, -9999, -9999, -9999, -9999, -9999, 36, 94, -9999, -9999, 84, -9999, 82, -9999, -9999, -9999, -9999, 3, -9999, -9999, -9999, 36, 41, 77, -9999, -9999, 32, -9999, -9999, -9999, -9999, -9999, -9999, 15, -9999, -9999, -9999, 49, -9999, -9999, 55, -9999, -9999, -9999, -9999, -9999, -9999, -9999, -9999, -9999, 64, 88, 90, 12, -9999, 62, -9999, -9999, -9999, -9999, -9999, -9999, -9999, -9999, -9999, -9999, -9999, -9999, -9999, 79, 1, 1, 1, 1, 1],
[-9999, -9999, -9999, -9999, -9999, -9999, 14, -9999, 31, 12, 68, 71, -9999, -9999, -9999, -9999, 93, 59, 78, -9999, 43, -9999, 15, -9999, -9999, -9999, 42, -9999, -9999, 42, 87, 27, 62, -9999, -9999, -9999, 31, 26, -9999, 7, -9999, -9999, 78, 25, 33, -9999, 72, 49, -9999, 52, 45, 11, 33, 55, 62, -9999, -9999, 90, -9999, 23, -9999, -9999, -9999, 25, 80, 59, -9999, 21, 5, 27, 64, -9999, -9999, 72, 34, -9999, -9999, 10, -9999, -9999, 54, 13, 41, -9999, -9999, -9999, 33, 99, 82, 93, 53, -9999, -9999, 11, 42, -9999, 33, 32, 15, 96, 1, 1, 1, 1, 1],
[-9999, -9999, -9999, -9999, -9999, 37, 67, -9999, 37, 12, 20, 93, -9999, -9999, 5, -9999, 70, -9999, 68, -9999, 83, -9999, 96, -9999, -9999, 6, 14, -9999, -9999, -9999, -9999, 85, 71, -9999, 27, -9999, -9999, 30, 92, -9999, -9999, 53, 86, 95, 53, -9999, -9999, 13, -9999, 53, 22, 88, -9999, -9999, -9999, -9999, -9999, 79, -9999, -9999, 90, -9999, -9999, 22, -9999, 68, -9999, 29, -9999, 28, -9999, -9999, 69, -9999, 22, -9999, 76, 37, 23, -9999, 2, 9, -9999, 59, 38, 12, 55, -9999, 95, -9999, 88, 52, 51, 37, 50, 9, 89, 51, -9999, -9999, 1, 1, 1, 1, 1],
[-9999, -9999, -9999, -9999, -9999, 52, -9999, -9999, -9999, -9999, -9999, 13, -9999, 93, -9999, -9999, -9999, -9999, -9999, -9999, -9999, -9999, 83, -9999, -9999, 1, -9999, -9999, -9999, -9999, -9999, -9999, -9999, -9999, -9999, -9999, -9999, 27, -9999, -9999, 64, -9999, 84, -9999, -9999, -9999, -9999, 42, 43, -9999, -9999, -9999, 80, 44, -9999, -9999, -9999, 45, -9999, -9999, -9999, -9999, -9999, 22, -9999, -9999, -9999, -9999, -9999, -9999, -9999, -9999, -9999, -9999, -9999, -9999, -9999, -9999, -9999, -9999, 93, 66, 50, 98, -9999, 35, 58, -9999, -9999, -9999, -9999, -9999, -9999, -9999, -9999, 31, -9999, -9999, -9999, -9999, 1, 1, 1, 1, 1],
[-9999, -9999, -9999, -9999, -9999, 32, 12, -9999, -9999, -9999, 66, 88, -9999, 16, -9999, -9999, 61, 41, -9999, -9999, 5, 66, 25, -9999, -9999, 76, 33, 50, -9999, 39, 48, 59, -9999, -9999, -9999, -9999, -9999, 97, -9999, 100, 39, -9999, -9999, 38, -9999, -9999, 22, 92, -9999, 3, 95, 83, 37, -9999, 19, 35, -9999, -9999, -9999, -9999, -9999, -9999, 84, 72, -9999, -9999, -9999, -9999, 5, 76, 45, -9999, -9999, 27, 29, -9999, 45, -9999, -9999, 87, -9999, 56, 72, 100, -9999, -9999, -9999, 4, -9999, -9999, -9999, -9999, -9999, 78, -9999, -9999, 6, 70, 52, 70, 1, 1, 1, 1, 1],
[-9999, -9999, -9999, -9999, -9999, -9999, -9999, -9999, -9999, -9999, -9999, 13, 19, 81, -9999, -9999, -9999, -9999, -9999, -9999, -9999, -9999, 63, -9999, -9999, 26, -9999, -9999, -9999, -9999, 82, -9999, -9999, -9999, -9999, -9999, -9999, 39, -9999, -9999, 39, -9999, -9999, -9999, -9999, -9999, 11, 32, -9999, 21, -9999, -9999, 11, 9, -9999, -9999, 3, 32, -9999, -9999, -9999, -9999, -9999, 33, -9999, -9999, -9999, 89, -9999, -9999, 29, -9999, -9999, -9999, -9999, -9999, -9999, -9999, -9999, -9999, 45, 56, -9999, -9999, -9999, 18, -9999, -9999, -9999, -9999, -9999, -9999, -9999, -9999, 37, -9999, -9999, -9999, -9999, 84, 1, 1, 1, 1, 1],
[-9999, -9999, -9999, -9999, -9999, -9999, -9999, -9999, -9999, -9999, -9999, 47, 6, -9999, -9999, -9999, -9999, -9999, -9999, -9999, -9999, -9999, 38, -9999, -9999, 70, -9999, -9999, -9999, -9999, 62, -9999, -9999, -9999, -9999, -9999, 6, 53, -9999, 4, 57, -9999, 82, 21, -9999, -9999, -9999, 29, -9999, -9999, -9999, 31, 59, -9999, -9999, -9999, -9999, -9999, -9999, -9999, -9999, -9999, -9999, 80, -9999, -9999, -9999, -9999, -9999, -9999, 20, -9999, -9999, -9999, -9999, -9999, -9999, -9999, -9999, -9999, 88, 53, -9999, 48, -9999, -9999, 5, -9999, -9999, -9999, -9999, -9999, -9999, -9999, -9999, 65, 93, -9999, -9999, 98, 1, 1, 1, 1, 1],
[-9999, -9999, -9999, -9999, -9999, 61, -9999, -9999, -9999, -9999, -9999, 87, 4, -9999, -9999, -9999, -9999, -9999, -9999, -9999, -9999, -9999, 99, -9999, -9999, -9999, -9999, -9999, -9999, -9999, 74, -9999, -9999, -9999, -9999, -9999, -9999, 92, -9999, -9999, -9999, -9999, -9999, -9999, -9999, -9999, 98, 94, -9999, 58, -9999, 1, -9999, 43, -9999, -9999, -9999, 49, -9999, -9999, -9999, -9999, -9999, 1, 62, -9999, -9999, 1, -9999, -9999, -9999, -9999, 36, -9999, -9999, -9999, -9999, -9999, -9999, -9999, 32, 67, 29, -9999, -9999, -9999, 88, -9999, -9999, -9999, -9999, -9999, -9999, -9999, -9999, -9999, -9999, -9999, -9999, 50, 1, 1, 1, 1, 1],
[-9999, -9999, -9999, -9999, -9999, -9999, -9999, -9999, -9999, -9999, -9999, 84, 6, -9999, -9999, -9999, -9999, -9999, -9999, -9999, -9999, -9999, 96, -9999, -9999, 69, -9999, -9999, -9999, -9999, 10, -9999, -9999, -9999, -9999, -9999, 95, 91, -9999, 25, 94, -9999, 96, -9999, -9999, -9999, -9999, 80, -9999, 13, -9999, 60, -9999, 62, -9999, -9999, -9999, 52, -9999, -9999, -9999, -9999, -9999, 21, -9999, -9999, -9999, 55, -9999, -9999, 12, -9999, 57, -9999, -9999, -9999, -9999, -9999, -9999, -9999, 91, 98, -9999, -9999, -9999, -9999, -9999, -9999, -9999, -9999, -9999, -9999, -9999, -9999, -9999, -9999, 87, -9999, -9999, 53, 1, 1, 1, 1, 1],
[-9999, -9999, -9999, -9999, -9999, -9999, 25, 36, -9999, -9999, 83, 84, 6, 60, -9999, -9999, 63, -9999, 95, -9999, -9999, -9999, 71, 76, -9999, 26, 38, -9999, -9999, 61, 60, 20, -9999, 25, 70, -9999, 47, 80, -9999, 43, -9999, -9999, 3, 49, -9999, -9999, -9999, 82, -9999, 35, 15, 24, 72, 13, 3, -9999, -9999, 5, -9999, 55, -9999, -9999, 18, 90, -9999, -9999, -9999, 73, 34, -9999, -9999, -9999, 45, 100, 100, -9999, -9999, -9999, -9999, -9999, 70, 36, -9999, -9999, -9999, 2, 46, -9999, -9999, -9999, -9999, 83, -9999, 39, 45, 78, 3, -9999, -9999, 50, 1, 1, 1, 1, 1],
[-9999, -9999, -9999, -9999, -9999, 5, 52, -9999, -9999, -9999, 12, 68, 12, 79, -9999, -9999, -9999, -9999, -9999, -9999, -9999, -9999, 24, 62, -9999, 32, 93, 66, -9999, 45, -9999, -9999, -9999, -9999, 57, -9999, 73, 71, -9999, 7, -9999, -9999, -9999, -9999, -9999, -9999, 76, 94, -9999, 2, 84, -9999, -9999, 51, -9999, -9999, -9999, -9999, -9999, 47, -9999, -9999, 31, 95, -9999, -9999, -9999, 88, 13, 65, 5, 17, -9999, 69, 66, -9999, 42, -9999, -9999, 17, 63, 91, 7, 95, -9999, 69, 53, -9999, -9999, -9999, 66, 2, -9999, -9999, -9999, -9999, -9999, 93, 72, -9999, 1, 1, 1, 1, 1],
[-9999, -9999, -9999, -9999, -9999, 69, 22, -9999, 38, -9999, -9999, 20, 39, -9999, -9999, -9999, 50, -9999, -9999, -9999, 94, -9999, -9999, 21, -9999, 58, 39, 35, -9999, 2, 71, 62, -9999, -9999, -9999, -9999, -9999, 90, 87, -9999, 37, -9999, 3, -9999, -9999, -9999, 46, 44, -9999, 66, 21, 63, 91, 80, -9999, -9999, -9999, -9999, -9999, 40, -9999, -9999, 15, 69, -9999, -9999, -9999, -9999, 65, 75, 55, -9999, 59, 4, 75, -9999, 99, -9999, -9999, 8, 77, 45, 16, 9, -9999, -9999, 2, 95, 44, -9999, 66, 34, -9999, -9999, 24, 64, -9999, -9999, -9999, 32, 1, 1, 1, 1, 1],
[-9999, -9999, -9999, -9999, -9999, 96, 52, -9999, -9999, -9999, -9999, 71, 55, 80, -9999, -9999, 26, 69, -9999, -9999, 92, -9999, 25, -9999, -9999, -9999, 64, 13, -9999, 94, 10, -9999, -9999, 71, -9999, -9999, 99, -9999, 32, -9999, 84, -9999, 27, -9999, -9999, -9999, 24, 15, -9999, -9999, 49, 58, -9999, 83, 53, -9999, -9999, 3, -9999, -9999, -9999, -9999, 16, 13, -9999, -9999, -9999, 4, 79, 90, -9999, -9999, -9999, 52, 1, -9999, -9999, -9999, -9999, 62, 69, 1, 49, 93, 62, 37, 36, 33, -9999, -9999, 76, 12, -9999, -9999, 90, -9999, 15, -9999, 53, 73, 1, 1, 1, 1, 1],
[-9999, -9999, -9999, -9999, -9999, 63, 4, -9999, -9999, -9999, 71, 93, 48, 34, -9999, -9999, 77, -9999, -9999, -9999, 53, -9999, 33, 87, -9999, -9999, 44, 43, -9999, 79, 53, 44, -9999, -9999, 20, -9999, 69, 39, 2, -9999, -9999, -9999, -9999, -9999, -9999, -9999, 9, 57, 33, -9999, 74, 2, 87, -9999, -9999, -9999, -9999, 34, -9999, 94, -9999, -9999, -9999, 70, -9999, -9999, -9999, 50, -9999, 39, 87, -9999, 36, -9999, 7, -9999, 69, -9999, -9999, -9999, 6, 19, -9999, 67, 41, -9999, 51, -9999, 76, -9999, -9999, 98, -9999, -9999, 86, -9999, -9999, 2, -9999, 74, 1, 1, 1, 1, 1],
[-9999, -9999, -9999, -9999, -9999, 48, 11, -9999, -9999, -9999, 58, 61, 82, -9999, -9999, -9999, 12, 72, 2, -9999, 33, -9999, 10, -9999, -9999, -9999, 98, -9999, -9999, 37, 80, -9999, -9999, -9999, 24, -9999, -9999, 50, 52, -9999, -9999, -9999, -9999, 40, -9999, -9999, -9999, 86, -9999, 28, 6, -9999, -9999, 47, -9999, -9999, -9999, -9999, -9999, -9999, -9999, 25, 52, 80, -9999, -9999, -9999, -9999, -9999, 70, -9999, -9999, -9999, 74, -9999, -9999, 3, -9999, -9999, -9999, 52, 92, -9999, -9999, -9999, 58, -9999, 97, -9999, -9999, -9999, -9999, 77, -9999, 84, 73, -9999, -9999, -9999, 16, 1, 1, 1, 1, 1],
[-9999, -9999, -9999, -9999, -9999, 42, 44, -9999, -9999, -9999, 91, 4, -9999, 95, -9999, -9999, 57, 7, 93, 86, 88, -9999, 52, -9999, -9999, 43, -9999, 58, -9999, 26, -9999, 59, -9999, -9999, 47, -9999, 77, 69, 98, 35, 70, -9999, -9999, 80, -9999, -9999, 43, 34, -9999, 78, 15, 87, 22, 43, -9999, -9999, -9999, 72, -9999, -9999, -9999, -9999, 94, 1, -9999, -9999, -9999, 64, -9999, 83, 49, 91, 19, -9999, -9999, -9999, -9999, -9999, -9999, -9999, 26, 54, -9999, -9999, -9999, 89, 8, 97, -9999, -9999, -9999, 92, -9999, -9999, 69, -9999, -9999, -9999, 66, -9999, 1, 1, 1, 1, 1],
[-9999, -9999, -9999, -9999, -9999, 18, -9999, -9999, -9999, -9999, -9999, 24, -9999, 56, -9999, -9999, -9999, -9999, -9999, -9999, -9999, -9999, 36, -9999, -9999, 63, -9999, -9999, -9999, -9999, 58, -9999, -9999, -9999, -9999, -9999, -9999, 12, -9999, -9999, -9999, -9999, -9999, 73, -9999, -9999, 34, 16, -9999, 82, -9999, -9999, -9999, -9999, -9999, -9999, -9999, 12, -9999, -9999, -9999, -9999, -9999, 5, -9999, -9999, -9999, 82, -9999, -9999, 22, -9999, 97, -9999, -9999, -9999, -9999, -9999, -9999, -9999, 23, 2, -9999, -9999, -9999, 27, 42, -9999, -9999, -9999, -9999, -9999, -9999, -9999, 10, 18, 55, -9999, -9999, 69, 1, 1, 1, 1, 1],
[-9999, -9999, -9999, -9999, -9999, -9999, 96, -9999, 16, 58, 74, 30, 92, 36, -9999, -9999, 86, -9999, -9999, 72, 31, -9999, 5, -9999, -9999, -9999, 80, 14, -9999, 95, -9999, 50, 98, -9999, 86, -9999, 29, 49, 10, -9999, 36, 11, 79, -9999, 69, -9999, -9999, 10, -9999, 14, 6, 82, 49, 21, -9999, -9999, -9999, 72, 93, -9999, -9999, -9999, 27, 64, -9999, 76, -9999, 4, 23, -9999, -9999, 41, -9999, 44, 75, -9999, 62, 48, 46, 6, 46, 15, 15, 43, 66, 82, 78, 25, 11, 2, 93, 18, -9999, -9999, -9999, 45, 37, 75, -9999, -9999, 1, 1, 1, 1, 1],
[-9999, -9999, -9999, -9999, -9999, -9999, -9999, -9999, -9999, -9999, -9999, 17, 66, 81, -9999, -9999, -9999, -9999, -9999, -9999, -9999, -9999, 47, -9999, -9999, 11, -9999, -9999, -9999, -9999, -9999, -9999, -9999, -9999, -9999, -9999, -9999, 70, -9999, -9999, 82, -9999, 24, -9999, -9999, -9999, 23, 78, -9999, 69, -9999, -9999, 31, 13, -9999, -9999, -9999, -9999, -9999, -9999, -9999, -9999, -9999, 66, -9999, -9999, -9999, -9999, -9999, -9999, -9999, -9999, 8, -9999, -9999, -9999, -9999, -9999, -9999, -9999, 28, 23, -9999, -9999, -9999, 82, 58, -9999, -9999, -9999, -9999, -9999, -9999, -9999, -9999, 31, 51, -9999, -9999, -9999, 1, 1, 1, 1, 1],
[-9999, -9999, -9999, -9999, -9999, -9999, 52, -9999, 28, 86, 66, 35, -9999, 37, 98, 70, 88, -9999, 46, -9999, 48, 58, 13, -9999, -9999, -9999, 43, 44, -9999, 51, -9999, -9999, 15, -9999, -9999, -9999, 99, 98, -9999, 44, -9999, 84, 57, 91, -9999, -9999, -9999, 96, -9999, 13, 10, 84, -9999, 63, 54, -9999, -9999, 77, 32, -9999, -9999, -9999, 11, 22, -9999, -9999, 86, 7, 31, 81, 85, 10, -9999, 17, 54, -9999, 4, 39, 6, -9999, 10, 73, 78, -9999, -9999, -9999, -9999, -9999, -9999, 83, 39, -9999, -9999, -9999, -9999, -9999, -9999, 87, 1, -9999, 1, 1, 1, 1, 1],
[-9999, -9999, -9999, -9999, -9999, 11, 65, -9999, 96, -9999, -9999, 95, 59, 100, -9999, -9999, 55, 1, 60, -9999, 71, -9999, 43, -9999, -9999, -9999, 33, 6, -9999, 87, 38, -9999, -9999, -9999, 46, -9999, 25, 53, -9999, -9999, 51, -9999, 86, -9999, -9999, -9999, 90, 96, 67, 41, 24, -9999, -9999, 68, -9999, -9999, -9999, -9999, -9999, 15, -9999, -9999, 93, 87, -9999, -9999, -9999, -9999, 57, -9999, 45, -9999, -9999, 80, -9999, -9999, 47, -9999, -9999, 98, 74, 44, 64, 27, 91, -9999, -9999, 89, 9, -9999, -9999, 22, 36, 84, 2, 71, 58, 59, 32, 85, 1, 1, 1, 1, 1],
[-9999, -9999, -9999, -9999, -9999, -9999, 97, -9999, 43, -9999, 58, 22, -9999, 19, -9999, -9999, 2, -9999, -9999, -9999, 22, -9999, 26, -9999, 16, -9999, -9999, -9999, -9999, 98, -9999, 1, -9999, -9999, -9999, -9999, 50, 47, 24, 40, 54, -9999, 68, 47, -9999, -9999, 85, 30, -9999, 98, 17, -9999, 69, -9999, -9999, -9999, -9999, 65, -9999, 53, -9999, -9999, 51, 39, -9999, -9999, -9999, 1, -9999, -9999, -9999, -9999, -9999, -9999, 24, -9999, -9999, -9999, -9999, -9999, 30, 30, 85, -9999, 39, 81, -9999, 88, 9, -9999, 8, 91, 3, -9999, 35, -9999, 6, -9999, -9999, 85, 1, 1, 1, 1, 1],
[-9999, -9999, -9999, -9999, -9999, 75, 74, -9999, -9999, -9999, 42, 75, 97, -9999, -9999, -9999, 57, -9999, 69, -9999, 27, 90, 36, -9999, -9999, 55, 84, 60, -9999, -9999, 27, -9999, -9999, -9999, 86, -9999, -9999, 47, 33, 85, 86, -9999, 39, -9999, -9999, -9999, 50, 61, 93, 72, 38, -9999, 63, 65, -9999, -9999, 84, 42, -9999, 7, -9999, 38, 1, 55, -9999, -9999, -9999, -9999, 71, 54, 25, -9999, -9999, 60, 77, -9999, 82, -9999, -9999, 86, 36, 62, 79, -9999, 52, -9999, 52, -9999, -9999, -9999, 30, 61, -9999, 75, 27, 38, -9999, -9999, 39, -9999, 1, 1, 1, 1, 1],
[-9999, -9999, -9999, -9999, -9999, -9999, -9999, -9999, -9999, -9999, -9999, -9999, -9999, -9999, -9999, -9999, -9999, -9999, -9999, -9999, -9999, -9999, -9999, -9999, -9999, -9999, -9999, -9999, -9999, -9999, -9999, -9999, -9999, -9999, -9999, -9999, -9999, -9999, -9999, -9999, -9999, -9999, -9999, -9999, -9999, -9999, -9999, -9999, -9999, 24, -9999, -9999, -9999, -9999, -9999, -9999, -9999, -9999, -9999, -9999, -9999, -9999, -9999, -9999, -9999, -9999, -9999, -9999, -9999, -9999, -9999, -9999, -9999, -9999, -9999, -9999, -9999, -9999, -9999, -9999, -9999, -9999, -9999, -9999, -9999, -9999, -9999, -9999, -9999, -9999, -9999, -9999, -9999, -9999, -9999, -9999, -9999, -9999, -9999, -9999, 1, 1, 1, 1, 1],
[-9999, -9999, -9999, -9999, -9999, 39, 40, -9999, -9999, 45, 38, 16, 9, 73, 76, 76, 89, 57, -9999, -9999, 31, 44, 41, -9999, -9999, 73, 57, 45, -9999, -9999, -9999, 99, -9999, -9999, -9999, -9999, -9999, 81, -9999, 67, 29, -9999, 9, -9999, 12, 67, 49, 59, 49, 37, 96, 26, 53, -9999, 95, -9999, -9999, -9999, 6, -9999, -9999, 16, 100, 61, -9999, 18, -9999, -9999, 38, 94, 38, 44, 19, 84, -9999, -9999, -9999, 62, 7, -9999, 70, 100, 64, 15, 54, 52, -9999, -9999, -9999, 35, 95, 44, 47, 7, 91, 40, 60, -9999, 4, -9999, 1, 1, 1, 1, 1],
[-9999, -9999, -9999, -9999, -9999, 66, 63, -9999, -9999, -9999, -9999, 62, 70, -9999, -9999, -9999, 92, 100, 77, -9999, 21, 8, 19, -9999, -9999, 61, 87, -9999, -9999, -9999, 49, 99, -9999, -9999, 62, -9999, -9999, 40, -9999, -9999, -9999, -9999, 90, -9999, -9999, -9999, 82, 17, -9999, 73, 67, 29, 33, 9, -9999, -9999, 27, 5, -9999, 20, -9999, -9999, 9, 65, -9999, -9999, -9999, -9999, 82, -9999, -9999, 50, 84, -9999, 21, -9999, -9999, -9999, -9999, 79, 37, 29, 6, 88, -9999, 77, 8, 46, -9999, -9999, 70, -9999, -9999, -9999, 55, 34, -9999, 15, 47, 88, 1, 1, 1, 1, 1],
[-9999, -9999, -9999, -9999, -9999, 50, -9999, -9999, -9999, -9999, -9999, 48, 20, 36, -9999, -9999, -9999, -9999, -9999, -9999, -9999, -9999, 97, -9999, -9999, 10, -9999, -9999, -9999, -9999, 26, -9999, -9999, -9999, -9999, -9999, 71, -9999, -9999, 32, -9999, -9999, -9999, 67, 18, -9999, 52, 9, -9999, -9999, -9999, 8, 98, 61, -9999, -9999, -9999, 67, 66, -9999, -9999, -9999, -9999, 38, -9999, -9999, -9999, 67, -9999, -9999, 99, -9999, 25, -9999, -9999, 73, -9999, 55, 90, -9999, 47, 15, -9999, -9999, -9999, 33, -9999, -9999, -9999, 90, -9999, -9999, -9999, -9999, 78, 44, 43, -9999, -9999, 69, 1, 1, 1, 1, 1],
[-9999, -9999, -9999, -9999, -9999, -9999, 15, -9999, 18, -9999, 25, 39, -9999, 52, -9999, -9999, 12, 96, 36, -9999, 38, -9999, 48, -9999, -9999, 100, 25, 91, -9999, -9999, -9999, -9999, -9999, -9999, -9999, -9999, -9999, 97, -9999, -9999, 63, -9999, 1, -9999, -9999, -9999, 32, 22, -9999, -9999, 38, 74, 37, 84, -9999, -9999, -9999, 92, -9999, 50, -9999, -9999, -9999, 5, -9999, -9999, -9999, 80, 36, -9999, 47, -9999, 60, -9999, -9999, -9999, 8, -9999, -9999, -9999, 66, 28, 1, -9999, -9999, 5, 75, -9999, 67, -9999, 90, 26, 32, 14, 53, 28, -9999, 35, -9999, 80, 1, 1, 1, 1, 1],
[-9999, -9999, -9999, -9999, -9999, 81, -9999, -9999, -9999, -9999, -9999, 43, -9999, 23, -9999, -9999, -9999, -9999, -9999, -9999, -9999, -9999, 5, -9999, -9999, -9999, -9999, -9999, -9999, -9999, 56, -9999, -9999, -9999, -9999, -9999, 98, 65, -9999, -9999, 42, -9999, 85, -9999, -9999, -9999, -9999, 59, -9999, 26, -9999, -9999, 26, -9999, -9999, -9999, -9999, 2, -9999, -9999, -9999, -9999, -9999, 24, -9999, -9999, -9999, -9999, -9999, -9999, -9999, -9999, 16, -9999, -9999, -9999, -9999, -9999, -9999, -9999, 93, 64, 89, -9999, -9999, -9999, -9999, -9999, -9999, -9999, -9999, -9999, -9999, -9999, -9999, -9999, -9999, -9999, -9999, -9999, 1, 1, 1, 1, 1],
[-9999, -9999, -9999, -9999, -9999, 57, 98, -9999, 99, 8, 62, 11, -9999, 59, -9999, 48, 94, -9999, 20, -9999, 70, 45, 46, 98, -9999, -9999, 38, -9999, -9999, -9999, -9999, 31, 41, -9999, 44, -9999, 68, 50, -9999, 45, -9999, -9999, -9999, 69, 50, 91, 25, 25, -9999, 63, 14, 53, -9999, -9999, 80, -9999, -9999, -9999, 6, 14, -9999, 52, 42, 14, -9999, 4, -9999, -9999, -9999, 5, 47, 29, -9999, -9999, 24, -9999, 91, 90, -9999, 97, 57, 41, -9999, 5, -9999, 78, 65, -9999, 70, -9999, -9999, -9999, 8, 65, -9999, -9999, -9999, -9999, 55, -9999, 1, 1, 1, 1, 1],
[-9999, -9999, -9999, -9999, -9999, -9999, -9999, -9999, -9999, -9999, -9999, -9999, -9999, -9999, -9999, -9999, -9999, -9999, -9999, -9999, -9999, -9999, -9999, -9999, -9999, -9999, -9999, -9999, -9999, -9999, -9999, -9999, -9999, -9999, -9999, -9999, -9999, -9999, -9999, -9999, -9999, -9999, -9999, -9999, -9999, -9999, -9999, -9999, -9999, 98, -9999, -9999, -9999, -9999, -9999, -9999, -9999, -9999, -9999, -9999, -9999, -9999, -9999, -9999, -9999, -9999, -9999, -9999, -9999, -9999, -9999, -9999, -9999, -9999, -9999, -9999, -9999, -9999, -9999, -9999, -9999, -9999, -9999, -9999, -9999, -9999, -9999, -9999, -9999, -9999, -9999, -9999, -9999, -9999, -9999, -9999, 97, -9999, -9999, -9999, 1, 1, 1, 1, 1],
[-9999, -9999, -9999, -9999, -9999, -9999, 58, -9999, -9999, -9999, -9999, -9999, -9999, -9999, -9999, -9999, -9999, -9999, -9999, -9999, -9999, -9999, -9999, -9999, -9999, -9999, -9999, -9999, -9999, -9999, -9999, 42, -9999, -9999, -9999, -9999, -9999, -9999, 5, -9999, -9999, -9999, -9999, -9999, -9999, -9999, -9999, -9999, -9999, -9999, -9999, -9999, -9999, -9999, -9999, -9999, -9999, -9999, -9999, -9999, -9999, -9999, -9999, -9999, -9999, -9999, -9999, -9999, -9999, -9999, -9999, -9999, -9999, -9999, -9999, -9999, -9999, -9999, -9999, -9999, -9999, -9999, -9999, -9999, -9999, -9999, -9999, -9999, -9999, -9999, -9999, -9999, -9999, -9999, -9999, -9999, 4, -9999, -9999, -9999, 1, 1, 1, 1, 1],
[-9999, -9999, -9999, -9999, -9999, 22, 46, -9999, -9999, 43, -9999, 68, 29, 52, -9999, 27, 90, -9999, -9999, -9999, 65, -9999, 36, -9999, -9999, -9999, 76, -9999, -9999, -9999, 64, 27, 58, -9999, 32, -9999, 66, 83, -9999, 37, 31, -9999, 2, -9999, -9999, -9999, 19, 98, 93, -9999, 81, 9, 33, 43, 4, 92, -9999, -9999, 6, 68, -9999, -9999, -9999, 87, -9999, 56, -9999, 84, -9999, -9999, 89, 69, 2, -9999, -9999, -9999, 99, 14, -9999, 43, 28, 81, -9999, -9999, 53, 5, 81, 96, -9999, 7, 83, -9999, -9999, 9, -9999, 40, 88, 4, -9999, 16, 1, 1, 1, 1, 1],
[-9999, -9999, -9999, -9999, -9999, 55, -9999, -9999, -9999, -9999, -9999, 72, 25, -9999, -9999, -9999, -9999, -9999, -9999, -9999, -9999, -9999, 67, -9999, -9999, 71, -9999, -9999, -9999, -9999, 10, -9999, -9999, -9999, -9999, -9999, -9999, 82, -9999, -9999, -9999, -9999, 31, 36, -9999, -9999, -9999, 91, -9999, -9999, -9999, 76, -9999, -9999, -9999, -9999, -9999, -9999, -9999, -9999, -9999, -9999, -9999, 96, -9999, -9999, -9999, -9999, -9999, -9999, 59, -9999, 88, -9999, -9999, -9999, -9999, -9999, -9999, -9999, -9999, 55, -9999, -9999, -9999, 73, 67, -9999, -9999, -9999, -9999, -9999, -9999, -9999, -9999, 48, -9999, -9999, -9999, -9999, 1, 1, 1, 1, 1],
[-9999, -9999, -9999, -9999, -9999, 44, 97, -9999, 83, -9999, 62, 81, 1, -9999, -9999, -9999, 74, 81, -9999, -9999, 28, 26, 2, 18, -9999, 93, -9999, 37, -9999, 82, 7, -9999, -9999, -9999, -9999, -9999, -9999, 89, 83, 76, -9999, -9999, -9999, 71, -9999, -9999, 9, 58, -9999, 38, 21, 38, 14, 86, 32, -9999, -9999, 66, -9999, -9999, -9999, -9999, 45, 90, -9999, -9999, -9999, 39, -9999, 92, 29, -9999, 53, -9999, -9999, -9999, 77, -9999, -9999, -9999, 16, 76, -9999, 76, 28, 47, 58, 34, -9999, -9999, 96, -9999, -9999, 44, -9999, 97, 56, -9999, 67, 49, 1, 1, 1, 1, 1],
[-9999, -9999, -9999, -9999, -9999, -9999, 71, -9999, -9999, -9999, -9999, -9999, -9999, -9999, -9999, -9999, -9999, -9999, -9999, -9999, -9999, 92, -9999, -9999, -9999, -9999, -9999, -9999, -9999, -9999, -9999, 61, -9999, -9999, -9999, -9999, -9999, -9999, -9999, -9999, -9999, -9999, -9999, -9999, -9999, -9999, -9999, -9999, -9999, -9999, -9999, -9999, -9999, -9999, -9999, -9999, -9999, -9999, -9999, -9999, -9999, -9999, -9999, -9999, -9999, -9999, -9999, -9999, -9999, -9999, -9999, -9999, -9999, -9999, -9999, -9999, -9999, -9999, -9999, -9999, -9999, -9999, -9999, -9999, -9999, -9999, -9999, -9999, -9999, -9999, -9999, -9999, -9999, -9999, -9999, -9999, -9999, -9999, -9999, -9999, 1, 1, 1, 1, 1],
[-9999, -9999, -9999, -9999, -9999, -9999, 77, -9999, -9999, -9999, -9999, -9999, -9999, -9999, -9999, -9999, -9999, -9999, -9999, -9999, -9999, -9999, -9999, -9999, -9999, -9999, -9999, -9999, -9999, -9999, -9999, 8, -9999, -9999, -9999, -9999, -9999, -9999, 50, -9999, -9999, -9999, -9999, -9999, -9999, -9999, -9999, -9999, -9999, 49, -9999, -9999, -9999, -9999, -9999, -9999, -9999, -9999, -9999, 88, -9999, -9999, -9999, -9999, -9999, -9999, -9999, -9999, 39, -9999, -9999, -9999, -9999, -9999, -9999, -9999, -9999, -9999, -9999, -9999, -9999, -9999, -9999, -9999, -9999, -9999, -9999, -9999, -9999, -9999, -9999, -9999, -9999, -9999, -9999, -9999, -9999, -9999, -9999, -9999, 1, 1, 1, 1, 1],
[-9999, -9999, -9999, -9999, -9999, 100, -9999, -9999, -9999, -9999, -9999, 54, 56, -9999, -9999, -9999, -9999, -9999, -9999, -9999, -9999, -9999, 75, -9999, -9999, 100, -9999, -9999, -9999, -9999, 56, -9999, -9999, -9999, -9999, -9999, -9999, 38, -9999, -9999, -9999, -9999, -9999, -9999, 94, -9999, -9999, 49, -9999, -9999, -9999, 56, 95, 37, -9999, -9999, -9999, 66, -9999, -9999, -9999, -9999, -9999, 52, 66, 34, -9999, -9999, -9999, -9999, -9999, -9999, -9999, -9999, -9999, 66, -9999, 29, 30, -9999, 58, 65, -9999, -9999, -9999, 86, 7, -9999, -9999, -9999, -9999, -9999, -9999, -9999, -9999, -9999, 25, -9999, -9999, -9999, 1, 1, 1, 1, 1],
[-9999, -9999, -9999, -9999, -9999, -9999, 63, -9999, 57, -9999, -9999, -9999, 60, -9999, -9999, -9999, 62, 74, 5, -9999, 85, 71, 85, 51, -9999, 3, 63, 12, -9999, 62, 6, 96, -9999, -9999, 17, -9999, 44, 29, 14, 55, 7, -9999, 51, -9999, -9999, 47, 82, 17, 6, -9999, 31, 23, 34, 12, -9999, -9999, -9999, -9999, -9999, -9999, -9999, -9999, 99, 60, -9999, -9999, -9999, 9, -9999, -9999, -9999, 51, -9999, 18, 65, -9999, 61, -9999, -9999, 74, 72, 86, -9999, -9999, 33, -9999, -9999, 60, 24, -9999, 29, -9999, 71, 49, 80, 14, 27, 4, 29, 81, 1, 1, 1, 1, 1],
[-9999, -9999, -9999, -9999, -9999, -9999, 48, -9999, 63, 84, 39, 35, -9999, 5, 23, -9999, 95, -9999, 87, -9999, 96, -9999, 99, 57, -9999, -9999, 82, 80, -9999, 32, 84, 74, 41, -9999, 7, -9999, -9999, 29, -9999, 44, -9999, -9999, 27, -9999, -9999, -9999, -9999, 27, -9999, 20, -9999, -9999, 41, 75, -9999, -9999, -9999, -9999, 79, -9999, 100, -9999, 20, 3, -9999, 13, 3, -9999, 37, -9999, -9999, -9999, 34, -9999, 12, -9999, 2, 1, -9999, 68, -9999, 8, 13, 94, 82, -9999, 41, 79, 30, 36, -9999, -9999, -9999, -9999, 40, 65, -9999, 41, 3, 6, 1, 1, 1, 1, 1],
[-9999, -9999, -9999, -9999, -9999, 60, 48, -9999, 96, -9999, -9999, 9, 43, 4, -9999, -9999, 9, -9999, 49, -9999, -9999, -9999, 10, 74, -9999, 100, 81, 25, -9999, 61, 99, 31, -9999, 76, 21, -9999, -9999, 45, 70, 55, 23, -9999, -9999, 98, -9999, -9999, 14, 67, -9999, 41, 37, -9999, 89, -9999, 44, -9999, -9999, 89, -9999, 12, -9999, -9999, 88, 32, -9999, -9999, -9999, 63, 62, 79, 61, -9999, -9999, 82, 93, -9999, 46, -9999, -9999, -9999, 87, 82, -9999, 2, 46, -9999, -9999, -9999, -9999, -9999, -9999, 3, 100, 39, 52, 100, -9999, -9999, -9999, 36, 1, 1, 1, 1, 1],
[-9999, -9999, -9999, -9999, -9999, -9999, 79, -9999, 41, -9999, -9999, 6, 70, 100, -9999, -9999, 94, 49, 97, -9999, 93, -9999, 34, -9999, -9999, 81, 29, 29, -9999, 39, 98, 65, -9999, -9999, 8, -9999, 32, 12, -9999, -9999, 91, -9999, -9999, 95, -9999, -9999, 28, 75, -9999, -9999, 23, 68, -9999, 10, -9999, -9999, -9999, 37, -9999, 97, -9999, -9999, 44, 85, -9999, -9999, -9999, 72, 87, 7, -9999, -9999, 7, 38, -9999, -9999, -9999, -9999, -9999, -9999, 72, 74, 35, -9999, 64, -9999, -9999, 31, 17, -9999, 66, 88, 2, 49, 85, -9999, 73, 8, -9999, 100, 1, 1, 1, 1, 1],
[-9999, -9999, -9999, -9999, -9999, -9999, 3, -9999, -9999, -9999, -9999, -9999, -9999, -9999, -9999, -9999, -9999, -9999, -9999, -9999, -9999, -9999, -9999, -9999, -9999, -9999, -9999, -9999, -9999, -9999, -9999, 9, -9999, -9999, -9999, -9999, -9999, -9999, 32, -9999, -9999, -9999, -9999, -9999, -9999, -9999, -9999, -9999, -9999, 43, -9999, -9999, -9999, -9999, -9999, -9999, -9999, -9999, -9999, 74, -9999, -9999, -9999, -9999, -9999, -9999, -9999, -9999, -9999, -9999, -9999, -9999, -9999, -9999, -9999, -9999, -9999, -9999, -9999, -9999, -9999, -9999, -9999, -9999, -9999, -9999, -9999, -9999, -9999, -9999, -9999, -9999, -9999, -9999, -9999, -9999, 15, -9999, -9999, -9999, 1, 1, 1, 1, 1],
[-9999, -9999, -9999, -9999, -9999, 21, 78, -9999, -9999, -9999, 32, 38, -9999, 21, -9999, -9999, 32, -9999, -9999, -9999, 29, -9999, 23, -9999, -9999, 10, 2, -9999, -9999, -9999, 43, -9999, -9999, 78, -9999, -9999, -9999, 39, -9999, 6, -9999, -9999, -9999, 9, -9999, -9999, 78, 53, -9999, 88, 90, -9999, 41, -9999, -9999, -9999, -9999, -9999, -9999, -9999, -9999, -9999, 21, 83, -9999, -9999, -9999, 53, 37, -9999, 4, 21, 96, -9999, 27, -9999, -9999, -9999, -9999, -9999, 81, 91, 54, 77, 21, -9999, 92, -9999, 60, -9999, -9999, -9999, 1, 81, -9999, 55, -9999, -9999, -9999, 96, 1, 1, 1, 1, 1],
[-9999, -9999, -9999, -9999, -9999, -9999, -9999, -9999, -9999, -9999, -9999, -9999, -9999, -9999, -9999, -9999, -9999, -9999, -9999, -9999, -9999, -9999, -9999, -9999, -9999, -9999, -9999, -9999, -9999, -9999, -9999, -9999, -9999, -9999, -9999, -9999, -9999, -9999, -9999, -9999, -9999, -9999, -9999, -9999, -9999, -9999, -9999, -9999, -9999, -9999, -9999, -9999, -9999, -9999, -9999, -9999, -9999, -9999, -9999, -9999, -9999, -9999, -9999, -9999, -9999, -9999, -9999, -9999, -9999, -9999, -9999, -9999, -9999, -9999, -9999, -9999, -9999, -9999, -9999, -9999, -9999, -9999, -9999, -9999, -9999, -9999, -9999, -9999, -9999, -9999, -9999, -9999, -9999, -9999, -9999, -9999, 53, -9999, -9999, -9999, 1, 1, 1, 1, 1],
[-9999, -9999, -9999, -9999, -9999, 34, -9999, -9999, -9999, -9999, -9999, 8, 57, -9999, -9999, -9999, -9999, -9999, -9999, -9999, -9999, -9999, 81, -9999, -9999, 89, -9999, -9999, -9999, -9999, 4, -9999, -9999, -9999, -9999, -9999, 2, 30, -9999, 38, -9999, -9999, 49, -9999, -9999, -9999, -9999, 60, -9999, -9999, -9999, -9999, 34, 12, -9999, -9999, -9999, 7, -9999, -9999, -9999, -9999, -9999, 26, -9999, -9999, -9999, -9999, -9999, -9999, -9999, -9999, 54, -9999, -9999, -9999, -9999, -9999, -9999, -9999, 86, 36, 26, -9999, -9999, 53, 84, -9999, -9999, -9999, -9999, -9999, -9999, -9999, -9999, 97, -9999, -9999, -9999, 1, 1, 1, 1, 1, 1],
[-9999, -9999, -9999, -9999, -9999, -9999, -9999, -9999, -9999, -9999, -9999, 79, 96, -9999, -9999, -9999, -9999, -9999, -9999, -9999, -9999, -9999, 9, -9999, -9999, -9999, -9999, -9999, -9999, -9999, 30, -9999, -9999, -9999, -9999, -9999, 72, 39, -9999, 20, -9999, -9999, 8, 90, -9999, -9999, 74, 3, -9999, -9999, -9999, 79, -9999, 52, -9999, -9999, -9999, -9999, -9999, -9999, -9999, -9999, -9999, 19, 65, -9999, -9999, 98, -9999, -9999, -9999, -9999, -9999, -9999, -9999, -9999, -9999, -9999, -9999, -9999, 98, 26, 35, 75, -9999, 45, 15, -9999, -9999, -9999, -9999, -9999, -9999, -9999, 75, -9999, 20, -9999, -9999, -9999, 1, 1, 1, 1, 1],
[-9999, -9999, -9999, -9999, -9999, -9999, 39, -9999, -9999, -9999, 43, 28, -9999, -9999, -9999, -9999, 83, 16, -9999, -9999, -9999, -9999, 73, -9999, -9999, 99, 47, -9999, -9999, -9999, 90, 84, -9999, -9999, -9999, -9999, -9999, 10, -9999, 33, -9999, -9999, -9999, 38, -9999, -9999, 68, 63, -9999, -9999, 5, -9999, 39, 35, 84, -9999, 2, -9999, -9999, 82, -9999, -9999, 86, 67, -9999, -9999, -9999, -9999, 92, -9999, -9999, 8, -9999, -9999, 80, -9999, -9999, -9999, -9999, -9999, 36, 92, -9999, 16, -9999, -9999, -9999, 53, 43, -9999, 89, 14, 11, -9999, -9999, -9999, -9999, 59, 97, -9999, 1, 1, 1, 1, 1],
[-9999, -9999, -9999, -9999, -9999, -9999, 16, -9999, -9999, -9999, -9999, -9999, -9999, -9999, -9999, -9999, -9999, -9999, -9999, -9999, -9999, -9999, -9999, -9999, -9999, -9999, -9999, -9999, -9999, -9999, -9999, 19, -9999, -9999, -9999, -9999, -9999, -9999, -9999, -9999, -9999, -9999, -9999, -9999, -9999, -9999, -9999, -9999, -9999, 84, -9999, -9999, -9999, -9999, -9999, -9999, -9999, -9999, -9999, -9999, -9999, -9999, -9999, -9999, -9999, -9999, -9999, -9999, -9999, -9999, -9999, -9999, -9999, -9999, -9999, -9999, -9999, -9999, -9999, -9999, -9999, -9999, -9999, -9999, -9999, -9999, -9999, -9999, -9999, -9999, -9999, -9999, -9999, -9999, -9999, -9999, -9999, -9999, -9999, -9999, 1, 1, 1, 1, 1],
[-9999, -9999, -9999, -9999, -9999, 26, -9999, -9999, -9999, -9999, -9999, 75, 87, -9999, -9999, -9999, -9999, -9999, -9999, -9999, -9999, -9999, 26, -9999, -9999, -9999, -9999, -9999, -9999, -9999, 53, -9999, -9999, -9999, -9999, -9999, 86, 97, -9999, 71, -9999, -9999, 76, -9999, -9999, -9999, -9999, 41, -9999, -9999, -9999, 8, 7, 56, -9999, -9999, -9999, 68, -9999, -9999, -9999, -9999, -9999, 41, -9999, -9999, -9999, 71, -9999, -9999, 61, -9999, -9999, -9999, -9999, -9999, -9999, -9999, -9999, -9999, 100, 70, -9999, -9999, -9999, 42, -9999, -9999, -9999, -9999, -9999, -9999, -9999, -9999, -9999, -9999, -9999, -9999, -9999, 37, 1, 1, 1, 1, 1],
[-9999, -9999, -9999, -9999, -9999, 21, 20, -9999, -9999, 73, -9999, 49, -9999, 96, -9999, -9999, -9999, 37, 89, -9999, 65, -9999, 1, 20, -9999, 87, 76, 34, -9999, 100, 69, -9999, -9999, -9999, 79, 46, -9999, 92, -9999, 15, 22, 44, 60, 80, -9999, -9999, 21, 74, -9999, 100, 8, -9999, -9999, -9999, -9999, -9999, 62, 20, 59, 73, -9999, -9999, -9999, 63, -9999, 48, -9999, 18, 46, 55, 53, 2, 40, 22, 41, 16, 78, 62, -9999, 44, 36, 12, 64, -9999, -9999, 19, -9999, 69, 66, -9999, -9999, -9999, 89, -9999, 4, 68, -9999, -9999, 10, -9999, 1, 1, 1, 1, 1],
[-9999, -9999, -9999, -9999, -9999, 18, 5, -9999, -9999, -9999, 16, 14, -9999, 84, -9999, -9999, 19, -9999, -9999, -9999, 54, -9999, 48, 11, -9999, 12, 31, 10, -9999, -9999, 4, 100, -9999, -9999, 3, -9999, -9999, 58, -9999, 98, -9999, -9999, 32, 6, -9999, -9999, 25, 21, -9999, 2, 10, 85, 54, 28, -9999, -9999, -9999, -9999, -9999, 39, -9999, 3, -9999, 8, 99, -9999, -9999, 96, -9999, 98, 19, -9999, -9999, -9999, -9999, -9999, 38, -9999, -9999, 55, 10, 90, 87, -9999, 85, 7, 17, 74, -9999, -9999, 91, -9999, 30, 22, 3, -9999, 93, 28, -9999, 80, 1, 1, 1, 1, 1],
[-9999, -9999, -9999, -9999, -9999, 83, -9999, -9999, -9999, -9999, -9999, 85, -9999, 21, -9999, -9999, -9999, -9999, -9999, -9999, -9999, -9999, 49, -9999, -9999, -9999, -9999, -9999, -9999, -9999, 31, -9999, -9999, -9999, -9999, -9999, 66, 39, -9999, -9999, 99, -9999, -9999, 32, -9999, -9999, -9999, 56, -9999, -9999, -9999, 31, 11, 69, -9999, -9999, -9999, 50, -9999, -9999, -9999, -9999, -9999, -9999, -9999, -9999, -9999, -9999, -9999, -9999, 34, -9999, 15, -9999, -9999, -9999, -9999, -9999, -9999, -9999, 18, 34, -9999, -9999, -9999, 28, 18, -9999, -9999, -9999, -9999, -9999, -9999, -9999, -9999, -9999, -9999, -9999, -9999, -9999, 1, 1, 1, 1, 1],
[-9999, -9999, -9999, -9999, -9999, -9999, 43, -9999, -9999, -9999, -9999, -9999, -9999, -9999, -9999, -9999, -9999, -9999, -9999, -9999, -9999, -9999, -9999, -9999, -9999, -9999, -9999, -9999, -9999, -9999, -9999, 53, -9999, -9999, -9999, -9999, -9999, -9999, -9999, -9999, -9999, -9999, -9999, -9999, -9999, -9999, -9999, -9999, -9999, -9999, -9999, -9999, -9999, -9999, -9999, -9999, -9999, -9999, -9999, 86, -9999, -9999, -9999, -9999, -9999, -9999, -9999, -9999, -9999, -9999, -9999, -9999, -9999, -9999, -9999, -9999, -9999, -9999, 43, -9999, -9999, -9999, -9999, -9999, -9999, -9999, -9999, -9999, -9999, -9999, -9999, -9999, -9999, -9999, -9999, -9999, -9999, -9999, -9999, -9999, 1, 1, 1, 1, 1],
[-9999, -9999, -9999, -9999, -9999, 6, 93, -9999, -9999, -9999, 49, 99, 69, 14, -9999, -9999, 56, 30, 73, -9999, 100, -9999, 70, 22, -9999, 71, 40, 18, -9999, 25, -9999, -9999, -9999, -9999, 52, -9999, -9999, 91, -9999, 57, 89, -9999, -9999, 18, -9999, -9999, -9999, 60, -9999, -9999, 81, 58, -9999, 28, 63, -9999, 94, 96, -9999, -9999, -9999, -9999, -9999, 87, -9999, -9999, -9999, 17, -9999, -9999, 88, -9999, 82, 19, 75, -9999, 52, -9999, -9999, -9999, 10, 28, 88, 83, 26, -9999, 66, 8, 24, -9999, 14, -9999, -9999, 6, -9999, 63, -9999, 38, 8, -9999, 1, 1, 1, 1, 1],
[-9999, -9999, -9999, -9999, -9999, 42, -9999, -9999, -9999, -9999, -9999, 29, -9999, -9999, -9999, -9999, -9999, -9999, -9999, -9999, -9999, -9999, 25, -9999, -9999, 94, -9999, -9999, -9999, -9999, 73, -9999, -9999, -9999, -9999, -9999, 91, 58, -9999, 52, 82, -9999, 100, 67, 57, -9999, 9, 30, -9999, 18, -9999, -9999, -9999, 4, -9999, -9999, -9999, 41, 99, -9999, -9999, -9999, -9999, 78, -9999, 27, -9999, 100, -9999, -9999, 69, -9999, 59, -9999, -9999, -9999, -9999, 53, -9999, -9999, 97, 65, 27, 20, -9999, 4, -9999, -9999, -9999, -9999, -9999, -9999, -9999, -9999, 16, 79, 38, -9999, -9999, -9999, 1, 1, 1, 1, 1],
[-9999, -9999, -9999, -9999, -9999, -9999, -9999, -9999, -9999, -9999, -9999, 69, -9999, -9999, -9999, -9999, 19, 100, -9999, -9999, 57, -9999, 37, -9999, -9999, -9999, 21, 34, -9999, -9999, 51, 67, -9999, -9999, 71, -9999, 79, 65, 98, -9999, 75, -9999, -9999, 61, -9999, -9999, 39, 100, 69, 96, 1, 1, 83, 67, 18, -9999, -9999, -9999, -9999, 40, -9999, 79, 100, 2, -9999, -9999, -9999, -9999, 91, 51, 50, 10, 65, -9999, -9999, -9999, 98, -9999, -9999, 90, 7, 61, -9999, 63, 48, 80, 97, 60, 15, -9999, 26, -9999, 53, -9999, 86, 13, 76, 87, -9999, -9999, 1, 1, 1, 1, 1],
[-9999, -9999, -9999, -9999, -9999, -9999, 71, -9999, -9999, -9999, -9999, -9999, -9999, -9999, -9999, -9999, -9999, -9999, -9999, -9999, -9999, 84, -9999, -9999, -9999, -9999, -9999, -9999, -9999, -9999, -9999, 87, -9999, -9999, -9999, -9999, -9999, -9999, 16, -9999, -9999, -9999, -9999, -9999, -9999, -9999, -9999, -9999, -9999, 33, -9999, -9999, -9999, -9999, -9999, -9999, -9999, -9999, -9999, 2, -9999, -9999, -9999, -9999, -9999, -9999, -9999, -9999, -9999, -9999, -9999, -9999, -9999, -9999, -9999, -9999, -9999, -9999, -9999, -9999, -9999, -9999, -9999, -9999, -9999, -9999, -9999, -9999, -9999, -9999, -9999, -9999, -9999, -9999, -9999, -9999, -9999, -9999, -9999, -9999, 1, 1, 1, 1, 1],
[-9999, -9999, -9999, -9999, -9999, -9999, -9999, -9999, -9999, -9999, -9999, 74, 21, -9999, -9999, -9999, -9999, -9999, -9999, -9999, -9999, -9999, 99, -9999, -9999, 22, -9999, -9999, -9999, -9999, 29, -9999, -9999, -9999, -9999, -9999, -9999, 66, -9999, -9999, 52, -9999, 27, 98, 80, -9999, 88, 90, -9999, 2, -9999, -9999, 23, 51, -9999, -9999, 28, 35, -9999, -9999, -9999, -9999, -9999, 86, -9999, -9999, -9999, 32, -9999, -9999, -9999, -9999, -9999, -9999, -9999, -9999, -9999, 99, 32, -9999, 32, 91, -9999, 86, -9999, -9999, -9999, -9999, -9999, -9999, -9999, -9999, -9999, -9999, -9999, -9999, -9999, -9999, -9999, -9999, 1, 1, 1, 1, 1],
[-9999, -9999, -9999, -9999, -9999, 43, 41, -9999, -9999, 54, 1, 65, -9999, -9999, -9999, 25, 70, -9999, 8, 8, -9999, -9999, 52, 24, -9999, 41, 92, -9999, 69, -9999, 72, 75, 11, 96, -9999, -9999, 35, 72, 25, -9999, -9999, 44, 75, -9999, 70, -9999, 76, 32, -9999, 23, 64, 25, 11, 48, 51, -9999, -9999, 59, -9999, 13, -9999, -9999, -9999, 50, -9999, 81, 29, 37, 39, 68, -9999, -9999, -9999, 17, -9999, -9999, -9999, 72, 25, -9999, 29, 67, 99, 93, 38, 7, 86, 73, -9999, -9999, 41, -9999, 17, -9999, -9999, 12, 50, 45, 93, -9999, 1, 1, 1, 1, 1],
[-9999, -9999, -9999, -9999, -9999, -9999, -9999, -9999, -9999, -9999, -9999, 93, -9999, 65, -9999, -9999, -9999, -9999, -9999, -9999, -9999, -9999, 59, -9999, -9999, -9999, -9999, -9999, -9999, -9999, -9999, -9999, -9999, -9999, -9999, -9999, 84, 68, -9999, -9999, 19, -9999, 8, -9999, -9999, -9999, -9999, 65, -9999, -9999, -9999, 2, 83, 2, -9999, -9999, -9999, 29, -9999, -9999, -9999, -9999, -9999, 76, -9999, -9999, -9999, -9999, -9999, -9999, -9999, -9999, 29, -9999, -9999, -9999, -9999, -9999, -9999, -9999, 2, 77, 70, 98, -9999, 93, 74, -9999, -9999, -9999, -9999, -9999, -9999, -9999, 91, 11, 77, -9999, -9999, 50, 1, 1, 1, 1, 1],
[-9999, -9999, -9999, -9999, -9999, -9999, -9999, -9999, -9999, -9999, -9999, 67, 23, -9999, -9999, -9999, -9999, -9999, -9999, -9999, -9999, -9999, 61, -9999, -9999, 35, -9999, -9999, -9999, -9999, -9999, -9999, -9999, -9999, -9999, -9999, 73, 22, -9999, -9999, -9999, -9999, 31, 2, -9999, -9999, -9999, 63, -9999, 51, -9999, 50, -9999, 41, -9999, -9999, 97, -9999, 80, -9999, -9999, -9999, -9999, 60, -9999, 3, -9999, 98, -9999, -9999, -9999, -9999, -9999, -9999, -9999, -9999, -9999, 6, 81, -9999, 68, 88, -9999, 88, -9999, -9999, 97, -9999, -9999, 97, -9999, -9999, -9999, -9999, 13, -9999, 67, -9999, -9999, 81, 1, 1, 1, 1, 1],
[-9999, -9999, -9999, -9999, -9999, 90, 10, -9999, 28, -9999, 66, 40, 7, -9999, -9999, -9999, 45, -9999, 7, -9999, 58, -9999, 32, 54, -9999, 80, 53, 74, -9999, 37, 36, -9999, -9999, -9999, 2, -9999, 82, 83, -9999, 95, -9999, -9999, -9999, -9999, -9999, -9999, 64, 31, -9999, 73, 37, 36, -9999, -9999, 65, -9999, -9999, 94, -9999, -9999, -9999, -9999, 86, 96, -9999, -9999, -9999, -9999, 74, -9999, 100, -9999, -9999, -9999, 87, -9999, 27, -9999, -9999, 76, 23, 56, 48, -9999, 50, 17, 96, 76, -9999, -9999, 27, -9999, -9999, -9999, 21, 84, -9999, 72, 60, -9999, 1, 1, 1, 1, 1],
[-9999, -9999, -9999, -9999, -9999, -9999, 85, -9999, -9999, -9999, 72, 61, -9999, -9999, -9999, -9999, 76, 100, -9999, -9999, 63, -9999, 71, -9999, -9999, 61, 96, -9999, -9999, 74, 87, -9999, -9999, -9999, 29, -9999, -9999, 38, 100, -9999, 27, -9999, -9999, -9999, -9999, -9999, 36, 79, -9999, -9999, 25, 87, 22, -9999, 12, -9999, -9999, 34, -9999, -9999, -9999, -9999, 67, 16, -9999, -9999, -9999, 63, 87, -9999, -9999, 3, 72, -9999, -9999, -9999, 41, -9999, -9999, 88, 66, 16, -9999, 20, 40, 78, -9999, 63, 30, -9999, 25, 54, 33, -9999, 71, 93, -9999, 87, 60, -9999, 1, 1, 1, 1, 1],
[-9999, -9999, -9999, -9999, -9999, -9999, 8, -9999, -9999, -9999, -9999, -9999, -9999, -9999, -9999, -9999, -9999, -9999, -9999, -9999, -9999, -9999, -9999, -9999, -9999, -9999, -9999, -9999, -9999, -9999, -9999, 2, -9999, -9999, -9999, -9999, -9999, -9999, 93, -9999, -9999, -9999, -9999, -9999, -9999, -9999, -9999, -9999, -9999, 69, -9999, -9999, -9999, -9999, -9999, -9999, -9999, -9999, -9999, 59, -9999, -9999, -9999, -9999, -9999, -9999, -9999, -9999, 6, -9999, -9999, -9999, -9999, -9999, -9999, -9999, -9999, -9999, -9999, -9999, -9999, -9999, -9999, -9999, -9999, -9999, -9999, -9999, -9999, -9999, -9999, -9999, -9999, -9999, -9999, -9999, 1, -9999, -9999, -9999, 1, 1, 1, 1, 1],
[-9999, -9999, -9999, -9999, -9999, -9999, -9999, -9999, -9999, -9999, -9999, 2, -9999, -9999, -9999, -9999, -9999, -9999, -9999, -9999, -9999, -9999, 10, -9999, -9999, -9999, -9999, -9999, -9999, -9999, 76, -9999, -9999, -9999, -9999, -9999, 84, 62, -9999, 83, 16, -9999, 19, -9999, -9999, -9999, 8, 60, -9999, 9, -9999, 57, -9999, -9999, -9999, -9999, -9999, 33, -9999, -9999, -9999, -9999, -9999, 5, -9999, -9999, -9999, 45, -9999, -9999, 70, -9999, -9999, -9999, -9999, -9999, -9999, -9999, -9999, -9999, 63, 5, -9999, -9999, -9999, 90, -9999, -9999, -9999, -9999, -9999, -9999, -9999, -9999, 74, -9999, -9999, -9999, -9999, 88, 1, 1, 1, 1, 1],
[-9999, -9999, -9999, -9999, -9999, -9999, 99, -9999, 45, -9999, 10, 87, -9999, -9999, -9999, -9999, 65, -9999, -9999, -9999, 27, -9999, 72, -9999, -9999, 7, 14, 45, -9999, 67, -9999, -9999, -9999, -9999, -9999, -9999, -9999, 33, 94, 96, 79, -9999, 32, -9999, -9999, -9999, 89, 13, -9999, -9999, 37, 14, 89, -9999, -9999, -9999, -9999, -9999, -9999, 3, -9999, -9999, 49, 22, -9999, -9999, -9999, 96, -9999, 79, 21, -9999, 1, 80, -9999, -9999, 21, -9999, -9999, 53, 24, 86, 99, -9999, -9999, 59, 15, 10, 95, -9999, -9999, 85, 93, 56, -9999, -9999, 46, -9999, 48, -9999, 1, 1, 1, 1, 1],
[-9999, -9999, -9999, -9999, -9999, 37, -9999, -9999, -9999, -9999, -9999, 100, 80, 89, -9999, -9999, -9999, -9999, -9999, -9999, -9999, -9999, 69, -9999, -9999, 84, -9999, -9999, -9999, -9999, 71, -9999, -9999, -9999, -9999, -9999, -9999, 81, -9999, 45, 19, -9999, 88, 74, 93, -9999, -9999, 71, 88, -9999, -9999, 25, -9999, 63, -9999, -9999, -9999, 53, 53, -9999, -9999, -9999, -9999, 36, -9999, 83, -9999, 55, -9999, -9999, -9999, -9999, 10, -9999, -9999, 54, -9999, 19, -9999, -9999, 42, 38, -9999, 13, -9999, -9999, -9999, -9999, -9999, -9999, -9999, -9999, -9999, -9999, 21, 53, -9999, -9999, -9999, -9999, 1, 1, 1, 1, 1],
[-9999, -9999, -9999, -9999, -9999, -9999, 60, -9999, 35, -9999, -9999, 86, 13, -9999, -9999, -9999, 68, -9999, 37, 17, 6, -9999, 11, 22, -9999, -9999, 2, -9999, -9999, -9999, -9999, 36, -9999, -9999, 19, -9999, 42, 13, 26, 19, -9999, -9999, 83, 94, -9999, -9999, -9999, 6, -9999, -9999, 81, -9999, 22, 22, -9999, -9999, -9999, 59, -9999, -9999, -9999, -9999, -9999, 65, -9999, -9999, -9999, 88, 27, 26, -9999, 60, -9999, 41, 92, -9999, 62, -9999, -9999, -9999, 55, 29, 89, 58, -9999, -9999, -9999, -9999, 84, -9999, 91, 8, -9999, -9999, 98, -9999, 25, 89, -9999, -9999, 1, 1, 1, 1, 1],
[-9999, -9999, -9999, -9999, -9999, -9999, 78, -9999, -9999, -9999, 73, 47, 17, 63, -9999, -9999, 45, 17, -9999, 90, 53, -9999, 14, 82, -9999, 72, 6, -9999, -9999, 88, -9999, 87, -9999, -9999, -9999, -9999, 61, 96, -9999, -9999, 66, -9999, 54, -9999, -9999, -9999, 43, -9999, -9999, -9999, 76, -9999, -9999, -9999, 72, -9999, -9999, 37, -9999, -9999, -9999, 70, 25, 62, 70, -9999, -9999, 29, -9999, 89, -9999, 61, 96, -9999, -9999, -9999, -9999, -9999, -9999, 36, -9999, 84, 82, -9999, -9999, 40, 18, 26, -9999, -9999, -9999, -9999, -9999, 7, 47, -9999, -9999, -9999, -9999, 28, 1, 1, 1, 1, 1],
[-9999, -9999, -9999, -9999, -9999, -9999, 89, -9999, -9999, -9999, 58, 13, -9999, 81, -9999, -9999, 70, 86, 76, -9999, 41, -9999, 30, 74, -9999, 60, 44, -9999, -9999, 30, -9999, -9999, -9999, -9999, -9999, -9999, 61, 77, 71, -9999, -9999, -9999, 12, 91, -9999, -9999, -9999, 5, -9999, 36, 23, -9999, 63, 38, -9999, -9999, -9999, -9999, -9999, -9999, -9999, -9999, -9999, 29, -9999, -9999, -9999, -9999, -9999, -9999, 71, -9999, -9999, 5, -9999, -9999, 56, -9999, -9999, 96, -9999, -9999, 27, 75, 24, 78, 76, 53, 64, -9999, 65, 92, -9999, -9999, 84, -9999, 18, -9999, -9999, -9999, 1, 1, 1, 1, 1],
[-9999, -9999, -9999, -9999, -9999, -9999, -9999, -9999, -9999, -9999, -9999, 23, 74, 16, -9999, -9999, -9999, -9999, -9999, -9999, -9999, -9999, 34, -9999, -9999, 96, -9999, -9999, -9999, -9999, -9999, -9999, -9999, -9999, -9999, -9999, -9999, 53, -9999, 25, 50, -9999, 76, 83, 81, -9999, 53, 21, -9999, 100, -9999, 99, -9999, -9999, -9999, -9999, -9999, 76, 24, -9999, -9999, -9999, -9999, 93, -9999, 54, -9999, 98, -9999, -9999, -9999, -9999, 1, -9999, -9999, -9999, -9999, 55, -9999, -9999, 89, 1, -9999, -9999, -9999, -9999, 52, -9999, -9999, 27, -9999, -9999, -9999, -9999, -9999, -9999, 52, -9999, -9999, -9999, 1, 1, 1, 1, 1],
[-9999, -9999, -9999, -9999, -9999, -9999, -9999, -9999, -9999, -9999, -9999, 94, 16, -9999, -9999, -9999, -9999, -9999, -9999, -9999, -9999, -9999, 46, -9999, -9999, 50, -9999, -9999, -9999, -9999, -9999, -9999, -9999, -9999, -9999, -9999, 49, 39, -9999, 78, -9999, -9999, 20, -9999, 90, -9999, 22, 92, -9999, 5, -9999, -9999, -9999, 20, -9999, -9999, 94, 29, -9999, -9999, -9999, -9999, -9999, 20, -9999, -9999, -9999, -9999, -9999, -9999, 51, -9999, -9999, -9999, -9999, -9999, -9999, 71, 37, -9999, 6, 99, -9999, -9999, -9999, -9999, 13, -9999, -9999, -9999, -9999, -9999, -9999, -9999, 54, -9999, 82, -9999, -9999, 81, 1, 1, 1, 1, 1],
[-9999, -9999, -9999, -9999, -9999, 66, -9999, -9999, -9999, -9999, -9999, 19, -9999, -9999, -9999, -9999, -9999, -9999, -9999, -9999, -9999, -9999, 44, -9999, -9999, 65, -9999, -9999, -9999, -9999, 45, -9999, -9999, -9999, -9999, -9999, 99, 44, -9999, 96, 41, -9999, 4, -9999, -9999, -9999, -9999, 22, -9999, 26, -9999, 18, 90, -9999, -9999, -9999, -9999, 31, -9999, -9999, -9999, -9999, -9999, 37, -9999, -9999, -9999, -9999, -9999, -9999, -9999, -9999, -9999, -9999, -9999, -9999, -9999, -9999, -9999, -9999, 10, 56, -9999, -9999, -9999, 24, 69, -9999, -9999, -9999, -9999, -9999, -9999, -9999, -9999, 37, -9999, -9999, -9999, 8, 1, 1, 1, 1, 1],
[-9999, -9999, -9999, -9999, -9999, -9999, -9999, -9999, -9999, -9999, -9999, 67, -9999, -9999, -9999, -9999, -9999, -9999, -9999, -9999, -9999, -9999, 12, -9999, -9999, 47, -9999, -9999, -9999, -9999, 94, -9999, -9999, -9999, -9999, -9999, -9999, 54, -9999, -9999, -9999, -9999, -9999, 5, -9999, -9999, -9999, 66, 87, -9999, -9999, 32, -9999, 4, -9999, -9999, -9999, -9999, -9999, -9999, -9999, -9999, -9999, 65, -9999, -9999, -9999, 22, -9999, -9999, -9999, -9999, 18, -9999, -9999, -9999, -9999, -9999, -9999, -9999, 4, 86, -9999, 29, -9999, -9999, 51, -9999, -9999, -9999, -9999, -9999, -9999, -9999, -9999, 84, 18, -9999, -9999, 63, 1, 1, 1, 1, 1],
[-9999, -9999, -9999, -9999, -9999, -9999, -9999, -9999, -9999, -9999, -9999, 53, -9999, 65, -9999, -9999, -9999, -9999, -9999, -9999, -9999, -9999, 74, -9999, -9999, 75, -9999, -9999, -9999, -9999, 2, -9999, -9999, -9999, -9999, 46, 51, 41, -9999, 81, -9999, -9999, -9999, -9999, 8, -9999, 95, 84, 95, -9999, -9999, 84, 84, 44, -9999, -9999, -9999, -9999, -9999, -9999, -9999, -9999, -9999, 80, -9999, -9999, -9999, -9999, -9999, -9999, 86, -9999, 26, -9999, -9999, 40, -9999, 44, 41, -9999, 11, 48, 50, 45, -9999, 89, -9999, -9999, -9999, -9999, -9999, -9999, -9999, -9999, 56, 90, 25, -9999, -9999, -9999, 1, 1, 1, 1, 1],
[-9999, -9999, -9999, -9999, -9999, 87, 88, -9999, 37, -9999, 36, 48, -9999, -9999, -9999, -9999, 7, 69, 41, -9999, 55, -9999, 85, 51, 77, -9999, 38, -9999, -9999, 20, 87, -9999, -9999, -9999, -9999, -9999, 73, 47, 9, -9999, 28, -9999, 72, 36, -9999, -9999, -9999, 55, -9999, 93, 75, 65, -9999, 29, 57, -9999, -9999, 88, -9999, 7, -9999, -9999, -9999, 36, -9999, -9999, -9999, -9999, -9999, 46, -9999, -9999, -9999, 54, -9999, -9999, -9999, -9999, -9999, 46, 93, 80, 77, 13, -9999, 88, 59, -9999, -9999, -9999, 26, 86, 90, -9999, 14, 76, 73, 71, -9999, 31, 1, 1, 1, 1, 1],
[-9999, -9999, -9999, -9999, -9999, -9999, -9999, -9999, -9999, -9999, -9999, 73, 82, -9999, -9999, -9999, -9999, -9999, -9999, -9999, -9999, -9999, 32, -9999, -9999, 79, -9999, -9999, -9999, -9999, -9999, -9999, -9999, -9999, -9999, -9999, 66, 33, -9999, -9999, 41, -9999, -9999, 94, -9999, -9999, 52, 91, -9999, -9999, -9999, 80, -9999, 22, -9999, -9999, -9999, -9999, -9999, -9999, -9999, -9999, -9999, 79, -9999, -9999, -9999, -9999, -9999, -9999, -9999, -9999, 98, -9999, -9999, -9999, -9999, -9999, -9999, -9999, 64, 82, 56, -9999, -9999, 96, 61, -9999, -9999, -9999, -9999, -9999, -9999, -9999, 22, 11, -9999, -9999, -9999, -9999, 1, 1, 1, 1, 1],
[-9999, -9999, -9999, -9999, -9999, -9999, -9999, -9999, -9999, -9999, -9999, -9999, -9999, -9999, -9999, -9999, -9999, -9999, -9999, -9999, -9999, -9999, -9999, -9999, -9999, -9999, -9999, -9999, -9999, -9999, -9999, -9999, -9999, -9999, -9999, -9999, -9999, -9999, -9999, -9999, -9999, -9999, -9999, -9999, -9999, -9999, -9999, -9999, -9999, -9999, -9999, -9999, -9999, -9999, -9999, -9999, -9999, -9999, -9999, -9999, -9999, -9999, -9999, -9999, -9999, -9999, -9999, -9999, -9999, -9999, -9999, -9999, -9999, -9999, -9999, -9999, -9999, -9999, -9999, -9999, -9999, -9999, -9999, -9999, -9999, -9999, -9999, -9999, -9999, -9999, -9999, -9999, -9999, -9999, -9999, -9999, 4, -9999, -9999, -9999, 1, 1, 1, 1, 1],
[-9999, -9999, -9999, -9999, -9999, -9999, 88, -9999, -9999, -9999, -9999, -9999, -9999, -9999, -9999, -9999, -9999, -9999, -9999, -9999, -9999, 57, -9999, -9999, -9999, -9999, -9999, -9999, -9999, -9999, -9999, 2, -9999, -9999, -9999, -9999, -9999, -9999, 50, -9999, -9999, -9999, -9999, -9999, -9999, -9999, -9999, -9999, -9999, 92, -9999, -9999, -9999, -9999, -9999, -9999, -9999, -9999, -9999, -9999, -9999, -9999, -9999, -9999, -9999, -9999, -9999, -9999, 67, -9999, -9999, -9999, -9999, -9999, -9999, -9999, -9999, -9999, -9999, -9999, -9999, -9999, -9999, -9999, -9999, -9999, -9999, -9999, -9999, -9999, -9999, -9999, -9999, -9999, -9999, -9999, 2, -9999, -9999, -9999, 1, 1, 1, 1, 1],
[-9999, -9999, -9999, -9999, -9999, -9999, 14, -9999, 28, -9999, 76, -9999, 64, 16, -9999, -9999, 87, -9999, 52, -9999, 30, -9999, 2, -9999, -9999, -9999, 99, 65, -9999, 19, 100, -9999, -9999, -9999, -9999, -9999, 8, 45, -9999, -9999, 32, -9999, 77, 59, -9999, -9999, 90, 30, -9999, 15, 31, -9999, -9999, -9999, -9999, -9999, -9999, 47, -9999, 4, -9999, -9999, -9999, 25, 36, -9999, -9999, 4, -9999, -9999, 10, 68, 65, -9999, -9999, -9999, 1, -9999, -9999, -9999, 34, 52, 29, 15, 21, -9999, 32, 42, 14, -9999, 76, -9999, 87, 61, 53, -9999, 48, 21, -9999, 23, 1, 1, 1, 1, 1],
[-9999, -9999, -9999, -9999, -9999, -9999, 67, -9999, 26, -9999, 14, 24, -9999, -9999, -9999, -9999, 41, 94, -9999, 47, 39, -9999, 15, -9999, -9999, 90, 12, 42, -9999, 17, 95, 40, -9999, -9999, 4, -9999, 35, 100, 81, 49, 15, -9999, 8, 16, -9999, -9999, 30, 13, -9999, -9999, 56, 66, -9999, -9999, 4, -9999, 67, 89, -9999, 84, -9999, -9999, -9999, 36, -9999, -9999, -9999, 73, -9999, -9999, -9999, -9999, 11, 46, -9999, -9999, 36, -9999, -9999, 70, 98, 13, 9, 30, -9999, -9999, 33, -9999, 75, -9999, 61, -9999, -9999, 64, 92, 68, 67, 60, -9999, -9999, 1, 1, 1, 1, 1],
[-9999, -9999, -9999, -9999, -9999, 63, 62, -9999, 74, -9999, -9999, 81, 46, 76, 27, 33, 16, -9999, -9999, -9999, 99, 43, 48, -9999, -9999, -9999, 20, -9999, -9999, 8, -9999, -9999, 35, -9999, 16, -9999, -9999, 15, 17, 34, 40, -9999, -9999, -9999, -9999, -9999, 77, 94, -9999, 18, 22, -9999, 91, -9999, 16, -9999, -9999, 75, -9999, -9999, -9999, -9999, 88, 22, -9999, 90, -9999, 20, 100, 32, 90, -9999, -9999, -9999, 40, -9999, 96, 60, 22, -9999, 70, 32, 34, 56, -9999, -9999, 80, -9999, 8, 80, -9999, 5, 99, -9999, 15, 15, -9999, -9999, 38, 89, 1, 1, 1, 1, 1],
[-9999, -9999, -9999, -9999, -9999, -9999, -9999, -9999, -9999, -9999, -9999, 95, 4, -9999, -9999, -9999, -9999, -9999, -9999, -9999, -9999, -9999, 63, -9999, -9999, 58, -9999, -9999, -9999, -9999, 68, -9999, -9999, -9999, -9999, -9999, 28, 12, -9999, 62, 56, -9999, 60, -9999, -9999, -9999, 13, 32, -9999, 29, -9999, -9999, -9999, 41, -9999, -9999, -9999, 31, -9999, -9999, -9999, -9999, -9999, 1, -9999, -9999, -9999, 63, -9999, -9999, 69, -9999, -9999, -9999, -9999, -9999, -9999, -9999, -9999, -9999, 2, 65, 15, 30, -9999, 87, -9999, -9999, -9999, -9999, -9999, -9999, -9999, -9999, -9999, 75, 65, -9999, -9999, 79, 1, 1, 1, 1, 1],
[-9999, -9999, -9999, -9999, -9999, -9999, 65, -9999, -9999, -9999, -9999, -9999, -9999, -9999, -9999, -9999, -9999, -9999, -9999, -9999, -9999, -9999, -9999, -9999, -9999, -9999, -9999, -9999, -9999, -9999, -9999, 35, -9999, -9999, -9999, -9999, -9999, -9999, -9999, -9999, -9999, -9999, -9999, -9999, -9999, 45, -9999, -9999, -9999, 29, -9999, -9999, -9999, -9999, -9999, -9999, -9999, -9999, -9999, 20, -9999, -9999, -9999, -9999, -9999, -9999, -9999, -9999, 9, -9999, -9999, -9999, -9999, -9999, -9999, -9999, -9999, -9999, 57, -9999, -9999, -9999, -9999, -9999, -9999, -9999, -9999, -9999, -9999, -9999, -9999, -9999, -9999, -9999, -9999, -9999, -9999, -9999, -9999, -9999, 1, 1, 1, 1, 1],
[-9999, -9999, -9999, -9999, -9999, -9999, 5, -9999, 16, -9999, 51, 85, 85, 45, -9999, -9999, 31, -9999, -9999, -9999, 4, -9999, 44, 1, -9999, 41, 37, 25, -9999, 59, -9999, -9999, -9999, -9999, -9999, -9999, -9999, 35, 46, 80, 80, -9999, -9999, 88, -9999, -9999, -9999, 14, -9999, 95, 52, 71, 80, 19, 85, 64, -9999, -9999, -9999, -9999, -9999, 78, 11, 18, -9999, -9999, -9999, -9999, 32, -9999, -9999, -9999, 66, -9999, 93, -9999, 4, -9999, -9999, 95, 93, 24, 50, -9999, 43, 81, 63, 5, -9999, -9999, 73, 85, 57, 37, -9999, 65, -9999, 66, -9999, 33, 1, 1, 1, 1, 1],
[-9999, -9999, -9999, -9999, -9999, 72, 32, -9999, -9999, 43, 45, 36, -9999, -9999, 11, -9999, 19, -9999, -9999, -9999, 21, -9999, 89, 59, -9999, -9999, 52, 77, -9999, 12, -9999, 93, 93, -9999, 68, -9999, 74, 49, -9999, 89, 100, 14, -9999, 76, 49, -9999, 52, 18, -9999, 42, 43, -9999, 19, 17, 16, -9999, -9999, 80, 53, 80, -9999, -9999, -9999, 48, -9999, 96, -9999, -9999, -9999, 69, -9999, -9999, 83, 64, -9999, 15, 93, 8, -9999, -9999, 93, 86, 67, -9999, -9999, 21, 92, -9999, 52, 18, -9999, 88, -9999, 55, 88, -9999, 49, -9999, 67, -9999, 1, 1, 1, 1, 1],
[-9999, -9999, -9999, -9999, -9999, -9999, 63, -9999, -9999, -9999, -9999, -9999, -9999, -9999, -9999, -9999, -9999, -9999, -9999, -9999, -9999, 80, -9999, -9999, -9999, -9999, -9999, -9999, -9999, -9999, -9999, -9999, -9999, -9999, -9999, -9999, -9999, -9999, 20, -9999, -9999, -9999, -9999, -9999, -9999, -9999, -9999, -9999, -9999, -9999, -9999, -9999, -9999, -9999, -9999, -9999, -9999, -9999, -9999, -9999, -9999, -9999, -9999, -9999, -9999, -9999, -9999, -9999, 94, -9999, -9999, -9999, -9999, -9999, -9999, -9999, -9999, -9999, -9999, -9999, -9999, -9999, -9999, -9999, -9999, -9999, -9999, -9999, -9999, -9999, -9999, -9999, -9999, -9999, -9999, -9999, -9999, -9999, -9999, -9999, 1, 1, 1, 1, 1],
[-9999, -9999, -9999, -9999, -9999, -9999, 98, 93, -9999, -9999, 74, 84, 66, -9999, -9999, -9999, -9999, 34, 93, -9999, 78, -9999, 11, 30, -9999, -9999, 84, -9999, -9999, 63, -9999, 23, -9999, -9999, -9999, -9999, -9999, 26, -9999, -9999, -9999, -9999, -9999, -9999, -9999, -9999, 41, 59, 42, -9999, 32, -9999, 87, 3, 50, -9999, -9999, 80, -9999, 39, -9999, -9999, -9999, 64, -9999, -9999, -9999, 7, 94, -9999, 46, -9999, -9999, -9999, -9999, -9999, 3, -9999, -9999, 76, 68, 61, -9999, -9999, -9999, 80, 94, 3, 88, -9999, 53, 2, 98, -9999, -9999, 62, 42, -9999, -9999, -9999, 1, 1, 1, 1, 1],
[-9999, -9999, -9999, -9999, -9999, -9999, -9999, -9999, -9999, -9999, -9999, -9999, -9999, -9999, -9999, -9999, -9999, -9999, -9999, -9999, -9999, -9999, -9999, -9999, -9999, -9999, -9999, -9999, -9999, -9999, -9999, -9999, -9999, -9999, -9999, -9999, -9999, -9999, -9999, -9999, -9999, -9999, -9999, -9999, -9999, -9999, -9999, -9999, -9999, -9999, -9999, -9999, -9999, -9999, -9999, -9999, -9999, -9999, -9999, -9999, -9999, -9999, -9999, -9999, -9999, -9999, -9999, -9999, -9999, -9999, -9999, -9999, -9999, -9999, -9999, -9999, -9999, -9999, -9999, -9999, -9999, -9999, -9999, -9999, -9999, -9999, -9999, -9999, -9999, -9999, -9999, -9999, -9999, -9999, -9999, -9999, -9999, -9999, -9999, -9999, -9999, -9999, -9999, -9999, -9999],
[-9999, -9999, -9999, -9999, -9999, -9999, -9999, -9999, -9999, -9999, -9999, -9999, -9999, -9999, -9999, -9999, -9999, -9999, -9999, -9999, -9999, -9999, -9999, -9999, -9999, -9999, -9999, -9999, -9999, -9999, -9999, -9999, -9999, -9999, -9999, -9999, -9999, -9999, -9999, -9999, -9999, -9999, -9999, -9999, -9999, -9999, -9999, -9999, -9999, -9999, -9999, -9999, -9999, -9999, -9999, -9999, -9999, -9999, -9999, -9999, -9999, -9999, -9999, -9999, -9999, -9999, -9999, -9999, -9999, -9999, -9999, -9999, -9999, -9999, -9999, -9999, -9999, -9999, -9999, -9999, -9999, -9999, -9999, -9999, -9999, -9999, -9999, -9999, -9999, -9999, -9999, -9999, -9999, -9999, -9999, -9999, -9999, -9999, -9999, -9999, -9999, -9999, -9999, -9999, -9999],
[-9999, -9999, -9999, -9999, -9999, -9999, -9999, -9999, -9999, -9999, -9999, -9999, -9999, -9999, -9999, -9999, -9999, -9999, -9999, -9999, -9999, -9999, -9999, -9999, -9999, -9999, -9999, -9999, -9999, -9999, -9999, -9999, -9999, -9999, -9999, -9999, -9999, -9999, -9999, -9999, -9999, -9999, -9999, -9999, -9999, -9999, -9999, -9999, -9999, -9999, -9999, -9999, -9999, -9999, -9999, -9999, -9999, -9999, -9999, -9999, -9999, -9999, -9999, -9999, -9999, -9999, -9999, -9999, -9999, -9999, -9999, -9999, -9999, -9999, -9999, -9999, -9999, -9999, -9999, -9999, -9999, -9999, -9999, -9999, -9999, -9999, -9999, -9999, -9999, -9999, -9999, -9999, -9999, -9999, -9999, -9999, -9999, -9999, -9999, -9999, -9999, -9999, -9999, -9999, -9999],
[-9999, -9999, -9999, -9999, -9999, -9999, -9999, -9999, -9999, -9999, -9999, -9999, -9999, -9999, -9999, -9999, -9999, -9999, -9999, -9999, -9999, -9999, -9999, -9999, -9999, -9999, -9999, -9999, -9999, -9999, -9999, -9999, -9999, -9999, -9999, -9999, -9999, -9999, -9999, -9999, -9999, -9999, -9999, -9999, -9999, -9999, -9999, -9999, -9999, -9999, -9999, -9999, -9999, -9999, -9999, -9999, -9999, -9999, -9999, -9999, -9999, -9999, -9999, -9999, -9999, -9999, -9999, -9999, -9999, -9999, -9999, -9999, -9999, -9999, -9999, -9999, -9999, -9999, -9999, -9999, -9999, -9999, -9999, -9999, -9999, -9999, -9999, -9999, -9999, -9999, -9999, -9999, -9999, -9999, -9999, -9999, -9999, -9999, -9999, -9999, -9999, -9999, -9999, -9999, -9999],
[-9999, -9999, -9999, -9999, -9999, -9999, -9999, -9999, -9999, -9999, -9999, -9999, -9999, -9999, -9999, -9999, -9999, -9999, -9999, -9999, -9999, -9999, -9999, -9999, -9999, -9999, -9999, -9999, -9999, -9999, -9999, -9999, -9999, -9999, -9999, -9999, -9999, -9999, -9999, -9999, -9999, -9999, -9999, -9999, -9999, -9999, -9999, -9999, -9999, -9999, -9999, -9999, -9999, -9999, -9999, -9999, -9999, -9999, -9999, -9999, -9999, -9999, -9999, -9999, -9999, -9999, -9999, -9999, -9999, -9999, -9999, -9999, -9999, -9999, -9999, -9999, -9999, -9999, -9999, -9999, -9999, -9999, -9999, -9999, -9999, -9999, -9999, -9999, -9999, -9999, -9999, -9999, -9999, -9999, -9999, -9999, -9999, -9999, -9999, -9999, -9999, -9999, -9999, -9999, -9999]
];
