NbNodes = 105;
NbNDDs = 5;
NbPairs = 95;
NbTerminals = 5;
K = 0;
L = 97;
Wt = [
[-9999, -9999, -9999, -9999, -9999, -9999, -9999, -9999, -9999, -9999, -9999, -9999, 1, 56, -9999, -9999, -9999, -9999, -9999, -9999, -9999, 16, -9999, 23, -9999, -9999, -9999, -9999, -9999, -9999, -9999, -9999, -9999, -9999, -9999, -9999, -9999, -9999, -9999, -9999, -9999, -9999, -9999, -9999, -9999, -9999, -9999, -9999, -9999, -9999, -9999, -9999, -9999, -9999, -9999, -9999, -9999, 88, -9999, 63, -9999, -9999, -9999, 16, -9999, -9999, -9999, -9999, -9999, -9999, -9999, 85, -9999, -9999, -9999, -9999, -9999, -9999, 52, -9999, -9999, -9999, -9999, -9999, -9999, -9999, -9999, -9999, -9999, -9999, -9999, -9999, -9999, 43, -9999, -9999, -9999, -9999, -9999, -9999, 1, 1, 1, 1, 1],
[-9999, -9999, -9999, -9999, -9999, 32, 15, -9999, -9999, -9999, -9999, -9999, -9999, -9999, 38, -9999, -9999, -9999, -9999, -9999, -9999, -9999, -9999, -9999, -9999, -9999, -9999, -9999, 47, -9999, -9999, -9999, 73, 44, -9999, 95, -9999, -9999, 70, 40, -9999, -9999, -9999, -9999, 21, 90, -9999, -9999, -9999, -9999, -9999, -9999, 4, 4, 29, -9999, -9999, -9999, -9999, -9999, -9999, -9999, 46, -9999, -9999, 14, -9999, -9999, -9999, -9999, -9999, -9999, -9999, -9999, 60, -9999, -9999, -9999, -9999, -9999, 13, -9999, 94, -9999, 23, -9999, -9999, 81, -9999, -9999, -9999, -9999, -9999, -9999, -9999, -9999, -9999, -9999, -9999, 36, 1, 1, 1, 1, 1],
[-9999, -9999, -9999, -9999, -9999, -9999, -9999, -9999, -9999, 78, -9999, 96, -9999, 78, -9999, -9999, 61, -9999, -9999, 33, 18, 3, -9999, -9999, 33, 19, -9999, 46, -9999, -9999, -9999, 64, -9999, 91, -9999, -9999, -9999, 24, 88, -9999, 59, -9999, -9999, 28, -9999, 13, -9999, -9999, 43, -9999, -9999, -9999, 12, 75, -9999, 59, -9999, -9999, -9999, -9999, -9999, -9999, -9999, 12, 33, -9999, -9999, -9999, 31, -9999, 56, -9999, 88, -9999, -9999, 73, -9999, -9999, -9999, -9999, -9999, 7, 40, -9999, -9999, 71, 56, 51, -9999, -9999, 24, -9999, -9999, -9999, -9999, -9999, -9999, 36, -9999, 40, 1, 1, 1, 1, 1],
[-9999, -9999, -9999, -9999, -9999, -9999, 29, -9999, -9999, -9999, -9999, -9999, -9999, -9999, -9999, 54, 87, -9999, -9999, 68, 61, 14, -9999, -9999, -9999, 33, -9999, 67, -9999, -9999, -9999, -9999, 67, 12, -9999, 36, 97, 80, 61, -9999, 31, 1, 57, 65, -9999, -9999, -9999, -9999, 81, 100, -9999, -9999, 43, 44, -9999, 60, 2, -9999, -9999, -9999, 72, -9999, -9999, -9999, -9999, 69, 91, -9999, -9999, -9999, -9999, 58, -9999, -9999, 83, 57, 65, -9999, -9999, -9999, -9999, 60, 69, -9999, 20, -9999, 22, 72, -9999, 55, -9999, 11, -9999, -9999, -9999, 39, -9999, 38, 52, 20, 1, 1, 1, 1, 1],
[-9999, -9999, -9999, -9999, -9999, -9999, 5, 97, 73, -9999, 66, 67, 54, 1, 68, 88, 19, 30, 6, 91, 5, 18, 24, 64, 39, 29, -9999, 61, 59, -9999, 84, -9999, 20, 2, -9999, 5, -9999, 23, 97, -9999, 21, -9999, -9999, 45, 85, 31, -9999, 6, 28, -9999, -9999, -9999, 28, 85, 13, -9999, 85, -9999, -9999, -9999, -9999, -9999, -9999, -9999, 73, 72, -9999, -9999, -9999, -9999, -9999, 41, 72, 65, -9999, -9999, 33, 8, 86, -9999, -9999, 44, 55, 28, 1, -9999, 65, 46, -9999, 78, 67, -9999, -9999, 40, -9999, 42, -9999, 13, 15, 62, 1, 1, 1, 1, 1],
[-9999, -9999, -9999, -9999, -9999, -9999, 43, -9999, -9999, -9999, -9999, 67, -9999, -9999, -9999, 71, 97, -9999, -9999, 97, 42, -9999, 66, -9999, -9999, 50, -9999, -9999, 31, -9999, -9999, 16, -9999, -9999, -9999, -9999, 51, 76, 47, -9999, -9999, -9999, 14, 61, -9999, -9999, -9999, -9999, 100, -9999, -9999, -9999, -9999, -9999, -9999, 71, 55, -9999, -9999, -9999, -9999, -9999, -9999, -9999, 11, -9999, -9999, -9999, -9999, -9999, 11, -9999, -9999, -9999, 22, 45, 34, -9999, -9999, -9999, -9999, -9999, -9999, -9999, -9999, 76, 72, 34, -9999, 8, 81, -9999, -9999, 54, -9999, 18, -9999, 76, -9999, 30, 1, 1, 1, 1, 1],
[-9999, -9999, -9999, -9999, -9999, 22, -9999, -9999, -9999, -9999, -9999, 20, -9999, 3, -9999, -9999, -9999, -9999, -9999, 3, 54, 59, -9999, -9999, 13, 22, -9999, 38, 96, -9999, -9999, 73, -9999, -9999, -9999, 12, -9999, -9999, 4, -9999, 30, -9999, 77, 87, -9999, 64, -9999, -9999, 55, -9999, -9999, -9999, 47, 55, -9999, 30, 89, -9999, -9999, -9999, -9999, -9999, -9999, 63, -9999, 36, -9999, -9999, 15, -9999, 85, -9999, -9999, -9999, -9999, -9999, 72, -9999, -9999, -9999, -9999, 68, 94, -9999, -9999, -9999, 17, 36, -9999, -9999, -9999, -9999, -9999, 99, -9999, -9999, -9999, 41, -9999, 22, 1, 1, 1, 1, 1],
[-9999, -9999, -9999, -9999, -9999, 33, 44, -9999, -9999, -9999, -9999, -9999, -9999, -9999, 40, -9999, -9999, -9999, -9999, -9999, -9999, -9999, -9999, -9999, -9999, -9999, -9999, -9999, 76, -9999, -9999, -9999, 77, -9999, -9999, 31, 50, -9999, 80, -9999, -9999, -9999, -9999, -9999, -9999, 23, -9999, -9999, -9999, -9999, -9999, -9999, -9999, 48, -9999, -9999, 2, -9999, -9999, -9999, -9999, -9999, -9999, -9999, -9999, -9999, -9999, -9999, -9999, -9999, -9999, -9999, -9999, -9999, -9999, -9999, -9999, -9999, -9999, -9999, -9999, -9999, -9999, -9999, 68, -9999, -9999, 38, -9999, -9999, -9999, 8, -9999, -9999, -9999, -9999, -9999, -9999, -9999, 20, 1, 1, 1, 1, 1],
[-9999, -9999, -9999, -9999, -9999, 1, -9999, -9999, -9999, -9999, -9999, 65, -9999, -9999, 13, 20, 34, -9999, -9999, 77, 3, 64, -9999, -9999, 29, 81, -9999, -9999, -9999, -9999, -9999, 79, 47, 8, -9999, 46, 21, -9999, 72, -9999, 83, -9999, 55, 68, -9999, -9999, -9999, -9999, 87, 100, -9999, -9999, 30, 41, -9999, 4, -9999, -9999, -9999, -9999, -9999, -9999, -9999, 89, -9999, -9999, -9999, -9999, 99, -9999, -9999, -9999, 96, -9999, 93, 66, 56, -9999, -9999, -9999, -9999, 83, 24, -9999, 6, 83, -9999, 3, -9999, -9999, 62, 12, -9999, -9999, -9999, 80, -9999, 58, 77, -9999, 1, 1, 1, 1, 1],
[-9999, -9999, -9999, -9999, -9999, -9999, 11, -9999, -9999, -9999, -9999, 98, -9999, -9999, 3, 66, 97, -9999, -9999, 4, 60, 63, 59, -9999, 7, 83, -9999, 45, 57, -9999, -9999, -9999, -9999, -9999, 95, -9999, 59, -9999, 31, 2, 97, 18, -9999, 67, -9999, 34, -9999, -9999, 54, 86, -9999, -9999, 98, 8, -9999, 2, 59, -9999, -9999, -9999, -9999, -9999, -9999, 80, 65, -9999, 20, -9999, -9999, -9999, -9999, -9999, 10, -9999, 37, 61, -9999, -9999, -9999, -9999, -9999, -9999, -9999, -9999, 87, 62, 79, 69, -9999, 98, -9999, -9999, -9999, 95, -9999, 41, -9999, 25, 46, -9999, 1, 1, 1, 1, 1],
[-9999, -9999, -9999, -9999, -9999, -9999, 40, -9999, -9999, -9999, -9999, -9999, 46, -9999, 52, 79, 95, 55, -9999, 53, 7, -9999, 39, -9999, -9999, 11, 3, 65, -9999, -9999, 39, 24, 90, 46, -9999, -9999, 83, 98, -9999, -9999, 49, 33, 33, 72, -9999, -9999, -9999, -9999, 79, 74, -9999, -9999, 69, -9999, 36, -9999, 73, -9999, -9999, 16, -9999, -9999, -9999, 30, -9999, 45, -9999, 38, 18, -9999, -9999, 86, -9999, 75, 64, -9999, -9999, -9999, 42, 42, -9999, 100, -9999, 89, 51, 13, 98, 34, -9999, -9999, -9999, -9999, -9999, -9999, -9999, -9999, 84, 85, -9999, -9999, 1, 1, 1, 1, 1],
[-9999, -9999, -9999, -9999, -9999, 73, -9999, -9999, -9999, -9999, -9999, -9999, -9999, -9999, 7, -9999, 21, -9999, -9999, 57, 51, 53, -9999, -9999, 66, 84, -9999, -9999, -9999, -9999, -9999, -9999, 36, 44, -9999, -9999, 14, -9999, -9999, 46, 89, -9999, -9999, 8, -9999, 73, -9999, -9999, 31, -9999, -9999, -9999, 44, -9999, -9999, 83, 42, -9999, -9999, -9999, -9999, -9999, -9999, 51, -9999, 1, -9999, -9999, 88, -9999, 83, 56, 55, -9999, 94, 5, 96, -9999, -9999, -9999, -9999, -9999, 49, -9999, -9999, -9999, 77, 81, -9999, 18, -9999, -9999, -9999, 99, -9999, 56, -9999, 96, -9999, 67, 1, 1, 1, 1, 1],
[-9999, -9999, -9999, -9999, -9999, 2, 80, -9999, -9999, -9999, -9999, -9999, -9999, -9999, 27, -9999, -9999, -9999, -9999, -9999, -9999, -9999, -9999, -9999, -9999, -9999, -9999, -9999, -9999, -9999, -9999, -9999, 50, -9999, -9999, 42, 85, -9999, 36, -9999, -9999, -9999, -9999, -9999, -9999, -9999, -9999, -9999, -9999, -9999, -9999, -9999, 57, 58, -9999, -9999, -9999, -9999, -9999, -9999, -9999, -9999, -9999, -9999, -9999, 33, -9999, -9999, -9999, -9999, -9999, -9999, -9999, -9999, 9, 85, -9999, -9999, -9999, -9999, -9999, -9999, -9999, -9999, -9999, -9999, -9999, 94, -9999, -9999, -9999, -9999, -9999, -9999, -9999, -9999, -9999, -9999, -9999, 45, 1, 1, 1, 1, 1],
[-9999, -9999, -9999, -9999, -9999, 1, -9999, -9999, -9999, -9999, -9999, -9999, -9999, -9999, -9999, -9999, -9999, -9999, -9999, -9999, 49, -9999, -9999, -9999, -9999, -9999, -9999, -9999, -9999, -9999, -9999, -9999, -9999, 15, -9999, -9999, 72, -9999, 12, 56, -9999, -9999, -9999, -9999, -9999, 54, -9999, -9999, -9999, -9999, -9999, -9999, -9999, 45, -9999, -9999, 96, -9999, -9999, -9999, -9999, -9999, -9999, -9999, -9999, 8, -9999, -9999, -9999, -9999, 13, -9999, -9999, -9999, -9999, -9999, -9999, -9999, -9999, -9999, -9999, -9999, -9999, -9999, 35, -9999, -9999, 73, -9999, -9999, -9999, 52, -9999, -9999, -9999, -9999, -9999, -9999, -9999, 14, 1, 1, 1, 1, 1],
[-9999, -9999, -9999, -9999, -9999, -9999, 70, -9999, -9999, -9999, -9999, -9999, -9999, -9999, -9999, -9999, -9999, -9999, -9999, -9999, -9999, -9999, -9999, -9999, -9999, 46, -9999, -9999, 9, -9999, -9999, -9999, -9999, -9999, -9999, -9999, -9999, -9999, 100, -9999, -9999, -9999, -9999, -9999, -9999, -9999, -9999, -9999, -9999, -9999, -9999, -9999, 86, 11, -9999, -9999, 71, -9999, -9999, -9999, -9999, -9999, -9999, -9999, -9999, 67, -9999, -9999, -9999, -9999, 98, -9999, -9999, -9999, -9999, 86, -9999, -9999, -9999, -9999, -9999, -9999, 41, -9999, -9999, -9999, -9999, 86, -9999, -9999, -9999, 18, -9999, -9999, -9999, -9999, -9999, -9999, -9999, 71, 1, 1, 1, 1, 1],
[-9999, -9999, -9999, -9999, -9999, -9999, 81, -9999, -9999, -9999, -9999, 42, -9999, 87, 15, -9999, -9999, -9999, -9999, -9999, -9999, 52, 62, -9999, 43, -9999, -9999, -9999, 5, -9999, -9999, 77, 30, 89, -9999, 95, -9999, -9999, -9999, -9999, 74, -9999, 17, 77, -9999, 1, 28, -9999, 39, -9999, -9999, -9999, -9999, -9999, -9999, 65, 28, -9999, -9999, -9999, -9999, -9999, -9999, 88, 98, 7, -9999, -9999, 59, -9999, -9999, 8, 31, -9999, -9999, 55, -9999, -9999, -9999, -9999, -9999, -9999, 10, -9999, -9999, 44, 36, 23, -9999, 2, 74, -9999, -9999, -9999, -9999, 60, -9999, 51, 14, 20, 1, 1, 1, 1, 1],
[-9999, -9999, -9999, -9999, -9999, -9999, -9999, -9999, -9999, -9999, -9999, -9999, -9999, -9999, -9999, -9999, -9999, -9999, -9999, -9999, -9999, -9999, -9999, -9999, -9999, -9999, -9999, -9999, -9999, -9999, -9999, -9999, -9999, -9999, -9999, -9999, -9999, 27, -9999, -9999, -9999, -9999, -9999, -9999, -9999, -9999, -9999, -9999, -9999, -9999, -9999, -9999, -9999, -9999, -9999, -9999, -9999, -9999, -9999, -9999, -9999, -9999, -9999, 56, -9999, -9999, -9999, -9999, -9999, -9999, -9999, 22, -9999, -9999, 27, -9999, -9999, -9999, -9999, -9999, -9999, -9999, -9999, -9999, -9999, -9999, -9999, -9999, -9999, -9999, -9999, -9999, -9999, -9999, -9999, -9999, -9999, -9999, -9999, -9999, 1, 1, 1, 1, 1],
[-9999, -9999, -9999, -9999, -9999, 38, 23, -9999, -9999, -9999, -9999, -9999, -9999, -9999, 62, -9999, -9999, -9999, -9999, -9999, -9999, -9999, -9999, -9999, -9999, 38, -9999, -9999, -9999, -9999, -9999, -9999, 87, 70, -9999, 10, 91, -9999, 73, -9999, -9999, -9999, -9999, -9999, -9999, -9999, -9999, -9999, -9999, -9999, -9999, -9999, -9999, -9999, 24, -9999, -9999, -9999, -9999, 2, -9999, -9999, 22, -9999, -9999, 66, -9999, -9999, -9999, -9999, 18, -9999, -9999, 13, -9999, 1, -9999, -9999, -9999, -9999, 95, -9999, -9999, -9999, -9999, -9999, -9999, 31, -9999, -9999, -9999, -9999, -9999, -9999, -9999, -9999, -9999, -9999, -9999, 7, 1, 1, 1, 1, 1],
[-9999, -9999, -9999, -9999, -9999, -9999, -9999, -9999, -9999, -9999, -9999, -9999, -9999, -9999, -9999, -9999, -9999, -9999, -9999, -9999, -9999, -9999, -9999, -9999, -9999, -9999, -9999, -9999, -9999, -9999, -9999, -9999, -9999, -9999, -9999, -9999, -9999, -9999, -9999, -9999, -9999, -9999, -9999, -9999, -9999, -9999, -9999, -9999, -9999, -9999, -9999, -9999, -9999, -9999, -9999, -9999, -9999, -9999, -9999, -9999, -9999, -9999, -9999, -9999, -9999, -9999, -9999, -9999, -9999, -9999, -9999, -9999, -9999, -9999, -9999, -9999, -9999, -9999, -9999, -9999, -9999, -9999, -9999, -9999, -9999, -9999, -9999, -9999, -9999, -9999, -9999, -9999, -9999, -9999, -9999, -9999, -9999, -9999, -9999, -9999, 1, 1, 1, 1, 1],
[-9999, -9999, -9999, -9999, -9999, -9999, -9999, -9999, -9999, -9999, -9999, -9999, -9999, -9999, -9999, -9999, -9999, -9999, -9999, -9999, -9999, -9999, -9999, -9999, -9999, -9999, -9999, -9999, -9999, -9999, -9999, -9999, -9999, -9999, -9999, -9999, -9999, -9999, -9999, -9999, -9999, -9999, -9999, -9999, -9999, -9999, -9999, -9999, -9999, -9999, -9999, -9999, -9999, -9999, -9999, -9999, -9999, -9999, -9999, -9999, -9999, -9999, -9999, -9999, -9999, -9999, -9999, -9999, -9999, -9999, -9999, -9999, -9999, -9999, 18, -9999, -9999, -9999, -9999, -9999, -9999, -9999, -9999, -9999, -9999, -9999, -9999, -9999, -9999, -9999, -9999, -9999, -9999, -9999, -9999, -9999, -9999, -9999, -9999, -9999, 1, 1, 1, 1, 1],
[-9999, -9999, -9999, -9999, -9999, -9999, -9999, -9999, -9999, -9999, -9999, -9999, -9999, -9999, 49, 24, -9999, -9999, -9999, -9999, -9999, 23, 68, -9999, -9999, 61, -9999, 68, 93, -9999, -9999, 59, -9999, 73, -9999, -9999, 31, -9999, 29, 34, 59, -9999, 47, 47, -9999, 64, -9999, -9999, 79, -9999, -9999, -9999, -9999, 63, -9999, -9999, 46, -9999, -9999, -9999, -9999, -9999, -9999, 8, 36, -9999, -9999, -9999, -9999, -9999, -9999, 78, 74, -9999, 41, 25, 42, -9999, -9999, -9999, 76, 48, 32, -9999, 26, -9999, 21, 37, -9999, 2, -9999, 37, -9999, 73, -9999, -9999, -9999, 80, 82, 70, 1, 1, 1, 1, 1],
[-9999, -9999, -9999, -9999, -9999, 10, 3, 8, -9999, -9999, 46, -9999, 60, 75, 41, -9999, -9999, -9999, -9999, -9999, -9999, -9999, 67, -9999, -9999, 19, -9999, 74, -9999, 15, -9999, -9999, 35, -9999, -9999, -9999, -9999, 74, -9999, 90, -9999, -9999, 13, 11, -9999, -9999, 2, -9999, 55, 3, -9999, -9999, -9999, 35, -9999, 34, -9999, -9999, -9999, 17, -9999, -9999, 89, 41, 43, 3, -9999, -9999, 19, 59, -9999, 73, -9999, 6, -9999, -9999, 22, 70, 20, 72, 56, 8, -9999, -9999, -9999, 68, 24, 91, -9999, 41, 14, -9999, -9999, 33, -9999, -9999, -9999, 94, 96, 21, 1, 1, 1, 1, 1],
[-9999, -9999, -9999, -9999, -9999, 65, 98, -9999, -9999, 83, -9999, -9999, -9999, -9999, -9999, 95, 71, -9999, -9999, 57, -9999, 40, -9999, -9999, 86, -9999, -9999, 24, -9999, -9999, -9999, -9999, 83, -9999, -9999, 40, -9999, -9999, -9999, -9999, -9999, -9999, 52, 53, -9999, -9999, -9999, -9999, 36, -9999, -9999, -9999, -9999, 92, -9999, -9999, 66, -9999, 81, -9999, -9999, -9999, -9999, -9999, -9999, 98, -9999, -9999, 62, -9999, 27, 12, 31, -9999, 54, 11, 41, -9999, -9999, -9999, -9999, 18, -9999, -9999, 32, 73, 78, 88, -9999, 73, 68, 37, -9999, 17, -9999, 88, -9999, 48, -9999, 79, 1, 1, 1, 1, 1],
[-9999, -9999, -9999, -9999, -9999, 1, 76, -9999, -9999, -9999, -9999, -9999, -9999, -9999, -9999, -9999, 22, -9999, -9999, -9999, 88, -9999, -9999, -9999, -9999, 39, -9999, -9999, 85, -9999, -9999, -9999, 31, 45, -9999, -9999, -9999, -9999, 46, -9999, -9999, -9999, -9999, -9999, -9999, 26, -9999, -9999, -9999, -9999, -9999, -9999, 74, 27, -9999, -9999, 97, -9999, -9999, -9999, -9999, -9999, -9999, -9999, -9999, -9999, -9999, -9999, -9999, -9999, 72, -9999, -9999, -9999, 99, 22, -9999, -9999, -9999, -9999, -9999, -9999, 56, -9999, 42, -9999, -9999, 44, -9999, -9999, -9999, 54, -9999, -9999, -9999, -9999, -9999, -9999, -9999, 38, 1, 1, 1, 1, 1],
[-9999, -9999, -9999, -9999, -9999, -9999, 31, -9999, -9999, -9999, -9999, -9999, -9999, -9999, 68, -9999, 77, -9999, -9999, -9999, -9999, -9999, 83, -9999, -9999, 60, -9999, -9999, 54, -9999, -9999, -9999, 83, 92, -9999, 58, 54, 51, -9999, 44, 44, -9999, 97, 2, -9999, 41, 58, -9999, 15, -9999, -9999, -9999, 90, 46, -9999, 74, -9999, -9999, -9999, -9999, -9999, -9999, -9999, -9999, -9999, 28, -9999, -9999, -9999, -9999, 27, 95, 31, -9999, 73, -9999, 62, -9999, -9999, -9999, 51, -9999, 88, -9999, 2, 30, 50, 94, -9999, 16, -9999, -9999, -9999, -9999, -9999, 45, -9999, 31, 92, -9999, 1, 1, 1, 1, 1],
[-9999, -9999, -9999, -9999, -9999, 28, -9999, 62, 75, -9999, 47, 61, 62, -9999, 45, 41, -9999, -9999, -9999, 81, -9999, 16, 83, -9999, -9999, -9999, -9999, 41, 1, -9999, 33, 77, 46, 86, -9999, 74, 19, 43, -9999, 1, 18, -9999, 70, 30, -9999, 18, -9999, 41, 44, 1, -9999, 50, -9999, -9999, 80, -9999, 32, -9999, 4, -9999, -9999, -9999, -9999, 45, 100, -9999, 84, -9999, 70, -9999, -9999, 1, -9999, 43, -9999, 7, 98, 99, 36, 71, -9999, 82, 7, 87, 11, -9999, 83, 19, -9999, -9999, -9999, -9999, -9999, -9999, -9999, -9999, 31, 65, -9999, -9999, 1, 1, 1, 1, 1],
[-9999, -9999, -9999, -9999, -9999, -9999, -9999, -9999, -9999, -9999, -9999, -9999, -9999, -9999, 41, -9999, -9999, -9999, -9999, -9999, -9999, -9999, -9999, -9999, -9999, -9999, -9999, -9999, 23, -9999, -9999, -9999, -9999, 75, -9999, 7, 49, -9999, 47, -9999, -9999, -9999, -9999, -9999, -9999, 59, -9999, -9999, -9999, -9999, -9999, -9999, -9999, 37, -9999, -9999, 80, -9999, -9999, -9999, -9999, -9999, -9999, -9999, -9999, -9999, -9999, -9999, -9999, -9999, -9999, -9999, -9999, -9999, 12, 12, -9999, -9999, -9999, -9999, -9999, -9999, 61, -9999, -9999, -9999, -9999, 43, -9999, -9999, -9999, -9999, -9999, -9999, -9999, -9999, -9999, -9999, -9999, -9999, 1, 1, 1, 1, 1],
[-9999, -9999, -9999, -9999, -9999, 90, 49, -9999, -9999, -9999, -9999, -9999, -9999, -9999, 61, -9999, 76, -9999, -9999, -9999, -9999, -9999, -9999, -9999, -9999, 26, -9999, -9999, 92, -9999, -9999, -9999, 42, 91, -9999, 42, 60, -9999, -9999, 23, -9999, -9999, -9999, -9999, -9999, -9999, -9999, -9999, -9999, -9999, -9999, -9999, 29, 78, -9999, -9999, -9999, -9999, -9999, -9999, -9999, -9999, -9999, -9999, -9999, -9999, -9999, -9999, -9999, -9999, 16, -9999, -9999, -9999, 26, -9999, -9999, -9999, -9999, -9999, -9999, -9999, 55, -9999, -9999, -9999, -9999, 81, -9999, -9999, -9999, -9999, -9999, -9999, -9999, -9999, -9999, -9999, -9999, -9999, 1, 1, 1, 1, 1],
[-9999, -9999, -9999, -9999, -9999, -9999, -9999, -9999, -9999, -9999, -9999, -9999, -9999, -9999, -9999, -9999, -9999, -9999, -9999, -9999, -9999, -9999, -9999, -9999, -9999, -9999, -9999, -9999, -9999, -9999, -9999, -9999, -9999, -9999, -9999, -9999, -9999, -9999, -9999, -9999, -9999, -9999, -9999, -9999, -9999, -9999, -9999, -9999, -9999, -9999, -9999, -9999, -9999, -9999, -9999, -9999, -9999, -9999, -9999, -9999, -9999, -9999, -9999, -9999, -9999, -9999, -9999, -9999, -9999, -9999, -9999, -9999, -9999, -9999, 88, -9999, -9999, -9999, -9999, -9999, -9999, -9999, -9999, -9999, -9999, -9999, -9999, -9999, -9999, -9999, -9999, -9999, -9999, -9999, -9999, -9999, -9999, -9999, -9999, -9999, 1, 1, 1, 1, 1],
[-9999, -9999, -9999, -9999, -9999, -9999, 63, -9999, -9999, 86, -9999, 31, -9999, -9999, 65, 1, 93, -9999, -9999, 94, 6, 13, 82, -9999, 65, -9999, 65, 17, 18, -9999, -9999, -9999, -9999, -9999, 50, -9999, 17, -9999, 11, -9999, 42, -9999, 86, 10, -9999, -9999, -9999, -9999, 46, 35, -9999, -9999, -9999, 57, -9999, 16, -9999, -9999, -9999, -9999, -9999, -9999, -9999, 53, -9999, -9999, -9999, -9999, -9999, -9999, -9999, 5, -9999, -9999, -9999, 63, -9999, -9999, -9999, -9999, -9999, 50, -9999, -9999, 82, -9999, -9999, 5, -9999, -9999, 36, 29, -9999, 1, -9999, -9999, -9999, 23, 9, 37, 1, 1, 1, 1, 1],
[-9999, -9999, -9999, -9999, -9999, 82, 80, -9999, -9999, -9999, -9999, 82, -9999, -9999, -9999, -9999, 22, -9999, -9999, -9999, 84, 76, -9999, -9999, 46, -9999, 50, -9999, -9999, -9999, -9999, 10, 6, 84, -9999, -9999, 65, 3, -9999, -9999, -9999, -9999, -9999, 97, -9999, -9999, -9999, -9999, 41, -9999, -9999, -9999, 74, 17, -9999, -9999, 86, -9999, -9999, -9999, -9999, -9999, -9999, -9999, 54, -9999, -9999, -9999, 95, -9999, 85, -9999, -9999, -9999, -9999, -9999, 48, -9999, -9999, -9999, -9999, -9999, 83, -9999, -9999, 54, 75, 88, -9999, -9999, 25, -9999, -9999, -9999, -9999, -9999, -9999, 97, 96, -9999, 1, 1, 1, 1, 1],
[-9999, -9999, -9999, -9999, -9999, -9999, -9999, -9999, -9999, -9999, -9999, -9999, -9999, 31, -9999, -9999, -9999, -9999, -9999, -9999, -9999, 33, -9999, -9999, -9999, -9999, -9999, -9999, -9999, -9999, -9999, -9999, -9999, -9999, -9999, -9999, -9999, -9999, -9999, -9999, -9999, -9999, -9999, -9999, -9999, -9999, -9999, -9999, -9999, -9999, -9999, -9999, -9999, -9999, -9999, -9999, -9999, -9999, -9999, -9999, -9999, -9999, -9999, -9999, -9999, -9999, -9999, -9999, -9999, -9999, -9999, 35, -9999, -9999, 1, -9999, -9999, -9999, -9999, -9999, -9999, -9999, -9999, -9999, -9999, -9999, -9999, -9999, -9999, -9999, -9999, -9999, -9999, -9999, -9999, -9999, -9999, -9999, -9999, -9999, 1, 1, 1, 1, 1],
[-9999, -9999, -9999, -9999, -9999, 7, 71, -9999, -9999, -9999, -9999, 16, -9999, 76, -9999, -9999, -9999, -9999, -9999, 52, -9999, -9999, 60, -9999, -9999, 81, -9999, 68, 28, -9999, -9999, -9999, -9999, 31, -9999, -9999, 79, 65, 7, 59, 24, -9999, 11, 5, -9999, -9999, 85, -9999, 10, -9999, -9999, -9999, 71, -9999, -9999, 84, 55, -9999, -9999, -9999, -9999, -9999, -9999, 100, -9999, -9999, -9999, -9999, -9999, -9999, 62, 55, -9999, -9999, 42, 28, 52, -9999, -9999, -9999, -9999, -9999, 75, -9999, 83, 62, 73, 26, -9999, -9999, 40, -9999, -9999, 11, -9999, -9999, -9999, 7, -9999, 82, 1, 1, 1, 1, 1],
[-9999, -9999, -9999, -9999, -9999, -9999, -9999, -9999, -9999, -9999, -9999, -9999, -9999, -9999, -9999, -9999, -9999, -9999, -9999, -9999, -9999, 62, -9999, -9999, -9999, -9999, -9999, -9999, -9999, -9999, -9999, -9999, -9999, -9999, -9999, -9999, -9999, -9999, -9999, -9999, -9999, -9999, -9999, -9999, -9999, -9999, -9999, -9999, -9999, -9999, -9999, -9999, -9999, -9999, -9999, -9999, -9999, -9999, -9999, -9999, -9999, -9999, -9999, 40, -9999, -9999, -9999, -9999, -9999, -9999, -9999, -9999, -9999, -9999, 7, -9999, -9999, -9999, -9999, -9999, -9999, -9999, -9999, -9999, -9999, 40, -9999, -9999, -9999, -9999, -9999, -9999, -9999, -9999, -9999, -9999, -9999, -9999, -9999, -9999, 1, 1, 1, 1, 1],
[-9999, -9999, -9999, -9999, -9999, 83, 12, -9999, -9999, -9999, -9999, -9999, -9999, -9999, -9999, -9999, -9999, -9999, -9999, -9999, -9999, -9999, -9999, -9999, -9999, 88, -9999, -9999, 91, -9999, -9999, -9999, 32, 69, -9999, -9999, -9999, -9999, 22, -9999, -9999, -9999, -9999, -9999, -9999, 69, -9999, -9999, -9999, -9999, -9999, -9999, -9999, 74, -9999, -9999, 59, -9999, -9999, -9999, -9999, -9999, -9999, -9999, -9999, 92, -9999, -9999, -9999, -9999, 55, -9999, -9999, -9999, 65, 20, -9999, -9999, -9999, -9999, -9999, -9999, 6, -9999, -9999, -9999, -9999, 81, -9999, -9999, -9999, 4, -9999, -9999, -9999, -9999, -9999, -9999, -9999, 39, 1, 1, 1, 1, 1],
[-9999, -9999, -9999, -9999, -9999, 91, 57, -9999, -9999, 47, -9999, -9999, -9999, 70, 54, -9999, 60, -9999, -9999, 18, 64, 30, -9999, -9999, 64, -9999, -9999, -9999, -9999, -9999, -9999, -9999, 92, -9999, -9999, -9999, -9999, -9999, 94, 10, 47, -9999, 20, 11, -9999, -9999, -9999, -9999, 17, -9999, -9999, -9999, 8, -9999, -9999, -9999, 57, -9999, -9999, -9999, -9999, -9999, -9999, 66, 91, -9999, 1, 14, -9999, -9999, 84, 81, 9, -9999, 100, 52, -9999, -9999, -9999, -9999, -9999, -9999, 33, -9999, 65, 83, 74, 62, -9999, 75, -9999, 4, -9999, -9999, -9999, 7, -9999, 47, -9999, 26, 1, 1, 1, 1, 1],
[-9999, -9999, -9999, -9999, -9999, 48, -9999, -9999, -9999, -9999, -9999, -9999, -9999, 72, -9999, 55, 83, -9999, -9999, 65, -9999, 35, 94, -9999, 55, 66, -9999, 79, -9999, -9999, -9999, -9999, -9999, 48, -9999, -9999, -9999, -9999, -9999, 5, 21, -9999, 19, 61, -9999, -9999, -9999, 71, 63, -9999, 61, -9999, -9999, -9999, -9999, -9999, 60, -9999, -9999, -9999, -9999, -9999, -9999, 59, -9999, 40, -9999, -9999, 35, -9999, -9999, 48, -9999, -9999, 70, -9999, 8, -9999, -9999, -9999, -9999, 5, 10, -9999, 7, 32, -9999, 69, -9999, 43, 11, 16, -9999, 64, -9999, -9999, -9999, 15, 72, 91, 1, 1, 1, 1, 1],
[-9999, -9999, -9999, -9999, -9999, -9999, 25, -9999, -9999, -9999, -9999, -9999, -9999, -9999, -9999, -9999, 67, -9999, -9999, -9999, 60, -9999, -9999, -9999, -9999, 98, -9999, -9999, 81, -9999, -9999, -9999, -9999, -9999, -9999, -9999, -9999, -9999, 16, -9999, -9999, -9999, -9999, -9999, -9999, -9999, -9999, -9999, -9999, -9999, -9999, -9999, -9999, 18, -9999, -9999, -9999, -9999, -9999, -9999, -9999, -9999, 23, -9999, -9999, -9999, -9999, -9999, -9999, -9999, 94, -9999, -9999, 7, 33, 74, -9999, -9999, -9999, -9999, -9999, -9999, 99, -9999, 61, -9999, -9999, 34, -9999, -9999, -9999, -9999, 81, -9999, -9999, -9999, -9999, -9999, -9999, -9999, 1, 1, 1, 1, 1],
[-9999, -9999, -9999, -9999, -9999, -9999, -9999, -9999, -9999, -9999, -9999, -9999, -9999, -9999, -9999, -9999, -9999, -9999, -9999, -9999, -9999, -9999, -9999, -9999, -9999, -9999, -9999, -9999, -9999, -9999, -9999, -9999, -9999, -9999, -9999, -9999, -9999, -9999, -9999, -9999, -9999, -9999, -9999, -9999, -9999, -9999, -9999, -9999, -9999, -9999, -9999, -9999, -9999, -9999, -9999, -9999, -9999, -9999, -9999, -9999, -9999, -9999, -9999, -9999, -9999, -9999, -9999, -9999, -9999, -9999, -9999, -9999, -9999, -9999, 73, -9999, -9999, -9999, -9999, -9999, -9999, -9999, -9999, -9999, -9999, -9999, -9999, -9999, -9999, -9999, -9999, -9999, -9999, -9999, -9999, -9999, -9999, -9999, -9999, -9999, 1, 1, 1, 1, 1],
[-9999, -9999, -9999, -9999, -9999, -9999, -9999, -9999, -9999, -9999, -9999, -9999, -9999, -9999, 73, 82, -9999, -9999, -9999, 93, -9999, -9999, -9999, -9999, 73, -9999, -9999, 47, 100, -9999, -9999, 59, 42, 45, -9999, -9999, -9999, -9999, -9999, -9999, 46, -9999, 22, 50, -9999, -9999, -9999, -9999, -9999, 22, -9999, -9999, -9999, -9999, -9999, 14, 84, -9999, -9999, -9999, -9999, -9999, -9999, 22, -9999, 99, -9999, -9999, 32, -9999, 35, 74, 33, -9999, 59, 8, -9999, -9999, -9999, -9999, -9999, 57, 40, -9999, 14, 11, 2, 22, -9999, 94, -9999, -9999, -9999, 28, -9999, 5, -9999, 50, 84, -9999, 1, 1, 1, 1, 1],
[-9999, -9999, -9999, -9999, -9999, 81, -9999, -9999, -9999, 54, -9999, -9999, -9999, 56, -9999, -9999, -9999, -9999, -9999, 4, -9999, -9999, -9999, -9999, 74, 52, -9999, 4, 18, -9999, -9999, -9999, -9999, 68, -9999, 71, 98, -9999, 4, -9999, -9999, -9999, 95, 9, -9999, -9999, -9999, -9999, 74, 59, 91, -9999, 2, -9999, -9999, 35, 94, -9999, -9999, -9999, 65, -9999, -9999, -9999, -9999, 30, -9999, -9999, -9999, -9999, -9999, 23, -9999, -9999, -9999, -9999, 83, -9999, -9999, -9999, 61, -9999, -9999, -9999, 52, -9999, 70, 14, -9999, 91, 64, -9999, -9999, -9999, -9999, 16, -9999, 35, -9999, -9999, 1, 1, 1, 1, 1],
[-9999, -9999, -9999, -9999, -9999, 90, -9999, -9999, -9999, -9999, -9999, -9999, -9999, -9999, 25, -9999, -9999, -9999, -9999, -9999, 4, -9999, -9999, -9999, -9999, 48, -9999, -9999, -9999, -9999, -9999, -9999, -9999, 94, -9999, -9999, 56, -9999, -9999, -9999, -9999, -9999, -9999, -9999, -9999, 61, -9999, -9999, -9999, -9999, -9999, -9999, -9999, -9999, -9999, -9999, 82, -9999, -9999, -9999, -9999, -9999, -9999, -9999, -9999, 44, -9999, -9999, -9999, -9999, -9999, -9999, -9999, -9999, -9999, -9999, -9999, -9999, -9999, -9999, -9999, -9999, 52, -9999, 36, -9999, -9999, 81, -9999, -9999, -9999, 39, -9999, -9999, -9999, -9999, -9999, -9999, -9999, 60, 1, 1, 1, 1, 1],
[-9999, -9999, -9999, -9999, -9999, -9999, 97, -9999, -9999, -9999, -9999, 48, -9999, 25, -9999, 81, -9999, -9999, -9999, -9999, -9999, 35, 68, -9999, -9999, 54, -9999, 63, 34, -9999, -9999, 50, -9999, 34, -9999, 28, 80, 80, -9999, 61, 12, -9999, -9999, 46, -9999, -9999, -9999, -9999, 18, -9999, -9999, -9999, 33, -9999, -9999, -9999, 13, -9999, 58, -9999, -9999, -9999, -9999, -9999, 52, 20, -9999, -9999, -9999, -9999, -9999, 97, -9999, -9999, 44, 70, -9999, -9999, -9999, -9999, -9999, -9999, 4, -9999, 1, -9999, 59, 23, -9999, 4, -9999, 28, -9999, -9999, -9999, 45, 62, 29, 19, 84, 1, 1, 1, 1, 1],
[-9999, -9999, -9999, -9999, -9999, 100, 78, -9999, -9999, -9999, -9999, -9999, -9999, -9999, 11, -9999, -9999, -9999, -9999, -9999, -9999, -9999, -9999, -9999, -9999, 67, -9999, -9999, 69, -9999, -9999, -9999, 97, -9999, -9999, -9999, 75, -9999, -9999, 13, -9999, -9999, -9999, -9999, -9999, 24, -9999, -9999, -9999, -9999, -9999, -9999, 43, 61, -9999, -9999, -9999, -9999, -9999, -9999, -9999, -9999, -9999, -9999, -9999, 12, -9999, -9999, -9999, -9999, 25, -9999, -9999, -9999, 16, 56, -9999, -9999, -9999, -9999, -9999, -9999, 53, -9999, -9999, -9999, -9999, 28, -9999, -9999, -9999, 82, -9999, -9999, -9999, -9999, -9999, -9999, -9999, 29, 1, 1, 1, 1, 1],
[-9999, -9999, -9999, -9999, -9999, -9999, 22, 98, -9999, -9999, -9999, 44, 61, 55, 23, -9999, 52, 99, -9999, 36, 24, 83, -9999, -9999, -9999, -9999, -9999, 14, 33, -9999, -9999, -9999, -9999, 1, -9999, -9999, -9999, 85, 87, -9999, 34, -9999, -9999, 99, -9999, -9999, -9999, -9999, 47, 93, -9999, -9999, 35, 12, 17, 98, 34, -9999, -9999, 14, -9999, -9999, -9999, 78, -9999, 56, 22, -9999, -9999, -9999, -9999, 72, 8, 49, 68, 25, 43, 46, 71, 7, -9999, 52, -9999, -9999, 10, 43, -9999, 18, -9999, 48, 88, 36, -9999, -9999, -9999, -9999, -9999, 10, -9999, 33, 1, 1, 1, 1, 1],
[-9999, -9999, -9999, -9999, -9999, -9999, -9999, -9999, -9999, -9999, -9999, -9999, -9999, -9999, -9999, -9999, -9999, -9999, -9999, -9999, -9999, 76, -9999, -9999, -9999, -9999, 9, -9999, -9999, -9999, -9999, -9999, -9999, -9999, -9999, -9999, -9999, 79, -9999, -9999, -9999, -9999, -9999, -9999, -9999, -9999, -9999, -9999, -9999, -9999, -9999, -9999, -9999, -9999, -9999, -9999, -9999, -9999, -9999, -9999, -9999, -9999, -9999, -9999, -9999, -9999, -9999, -9999, -9999, -9999, -9999, -9999, -9999, -9999, -9999, -9999, -9999, -9999, -9999, -9999, -9999, -9999, -9999, -9999, -9999, -9999, -9999, -9999, -9999, -9999, -9999, -9999, -9999, 86, -9999, -9999, -9999, -9999, -9999, -9999, 1, 1, 1, 1, 1],
[-9999, -9999, -9999, -9999, -9999, 69, 1, -9999, -9999, -9999, -9999, -9999, -9999, -9999, 87, -9999, -9999, -9999, -9999, -9999, 76, -9999, -9999, -9999, -9999, 7, -9999, -9999, -9999, -9999, -9999, -9999, 1, -9999, -9999, -9999, 34, -9999, 13, 92, -9999, -9999, -9999, -9999, -9999, 26, -9999, -9999, -9999, -9999, -9999, -9999, 10, -9999, 60, -9999, 11, -9999, -9999, 54, -9999, -9999, 40, -9999, -9999, 60, -9999, -9999, -9999, 43, -9999, -9999, -9999, -9999, 22, 99, -9999, -9999, -9999, -9999, -9999, -9999, -9999, -9999, 19, -9999, -9999, 62, -9999, -9999, -9999, -9999, -9999, -9999, -9999, -9999, -9999, -9999, -9999, -9999, 1, 1, 1, 1, 1],
[-9999, -9999, -9999, -9999, -9999, 61, -9999, -9999, -9999, -9999, -9999, -9999, -9999, 83, 97, -9999, -9999, -9999, -9999, 42, 59, -9999, 44, -9999, -9999, -9999, -9999, -9999, 39, -9999, -9999, -9999, 18, 45, -9999, 92, 92, 4, 88, 37, -9999, 27, 9, 59, -9999, 42, -9999, -9999, 13, -9999, -9999, -9999, 83, -9999, -9999, 66, -9999, -9999, 6, -9999, -9999, -9999, -9999, 88, 93, -9999, -9999, -9999, 5, -9999, 92, 17, 37, -9999, -9999, 54, -9999, -9999, -9999, -9999, -9999, -9999, 96, -9999, 80, 33, 48, 59, -9999, 75, 52, -9999, -9999, 6, -9999, 50, -9999, 43, 99, -9999, 1, 1, 1, 1, 1],
[-9999, -9999, -9999, -9999, -9999, -9999, -9999, -9999, -9999, -9999, -9999, -9999, -9999, -9999, 51, -9999, -9999, -9999, -9999, -9999, 38, -9999, -9999, -9999, -9999, -9999, -9999, -9999, 57, -9999, -9999, -9999, 56, 68, -9999, 76, -9999, -9999, 90, 71, -9999, -9999, -9999, -9999, -9999, -9999, -9999, -9999, -9999, -9999, -9999, -9999, -9999, -9999, -9999, -9999, 82, -9999, -9999, -9999, -9999, -9999, -9999, -9999, -9999, 72, -9999, -9999, -9999, -9999, -9999, -9999, -9999, -9999, -9999, 6, -9999, -9999, -9999, -9999, -9999, -9999, 8, -9999, 73, -9999, -9999, 13, -9999, -9999, -9999, 37, -9999, -9999, -9999, -9999, -9999, -9999, -9999, 86, 1, 1, 1, 1, 1],
[-9999, -9999, -9999, -9999, -9999, -9999, -9999, -9999, -9999, -9999, -9999, -9999, -9999, 61, -9999, -9999, 18, -9999, -9999, 7, 57, -9999, 73, -9999, -9999, 8, -9999, 6, -9999, -9999, -9999, -9999, -9999, 74, -9999, 27, 34, 37, 2, 24, 51, -9999, 16, 79, -9999, 34, -9999, -9999, 25, -9999, -9999, -9999, 97, 26, -9999, -9999, 72, -9999, -9999, -9999, -9999, -9999, -9999, 79, 40, -9999, -9999, 54, 2, -9999, -9999, 84, -9999, -9999, 21, 17, -9999, -9999, -9999, -9999, -9999, 81, 16, -9999, 56, -9999, -9999, -9999, -9999, 21, -9999, 89, -9999, 54, -9999, 64, -9999, 90, 95, 52, 1, 1, 1, 1, 1],
[-9999, -9999, -9999, -9999, -9999, -9999, 11, -9999, -9999, -9999, -9999, -9999, -9999, -9999, -9999, -9999, 99, -9999, -9999, -9999, 6, -9999, -9999, -9999, -9999, -9999, -9999, -9999, -9999, -9999, -9999, -9999, 17, -9999, -9999, -9999, 47, -9999, 37, -9999, -9999, -9999, -9999, -9999, -9999, 65, -9999, -9999, -9999, -9999, -9999, -9999, 70, 57, -9999, -9999, -9999, -9999, -9999, -9999, -9999, -9999, -9999, -9999, -9999, -9999, -9999, -9999, -9999, -9999, 74, -9999, -9999, -9999, -9999, 32, -9999, -9999, -9999, -9999, -9999, -9999, 11, -9999, 55, -9999, -9999, 75, -9999, -9999, -9999, 29, -9999, -9999, -9999, -9999, -9999, -9999, -9999, -9999, 1, 1, 1, 1, 1],
[-9999, -9999, -9999, -9999, -9999, -9999, -9999, -9999, -9999, -9999, -9999, -9999, -9999, 70, -9999, -9999, -9999, -9999, -9999, -9999, -9999, 26, -9999, -9999, -9999, -9999, -9999, -9999, -9999, -9999, -9999, -9999, -9999, -9999, -9999, -9999, -9999, 99, -9999, -9999, -9999, -9999, -9999, -9999, -9999, -9999, -9999, -9999, -9999, -9999, -9999, -9999, -9999, -9999, -9999, -9999, -9999, -9999, -9999, -9999, -9999, -9999, -9999, -9999, -9999, -9999, -9999, -9999, -9999, -9999, -9999, -9999, -9999, -9999, 26, -9999, -9999, -9999, -9999, -9999, -9999, -9999, -9999, -9999, -9999, 22, -9999, -9999, -9999, -9999, -9999, -9999, -9999, -9999, -9999, -9999, -9999, -9999, -9999, -9999, 1, 1, 1, 1, 1],
[-9999, -9999, -9999, -9999, -9999, -9999, -9999, -9999, -9999, -9999, -9999, -9999, -9999, -9999, -9999, -9999, -9999, -9999, -9999, -9999, -9999, 26, -9999, -9999, -9999, -9999, 62, -9999, -9999, -9999, -9999, -9999, -9999, -9999, -9999, -9999, -9999, -9999, -9999, -9999, -9999, -9999, -9999, -9999, -9999, -9999, -9999, -9999, -9999, -9999, -9999, -9999, -9999, -9999, -9999, -9999, -9999, -9999, -9999, -9999, -9999, -9999, -9999, 80, -9999, -9999, -9999, -9999, -9999, -9999, -9999, 20, -9999, -9999, 3, -9999, -9999, -9999, -9999, -9999, -9999, -9999, -9999, -9999, -9999, 52, -9999, -9999, -9999, -9999, -9999, -9999, -9999, 15, -9999, -9999, -9999, -9999, -9999, -9999, 1, 1, 1, 1, 1],
[-9999, -9999, -9999, -9999, -9999, -9999, -9999, -9999, -9999, -9999, -9999, -9999, -9999, -9999, 66, -9999, -9999, -9999, -9999, -9999, 42, -9999, -9999, -9999, -9999, 66, -9999, -9999, -9999, -9999, -9999, -9999, 27, 42, -9999, 3, 66, -9999, -9999, -9999, -9999, -9999, -9999, -9999, -9999, -9999, -9999, -9999, -9999, -9999, -9999, -9999, 7, -9999, -9999, -9999, 61, -9999, -9999, -9999, -9999, -9999, -9999, -9999, -9999, -9999, -9999, -9999, -9999, -9999, 71, -9999, -9999, -9999, 82, 65, -9999, -9999, -9999, -9999, -9999, -9999, 71, -9999, -9999, -9999, -9999, 84, -9999, -9999, -9999, -9999, -9999, -9999, -9999, -9999, -9999, -9999, -9999, 100, 1, 1, 1, 1, 1],
[-9999, -9999, -9999, -9999, -9999, 69, 21, 73, 77, -9999, 55, 51, 79, 39, 83, 88, 65, -9999, 13, 56, 26, -9999, 68, -9999, 20, -9999, -9999, -9999, -9999, -9999, 47, -9999, 76, 52, -9999, -9999, -9999, -9999, -9999, -9999, 75, -9999, 36, 90, -9999, -9999, -9999, -9999, 27, -9999, -9999, -9999, 20, 77, -9999, -9999, 92, -9999, -9999, 16, -9999, 33, 78, 95, 99, 26, -9999, -9999, -9999, -9999, 42, -9999, 11, -9999, 94, 60, -9999, 1, 99, -9999, -9999, 4, -9999, -9999, -9999, -9999, -9999, 70, -9999, -9999, 59, 8, -9999, 95, -9999, 71, -9999, 26, 73, 47, 1, 1, 1, 1, 1],
[-9999, -9999, -9999, -9999, -9999, 78, 34, -9999, -9999, -9999, -9999, -9999, -9999, -9999, 61, -9999, -9999, -9999, -9999, -9999, 66, -9999, -9999, -9999, -9999, 61, -9999, -9999, -9999, -9999, -9999, -9999, -9999, 35, -9999, -9999, -9999, -9999, 66, 16, -9999, -9999, -9999, -9999, -9999, 12, -9999, -9999, -9999, -9999, -9999, -9999, 76, -9999, -9999, -9999, -9999, -9999, -9999, 90, -9999, -9999, -9999, -9999, -9999, 88, -9999, -9999, -9999, -9999, 16, -9999, -9999, -9999, -9999, -9999, -9999, -9999, -9999, -9999, -9999, -9999, 46, -9999, 37, -9999, -9999, -9999, -9999, -9999, -9999, 56, 11, -9999, -9999, -9999, -9999, -9999, -9999, -9999, 1, 1, 1, 1, 1],
[-9999, -9999, -9999, -9999, -9999, -9999, -9999, -9999, -9999, -9999, -9999, -9999, -9999, -9999, -9999, -9999, -9999, -9999, -9999, -9999, -9999, -9999, -9999, -9999, -9999, -9999, -9999, -9999, -9999, -9999, -9999, -9999, -9999, -9999, -9999, -9999, -9999, -9999, -9999, -9999, -9999, -9999, -9999, -9999, -9999, -9999, -9999, -9999, -9999, -9999, -9999, -9999, -9999, -9999, -9999, -9999, -9999, -9999, -9999, 86, -9999, -9999, -9999, -9999, -9999, -9999, -9999, -9999, -9999, -9999, -9999, -9999, -9999, -9999, 5, -9999, -9999, -9999, -9999, -9999, -9999, -9999, -9999, -9999, -9999, -9999, -9999, -9999, -9999, -9999, -9999, -9999, -9999, -9999, -9999, -9999, -9999, -9999, -9999, -9999, 1, 1, 1, 1, 1],
[-9999, -9999, -9999, -9999, -9999, 6, 16, -9999, -9999, 37, -9999, -9999, 35, 55, -9999, -9999, -9999, 11, -9999, -9999, 87, 73, 27, 32, 22, -9999, -9999, 96, 50, -9999, 32, 65, 44, -9999, -9999, -9999, -9999, 84, 12, -9999, 65, -9999, 65, 48, -9999, -9999, -9999, -9999, 46, -9999, -9999, -9999, -9999, 38, 72, 34, -9999, -9999, -9999, 66, -9999, 7, -9999, 20, 31, -9999, -9999, -9999, -9999, -9999, 27, 88, -9999, -9999, 91, -9999, 66, -9999, -9999, 22, -9999, 60, -9999, 45, -9999, -9999, 61, 78, -9999, -9999, 61, 35, -9999, -9999, -9999, 50, -9999, 88, -9999, -9999, 1, 1, 1, 1, 1],
[-9999, -9999, -9999, -9999, -9999, -9999, -9999, -9999, -9999, -9999, -9999, -9999, -9999, -9999, -9999, -9999, 80, -9999, -9999, -9999, 45, -9999, -9999, -9999, -9999, -9999, -9999, -9999, -9999, -9999, -9999, -9999, 66, -9999, -9999, 42, 69, -9999, 59, 3, -9999, -9999, -9999, -9999, -9999, 20, -9999, -9999, -9999, -9999, -9999, -9999, 90, -9999, -9999, -9999, -9999, -9999, -9999, -9999, -9999, -9999, -9999, -9999, -9999, 58, -9999, -9999, -9999, -9999, 33, -9999, -9999, -9999, 3, -9999, -9999, -9999, -9999, -9999, 58, -9999, 45, -9999, 60, -9999, -9999, 17, -9999, -9999, -9999, 52, -9999, -9999, -9999, -9999, -9999, -9999, -9999, 100, 1, 1, 1, 1, 1],
[-9999, -9999, -9999, -9999, -9999, -9999, -9999, -9999, -9999, -9999, -9999, -9999, -9999, -9999, -9999, -9999, 32, -9999, -9999, -9999, 53, -9999, -9999, -9999, -9999, -9999, -9999, -9999, -9999, -9999, -9999, -9999, 93, 93, -9999, -9999, 98, -9999, 42, 44, -9999, -9999, -9999, -9999, -9999, 9, -9999, -9999, -9999, -9999, -9999, -9999, 29, 71, -9999, -9999, 5, -9999, -9999, -9999, -9999, -9999, -9999, -9999, -9999, -9999, -9999, -9999, -9999, -9999, 26, -9999, -9999, -9999, -9999, 31, -9999, -9999, -9999, -9999, -9999, -9999, 84, -9999, 80, -9999, -9999, 67, -9999, -9999, -9999, 73, -9999, -9999, -9999, -9999, -9999, -9999, -9999, 20, 1, 1, 1, 1, 1],
[-9999, -9999, -9999, -9999, -9999, -9999, -9999, -9999, -9999, -9999, -9999, -9999, -9999, 92, -9999, -9999, -9999, -9999, -9999, -9999, -9999, -9999, -9999, -9999, -9999, -9999, -9999, -9999, -9999, -9999, -9999, -9999, -9999, -9999, -9999, -9999, -9999, 71, -9999, -9999, -9999, -9999, -9999, -9999, -9999, -9999, -9999, -9999, -9999, -9999, -9999, -9999, -9999, -9999, -9999, -9999, -9999, -9999, -9999, -9999, -9999, -9999, -9999, -9999, -9999, -9999, -9999, -9999, -9999, -9999, -9999, -9999, -9999, -9999, 64, -9999, -9999, -9999, -9999, -9999, -9999, -9999, -9999, -9999, -9999, 51, -9999, -9999, -9999, -9999, -9999, -9999, -9999, 58, -9999, -9999, -9999, -9999, -9999, -9999, 1, 1, 1, 1, 1],
[-9999, -9999, -9999, -9999, -9999, 22, 34, -9999, -9999, -9999, -9999, -9999, -9999, -9999, -9999, -9999, 90, -9999, -9999, -9999, -9999, -9999, -9999, -9999, -9999, 65, -9999, -9999, 79, -9999, -9999, -9999, -9999, -9999, -9999, 84, 47, -9999, 90, 20, -9999, -9999, -9999, -9999, -9999, 56, -9999, -9999, -9999, -9999, 83, -9999, 99, 40, -9999, -9999, -9999, -9999, -9999, -9999, -9999, -9999, -9999, -9999, -9999, 23, -9999, -9999, -9999, -9999, -9999, -9999, -9999, -9999, 26, 52, -9999, -9999, -9999, -9999, -9999, -9999, 49, -9999, -9999, -9999, -9999, 57, -9999, -9999, -9999, 86, -9999, -9999, -9999, -9999, -9999, -9999, -9999, 80, 1, 1, 1, 1, 1],
[-9999, -9999, -9999, -9999, -9999, -9999, -9999, -9999, -9999, -9999, -9999, 1, -9999, -9999, -9999, -9999, 71, -9999, -9999, 68, 94, 17, 57, -9999, -9999, -9999, -9999, -9999, 31, -9999, -9999, 29, 63, -9999, -9999, -9999, 34, 74, -9999, 40, 39, -9999, -9999, 86, -9999, -9999, -9999, -9999, 54, -9999, -9999, -9999, -9999, -9999, -9999, 86, 28, -9999, -9999, -9999, -9999, -9999, -9999, -9999, -9999, 86, -9999, -9999, 74, -9999, -9999, 27, -9999, -9999, -9999, -9999, -9999, -9999, -9999, -9999, -9999, 92, 1, -9999, 67, 52, -9999, 75, -9999, 79, 15, 26, -9999, 33, -9999, -9999, 27, 6, -9999, -9999, 1, 1, 1, 1, 1],
[-9999, -9999, -9999, -9999, -9999, 79, 12, -9999, -9999, -9999, -9999, 5, -9999, -9999, -9999, 25, 92, -9999, -9999, 91, -9999, 33, -9999, -9999, -9999, 88, -9999, -9999, -9999, -9999, -9999, 55, 22, 43, -9999, 36, -9999, 25, -9999, 38, 1, -9999, -9999, 38, -9999, 55, -9999, -9999, 37, 47, -9999, -9999, 31, 49, -9999, -9999, -9999, -9999, 74, -9999, -9999, -9999, -9999, -9999, 51, 24, -9999, -9999, -9999, -9999, 39, 65, -9999, -9999, -9999, 94, 93, -9999, -9999, -9999, -9999, -9999, 65, -9999, 2, 36, 80, 5, -9999, -9999, 98, 38, -9999, -9999, -9999, 58, -9999, 45, -9999, -9999, 1, 1, 1, 1, 1],
[-9999, -9999, -9999, -9999, -9999, 75, 1, 20, -9999, -9999, -9999, -9999, 77, 5, 55, -9999, -9999, -9999, -9999, 98, -9999, -9999, 40, 100, -9999, -9999, -9999, 74, -9999, -9999, 80, -9999, 68, 88, -9999, 96, 31, 42, -9999, 36, -9999, -9999, 61, 44, -9999, 93, -9999, -9999, 49, 67, -9999, -9999, -9999, -9999, 17, 76, 88, -9999, -9999, -9999, -9999, -9999, 62, 59, -9999, -9999, -9999, -9999, 99, -9999, 85, 70, -9999, 7, 93, 78, -9999, 28, -9999, -9999, -9999, 81, 66, -9999, 78, -9999, -9999, 17, -9999, 50, -9999, 42, -9999, 63, -9999, -9999, -9999, 50, -9999, -9999, 1, 1, 1, 1, 1],
[-9999, -9999, -9999, -9999, -9999, -9999, 84, -9999, -9999, 21, -9999, 80, -9999, -9999, -9999, 63, -9999, -9999, -9999, -9999, -9999, -9999, 61, -9999, -9999, 6, -9999, 21, 89, -9999, -9999, -9999, 46, 37, -9999, -9999, 72, -9999, 52, -9999, 77, -9999, 78, 38, -9999, -9999, -9999, -9999, 89, -9999, -9999, -9999, -9999, -9999, -9999, 39, 56, -9999, -9999, -9999, -9999, -9999, -9999, 77, 53, -9999, -9999, -9999, 31, -9999, -9999, 60, 29, -9999, 38, 54, -9999, -9999, -9999, -9999, -9999, 44, -9999, -9999, -9999, -9999, 42, 44, -9999, 90, 94, 5, -9999, 77, -9999, -9999, 85, 3, -9999, -9999, 1, 1, 1, 1, 1],
[-9999, -9999, -9999, -9999, -9999, -9999, 26, -9999, -9999, -9999, -9999, -9999, -9999, -9999, 95, -9999, -9999, -9999, -9999, -9999, 58, -9999, -9999, -9999, -9999, -9999, -9999, -9999, -9999, -9999, -9999, -9999, 53, -9999, -9999, -9999, 79, -9999, -9999, -9999, -9999, -9999, -9999, -9999, -9999, 58, -9999, -9999, -9999, -9999, -9999, -9999, 40, -9999, -9999, -9999, 10, -9999, -9999, -9999, -9999, -9999, -9999, -9999, -9999, 55, -9999, -9999, -9999, -9999, 80, -9999, -9999, -9999, -9999, 53, -9999, -9999, -9999, -9999, -9999, -9999, 3, -9999, 54, -9999, -9999, 38, -9999, -9999, -9999, 24, -9999, -9999, -9999, -9999, -9999, -9999, -9999, -9999, 1, 1, 1, 1, 1],
[-9999, -9999, -9999, -9999, -9999, -9999, -9999, -9999, -9999, -9999, -9999, -9999, 29, 62, -9999, -9999, -9999, -9999, -9999, -9999, -9999, 37, -9999, 4, -9999, -9999, -9999, -9999, -9999, -9999, -9999, -9999, -9999, -9999, -9999, -9999, -9999, -9999, -9999, -9999, -9999, -9999, -9999, -9999, -9999, -9999, -9999, -9999, -9999, -9999, -9999, -9999, -9999, -9999, -9999, -9999, -9999, -9999, -9999, 50, -9999, -9999, -9999, 69, -9999, -9999, -9999, -9999, -9999, -9999, -9999, -9999, -9999, -9999, -9999, -9999, -9999, 76, 85, -9999, -9999, -9999, -9999, -9999, -9999, -9999, -9999, -9999, -9999, -9999, -9999, -9999, -9999, 22, -9999, -9999, -9999, -9999, -9999, -9999, 1, 1, 1, 1, 1],
[-9999, -9999, -9999, -9999, -9999, -9999, 45, -9999, -9999, -9999, -9999, 94, -9999, 54, 33, -9999, 12, -9999, -9999, -9999, -9999, -9999, -9999, -9999, -9999, 31, 42, 36, 64, -9999, -9999, 88, -9999, 32, -9999, 27, -9999, -9999, -9999, 15, 47, -9999, 19, 51, -9999, 75, -9999, -9999, 90, 61, -9999, -9999, -9999, 51, -9999, -9999, 40, -9999, -9999, -9999, -9999, -9999, -9999, 96, -9999, -9999, -9999, -9999, -9999, -9999, 88, -9999, 4, -9999, -9999, -9999, 25, -9999, -9999, -9999, -9999, -9999, -9999, -9999, 38, -9999, 81, 33, -9999, 70, 10, 2, -9999, -9999, 18, 43, -9999, 25, 27, 86, 1, 1, 1, 1, 1],
[-9999, -9999, -9999, -9999, -9999, -9999, -9999, -9999, -9999, -9999, -9999, -9999, -9999, -9999, -9999, -9999, 54, -9999, -9999, -9999, 6, -9999, -9999, -9999, -9999, 71, -9999, -9999, 51, -9999, -9999, -9999, 26, -9999, -9999, 31, 54, -9999, 98, 98, -9999, -9999, -9999, -9999, -9999, -9999, -9999, -9999, -9999, -9999, -9999, -9999, 98, 11, 37, -9999, 7, -9999, -9999, -9999, -9999, -9999, 5, -9999, -9999, -9999, -9999, -9999, -9999, -9999, 73, -9999, -9999, -9999, 52, 84, -9999, -9999, -9999, -9999, -9999, -9999, 97, -9999, -9999, -9999, -9999, 18, -9999, -9999, -9999, 17, -9999, -9999, -9999, -9999, -9999, -9999, -9999, 2, 1, 1, 1, 1, 1],
[-9999, -9999, -9999, -9999, -9999, -9999, 90, -9999, -9999, 95, -9999, 50, -9999, 6, -9999, 5, 94, -9999, -9999, 65, 93, -9999, 85, -9999, 46, 36, -9999, 76, -9999, -9999, -9999, -9999, 82, -9999, -9999, -9999, -9999, 46, -9999, 90, 22, -9999, -9999, 63, -9999, -9999, -9999, -9999, 29, 33, -9999, -9999, 21, -9999, -9999, 2, 47, -9999, -9999, -9999, 22, -9999, -9999, -9999, -9999, 45, -9999, -9999, 69, -9999, -9999, -9999, 50, -9999, 35, 95, 38, -9999, -9999, -9999, -9999, 82, 85, -9999, 85, 38, -9999, 71, -9999, 19, 77, -9999, -9999, 96, -9999, -9999, 63, 71, -9999, 1, 1, 1, 1, 1, 1],
[-9999, -9999, -9999, -9999, -9999, 25, -9999, -9999, -9999, -9999, -9999, 88, -9999, -9999, 73, -9999, -9999, -9999, -9999, 27, -9999, 65, -9999, -9999, 34, -9999, -9999, 12, -9999, -9999, -9999, -9999, 91, 23, -9999, -9999, 63, -9999, 4, 100, -9999, -9999, -9999, 56, -9999, 50, -9999, -9999, 62, 14, -9999, -9999, 85, -9999, -9999, -9999, 10, -9999, -9999, -9999, -9999, -9999, -9999, 27, -9999, 85, -9999, -9999, 36, -9999, 58, -9999, 18, -9999, 26, 2, -9999, -9999, -9999, -9999, -9999, 91, 55, -9999, -9999, 55, -9999, 8, -9999, -9999, -9999, -9999, -9999, 48, -9999, 80, -9999, 8, -9999, -9999, 1, 1, 1, 1, 1],
[-9999, -9999, -9999, -9999, -9999, 53, -9999, -9999, -9999, -9999, -9999, -9999, -9999, 21, 89, 89, 52, -9999, -9999, -9999, -9999, -9999, -9999, -9999, 90, 10, -9999, -9999, -9999, -9999, -9999, 19, -9999, 92, -9999, 88, 51, 51, 63, 69, -9999, -9999, -9999, 56, -9999, -9999, -9999, -9999, 29, -9999, -9999, -9999, -9999, 37, -9999, 45, 24, -9999, -9999, -9999, -9999, -9999, -9999, -9999, 21, -9999, -9999, -9999, -9999, -9999, 61, 89, -9999, -9999, -9999, 98, 78, -9999, -9999, -9999, -9999, 69, 65, -9999, -9999, 46, -9999, 63, -9999, 7, 99, -9999, -9999, -9999, -9999, 51, -9999, 37, 79, 44, 1, 1, 1, 1, 1],
[-9999, -9999, -9999, -9999, -9999, -9999, -9999, -9999, -9999, -9999, -9999, -9999, -9999, -9999, 21, -9999, -9999, -9999, -9999, -9999, -9999, -9999, -9999, -9999, -9999, -9999, -9999, -9999, -9999, -9999, -9999, -9999, -9999, 94, -9999, 88, 74, -9999, 5, 25, -9999, -9999, -9999, -9999, -9999, 55, -9999, -9999, -9999, -9999, -9999, -9999, 88, 64, -9999, -9999, 81, -9999, -9999, -9999, -9999, -9999, -9999, -9999, -9999, 58, -9999, -9999, -9999, -9999, -9999, -9999, -9999, -9999, 75, 72, -9999, -9999, -9999, -9999, -9999, -9999, 36, -9999, -9999, -9999, -9999, 79, -9999, -9999, -9999, -9999, -9999, -9999, -9999, -9999, -9999, -9999, -9999, 6, 1, 1, 1, 1, 1],
[-9999, -9999, -9999, -9999, -9999, -9999, 26, -9999, -9999, -9999, -9999, -9999, -9999, -9999, 3, -9999, 59, -9999, -9999, -9999, 31, -9999, -9999, -9999, -9999, -9999, -9999, -9999, 6, -9999, -9999, -9999, -9999, 73, -9999, -9999, 96, -9999, -9999, 27, -9999, -9999, -9999, -9999, -9999, 85, -9999, -9999, -9999, -9999, -9999, -9999, 16, -9999, -9999, -9999, 42, -9999, -9999, -9999, -9999, -9999, -9999, -9999, -9999, -9999, -9999, -9999, -9999, -9999, 98, -9999, -9999, -9999, -9999, 94, -9999, -9999, -9999, -9999, -9999, -9999, -9999, -9999, 65, -9999, -9999, 42, -9999, -9999, -9999, -9999, -9999, -9999, -9999, -9999, -9999, -9999, -9999, 28, 1, 1, 1, 1, 1],
[-9999, -9999, -9999, -9999, -9999, -9999, 48, -9999, -9999, -9999, -9999, 66, -9999, -9999, -9999, -9999, -9999, -9999, -9999, 64, 64, 86, 47, -9999, 18, 79, -9999, 33, -9999, -9999, -9999, 51, 49, 91, -9999, 9, 1, -9999, 62, -9999, 12, -9999, 45, 77, -9999, 99, -9999, -9999, 95, 62, -9999, -9999, 44, 78, -9999, -9999, 54, -9999, -9999, -9999, -9999, -9999, -9999, 91, 33, 42, -9999, -9999, 90, -9999, -9999, -9999, -9999, -9999, 8, -9999, 4, -9999, -9999, -9999, -9999, 22, 72, -9999, -9999, -9999, -9999, 88, -9999, 99, -9999, -9999, -9999, 28, -9999, 83, -9999, 64, 44, 52, 1, 1, 1, 1, 1],
[-9999, -9999, -9999, -9999, -9999, -9999, 65, -9999, -9999, -9999, -9999, -9999, -9999, -9999, 62, -9999, -9999, -9999, -9999, 15, -9999, 53, 71, -9999, 4, 46, -9999, -9999, 54, -9999, -9999, -9999, 32, -9999, -9999, 18, 79, -9999, 65, -9999, -9999, -9999, -9999, 13, -9999, 78, -9999, -9999, 5, -9999, -9999, -9999, 55, -9999, -9999, 25, 67, -9999, 47, -9999, -9999, -9999, -9999, -9999, 71, -9999, -9999, -9999, -9999, -9999, -9999, 62, 21, -9999, 80, 84, -9999, -9999, -9999, -9999, -9999, 52, 42, -9999, -9999, -9999, 19, 63, -9999, -9999, 49, 48, -9999, -9999, -9999, 50, -9999, 78, -9999, 29, 1, 1, 1, 1, 1],
[-9999, -9999, -9999, -9999, -9999, -9999, 71, -9999, -9999, -9999, -9999, -9999, -9999, -9999, 41, -9999, -9999, -9999, -9999, -9999, -9999, -9999, -9999, -9999, -9999, 100, -9999, -9999, -9999, -9999, -9999, -9999, 43, 80, -9999, 4, 32, -9999, 99, -9999, -9999, -9999, -9999, -9999, -9999, -9999, -9999, -9999, -9999, -9999, 18, -9999, 21, -9999, -9999, -9999, 96, -9999, -9999, -9999, -9999, -9999, -9999, -9999, -9999, -9999, -9999, -9999, -9999, -9999, 77, -9999, -9999, -9999, 78, 82, -9999, -9999, -9999, -9999, -9999, -9999, 3, -9999, -9999, -9999, -9999, 85, -9999, -9999, -9999, -9999, -9999, -9999, -9999, -9999, -9999, -9999, -9999, 36, 1, 1, 1, 1, 1],
[-9999, -9999, -9999, -9999, -9999, -9999, 3, -9999, -9999, -9999, -9999, -9999, -9999, -9999, -9999, -9999, -9999, -9999, -9999, -9999, 46, -9999, -9999, -9999, 56, 69, -9999, -9999, -9999, -9999, -9999, -9999, -9999, -9999, -9999, -9999, -9999, -9999, 35, -9999, 87, -9999, -9999, 100, -9999, 29, -9999, -9999, 55, -9999, -9999, -9999, -9999, 59, -9999, -9999, 43, -9999, -9999, -9999, -9999, -9999, -9999, -9999, 74, 18, -9999, -9999, -9999, -9999, 37, 9, 66, -9999, -9999, 64, 14, -9999, -9999, -9999, -9999, 11, 34, -9999, 96, -9999, 60, 43, -9999, -9999, -9999, -9999, -9999, -9999, -9999, 97, -9999, 31, -9999, -9999, 1, 1, 1, 1, 1],
[-9999, -9999, -9999, -9999, -9999, -9999, 71, -9999, -9999, -9999, -9999, 57, -9999, -9999, -9999, -9999, 70, -9999, -9999, -9999, 75, 31, 11, -9999, 92, -9999, -9999, 12, -9999, -9999, -9999, -9999, -9999, -9999, -9999, 4, 88, 62, -9999, 44, -9999, -9999, -9999, 92, -9999, 41, -9999, -9999, 98, -9999, -9999, -9999, 100, -9999, -9999, -9999, 18, -9999, -9999, -9999, -9999, -9999, -9999, -9999, -9999, 62, -9999, -9999, -9999, -9999, -9999, 97, 31, -9999, 68, 96, -9999, -9999, -9999, -9999, -9999, -9999, 83, -9999, 86, 33, 70, 55, -9999, 99, -9999, -9999, -9999, 87, -9999, -9999, -9999, 38, -9999, 9, 1, 1, 1, 1, 1],
[-9999, -9999, -9999, -9999, -9999, -9999, -9999, -9999, 95, -9999, 19, -9999, 26, 73, -9999, 4, -9999, -9999, -9999, -9999, -9999, -9999, 83, -9999, 6, 49, -9999, 30, -9999, -9999, 81, -9999, 3, -9999, -9999, 43, -9999, 83, -9999, 25, -9999, -9999, -9999, 25, -9999, -9999, -9999, -9999, 68, -9999, -9999, -9999, 12, 39, 82, 72, -9999, -9999, -9999, -9999, -9999, 24, 96, 83, 65, 63, -9999, -9999, 83, -9999, 39, 27, -9999, -9999, 16, 30, 79, 58, 2, -9999, -9999, -9999, 64, -9999, -9999, -9999, -9999, 60, -9999, 10, -9999, 5, -9999, -9999, -9999, 75, -9999, 100, 31, 19, 1, 1, 1, 1, 1],
[-9999, -9999, -9999, -9999, -9999, -9999, 44, -9999, -9999, -9999, -9999, -9999, -9999, -9999, 50, -9999, 76, -9999, -9999, -9999, 80, -9999, -9999, -9999, -9999, -9999, -9999, -9999, 50, -9999, -9999, -9999, 48, -9999, -9999, 46, -9999, -9999, 66, 34, -9999, -9999, -9999, -9999, -9999, 13, -9999, -9999, -9999, -9999, -9999, -9999, -9999, 42, -9999, -9999, 46, -9999, -9999, -9999, -9999, -9999, -9999, -9999, -9999, 52, -9999, -9999, -9999, -9999, 98, -9999, -9999, -9999, 85, -9999, -9999, -9999, -9999, -9999, -9999, -9999, 85, -9999, 76, -9999, -9999, 95, -9999, -9999, -9999, 7, -9999, -9999, -9999, -9999, -9999, -9999, -9999, -9999, 1, 1, 1, 1, 1],
[-9999, -9999, -9999, -9999, -9999, -9999, -9999, -9999, -9999, -9999, -9999, -9999, -9999, -9999, -9999, -9999, -9999, -9999, -9999, -9999, -9999, 8, 50, -9999, -9999, 53, -9999, 78, -9999, -9999, -9999, 83, -9999, -9999, 74, 46, -9999, 16, -9999, -9999, -9999, -9999, -9999, 99, -9999, -9999, -9999, 55, 48, -9999, -9999, -9999, 20, 71, -9999, 56, 39, -9999, -9999, -9999, -9999, -9999, -9999, -9999, -9999, 32, -9999, 68, -9999, -9999, -9999, 31, -9999, -9999, 95, 80, -9999, -9999, -9999, -9999, -9999, 48, -9999, -9999, -9999, -9999, -9999, 90, -9999, -9999, -9999, 65, -9999, 5, -9999, -9999, -9999, 2, 48, 51, 1, 1, 1, 1, 1],
[-9999, -9999, -9999, -9999, -9999, -9999, -9999, -9999, -9999, -9999, -9999, -9999, -9999, 72, -9999, -9999, -9999, -9999, -9999, -9999, -9999, 11, -9999, -9999, -9999, -9999, -9999, -9999, -9999, -9999, -9999, -9999, -9999, -9999, -9999, -9999, -9999, 56, -9999, -9999, -9999, -9999, -9999, -9999, -9999, -9999, -9999, -9999, -9999, -9999, -9999, -9999, -9999, -9999, -9999, -9999, -9999, -9999, -9999, -9999, -9999, -9999, -9999, -9999, -9999, -9999, -9999, -9999, -9999, -9999, -9999, -9999, -9999, -9999, -9999, -9999, -9999, -9999, -9999, -9999, -9999, -9999, -9999, -9999, -9999, 8, -9999, -9999, -9999, -9999, -9999, -9999, -9999, -9999, -9999, -9999, -9999, -9999, -9999, -9999, 1, 1, 1, 1, 1],
[-9999, -9999, -9999, -9999, -9999, -9999, -9999, -9999, -9999, -9999, -9999, -9999, -9999, 60, -9999, -9999, -9999, -9999, -9999, -9999, -9999, 97, -9999, -9999, -9999, -9999, -9999, -9999, -9999, -9999, -9999, -9999, -9999, -9999, -9999, -9999, -9999, 45, -9999, -9999, -9999, -9999, -9999, -9999, -9999, -9999, -9999, -9999, -9999, -9999, -9999, -9999, -9999, -9999, -9999, -9999, -9999, -9999, -9999, -9999, -9999, -9999, -9999, 54, -9999, -9999, -9999, -9999, -9999, -9999, -9999, -9999, -9999, -9999, 3, -9999, -9999, -9999, -9999, -9999, -9999, -9999, -9999, -9999, -9999, -9999, -9999, -9999, -9999, -9999, -9999, -9999, -9999, 55, -9999, -9999, -9999, -9999, -9999, -9999, 1, 1, 1, 1, 1],
[-9999, -9999, -9999, -9999, -9999, 45, 80, -9999, -9999, -9999, 12, 15, 64, 84, 8, -9999, -9999, 6, -9999, -9999, -9999, 50, -9999, 65, -9999, 32, -9999, 83, 86, -9999, 94, 82, 73, 85, -9999, 50, -9999, 85, 91, 57, 71, 61, 4, 49, -9999, 27, -9999, -9999, 67, 7, -9999, -9999, -9999, -9999, 31, 79, 33, -9999, -9999, -9999, -9999, -9999, 86, -9999, 92, 28, -9999, -9999, -9999, -9999, -9999, -9999, 4, 95, 78, 19, -9999, 11, 77, 5, -9999, -9999, 73, -9999, -9999, -9999, -9999, 44, -9999, 79, 77, 94, -9999, 25, -9999, 34, -9999, 41, 85, 57, 1, 1, 1, 1, 1],
[-9999, -9999, -9999, -9999, -9999, -9999, 75, -9999, -9999, -9999, -9999, -9999, -9999, -9999, 12, -9999, 20, -9999, -9999, -9999, -9999, -9999, -9999, -9999, -9999, -9999, -9999, -9999, 53, -9999, -9999, -9999, -9999, 34, -9999, -9999, 34, -9999, 49, 41, -9999, -9999, -9999, -9999, -9999, -9999, -9999, -9999, -9999, -9999, -9999, -9999, -9999, -9999, -9999, -9999, -9999, -9999, -9999, -9999, -9999, -9999, -9999, -9999, -9999, 100, -9999, -9999, -9999, -9999, 79, -9999, -9999, -9999, -9999, 12, -9999, -9999, -9999, -9999, -9999, -9999, -9999, -9999, 95, -9999, -9999, 75, -9999, -9999, -9999, -9999, -9999, -9999, -9999, -9999, -9999, -9999, -9999, 41, 1, 1, 1, 1, 1],
[-9999, -9999, -9999, -9999, -9999, -9999, 46, -9999, -9999, -9999, -9999, -9999, -9999, 97, 71, 54, -9999, -9999, -9999, 96, 87, 2, -9999, -9999, -9999, 50, -9999, 19, -9999, -9999, -9999, -9999, 5, -9999, -9999, 38, 72, -9999, -9999, -9999, -9999, -9999, 23, 27, -9999, -9999, 94, -9999, 28, -9999, -9999, -9999, -9999, 77, -9999, -9999, 81, -9999, -9999, -9999, -9999, -9999, -9999, 49, -9999, 2, -9999, -9999, 5, -9999, -9999, 70, -9999, -9999, 11, 44, -9999, -9999, -9999, -9999, -9999, 14, -9999, -9999, -9999, 12, 40, -9999, -9999, 21, 19, -9999, -9999, -9999, -9999, -9999, -9999, 66, 47, 56, 1, 1, 1, 1, 1],
[-9999, -9999, -9999, -9999, -9999, 39, -9999, -9999, -9999, -9999, -9999, -9999, -9999, -9999, 15, -9999, -9999, -9999, -9999, -9999, 18, -9999, -9999, -9999, -9999, -9999, -9999, -9999, -9999, -9999, -9999, -9999, -9999, 53, -9999, -9999, -9999, -9999, -9999, -9999, -9999, -9999, -9999, -9999, -9999, 59, -9999, -9999, -9999, -9999, -9999, -9999, 2, 49, -9999, -9999, 29, -9999, -9999, -9999, -9999, -9999, -9999, -9999, -9999, 95, -9999, -9999, -9999, -9999, -9999, -9999, -9999, -9999, -9999, 21, -9999, -9999, -9999, -9999, -9999, -9999, 21, -9999, -9999, -9999, -9999, 51, -9999, -9999, -9999, 82, -9999, -9999, -9999, -9999, -9999, -9999, -9999, 57, 1, 1, 1, 1, 1],
[-9999, -9999, -9999, -9999, -9999, -9999, 51, -9999, -9999, -9999, -9999, 91, -9999, 60, 82, 64, 9, -9999, -9999, 69, 80, 81, -9999, -9999, -9999, 89, -9999, 83, -9999, -9999, -9999, -9999, 31, -9999, -9999, 48, 5, 44, 61, -9999, -9999, -9999, 22, 17, -9999, 81, -9999, -9999, 38, 80, -9999, -9999, 29, 11, -9999, 31, -9999, -9999, -9999, -9999, -9999, -9999, -9999, -9999, 14, 89, -9999, -9999, 65, -9999, -9999, -9999, -9999, -9999, 67, 60, -9999, -9999, -9999, -9999, -9999, -9999, 35, -9999, -9999, 41, -9999, 74, -9999, -9999, 74, 22, -9999, -9999, -9999, 64, -9999, 58, -9999, -9999, 1, 1, 1, 1, 1],
[-9999, -9999, -9999, -9999, -9999, -9999, -9999, -9999, -9999, -9999, -9999, -9999, -9999, 39, 73, 49, -9999, -9999, -9999, 2, 14, -9999, -9999, -9999, 93, 31, 68, 1, -9999, -9999, -9999, 25, 45, -9999, -9999, -9999, 96, 20, 55, 59, 42, -9999, 100, 10, -9999, -9999, -9999, -9999, 35, -9999, -9999, -9999, -9999, 76, -9999, -9999, -9999, -9999, 51, -9999, -9999, -9999, -9999, 53, 48, 82, -9999, -9999, 88, -9999, -9999, 81, 76, -9999, 24, 62, 51, -9999, -9999, -9999, 68, 9, -9999, -9999, 11, 34, 51, 63, -9999, -9999, -9999, 47, -9999, -9999, -9999, 90, -9999, 52, -9999, 18, 1, 1, 1, 1, 1],
[-9999, -9999, -9999, -9999, -9999, -9999, -9999, 18, 62, -9999, -9999, 79, -9999, 76, -9999, -9999, 73, -9999, -9999, -9999, -9999, 34, 59, 44, 87, -9999, -9999, -9999, 23, -9999, 62, 56, -9999, -9999, -9999, -9999, 79, -9999, 49, 66, 28, -9999, 69, 64, -9999, -9999, 7, -9999, 63, -9999, -9999, -9999, -9999, 85, 16, -9999, -9999, -9999, -9999, 62, -9999, -9999, 7, 19, -9999, 67, 60, -9999, 36, -9999, 57, 51, 28, -9999, -9999, 85, 75, 13, 73, 98, -9999, 100, -9999, 19, -9999, -9999, -9999, 2, -9999, 32, -9999, -9999, -9999, 64, -9999, 91, -9999, 79, -9999, -9999, 1, 1, 1, 1, 1],
[-9999, -9999, -9999, -9999, -9999, -9999, -9999, -9999, -9999, -9999, -9999, -9999, -9999, -9999, 13, -9999, 30, -9999, -9999, -9999, 100, -9999, -9999, -9999, -9999, -9999, -9999, -9999, 31, -9999, -9999, -9999, -9999, -9999, -9999, 66, -9999, -9999, -9999, -9999, -9999, -9999, -9999, -9999, 79, 41, -9999, -9999, -9999, -9999, -9999, -9999, -9999, 27, 3, -9999, 2, -9999, -9999, 97, -9999, -9999, 59, -9999, -9999, -9999, -9999, -9999, -9999, -9999, 32, -9999, -9999, 96, -9999, 19, -9999, -9999, -9999, -9999, -9999, -9999, 61, -9999, 93, -9999, -9999, 94, -9999, -9999, -9999, -9999, -9999, -9999, -9999, -9999, -9999, -9999, -9999, -9999, 1, 1, 1, 1, 1],
[-9999, -9999, -9999, -9999, -9999, -9999, -9999, -9999, -9999, -9999, -9999, -9999, -9999, -9999, -9999, -9999, -9999, -9999, -9999, -9999, -9999, 38, -9999, -9999, -9999, -9999, -9999, -9999, -9999, -9999, -9999, -9999, -9999, -9999, -9999, -9999, -9999, -9999, -9999, -9999, -9999, -9999, -9999, -9999, -9999, -9999, -9999, -9999, -9999, -9999, -9999, -9999, -9999, -9999, -9999, -9999, -9999, -9999, -9999, -9999, -9999, -9999, -9999, 80, -9999, -9999, -9999, -9999, -9999, -9999, -9999, 77, -9999, -9999, 28, -9999, -9999, -9999, -9999, -9999, -9999, -9999, -9999, -9999, -9999, 8, -9999, -9999, -9999, -9999, -9999, -9999, -9999, -9999, -9999, -9999, -9999, -9999, -9999, -9999, 1, 1, 1, 1, 1],
[-9999, -9999, -9999, -9999, -9999, -9999, -9999, -9999, -9999, -9999, -9999, -9999, -9999, -9999, 26, -9999, -9999, -9999, -9999, -9999, 19, -9999, -9999, -9999, -9999, -9999, -9999, -9999, -9999, -9999, -9999, -9999, 53, -9999, -9999, 28, 83, -9999, -9999, 22, -9999, -9999, -9999, -9999, -9999, -9999, -9999, -9999, -9999, -9999, -9999, -9999, 81, -9999, -9999, -9999, -9999, -9999, -9999, -9999, -9999, -9999, -9999, -9999, -9999, -9999, -9999, -9999, -9999, -9999, -9999, -9999, -9999, -9999, -9999, -9999, -9999, -9999, -9999, -9999, -9999, -9999, 27, -9999, 96, -9999, -9999, 10, -9999, -9999, -9999, 7, -9999, -9999, -9999, -9999, -9999, -9999, -9999, 91, 1, 1, 1, 1, 1],
[-9999, -9999, -9999, -9999, -9999, 13, -9999, -9999, -9999, 64, -9999, -9999, -9999, -9999, 12, -9999, 3, -9999, -9999, 3, 84, -9999, -9999, -9999, 18, -9999, -9999, -9999, 9, -9999, -9999, 31, 11, 80, -9999, 93, -9999, 25, 21, 58, 18, -9999, -9999, 79, -9999, 92, -9999, -9999, 54, 16, -9999, -9999, 72, 55, -9999, 33, -9999, -9999, -9999, -9999, -9999, -9999, -9999, 53, 45, 77, -9999, -9999, 90, -9999, 69, -9999, 50, -9999, -9999, -9999, 86, -9999, -9999, -9999, 3, 85, 17, -9999, -9999, -9999, -9999, 18, -9999, -9999, 37, -9999, -9999, 78, -9999, -9999, -9999, 57, 13, -9999, 1, 1, 1, 1, 1],
[-9999, -9999, -9999, -9999, -9999, -9999, -9999, -9999, -9999, -9999, -9999, -9999, -9999, 80, -9999, 46, -9999, -9999, -9999, -9999, 25, 88, 70, -9999, 16, -9999, -9999, 15, -9999, -9999, -9999, 44, -9999, 37, -9999, 13, 31, 45, 73, 96, -9999, -9999, -9999, 9, -9999, -9999, -9999, -9999, 59, -9999, -9999, -9999, 63, 18, -9999, -9999, -9999, -9999, 69, -9999, -9999, -9999, -9999, 89, -9999, 6, -9999, -9999, 61, -9999, -9999, -9999, 49, -9999, -9999, 57, -9999, -9999, -9999, -9999, -9999, 61, -9999, -9999, 33, 9, -9999, 81, -9999, 87, -9999, -9999, -9999, -9999, -9999, 9, -9999, 68, -9999, -9999, 1, 1, 1, 1, 1],
[-9999, -9999, -9999, -9999, -9999, 58, 76, -9999, -9999, -9999, -9999, -9999, -9999, 63, -9999, -9999, 42, -9999, -9999, -9999, -9999, -9999, 92, -9999, 46, -9999, -9999, 41, 92, -9999, -9999, -9999, -9999, 62, -9999, 99, -9999, -9999, 77, 94, -9999, -9999, 40, 99, -9999, -9999, -9999, -9999, -9999, 94, -9999, -9999, 64, 29, -9999, -9999, -9999, -9999, -9999, -9999, -9999, -9999, -9999, 94, 5, -9999, -9999, -9999, -9999, -9999, 32, 87, -9999, -9999, -9999, 26, 8, -9999, -9999, -9999, -9999, 9, 16, -9999, 15, 84, -9999, 6, -9999, -9999, 99, 65, -9999, -9999, 82, -9999, -9999, -9999, 56, -9999, 1, 1, 1, 1, 1],
[-9999, -9999, -9999, -9999, -9999, -9999, -9999, 77, 44, -9999, 25, -9999, -9999, -9999, -9999, 3, -9999, 51, -9999, 92, -9999, -9999, 49, 63, -9999, -9999, -9999, 56, -9999, -9999, 97, 88, -9999, 55, -9999, 88, -9999, 34, 13, -9999, 46, -9999, -9999, 76, -9999, 81, -9999, 39, 17, -9999, -9999, -9999, 88, -9999, 59, -9999, 83, -9999, -9999, 47, -9999, -9999, 56, -9999, -9999, 57, -9999, -9999, 99, -9999, 59, 25, 52, 91, -9999, -9999, 92, 2, 65, -9999, -9999, -9999, 28, -9999, -9999, -9999, 27, 82, -9999, 100, -9999, 63, -9999, 80, -9999, -9999, -9999, 66, -9999, 34, 1, 1, 1, 1, 1],
[-9999, -9999, -9999, -9999, -9999, -9999, 76, -9999, -9999, -9999, -9999, -9999, 75, 63, 80, 51, -9999, -9999, -9999, 72, 2, -9999, -9999, -9999, 34, 79, -9999, 63, -9999, -9999, -9999, -9999, -9999, 10, -9999, 68, 94, -9999, -9999, 49, -9999, -9999, -9999, 13, -9999, 40, -9999, -9999, 39, -9999, -9999, -9999, -9999, 87, -9999, -9999, -9999, -9999, -9999, -9999, -9999, -9999, 8, -9999, -9999, 43, -9999, 2, -9999, 19, -9999, -9999, 70, -9999, 100, 38, -9999, 46, 26, 13, 36, 40, 26, -9999, 26, -9999, 10, 41, -9999, -9999, 27, -9999, -9999, -9999, -9999, 48, -9999, 11, 9, -9999, 1, 1, 1, 1, 1],
[-9999, -9999, -9999, -9999, -9999, -9999, -9999, -9999, -9999, -9999, -9999, -9999, -9999, -9999, -9999, -9999, -9999, -9999, -9999, -9999, -9999, -9999, -9999, -9999, -9999, -9999, -9999, -9999, -9999, -9999, -9999, -9999, -9999, -9999, -9999, -9999, -9999, -9999, -9999, -9999, -9999, -9999, -9999, -9999, -9999, -9999, -9999, -9999, -9999, -9999, -9999, -9999, -9999, -9999, -9999, -9999, -9999, -9999, -9999, -9999, -9999, -9999, -9999, -9999, -9999, -9999, -9999, -9999, -9999, -9999, -9999, -9999, -9999, -9999, -9999, -9999, -9999, -9999, -9999, -9999, -9999, -9999, -9999, -9999, -9999, -9999, -9999, -9999, -9999, -9999, -9999, -9999, -9999, -9999, -9999, -9999, -9999, -9999, -9999, -9999, -9999, -9999, -9999, -9999, -9999],
[-9999, -9999, -9999, -9999, -9999, -9999, -9999, -9999, -9999, -9999, -9999, -9999, -9999, -9999, -9999, -9999, -9999, -9999, -9999, -9999, -9999, -9999, -9999, -9999, -9999, -9999, -9999, -9999, -9999, -9999, -9999, -9999, -9999, -9999, -9999, -9999, -9999, -9999, -9999, -9999, -9999, -9999, -9999, -9999, -9999, -9999, -9999, -9999, -9999, -9999, -9999, -9999, -9999, -9999, -9999, -9999, -9999, -9999, -9999, -9999, -9999, -9999, -9999, -9999, -9999, -9999, -9999, -9999, -9999, -9999, -9999, -9999, -9999, -9999, -9999, -9999, -9999, -9999, -9999, -9999, -9999, -9999, -9999, -9999, -9999, -9999, -9999, -9999, -9999, -9999, -9999, -9999, -9999, -9999, -9999, -9999, -9999, -9999, -9999, -9999, -9999, -9999, -9999, -9999, -9999],
[-9999, -9999, -9999, -9999, -9999, -9999, -9999, -9999, -9999, -9999, -9999, -9999, -9999, -9999, -9999, -9999, -9999, -9999, -9999, -9999, -9999, -9999, -9999, -9999, -9999, -9999, -9999, -9999, -9999, -9999, -9999, -9999, -9999, -9999, -9999, -9999, -9999, -9999, -9999, -9999, -9999, -9999, -9999, -9999, -9999, -9999, -9999, -9999, -9999, -9999, -9999, -9999, -9999, -9999, -9999, -9999, -9999, -9999, -9999, -9999, -9999, -9999, -9999, -9999, -9999, -9999, -9999, -9999, -9999, -9999, -9999, -9999, -9999, -9999, -9999, -9999, -9999, -9999, -9999, -9999, -9999, -9999, -9999, -9999, -9999, -9999, -9999, -9999, -9999, -9999, -9999, -9999, -9999, -9999, -9999, -9999, -9999, -9999, -9999, -9999, -9999, -9999, -9999, -9999, -9999],
[-9999, -9999, -9999, -9999, -9999, -9999, -9999, -9999, -9999, -9999, -9999, -9999, -9999, -9999, -9999, -9999, -9999, -9999, -9999, -9999, -9999, -9999, -9999, -9999, -9999, -9999, -9999, -9999, -9999, -9999, -9999, -9999, -9999, -9999, -9999, -9999, -9999, -9999, -9999, -9999, -9999, -9999, -9999, -9999, -9999, -9999, -9999, -9999, -9999, -9999, -9999, -9999, -9999, -9999, -9999, -9999, -9999, -9999, -9999, -9999, -9999, -9999, -9999, -9999, -9999, -9999, -9999, -9999, -9999, -9999, -9999, -9999, -9999, -9999, -9999, -9999, -9999, -9999, -9999, -9999, -9999, -9999, -9999, -9999, -9999, -9999, -9999, -9999, -9999, -9999, -9999, -9999, -9999, -9999, -9999, -9999, -9999, -9999, -9999, -9999, -9999, -9999, -9999, -9999, -9999],
[-9999, -9999, -9999, -9999, -9999, -9999, -9999, -9999, -9999, -9999, -9999, -9999, -9999, -9999, -9999, -9999, -9999, -9999, -9999, -9999, -9999, -9999, -9999, -9999, -9999, -9999, -9999, -9999, -9999, -9999, -9999, -9999, -9999, -9999, -9999, -9999, -9999, -9999, -9999, -9999, -9999, -9999, -9999, -9999, -9999, -9999, -9999, -9999, -9999, -9999, -9999, -9999, -9999, -9999, -9999, -9999, -9999, -9999, -9999, -9999, -9999, -9999, -9999, -9999, -9999, -9999, -9999, -9999, -9999, -9999, -9999, -9999, -9999, -9999, -9999, -9999, -9999, -9999, -9999, -9999, -9999, -9999, -9999, -9999, -9999, -9999, -9999, -9999, -9999, -9999, -9999, -9999, -9999, -9999, -9999, -9999, -9999, -9999, -9999, -9999, -9999, -9999, -9999, -9999, -9999]
];
