NbNodes = 100;
NbNDDs = 0;
NbPairs = 100;
NbTerminals = 0;
K = 0;
L = 102;
Wt = [
[-9999, -9999, -9999, -9999, -9999, -9999, -9999, -9999, -9999, -9999, -9999, -9999, -9999, -9999, -9999, -9999, -9999, 45, -9999, -9999, -9999, -9999, -9999, -9999, -9999, -9999, -9999, -9999, -9999, -9999, -9999, -9999, -9999, -9999, -9999, -9999, -9999, -9999, -9999, -9999, -9999, -9999, 28, -9999, -9999, -9999, -9999, -9999, -9999, -9999, -9999, -9999, -9999, -9999, -9999, 45, -9999, -9999, -9999, -9999, -9999, -9999, -9999, -9999, -9999, -9999, -9999, -9999, -9999, -9999, -9999, -9999, -9999, -9999, -9999, 94, 22, -9999, -9999, -9999, -9999, -9999, -9999, -9999, -9999, -9999, -9999, -9999, -9999, -9999, -9999, 74, -9999, -9999, -9999, -9999, -9999, -9999, -9999, -9999],
[-9999, -9999, 2, 5, -9999, -9999, 13, -9999, -9999, -9999, 64, 17, 15, -9999, 82, -9999, 81, -9999, -9999, -9999, -9999, -9999, 32, 62, -9999, -9999, 41, 6, -9999, 96, -9999, 68, -9999, 82, -9999, -9999, -9999, -9999, 75, 8, 25, -9999, 87, -9999, -9999, -9999, -9999, 63, 82, -9999, 28, 34, 10, -9999, 18, 57, -9999, 62, -9999, -9999, 20, 41, 50, 44, -9999, 64, 57, 51, -9999, 78, 3, -9999, -9999, 28, 97, 55, -9999, -9999, 82, -9999, 46, -9999, 22, 27, -9999, -9999, 1, 30, -9999, -9999, -9999, -9999, -9999, -9999, -9999, -9999, -9999, 36, 52, 83],
[-9999, -9999, -9999, -9999, -9999, -9999, 1, -9999, 11, -9999, -9999, -9999, 96, -9999, 98, -9999, 48, 77, -9999, -9999, 34, -9999, 39, 64, -9999, -9999, -9999, 58, -9999, -9999, -9999, -9999, -9999, -9999, -9999, 69, 94, -9999, 41, -9999, 38, -9999, 81, 20, -9999, -9999, -9999, -9999, 55, 100, 14, -9999, 48, 84, 95, 46, 25, -9999, -9999, -9999, 2, -9999, 35, -9999, -9999, 76, 76, 48, -9999, 67, -9999, 4, -9999, 8, 73, 39, -9999, -9999, 86, 66, 64, -9999, 56, 39, -9999, -9999, 31, -9999, 45, 70, 99, 83, -9999, 14, -9999, -9999, -9999, 60, 78, 52],
[-9999, -9999, 82, -9999, -9999, -9999, 74, -9999, -9999, -9999, -9999, -9999, -9999, -9999, -9999, -9999, -9999, -9999, -9999, 11, -9999, -9999, -9999, -9999, -9999, -9999, 26, -9999, -9999, -9999, -9999, 89, -9999, -9999, -9999, -9999, -9999, -9999, 17, -9999, 3, -9999, -9999, -9999, -9999, -9999, -9999, -9999, -9999, -9999, -9999, -9999, 61, -9999, -9999, -9999, 50, 64, -9999, -9999, 12, 77, 25, -9999, -9999, -9999, 28, -9999, -9999, -9999, -9999, -9999, -9999, -9999, -9999, -9999, -9999, -9999, -9999, 100, 96, -9999, 99, 61, -9999, -9999, -9999, -9999, 55, 14, -9999, -9999, -9999, -9999, -9999, -9999, -9999, -9999, 77, -9999],
[-9999, 76, -9999, 33, -9999, -9999, -9999, -9999, 93, -9999, -9999, 21, 62, -9999, -9999, -9999, -9999, -9999, -9999, -9999, -9999, -9999, -9999, -9999, -9999, -9999, 38, 32, -9999, 77, 50, 75, -9999, 20, -9999, 88, 92, -9999, 95, 35, 61, -9999, -9999, 34, -9999, -9999, 72, -9999, -9999, -9999, 64, -9999, -9999, -9999, 10, 68, -9999, 13, -9999, 60, 22, -9999, 5, -9999, -9999, 47, 80, 97, -9999, 56, 8, 57, -9999, -9999, 12, 20, 28, -9999, 74, -9999, 72, -9999, 97, 99, 79, -9999, 49, 44, 74, -9999, -9999, 65, 52, -9999, -9999, -9999, -9999, 15, -9999, 58],
[-9999, -9999, -9999, -9999, -9999, -9999, 32, -9999, -9999, -9999, -9999, 96, -9999, -9999, -9999, -9999, -9999, -9999, -9999, -9999, -9999, -9999, -9999, -9999, -9999, -9999, -9999, -9999, -9999, -9999, 92, -9999, -9999, -9999, -9999, -9999, -9999, -9999, 93, 29, 99, -9999, -9999, -9999, -9999, -9999, 51, -9999, -9999, -9999, -9999, 34, 67, -9999, -9999, -9999, -9999, -9999, -9999, -9999, 36, -9999, 28, -9999, -9999, -9999, 49, -9999, -9999, -9999, -9999, -9999, -9999, -9999, -9999, -9999, -9999, -9999, -9999, -9999, 35, -9999, 56, 25, -9999, -9999, -9999, -9999, 48, 62, -9999, -9999, 92, -9999, -9999, -9999, -9999, -9999, 32, -9999],
[-9999, 34, -9999, 37, -9999, -9999, -9999, 11, 16, -9999, -9999, -9999, 27, -9999, 45, -9999, -9999, -9999, -9999, -9999, -9999, -9999, 93, 4, -9999, -9999, 100, 69, -9999, -9999, 39, 27, -9999, 34, -9999, 84, 64, -9999, 45, 10, 46, -9999, 12, 78, -9999, -9999, -9999, 79, -9999, -9999, -9999, 67, -9999, -9999, 89, 99, 21, -9999, -9999, -9999, 90, 5, 64, -9999, -9999, 91, 11, -9999, -9999, 65, 25, 92, -9999, -9999, 45, -9999, 48, -9999, 47, 61, 53, -9999, 82, 56, -9999, -9999, 89, -9999, 70, 96, -9999, 99, 82, -9999, -9999, 92, -9999, 57, 40, -9999],
[-9999, 50, -9999, -9999, 36, -9999, 56, -9999, -9999, -9999, 1, -9999, 24, -9999, 94, -9999, -9999, 97, -9999, -9999, 39, -9999, -9999, -9999, -9999, -9999, -9999, 31, -9999, -9999, 21, 29, -9999, 59, -9999, 20, 81, -9999, 95, 70, 16, -9999, 88, -9999, -9999, 14, 23, 61, 23, -9999, 94, 94, -9999, -9999, 56, 57, 44, 82, -9999, 12, 74, 100, 60, -9999, -9999, 80, 23, 83, -9999, 33, 57, -9999, -9999, -9999, 16, 82, -9999, -9999, 76, -9999, 38, -9999, 77, 15, 6, -9999, 89, -9999, -9999, -9999, 8, -9999, -9999, 54, -9999, -9999, -9999, 99, 91, 62],
[-9999, -9999, -9999, -9999, -9999, -9999, -9999, -9999, -9999, -9999, 8, 82, 85, -9999, 77, -9999, 24, -9999, -9999, -9999, 44, -9999, 20, 40, -9999, -9999, 1, -9999, -9999, -9999, -9999, -9999, -9999, 67, -9999, -9999, 67, -9999, 24, 80, 47, -9999, 31, 75, -9999, -9999, 76, 36, -9999, -9999, 84, -9999, -9999, -9999, 83, 30, 20, -9999, -9999, -9999, 26, -9999, 55, 11, -9999, 32, 67, -9999, -9999, 14, 25, -9999, -9999, -9999, 73, -9999, 60, -9999, 6, -9999, 25, -9999, 63, 91, -9999, -9999, 51, 35, 59, -9999, 52, 21, 79, 40, -9999, -9999, -9999, 32, -9999, -9999],
[-9999, -9999, -9999, -9999, -9999, -9999, 7, -9999, -9999, -9999, -9999, 72, -9999, -9999, -9999, -9999, -9999, -9999, -9999, -9999, -9999, -9999, -9999, -9999, -9999, -9999, 36, -9999, -9999, -9999, 27, 62, -9999, -9999, -9999, 35, -9999, -9999, 57, -9999, 65, -9999, -9999, -9999, -9999, -9999, -9999, -9999, -9999, -9999, -9999, 22, 24, -9999, -9999, -9999, 48, 41, -9999, -9999, 16, 50, 59, 72, -9999, -9999, 89, -9999, -9999, -9999, -9999, -9999, -9999, -9999, -9999, -9999, -9999, -9999, -9999, -9999, 9, -9999, 10, 94, -9999, -9999, -9999, -9999, 92, -9999, -9999, -9999, -9999, -9999, -9999, -9999, -9999, -9999, 35, -9999],
[-9999, -9999, 58, -9999, -9999, -9999, -9999, -9999, -9999, -9999, -9999, 81, -9999, -9999, -9999, -9999, -9999, -9999, -9999, -9999, -9999, -9999, -9999, 28, -9999, -9999, 96, -9999, -9999, -9999, -9999, 18, -9999, -9999, -9999, -9999, -9999, -9999, 16, -9999, 52, -9999, -9999, -9999, 36, -9999, 80, -9999, -9999, -9999, -9999, 32, -9999, -9999, -9999, -9999, 13, -9999, -9999, -9999, 22, 68, 28, -9999, -9999, -9999, 69, -9999, -9999, -9999, -9999, -9999, -9999, -9999, -9999, -9999, -9999, -9999, -9999, -9999, 35, -9999, 40, 22, -9999, -9999, -9999, -9999, 94, -9999, -9999, -9999, -9999, -9999, -9999, -9999, -9999, -9999, 68, -9999],
[-9999, -9999, -9999, -9999, -9999, -9999, -9999, -9999, -9999, -9999, -9999, -9999, -9999, -9999, -9999, -9999, -9999, 8, -9999, -9999, -9999, -9999, -9999, -9999, -9999, -9999, -9999, -9999, -9999, -9999, -9999, -9999, -9999, -9999, -9999, -9999, -9999, -9999, -9999, -9999, -9999, -9999, 16, -9999, -9999, -9999, -9999, -9999, -9999, -9999, -9999, -9999, -9999, -9999, -9999, 86, -9999, -9999, -9999, -9999, -9999, -9999, -9999, -9999, -9999, -9999, -9999, -9999, -9999, -9999, -9999, -9999, -9999, -9999, -9999, 27, 80, -9999, -9999, 6, -9999, -9999, -9999, -9999, -9999, -9999, -9999, -9999, -9999, -9999, -9999, -9999, -9999, 13, -9999, -9999, -9999, -9999, -9999, -9999],
[-9999, 77, 77, -9999, -9999, -9999, 11, -9999, -9999, -9999, 91, 43, -9999, -9999, 90, -9999, 35, -9999, -9999, -9999, 74, -9999, -9999, -9999, -9999, -9999, -9999, 46, -9999, 86, 59, -9999, -9999, 39, -9999, 58, 63, -9999, 56, 46, 5, -9999, 86, -9999, 85, 24, 62, -9999, 58, -9999, 67, 83, 52, -9999, 76, 24, 16, 60, -9999, -9999, 87, -9999, 43, -9999, -9999, 55, 55, 92, -9999, -9999, 53, 14, -9999, -9999, 92, -9999, 93, -9999, 8, 28, 14, -9999, 42, 43, 34, -9999, 17, -9999, 12, 95, 79, -9999, -9999, 11, -9999, -9999, -9999, -9999, 41, -9999],
[-9999, -9999, -9999, -9999, -9999, -9999, -9999, -9999, -9999, -9999, -9999, -9999, -9999, -9999, -9999, -9999, -9999, -9999, -9999, -9999, -9999, -9999, -9999, -9999, -9999, -9999, -9999, -9999, -9999, -9999, -9999, -9999, -9999, -9999, -9999, -9999, -9999, -9999, -9999, -9999, -9999, -9999, 31, -9999, -9999, -9999, -9999, -9999, -9999, -9999, -9999, -9999, -9999, -9999, -9999, 81, -9999, -9999, -9999, -9999, -9999, -9999, -9999, -9999, -9999, -9999, -9999, -9999, -9999, -9999, 43, -9999, -9999, -9999, -9999, -9999, -9999, -9999, -9999, -9999, -9999, -9999, -9999, -9999, -9999, -9999, -9999, -9999, -9999, -9999, -9999, 48, -9999, 67, -9999, -9999, -9999, -9999, -9999, -9999],
[-9999, -9999, 54, -9999, -9999, -9999, 84, -9999, -9999, -9999, -9999, 56, -9999, -9999, -9999, -9999, -9999, -9999, -9999, 62, -9999, -9999, -9999, 85, -9999, -9999, -9999, -9999, -9999, -9999, 88, 93, -9999, -9999, -9999, -9999, -9999, -9999, 41, -9999, 13, -9999, -9999, -9999, -9999, -9999, -9999, -9999, -9999, -9999, -9999, 35, -9999, -9999, -9999, -9999, 87, -9999, -9999, -9999, -9999, 89, 65, 97, -9999, -9999, 77, -9999, -9999, -9999, -9999, -9999, -9999, -9999, -9999, -9999, -9999, -9999, -9999, -9999, 67, -9999, 73, 53, -9999, -9999, -9999, -9999, 13, -9999, -9999, -9999, 72, -9999, -9999, -9999, -9999, -9999, -9999, -9999],
[-9999, -9999, -9999, -9999, -9999, -9999, -9999, -9999, -9999, -9999, -9999, -9999, -9999, -9999, -9999, -9999, -9999, -9999, -9999, -9999, -9999, -9999, -9999, -9999, -9999, -9999, -9999, -9999, -9999, -9999, -9999, -9999, -9999, -9999, -9999, -9999, -9999, -9999, -9999, -9999, -9999, -9999, -9999, -9999, -9999, -9999, -9999, -9999, -9999, -9999, -9999, -9999, -9999, -9999, -9999, -9999, -9999, -9999, -9999, -9999, -9999, -9999, -9999, -9999, -9999, -9999, -9999, -9999, -9999, -9999, -9999, -9999, -9999, -9999, -9999, -9999, -9999, -9999, -9999, 47, -9999, -9999, -9999, -9999, -9999, -9999, -9999, -9999, -9999, -9999, -9999, -9999, -9999, -9999, -9999, -9999, -9999, -9999, -9999, -9999],
[-9999, -9999, -9999, -9999, -9999, -9999, -9999, -9999, -9999, -9999, -9999, -9999, -9999, -9999, -9999, -9999, -9999, -9999, -9999, -9999, -9999, -9999, -9999, -9999, -9999, -9999, -9999, -9999, -9999, -9999, -9999, -9999, -9999, -9999, -9999, -9999, -9999, -9999, -9999, -9999, -9999, -9999, -9999, -9999, -9999, -9999, -9999, -9999, -9999, -9999, -9999, -9999, -9999, -9999, -9999, -9999, -9999, -9999, -9999, -9999, -9999, -9999, -9999, -9999, -9999, -9999, -9999, -9999, -9999, -9999, -9999, -9999, -9999, -9999, -9999, -9999, -9999, -9999, -9999, 98, -9999, -9999, -9999, -9999, -9999, -9999, -9999, -9999, -9999, -9999, -9999, -9999, -9999, -9999, -9999, -9999, -9999, -9999, -9999, -9999],
[-9999, -9999, 78, -9999, -9999, -9999, -9999, -9999, -9999, -9999, -9999, 2, -9999, -9999, -9999, -9999, -9999, -9999, -9999, -9999, -9999, -9999, -9999, -9999, -9999, -9999, -9999, -9999, -9999, -9999, -9999, 20, -9999, -9999, -9999, 4, -9999, -9999, 2, -9999, 3, -9999, -9999, -9999, -9999, -9999, 25, -9999, -9999, -9999, -9999, 29, 31, -9999, -9999, -9999, 56, 28, -9999, -9999, 97, -9999, 47, 94, -9999, -9999, 74, -9999, -9999, -9999, -9999, -9999, -9999, -9999, -9999, -9999, -9999, -9999, -9999, -9999, 69, -9999, 35, 69, -9999, -9999, -9999, -9999, -9999, 66, -9999, -9999, -9999, -9999, -9999, 98, -9999, -9999, 35, -9999],
[-9999, -9999, -9999, -9999, 37, -9999, 56, -9999, 14, -9999, -9999, 11, 16, -9999, -9999, -9999, 1, 26, -9999, -9999, 99, -9999, -9999, -9999, -9999, -9999, 58, 47, -9999, -9999, -9999, -9999, -9999, -9999, -9999, 92, 33, 100, 90, 16, 56, -9999, 58, 76, -9999, -9999, 15, 42, 89, 93, 3, 4, -9999, 66, 90, 45, -9999, 89, -9999, -9999, 77, 50, 16, 48, -9999, 53, 60, 100, -9999, 3, 91, 28, -9999, -9999, 20, -9999, 86, -9999, -9999, 11, 79, -9999, 64, 18, 82, -9999, 78, 35, -9999, 43, -9999, 69, 7, 58, -9999, -9999, -9999, 56, -9999, -9999],
[-9999, 67, 40, 72, 47, -9999, 63, -9999, 2, -9999, -9999, -9999, 78, -9999, -9999, -9999, -9999, -9999, -9999, -9999, 61, -9999, 97, 39, -9999, -9999, 55, -9999, -9999, 4, 97, 30, -9999, 31, -9999, 10, 5, 97, 9, 27, 26, -9999, 44, 23, -9999, 45, 23, 69, 15, -9999, 28, 9, 43, -9999, -9999, 77, 39, -9999, -9999, -9999, 97, -9999, 59, -9999, -9999, -9999, 31, 99, -9999, 56, 75, -9999, -9999, -9999, 85, 83, 10, -9999, 47, 62, 97, -9999, 98, 61, -9999, -9999, 33, -9999, -9999, 16, -9999, -9999, 18, -9999, -9999, -9999, -9999, 50, -9999, 91],
[92, -9999, 16, 58, 75, 87, 92, -9999, 2, 17, 32, 37, 92, -9999, 77, 88, 3, 56, 62, -9999, -9999, -9999, 89, -9999, -9999, -9999, 76, -9999, 47, 26, 71, 14, -9999, -9999, -9999, 74, -9999, -9999, 99, -9999, 59, 28, 96, 16, -9999, -9999, -9999, 84, 60, -9999, -9999, -9999, -9999, -9999, 24, 33, 66, 40, -9999, 36, 52, -9999, 95, 52, -9999, 63, 62, 69, 38, -9999, -9999, -9999, -9999, -9999, 42, -9999, 67, -9999, 92, 2, 75, -9999, 47, 100, -9999, 62, 44, -9999, 22, -9999, 7, 48, 49, 33, 67, -9999, -9999, -9999, -9999, 35],
[-9999, -9999, 37, -9999, -9999, -9999, 6, -9999, -9999, -9999, -9999, -9999, -9999, -9999, -9999, -9999, -9999, -9999, -9999, -9999, -9999, -9999, -9999, 11, -9999, -9999, -9999, -9999, -9999, -9999, 55, 80, -9999, -9999, -9999, 100, -9999, -9999, 73, 32, 62, -9999, -9999, -9999, -9999, -9999, 34, -9999, -9999, -9999, -9999, -9999, -9999, -9999, -9999, -9999, 68, 42, -9999, -9999, 59, -9999, 51, 56, -9999, -9999, 17, -9999, -9999, -9999, -9999, -9999, -9999, -9999, -9999, -9999, -9999, -9999, -9999, -9999, 44, -9999, 91, -9999, -9999, -9999, -9999, -9999, -9999, -9999, -9999, -9999, 31, -9999, -9999, -9999, -9999, -9999, -9999, -9999],
[-9999, 96, -9999, 21, 18, -9999, 99, -9999, 78, -9999, 10, 43, 28, -9999, 9, -9999, 45, 99, -9999, -9999, -9999, -9999, -9999, -9999, -9999, -9999, 58, 7, -9999, -9999, -9999, -9999, -9999, -9999, -9999, -9999, 54, -9999, 52, -9999, 82, -9999, 48, 6, -9999, -9999, 32, 11, -9999, -9999, 70, 12, -9999, -9999, 49, 69, 75, 36, -9999, -9999, 42, -9999, 92, 74, -9999, 12, 22, 90, -9999, 19, -9999, 69, -9999, -9999, 86, -9999, 66, -9999, 7, -9999, 29, -9999, 55, 93, -9999, -9999, 37, 26, -9999, -9999, 58, 100, 43, -9999, -9999, -9999, -9999, -9999, 13, -9999],
[-9999, -9999, 81, -9999, -9999, -9999, -9999, -9999, -9999, -9999, -9999, -9999, -9999, -9999, -9999, -9999, -9999, -9999, -9999, -9999, -9999, -9999, -9999, -9999, -9999, -9999, -9999, -9999, -9999, -9999, 46, -9999, -9999, -9999, -9999, -9999, -9999, -9999, 29, 57, 60, -9999, -9999, -9999, -9999, -9999, 36, -9999, -9999, -9999, -9999, -9999, 75, -9999, -9999, -9999, -9999, -9999, -9999, -9999, 70, 62, 27, -9999, -9999, -9999, 43, -9999, -9999, -9999, -9999, -9999, -9999, -9999, -9999, -9999, -9999, -9999, -9999, 2, 24, -9999, 76, 17, -9999, -9999, -9999, -9999, 98, 41, -9999, -9999, -9999, -9999, -9999, -9999, -9999, -9999, -9999, -9999],
[-9999, 17, 97, -9999, -9999, -9999, 95, -9999, 64, -9999, -9999, 10, 82, -9999, -9999, -9999, 28, -9999, -9999, -9999, 23, -9999, 92, 47, -9999, -9999, -9999, 99, -9999, -9999, 64, 18, -9999, 30, -9999, -9999, 17, -9999, 93, -9999, 50, -9999, 28, 92, -9999, 24, 73, 28, 62, 92, 69, 63, -9999, -9999, -9999, 20, -9999, 37, -9999, -9999, 67, 35, 78, 54, -9999, 82, 84, 38, -9999, 41, -9999, 95, -9999, -9999, 91, 2, 94, -9999, 65, -9999, 2, -9999, 12, 63, 43, -9999, 2, -9999, -9999, -9999, -9999, 75, 29, -9999, -9999, -9999, -9999, 16, -9999, -9999],
[-9999, -9999, 62, -9999, 96, -9999, -9999, -9999, 58, -9999, -9999, -9999, 60, -9999, -9999, -9999, -9999, 51, -9999, -9999, -9999, -9999, 57, -9999, -9999, -9999, -9999, 99, -9999, -9999, 74, 43, -9999, -9999, -9999, 3, -9999, -9999, 8, 67, -9999, -9999, 62, -9999, -9999, -9999, -9999, -9999, 19, -9999, 76, 12, -9999, -9999, -9999, 45, -9999, 24, -9999, -9999, 80, 25, 10, -9999, -9999, 89, 90, -9999, -9999, 50, 3, -9999, -9999, -9999, 62, -9999, -9999, -9999, -9999, 84, 66, -9999, 63, 73, 60, -9999, 73, 93, -9999, 63, -9999, -9999, 37, 55, -9999, -9999, -9999, -9999, -9999, -9999],
[-9999, 100, -9999, 74, 75, -9999, -9999, -9999, -9999, -9999, -9999, 97, 41, -9999, 44, -9999, -9999, 36, -9999, -9999, -9999, -9999, -9999, 14, -9999, -9999, -9999, -9999, -9999, -9999, 52, -9999, -9999, 29, -9999, 26, -9999, -9999, 72, 10, 1, -9999, 61, 73, -9999, -9999, 75, -9999, 89, -9999, -9999, -9999, 25, -9999, 47, 9, -9999, -9999, -9999, -9999, 54, 99, 34, 67, -9999, 73, 97, 93, -9999, -9999, -9999, 20, -9999, -9999, 63, 39, 31, -9999, 45, 54, 94, -9999, 68, 4, 40, -9999, 84, 42, 74, 43, 25, -9999, -9999, 89, -9999, -9999, 2, -9999, -9999, -9999],
[-9999, -9999, -9999, -9999, -9999, -9999, -9999, -9999, -9999, -9999, -9999, 92, -9999, -9999, -9999, -9999, -9999, -9999, -9999, -9999, -9999, -9999, -9999, 70, -9999, -9999, 51, -9999, -9999, -9999, -9999, -9999, -9999, -9999, -9999, -9999, -9999, -9999, 63, -9999, 47, -9999, -9999, -9999, -9999, -9999, 29, -9999, -9999, -9999, -9999, -9999, 65, -9999, -9999, -9999, 12, 60, -9999, -9999, 26, 21, 9, -9999, -9999, -9999, 28, -9999, -9999, -9999, -9999, -9999, -9999, -9999, -9999, -9999, -9999, -9999, -9999, 27, 80, -9999, 54, 42, -9999, -9999, -9999, -9999, -9999, 27, -9999, -9999, 60, -9999, -9999, -9999, -9999, -9999, 79, -9999],
[-9999, -9999, -9999, -9999, -9999, -9999, -9999, -9999, -9999, -9999, -9999, -9999, -9999, -9999, -9999, -9999, -9999, -9999, -9999, -9999, -9999, -9999, -9999, 43, -9999, -9999, -9999, -9999, -9999, -9999, 82, -9999, -9999, -9999, -9999, -9999, -9999, -9999, 93, 95, 26, -9999, -9999, -9999, -9999, -9999, -9999, -9999, -9999, -9999, -9999, -9999, 26, -9999, -9999, -9999, 95, 45, -9999, -9999, 19, 47, 29, -9999, -9999, -9999, 21, -9999, -9999, -9999, -9999, -9999, -9999, -9999, -9999, -9999, -9999, -9999, -9999, -9999, 13, -9999, 2, 33, -9999, -9999, -9999, -9999, 37, 18, -9999, -9999, -9999, -9999, -9999, -9999, -9999, -9999, 81, -9999],
[-9999, -9999, -9999, -9999, -9999, -9999, -9999, -9999, -9999, -9999, -9999, -9999, -9999, -9999, -9999, 15, -9999, 52, -9999, -9999, -9999, -9999, -9999, -9999, -9999, -9999, -9999, -9999, 29, -9999, -9999, -9999, -9999, -9999, -9999, -9999, -9999, -9999, -9999, -9999, -9999, -9999, 99, -9999, -9999, -9999, -9999, -9999, -9999, -9999, -9999, -9999, -9999, -9999, -9999, 83, -9999, -9999, -9999, -9999, -9999, -9999, -9999, -9999, -9999, -9999, -9999, 94, -9999, -9999, -9999, -9999, -9999, -9999, -9999, 45, 57, -9999, -9999, 81, -9999, -9999, -9999, -9999, -9999, -9999, -9999, -9999, -9999, -9999, -9999, -9999, -9999, -9999, -9999, -9999, -9999, -9999, -9999, -9999],
[-9999, -9999, -9999, -9999, -9999, -9999, -9999, -9999, -9999, -9999, -9999, 57, -9999, -9999, -9999, -9999, -9999, -9999, -9999, -9999, -9999, -9999, -9999, 55, -9999, -9999, -9999, -9999, -9999, -9999, -9999, -9999, -9999, -9999, -9999, -9999, -9999, -9999, 62, -9999, 44, -9999, -9999, -9999, 15, -9999, 40, -9999, -9999, -9999, -9999, 24, -9999, -9999, -9999, -9999, 55, -9999, -9999, -9999, 90, -9999, 38, -9999, -9999, -9999, 1, -9999, -9999, -9999, -9999, -9999, -9999, -9999, -9999, -9999, -9999, -9999, -9999, 77, 1, -9999, 12, 70, -9999, -9999, -9999, -9999, 79, -9999, -9999, -9999, -9999, -9999, -9999, -9999, -9999, -9999, -9999, -9999],
[-9999, -9999, 43, -9999, -9999, -9999, 13, -9999, -9999, -9999, -9999, 83, -9999, -9999, -9999, -9999, -9999, -9999, -9999, -9999, -9999, -9999, -9999, -9999, -9999, -9999, 98, -9999, -9999, -9999, 6, -9999, -9999, -9999, -9999, 52, -9999, -9999, 22, 41, 14, -9999, -9999, -9999, -9999, -9999, 56, -9999, -9999, -9999, -9999, 10, -9999, -9999, -9999, -9999, 44, 58, -9999, -9999, 38, -9999, 62, -9999, -9999, -9999, 11, -9999, -9999, -9999, -9999, -9999, -9999, -9999, -9999, -9999, -9999, -9999, -9999, 62, 90, -9999, 70, 20, -9999, -9999, -9999, -9999, 34, 54, -9999, -9999, 79, -9999, -9999, -9999, -9999, -9999, -9999, -9999],
[-9999, -9999, 86, 85, 60, -9999, 93, -9999, 26, -9999, -9999, -9999, 23, -9999, -9999, -9999, -9999, -9999, -9999, -9999, 62, -9999, -9999, 14, -9999, -9999, -9999, 39, -9999, 25, 89, 37, -9999, 62, -9999, -9999, 76, -9999, 13, 57, 90, -9999, 95, 20, -9999, 90, 93, -9999, -9999, 41, 20, -9999, 19, -9999, -9999, 95, -9999, -9999, -9999, -9999, 34, 100, 51, -9999, -9999, 37, 92, 8, -9999, -9999, -9999, -9999, -9999, -9999, 8, -9999, -9999, -9999, 44, 61, 38, -9999, 24, 43, 76, -9999, 24, -9999, -9999, 89, 25, -9999, -9999, -9999, -9999, -9999, -9999, 4, -9999, -9999],
[-9999, 89, 16, 68, -9999, -9999, 70, -9999, 13, -9999, 61, 94, 22, -9999, -9999, -9999, -9999, -9999, -9999, -9999, -9999, -9999, -9999, 87, -9999, 84, -9999, 90, -9999, -9999, 46, 70, -9999, -9999, -9999, -9999, 10, -9999, 57, 25, 60, -9999, 10, 98, -9999, -9999, 2, 36, 79, -9999, -9999, 71, 60, -9999, -9999, 27, 44, 2, 81, -9999, 52, 80, 14, -9999, -9999, 24, 56, -9999, -9999, 32, -9999, -9999, -9999, -9999, 18, 7, 98, -9999, 50, -9999, 85, -9999, 68, 90, -9999, -9999, 11, 63, 54, -9999, 38, 58, -9999, 19, -9999, -9999, -9999, 58, 77, -9999],
[-9999, -9999, -9999, -9999, 100, -9999, -9999, -9999, 77, -9999, 3, -9999, 10, 99, 10, -9999, -9999, -9999, -9999, -9999, -9999, -9999, 75, -9999, -9999, -9999, -9999, 52, -9999, -9999, -9999, 76, -9999, 81, -9999, -9999, 91, -9999, 99, 40, 10, -9999, 81, -9999, -9999, 57, 41, 5, -9999, -9999, -9999, 39, -9999, 44, -9999, 58, 41, -9999, -9999, 96, 65, 60, 68, -9999, -9999, 3, 29, -9999, 77, -9999, 91, -9999, -9999, -9999, 61, 43, 73, -9999, 98, 72, 52, -9999, 57, 62, 75, -9999, 16, 46, 87, 6, 8, -9999, 37, -9999, -9999, -9999, -9999, 82, -9999, -9999],
[-9999, -9999, 3, 20, -9999, -9999, -9999, -9999, 95, -9999, 54, 18, 87, -9999, 4, -9999, -9999, 32, -9999, -9999, 89, -9999, -9999, 31, -9999, -9999, 65, -9999, -9999, 84, -9999, 44, -9999, 89, -9999, -9999, -9999, 48, 6, -9999, 88, -9999, -9999, -9999, -9999, 12, 32, -9999, -9999, -9999, 34, -9999, -9999, -9999, -9999, 47, 31, -9999, -9999, -9999, 65, -9999, 45, 82, -9999, 35, 3, -9999, -9999, -9999, 33, 54, -9999, -9999, 58, -9999, -9999, -9999, -9999, 40, 62, -9999, 99, 35, 9, -9999, -9999, -9999, 83, 63, -9999, -9999, -9999, 14, -9999, -9999, -9999, 59, 87, 43],
[-9999, 64, 40, 94, 49, -9999, -9999, -9999, 14, -9999, 51, -9999, 84, -9999, 43, -9999, 6, -9999, -9999, -9999, 85, -9999, 55, 30, -9999, -9999, 96, -9999, -9999, -9999, 16, 6, -9999, -9999, -9999, 6, -9999, -9999, 84, -9999, 82, -9999, 27, -9999, 39, 58, -9999, -9999, -9999, -9999, 4, 41, 14, -9999, 5, 74, 15, 81, -9999, 64, 61, 33, 39, 34, 11, 55, 24, -9999, 18, 24, 76, 20, -9999, -9999, 87, 41, -9999, -9999, 49, -9999, 15, -9999, 3, 100, 51, -9999, 48, -9999, 33, 99, 41, 69, 3, 90, -9999, -9999, -9999, 39, 47, 4],
[-9999, 66, 21, -9999, 85, -9999, 47, -9999, 67, -9999, 16, -9999, 37, -9999, 22, -9999, -9999, -9999, -9999, -9999, 54, -9999, 91, -9999, -9999, -9999, 18, -9999, -9999, 19, 96, -9999, -9999, -9999, -9999, 60, -9999, -9999, 28, 81, 62, -9999, 62, -9999, -9999, 6, 66, -9999, 85, -9999, -9999, 45, -9999, -9999, 94, 80, 56, 90, -9999, 84, 91, 80, 3, -9999, -9999, 25, 79, -9999, 7, -9999, -9999, 22, -9999, -9999, 70, -9999, 20, -9999, -9999, -9999, 68, -9999, 63, 99, -9999, -9999, 87, 36, 86, -9999, -9999, -9999, -9999, -9999, -9999, -9999, -9999, 17, -9999, 28],
[-9999, 69, 58, -9999, 96, -9999, 90, -9999, 10, -9999, 38, 53, 65, -9999, 16, -9999, -9999, -9999, -9999, -9999, -9999, -9999, 77, 9, -9999, -9999, -9999, -9999, -9999, 46, -9999, 35, -9999, -9999, -9999, 99, -9999, 100, -9999, -9999, 73, -9999, 21, 74, -9999, 57, -9999, 58, 56, -9999, 10, 65, -9999, -9999, -9999, 35, 87, 65, -9999, -9999, 97, 90, 38, -9999, -9999, 48, 85, 69, -9999, 40, 45, -9999, -9999, -9999, 93, 87, 4, -9999, -9999, -9999, 26, -9999, 93, 12, 19, -9999, -9999, 45, 81, 28, 92, 51, -9999, 24, -9999, -9999, -9999, 72, -9999, 5],
[-9999, 23, 51, 88, -9999, -9999, 27, -9999, 41, -9999, 44, -9999, 17, -9999, 73, -9999, 13, -9999, -9999, -9999, 100, -9999, -9999, -9999, -9999, -9999, 90, -9999, -9999, 76, 38, 69, -9999, 35, -9999, -9999, -9999, -9999, 12, -9999, 37, -9999, 74, 8, -9999, -9999, 4, -9999, 15, -9999, -9999, 56, 74, -9999, -9999, 38, 71, 56, -9999, 44, 33, 76, 97, -9999, -9999, 45, 91, -9999, -9999, -9999, 44, -9999, -9999, -9999, 1, 34, 42, -9999, -9999, 6, 8, -9999, 89, 34, -9999, -9999, 87, 90, -9999, 28, 52, 44, -9999, 48, -9999, -9999, -9999, 84, 96, -9999],
[-9999, -9999, 89, -9999, -9999, -9999, 58, -9999, -9999, -9999, -9999, 5, -9999, -9999, -9999, -9999, -9999, -9999, -9999, -9999, -9999, -9999, -9999, -9999, -9999, 67, 72, -9999, -9999, -9999, -9999, 55, -9999, -9999, -9999, 31, -9999, -9999, 16, -9999, -9999, -9999, -9999, -9999, -9999, -9999, 44, -9999, -9999, -9999, -9999, -9999, 83, -9999, -9999, -9999, 90, -9999, -9999, -9999, 57, 76, 9, -9999, -9999, -9999, 4, -9999, -9999, -9999, -9999, -9999, -9999, -9999, -9999, -9999, -9999, -9999, -9999, 72, -9999, -9999, 52, 90, -9999, -9999, -9999, -9999, -9999, -9999, -9999, -9999, -9999, -9999, -9999, -9999, -9999, -9999, 88, -9999],
[-9999, -9999, -9999, 88, 7, -9999, 30, -9999, 59, -9999, -9999, 27, 43, -9999, 92, -9999, -9999, 76, -9999, -9999, 55, -9999, 91, 32, -9999, -9999, 58, 43, -9999, 28, -9999, 54, -9999, -9999, -9999, 35, -9999, -9999, 69, -9999, 94, -9999, 32, 40, -9999, -9999, 79, 48, -9999, -9999, 20, 14, 2, -9999, -9999, 69, 18, 89, -9999, 49, 75, 33, 31, 51, -9999, 76, 54, -9999, -9999, 4, 70, -9999, -9999, -9999, 79, 40, -9999, -9999, -9999, 80, 71, -9999, 1, 28, 89, -9999, 99, 55, -9999, 85, 14, 87, -9999, 58, -9999, -9999, 61, -9999, -9999, -9999],
[-9999, -9999, -9999, 35, 41, -9999, -9999, -9999, -9999, -9999, -9999, 44, 31, -9999, 80, -9999, 45, 58, -9999, -9999, -9999, -9999, 99, -9999, -9999, -9999, -9999, 50, -9999, -9999, 40, -9999, -9999, 34, -9999, 2, -9999, -9999, 60, 88, 99, -9999, -9999, -9999, -9999, -9999, 24, 34, 15, -9999, 93, 16, -9999, -9999, -9999, 33, -9999, 16, -9999, -9999, 77, 95, 33, -9999, -9999, 80, 88, 70, -9999, -9999, -9999, 12, -9999, -9999, 67, 4, -9999, -9999, -9999, -9999, 16, -9999, 3, 76, -9999, -9999, 80, 19, -9999, 62, -9999, -9999, 67, 89, -9999, -9999, -9999, 26, -9999, -9999],
[8, 3, -9999, -9999, 42, -9999, 41, -9999, 71, -9999, 4, -9999, 37, -9999, 4, 93, -9999, 91, 71, -9999, 70, -9999, 48, -9999, -9999, -9999, -9999, 88, -9999, -9999, -9999, 48, -9999, 2, -9999, 36, 15, -9999, 84, -9999, 94, -9999, 93, -9999, -9999, -9999, 26, 100, 12, -9999, -9999, 70, 12, -9999, -9999, 76, -9999, 25, -9999, 65, 18, 42, 76, 73, -9999, 68, 59, 28, -9999, -9999, -9999, -9999, 43, -9999, 59, 56, 73, -9999, 82, 52, 52, 91, -9999, 11, -9999, 60, 41, -9999, 32, -9999, 23, 3, -9999, 7, -9999, -9999, -9999, -9999, -9999, -9999],
[-9999, -9999, -9999, -9999, -9999, -9999, 6, -9999, -9999, -9999, -9999, 43, -9999, -9999, -9999, -9999, -9999, -9999, -9999, -9999, -9999, -9999, -9999, 11, -9999, -9999, -9999, -9999, -9999, -9999, -9999, 36, -9999, -9999, -9999, 40, -9999, -9999, 22, -9999, 67, -9999, -9999, -9999, -9999, -9999, -9999, -9999, -9999, -9999, -9999, 58, -9999, -9999, -9999, -9999, -9999, 68, -9999, -9999, 6, 53, 3, -9999, -9999, -9999, 39, -9999, -9999, -9999, -9999, -9999, -9999, -9999, -9999, -9999, -9999, -9999, -9999, -9999, 23, -9999, 29, 16, -9999, -9999, -9999, -9999, -9999, -9999, -9999, -9999, 4, -9999, -9999, -9999, -9999, -9999, 29, -9999],
[-9999, -9999, 38, -9999, -9999, -9999, 54, -9999, -9999, -9999, -9999, 95, -9999, -9999, -9999, -9999, -9999, -9999, -9999, -9999, -9999, -9999, -9999, 61, -9999, -9999, 33, -9999, -9999, -9999, -9999, -9999, -9999, -9999, -9999, 94, -9999, -9999, 89, 15, 95, -9999, -9999, -9999, -9999, -9999, -9999, -9999, -9999, -9999, -9999, 44, -9999, -9999, -9999, -9999, 58, -9999, -9999, -9999, 82, -9999, 2, 83, -9999, -9999, 83, -9999, -9999, -9999, -9999, -9999, -9999, -9999, -9999, -9999, -9999, -9999, -9999, 100, 92, -9999, 90, 96, -9999, -9999, -9999, -9999, -9999, -9999, -9999, -9999, 98, -9999, -9999, -9999, -9999, -9999, -9999, -9999],
[-9999, 18, 64, -9999, 62, -9999, -9999, -9999, 82, -9999, 10, 63, 42, 86, -9999, -9999, 67, 57, -9999, -9999, 99, -9999, 33, 68, -9999, -9999, 48, -9999, -9999, 76, -9999, 5, -9999, -9999, -9999, -9999, -9999, -9999, 70, -9999, 75, -9999, 37, -9999, -9999, -9999, -9999, 69, 40, -9999, 7, 43, 5, -9999, -9999, 50, 11, -9999, -9999, -9999, 69, 11, 84, 58, -9999, 68, 36, -9999, -9999, 73, -9999, 34, -9999, -9999, 45, -9999, -9999, -9999, 71, -9999, 25, -9999, 62, 54, -9999, -9999, 80, -9999, -9999, 25, 4, -9999, 52, 20, -9999, -9999, -9999, -9999, -9999, 15],
[-9999, -9999, 78, -9999, -9999, -9999, 86, -9999, -9999, -9999, -9999, -9999, -9999, -9999, -9999, -9999, -9999, -9999, -9999, -9999, -9999, -9999, -9999, -9999, -9999, -9999, -9999, -9999, -9999, -9999, 6, -9999, -9999, -9999, -9999, 22, -9999, -9999, 14, 24, 73, -9999, -9999, -9999, -9999, -9999, -9999, -9999, -9999, -9999, -9999, 21, -9999, -9999, -9999, -9999, -9999, 82, -9999, -9999, 4, 81, 71, -9999, -9999, -9999, 64, -9999, -9999, -9999, -9999, -9999, -9999, -9999, -9999, -9999, -9999, -9999, -9999, -9999, 64, -9999, 99, 70, -9999, -9999, -9999, -9999, 79, 1, -9999, -9999, 11, -9999, -9999, -9999, -9999, -9999, -9999, -9999],
[-9999, -9999, -9999, -9999, -9999, -9999, -9999, -9999, -9999, -9999, -9999, -9999, -9999, -9999, -9999, 38, -9999, 96, -9999, -9999, -9999, -9999, -9999, -9999, -9999, -9999, -9999, -9999, 77, -9999, -9999, -9999, -9999, -9999, -9999, -9999, -9999, -9999, -9999, -9999, -9999, -9999, 74, -9999, -9999, -9999, -9999, -9999, -9999, -9999, -9999, -9999, -9999, -9999, -9999, 3, -9999, -9999, -9999, -9999, -9999, -9999, -9999, -9999, -9999, -9999, -9999, -9999, -9999, -9999, -9999, -9999, -9999, -9999, -9999, -9999, -9999, -9999, -9999, 88, -9999, 9, -9999, -9999, -9999, -9999, -9999, -9999, -9999, -9999, -9999, -9999, -9999, -9999, -9999, -9999, -9999, -9999, -9999, -9999],
[-9999, -9999, -9999, -9999, -9999, 33, -9999, -9999, -9999, -9999, -9999, -9999, -9999, -9999, -9999, 26, -9999, -9999, -9999, -9999, -9999, -9999, -9999, -9999, -9999, -9999, -9999, -9999, 10, -9999, -9999, -9999, -9999, -9999, -9999, -9999, -9999, -9999, -9999, -9999, -9999, -9999, 8, -9999, -9999, -9999, -9999, -9999, -9999, -9999, -9999, -9999, -9999, -9999, -9999, 94, -9999, -9999, -9999, -9999, -9999, -9999, -9999, -9999, -9999, -9999, -9999, 29, -9999, -9999, 8, -9999, -9999, -9999, -9999, -9999, 99, -9999, -9999, 100, -9999, 27, -9999, -9999, -9999, -9999, -9999, -9999, -9999, -9999, -9999, 15, -9999, -9999, -9999, -9999, -9999, -9999, -9999, -9999],
[-9999, -9999, -9999, -9999, 67, -9999, 44, -9999, 76, -9999, 6, 4, 75, -9999, -9999, -9999, 61, 21, -9999, 48, -9999, -9999, 28, 84, -9999, -9999, -9999, 95, -9999, 35, 74, 2, -9999, -9999, -9999, 3, 35, -9999, 28, -9999, 58, -9999, 5, 58, -9999, -9999, 61, -9999, 77, -9999, -9999, -9999, -9999, -9999, 11, 51, -9999, -9999, -9999, -9999, 60, 43, 7, -9999, -9999, 9, 62, -9999, 97, 91, -9999, 94, -9999, -9999, 96, 73, -9999, -9999, 76, 48, 38, -9999, 18, 93, -9999, -9999, 40, -9999, 25, -9999, -9999, 32, 45, 64, -9999, -9999, -9999, -9999, 91, -9999],
[-9999, -9999, -9999, -9999, -9999, 91, -9999, -9999, -9999, -9999, -9999, -9999, -9999, -9999, -9999, 85, -9999, -9999, -9999, -9999, -9999, -9999, -9999, -9999, -9999, -9999, -9999, -9999, 28, -9999, -9999, -9999, -9999, -9999, -9999, -9999, -9999, -9999, -9999, -9999, -9999, -9999, 86, -9999, -9999, -9999, -9999, -9999, -9999, -9999, -9999, -9999, -9999, -9999, -9999, 19, -9999, -9999, -9999, -9999, -9999, -9999, -9999, -9999, -9999, -9999, -9999, 56, -9999, -9999, -9999, -9999, -9999, -9999, -9999, -9999, -9999, -9999, -9999, 28, -9999, 8, -9999, -9999, -9999, -9999, -9999, -9999, -9999, -9999, -9999, 42, -9999, 32, -9999, -9999, -9999, -9999, -9999, -9999],
[11, 33, 53, 88, -9999, 93, -9999, -9999, -9999, 50, 34, -9999, 5, 19, 37, 44, -9999, 90, 66, -9999, 32, 40, -9999, -9999, -9999, -9999, 32, -9999, -9999, -9999, 50, 38, 65, -9999, -9999, 66, -9999, -9999, 75, -9999, 23, -9999, 84, -9999, 57, -9999, -9999, -9999, -9999, -9999, 53, -9999, -9999, -9999, -9999, 2, 41, 26, -9999, 1, 37, 22, 47, -9999, -9999, 15, 31, 88, -9999, 8, -9999, 1, 9, -9999, 21, -9999, 91, -9999, 12, 54, 33, 1, 50, 86, -9999, -9999, 75, 43, 11, 100, 71, 45, 74, 17, 33, -9999, -9999, 16, -9999, 53],
[-9999, -9999, -9999, -9999, -9999, -9999, 69, -9999, -9999, -9999, -9999, 47, -9999, -9999, -9999, -9999, -9999, -9999, -9999, -9999, -9999, -9999, -9999, -9999, -9999, -9999, -9999, -9999, -9999, -9999, -9999, 86, -9999, -9999, -9999, -9999, -9999, -9999, 11, -9999, 31, -9999, -9999, -9999, -9999, -9999, -9999, -9999, -9999, -9999, -9999, -9999, 93, -9999, -9999, -9999, -9999, 56, -9999, -9999, 88, -9999, 66, 91, -9999, -9999, 52, -9999, -9999, -9999, -9999, -9999, -9999, -9999, -9999, -9999, -9999, -9999, -9999, -9999, 30, -9999, 88, 56, -9999, -9999, -9999, -9999, -9999, -9999, -9999, -9999, 53, -9999, -9999, -9999, -9999, -9999, 7, -9999],
[-9999, -9999, 64, -9999, -9999, -9999, -9999, -9999, -9999, -9999, -9999, -9999, -9999, -9999, -9999, -9999, -9999, -9999, -9999, -9999, -9999, -9999, -9999, -9999, -9999, -9999, 92, -9999, -9999, -9999, -9999, 14, -9999, -9999, -9999, -9999, -9999, -9999, 5, 18, 90, -9999, -9999, -9999, 100, -9999, 33, -9999, -9999, -9999, -9999, 10, 46, -9999, -9999, -9999, 93, 81, -9999, -9999, 13, 95, 92, 95, -9999, -9999, 36, -9999, -9999, -9999, -9999, -9999, -9999, -9999, -9999, -9999, -9999, -9999, -9999, 46, 82, -9999, 17, 99, -9999, -9999, -9999, -9999, 68, 24, -9999, -9999, -9999, -9999, -9999, -9999, -9999, -9999, 20, -9999],
[-9999, -9999, -9999, -9999, -9999, -9999, -9999, -9999, 85, -9999, 56, 51, 37, -9999, -9999, -9999, -9999, 47, -9999, -9999, 13, -9999, 74, 93, -9999, 5, -9999, -9999, -9999, 84, 87, -9999, -9999, 68, -9999, -9999, 23, -9999, 50, 62, 65, -9999, 24, 77, -9999, -9999, -9999, 49, 29, -9999, 69, 84, -9999, -9999, 60, -9999, 10, 75, -9999, -9999, 51, 13, 96, 6, -9999, 57, 63, -9999, 6, -9999, -9999, -9999, -9999, -9999, 45, -9999, 9, -9999, 62, -9999, 53, -9999, 62, 74, -9999, -9999, 74, -9999, 92, -9999, 38, 97, -9999, 48, -9999, -9999, -9999, -9999, -9999, 9],
[17, 48, 19, 80, -9999, 78, 8, -9999, -9999, 22, 38, 84, 97, -9999, 35, 30, 9, 67, 88, -9999, 51, 52, 89, -9999, -9999, -9999, 94, 98, -9999, 6, -9999, 100, 71, -9999, -9999, -9999, 96, 75, 73, 57, 35, -9999, 68, -9999, -9999, 80, -9999, -9999, -9999, -9999, 8, -9999, 4, -9999, 46, 92, -9999, -9999, -9999, 74, 48, 63, 22, 89, -9999, 26, 24, 45, -9999, 39, 94, 5, 47, -9999, 65, 45, 83, 76, 72, 39, 68, 52, 46, 67, 5, 24, 25, 49, 80, 10, -9999, 70, 71, 31, 29, -9999, -9999, 81, -9999, -9999],
[-9999, -9999, 4, -9999, -9999, -9999, 87, -9999, -9999, -9999, -9999, 61, -9999, -9999, -9999, -9999, -9999, -9999, -9999, -9999, -9999, -9999, -9999, 41, -9999, -9999, -9999, -9999, -9999, -9999, -9999, 49, -9999, -9999, -9999, -9999, -9999, -9999, 53, 40, 95, -9999, -9999, -9999, -9999, -9999, -9999, -9999, -9999, -9999, -9999, -9999, -9999, -9999, -9999, -9999, -9999, -9999, -9999, -9999, 13, -9999, 4, 20, -9999, -9999, 30, -9999, -9999, -9999, -9999, -9999, -9999, -9999, -9999, -9999, -9999, -9999, -9999, -9999, 69, -9999, 100, 10, -9999, -9999, -9999, -9999, 75, 27, -9999, -9999, 99, -9999, -9999, 23, -9999, -9999, -9999, -9999],
[-9999, 87, 80, -9999, -9999, -9999, 72, -9999, 68, -9999, 35, -9999, 27, -9999, 12, -9999, -9999, -9999, -9999, -9999, 63, -9999, -9999, 89, -9999, -9999, 82, -9999, -9999, 59, 9, 30, -9999, 41, -9999, 54, -9999, -9999, 52, 31, 93, -9999, 32, -9999, -9999, 68, -9999, -9999, 18, -9999, 75, -9999, -9999, -9999, 3, 100, -9999, 77, -9999, -9999, 84, 49, 92, 40, -9999, 90, 79, 51, -9999, -9999, 88, 31, -9999, -9999, 56, 49, 51, -9999, 81, 51, 89, -9999, 81, 61, 23, -9999, 15, -9999, -9999, 29, 81, 8, -9999, 5, -9999, -9999, -9999, 70, 57, -9999],
[-9999, -9999, -9999, -9999, 6, -9999, -9999, -9999, 16, -9999, 13, 34, 95, -9999, -9999, -9999, 39, 9, -9999, -9999, -9999, -9999, 68, -9999, -9999, -9999, 20, 2, -9999, 6, -9999, 80, -9999, 9, -9999, 81, 57, -9999, 1, -9999, 28, -9999, 35, -9999, -9999, -9999, -9999, 87, 96, -9999, 84, 13, -9999, -9999, -9999, -9999, 28, 95, -9999, -9999, 74, 30, 62, -9999, 85, 86, 18, 92, -9999, 84, 72, 40, -9999, -9999, 19, 91, -9999, -9999, 60, -9999, 49, -9999, 23, 58, -9999, -9999, 53, -9999, -9999, 87, 63, -9999, -9999, 33, -9999, -9999, -9999, 24, -9999, 79],
[-9999, -9999, -9999, -9999, -9999, -9999, -9999, -9999, -9999, -9999, -9999, -9999, -9999, -9999, -9999, -9999, -9999, -9999, -9999, -9999, -9999, -9999, -9999, -9999, -9999, -9999, -9999, -9999, -9999, -9999, -9999, -9999, -9999, -9999, -9999, -9999, -9999, -9999, -9999, -9999, -9999, -9999, -9999, -9999, -9999, -9999, -9999, -9999, -9999, -9999, -9999, -9999, -9999, -9999, -9999, -9999, -9999, -9999, -9999, -9999, -9999, -9999, -9999, -9999, -9999, -9999, -9999, -9999, -9999, -9999, -9999, -9999, -9999, -9999, -9999, -9999, -9999, -9999, -9999, -9999, -9999, -9999, -9999, -9999, -9999, -9999, -9999, -9999, -9999, -9999, -9999, -9999, -9999, -9999, -9999, -9999, -9999, -9999, -9999, -9999],
[-9999, -9999, -9999, -9999, 38, -9999, 12, -9999, -9999, -9999, 32, 9, 27, -9999, 16, -9999, -9999, -9999, -9999, 93, 6, -9999, 99, -9999, -9999, -9999, 63, -9999, -9999, 84, -9999, 19, -9999, 76, -9999, 58, 57, -9999, 67, 79, 70, -9999, 31, -9999, -9999, -9999, -9999, -9999, -9999, -9999, 29, -9999, 81, -9999, 14, 84, 27, 70, -9999, -9999, 32, -9999, 31, -9999, 86, 42, 27, -9999, -9999, -9999, 55, -9999, -9999, -9999, 40, 68, 51, -9999, 53, -9999, 53, -9999, 36, 70, 36, -9999, 63, 40, -9999, 18, -9999, 5, -9999, 54, -9999, -9999, 43, 75, -9999, -9999],
[-9999, -9999, 52, -9999, -9999, -9999, 72, -9999, -9999, 3, -9999, -9999, 49, 6, -9999, 67, 80, -9999, 1, -9999, 87, 39, -9999, -9999, -9999, -9999, 88, 13, 13, -9999, 43, 13, 12, 32, -9999, -9999, 16, -9999, 48, 55, 3, -9999, 22, 39, -9999, 44, 20, 33, -9999, -9999, 14, -9999, 82, -9999, 26, 99, -9999, -9999, -9999, -9999, 10, 52, -9999, 77, -9999, 99, 69, 88, -9999, 36, -9999, -9999, 96, -9999, 12, 71, 56, 93, 25, 7, 21, 29, 82, 92, -9999, 4, 15, 54, -9999, 64, 47, 62, 7, -9999, 56, -9999, -9999, 37, 36, -9999],
[-9999, -9999, 83, -9999, -9999, -9999, 48, -9999, -9999, -9999, -9999, 77, -9999, -9999, -9999, -9999, -9999, -9999, -9999, -9999, -9999, -9999, -9999, 7, -9999, -9999, -9999, -9999, -9999, -9999, 38, -9999, -9999, -9999, -9999, 72, -9999, -9999, 36, -9999, -9999, -9999, -9999, -9999, -9999, -9999, -9999, -9999, -9999, -9999, -9999, -9999, -9999, -9999, -9999, -9999, 78, 44, -9999, -9999, 66, -9999, 72, -9999, -9999, -9999, 99, -9999, -9999, -9999, -9999, -9999, -9999, -9999, -9999, -9999, -9999, -9999, -9999, -9999, 55, -9999, 64, 86, -9999, -9999, -9999, -9999, -9999, 39, -9999, -9999, 22, -9999, -9999, -9999, -9999, -9999, 22, -9999],
[-9999, -9999, -9999, -9999, -9999, -9999, 93, -9999, -9999, -9999, -9999, 77, -9999, -9999, -9999, -9999, -9999, -9999, -9999, -9999, -9999, 59, -9999, 58, -9999, -9999, 76, -9999, -9999, -9999, 34, -9999, 70, -9999, -9999, -9999, -9999, -9999, 63, 37, 67, -9999, -9999, -9999, -9999, -9999, 55, -9999, -9999, -9999, -9999, 43, 72, -9999, -9999, -9999, -9999, -9999, -9999, -9999, 15, -9999, 92, -9999, -9999, -9999, 25, -9999, -9999, -9999, -9999, -9999, -9999, -9999, -9999, -9999, -9999, -9999, -9999, 40, 5, -9999, 34, 23, -9999, -9999, -9999, -9999, -9999, 63, -9999, -9999, 72, -9999, 62, -9999, -9999, -9999, 86, -9999],
[-9999, -9999, 31, 63, 46, -9999, 90, -9999, 83, 15, 54, -9999, 28, -9999, 92, 60, 16, 87, -9999, 71, 87, -9999, -9999, 15, -9999, -9999, 76, 49, -9999, 68, -9999, -9999, 58, -9999, -9999, 94, 100, -9999, 83, 43, 19, -9999, 35, 47, -9999, -9999, 96, 37, 13, -9999, 25, -9999, 46, -9999, -9999, 78, -9999, 97, -9999, -9999, 94, 10, 97, 68, -9999, -9999, 73, 79, 91, -9999, -9999, -9999, 95, -9999, 74, -9999, 97, -9999, -9999, -9999, 7, -9999, 72, 79, 42, 88, 31, -9999, 25, -9999, -9999, -9999, 83, 21, 73, -9999, -9999, -9999, 96, 78],
[-9999, -9999, 84, 58, 7, -9999, 26, -9999, 74, -9999, 27, -9999, 86, -9999, 100, -9999, 24, 29, -9999, -9999, 79, -9999, -9999, -9999, -9999, -9999, -9999, 86, -9999, -9999, 73, -9999, -9999, 6, -9999, -9999, -9999, -9999, 48, -9999, 70, -9999, 15, -9999, -9999, -9999, 6, 43, 24, -9999, 67, 75, 16, -9999, 3, 53, -9999, 1, -9999, 7, 50, -9999, 54, 58, -9999, 77, -9999, -9999, -9999, -9999, -9999, 29, -9999, -9999, 79, -9999, 43, -9999, 78, 6, 45, -9999, 76, 39, -9999, -9999, 84, 74, -9999, 20, -9999, 41, 37, -9999, -9999, -9999, 27, -9999, 19, -9999],
[-9999, -9999, -9999, 77, 95, -9999, 13, -9999, 86, -9999, 74, -9999, 9, -9999, -9999, -9999, 17, 34, -9999, -9999, -9999, -9999, 62, -9999, -9999, -9999, -9999, -9999, -9999, 34, 64, 11, -9999, -9999, -9999, 20, -9999, -9999, 30, 34, 17, -9999, 4, -9999, -9999, 23, 16, 87, 56, -9999, 99, -9999, -9999, -9999, -9999, 84, -9999, 6, -9999, 55, 97, 25, 57, -9999, -9999, 40, 70, -9999, -9999, 11, 60, 90, -9999, -9999, 46, 26, 64, -9999, 86, -9999, 28, -9999, 59, 39, -9999, -9999, 93, -9999, -9999, 22, -9999, 18, 37, 19, -9999, -9999, -9999, 100, -9999, -9999],
[-9999, 4, -9999, 64, -9999, -9999, 68, -9999, -9999, -9999, 55, -9999, 5, -9999, -9999, -9999, -9999, -9999, -9999, -9999, 80, -9999, 25, -9999, -9999, -9999, -9999, 84, -9999, 24, -9999, 57, -9999, -9999, -9999, 62, 20, -9999, 30, -9999, 54, -9999, 35, -9999, -9999, 37, 15, 43, 68, -9999, -9999, -9999, 56, -9999, 63, 12, 41, -9999, -9999, 15, 67, -9999, 96, -9999, -9999, 100, 64, -9999, -9999, -9999, -9999, 64, -9999, -9999, -9999, -9999, 58, -9999, 35, 77, 25, -9999, 20, 48, 87, -9999, 24, 70, 100, 90, 73, -9999, -9999, -9999, -9999, -9999, -9999, 95, 75, 23],
[-9999, 50, 95, 24, -9999, -9999, -9999, -9999, 96, -9999, -9999, -9999, 59, -9999, -9999, -9999, -9999, 74, -9999, -9999, -9999, -9999, -9999, 34, -9999, -9999, 61, 62, -9999, 39, 59, 79, -9999, 95, -9999, -9999, -9999, -9999, 59, -9999, 30, -9999, 15, -9999, -9999, 9, 67, 80, 90, -9999, -9999, -9999, -9999, -9999, 4, 95, -9999, -9999, -9999, 83, 91, 50, 2, -9999, -9999, 6, 73, 10, -9999, -9999, 26, -9999, -9999, -9999, 16, 69, -9999, -9999, 58, -9999, 30, -9999, 2, 6, 26, -9999, 19, 56, 64, -9999, -9999, -9999, 33, -9999, -9999, -9999, -9999, 24, -9999, -9999],
[-9999, 30, -9999, -9999, -9999, -9999, 34, 32, -9999, -9999, -9999, 9, 71, -9999, -9999, -9999, 10, 10, -9999, -9999, 51, -9999, -9999, 57, -9999, -9999, 61, 27, -9999, -9999, 2, -9999, -9999, 37, -9999, 85, 73, -9999, 69, 18, 54, -9999, 48, -9999, -9999, -9999, 46, -9999, 13, -9999, 65, 27, 90, -9999, 60, 7, -9999, -9999, -9999, 37, 62, -9999, 14, -9999, -9999, 6, 14, 55, -9999, -9999, -9999, 8, -9999, -9999, 53, -9999, -9999, -9999, 67, 34, 55, -9999, 13, 88, -9999, -9999, 91, 12, -9999, -9999, 22, 89, 85, -9999, -9999, -9999, 8, 67, 4, 82],
[-9999, -9999, -9999, -9999, -9999, -9999, -9999, -9999, -9999, -9999, -9999, -9999, -9999, -9999, -9999, -9999, -9999, 17, -9999, -9999, -9999, -9999, -9999, -9999, -9999, -9999, -9999, -9999, -9999, -9999, -9999, -9999, -9999, -9999, -9999, -9999, -9999, -9999, -9999, -9999, -9999, -9999, 6, -9999, -9999, -9999, -9999, -9999, -9999, -9999, -9999, -9999, -9999, -9999, -9999, 37, -9999, -9999, -9999, -9999, -9999, -9999, -9999, -9999, -9999, -9999, -9999, -9999, -9999, -9999, -9999, -9999, -9999, -9999, -9999, 36, 90, -9999, -9999, 21, -9999, -9999, -9999, -9999, -9999, -9999, -9999, -9999, -9999, -9999, -9999, 76, -9999, -9999, -9999, -9999, -9999, -9999, -9999, -9999],
[-9999, 91, 62, -9999, 40, -9999, -9999, 99, -9999, -9999, -9999, 41, 65, -9999, 63, -9999, -9999, 51, -9999, -9999, -9999, -9999, -9999, 83, -9999, 49, 82, -9999, -9999, -9999, -9999, 34, -9999, -9999, -9999, 26, 1, -9999, 48, -9999, 80, -9999, 1, -9999, -9999, -9999, 55, -9999, -9999, -9999, 34, -9999, 26, -9999, 7, 82, -9999, 20, -9999, 11, 67, 21, 33, -9999, -9999, 15, 65, -9999, -9999, -9999, 43, 38, -9999, -9999, 1, 96, 25, -9999, -9999, 17, 43, -9999, 31, 44, 48, -9999, 50, 95, -9999, -9999, -9999, 34, -9999, 81, -9999, -9999, -9999, 45, -9999, 53],
[-9999, -9999, -9999, -9999, -9999, -9999, -9999, -9999, -9999, -9999, -9999, -9999, -9999, -9999, -9999, -9999, -9999, 24, -9999, -9999, -9999, -9999, -9999, -9999, -9999, -9999, -9999, -9999, -9999, -9999, -9999, -9999, -9999, -9999, -9999, -9999, -9999, -9999, -9999, -9999, -9999, -9999, 19, -9999, -9999, -9999, -9999, -9999, -9999, -9999, -9999, -9999, -9999, -9999, -9999, 49, -9999, -9999, -9999, -9999, -9999, -9999, -9999, -9999, -9999, -9999, -9999, 45, -9999, -9999, -9999, -9999, -9999, -9999, -9999, -9999, 29, -9999, -9999, -9999, -9999, -9999, -9999, -9999, -9999, -9999, -9999, -9999, -9999, -9999, -9999, -9999, -9999, 23, -9999, -9999, -9999, -9999, -9999, -9999],
[-9999, -9999, -9999, 75, 2, -9999, 49, -9999, 21, -9999, 89, -9999, 85, -9999, 48, -9999, -9999, 13, -9999, -9999, 6, -9999, 44, 43, -9999, -9999, 8, -9999, -9999, 73, -9999, 21, -9999, 76, -9999, 51, -9999, -9999, 89, -9999, 54, -9999, 22, -9999, -9999, 86, 3, -9999, 34, -9999, 94, 98, 9, -9999, 54, 50, -9999, 75, -9999, 20, 27, -9999, 39, 35, -9999, 46, 7, -9999, -9999, -9999, 45, -9999, -9999, -9999, -9999, -9999, -9999, -9999, -9999, 42, 100, -9999, 39, 51, -9999, -9999, 66, -9999, -9999, 82, -9999, -9999, 62, 6, -9999, -9999, -9999, -9999, 25, 20],
[-9999, -9999, 10, -9999, -9999, -9999, -9999, -9999, -9999, -9999, -9999, -9999, -9999, -9999, -9999, -9999, -9999, -9999, -9999, 77, -9999, -9999, -9999, 3, -9999, -9999, -9999, -9999, -9999, -9999, -9999, 67, -9999, -9999, -9999, 89, -9999, -9999, 9, -9999, 36, -9999, -9999, -9999, -9999, -9999, 4, -9999, -9999, -9999, -9999, -9999, 79, -9999, -9999, -9999, 84, 90, -9999, -9999, 10, -9999, 32, -9999, -9999, -9999, 71, -9999, -9999, -9999, -9999, -9999, -9999, -9999, -9999, -9999, -9999, -9999, -9999, 47, 40, -9999, -9999, 18, -9999, -9999, -9999, -9999, 86, 27, -9999, -9999, -9999, -9999, -9999, -9999, -9999, -9999, 69, -9999],
[-9999, -9999, 68, 17, 98, -9999, 89, -9999, 31, -9999, -9999, 17, 2, -9999, -9999, -9999, -9999, 65, -9999, -9999, -9999, -9999, 47, -9999, -9999, -9999, 71, -9999, -9999, -9999, 47, 69, -9999, 92, -9999, 40, 21, -9999, 38, -9999, 57, -9999, 96, 6, -9999, 93, 24, 95, -9999, -9999, -9999, -9999, 60, -9999, -9999, 58, 82, 16, -9999, -9999, 67, -9999, 86, -9999, -9999, 41, 87, 47, -9999, -9999, -9999, -9999, -9999, -9999, 38, 94, -9999, -9999, -9999, -9999, 43, -9999, 46, 5, 24, -9999, 2, -9999, -9999, 6, 73, 12, 31, 6, -9999, -9999, -9999, 62, 27, 88],
[-9999, -9999, 55, -9999, -9999, -9999, 2, -9999, -9999, -9999, -9999, 84, 61, 89, 10, -9999, -9999, 41, -9999, -9999, 95, -9999, 30, 26, -9999, -9999, 10, 14, -9999, 59, 28, -9999, -9999, 46, -9999, 99, 59, -9999, 32, 89, 91, -9999, 48, -9999, -9999, 36, -9999, 74, 77, -9999, 31, -9999, 22, -9999, -9999, 45, -9999, 68, -9999, 86, 55, -9999, 71, -9999, -9999, 94, 71, 87, -9999, 50, 9, 48, -9999, -9999, 29, -9999, 87, -9999, 78, 71, 59, -9999, 79, 48, -9999, -9999, 6, 63, -9999, 71, -9999, 54, -9999, 54, -9999, -9999, -9999, -9999, 33, -9999],
[-9999, -9999, 31, -9999, -9999, -9999, -9999, -9999, -9999, -9999, -9999, 31, -9999, -9999, -9999, -9999, -9999, -9999, -9999, -9999, -9999, -9999, -9999, 46, -9999, -9999, 7, -9999, -9999, -9999, 4, -9999, 12, -9999, -9999, 34, -9999, -9999, 44, 57, 17, -9999, -9999, -9999, 88, -9999, -9999, -9999, -9999, -9999, -9999, -9999, 28, -9999, -9999, -9999, 79, -9999, -9999, -9999, 3, 27, 54, 3, -9999, -9999, -9999, -9999, -9999, -9999, -9999, -9999, -9999, -9999, -9999, -9999, -9999, -9999, -9999, -9999, 92, -9999, 64, 8, -9999, -9999, -9999, -9999, 56, 8, -9999, -9999, 94, -9999, 12, -9999, -9999, -9999, -9999, -9999],
[4, -9999, 62, 16, -9999, 1, 90, -9999, 24, 100, 64, -9999, 72, -9999, 83, 45, -9999, 45, 27, -9999, 72, 67, -9999, 94, -9999, -9999, 16, 3, 44, 71, 96, 29, 42, -9999, -9999, 59, 35, -9999, 28, 96, 94, -9999, 87, 62, -9999, -9999, -9999, -9999, -9999, -9999, -9999, 44, -9999, -9999, 82, 71, 53, 30, -9999, -9999, 92, 11, 18, 83, -9999, 95, 96, 98, -9999, 16, 77, 46, 27, -9999, 83, 39, 97, 33, -9999, -9999, 69, -9999, 86, 75, 95, -9999, 2, 37, -9999, -9999, -9999, -9999, -9999, 26, -9999, -9999, -9999, 31, 83, 30],
[-9999, -9999, -9999, -9999, -9999, -9999, -9999, -9999, -9999, -9999, -9999, 89, -9999, -9999, -9999, -9999, -9999, -9999, -9999, -9999, -9999, 97, -9999, 33, -9999, -9999, -9999, -9999, -9999, -9999, -9999, 18, 82, -9999, -9999, 72, -9999, -9999, 74, -9999, 8, -9999, -9999, -9999, -9999, -9999, 60, -9999, -9999, -9999, -9999, 24, 32, -9999, -9999, -9999, 45, 53, -9999, -9999, 51, -9999, 80, 31, -9999, -9999, 34, -9999, -9999, -9999, -9999, -9999, -9999, -9999, -9999, -9999, -9999, -9999, -9999, -9999, -9999, -9999, 56, 18, -9999, -9999, -9999, -9999, -9999, 65, -9999, -9999, -9999, -9999, 72, -9999, -9999, -9999, 84, -9999],
[-9999, -9999, 71, -9999, -9999, -9999, -9999, -9999, -9999, -9999, -9999, -9999, -9999, -9999, -9999, -9999, -9999, -9999, -9999, -9999, -9999, -9999, -9999, -9999, -9999, -9999, 60, -9999, -9999, -9999, -9999, 77, -9999, -9999, -9999, 94, -9999, -9999, 51, 41, 41, -9999, -9999, -9999, -9999, -9999, 41, -9999, -9999, -9999, -9999, 57, -9999, -9999, -9999, -9999, 23, -9999, -9999, -9999, 55, 93, 73, 82, -9999, -9999, 77, -9999, -9999, -9999, -9999, -9999, -9999, -9999, -9999, -9999, -9999, -9999, -9999, 26, 51, -9999, 36, 82, -9999, -9999, -9999, -9999, 98, -9999, -9999, -9999, -9999, -9999, -9999, 98, -9999, -9999, 67, -9999],
[-9999, -9999, 13, 95, 17, -9999, -9999, -9999, 79, -9999, -9999, 40, 91, -9999, -9999, -9999, -9999, 83, -9999, -9999, 46, -9999, -9999, 69, -9999, -9999, -9999, 90, -9999, 76, 48, -9999, -9999, -9999, -9999, 3, -9999, -9999, 39, -9999, 10, -9999, 33, 58, -9999, 8, -9999, 73, -9999, -9999, 65, 68, -9999, -9999, 89, 62, -9999, 16, -9999, -9999, 39, -9999, 56, 49, -9999, 9, 9, 74, -9999, -9999, 80, 81, -9999, -9999, 63, -9999, 27, -9999, -9999, -9999, 74, -9999, -9999, 98, 97, -9999, 63, -9999, -9999, 57, -9999, -9999, 51, -9999, -9999, -9999, -9999, -9999, -9999, 6],
[-9999, 57, -9999, 44, -9999, -9999, 42, -9999, 96, -9999, 74, 33, 87, -9999, 79, -9999, -9999, 41, -9999, -9999, -9999, -9999, 2, 6, -9999, -9999, 95, -9999, -9999, 56, -9999, 25, -9999, -9999, -9999, -9999, -9999, -9999, 76, 89, 79, -9999, 63, 68, 10, -9999, 19, 74, -9999, -9999, -9999, -9999, 96, -9999, 29, 13, 83, 68, -9999, 40, 2, 51, 45, 56, -9999, 27, 26, -9999, 42, 95, 41, -9999, -9999, -9999, -9999, 85, 81, -9999, 98, 49, 73, -9999, 71, -9999, 64, -9999, 22, 100, -9999, 48, 3, 46, 9, 1, -9999, -9999, -9999, -9999, 46, 52],
[-9999, -9999, 100, 80, 98, -9999, -9999, -9999, 46, -9999, -9999, -9999, 37, -9999, 99, -9999, 58, 13, -9999, -9999, -9999, -9999, 91, 100, -9999, -9999, 42, 84, -9999, -9999, -9999, 19, -9999, 83, -9999, -9999, -9999, -9999, 64, -9999, 85, -9999, 41, 54, -9999, 30, 83, 39, 1, -9999, 91, 71, 43, 53, 1, 6, 59, -9999, -9999, 80, 36, 7, 6, 43, -9999, 32, 10, 1, -9999, -9999, 64, -9999, -9999, 33, 21, 71, 10, -9999, -9999, 57, 72, -9999, 42, 49, -9999, -9999, 44, 9, -9999, 47, -9999, 88, 52, 33, -9999, -9999, -9999, 8, 18, -9999],
[-9999, -9999, -9999, -9999, 55, -9999, 7, -9999, 75, -9999, 2, -9999, 66, -9999, 61, -9999, -9999, 9, -9999, -9999, 22, -9999, 16, 22, -9999, -9999, -9999, 59, -9999, -9999, -9999, -9999, -9999, -9999, -9999, 17, 95, -9999, 49, 46, 90, -9999, 44, 58, -9999, 59, 22, 59, 37, -9999, 13, -9999, 14, -9999, 86, 73, 4, -9999, -9999, 21, 20, -9999, 59, 9, -9999, 14, 65, 20, -9999, 5, -9999, 82, -9999, -9999, 92, 62, 84, -9999, 63, 68, 22, -9999, 10, 94, -9999, -9999, 70, -9999, 12, -9999, 29, 64, -9999, 63, -9999, -9999, -9999, 38, 11, -9999],
[-9999, 46, 66, -9999, -9999, -9999, 51, -9999, 99, -9999, 22, 56, 85, -9999, -9999, -9999, 18, -9999, -9999, -9999, -9999, -9999, -9999, -9999, -9999, -9999, 87, -9999, -9999, 9, -9999, -9999, -9999, -9999, -9999, 80, -9999, 18, 44, -9999, 79, -9999, 36, 19, -9999, 54, -9999, 13, 10, -9999, 70, 41, 56, -9999, 54, 21, -9999, 1, -9999, 20, 98, 72, 88, 25, 40, 92, 18, -9999, -9999, -9999, 89, 46, -9999, -9999, 58, 9, 66, -9999, -9999, 94, 3, -9999, 78, 80, 90, -9999, -9999, 80, -9999, 63, 74, 96, -9999, 90, -9999, -9999, -9999, 48, 84, 31],
[-9999, -9999, -9999, -9999, -9999, -9999, -9999, -9999, -9999, -9999, -9999, 12, -9999, -9999, -9999, -9999, -9999, -9999, -9999, -9999, -9999, -9999, -9999, -9999, -9999, -9999, -9999, -9999, -9999, -9999, 10, 45, -9999, -9999, -9999, 6, -9999, -9999, 87, -9999, 88, -9999, -9999, -9999, -9999, -9999, -9999, -9999, -9999, -9999, -9999, 48, -9999, -9999, -9999, -9999, -9999, -9999, -9999, -9999, 58, -9999, 98, 6, -9999, -9999, 44, -9999, -9999, -9999, -9999, -9999, -9999, -9999, -9999, -9999, -9999, -9999, -9999, -9999, 80, -9999, 53, 54, -9999, -9999, -9999, -9999, -9999, 38, -9999, -9999, 10, -9999, -9999, 68, -9999, -9999, -9999, -9999],
[-9999, -9999, -9999, -9999, -9999, -9999, -9999, -9999, -9999, -9999, -9999, -9999, -9999, -9999, -9999, -9999, -9999, -9999, -9999, -9999, -9999, -9999, -9999, -9999, -9999, -9999, -9999, -9999, -9999, -9999, -9999, -9999, -9999, -9999, -9999, -9999, -9999, -9999, -9999, -9999, -9999, -9999, 17, -9999, -9999, -9999, -9999, -9999, -9999, -9999, -9999, -9999, -9999, -9999, -9999, 33, -9999, -9999, -9999, -9999, -9999, -9999, -9999, -9999, -9999, -9999, -9999, 87, -9999, -9999, 59, -9999, -9999, -9999, -9999, 40, 42, -9999, -9999, 38, -9999, -9999, -9999, -9999, -9999, -9999, -9999, -9999, -9999, -9999, -9999, 23, -9999, 54, -9999, -9999, -9999, -9999, -9999, -9999],
[-9999, -9999, 13, 84, 2, -9999, -9999, 59, 84, -9999, 34, 75, 86, -9999, 94, -9999, 27, 45, -9999, -9999, 24, -9999, 64, 53, -9999, -9999, 84, -9999, -9999, 60, 84, 14, -9999, 11, -9999, -9999, 52, -9999, 22, 58, 78, -9999, 5, 30, -9999, -9999, 53, 55, 6, -9999, 80, -9999, -9999, -9999, 32, 19, 55, 81, -9999, -9999, 80, 46, 75, -9999, -9999, 97, 12, -9999, -9999, 72, -9999, -9999, -9999, -9999, 73, 40, -9999, -9999, 24, 79, 14, -9999, 5, 93, 83, -9999, 47, 75, 70, -9999, 54, -9999, -9999, 55, -9999, -9999, -9999, -9999, -9999, 59],
[-9999, 66, 88, 54, -9999, -9999, 41, -9999, 97, -9999, -9999, -9999, 49, -9999, 23, -9999, 23, -9999, -9999, -9999, -9999, -9999, 93, -9999, -9999, -9999, 99, -9999, -9999, 89, 54, 32, -9999, -9999, -9999, -9999, -9999, -9999, 94, 70, 74, -9999, 80, -9999, -9999, 47, 43, 18, -9999, -9999, 9, 14, -9999, -9999, 10, 49, 84, -9999, -9999, -9999, 52, 89, 44, -9999, -9999, 71, 36, 56, -9999, -9999, 74, 79, -9999, -9999, 38, 27, 1, -9999, 89, -9999, 8, -9999, 84, 92, -9999, -9999, 66, 94, 2, 91, -9999, 1, 78, 63, -9999, -9999, 66, 69, 2, 31],
[-9999, 86, -9999, 12, 73, -9999, 57, -9999, -9999, -9999, -9999, 85, 71, -9999, 69, -9999, 26, 41, -9999, -9999, 89, -9999, 59, 87, -9999, 25, -9999, 80, -9999, -9999, 98, 97, -9999, -9999, -9999, -9999, 94, -9999, 62, -9999, 89, -9999, 88, 82, -9999, -9999, -9999, 34, -9999, -9999, 79, 88, 73, -9999, -9999, 14, 74, -9999, -9999, 52, 39, 56, 19, 6, -9999, 55, 11, 13, -9999, 52, 84, 43, -9999, -9999, 36, 65, 26, -9999, 3, -9999, 59, -9999, 35, 70, 23, -9999, 34, -9999, 97, -9999, 59, -9999, -9999, -9999, -9999, -9999, -9999, -9999, -9999, 46],
[-9999, 98, 75, 10, 68, -9999, 89, -9999, 85, -9999, 11, -9999, 58, -9999, -9999, -9999, -9999, -9999, -9999, -9999, 90, -9999, 86, -9999, -9999, -9999, -9999, -9999, -9999, 53, -9999, -9999, -9999, 95, -9999, -9999, 15, -9999, 34, -9999, 47, -9999, 69, -9999, -9999, 51, 24, 94, -9999, -9999, -9999, 36, 61, -9999, -9999, 57, -9999, 79, -9999, -9999, 21, -9999, 29, -9999, 82, 45, 7, 28, -9999, 23, 90, 43, -9999, -9999, 11, -9999, 85, -9999, -9999, 12, 16, -9999, 24, 76, 59, -9999, 16, -9999, 41, 11, 52, -9999, -9999, 55, -9999, 79, -9999, -9999, -9999, 31],
[-9999, -9999, 17, -9999, -9999, -9999, 6, -9999, -9999, -9999, -9999, -9999, -9999, -9999, -9999, -9999, -9999, -9999, -9999, -9999, -9999, -9999, -9999, -9999, -9999, -9999, -9999, -9999, -9999, -9999, 28, -9999, -9999, -9999, -9999, -9999, -9999, -9999, 48, -9999, 84, -9999, -9999, -9999, -9999, -9999, -9999, -9999, -9999, -9999, -9999, 26, 23, -9999, -9999, -9999, 24, -9999, -9999, -9999, 94, 60, 49, -9999, -9999, -9999, 76, -9999, -9999, -9999, -9999, -9999, -9999, -9999, -9999, -9999, -9999, -9999, -9999, 33, 97, -9999, 71, 87, -9999, -9999, -9999, -9999, 78, 14, -9999, -9999, -9999, -9999, -9999, -9999, -9999, -9999, 28, -9999],
[-9999, -9999, 23, 20, 34, -9999, 7, -9999, 14, -9999, 89, 76, 100, -9999, -9999, -9999, 53, -9999, -9999, -9999, 18, -9999, -9999, 61, -9999, -9999, 32, -9999, -9999, 33, 59, 10, -9999, 13, -9999, -9999, 31, -9999, 4, 38, 6, -9999, 56, -9999, -9999, 79, 64, -9999, 11, 95, 31, 64, 82, -9999, -9999, 76, 12, 14, -9999, 69, 86, -9999, 19, -9999, -9999, 92, 66, 74, -9999, 4, -9999, -9999, -9999, -9999, 89, 21, 93, -9999, 61, -9999, 8, -9999, 87, 89, -9999, -9999, 96, -9999, -9999, 97, -9999, 51, -9999, -9999, -9999, -9999, -9999, 36, -9999, -9999],
[-9999, -9999, 52, -9999, -9999, -9999, -9999, -9999, -9999, -9999, -9999, 82, -9999, -9999, -9999, -9999, -9999, -9999, -9999, -9999, -9999, -9999, -9999, 38, -9999, -9999, 77, -9999, -9999, -9999, -9999, 81, -9999, -9999, -9999, 52, -9999, -9999, 33, -9999, 29, -9999, -9999, -9999, -9999, -9999, 70, -9999, -9999, -9999, -9999, 35, 62, -9999, -9999, -9999, 45, -9999, -9999, -9999, 26, -9999, 15, -9999, -9999, -9999, 86, -9999, -9999, -9999, -9999, -9999, -9999, -9999, -9999, -9999, -9999, -9999, -9999, 29, 91, -9999, 14, 92, -9999, -9999, -9999, -9999, 22, 73, -9999, -9999, -9999, -9999, -9999, -9999, -9999, -9999, -9999, -9999],
[-9999, -9999, 44, -9999, -9999, -9999, -9999, -9999, -9999, -9999, -9999, -9999, -9999, -9999, -9999, -9999, -9999, -9999, -9999, -9999, -9999, -9999, -9999, 68, -9999, -9999, -9999, -9999, -9999, -9999, 56, 76, 47, -9999, -9999, -9999, -9999, -9999, 8, 43, 9, -9999, -9999, -9999, -9999, -9999, -9999, -9999, -9999, -9999, -9999, 38, -9999, -9999, -9999, -9999, -9999, -9999, -9999, -9999, 69, 77, 74, -9999, -9999, -9999, 89, -9999, -9999, -9999, -9999, -9999, -9999, -9999, -9999, -9999, -9999, -9999, -9999, 66, 41, -9999, 49, 62, -9999, -9999, -9999, -9999, -9999, 27, -9999, -9999, -9999, -9999, -9999, -9999, -9999, -9999, -9999, -9999],
[-9999, -9999, -9999, -9999, -9999, -9999, 36, -9999, -9999, -9999, -9999, -9999, -9999, -9999, -9999, -9999, -9999, -9999, -9999, -9999, -9999, -9999, -9999, 80, -9999, -9999, 80, -9999, -9999, -9999, -9999, -9999, -9999, -9999, -9999, -9999, -9999, -9999, 20, -9999, 38, -9999, -9999, -9999, -9999, -9999, 12, -9999, -9999, -9999, -9999, 18, -9999, -9999, -9999, -9999, -9999, 9, -9999, -9999, 68, 8, 98, -9999, -9999, -9999, 78, -9999, -9999, -9999, -9999, -9999, -9999, -9999, -9999, -9999, -9999, -9999, -9999, 55, 78, -9999, 97, 44, -9999, -9999, -9999, -9999, 30, -9999, -9999, -9999, -9999, -9999, 18, -9999, -9999, -9999, -9999, -9999],
[-9999, -9999, 21, -9999, 98, -9999, 28, 84, -9999, -9999, 56, -9999, 88, -9999, -9999, -9999, 28, 93, -9999, -9999, 65, -9999, 58, -9999, -9999, -9999, 15, 46, -9999, 12, -9999, -9999, -9999, 54, -9999, -9999, -9999, -9999, 79, 16, 83, -9999, 4, 99, -9999, -9999, -9999, -9999, -9999, -9999, 53, -9999, 57, -9999, 26, -9999, 96, -9999, -9999, -9999, 66, 96, 77, 85, -9999, -9999, 83, -9999, -9999, 68, 93, -9999, -9999, -9999, 33, -9999, 95, -9999, 61, -9999, 83, -9999, 80, 12, 26, -9999, 94, 77, -9999, 34, -9999, 68, 48, -9999, -9999, -9999, -9999, 45, -9999, 12],
[-9999, -9999, -9999, -9999, -9999, -9999, -9999, -9999, -9999, -9999, -9999, -9999, -9999, -9999, -9999, -9999, -9999, -9999, -9999, -9999, -9999, -9999, -9999, 23, -9999, -9999, -9999, -9999, -9999, -9999, -9999, -9999, -9999, -9999, -9999, 87, -9999, -9999, 16, 79, 93, -9999, -9999, -9999, -9999, -9999, -9999, -9999, -9999, -9999, -9999, 7, -9999, -9999, -9999, -9999, 77, 30, -9999, -9999, 44, 45, 30, 53, -9999, -9999, 98, -9999, -9999, -9999, -9999, -9999, -9999, -9999, -9999, -9999, -9999, -9999, -9999, -9999, 1, -9999, 30, 83, -9999, -9999, -9999, -9999, 13, 69, -9999, -9999, 52, -9999, -9999, -9999, -9999, -9999, 65, -9999]
];
