NbNodes = 100;
NbNDDs = 0;
NbPairs = 100;
NbTerminals = 0;
K = 0;
L = 102;
Wt = [
[-9999, -9999, -9999, -9999, 32, 12, -9999, 40, -9999, -9999, 10, -9999, -9999, -9999, -9999, 3, 24, 55, 52, -9999, 47, 16, 45, 21, 26, -9999, -9999, 19, -9999, -9999, -9999, 6, -9999, -9999, -9999, -9999, -9999, -9999, 21, -9999, 29, 31, 37, 64, -9999, 52, 7, -9999, 46, -9999, 24, -9999, 93, -9999, -9999, -9999, -9999, -9999, 8, -9999, -9999, -9999, -9999, 81, 24, -9999, -9999, 71, 47, 28, -9999, -9999, -9999, -9999, -9999, -9999, -9999, 83, -9999, 65, -9999, 41, -9999, 54, -9999, 2, -9999, -9999, -9999, -9999, 31, -9999, 73, -9999, -9999, -9999, -9999, -9999, -9999, 79],
[-9999, -9999, -9999, -9999, -9999, -9999, -9999, -9999, -9999, -9999, -9999, -9999, 68, -9999, -9999, 40, -9999, 84, 49, 64, -9999, 77, -9999, 80, 97, -9999, 25, 17, -9999, -9999, 79, 18, -9999, -9999, -9999, -9999, -9999, 2, 6, -9999, -9999, -9999, -9999, 87, -9999, -9999, 6, 38, -9999, 51, -9999, -9999, 78, -9999, -9999, -9999, 2, -9999, -9999, -9999, -9999, 100, -9999, 100, 37, -9999, -9999, 49, -9999, -9999, -9999, -9999, -9999, -9999, -9999, -9999, -9999, 87, 33, 15, -9999, 1, -9999, -9999, -9999, -9999, -9999, -9999, -9999, 50, 48, 41, 63, -9999, -9999, 32, -9999, 50, 72, -9999],
[-9999, -9999, -9999, -9999, -9999, -9999, -9999, -9999, -9999, 22, 95, -9999, -9999, 66, -9999, -9999, -9999, 76, 78, -9999, -9999, -9999, -9999, 65, 85, -9999, -9999, 35, -9999, -9999, -9999, 10, -9999, -9999, -9999, -9999, -9999, 22, -9999, -9999, 62, -9999, -9999, 16, -9999, 88, 47, 53, -9999, -9999, 56, -9999, 14, -9999, -9999, -9999, -9999, 69, 14, 80, -9999, -9999, -9999, 2, 22, -9999, -9999, -9999, 22, 40, -9999, -9999, -9999, -9999, -9999, -9999, -9999, 14, 75, 57, -9999, -9999, -9999, -9999, -9999, -9999, -9999, -9999, -9999, 23, 50, -9999, -9999, -9999, -9999, 21, -9999, -9999, -9999, -9999],
[-9999, -9999, -9999, -9999, -9999, 75, -9999, 11, -9999, 43, 34, -9999, 48, -9999, -9999, -9999, -9999, 78, 96, -9999, -9999, -9999, 81, -9999, 97, -9999, -9999, 60, -9999, -9999, -9999, -9999, -9999, -9999, 4, -9999, -9999, 19, -9999, -9999, -9999, -9999, 58, 29, -9999, 86, 89, 41, 36, -9999, 29, -9999, -9999, -9999, -9999, -9999, 72, 99, 33, 14, -9999, -9999, -9999, 100, 82, -9999, -9999, 95, -9999, -9999, -9999, -9999, -9999, -9999, -9999, -9999, -9999, 39, 33, 74, -9999, 100, -9999, 75, -9999, 31, -9999, 66, -9999, -9999, 6, 34, -9999, -9999, -9999, 7, -9999, 49, -9999, -9999],
[-9999, -9999, -9999, -9999, -9999, 17, -9999, 55, -9999, -9999, -9999, -9999, 64, 58, -9999, 56, -9999, -9999, 6, -9999, 66, 10, 82, -9999, 80, -9999, -9999, 16, -9999, -9999, 68, 53, -9999, -9999, -9999, -9999, -9999, 78, 8, -9999, -9999, -9999, 45, -9999, 80, -9999, 53, 76, -9999, -9999, 12, -9999, 40, -9999, -9999, -9999, -9999, 48, -9999, -9999, -9999, 4, -9999, 97, 62, -9999, -9999, 11, 21, -9999, -9999, -9999, -9999, -9999, -9999, -9999, -9999, -9999, -9999, 76, -9999, 53, -9999, -9999, -9999, -9999, -9999, 77, -9999, -9999, 41, 48, -9999, -9999, -9999, 88, -9999, -9999, -9999, -9999],
[-9999, -9999, -9999, -9999, -9999, -9999, -9999, -9999, -9999, -9999, -9999, 62, -9999, -9999, -9999, -9999, -9999, -9999, -9999, -9999, -9999, -9999, -9999, -9999, 55, 64, -9999, 14, -9999, -9999, -9999, -9999, -9999, -9999, -9999, 29, -9999, 28, -9999, 71, -9999, -9999, -9999, -9999, -9999, -9999, -9999, -9999, -9999, 14, 38, 76, 73, -9999, -9999, -9999, -9999, -9999, -9999, -9999, -9999, -9999, -9999, -9999, -9999, 17, -9999, 54, 16, 88, -9999, -9999, -9999, -9999, 72, -9999, 70, 15, -9999, 4, -9999, 52, -9999, -9999, -9999, 1, -9999, -9999, -9999, -9999, 5, -9999, -9999, -9999, -9999, -9999, -9999, -9999, 49, -9999],
[-9999, -9999, -9999, -9999, -9999, -9999, -9999, -9999, -9999, -9999, -9999, -9999, -9999, -9999, 92, -9999, -9999, -9999, -9999, -9999, -9999, -9999, -9999, -9999, 60, -9999, -9999, 93, -9999, -9999, -9999, -9999, -9999, -9999, -9999, -9999, -9999, -9999, -9999, -9999, -9999, -9999, -9999, -9999, -9999, -9999, -9999, -9999, -9999, -9999, -9999, -9999, -9999, -9999, -9999, -9999, 60, 15, -9999, -9999, -9999, -9999, -9999, -9999, -9999, -9999, -9999, 20, -9999, -9999, -9999, -9999, -9999, -9999, -9999, -9999, -9999, 8, 35, -9999, -9999, -9999, -9999, -9999, -9999, 58, -9999, -9999, -9999, -9999, 2, -9999, -9999, -9999, -9999, -9999, -9999, -9999, 99, 22],
[-9999, -9999, -9999, -9999, -9999, -9999, -9999, -9999, -9999, -9999, -9999, 11, -9999, -9999, 70, -9999, -9999, -9999, -9999, -9999, -9999, -9999, -9999, -9999, 69, 12, -9999, -9999, -9999, -9999, -9999, -9999, -9999, -9999, -9999, -9999, -9999, 6, -9999, 100, -9999, 52, -9999, -9999, -9999, 20, -9999, -9999, -9999, 17, 25, -9999, -9999, -9999, -9999, -9999, -9999, 3, -9999, -9999, -9999, -9999, -9999, 66, -9999, -9999, -9999, -9999, 18, 86, -9999, -9999, -9999, -9999, 23, -9999, -9999, 36, -9999, 8, -9999, 19, -9999, -9999, 82, 31, -9999, -9999, -9999, -9999, 6, -9999, -9999, -9999, -9999, -9999, -9999, -9999, 85, 10],
[-9999, -9999, -9999, -9999, -9999, -9999, -9999, 97, -9999, -9999, -9999, -9999, -9999, -9999, 69, -9999, -9999, -9999, -9999, 78, -9999, -9999, -9999, -9999, 36, -9999, -9999, 29, -9999, -9999, -9999, -9999, -9999, -9999, -9999, -9999, -9999, 21, -9999, -9999, -9999, 57, -9999, -9999, -9999, 30, -9999, -9999, -9999, -9999, -9999, -9999, 21, -9999, -9999, -9999, 11, 86, -9999, -9999, -9999, -9999, -9999, -9999, -9999, -9999, -9999, -9999, -9999, -9999, -9999, -9999, -9999, -9999, -9999, -9999, -9999, 91, -9999, 13, -9999, 61, -9999, -9999, -9999, 88, -9999, -9999, -9999, -9999, 99, -9999, -9999, -9999, -9999, -9999, -9999, -9999, 91, -9999],
[-9999, -9999, -9999, -9999, -9999, 91, -9999, -9999, -9999, -9999, 45, -9999, 68, -9999, -9999, 19, 3, 41, 44, 60, -9999, 11, 7, -9999, 28, -9999, 100, -9999, -9999, -9999, -9999, -9999, -9999, -9999, -9999, -9999, -9999, -9999, 9, -9999, 46, -9999, 40, 100, -9999, -9999, 64, 7, -9999, 65, 35, -9999, 7, -9999, -9999, -9999, -9999, 64, 60, 85, -9999, -9999, -9999, 83, 63, -9999, -9999, -9999, -9999, -9999, -9999, -9999, -9999, -9999, -9999, -9999, -9999, 52, 76, 99, 25, -9999, -9999, -9999, -9999, -9999, -9999, -9999, -9999, 95, 43, 36, 11, -9999, -9999, -9999, -9999, -9999, 33, 69],
[-9999, -9999, -9999, -9999, -9999, -9999, -9999, -9999, -9999, -9999, -9999, -9999, -9999, -9999, 70, -9999, -9999, -9999, -9999, -9999, -9999, -9999, -9999, -9999, 32, -9999, -9999, -9999, -9999, -9999, -9999, -9999, -9999, -9999, -9999, -9999, -9999, 58, -9999, -9999, -9999, -9999, -9999, -9999, -9999, 61, -9999, -9999, -9999, -9999, 65, -9999, 86, -9999, -9999, -9999, 57, 90, -9999, -9999, -9999, -9999, -9999, -9999, -9999, -9999, -9999, 5, -9999, 100, -9999, -9999, -9999, 46, -9999, -9999, -9999, 82, 30, 57, -9999, -9999, -9999, -9999, -9999, 63, -9999, -9999, -9999, -9999, -9999, -9999, -9999, -9999, -9999, -9999, -9999, -9999, 60, -9999],
[-9999, -9999, -9999, -9999, -9999, -9999, -9999, -9999, -9999, -9999, -9999, -9999, -9999, -9999, -9999, -9999, -9999, -9999, -9999, -9999, -9999, -9999, -9999, -9999, -9999, -9999, -9999, -9999, -9999, -9999, -9999, -9999, -9999, -9999, -9999, -9999, -9999, -9999, -9999, -9999, -9999, -9999, -9999, -9999, -9999, -9999, -9999, -9999, -9999, -9999, -9999, -9999, 69, -9999, -9999, -9999, -9999, -9999, -9999, -9999, -9999, -9999, -9999, -9999, -9999, -9999, -9999, -9999, -9999, -9999, -9999, -9999, -9999, -9999, -9999, -9999, -9999, -9999, -9999, -9999, -9999, -9999, -9999, -9999, -9999, -9999, -9999, -9999, -9999, -9999, -9999, -9999, -9999, -9999, -9999, -9999, -9999, -9999, -9999, 21],
[-9999, -9999, -9999, -9999, -9999, -9999, -9999, -9999, -9999, -9999, -9999, -9999, -9999, -9999, 75, -9999, -9999, -9999, -9999, -9999, -9999, -9999, -9999, -9999, 88, -9999, -9999, 6, -9999, -9999, -9999, -9999, -9999, -9999, -9999, -9999, -9999, 12, -9999, -9999, -9999, -9999, -9999, -9999, -9999, 86, -9999, -9999, -9999, -9999, -9999, -9999, 82, -9999, -9999, -9999, 96, 91, -9999, -9999, -9999, -9999, -9999, 52, -9999, -9999, -9999, 19, 75, 41, -9999, -9999, -9999, 43, -9999, -9999, -9999, -9999, -9999, 94, -9999, -9999, -9999, -9999, -9999, 7, -9999, -9999, -9999, -9999, 94, -9999, -9999, -9999, -9999, -9999, -9999, -9999, 55, 58],
[-9999, -9999, -9999, -9999, -9999, 74, -9999, -9999, -9999, 51, 9, -9999, -9999, -9999, 68, 80, -9999, 68, -9999, -9999, -9999, 60, -9999, 30, 35, -9999, 40, -9999, -9999, -9999, -9999, -9999, -9999, -9999, -9999, -9999, -9999, 56, 62, -9999, 46, -9999, 28, -9999, -9999, 65, 16, 45, 49, -9999, -9999, -9999, -9999, -9999, -9999, -9999, 99, 53, 25, 49, -9999, -9999, -9999, 41, 51, -9999, -9999, -9999, 68, -9999, -9999, -9999, -9999, 56, -9999, -9999, -9999, 79, -9999, 23, -9999, 86, -9999, 28, -9999, 88, -9999, 33, 16, 58, 65, 18, 38, -9999, -9999, 25, -9999, 45, -9999, 9],
[-9999, -9999, -9999, -9999, -9999, -9999, -9999, 85, -9999, 64, 30, -9999, -9999, 87, -9999, -9999, -9999, -9999, 53, -9999, 41, 53, 24, 56, 94, -9999, 23, 95, -9999, -9999, 78, 77, -9999, -9999, -9999, -9999, -9999, 85, 79, -9999, 34, -9999, -9999, 66, -9999, -9999, 100, -9999, -9999, 77, -9999, -9999, 38, -9999, -9999, -9999, 16, 85, 14, -9999, -9999, 67, -9999, 76, -9999, -9999, -9999, 79, 59, -9999, -9999, -9999, -9999, -9999, -9999, -9999, -9999, 30, -9999, -9999, -9999, 32, -9999, 27, -9999, 86, -9999, -9999, -9999, -9999, 93, 78, 15, -9999, -9999, -9999, -9999, -9999, 85, 47],
[-9999, -9999, -9999, -9999, -9999, -9999, -9999, 19, -9999, -9999, -9999, -9999, -9999, -9999, 50, -9999, -9999, -9999, -9999, -9999, -9999, -9999, -9999, -9999, 54, -9999, -9999, 65, -9999, -9999, -9999, -9999, -9999, -9999, -9999, -9999, -9999, 63, -9999, -9999, -9999, -9999, -9999, -9999, -9999, 61, -9999, -9999, -9999, -9999, 48, -9999, 80, -9999, -9999, -9999, 91, 34, -9999, -9999, -9999, -9999, -9999, 54, -9999, -9999, -9999, -9999, -9999, 10, -9999, -9999, 38, 92, -9999, -9999, -9999, 88, 85, -9999, -9999, -9999, -9999, -9999, -9999, -9999, -9999, -9999, -9999, -9999, 81, -9999, -9999, -9999, -9999, -9999, -9999, -9999, -9999, 56],
[-9999, -9999, 57, -9999, 53, 79, -9999, 89, -9999, 11, 78, -9999, 47, 99, 33, -9999, -9999, -9999, 8, -9999, 1, -9999, 44, -9999, 51, -9999, 98, 31, -9999, -9999, 43, 93, -9999, -9999, -9999, -9999, -9999, 94, 40, -9999, 71, -9999, 64, 15, -9999, -9999, 72, -9999, -9999, 7, 53, -9999, -9999, -9999, -9999, -9999, 24, -9999, 60, 87, -9999, 28, -9999, 61, 98, -9999, -9999, 70, -9999, 76, -9999, -9999, -9999, -9999, -9999, -9999, -9999, -9999, -9999, 12, -9999, 82, -9999, -9999, -9999, 8, -9999, -9999, 52, 17, 47, -9999, 42, -9999, -9999, -9999, -9999, -9999, 57, 43],
[-9999, -9999, -9999, -9999, -9999, -9999, -9999, 10, -9999, -9999, -9999, -9999, -9999, -9999, 44, -9999, -9999, -9999, -9999, -9999, -9999, -9999, -9999, -9999, 4, -9999, -9999, 5, -9999, -9999, -9999, -9999, -9999, -9999, -9999, -9999, -9999, -9999, -9999, -9999, -9999, -9999, -9999, -9999, -9999, 24, -9999, -9999, -9999, 66, -9999, -9999, 18, -9999, -9999, -9999, 4, 12, -9999, -9999, -9999, -9999, -9999, -9999, -9999, -9999, -9999, -9999, -9999, -9999, -9999, -9999, -9999, -9999, -9999, -9999, -9999, 28, 65, 7, -9999, -9999, -9999, -9999, -9999, 36, -9999, -9999, -9999, -9999, 26, -9999, -9999, -9999, -9999, -9999, -9999, -9999, -9999, -9999],
[-9999, -9999, -9999, -9999, 12, 33, -9999, 78, -9999, 45, 85, -9999, -9999, 23, 11, 22, 24, 72, -9999, -9999, 42, 12, 97, -9999, 1, -9999, -9999, 100, -9999, -9999, -9999, 33, -9999, -9999, -9999, -9999, -9999, -9999, 12, -9999, 12, -9999, 6, 26, -9999, 97, 90, -9999, 17, -9999, 85, -9999, 37, -9999, -9999, -9999, 90, -9999, 33, 77, -9999, -9999, -9999, 4, 27, -9999, -9999, 90, 15, -9999, -9999, -9999, -9999, -9999, -9999, -9999, -9999, 32, 94, 51, -9999, 77, -9999, 53, -9999, 87, -9999, -9999, -9999, 24, 84, -9999, 4, -9999, -9999, -9999, -9999, 46, 69, 46],
[-9999, -9999, -9999, -9999, 15, -9999, -9999, 37, 27, 49, 76, -9999, 49, 82, 34, 73, 23, 61, 27, -9999, -9999, 32, 90, 61, 62, -9999, -9999, 38, -9999, -9999, 1, 53, -9999, -9999, -9999, -9999, -9999, -9999, 61, -9999, -9999, -9999, 25, -9999, -9999, 68, 74, 38, 44, -9999, -9999, -9999, -9999, -9999, -9999, -9999, 41, 67, 18, 16, -9999, -9999, 84, 59, -9999, -9999, -9999, 91, 77, 93, -9999, -9999, -9999, -9999, -9999, -9999, -9999, 17, 6, 70, 76, 64, -9999, 43, -9999, 84, 80, 47, -9999, 38, 31, -9999, 53, -9999, -9999, 20, -9999, -9999, -9999, 2],
[-9999, -9999, -9999, -9999, -9999, -9999, -9999, -9999, -9999, -9999, -9999, -9999, -9999, -9999, -9999, -9999, -9999, -9999, -9999, -9999, -9999, -9999, -9999, -9999, -9999, -9999, -9999, -9999, -9999, -9999, -9999, -9999, -9999, -9999, -9999, -9999, -9999, -9999, -9999, -9999, -9999, -9999, -9999, -9999, -9999, -9999, -9999, -9999, -9999, -9999, -9999, -9999, -9999, -9999, -9999, -9999, -9999, -9999, -9999, -9999, -9999, -9999, -9999, -9999, -9999, -9999, -9999, -9999, -9999, -9999, -9999, -9999, -9999, -9999, -9999, -9999, -9999, -9999, -9999, -9999, -9999, -9999, -9999, -9999, -9999, -9999, -9999, -9999, -9999, -9999, -9999, -9999, -9999, -9999, -9999, -9999, -9999, -9999, -9999, 99],
[-9999, -9999, -9999, -9999, 71, -9999, -9999, 70, -9999, -9999, -9999, -9999, -9999, -9999, 28, 4, 78, 50, 1, -9999, 80, -9999, 50, 59, 36, -9999, 97, 78, -9999, -9999, -9999, -9999, -9999, -9999, -9999, -9999, -9999, -9999, 84, -9999, -9999, -9999, 13, 100, -9999, 66, 44, 39, 3, -9999, 63, -9999, 89, -9999, -9999, -9999, 63, -9999, 10, 2, -9999, 5, -9999, 23, 5, -9999, -9999, -9999, -9999, 33, -9999, -9999, -9999, -9999, -9999, -9999, -9999, 69, -9999, -9999, -9999, 4, -9999, -9999, -9999, 90, -9999, -9999, -9999, 70, 14, 26, -9999, -9999, -9999, 46, -9999, 76, -9999, -9999],
[-9999, -9999, -9999, -9999, -9999, -9999, -9999, -9999, -9999, -9999, -9999, -9999, -9999, -9999, -9999, -9999, -9999, -9999, -9999, -9999, -9999, -9999, -9999, -9999, -9999, -9999, -9999, -9999, -9999, -9999, -9999, -9999, -9999, -9999, -9999, -9999, -9999, -9999, -9999, -9999, -9999, -9999, -9999, -9999, -9999, -9999, -9999, -9999, -9999, -9999, -9999, -9999, 64, -9999, -9999, -9999, -9999, -9999, -9999, -9999, -9999, -9999, -9999, -9999, -9999, -9999, -9999, -9999, -9999, -9999, -9999, -9999, -9999, -9999, -9999, -9999, -9999, -9999, -9999, -9999, -9999, -9999, -9999, -9999, -9999, -9999, -9999, -9999, -9999, -9999, -9999, -9999, -9999, -9999, -9999, -9999, -9999, -9999, -9999, 44],
[-9999, -9999, -9999, -9999, -9999, -9999, -9999, 98, -9999, 46, 7, -9999, -9999, 82, 55, -9999, 85, -9999, 49, -9999, -9999, 36, -9999, -9999, 55, -9999, 22, 1, -9999, -9999, 23, 14, -9999, -9999, -9999, -9999, -9999, -9999, 19, -9999, 66, -9999, -9999, -9999, -9999, 80, 75, -9999, 51, 64, 15, -9999, 76, -9999, -9999, -9999, 60, 77, 15, -9999, -9999, -9999, -9999, 35, -9999, -9999, -9999, 84, 19, -9999, -9999, -9999, 62, -9999, -9999, -9999, -9999, 68, 11, -9999, -9999, 89, -9999, -9999, -9999, 92, -9999, 20, -9999, -9999, 48, -9999, -9999, -9999, -9999, 94, -9999, 33, -9999, -9999],
[-9999, -9999, -9999, -9999, 46, 7, -9999, 49, -9999, 58, 69, -9999, -9999, 53, 66, 42, -9999, -9999, 51, 27, -9999, 64, 48, 10, -9999, -9999, 65, -9999, -9999, -9999, -9999, 17, -9999, -9999, -9999, -9999, -9999, 39, 94, -9999, 19, -9999, -9999, 43, -9999, 61, 9, 67, -9999, 9, -9999, -9999, 21, -9999, -9999, -9999, -9999, 69, -9999, 9, -9999, -9999, -9999, 81, 57, -9999, -9999, 55, 23, -9999, -9999, -9999, -9999, -9999, -9999, -9999, -9999, -9999, -9999, 83, -9999, 12, -9999, -9999, -9999, -9999, -9999, -9999, -9999, 47, 76, -9999, -9999, -9999, -9999, 4, -9999, -9999, -9999, 53],
[-9999, -9999, 98, -9999, -9999, -9999, -9999, 49, -9999, 4, 41, -9999, 55, -9999, 7, -9999, 76, -9999, 86, -9999, 28, -9999, 35, -9999, 88, -9999, 33, 2, -9999, -9999, 95, -9999, -9999, -9999, -9999, -9999, -9999, 5, 15, -9999, 54, -9999, 71, -9999, -9999, -9999, 5, -9999, 8, 22, -9999, -9999, 27, -9999, -9999, -9999, -9999, 8, -9999, -9999, -9999, -9999, -9999, 3, 98, -9999, -9999, 19, -9999, 34, -9999, -9999, -9999, -9999, -9999, -9999, -9999, -9999, -9999, 15, 90, -9999, -9999, -9999, -9999, 32, -9999, -9999, -9999, 29, 56, 84, -9999, -9999, -9999, 100, -9999, 63, -9999, -9999],
[-9999, -9999, -9999, -9999, 29, -9999, -9999, -9999, -9999, 94, -9999, -9999, 86, -9999, -9999, 25, -9999, -9999, 55, -9999, 43, 70, 19, -9999, 81, -9999, -9999, -9999, -9999, -9999, 61, 2, -9999, -9999, 59, -9999, -9999, -9999, 51, -9999, 71, -9999, 25, 91, -9999, 83, 29, -9999, 1, 33, -9999, -9999, -9999, -9999, -9999, -9999, 85, 24, 48, 45, -9999, 22, -9999, -9999, 66, -9999, -9999, 53, 57, 95, -9999, -9999, -9999, -9999, -9999, -9999, -9999, 44, 64, -9999, -9999, 88, -9999, -9999, -9999, 41, -9999, -9999, -9999, 59, 54, 70, -9999, -9999, -9999, 31, -9999, -9999, 81, 60],
[-9999, -9999, -9999, -9999, -9999, -9999, -9999, 78, -9999, -9999, -9999, -9999, -9999, -9999, 36, -9999, -9999, -9999, -9999, -9999, -9999, -9999, -9999, -9999, 98, -9999, -9999, -9999, -9999, -9999, -9999, -9999, -9999, -9999, -9999, -9999, -9999, 92, -9999, -9999, -9999, 44, -9999, -9999, 58, 47, -9999, -9999, -9999, 85, -9999, -9999, -9999, -9999, -9999, -9999, 6, 56, -9999, -9999, 48, -9999, -9999, -9999, -9999, -9999, -9999, 76, 94, -9999, -9999, -9999, -9999, 57, -9999, -9999, -9999, 82, 11, -9999, -9999, -9999, -9999, -9999, -9999, 8, -9999, -9999, -9999, -9999, 39, -9999, -9999, -9999, -9999, -9999, -9999, -9999, -9999, -9999],
[-9999, -9999, -9999, -9999, 21, -9999, -9999, -9999, -9999, -9999, 55, -9999, -9999, 15, 44, -9999, 64, -9999, 11, -9999, -9999, 23, -9999, -9999, 60, -9999, 67, 1, -9999, -9999, 3, -9999, -9999, -9999, -9999, -9999, -9999, 32, 82, -9999, -9999, -9999, 64, 67, -9999, -9999, 23, -9999, 48, -9999, 100, -9999, 58, 80, -9999, -9999, 89, -9999, 89, -9999, -9999, -9999, -9999, 25, 81, -9999, -9999, -9999, -9999, -9999, -9999, -9999, -9999, -9999, -9999, -9999, -9999, -9999, -9999, 10, -9999, 12, -9999, 72, -9999, -9999, -9999, -9999, -9999, 95, 8, 86, 92, -9999, -9999, 78, -9999, 99, -9999, 61],
[-9999, -9999, -9999, -9999, 29, 57, -9999, -9999, -9999, 14, 93, -9999, 40, -9999, 63, 11, 68, 89, 51, -9999, 90, 83, -9999, -9999, 83, -9999, 37, 20, -9999, -9999, 61, -9999, -9999, -9999, -9999, -9999, -9999, 40, -9999, -9999, -9999, 27, -9999, 31, -9999, -9999, 89, 92, -9999, 10, 26, -9999, 89, -9999, -9999, -9999, -9999, 44, 1, -9999, -9999, -9999, -9999, 47, -9999, -9999, -9999, -9999, 49, -9999, -9999, -9999, -9999, -9999, -9999, -9999, -9999, -9999, 80, 72, -9999, 6, 74, 32, -9999, -9999, -9999, -9999, -9999, -9999, 70, -9999, 44, -9999, -9999, 3, -9999, 62, 49, 47],
[-9999, -9999, -9999, -9999, 47, -9999, -9999, 87, 78, 50, -9999, -9999, -9999, 93, -9999, -9999, -9999, 70, 48, 54, -9999, -9999, 74, -9999, 75, -9999, 63, -9999, -9999, -9999, -9999, 43, -9999, -9999, -9999, -9999, -9999, 26, 4, -9999, -9999, -9999, -9999, 40, -9999, -9999, 79, 31, 50, -9999, 96, -9999, -9999, -9999, -9999, -9999, -9999, -9999, -9999, 100, -9999, -9999, -9999, -9999, -9999, -9999, -9999, 62, 93, -9999, 1, -9999, -9999, -9999, -9999, -9999, -9999, 89, -9999, -9999, -9999, 61, 36, 45, -9999, -9999, 1, -9999, -9999, -9999, 90, 17, 14, -9999, -9999, 58, -9999, 51, -9999, 83],
[-9999, -9999, -9999, -9999, -9999, 22, -9999, 100, -9999, 74, -9999, -9999, -9999, -9999, -9999, 67, 85, 3, 89, 23, -9999, 15, -9999, 8, 39, -9999, 3, 91, -9999, -9999, 31, -9999, -9999, -9999, -9999, -9999, -9999, -9999, 97, -9999, -9999, -9999, 9, 83, -9999, 48, 63, -9999, -9999, 68, -9999, -9999, 46, -9999, -9999, -9999, 81, -9999, 7, -9999, -9999, -9999, 74, 72, 81, -9999, -9999, -9999, 54, -9999, -9999, -9999, -9999, -9999, -9999, -9999, -9999, 77, 19, 33, -9999, 63, -9999, 13, -9999, -9999, -9999, -9999, -9999, -9999, 21, 78, 70, -9999, -9999, 85, -9999, 30, -9999, -9999],
[-9999, -9999, -9999, -9999, 51, -9999, -9999, 28, -9999, 67, -9999, -9999, 87, 77, -9999, -9999, -9999, -9999, 38, 16, 71, 80, 31, 11, 89, -9999, 92, 98, -9999, -9999, -9999, -9999, -9999, -9999, -9999, -9999, -9999, 87, 31, -9999, 17, -9999, 15, -9999, 74, -9999, 16, -9999, -9999, 71, 11, -9999, -9999, 70, -9999, -9999, 56, -9999, -9999, -9999, -9999, -9999, -9999, 16, -9999, -9999, -9999, 57, 15, 96, 65, -9999, -9999, -9999, -9999, -9999, -9999, -9999, -9999, 71, -9999, 86, -9999, -9999, -9999, 4, -9999, -9999, -9999, -9999, 44, 30, 82, -9999, -9999, -9999, -9999, -9999, -9999, 90],
[-9999, -9999, -9999, -9999, -9999, -9999, -9999, 47, -9999, -9999, -9999, 37, -9999, -9999, 23, -9999, -9999, -9999, -9999, -9999, -9999, -9999, -9999, -9999, 65, 55, -9999, -9999, -9999, -9999, -9999, -9999, -9999, -9999, -9999, 9, -9999, 88, -9999, -9999, -9999, 76, -9999, -9999, -9999, -9999, -9999, -9999, -9999, 2, 19, 97, 43, -9999, -9999, -9999, 8, -9999, -9999, -9999, -9999, -9999, -9999, 89, -9999, 85, -9999, -9999, 84, -9999, -9999, -9999, -9999, -9999, 18, -9999, -9999, 61, -9999, 74, -9999, -9999, -9999, -9999, -9999, -9999, -9999, -9999, -9999, -9999, 49, -9999, -9999, -9999, -9999, -9999, -9999, -9999, -9999, -9999],
[46, -9999, -9999, 5, -9999, -9999, -9999, -9999, -9999, -9999, 49, -9999, -9999, -9999, -9999, -9999, -9999, -9999, -9999, -9999, -9999, -9999, -9999, -9999, -9999, -9999, -9999, -9999, -9999, 47, 13, -9999, -9999, -9999, -9999, 94, -9999, -9999, -9999, -9999, -9999, -9999, -9999, -9999, -9999, -9999, -9999, -9999, -9999, -9999, -9999, 6, 37, -9999, -9999, -9999, -9999, -9999, -9999, -9999, -9999, -9999, -9999, -9999, -9999, -9999, -9999, -9999, -9999, -9999, -9999, -9999, -9999, -9999, -9999, -9999, -9999, -9999, -9999, -9999, -9999, -9999, -9999, -9999, -9999, -9999, -9999, -9999, -9999, -9999, -9999, -9999, -9999, -9999, -9999, -9999, -9999, -9999, -9999, -9999],
[-9999, -9999, 23, -9999, 64, 21, -9999, 49, -9999, -9999, -9999, -9999, -9999, 77, 22, 39, -9999, 15, 57, -9999, -9999, -9999, 33, -9999, 14, -9999, -9999, 39, -9999, -9999, -9999, 95, -9999, -9999, -9999, -9999, -9999, 30, 88, -9999, 49, -9999, -9999, 98, -9999, -9999, 91, -9999, 51, -9999, -9999, -9999, -9999, -9999, -9999, -9999, 2, 72, 85, 26, -9999, -9999, -9999, 46, -9999, -9999, -9999, -9999, 15, 59, -9999, -9999, -9999, -9999, -9999, -9999, -9999, 56, 32, -9999, 73, -9999, 56, 28, -9999, 27, -9999, -9999, -9999, -9999, 95, -9999, 86, -9999, -9999, -9999, -9999, 25, -9999, -9999],
[-9999, -9999, -9999, -9999, -9999, -9999, -9999, 60, -9999, 36, 16, -9999, -9999, 35, -9999, 60, 28, -9999, 1, -9999, 61, -9999, 64, -9999, 43, -9999, -9999, 70, -9999, -9999, 34, 87, -9999, -9999, -9999, -9999, -9999, 100, 76, -9999, -9999, -9999, -9999, 98, -9999, -9999, 85, -9999, 51, 3, 42, -9999, 78, -9999, -9999, -9999, -9999, -9999, 35, 84, -9999, -9999, -9999, 78, -9999, -9999, -9999, 48, 68, 62, 24, -9999, -9999, -9999, -9999, -9999, -9999, 90, -9999, 55, 33, -9999, -9999, -9999, -9999, -9999, 39, -9999, 16, 72, 51, 92, -9999, -9999, -9999, 95, -9999, 30, -9999, 94],
[-9999, -9999, -9999, -9999, -9999, -9999, -9999, 53, -9999, -9999, -9999, -9999, -9999, -9999, -9999, -9999, -9999, -9999, -9999, 64, -9999, -9999, -9999, -9999, 23, -9999, -9999, 5, -9999, -9999, -9999, -9999, -9999, -9999, -9999, -9999, -9999, -9999, -9999, -9999, -9999, -9999, -9999, -9999, -9999, -9999, -9999, -9999, -9999, -9999, -9999, -9999, 84, -9999, -9999, -9999, 72, 68, -9999, -9999, -9999, -9999, -9999, 19, -9999, -9999, -9999, -9999, 59, -9999, -9999, -9999, -9999, -9999, -9999, -9999, -9999, 65, 80, 45, -9999, 56, -9999, -9999, -9999, -9999, -9999, -9999, -9999, -9999, 22, -9999, -9999, -9999, -9999, -9999, -9999, -9999, 50, -9999],
[43, 78, -9999, 67, 14, -9999, 24, -9999, -9999, 72, 55, 68, -9999, -9999, -9999, 95, -9999, 35, 7, -9999, 8, 50, -9999, -9999, 100, 49, 81, 19, -9999, -9999, -9999, 32, 47, -9999, -9999, 98, 35, -9999, -9999, 73, -9999, -9999, -9999, 86, 7, -9999, 86, -9999, -9999, -9999, 57, -9999, 77, -9999, 61, 62, 41, 84, -9999, 92, -9999, -9999, -9999, -9999, 55, -9999, -9999, -9999, -9999, -9999, -9999, -9999, -9999, -9999, -9999, -9999, -9999, -9999, 82, -9999, -9999, -9999, 4, 13, 70, 22, -9999, -9999, -9999, 97, 2, 38, 67, -9999, 33, 82, -9999, 24, -9999, -9999],
[-9999, -9999, -9999, -9999, -9999, -9999, -9999, -9999, -9999, -9999, -9999, -9999, -9999, -9999, -9999, -9999, -9999, -9999, -9999, -9999, -9999, -9999, -9999, -9999, 45, -9999, -9999, 13, -9999, -9999, -9999, -9999, -9999, -9999, -9999, -9999, -9999, -9999, -9999, -9999, -9999, 27, -9999, -9999, -9999, 39, -9999, -9999, -9999, 54, -9999, -9999, 20, -9999, -9999, -9999, 48, 6, -9999, -9999, -9999, -9999, -9999, 70, -9999, -9999, -9999, 20, -9999, 92, -9999, -9999, -9999, -9999, -9999, -9999, -9999, 41, -9999, 70, -9999, -9999, -9999, -9999, -9999, 34, -9999, -9999, -9999, -9999, 74, -9999, -9999, -9999, -9999, -9999, -9999, -9999, 85, 26],
[-9999, -9999, -9999, -9999, -9999, -9999, -9999, -9999, -9999, -9999, -9999, 38, -9999, -9999, -9999, -9999, -9999, -9999, -9999, -9999, -9999, -9999, -9999, -9999, 96, 44, -9999, -9999, -9999, -9999, -9999, -9999, -9999, -9999, -9999, 33, -9999, 7, -9999, 1, -9999, -9999, -9999, -9999, -9999, -9999, -9999, -9999, -9999, 66, 61, 55, -9999, -9999, -9999, -9999, -9999, 73, -9999, -9999, 87, -9999, -9999, 1, -9999, 23, -9999, -9999, 50, -9999, -9999, -9999, -9999, -9999, 91, -9999, -9999, 17, 71, 37, -9999, 79, -9999, -9999, 49, 30, -9999, -9999, -9999, -9999, 93, -9999, -9999, -9999, -9999, -9999, -9999, -9999, -9999, -9999],
[-9999, -9999, 7, -9999, 24, 68, -9999, 71, -9999, 37, 32, -9999, -9999, 52, 7, 9, 21, 59, 51, -9999, 92, 23, 39, -9999, 81, -9999, 46, -9999, 79, -9999, 31, -9999, -9999, -9999, -9999, -9999, -9999, -9999, 91, -9999, 18, -9999, 69, -9999, -9999, -9999, 59, -9999, 47, -9999, -9999, -9999, 74, -9999, -9999, -9999, -9999, -9999, 64, -9999, -9999, -9999, 76, 77, 80, -9999, -9999, 91, 1, 83, -9999, -9999, -9999, -9999, -9999, -9999, -9999, -9999, 69, 76, -9999, 17, -9999, -9999, -9999, 52, -9999, -9999, -9999, -9999, 16, 23, -9999, -9999, -9999, -9999, -9999, 74, 73, 23],
[-9999, -9999, -9999, -9999, -9999, -9999, -9999, 41, -9999, -9999, -9999, -9999, -9999, -9999, 43, -9999, -9999, -9999, -9999, 75, -9999, -9999, -9999, -9999, 55, -9999, -9999, -9999, -9999, -9999, -9999, -9999, -9999, -9999, -9999, -9999, -9999, 11, -9999, -9999, -9999, -9999, -9999, -9999, -9999, -9999, -9999, -9999, -9999, 45, 40, -9999, -9999, -9999, -9999, -9999, -9999, -9999, -9999, -9999, -9999, -9999, -9999, -9999, -9999, -9999, -9999, 49, 10, -9999, -9999, -9999, -9999, -9999, -9999, -9999, -9999, 19, -9999, -9999, -9999, -9999, -9999, -9999, -9999, -9999, -9999, -9999, -9999, -9999, 47, -9999, -9999, -9999, -9999, -9999, -9999, -9999, 60, -9999],
[-9999, -9999, -9999, -9999, -9999, -9999, -9999, 93, -9999, -9999, -9999, 94, -9999, -9999, 51, -9999, -9999, -9999, -9999, -9999, -9999, -9999, -9999, -9999, 2, 83, -9999, -9999, -9999, -9999, -9999, -9999, -9999, -9999, -9999, 87, -9999, 80, -9999, 6, -9999, -9999, -9999, -9999, -9999, -9999, -9999, -9999, -9999, -9999, -9999, 75, 3, -9999, -9999, -9999, 56, 59, -9999, -9999, -9999, -9999, -9999, -9999, -9999, -9999, -9999, -9999, 50, -9999, -9999, -9999, -9999, -9999, -9999, -9999, 26, 6, 23, -9999, -9999, 58, -9999, -9999, 87, 23, -9999, -9999, -9999, -9999, 42, -9999, -9999, -9999, -9999, -9999, -9999, -9999, -9999, -9999],
[-9999, -9999, 1, -9999, 97, -9999, -9999, 67, -9999, 9, -9999, -9999, -9999, -9999, 14, 16, 50, 67, 59, -9999, 20, -9999, 51, 86, 56, -9999, 31, -9999, -9999, -9999, -9999, 5, -9999, -9999, 80, -9999, -9999, 24, 42, -9999, 12, -9999, 95, -9999, -9999, -9999, 63, 4, -9999, -9999, 92, -9999, 12, -9999, -9999, -9999, 79, -9999, -9999, -9999, -9999, -9999, -9999, -9999, 51, -9999, -9999, 15, 4, -9999, -9999, -9999, -9999, -9999, -9999, -9999, -9999, -9999, 48, 77, -9999, -9999, -9999, 35, -9999, -9999, -9999, -9999, -9999, -9999, 10, 22, 53, -9999, -9999, -9999, -9999, 84, 43, -9999],
[-9999, 46, -9999, 19, 71, -9999, 19, -9999, -9999, 65, 41, 89, 32, 100, -9999, -9999, -9999, 80, 48, -9999, -9999, 48, -9999, -9999, 96, -9999, 71, 5, -9999, -9999, -9999, -9999, -9999, -9999, -9999, -9999, -9999, 84, 73, 76, 35, -9999, 46, 1, -9999, -9999, 38, -9999, -9999, -9999, 19, 10, -9999, -9999, 83, 15, -9999, 33, 73, 87, -9999, -9999, -9999, 44, 86, -9999, 30, -9999, -9999, -9999, -9999, -9999, 80, 43, 30, 39, -9999, -9999, 41, -9999, -9999, 50, -9999, 11, 33, 36, 22, -9999, -9999, 76, 25, -9999, 33, -9999, -9999, -9999, -9999, 89, -9999, -9999],
[-9999, -9999, -9999, -9999, 89, -9999, -9999, -9999, 17, -9999, 86, -9999, 13, 29, -9999, 21, -9999, 12, 87, -9999, -9999, -9999, -9999, -9999, 52, -9999, -9999, 33, 29, -9999, 60, -9999, -9999, -9999, -9999, -9999, -9999, 36, 48, -9999, 65, -9999, 34, -9999, -9999, -9999, -9999, 95, -9999, -9999, 34, -9999, 45, 7, -9999, -9999, -9999, -9999, -9999, -9999, -9999, -9999, -9999, 68, -9999, -9999, -9999, -9999, 40, 13, -9999, -9999, -9999, -9999, -9999, -9999, -9999, 83, 11, -9999, -9999, 36, -9999, -9999, -9999, -9999, -9999, -9999, -9999, -9999, 55, 13, 20, -9999, -9999, 58, -9999, 7, 84, 72],
[-9999, -9999, -9999, -9999, -9999, -9999, -9999, 98, -9999, -9999, -9999, -9999, -9999, -9999, 76, -9999, -9999, -9999, -9999, -9999, -9999, -9999, -9999, -9999, 36, -9999, -9999, -9999, -9999, -9999, -9999, -9999, -9999, -9999, -9999, -9999, -9999, -9999, -9999, -9999, -9999, -9999, -9999, -9999, -9999, 68, -9999, -9999, -9999, -9999, 71, -9999, 39, -9999, -9999, -9999, -9999, -9999, -9999, -9999, -9999, -9999, -9999, -9999, -9999, -9999, -9999, 56, -9999, 100, -9999, -9999, -9999, -9999, -9999, -9999, -9999, 67, 48, 47, -9999, -9999, -9999, -9999, -9999, -9999, -9999, -9999, -9999, -9999, 32, -9999, -9999, -9999, -9999, -9999, -9999, -9999, -9999, 50],
[-9999, -9999, -9999, -9999, -9999, -9999, -9999, 74, -9999, 70, -9999, -9999, 98, 70, -9999, 26, -9999, 81, 61, -9999, 56, 5, 7, 38, 36, -9999, -9999, 4, -9999, -9999, 18, -9999, -9999, -9999, -9999, -9999, -9999, 58, 68, -9999, -9999, -9999, 46, 78, 38, 63, 27, -9999, -9999, 54, 38, -9999, 89, -9999, -9999, -9999, -9999, -9999, 95, 47, -9999, -9999, -9999, 98, -9999, -9999, -9999, 86, -9999, 12, -9999, -9999, 96, -9999, -9999, -9999, -9999, 28, -9999, 85, -9999, 21, -9999, -9999, -9999, 23, -9999, -9999, -9999, 39, 55, 6, -9999, -9999, -9999, 87, -9999, -9999, -9999, 89],
[-9999, -9999, -9999, -9999, -9999, -9999, -9999, -9999, -9999, -9999, -9999, -9999, -9999, -9999, -9999, -9999, -9999, -9999, -9999, -9999, -9999, -9999, -9999, -9999, -9999, -9999, -9999, -9999, -9999, -9999, 87, -9999, -9999, -9999, -9999, -9999, -9999, -9999, -9999, -9999, -9999, -9999, -9999, -9999, -9999, -9999, -9999, -9999, -9999, -9999, -9999, -9999, 92, 20, -9999, -9999, -9999, -9999, -9999, -9999, 98, -9999, -9999, -9999, -9999, -9999, -9999, -9999, -9999, -9999, -9999, -9999, -9999, -9999, -9999, -9999, -9999, -9999, -9999, -9999, -9999, -9999, -9999, -9999, -9999, -9999, -9999, -9999, -9999, -9999, -9999, -9999, -9999, -9999, -9999, -9999, -9999, -9999, -9999, -9999],
[-9999, -9999, -9999, -9999, -9999, -9999, -9999, -9999, -9999, -9999, -9999, -9999, -9999, -9999, -9999, -9999, -9999, -9999, -9999, -9999, -9999, -9999, -9999, -9999, -9999, -9999, -9999, -9999, -9999, -9999, -9999, -9999, -9999, -9999, -9999, 53, -9999, -9999, -9999, -9999, -9999, -9999, -9999, -9999, -9999, -9999, -9999, -9999, -9999, -9999, -9999, 18, -9999, -9999, -9999, -9999, -9999, -9999, -9999, -9999, -9999, 83, -9999, -9999, -9999, -9999, -9999, -9999, -9999, -9999, -9999, -9999, -9999, -9999, -9999, -9999, -9999, -9999, -9999, -9999, -9999, -9999, -9999, -9999, -9999, -9999, -9999, -9999, -9999, -9999, -9999, -9999, -9999, -9999, -9999, -9999, -9999, -9999, -9999, 57],
[-9999, -9999, -9999, -9999, -9999, -9999, -9999, -9999, -9999, -9999, -9999, 27, -9999, -9999, -9999, -9999, -9999, -9999, -9999, -9999, -9999, -9999, -9999, -9999, 13, 50, -9999, 4, -9999, -9999, -9999, -9999, -9999, -9999, -9999, -9999, -9999, 16, -9999, 61, -9999, -9999, -9999, -9999, -9999, 56, -9999, -9999, -9999, -9999, 7, -9999, -9999, -9999, -9999, -9999, 71, -9999, -9999, -9999, -9999, -9999, -9999, -9999, -9999, -9999, -9999, 92, -9999, 68, -9999, -9999, -9999, -9999, -9999, -9999, -9999, 13, -9999, 64, -9999, 31, -9999, -9999, -9999, 55, -9999, -9999, -9999, -9999, 98, -9999, -9999, -9999, -9999, -9999, -9999, -9999, 38, 29],
[-9999, -9999, -9999, -9999, -9999, -9999, -9999, 34, -9999, -9999, -9999, -9999, -9999, -9999, 25, -9999, -9999, -9999, -9999, -9999, -9999, -9999, -9999, -9999, 5, -9999, -9999, 59, -9999, -9999, -9999, -9999, -9999, -9999, -9999, -9999, -9999, 95, -9999, -9999, -9999, -9999, -9999, -9999, -9999, -9999, -9999, -9999, -9999, 24, 58, -9999, -9999, -9999, -9999, -9999, 95, -9999, -9999, -9999, -9999, -9999, -9999, -9999, -9999, -9999, -9999, -9999, 17, -9999, -9999, -9999, -9999, -9999, -9999, -9999, -9999, -9999, -9999, 16, -9999, 64, -9999, -9999, -9999, 55, -9999, -9999, -9999, -9999, 72, -9999, -9999, -9999, -9999, -9999, -9999, -9999, -9999, -9999],
[-9999, -9999, -9999, -9999, -9999, 17, -9999, 21, -9999, 92, 26, -9999, 6, -9999, -9999, -9999, -9999, -9999, 57, -9999, -9999, 41, 7, 100, 52, -9999, 98, 21, -9999, -9999, 13, 66, -9999, -9999, -9999, -9999, -9999, 89, 41, -9999, 81, -9999, -9999, 84, -9999, -9999, 51, 38, 68, -9999, 61, -9999, -9999, -9999, -9999, -9999, 80, 67, 71, 15, -9999, -9999, -9999, 44, 49, -9999, -9999, 43, -9999, -9999, -9999, -9999, -9999, -9999, -9999, -9999, -9999, -9999, 79, 67, -9999, -9999, -9999, -9999, -9999, 39, -9999, -9999, -9999, -9999, 42, 100, -9999, -9999, -9999, 92, -9999, -9999, -9999, -9999],
[46, 48, -9999, -9999, 29, -9999, -9999, -9999, -9999, 47, 70, 27, 39, -9999, 91, 66, -9999, 58, 23, -9999, 10, 96, 23, -9999, 18, -9999, -9999, -9999, 30, -9999, 92, 3, 89, -9999, -9999, 23, -9999, 67, 47, -9999, -9999, -9999, -9999, 4, -9999, 97, 18, -9999, 56, -9999, 1, 86, 23, -9999, -9999, -9999, 72, 97, 13, -9999, -9999, -9999, -9999, 47, 48, 51, 71, -9999, 15, 1, -9999, -9999, -9999, -9999, -9999, 1, -9999, 75, 39, -9999, -9999, 25, -9999, -9999, 55, 36, -9999, -9999, -9999, 98, 27, 64, 18, -9999, 95, -9999, 35, 3, 35, -9999],
[-9999, -9999, -9999, -9999, -9999, 22, -9999, 80, -9999, -9999, 7, -9999, 26, 11, 31, -9999, 2, -9999, 50, -9999, 13, 85, 92, -9999, 48, -9999, 32, 15, -9999, -9999, 88, -9999, -9999, -9999, -9999, -9999, -9999, 86, 38, -9999, 27, -9999, 47, 42, -9999, 40, 44, 34, -9999, 7, -9999, -9999, -9999, -9999, -9999, -9999, 21, 82, 4, 27, -9999, -9999, -9999, 1, -9999, -9999, -9999, -9999, -9999, 38, -9999, -9999, -9999, -9999, -9999, -9999, -9999, 73, 16, -9999, -9999, 96, -9999, 51, -9999, 43, -9999, -9999, -9999, 69, 14, 12, 43, -9999, -9999, -9999, -9999, 74, 88, 93],
[-9999, -9999, -9999, -9999, -9999, -9999, -9999, -9999, -9999, -9999, 83, -9999, -9999, -9999, -9999, -9999, -9999, -9999, -9999, -9999, -9999, -9999, -9999, -9999, -9999, -9999, -9999, -9999, -9999, -9999, 99, -9999, -9999, -9999, -9999, -9999, -9999, -9999, -9999, -9999, -9999, -9999, -9999, -9999, -9999, -9999, -9999, -9999, -9999, -9999, -9999, -9999, -9999, -9999, -9999, -9999, -9999, -9999, -9999, -9999, -9999, -9999, -9999, -9999, -9999, -9999, -9999, -9999, -9999, -9999, -9999, -9999, -9999, -9999, -9999, -9999, -9999, -9999, -9999, -9999, -9999, -9999, -9999, -9999, -9999, -9999, -9999, -9999, -9999, -9999, -9999, -9999, -9999, -9999, -9999, -9999, -9999, -9999, -9999, -9999],
[-9999, -9999, -9999, -9999, 39, -9999, -9999, -9999, -9999, 33, -9999, 91, -9999, 88, -9999, 69, 32, 84, 20, -9999, 42, -9999, -9999, -9999, 28, -9999, -9999, 19, -9999, -9999, -9999, 27, -9999, -9999, -9999, 21, -9999, -9999, 59, 7, -9999, 91, 31, 88, -9999, 84, 14, 80, 13, 29, -9999, -9999, 95, -9999, -9999, -9999, 29, -9999, -9999, -9999, 14, -9999, -9999, -9999, 93, -9999, 75, 27, -9999, -9999, -9999, -9999, -9999, -9999, 43, -9999, 13, 71, -9999, -9999, -9999, -9999, -9999, -9999, -9999, 53, -9999, -9999, -9999, 95, 50, -9999, -9999, 85, 53, 82, -9999, 40, -9999, 92],
[-9999, -9999, -9999, -9999, -9999, -9999, -9999, -9999, -9999, -9999, -9999, -9999, -9999, -9999, 89, -9999, -9999, -9999, -9999, -9999, -9999, -9999, -9999, -9999, 40, -9999, -9999, 59, -9999, -9999, -9999, -9999, -9999, -9999, -9999, -9999, -9999, -9999, -9999, -9999, -9999, -9999, -9999, -9999, 38, 44, -9999, -9999, -9999, 40, -9999, -9999, 59, -9999, -9999, -9999, -9999, -9999, -9999, -9999, -9999, -9999, -9999, 24, -9999, -9999, -9999, 17, 48, 56, -9999, -9999, -9999, -9999, -9999, -9999, -9999, 72, -9999, 90, -9999, 50, -9999, -9999, -9999, -9999, -9999, -9999, -9999, -9999, 63, -9999, -9999, -9999, -9999, -9999, -9999, -9999, -9999, 28],
[-9999, -9999, -9999, -9999, 55, -9999, -9999, 58, -9999, 47, 55, -9999, 75, 26, -9999, 23, 69, -9999, 46, -9999, 76, 41, -9999, 78, 29, -9999, -9999, 15, -9999, -9999, -9999, -9999, -9999, -9999, -9999, -9999, -9999, -9999, 91, -9999, -9999, -9999, -9999, -9999, -9999, 39, 96, 66, -9999, -9999, 55, -9999, 26, -9999, -9999, -9999, 32, -9999, -9999, -9999, -9999, 57, -9999, 41, 58, -9999, -9999, 92, 28, -9999, -9999, -9999, -9999, -9999, -9999, -9999, -9999, -9999, 60, 34, -9999, 60, -9999, -9999, -9999, 90, -9999, -9999, -9999, 76, 100, -9999, -9999, -9999, -9999, 56, -9999, 20, -9999, 50],
[-9999, -9999, -9999, -9999, -9999, -9999, -9999, -9999, -9999, -9999, -9999, -9999, -9999, -9999, 33, -9999, -9999, -9999, -9999, -9999, -9999, -9999, -9999, -9999, 77, -9999, -9999, 6, -9999, -9999, -9999, -9999, -9999, -9999, -9999, -9999, -9999, -9999, -9999, -9999, -9999, -9999, -9999, -9999, -9999, 91, -9999, -9999, -9999, 65, 55, -9999, -9999, -9999, -9999, -9999, 24, 55, -9999, -9999, -9999, -9999, -9999, 44, -9999, -9999, -9999, 1, -9999, 89, -9999, -9999, -9999, -9999, -9999, -9999, -9999, 71, 37, 20, -9999, 33, -9999, -9999, -9999, 36, -9999, -9999, -9999, -9999, 45, -9999, -9999, -9999, -9999, -9999, -9999, -9999, -9999, 86],
[-9999, -9999, -9999, -9999, -9999, -9999, -9999, 2, -9999, -9999, -9999, 7, -9999, -9999, 87, -9999, -9999, -9999, -9999, -9999, -9999, -9999, -9999, -9999, 97, 96, -9999, 64, -9999, -9999, -9999, -9999, -9999, -9999, -9999, 17, -9999, 58, -9999, 41, -9999, -9999, -9999, -9999, -9999, -9999, -9999, -9999, -9999, 77, 29, -9999, 93, -9999, -9999, -9999, 34, -9999, -9999, -9999, -9999, -9999, -9999, -9999, -9999, 80, -9999, 49, 83, 63, -9999, -9999, -9999, -9999, -9999, -9999, -9999, 29, 60, 39, -9999, 40, -9999, -9999, -9999, 10, -9999, -9999, -9999, -9999, 45, -9999, -9999, -9999, -9999, -9999, -9999, -9999, 60, -9999],
[-9999, -9999, -9999, -9999, -9999, -9999, -9999, 13, -9999, -9999, -9999, -9999, -9999, -9999, 61, -9999, -9999, -9999, -9999, -9999, -9999, -9999, -9999, -9999, 44, -9999, -9999, 50, -9999, -9999, -9999, -9999, -9999, -9999, -9999, -9999, -9999, -9999, -9999, -9999, -9999, -9999, -9999, -9999, -9999, 32, -9999, -9999, -9999, 69, 35, -9999, 96, -9999, -9999, -9999, -9999, 3, -9999, -9999, -9999, -9999, -9999, -9999, -9999, -9999, -9999, 39, 69, 12, -9999, -9999, -9999, -9999, -9999, -9999, -9999, 7, 33, 1, -9999, 82, -9999, -9999, -9999, 99, -9999, -9999, -9999, -9999, 30, -9999, -9999, -9999, -9999, -9999, -9999, -9999, 14, -9999],
[-9999, -9999, -9999, -9999, -9999, 28, -9999, 75, -9999, -9999, 88, -9999, 24, 29, -9999, 92, 23, -9999, 21, -9999, 35, -9999, -9999, 27, 63, -9999, 5, 11, -9999, -9999, -9999, 94, -9999, -9999, -9999, -9999, -9999, 59, 47, -9999, -9999, -9999, -9999, 45, -9999, 94, 7, 83, 31, 51, -9999, -9999, 45, -9999, -9999, -9999, 14, 36, 58, -9999, -9999, -9999, -9999, -9999, -9999, -9999, -9999, 31, 22, 83, -9999, -9999, -9999, -9999, -9999, -9999, -9999, -9999, -9999, 43, -9999, -9999, -9999, 17, -9999, 79, -9999, 15, -9999, 82, 31, -9999, -9999, -9999, -9999, 46, -9999, 80, 97, 53],
[-9999, -9999, -9999, -9999, -9999, -9999, -9999, -9999, -9999, -9999, 94, -9999, -9999, -9999, -9999, -9999, -9999, -9999, -9999, -9999, -9999, -9999, -9999, -9999, -9999, -9999, -9999, -9999, -9999, -9999, -9999, -9999, -9999, -9999, -9999, -9999, -9999, -9999, -9999, -9999, -9999, -9999, -9999, -9999, -9999, -9999, -9999, -9999, -9999, -9999, -9999, -9999, 13, -9999, -9999, -9999, -9999, -9999, -9999, -9999, -9999, -9999, -9999, -9999, -9999, -9999, -9999, -9999, -9999, -9999, -9999, -9999, -9999, -9999, -9999, -9999, -9999, -9999, -9999, -9999, -9999, -9999, -9999, -9999, -9999, -9999, -9999, -9999, -9999, -9999, -9999, -9999, -9999, -9999, -9999, -9999, -9999, -9999, -9999, -9999],
[-9999, -9999, -9999, -9999, 54, 19, -9999, 22, 88, 85, 93, -9999, 64, -9999, -9999, -9999, 57, 5, 29, -9999, -9999, -9999, 44, -9999, 84, -9999, -9999, 46, -9999, -9999, -9999, 83, -9999, -9999, -9999, -9999, -9999, 15, 97, -9999, -9999, -9999, -9999, 10, -9999, 23, 55, 66, 11, 31, 43, -9999, 61, -9999, -9999, -9999, 21, 69, -9999, -9999, -9999, 55, -9999, 14, 56, -9999, -9999, -9999, -9999, 93, -9999, -9999, -9999, -9999, -9999, -9999, -9999, 12, -9999, 75, -9999, -9999, -9999, 64, -9999, -9999, -9999, -9999, -9999, 9, 92, -9999, 81, -9999, -9999, 78, -9999, 50, -9999, -9999],
[-9999, -9999, -9999, -9999, -9999, -9999, -9999, 60, -9999, -9999, -9999, -9999, -9999, -9999, 22, -9999, -9999, -9999, -9999, -9999, -9999, -9999, -9999, -9999, 19, -9999, -9999, 5, 74, -9999, -9999, -9999, -9999, -9999, -9999, -9999, -9999, 30, -9999, -9999, -9999, -9999, -9999, -9999, -9999, 89, -9999, -9999, -9999, -9999, 73, -9999, 54, -9999, -9999, -9999, -9999, 79, -9999, -9999, -9999, -9999, -9999, 28, -9999, -9999, -9999, 96, 2, 71, -9999, -9999, -9999, 64, -9999, -9999, -9999, -9999, 33, 87, -9999, 63, -9999, -9999, -9999, -9999, -9999, -9999, -9999, -9999, 38, -9999, -9999, -9999, -9999, -9999, -9999, -9999, 74, -9999],
[-9999, -9999, -9999, -9999, -9999, -9999, -9999, -9999, -9999, -9999, -9999, -9999, -9999, -9999, 27, -9999, -9999, -9999, -9999, -9999, -9999, -9999, -9999, -9999, 5, -9999, -9999, -9999, -9999, -9999, -9999, -9999, -9999, -9999, -9999, -9999, -9999, 11, -9999, -9999, -9999, -9999, -9999, -9999, -9999, 64, -9999, -9999, -9999, -9999, -9999, -9999, 55, -9999, -9999, -9999, -9999, 53, -9999, -9999, -9999, -9999, -9999, 72, -9999, -9999, -9999, -9999, 99, 54, -9999, -9999, -9999, -9999, -9999, -9999, -9999, -9999, -9999, 26, -9999, 21, -9999, -9999, -9999, 75, -9999, -9999, -9999, -9999, 54, -9999, -9999, -9999, -9999, -9999, -9999, -9999, 66, 97],
[-9999, -9999, -9999, -9999, -9999, -9999, -9999, 22, -9999, -9999, -9999, -9999, -9999, -9999, 27, -9999, -9999, -9999, -9999, -9999, -9999, -9999, -9999, -9999, 68, -9999, -9999, 77, -9999, -9999, -9999, -9999, -9999, -9999, -9999, -9999, -9999, 78, -9999, -9999, -9999, 93, -9999, -9999, -9999, -9999, -9999, -9999, -9999, -9999, -9999, -9999, 81, -9999, -9999, -9999, -9999, 35, -9999, -9999, 35, -9999, -9999, 52, -9999, -9999, -9999, 48, -9999, -9999, -9999, -9999, -9999, -9999, -9999, -9999, -9999, -9999, 34, 98, -9999, -9999, -9999, -9999, -9999, 47, -9999, -9999, -9999, -9999, 47, -9999, -9999, -9999, -9999, -9999, -9999, -9999, -9999, 33],
[-9999, -9999, -9999, -9999, -9999, -9999, -9999, -9999, -9999, -9999, 87, -9999, -9999, -9999, -9999, -9999, -9999, -9999, -9999, -9999, -9999, -9999, -9999, -9999, -9999, -9999, -9999, -9999, -9999, -9999, 72, -9999, -9999, -9999, -9999, -9999, -9999, -9999, -9999, -9999, -9999, -9999, -9999, -9999, -9999, -9999, -9999, -9999, -9999, -9999, -9999, -9999, -9999, -9999, -9999, -9999, -9999, -9999, -9999, -9999, -9999, -9999, -9999, -9999, -9999, -9999, -9999, -9999, -9999, -9999, -9999, -9999, -9999, -9999, -9999, -9999, -9999, -9999, -9999, -9999, -9999, -9999, -9999, -9999, -9999, -9999, -9999, -9999, -9999, -9999, -9999, -9999, -9999, -9999, -9999, -9999, -9999, -9999, -9999, 91],
[-9999, -9999, -9999, -9999, -9999, -9999, -9999, 91, -9999, -9999, -9999, -9999, -9999, -9999, 78, -9999, -9999, -9999, -9999, -9999, -9999, -9999, -9999, -9999, 69, -9999, -9999, -9999, -9999, -9999, -9999, -9999, -9999, -9999, -9999, -9999, -9999, 60, -9999, -9999, -9999, -9999, -9999, -9999, 81, -9999, -9999, -9999, -9999, 69, 33, -9999, -9999, -9999, -9999, -9999, -9999, 90, -9999, -9999, -9999, -9999, -9999, 10, -9999, -9999, -9999, -9999, -9999, 59, -9999, -9999, 47, -9999, -9999, -9999, -9999, -9999, 38, 75, -9999, -9999, -9999, -9999, -9999, -9999, -9999, -9999, -9999, -9999, 75, -9999, -9999, -9999, -9999, -9999, -9999, -9999, 86, 46],
[-9999, -9999, -9999, -9999, 47, 25, -9999, 34, -9999, -9999, 45, -9999, 76, -9999, 51, 38, 44, 11, 4, -9999, 20, 19, 27, 47, 56, -9999, 23, 96, -9999, -9999, -9999, 51, -9999, -9999, -9999, -9999, -9999, -9999, 14, -9999, 98, -9999, 42, -9999, -9999, -9999, 44, 61, -9999, 51, 59, -9999, 13, 71, -9999, -9999, -9999, 55, 28, 71, -9999, -9999, -9999, 96, 48, -9999, -9999, 58, -9999, -9999, 52, -9999, -9999, 8, -9999, -9999, -9999, -9999, -9999, -9999, -9999, -9999, -9999, 68, -9999, 100, -9999, -9999, -9999, -9999, 70, 76, 63, -9999, -9999, 90, -9999, 82, 28, -9999],
[-9999, -9999, -9999, -9999, -9999, -9999, -9999, -9999, -9999, -9999, -9999, -9999, -9999, -9999, -9999, -9999, -9999, -9999, -9999, -9999, -9999, -9999, -9999, -9999, 31, -9999, -9999, 84, -9999, -9999, -9999, -9999, -9999, -9999, -9999, -9999, -9999, 29, -9999, -9999, -9999, -9999, -9999, -9999, -9999, 30, -9999, -9999, -9999, 12, -9999, -9999, -9999, -9999, -9999, -9999, -9999, -9999, -9999, -9999, -9999, -9999, -9999, -9999, -9999, -9999, -9999, -9999, 76, 89, -9999, -9999, -9999, -9999, -9999, -9999, -9999, -9999, -9999, 49, -9999, 93, -9999, -9999, -9999, 40, -9999, -9999, -9999, -9999, 72, -9999, -9999, -9999, -9999, -9999, -9999, -9999, 80, 53],
[-9999, -9999, -9999, -9999, -9999, -9999, -9999, -9999, -9999, -9999, -9999, -9999, -9999, -9999, 85, -9999, -9999, -9999, -9999, -9999, -9999, -9999, -9999, -9999, 67, -9999, -9999, 52, -9999, -9999, -9999, -9999, -9999, -9999, -9999, -9999, -9999, 49, -9999, -9999, -9999, 83, -9999, -9999, -9999, 84, -9999, -9999, -9999, 98, 100, -9999, 41, -9999, -9999, -9999, 78, 78, -9999, -9999, -9999, -9999, -9999, 42, -9999, -9999, -9999, -9999, -9999, 42, -9999, -9999, -9999, -9999, -9999, -9999, -9999, 84, 56, -9999, -9999, -9999, -9999, -9999, -9999, 17, -9999, -9999, -9999, -9999, 6, -9999, -9999, -9999, -9999, -9999, -9999, -9999, 100, -9999],
[-9999, -9999, -9999, -9999, -9999, -9999, -9999, -9999, -9999, -9999, -9999, -9999, -9999, -9999, -9999, -9999, -9999, -9999, -9999, -9999, -9999, -9999, -9999, -9999, 16, -9999, -9999, 52, -9999, -9999, -9999, -9999, -9999, -9999, -9999, -9999, -9999, 23, -9999, -9999, -9999, -9999, -9999, -9999, -9999, 18, -9999, -9999, -9999, -9999, 23, -9999, -9999, -9999, -9999, -9999, 30, 16, -9999, -9999, -9999, -9999, -9999, 19, -9999, -9999, -9999, -9999, -9999, 56, -9999, -9999, -9999, -9999, -9999, -9999, -9999, -9999, 29, 14, -9999, 36, -9999, -9999, -9999, 44, -9999, -9999, -9999, -9999, 30, -9999, -9999, -9999, -9999, -9999, -9999, -9999, 64, 63],
[-9999, -9999, -9999, -9999, -9999, -9999, -9999, -9999, -9999, -9999, 85, -9999, -9999, -9999, -9999, -9999, -9999, -9999, -9999, -9999, -9999, -9999, -9999, -9999, -9999, -9999, -9999, -9999, -9999, -9999, 22, -9999, -9999, -9999, -9999, -9999, -9999, -9999, -9999, -9999, -9999, -9999, -9999, -9999, -9999, -9999, -9999, -9999, -9999, -9999, -9999, -9999, -9999, -9999, -9999, -9999, -9999, -9999, -9999, -9999, -9999, -9999, -9999, -9999, -9999, -9999, -9999, -9999, -9999, -9999, -9999, -9999, -9999, -9999, -9999, -9999, -9999, -9999, -9999, -9999, -9999, -9999, -9999, -9999, -9999, -9999, -9999, -9999, -9999, -9999, -9999, -9999, -9999, -9999, -9999, -9999, -9999, -9999, -9999, 61],
[-9999, -9999, -9999, -9999, 38, 67, -9999, -9999, -9999, 27, 5, -9999, -9999, -9999, 48, 12, 40, 23, 12, 55, -9999, -9999, 21, 1, 83, -9999, -9999, 80, 65, -9999, 56, -9999, -9999, -9999, -9999, -9999, -9999, 37, 33, -9999, 29, 7, 67, 6, 32, 83, 100, 99, -9999, -9999, 84, -9999, 56, -9999, -9999, -9999, 65, -9999, 6, -9999, -9999, -9999, -9999, 22, 21, -9999, -9999, 59, -9999, 74, -9999, -9999, -9999, -9999, -9999, -9999, -9999, 66, -9999, 46, -9999, 25, -9999, 43, -9999, -9999, -9999, -9999, -9999, 19, 85, -9999, 46, -9999, -9999, 69, -9999, 3, 17, 73],
[37, -9999, 88, 55, 66, -9999, -9999, -9999, -9999, 65, 70, 11, -9999, 34, -9999, 27, -9999, 28, 29, -9999, 8, -9999, 100, -9999, -9999, -9999, 61, 82, -9999, 8, 76, 33, 36, -9999, -9999, 82, -9999, 79, 37, -9999, 73, -9999, -9999, 31, -9999, 34, 21, -9999, 30, -9999, 57, -9999, 90, -9999, 91, -9999, -9999, -9999, 51, 46, 50, -9999, -9999, 59, 10, 28, 3, -9999, 76, 25, -9999, -9999, -9999, -9999, -9999, 38, 22, -9999, -9999, -9999, -9999, 24, -9999, 22, 100, -9999, -9999, -9999, -9999, 58, 1, 45, 60, -9999, 21, 50, 77, 92, 40, 45],
[-9999, -9999, -9999, -9999, -9999, -9999, -9999, -9999, -9999, -9999, -9999, -9999, -9999, -9999, -9999, -9999, -9999, -9999, -9999, -9999, -9999, -9999, -9999, -9999, 86, -9999, -9999, -9999, 24, -9999, -9999, -9999, -9999, -9999, -9999, -9999, -9999, 96, -9999, -9999, -9999, -9999, -9999, -9999, -9999, -9999, -9999, -9999, -9999, -9999, -9999, -9999, -9999, -9999, -9999, -9999, 85, -9999, -9999, -9999, -9999, -9999, -9999, 90, -9999, -9999, -9999, 59, -9999, -9999, -9999, -9999, -9999, -9999, -9999, -9999, -9999, 95, -9999, 74, -9999, -9999, -9999, -9999, -9999, 70, -9999, -9999, -9999, -9999, 90, -9999, -9999, -9999, -9999, -9999, -9999, -9999, 99, 85],
[-9999, -9999, -9999, -9999, -9999, -9999, -9999, -9999, -9999, -9999, -9999, -9999, -9999, -9999, -9999, -9999, -9999, -9999, -9999, -9999, -9999, -9999, -9999, -9999, -9999, -9999, -9999, -9999, -9999, -9999, -9999, -9999, -9999, -9999, -9999, -9999, -9999, -9999, -9999, -9999, -9999, -9999, -9999, -9999, -9999, -9999, -9999, -9999, -9999, -9999, -9999, -9999, -9999, -9999, -9999, -9999, -9999, -9999, -9999, -9999, -9999, -9999, -9999, -9999, -9999, -9999, -9999, -9999, -9999, -9999, -9999, -9999, -9999, -9999, -9999, -9999, -9999, -9999, -9999, -9999, -9999, -9999, -9999, -9999, -9999, -9999, -9999, -9999, -9999, -9999, -9999, -9999, -9999, -9999, -9999, -9999, -9999, -9999, -9999, 79],
[-9999, -9999, -9999, -9999, -9999, -9999, -9999, -9999, -9999, -9999, 33, -9999, -9999, -9999, -9999, -9999, -9999, -9999, -9999, -9999, -9999, -9999, -9999, -9999, -9999, -9999, -9999, -9999, -9999, -9999, -9999, -9999, -9999, -9999, -9999, -9999, -9999, -9999, -9999, -9999, -9999, -9999, -9999, -9999, -9999, -9999, -9999, -9999, -9999, -9999, -9999, -9999, -9999, -9999, -9999, -9999, -9999, -9999, -9999, -9999, -9999, -9999, -9999, -9999, -9999, -9999, -9999, -9999, -9999, -9999, -9999, -9999, -9999, -9999, -9999, -9999, -9999, -9999, -9999, -9999, -9999, -9999, -9999, -9999, -9999, -9999, -9999, -9999, -9999, -9999, -9999, -9999, -9999, -9999, -9999, -9999, -9999, -9999, -9999, 57],
[-9999, -9999, -9999, -9999, -9999, -9999, -9999, 61, -9999, 74, 65, -9999, -9999, -9999, -9999, 59, 41, 11, 50, -9999, -9999, -9999, 8, 46, 74, -9999, 57, 65, -9999, -9999, -9999, -9999, -9999, -9999, -9999, -9999, -9999, 51, 82, -9999, 85, -9999, 88, -9999, -9999, -9999, 18, -9999, -9999, 57, -9999, -9999, 7, -9999, -9999, -9999, -9999, -9999, 25, 88, -9999, 18, -9999, 27, 52, -9999, -9999, -9999, -9999, 63, 50, -9999, -9999, -9999, -9999, -9999, -9999, 10, -9999, 45, -9999, -9999, -9999, 61, -9999, -9999, -9999, 35, 22, -9999, 14, 49, 15, -9999, -9999, 9, -9999, 22, 62, -9999],
[-9999, -9999, -9999, -9999, -9999, -9999, -9999, -9999, -9999, -9999, -9999, -9999, -9999, -9999, -9999, -9999, -9999, -9999, -9999, -9999, -9999, -9999, -9999, -9999, 25, -9999, -9999, 73, -9999, -9999, -9999, -9999, -9999, -9999, -9999, -9999, -9999, 48, -9999, -9999, -9999, -9999, -9999, -9999, -9999, -9999, -9999, -9999, -9999, -9999, 52, -9999, 94, -9999, -9999, -9999, 89, -9999, -9999, -9999, -9999, 33, -9999, -9999, -9999, -9999, -9999, 13, -9999, 96, -9999, -9999, -9999, -9999, -9999, -9999, -9999, -9999, -9999, 37, -9999, 24, -9999, -9999, -9999, 76, -9999, -9999, -9999, -9999, 83, -9999, -9999, -9999, -9999, -9999, -9999, -9999, 68, 54],
[-9999, -9999, -9999, -9999, 12, -9999, -9999, 46, -9999, 59, 82, -9999, -9999, 73, -9999, 1, 7, -9999, 12, -9999, -9999, 19, -9999, -9999, 27, -9999, 93, 95, -9999, -9999, -9999, 21, -9999, -9999, -9999, -9999, -9999, -9999, 69, -9999, 45, -9999, -9999, -9999, -9999, 5, 76, 52, 53, -9999, -9999, -9999, -9999, -9999, -9999, -9999, 67, -9999, 32, -9999, -9999, 2, 96, 86, -9999, -9999, -9999, 82, 43, 26, -9999, -9999, -9999, -9999, -9999, -9999, -9999, 78, -9999, 34, -9999, 59, -9999, -9999, -9999, -9999, -9999, 41, -9999, 28, 56, -9999, -9999, -9999, -9999, -9999, -9999, -9999, 45, 17],
[-9999, -9999, 88, -9999, 25, 77, -9999, -9999, -9999, -9999, 72, -9999, -9999, 20, 16, -9999, 67, 30, -9999, -9999, 76, 75, 47, 29, 83, -9999, 31, 37, -9999, -9999, -9999, -9999, -9999, -9999, -9999, -9999, -9999, -9999, 7, -9999, 53, -9999, 93, -9999, -9999, -9999, 81, 71, 80, -9999, 23, -9999, -9999, -9999, -9999, -9999, 61, -9999, -9999, 12, -9999, -9999, -9999, 66, 38, -9999, -9999, 51, 55, -9999, -9999, -9999, -9999, -9999, -9999, -9999, -9999, 39, 87, -9999, -9999, 45, -9999, 47, -9999, 43, -9999, -9999, -9999, 2, 55, 11, 26, -9999, -9999, 12, -9999, 47, 36, 34],
[-9999, 69, -9999, 88, -9999, 42, -9999, 90, -9999, 55, -9999, 25, 98, 74, -9999, 26, -9999, 71, 63, -9999, 29, -9999, 95, 59, 96, 33, 67, 57, -9999, 56, 74, 35, -9999, -9999, -9999, 23, -9999, -9999, 38, 83, 68, -9999, 3, 97, -9999, 85, 73, -9999, 17, 30, -9999, -9999, -9999, -9999, 12, -9999, -9999, 63, 21, 44, -9999, -9999, -9999, 36, 47, -9999, -9999, 1, 30, -9999, -9999, 31, -9999, -9999, -9999, 48, 87, 72, 41, 60, -9999, 39, -9999, 88, 3, -9999, -9999, -9999, -9999, -9999, 20, -9999, 70, -9999, 14, 23, 58, 92, 59, -9999],
[-9999, -9999, -9999, -9999, -9999, -9999, -9999, 59, -9999, 56, 14, -9999, 1, 89, -9999, 72, -9999, -9999, 26, -9999, -9999, -9999, 81, 33, 94, -9999, -9999, -9999, -9999, -9999, 76, 67, -9999, -9999, -9999, -9999, -9999, 46, 23, -9999, -9999, -9999, 98, -9999, -9999, -9999, 50, 18, 71, -9999, -9999, -9999, 9, -9999, -9999, -9999, 29, -9999, -9999, 85, -9999, -9999, -9999, -9999, -9999, -9999, -9999, -9999, 67, -9999, -9999, -9999, -9999, -9999, -9999, -9999, -9999, 56, -9999, -9999, -9999, 62, -9999, 83, -9999, -9999, -9999, 28, -9999, -9999, 96, -9999, 70, -9999, -9999, 100, -9999, 18, 58, 58],
[-9999, -9999, -9999, -9999, -9999, -9999, -9999, -9999, -9999, -9999, -9999, -9999, -9999, -9999, -9999, -9999, -9999, -9999, -9999, -9999, -9999, -9999, -9999, -9999, 72, -9999, -9999, 52, -9999, -9999, -9999, -9999, -9999, -9999, -9999, -9999, -9999, -9999, -9999, -9999, -9999, 8, -9999, -9999, -9999, -9999, -9999, -9999, -9999, -9999, -9999, -9999, -9999, -9999, -9999, -9999, 83, -9999, -9999, -9999, -9999, -9999, -9999, 100, -9999, -9999, -9999, -9999, 81, -9999, -9999, -9999, -9999, -9999, -9999, -9999, -9999, 88, 2, 34, -9999, 24, -9999, -9999, -9999, 14, -9999, -9999, -9999, -9999, 53, -9999, -9999, -9999, -9999, -9999, -9999, -9999, -9999, -9999],
[-9999, -9999, -9999, -9999, -9999, -9999, -9999, -9999, -9999, -9999, -9999, -9999, -9999, -9999, 72, -9999, -9999, -9999, -9999, -9999, -9999, -9999, -9999, -9999, 13, -9999, -9999, 60, -9999, -9999, -9999, -9999, -9999, -9999, -9999, -9999, -9999, 45, -9999, -9999, -9999, -9999, -9999, -9999, 71, 91, -9999, -9999, -9999, -9999, 31, -9999, 24, -9999, -9999, -9999, 91, -9999, -9999, -9999, -9999, 42, -9999, 49, -9999, -9999, -9999, 27, 18, -9999, -9999, -9999, -9999, -9999, -9999, -9999, -9999, 1, 20, -9999, -9999, 42, -9999, -9999, -9999, 90, -9999, -9999, -9999, -9999, 52, -9999, -9999, -9999, -9999, -9999, -9999, -9999, -9999, -9999],
[-9999, -9999, -9999, -9999, -9999, -9999, -9999, -9999, -9999, -9999, -9999, -9999, -9999, -9999, 94, -9999, -9999, -9999, -9999, 5, -9999, -9999, -9999, -9999, 72, -9999, -9999, -9999, -9999, -9999, -9999, -9999, -9999, -9999, -9999, -9999, -9999, 38, -9999, -9999, -9999, -9999, -9999, -9999, -9999, 21, -9999, -9999, -9999, 47, 58, -9999, 27, -9999, -9999, -9999, -9999, -9999, -9999, -9999, -9999, -9999, -9999, -9999, -9999, -9999, -9999, 88, -9999, 52, -9999, -9999, -9999, -9999, -9999, -9999, -9999, -9999, 30, -9999, -9999, 77, -9999, -9999, -9999, 19, -9999, -9999, -9999, -9999, 84, -9999, -9999, -9999, -9999, -9999, -9999, -9999, -9999, -9999],
[-9999, -9999, -9999, -9999, -9999, 86, -9999, 59, -9999, 96, 81, -9999, 58, 56, -9999, 36, -9999, 68, 62, -9999, -9999, -9999, 8, 6, 24, -9999, 55, 12, -9999, -9999, 95, 9, -9999, -9999, -9999, -9999, -9999, 7, 99, -9999, -9999, -9999, 40, 40, -9999, -9999, 56, 45, -9999, 45, -9999, -9999, 24, -9999, -9999, -9999, 17, 30, -9999, -9999, 1, -9999, -9999, 30, 44, -9999, -9999, -9999, -9999, -9999, -9999, -9999, -9999, -9999, -9999, -9999, -9999, 74, -9999, -9999, -9999, 82, -9999, 47, -9999, -9999, 18, -9999, -9999, -9999, -9999, -9999, -9999, -9999, -9999, 80, -9999, -9999, 10, 8],
[-9999, -9999, -9999, -9999, -9999, -9999, -9999, 52, -9999, -9999, -9999, -9999, -9999, -9999, 42, -9999, -9999, -9999, -9999, -9999, -9999, -9999, -9999, -9999, 20, -9999, -9999, -9999, -9999, -9999, -9999, -9999, -9999, -9999, -9999, -9999, -9999, -9999, -9999, -9999, -9999, -9999, -9999, -9999, -9999, 52, -9999, -9999, -9999, -9999, -9999, -9999, -9999, -9999, -9999, -9999, -9999, 76, -9999, -9999, -9999, -9999, -9999, 1, -9999, -9999, -9999, 46, -9999, -9999, -9999, -9999, 68, -9999, -9999, -9999, -9999, 84, 15, 62, -9999, 91, -9999, -9999, -9999, 48, -9999, -9999, -9999, -9999, 58, -9999, -9999, -9999, -9999, -9999, -9999, -9999, 89, -9999],
[-9999, -9999, -9999, 17, 28, 20, 88, -9999, -9999, -9999, 90, 94, 91, 63, 24, -9999, 76, 93, 8, -9999, -9999, 13, 1, -9999, 97, 40, -9999, 12, 78, 63, 15, -9999, 46, 59, -9999, 91, -9999, -9999, 81, 23, -9999, -9999, 77, -9999, -9999, 58, 12, 35, 10, 1, 5, 94, 16, -9999, 32, -9999, 4, 23, -9999, 66, -9999, -9999, -9999, -9999, -9999, -9999, 59, 80, 28, -9999, -9999, -9999, -9999, 63, -9999, -9999, -9999, 4, 80, 20, -9999, -9999, -9999, 31, 11, 9, -9999, -9999, -9999, 63, 14, 13, -9999, 22, 29, -9999, -9999, 82, 74, 99],
[-9999, -9999, -9999, -9999, -9999, -9999, -9999, -9999, -9999, -9999, -9999, -9999, -9999, -9999, -9999, -9999, -9999, -9999, -9999, 35, -9999, -9999, -9999, -9999, 8, -9999, -9999, 66, -9999, -9999, -9999, -9999, -9999, -9999, -9999, -9999, -9999, -9999, -9999, -9999, -9999, -9999, -9999, -9999, -9999, -9999, -9999, -9999, -9999, 25, 1, -9999, 36, -9999, -9999, -9999, -9999, -9999, -9999, -9999, -9999, -9999, -9999, 32, -9999, -9999, -9999, 52, 1, 48, -9999, -9999, -9999, -9999, -9999, -9999, -9999, -9999, -9999, 1, -9999, 1, -9999, -9999, -9999, 43, -9999, -9999, -9999, -9999, 25, -9999, -9999, -9999, -9999, -9999, -9999, -9999, 32, 94],
[-9999, 69, -9999, 36, -9999, 58, -9999, 15, -9999, 57, 78, 59, 32, -9999, 17, -9999, -9999, 60, 100, -9999, 96, 49, 50, 25, 34, -9999, -9999, 37, -9999, -9999, -9999, 85, -9999, -9999, -9999, 9, -9999, 54, 98, 83, 42, -9999, 82, 47, -9999, 36, 84, 91, 97, 66, 83, -9999, 64, -9999, 70, -9999, 22, 53, 19, 63, -9999, -9999, -9999, -9999, -9999, -9999, 47, -9999, -9999, 86, -9999, -9999, 79, -9999, -9999, -9999, -9999, -9999, 5, 80, -9999, -9999, -9999, -9999, -9999, 77, -9999, -9999, -9999, 91, 74, -9999, 90, 36, -9999, -9999, 96, 15, 25, 66],
[-9999, -9999, -9999, -9999, 96, 52, -9999, 59, -9999, 98, 4, -9999, 43, 69, 13, -9999, 52, -9999, 68, -9999, 77, -9999, 58, -9999, 71, -9999, 80, -9999, -9999, -9999, 60, -9999, -9999, -9999, -9999, -9999, -9999, 80, 26, -9999, -9999, 99, -9999, 69, -9999, -9999, 1, 47, -9999, -9999, 54, -9999, 1, -9999, -9999, -9999, -9999, 72, -9999, -9999, -9999, -9999, 82, -9999, -9999, -9999, -9999, -9999, 44, 14, -9999, -9999, -9999, -9999, -9999, -9999, -9999, -9999, 72, 79, 96, 46, -9999, 51, -9999, 3, -9999, -9999, -9999, 12, 3, -9999, 2, -9999, -9999, -9999, -9999, -9999, 28, -9999],
[-9999, -9999, -9999, -9999, 88, 97, -9999, 22, -9999, 79, -9999, -9999, -9999, 11, 48, 45, -9999, 70, 63, -9999, -9999, 41, 63, -9999, 61, -9999, 100, 6, -9999, -9999, 10, 21, -9999, -9999, -9999, -9999, -9999, -9999, 97, -9999, -9999, -9999, 68, 27, -9999, 52, 15, -9999, 19, -9999, -9999, -9999, -9999, -9999, -9999, -9999, -9999, 12, 100, 2, -9999, -9999, -9999, -9999, 81, -9999, -9999, 8, 43, 10, -9999, -9999, -9999, -9999, -9999, -9999, -9999, -9999, 93, -9999, -9999, 69, -9999, 80, -9999, -9999, -9999, -9999, -9999, -9999, 20, -9999, -9999, -9999, -9999, 14, -9999, 66, 52, 11],
[-9999, -9999, -9999, -9999, 6, 34, -9999, 21, 89, 92, 76, -9999, -9999, 78, -9999, 68, -9999, -9999, 64, -9999, 57, 100, -9999, 63, 65, -9999, -9999, -9999, -9999, -9999, 40, 58, -9999, -9999, -9999, -9999, -9999, -9999, 22, -9999, 11, -9999, -9999, -9999, -9999, 84, 1, 91, -9999, 35, -9999, -9999, 95, -9999, -9999, -9999, -9999, 4, -9999, 1, -9999, -9999, -9999, 95, 15, -9999, -9999, -9999, 85, 55, -9999, -9999, -9999, -9999, -9999, -9999, -9999, -9999, 84, -9999, -9999, -9999, -9999, -9999, -9999, -9999, -9999, -9999, -9999, 18, 96, 9, 99, -9999, -9999, -9999, -9999, -9999, 4, 99],
[61, -9999, -9999, 59, -9999, 6, 18, 47, -9999, 45, -9999, 98, -9999, 47, -9999, 22, 24, 23, 25, -9999, -9999, -9999, 38, 85, 63, 35, 13, -9999, -9999, 69, 98, -9999, 13, -9999, -9999, -9999, -9999, 92, 16, -9999, 39, -9999, 9, 31, -9999, 37, 20, 95, 90, 64, -9999, 59, -9999, -9999, 55, 58, 44, -9999, 89, -9999, -9999, -9999, -9999, 9, -9999, 94, -9999, 76, 92, 47, -9999, -9999, -9999, -9999, 29, 64, 100, 19, 15, -9999, -9999, 58, -9999, -9999, -9999, -9999, -9999, -9999, -9999, -9999, 83, -9999, 47, 42, 93, -9999, 9, 92, -9999, -9999],
[-9999, -9999, -9999, -9999, -9999, -9999, -9999, 61, -9999, -9999, -9999, -9999, -9999, -9999, 54, -9999, -9999, -9999, -9999, -9999, -9999, -9999, -9999, -9999, 16, -9999, -9999, 45, -9999, -9999, -9999, -9999, -9999, -9999, -9999, -9999, -9999, 76, -9999, -9999, -9999, -9999, -9999, -9999, -9999, -9999, -9999, -9999, -9999, 68, -9999, -9999, 32, -9999, -9999, -9999, 32, 8, -9999, -9999, -9999, -9999, -9999, -9999, -9999, -9999, -9999, 3, -9999, 48, -9999, -9999, -9999, -9999, -9999, -9999, -9999, -9999, -9999, -9999, -9999, -9999, -9999, -9999, -9999, -9999, -9999, -9999, -9999, -9999, 67, -9999, -9999, -9999, -9999, -9999, -9999, -9999, -9999, -9999]
];
