NbNodes = 100;
NbNDDs = 0;
NbPairs = 100;
NbTerminals = 0;
K = 0;
L = 102;
Wt = [
[-9999, -9999, -9999, -9999, 76, -9999, 34, -9999, -9999, 5, 92, 56, -9999, -9999, -9999, -9999, 19, -9999, -9999, 10, -9999, 57, -9999, -9999, 64, 75, -9999, -9999, 59, 99, 15, 76, 60, -9999, 47, -9999, -9999, -9999, -9999, -9999, -9999, 90, 49, -9999, -9999, 100, -9999, 29, -9999, -9999, -9999, -9999, 21, 41, 94, 96, -9999, 20, -9999, -9999, -9999, -9999, -9999, 77, -9999, -9999, 55, 33, 78, 4, -9999, -9999, 72, 10, -9999, -9999, 79, 79, -9999, -9999, -9999, -9999, -9999, 14, 6, -9999, -9999, -9999, -9999, -9999, -9999, -9999, 59, -9999, -9999, -9999, 22, -9999, 97, 37],
[-9999, -9999, -9999, -9999, -9999, 14, -9999, -9999, -9999, -9999, -9999, -9999, -9999, -9999, -9999, -9999, -9999, -9999, -9999, 61, -9999, -9999, -9999, 58, -9999, -9999, -9999, -9999, -9999, -9999, -9999, 16, -9999, -9999, -9999, -9999, -9999, -9999, -9999, -9999, -9999, -9999, -9999, -9999, -9999, -9999, -9999, -9999, -9999, -9999, 21, -9999, -9999, -9999, -9999, -9999, -9999, -9999, -9999, -9999, -9999, -9999, -9999, -9999, -9999, -9999, -9999, -9999, -9999, 43, -9999, -9999, -9999, -9999, -9999, -9999, -9999, -9999, -9999, -9999, -9999, -9999, -9999, -9999, -9999, -9999, -9999, 29, 92, -9999, -9999, 64, -9999, -9999, -9999, -9999, 64, -9999, -9999, -9999],
[-9999, -9999, -9999, -9999, -9999, -9999, -9999, -9999, -9999, -9999, -9999, -9999, -9999, -9999, -9999, -9999, -9999, -9999, -9999, -9999, -9999, -9999, -9999, 88, -9999, -9999, -9999, -9999, -9999, -9999, -9999, -9999, -9999, -9999, -9999, -9999, -9999, -9999, -9999, -9999, -9999, -9999, -9999, -9999, -9999, -9999, -9999, -9999, -9999, -9999, -9999, -9999, -9999, -9999, -9999, -9999, -9999, -9999, -9999, -9999, -9999, -9999, -9999, -9999, -9999, -9999, -9999, -9999, -9999, 33, -9999, -9999, -9999, -9999, -9999, -9999, -9999, -9999, -9999, -9999, -9999, -9999, -9999, -9999, -9999, -9999, -9999, -9999, 25, -9999, -9999, 90, -9999, -9999, -9999, -9999, -9999, -9999, 75, -9999],
[-9999, 68, -9999, -9999, 9, 92, 11, 93, 56, 25, 36, -9999, -9999, -9999, -9999, -9999, 22, 81, -9999, -9999, -9999, 28, 14, 53, 37, 64, -9999, 82, 98, 25, -9999, 19, -9999, 85, 16, -9999, -9999, 57, 72, 58, 8, 47, 95, -9999, -9999, -9999, -9999, 43, -9999, 30, 35, -9999, 41, 88, 73, -9999, -9999, 98, -9999, -9999, -9999, 25, 18, 94, -9999, 38, -9999, 72, 44, 78, -9999, 45, 67, 42, -9999, -9999, 80, 72, -9999, 22, -9999, -9999, -9999, 59, 20, -9999, 55, 100, 13, 6, -9999, 75, 64, 26, -9999, 63, 38, -9999, -9999, -9999],
[-9999, -9999, -9999, -9999, -9999, -9999, -9999, -9999, -9999, -9999, -9999, 93, 98, -9999, -9999, -9999, -9999, 10, -9999, -9999, -9999, 61, 61, -9999, 72, 47, 51, -9999, -9999, -9999, -9999, -9999, -9999, 93, -9999, -9999, -9999, -9999, -9999, -9999, -9999, -9999, -9999, -9999, -9999, -9999, -9999, -9999, -9999, -9999, -9999, -9999, -9999, -9999, -9999, -9999, -9999, 94, -9999, -9999, -9999, -9999, 29, -9999, -9999, -9999, -9999, 8, 31, -9999, -9999, -9999, -9999, -9999, -9999, -9999, 39, -9999, -9999, -9999, -9999, -9999, -9999, -9999, 43, -9999, -9999, -9999, -9999, -9999, -9999, -9999, -9999, -9999, -9999, -9999, -9999, -9999, -9999, -9999],
[-9999, 43, -9999, -9999, 22, -9999, 13, 9, 42, 61, 97, -9999, -9999, -9999, -9999, 87, 11, 92, 35, 31, 38, 21, 84, 13, 26, 70, 43, -9999, 1, 45, 24, 7, 49, -9999, -9999, -9999, -9999, 87, 95, -9999, 88, 81, 48, 36, -9999, 38, -9999, 21, -9999, -9999, -9999, -9999, -9999, 89, 23, -9999, -9999, 7, -9999, -9999, -9999, -9999, 12, 9, 93, -9999, 42, -9999, 73, 60, -9999, 53, 69, -9999, -9999, -9999, 91, 35, 70, 48, 50, 81, 67, 54, 45, -9999, 87, 18, 76, 74, 56, -9999, 28, 57, 59, -9999, -9999, -9999, 57, 2],
[-9999, 74, 37, -9999, 4, 47, -9999, -9999, 78, 71, -9999, -9999, -9999, 32, -9999, 69, 70, 26, 55, -9999, 23, 94, 98, 99, 20, -9999, 5, -9999, -9999, 78, 20, 10, 48, 20, 17, -9999, 4, 82, -9999, -9999, -9999, 52, 1, 97, 82, -9999, -9999, -9999, -9999, -9999, 76, -9999, 81, 18, -9999, -9999, -9999, 24, -9999, -9999, -9999, -9999, 12, -9999, 8, -9999, 26, -9999, 13, 24, -9999, 3, 59, -9999, -9999, -9999, 18, 27, 4, 86, 74, 92, 16, 99, 60, -9999, -9999, -9999, -9999, 36, 45, -9999, 7, -9999, 31, 95, 40, -9999, -9999, 54],
[94, -9999, -9999, -9999, 79, 25, 46, -9999, 3, -9999, 15, -9999, 25, -9999, -9999, -9999, 13, -9999, -9999, -9999, -9999, -9999, -9999, 66, 42, -9999, 66, 8, 85, 12, -9999, -9999, 98, -9999, -9999, -9999, -9999, 45, -9999, 92, 90, -9999, 68, -9999, -9999, 27, -9999, 24, -9999, 73, 52, 1, 6, 40, 36, -9999, -9999, 46, -9999, -9999, -9999, 66, 15, 90, -9999, -9999, -9999, 64, 67, 69, 62, -9999, -9999, 14, -9999, -9999, 24, 53, -9999, -9999, -9999, -9999, -9999, 65, -9999, -9999, -9999, -9999, 34, 1, -9999, 9, 6, 29, -9999, 57, -9999, -9999, -9999, 82],
[-9999, 35, -9999, -9999, -9999, -9999, -9999, -9999, -9999, -9999, 75, -9999, 61, -9999, -9999, -9999, -9999, 100, -9999, -9999, -9999, 13, 42, -9999, 82, 21, 4, -9999, -9999, -9999, -9999, -9999, -9999, -9999, -9999, -9999, -9999, -9999, -9999, -9999, -9999, -9999, -9999, -9999, -9999, -9999, -9999, -9999, -9999, -9999, -9999, -9999, -9999, -9999, 64, -9999, -9999, 84, -9999, -9999, -9999, -9999, 62, -9999, -9999, -9999, -9999, -9999, 6, -9999, -9999, -9999, 13, -9999, -9999, -9999, 66, -9999, -9999, 3, -9999, -9999, -9999, -9999, 35, -9999, -9999, -9999, -9999, -9999, -9999, 24, -9999, -9999, -9999, -9999, -9999, -9999, -9999, -9999],
[-9999, -9999, -9999, -9999, -9999, -9999, -9999, -9999, -9999, -9999, 85, -9999, -9999, -9999, -9999, -9999, -9999, 94, -9999, -9999, -9999, -9999, -9999, -9999, -9999, 64, 36, -9999, -9999, -9999, -9999, -9999, -9999, 54, -9999, -9999, -9999, -9999, 34, -9999, 57, -9999, -9999, -9999, -9999, -9999, -9999, -9999, -9999, -9999, -9999, -9999, -9999, -9999, -9999, -9999, -9999, 78, -9999, -9999, -9999, -9999, -9999, -9999, -9999, -9999, -9999, 67, 55, -9999, -9999, -9999, -9999, -9999, -9999, -9999, 40, -9999, -9999, -9999, -9999, -9999, -9999, -9999, 3, -9999, -9999, 21, -9999, -9999, -9999, 9, -9999, -9999, -9999, -9999, -9999, -9999, -9999, -9999],
[-9999, 19, -9999, -9999, -9999, -9999, -9999, -9999, -9999, -9999, -9999, 43, 76, -9999, -9999, -9999, -9999, -9999, 34, -9999, -9999, 86, 70, -9999, 79, -9999, 47, -9999, -9999, -9999, -9999, -9999, -9999, 11, -9999, -9999, -9999, -9999, 40, -9999, -9999, -9999, -9999, -9999, -9999, -9999, -9999, -9999, -9999, -9999, -9999, -9999, -9999, -9999, -9999, -9999, -9999, 58, -9999, -9999, -9999, -9999, 36, -9999, -9999, -9999, -9999, -9999, 64, -9999, -9999, -9999, 43, -9999, -9999, -9999, 39, -9999, -9999, 4, -9999, -9999, -9999, -9999, 20, -9999, -9999, 69, -9999, -9999, -9999, 9, -9999, -9999, -9999, -9999, -9999, -9999, -9999, -9999],
[-9999, -9999, -9999, -9999, -9999, -9999, -9999, -9999, -9999, -9999, -9999, -9999, -9999, -9999, -9999, -9999, -9999, -9999, -9999, 18, -9999, -9999, -9999, 89, -9999, -9999, -9999, -9999, -9999, -9999, -9999, 52, 95, -9999, -9999, -9999, -9999, 39, -9999, -9999, 45, -9999, -9999, -9999, -9999, -9999, -9999, 32, -9999, -9999, -9999, -9999, -9999, -9999, -9999, -9999, -9999, -9999, -9999, -9999, -9999, 13, -9999, -9999, -9999, -9999, -9999, -9999, -9999, -9999, -9999, -9999, -9999, -9999, -9999, -9999, -9999, -9999, -9999, -9999, -9999, -9999, -9999, -9999, -9999, -9999, -9999, 66, -9999, -9999, -9999, 39, -9999, -9999, -9999, -9999, 70, -9999, -9999, -9999],
[-9999, -9999, -9999, -9999, -9999, -9999, -9999, -9999, -9999, -9999, -9999, -9999, -9999, -9999, -9999, -9999, -9999, -9999, -9999, -9999, -9999, -9999, -9999, -9999, -9999, -9999, -9999, -9999, -9999, -9999, -9999, -9999, -9999, -9999, -9999, -9999, -9999, -9999, -9999, -9999, -9999, -9999, -9999, -9999, -9999, -9999, -9999, -9999, -9999, -9999, -9999, -9999, -9999, -9999, -9999, -9999, -9999, -9999, -9999, -9999, -9999, -9999, -9999, -9999, -9999, -9999, -9999, -9999, -9999, -9999, -9999, -9999, -9999, -9999, -9999, -9999, -9999, -9999, -9999, -9999, -9999, -9999, -9999, -9999, -9999, -9999, -9999, 50, -9999, -9999, -9999, 11, -9999, -9999, -9999, -9999, -9999, -9999, -9999, -9999],
[-9999, -9999, -9999, -9999, -9999, -9999, -9999, -9999, -9999, -9999, -9999, -9999, -9999, -9999, -9999, -9999, -9999, -9999, -9999, -9999, -9999, -9999, -9999, -9999, -9999, -9999, -9999, -9999, -9999, -9999, -9999, -9999, -9999, -9999, -9999, -9999, -9999, -9999, -9999, -9999, 91, -9999, -9999, -9999, -9999, -9999, -9999, -9999, -9999, -9999, -9999, -9999, -9999, -9999, -9999, -9999, -9999, -9999, -9999, -9999, -9999, -9999, -9999, -9999, -9999, -9999, -9999, -9999, -9999, -9999, -9999, -9999, -9999, -9999, -9999, -9999, -9999, -9999, -9999, -9999, -9999, -9999, -9999, -9999, -9999, -9999, -9999, 11, -9999, -9999, -9999, 32, -9999, -9999, -9999, -9999, -9999, -9999, -9999, -9999],
[70, 70, -9999, -9999, 44, 46, 13, -9999, 59, 84, 80, -9999, -9999, -9999, -9999, -9999, 47, 19, -9999, -9999, -9999, 54, 75, -9999, 5, -9999, 41, 47, 69, 65, 31, -9999, -9999, 37, 88, -9999, -9999, 61, -9999, -9999, 16, 69, 51, -9999, -9999, -9999, -9999, -9999, -9999, -9999, -9999, -9999, 15, 93, 62, -9999, -9999, -9999, -9999, -9999, -9999, 56, 34, 55, -9999, -9999, -9999, 16, 73, -9999, -9999, -9999, -9999, -9999, -9999, -9999, 54, 54, -9999, -9999, 8, -9999, -9999, 84, 52, -9999, 26, 82, 42, 70, -9999, 10, 83, 68, -9999, -9999, 52, -9999, -9999, -9999],
[-9999, -9999, -9999, -9999, -9999, -9999, -9999, -9999, -9999, -9999, -9999, -9999, -9999, -9999, -9999, -9999, -9999, -9999, -9999, -9999, -9999, -9999, -9999, -9999, -9999, -9999, -9999, -9999, -9999, -9999, -9999, -9999, -9999, -9999, -9999, -9999, -9999, -9999, -9999, -9999, 3, -9999, -9999, -9999, -9999, -9999, -9999, -9999, -9999, -9999, -9999, -9999, -9999, -9999, -9999, -9999, -9999, -9999, -9999, -9999, -9999, -9999, -9999, -9999, -9999, -9999, -9999, -9999, -9999, -9999, -9999, -9999, -9999, -9999, -9999, -9999, -9999, -9999, -9999, -9999, -9999, -9999, -9999, -9999, -9999, -9999, -9999, 37, -9999, -9999, -9999, 49, -9999, -9999, -9999, -9999, -9999, -9999, -9999, -9999],
[-9999, -9999, -9999, -9999, 40, -9999, 75, -9999, -9999, 95, -9999, -9999, -9999, -9999, -9999, 8, -9999, -9999, 6, 65, -9999, 66, 81, 67, 9, -9999, 50, 65, 55, 26, 38, 40, 67, 30, 63, -9999, -9999, 95, 93, -9999, -9999, -9999, 26, -9999, -9999, -9999, -9999, 22, -9999, -9999, 50, 34, -9999, 76, 28, -9999, -9999, 2, -9999, -9999, -9999, -9999, -9999, -9999, -9999, -9999, 51, -9999, 48, 91, -9999, 78, 81, 57, -9999, 48, 74, 76, -9999, 10, -9999, -9999, 16, 46, 8, -9999, -9999, 73, 21, 30, -9999, 11, 73, 41, -9999, -9999, -9999, -9999, -9999, -9999],
[-9999, -9999, -9999, -9999, -9999, -9999, -9999, -9999, -9999, -9999, 87, 50, 65, -9999, -9999, -9999, -9999, -9999, 43, -9999, -9999, 19, 10, -9999, -9999, -9999, -9999, -9999, -9999, -9999, -9999, -9999, -9999, 98, -9999, -9999, -9999, -9999, -9999, -9999, 19, -9999, -9999, -9999, -9999, -9999, -9999, -9999, -9999, -9999, -9999, -9999, -9999, -9999, 18, -9999, -9999, 72, -9999, -9999, -9999, -9999, 17, -9999, -9999, -9999, -9999, 9, 87, -9999, -9999, -9999, -9999, -9999, -9999, -9999, 43, -9999, -9999, 87, -9999, -9999, -9999, -9999, 52, -9999, -9999, 13, -9999, -9999, -9999, -9999, -9999, -9999, -9999, -9999, -9999, -9999, -9999, -9999],
[-9999, 71, -9999, -9999, 8, -9999, 63, -9999, 27, 21, 49, -9999, -9999, -9999, 6, 82, 22, 65, -9999, 67, -9999, 66, -9999, -9999, 68, 80, 72, 40, -9999, 4, 66, -9999, 40, 47, 42, -9999, -9999, 6, -9999, 69, 84, -9999, -9999, -9999, -9999, -9999, -9999, 36, -9999, -9999, -9999, -9999, -9999, 54, 46, -9999, -9999, 75, -9999, -9999, -9999, -9999, -9999, -9999, -9999, -9999, 55, 48, 2, -9999, -9999, -9999, 62, 78, -9999, -9999, 8, 23, -9999, -9999, -9999, -9999, 91, -9999, -9999, -9999, 4, -9999, 25, -9999, -9999, 44, 5, -9999, -9999, 47, -9999, -9999, 75, 98],
[-9999, -9999, -9999, -9999, -9999, -9999, -9999, -9999, -9999, -9999, -9999, -9999, -9999, -9999, -9999, -9999, -9999, 54, 74, -9999, -9999, 79, 31, -9999, 60, -9999, 32, -9999, -9999, -9999, -9999, -9999, -9999, -9999, -9999, -9999, -9999, -9999, 4, -9999, 40, 16, -9999, -9999, -9999, -9999, -9999, -9999, -9999, -9999, -9999, -9999, -9999, -9999, 6, -9999, -9999, 9, -9999, 66, -9999, -9999, -9999, -9999, -9999, -9999, -9999, 86, 78, -9999, -9999, -9999, -9999, 42, -9999, -9999, 49, -9999, -9999, 61, -9999, -9999, -9999, -9999, -9999, -9999, -9999, 2, -9999, -9999, -9999, -9999, -9999, -9999, -9999, -9999, -9999, -9999, -9999, -9999],
[-9999, -9999, -9999, -9999, -9999, 16, -9999, -9999, -9999, -9999, -9999, -9999, -9999, -9999, -9999, -9999, -9999, -9999, -9999, 29, -9999, -9999, -9999, 19, -9999, -9999, -9999, -9999, -9999, -9999, -9999, -9999, 16, -9999, -9999, -9999, -9999, -9999, -9999, -9999, -9999, -9999, -9999, -9999, -9999, -9999, -9999, 73, -9999, -9999, 13, -9999, -9999, -9999, -9999, -9999, -9999, -9999, -9999, -9999, -9999, -9999, -9999, -9999, -9999, -9999, -9999, -9999, -9999, 21, -9999, -9999, -9999, -9999, -9999, -9999, -9999, -9999, -9999, -9999, -9999, -9999, -9999, -9999, -9999, -9999, -9999, 86, 57, -9999, -9999, 76, -9999, -9999, -9999, -9999, 11, -9999, 49, -9999],
[-9999, 89, -9999, 40, 27, -9999, 56, -9999, 44, 14, 70, -9999, 99, -9999, -9999, 63, 2, -9999, -9999, 100, -9999, -9999, -9999, 59, -9999, -9999, 98, -9999, 76, 17, -9999, -9999, 98, 92, 50, -9999, -9999, -9999, -9999, -9999, 43, 2, -9999, -9999, -9999, 75, -9999, 23, -9999, 34, 52, -9999, -9999, 38, 44, -9999, -9999, 60, -9999, -9999, -9999, -9999, 9, 77, -9999, -9999, 30, 55, 19, -9999, 15, 86, 71, -9999, -9999, -9999, 88, 19, -9999, 64, 84, -9999, -9999, 37, -9999, -9999, 65, -9999, -9999, 2, -9999, 67, 99, 37, -9999, -9999, -9999, -9999, 75, 58],
[-9999, -9999, -9999, -9999, 55, -9999, 41, 100, 47, 66, 68, 41, 2, -9999, -9999, 83, 46, 65, -9999, 80, -9999, -9999, -9999, 74, 1, -9999, 3, 79, 54, 68, 32, -9999, 88, -9999, -9999, -9999, -9999, 50, -9999, -9999, -9999, -9999, 19, -9999, -9999, -9999, -9999, 79, -9999, 69, 16, -9999, 91, 21, -9999, -9999, -9999, 1, -9999, -9999, -9999, -9999, -9999, 55, -9999, -9999, 81, 18, 88, -9999, -9999, -9999, 92, 94, -9999, -9999, 46, 46, -9999, 100, -9999, -9999, 63, 30, 84, -9999, 65, 84, 12, -9999, -9999, -9999, 28, 2, -9999, -9999, 26, -9999, 54, 67],
[-9999, 100, -9999, -9999, -9999, -9999, -9999, -9999, -9999, -9999, 52, -9999, 18, -9999, -9999, -9999, -9999, 55, -9999, -9999, -9999, 80, -9999, -9999, 86, -9999, 95, -9999, -9999, -9999, -9999, -9999, -9999, 48, -9999, -9999, -9999, -9999, 11, -9999, 46, 24, -9999, -9999, -9999, -9999, -9999, -9999, -9999, -9999, -9999, -9999, -9999, -9999, 42, -9999, -9999, 88, -9999, -9999, -9999, -9999, -9999, -9999, -9999, -9999, -9999, 86, 17, -9999, -9999, -9999, 1, -9999, -9999, -9999, 66, -9999, -9999, 34, -9999, -9999, -9999, -9999, -9999, -9999, -9999, -9999, -9999, -9999, -9999, 10, -9999, -9999, -9999, -9999, -9999, -9999, -9999, -9999],
[-9999, 45, -9999, -9999, -9999, -9999, -9999, -9999, -9999, -9999, 75, -9999, -9999, -9999, -9999, -9999, -9999, -9999, 72, -9999, -9999, 41, -9999, -9999, -9999, 83, 6, -9999, -9999, -9999, -9999, -9999, -9999, 75, -9999, -9999, -9999, -9999, 56, -9999, -9999, 15, -9999, -9999, 84, -9999, -9999, -9999, -9999, -9999, -9999, 66, -9999, -9999, 59, -9999, -9999, 87, 34, -9999, -9999, -9999, -9999, -9999, -9999, -9999, -9999, -9999, 18, -9999, -9999, -9999, 71, -9999, -9999, -9999, 100, -9999, 82, -9999, -9999, -9999, -9999, -9999, 50, -9999, -9999, 49, -9999, -9999, -9999, -9999, -9999, -9999, 92, -9999, -9999, -9999, -9999, -9999],
[-9999, -9999, -9999, -9999, 74, 34, 96, 65, -9999, 71, -9999, 14, 63, -9999, -9999, 33, 40, -9999, -9999, 53, -9999, 43, 54, 91, -9999, -9999, 96, -9999, 87, 74, 62, 9, 23, 24, 79, -9999, -9999, 93, -9999, 63, -9999, 30, 36, -9999, -9999, -9999, -9999, 11, -9999, -9999, 23, -9999, 82, 33, -9999, -9999, -9999, 82, -9999, -9999, -9999, -9999, 54, 9, -9999, -9999, -9999, -9999, 83, -9999, -9999, 6, 76, 25, -9999, -9999, 60, 78, -9999, -9999, -9999, -9999, 59, -9999, -9999, -9999, 93, -9999, 16, 93, -9999, 2, 61, -9999, -9999, 83, -9999, -9999, -9999, 86],
[-9999, 23, 17, -9999, -9999, -9999, -9999, -9999, -9999, -9999, -9999, -9999, 63, -9999, -9999, -9999, -9999, 100, 92, -9999, -9999, 90, 57, -9999, 61, 96, -9999, -9999, -9999, -9999, -9999, -9999, -9999, 41, -9999, -9999, -9999, -9999, -9999, -9999, 67, -9999, -9999, -9999, -9999, -9999, -9999, -9999, -9999, -9999, -9999, -9999, -9999, -9999, 81, -9999, -9999, 94, -9999, -9999, -9999, -9999, -9999, -9999, -9999, -9999, -9999, 70, 30, -9999, -9999, -9999, 21, -9999, -9999, -9999, 66, -9999, 21, 2, -9999, -9999, -9999, -9999, -9999, -9999, -9999, 40, -9999, -9999, -9999, 73, -9999, -9999, -9999, -9999, -9999, -9999, -9999, -9999],
[-9999, -9999, -9999, -9999, -9999, -9999, -9999, -9999, -9999, -9999, -9999, -9999, 66, -9999, -9999, -9999, -9999, 4, 74, -9999, -9999, 95, 30, -9999, 18, 32, 51, -9999, -9999, -9999, -9999, -9999, -9999, 32, -9999, -9999, -9999, -9999, -9999, -9999, 57, 55, -9999, -9999, -9999, -9999, -9999, -9999, -9999, -9999, -9999, -9999, -9999, -9999, -9999, -9999, -9999, 48, -9999, -9999, -9999, -9999, 75, -9999, -9999, -9999, -9999, 13, 63, -9999, -9999, -9999, 30, 13, -9999, -9999, 83, -9999, 72, 43, -9999, -9999, -9999, -9999, 20, -9999, -9999, -9999, -9999, -9999, -9999, -9999, -9999, -9999, 92, -9999, -9999, -9999, -9999, -9999],
[-9999, 79, -9999, -9999, -9999, -9999, -9999, -9999, -9999, -9999, 51, -9999, -9999, -9999, -9999, -9999, -9999, 18, 42, -9999, -9999, 49, 8, -9999, 94, -9999, 80, -9999, -9999, -9999, -9999, -9999, -9999, 3, -9999, -9999, -9999, -9999, -9999, -9999, 73, 60, -9999, -9999, 21, -9999, -9999, -9999, -9999, -9999, -9999, -9999, -9999, -9999, -9999, -9999, -9999, 5, -9999, 81, -9999, -9999, -9999, -9999, 19, -9999, -9999, -9999, 37, -9999, -9999, -9999, 12, 10, -9999, -9999, 41, -9999, 49, -9999, -9999, -9999, -9999, -9999, -9999, -9999, -9999, 37, -9999, -9999, -9999, 99, -9999, -9999, -9999, -9999, -9999, -9999, -9999, -9999],
[-9999, 69, -9999, -9999, 87, -9999, 55, 24, -9999, 45, -9999, -9999, 82, -9999, -9999, 90, 66, -9999, -9999, -9999, -9999, -9999, 12, 84, 12, 84, -9999, 76, -9999, -9999, -9999, 31, -9999, 31, 21, -9999, -9999, 58, -9999, -9999, 62, 53, 36, -9999, -9999, -9999, -9999, 100, 95, 49, -9999, -9999, 86, 58, -9999, -9999, -9999, 52, 11, 40, -9999, -9999, 18, 100, -9999, -9999, 62, 58, 90, 1, -9999, 84, -9999, -9999, -9999, -9999, 81, 73, -9999, 6, 28, -9999, -9999, -9999, -9999, -9999, 67, -9999, -9999, -9999, -9999, 92, 65, -9999, -9999, 69, 35, -9999, -9999, -9999],
[54, 56, -9999, -9999, 96, 98, 11, -9999, 4, 60, -9999, -9999, 37, -9999, -9999, -9999, -9999, 46, -9999, 37, -9999, 48, 95, 7, 8, 41, -9999, 33, -9999, 67, -9999, 15, -9999, 20, 28, -9999, -9999, -9999, -9999, -9999, 88, 50, 52, -9999, -9999, -9999, -9999, 57, -9999, 31, 88, -9999, 45, 45, -9999, -9999, -9999, 99, 2, -9999, -9999, 36, 73, 92, -9999, -9999, 92, 50, 74, 58, -9999, 88, 33, -9999, -9999, -9999, 7, 11, -9999, 65, 91, -9999, -9999, 43, -9999, -9999, -9999, 96, 59, -9999, -9999, 21, 23, -9999, -9999, -9999, 16, -9999, 19, 75],
[-9999, 4, -9999, -9999, -9999, -9999, -9999, -9999, -9999, -9999, 2, -9999, 15, -9999, -9999, -9999, -9999, 71, 46, -9999, -9999, -9999, -9999, -9999, 61, -9999, -9999, -9999, -9999, -9999, -9999, -9999, -9999, 71, -9999, -9999, -9999, -9999, 31, -9999, -9999, 12, -9999, -9999, 98, -9999, -9999, -9999, -9999, -9999, -9999, -9999, -9999, -9999, -9999, -9999, -9999, 23, -9999, -9999, -9999, -9999, -9999, -9999, 82, -9999, -9999, 33, 1, -9999, -9999, -9999, 42, 100, -9999, -9999, 51, -9999, 32, -9999, -9999, -9999, -9999, -9999, -9999, -9999, -9999, 37, -9999, -9999, -9999, 63, -9999, -9999, -9999, -9999, -9999, -9999, -9999, -9999],
[-9999, 52, -9999, -9999, 90, 34, 79, -9999, 49, 99, 8, -9999, 81, -9999, 73, 77, 53, 17, -9999, 73, -9999, -9999, -9999, 52, 57, -9999, 47, 40, 95, 53, 37, -9999, -9999, 85, 46, -9999, -9999, -9999, -9999, -9999, -9999, 90, 37, -9999, -9999, -9999, -9999, 28, -9999, -9999, -9999, -9999, 20, 23, 71, -9999, -9999, 76, -9999, -9999, -9999, -9999, -9999, 26, -9999, -9999, 99, 42, 46, -9999, -9999, 68, 51, -9999, -9999, -9999, 57, 77, -9999, 14, 63, -9999, 85, -9999, -9999, -9999, -9999, -9999, -9999, -9999, -9999, 70, 30, 95, -9999, -9999, 60, -9999, 84, -9999],
[-9999, 67, 49, -9999, -9999, -9999, -9999, -9999, -9999, -9999, 62, -9999, 23, -9999, -9999, -9999, -9999, 72, 86, -9999, -9999, -9999, -9999, -9999, -9999, -9999, -9999, -9999, -9999, -9999, -9999, -9999, -9999, -9999, -9999, -9999, -9999, -9999, -9999, -9999, 46, 22, -9999, -9999, -9999, -9999, -9999, -9999, -9999, -9999, -9999, -9999, -9999, -9999, 64, -9999, -9999, 84, -9999, -9999, -9999, -9999, 1, -9999, -9999, 68, -9999, 6, 44, -9999, -9999, -9999, 30, -9999, -9999, -9999, 5, -9999, 95, 49, -9999, -9999, -9999, -9999, -9999, -9999, -9999, 86, -9999, -9999, -9999, -9999, -9999, -9999, 29, -9999, -9999, -9999, -9999, -9999],
[-9999, -9999, -9999, -9999, -9999, -9999, -9999, -9999, -9999, -9999, -9999, -9999, -9999, -9999, -9999, -9999, -9999, -9999, -9999, -9999, -9999, -9999, -9999, -9999, -9999, -9999, -9999, -9999, -9999, -9999, -9999, -9999, -9999, -9999, -9999, -9999, -9999, -9999, -9999, -9999, 55, -9999, -9999, -9999, -9999, -9999, -9999, -9999, -9999, -9999, -9999, -9999, -9999, -9999, -9999, -9999, -9999, -9999, -9999, -9999, -9999, -9999, -9999, -9999, -9999, -9999, -9999, -9999, -9999, -9999, -9999, -9999, -9999, -9999, -9999, -9999, -9999, -9999, -9999, -9999, -9999, -9999, -9999, -9999, -9999, -9999, -9999, -9999, -9999, -9999, -9999, 12, -9999, -9999, -9999, -9999, -9999, -9999, -9999, -9999],
[25, -9999, -9999, -9999, 75, -9999, 85, 66, -9999, 32, -9999, -9999, 14, -9999, -9999, -9999, 97, 66, 17, 5, -9999, 78, -9999, 19, -9999, -9999, 85, -9999, -9999, 81, 68, -9999, 78, 96, 36, -9999, -9999, 27, -9999, -9999, 10, 60, 24, -9999, -9999, -9999, -9999, -9999, -9999, 59, 13, -9999, 32, 3, -9999, -9999, -9999, 41, 26, -9999, -9999, 44, -9999, 21, -9999, -9999, -9999, 98, 12, 99, -9999, 38, 34, -9999, -9999, -9999, 74, 98, -9999, 57, 90, -9999, -9999, -9999, 83, -9999, 59, 58, -9999, 47, -9999, 68, 90, -9999, -9999, 78, 26, -9999, 35, -9999],
[63, 66, -9999, -9999, 17, 81, 45, 51, 17, 18, -9999, -9999, 48, -9999, -9999, 85, 32, 62, -9999, 78, -9999, 70, -9999, -9999, -9999, 3, 21, 46, -9999, 86, -9999, 44, -9999, 77, 58, -9999, -9999, 63, -9999, 40, -9999, -9999, -9999, -9999, -9999, -9999, -9999, 50, 57, -9999, 32, -9999, 17, 73, -9999, -9999, -9999, 100, -9999, -9999, -9999, -9999, 10, 27, -9999, -9999, 4, -9999, 52, 8, -9999, 65, 98, 100, 76, -9999, 37, 7, -9999, 2, 41, -9999, -9999, 5, 62, -9999, 65, -9999, 62, 11, -9999, 97, 90, 13, -9999, -9999, 71, -9999, 58, -9999],
[64, 86, -9999, 4, 51, -9999, 38, 88, 51, -9999, 94, -9999, 100, -9999, -9999, -9999, 77, 55, -9999, 73, -9999, 79, -9999, 6, 56, 8, 19, -9999, 23, 67, 62, 78, 28, 32, -9999, -9999, -9999, -9999, -9999, 78, 38, -9999, 85, -9999, -9999, -9999, -9999, 75, -9999, 23, -9999, -9999, -9999, 98, -9999, -9999, -9999, 100, -9999, -9999, -9999, 10, 71, 24, -9999, -9999, -9999, -9999, 93, -9999, -9999, 55, 7, 7, -9999, -9999, 69, 39, -9999, -9999, -9999, -9999, -9999, 31, 26, -9999, -9999, 57, -9999, -9999, -9999, 50, 11, -9999, -9999, 78, -9999, -9999, -9999, 65],
[-9999, -9999, -9999, -9999, -9999, 25, -9999, -9999, -9999, -9999, -9999, -9999, -9999, -9999, -9999, -9999, -9999, -9999, -9999, -9999, -9999, -9999, -9999, 32, -9999, -9999, -9999, -9999, -9999, -9999, -9999, 2, 59, -9999, -9999, -9999, -9999, 1, -9999, -9999, -9999, -9999, -9999, -9999, -9999, -9999, -9999, 11, -9999, -9999, -9999, -9999, -9999, -9999, -9999, -9999, -9999, -9999, -9999, -9999, -9999, -9999, -9999, -9999, -9999, -9999, -9999, -9999, -9999, 86, -9999, -9999, -9999, -9999, -9999, -9999, -9999, -9999, -9999, -9999, -9999, -9999, -9999, -9999, -9999, -9999, -9999, -9999, 49, -9999, -9999, -9999, -9999, -9999, -9999, -9999, -9999, -9999, 2, -9999],
[-9999, 12, -9999, -9999, -9999, -9999, -9999, -9999, -9999, -9999, -9999, 98, 64, -9999, -9999, -9999, -9999, 99, 59, -9999, -9999, -9999, 32, -9999, 9, -9999, 52, -9999, -9999, -9999, -9999, -9999, -9999, -9999, -9999, -9999, -9999, -9999, -9999, -9999, 49, -9999, -9999, -9999, -9999, -9999, -9999, -9999, -9999, -9999, -9999, -9999, -9999, -9999, -9999, -9999, -9999, 96, -9999, -9999, -9999, -9999, 57, -9999, -9999, -9999, -9999, 19, 24, -9999, -9999, -9999, 15, 22, -9999, -9999, 40, -9999, -9999, 51, -9999, -9999, -9999, -9999, -9999, -9999, -9999, -9999, -9999, -9999, -9999, -9999, -9999, -9999, -9999, -9999, -9999, -9999, -9999, -9999],
[-9999, -9999, -9999, -9999, -9999, -9999, -9999, -9999, -9999, -9999, -9999, -9999, -9999, -9999, -9999, -9999, -9999, -9999, -9999, 24, -9999, -9999, -9999, -9999, -9999, -9999, -9999, -9999, -9999, -9999, -9999, 36, 79, -9999, -9999, -9999, -9999, 49, -9999, -9999, -9999, -9999, -9999, -9999, -9999, -9999, -9999, -9999, -9999, -9999, -9999, -9999, -9999, -9999, -9999, -9999, -9999, -9999, -9999, -9999, -9999, 59, -9999, -9999, -9999, -9999, -9999, -9999, -9999, -9999, -9999, -9999, -9999, -9999, -9999, -9999, -9999, -9999, -9999, -9999, -9999, -9999, -9999, -9999, -9999, -9999, -9999, 72, 38, -9999, -9999, -9999, -9999, -9999, -9999, -9999, -9999, -9999, 28, -9999],
[-9999, -9999, -9999, 14, -9999, -9999, -9999, -9999, -9999, -9999, -9999, -9999, -9999, -9999, -9999, -9999, -9999, 28, 56, -9999, -9999, -9999, -9999, -9999, 95, 66, -9999, -9999, -9999, -9999, -9999, -9999, -9999, -9999, -9999, -9999, -9999, -9999, -9999, -9999, -9999, -9999, -9999, -9999, 67, -9999, -9999, -9999, -9999, -9999, -9999, -9999, -9999, -9999, -9999, -9999, -9999, 48, -9999, -9999, -9999, -9999, 15, -9999, -9999, -9999, -9999, 3, 68, -9999, -9999, -9999, -9999, -9999, -9999, -9999, 43, -9999, 70, -9999, -9999, -9999, -9999, -9999, -9999, -9999, -9999, 79, -9999, -9999, -9999, 38, -9999, -9999, -9999, -9999, -9999, -9999, -9999, -9999],
[4, 99, -9999, -9999, 45, 32, 76, 73, 80, 55, -9999, -9999, 44, -9999, -9999, 77, 63, 91, -9999, 36, 12, 86, -9999, 20, -9999, -9999, 39, 9, 72, 2, 44, -9999, -9999, -9999, 94, 59, 39, 48, -9999, 97, 5, -9999, -9999, -9999, 15, -9999, -9999, 92, -9999, 95, -9999, 64, 65, 3, 68, -9999, -9999, 44, -9999, -9999, 89, 100, 53, -9999, 68, -9999, -9999, 88, 22, 92, -9999, 67, -9999, -9999, -9999, -9999, 47, 28, -9999, -9999, -9999, 79, 6, -9999, 17, -9999, -9999, -9999, -9999, 89, 57, 93, 29, 82, -9999, 48, 80, -9999, 68, -9999],
[-9999, -9999, -9999, -9999, -9999, 44, -9999, -9999, -9999, -9999, -9999, -9999, -9999, -9999, -9999, -9999, -9999, -9999, -9999, -9999, -9999, -9999, -9999, 22, -9999, -9999, -9999, -9999, -9999, -9999, -9999, -9999, -9999, -9999, -9999, -9999, -9999, -9999, -9999, -9999, -9999, -9999, -9999, -9999, -9999, -9999, -9999, -9999, -9999, -9999, -9999, -9999, -9999, -9999, -9999, -9999, -9999, -9999, -9999, -9999, -9999, -9999, -9999, -9999, -9999, -9999, -9999, -9999, -9999, 28, -9999, -9999, -9999, -9999, -9999, -9999, -9999, -9999, -9999, -9999, -9999, -9999, -9999, -9999, -9999, -9999, -9999, 51, 35, -9999, -9999, -9999, -9999, -9999, -9999, -9999, -9999, -9999, 100, -9999],
[49, 68, -9999, -9999, 13, -9999, 72, 65, 27, 8, 53, -9999, 52, -9999, -9999, -9999, 96, -9999, -9999, 91, -9999, 44, 62, -9999, 92, -9999, 40, 45, 55, 18, 45, -9999, 39, 82, 55, -9999, -9999, -9999, -9999, -9999, 42, 97, 62, -9999, -9999, -9999, -9999, 10, -9999, -9999, 16, -9999, 75, 88, -9999, 11, -9999, 38, -9999, -9999, -9999, 46, 68, -9999, -9999, -9999, -9999, 82, -9999, -9999, -9999, 24, -9999, -9999, -9999, -9999, 90, 70, -9999, 41, 18, -9999, 38, -9999, 62, -9999, -9999, -9999, 51, 20, -9999, 68, 42, -9999, -9999, 57, -9999, -9999, -9999, 70],
[-9999, -9999, 74, -9999, -9999, -9999, -9999, -9999, -9999, -9999, -9999, -9999, 57, -9999, -9999, -9999, -9999, -9999, -9999, -9999, -9999, 74, 93, -9999, 59, 97, -9999, -9999, -9999, -9999, -9999, -9999, -9999, 30, -9999, -9999, -9999, -9999, -9999, -9999, -9999, 41, -9999, -9999, 27, -9999, -9999, -9999, -9999, -9999, -9999, -9999, -9999, -9999, 81, -9999, 22, 77, -9999, -9999, -9999, -9999, -9999, -9999, -9999, -9999, -9999, -9999, 58, -9999, -9999, -9999, -9999, 10, -9999, -9999, 84, -9999, -9999, -9999, -9999, -9999, -9999, -9999, -9999, -9999, -9999, 58, -9999, -9999, -9999, 5, -9999, -9999, -9999, -9999, -9999, -9999, -9999, -9999],
[-9999, -9999, -9999, 4, -9999, -9999, -9999, -9999, -9999, -9999, 37, -9999, 88, -9999, -9999, -9999, -9999, 31, 31, -9999, -9999, 32, 15, -9999, -9999, -9999, 37, -9999, -9999, -9999, -9999, -9999, -9999, 90, -9999, -9999, -9999, -9999, 62, -9999, 40, 99, -9999, -9999, -9999, -9999, -9999, -9999, -9999, -9999, -9999, -9999, -9999, -9999, 34, -9999, -9999, 55, -9999, -9999, -9999, -9999, -9999, -9999, -9999, -9999, -9999, 85, 87, -9999, -9999, -9999, -9999, -9999, -9999, -9999, 93, -9999, -9999, 96, -9999, -9999, -9999, -9999, 96, -9999, -9999, 53, -9999, -9999, -9999, -9999, -9999, -9999, -9999, -9999, -9999, -9999, -9999, -9999],
[-9999, -9999, -9999, -9999, -9999, -9999, -9999, -9999, -9999, -9999, -9999, -9999, 99, -9999, -9999, -9999, -9999, -9999, 91, -9999, -9999, 78, -9999, -9999, 79, -9999, -9999, -9999, -9999, -9999, -9999, -9999, -9999, 25, -9999, -9999, -9999, -9999, -9999, -9999, 18, 78, -9999, -9999, -9999, -9999, -9999, -9999, -9999, -9999, -9999, -9999, -9999, -9999, 84, -9999, -9999, 32, -9999, -9999, -9999, -9999, 71, -9999, -9999, -9999, -9999, 91, 59, -9999, -9999, -9999, -9999, -9999, -9999, -9999, 12, -9999, -9999, 84, -9999, -9999, -9999, -9999, 49, -9999, -9999, 53, -9999, -9999, -9999, 84, -9999, -9999, -9999, -9999, -9999, -9999, -9999, -9999],
[6, -9999, -9999, -9999, 51, -9999, 69, -9999, -9999, 68, -9999, 45, -9999, -9999, -9999, 55, 89, -9999, 13, -9999, -9999, 51, -9999, 85, 97, 36, 40, 65, 63, 22, -9999, 23, 81, 86, 38, -9999, -9999, -9999, -9999, 99, 40, -9999, 26, -9999, -9999, -9999, -9999, 79, -9999, 62, -9999, -9999, -9999, 79, 42, -9999, -9999, 85, -9999, -9999, -9999, 2, 56, 5, -9999, -9999, -9999, -9999, 85, -9999, -9999, 73, -9999, 40, -9999, -9999, 82, 16, -9999, 100, -9999, -9999, 95, -9999, 90, 59, 35, -9999, -9999, -9999, -9999, -9999, 58, 23, -9999, -9999, -9999, -9999, 94, 21],
[33, 69, -9999, -9999, 22, -9999, 15, 42, -9999, 25, -9999, -9999, -9999, -9999, -9999, 98, 40, 74, -9999, 71, -9999, -9999, -9999, 91, 41, 82, -9999, -9999, 61, -9999, 77, -9999, 56, -9999, -9999, -9999, -9999, -9999, -9999, -9999, 94, 63, -9999, -9999, -9999, 52, -9999, -9999, -9999, -9999, 62, -9999, -9999, 63, 89, -9999, -9999, 98, -9999, -9999, -9999, -9999, -9999, 56, -9999, -9999, -9999, 20, 6, 7, -9999, 100, 34, 63, -9999, -9999, 2, 78, -9999, 45, -9999, -9999, -9999, 14, -9999, -9999, 65, 67, -9999, 38, -9999, -9999, 84, 49, -9999, 100, 84, -9999, -9999, 28],
[-9999, 30, -9999, -9999, -9999, -9999, -9999, -9999, -9999, -9999, -9999, -9999, 98, -9999, -9999, -9999, -9999, 79, -9999, -9999, -9999, -9999, 49, -9999, -9999, -9999, 64, -9999, -9999, -9999, -9999, -9999, -9999, 84, -9999, -9999, -9999, -9999, 35, -9999, 85, 28, -9999, -9999, -9999, -9999, -9999, -9999, -9999, -9999, -9999, -9999, -9999, -9999, 24, -9999, -9999, 72, -9999, -9999, -9999, -9999, 23, -9999, -9999, -9999, -9999, 25, 61, -9999, -9999, -9999, 85, -9999, -9999, -9999, 51, -9999, -9999, -9999, -9999, -9999, -9999, -9999, 52, -9999, -9999, 59, -9999, -9999, -9999, 98, -9999, -9999, -9999, -9999, -9999, -9999, -9999, -9999],
[-9999, -9999, -9999, -9999, 73, -9999, 71, -9999, -9999, 53, -9999, -9999, 70, -9999, -9999, 14, 20, 86, 63, 82, -9999, 49, 8, 95, -9999, 16, -9999, 85, -9999, 92, -9999, 4, 67, -9999, 77, -9999, -9999, 43, 98, 18, 18, 82, 50, -9999, -9999, -9999, -9999, -9999, -9999, -9999, 62, -9999, 56, 97, 12, -9999, -9999, 7, -9999, -9999, -9999, 5, 35, 92, -9999, -9999, -9999, -9999, 29, 58, -9999, 8, 60, -9999, -9999, 82, 27, 96, -9999, 63, -9999, -9999, 70, 77, 24, -9999, 94, 34, 13, -9999, -9999, 47, 7, 14, -9999, -9999, -9999, -9999, -9999, 94],
[-9999, 92, -9999, -9999, -9999, -9999, -9999, -9999, -9999, -9999, 98, -9999, 63, -9999, -9999, -9999, -9999, -9999, -9999, -9999, -9999, -9999, 42, -9999, -9999, -9999, -9999, -9999, -9999, -9999, -9999, -9999, -9999, -9999, -9999, -9999, -9999, -9999, -9999, -9999, 24, -9999, -9999, -9999, -9999, -9999, -9999, -9999, -9999, -9999, -9999, -9999, -9999, -9999, -9999, -9999, -9999, 69, -9999, -9999, -9999, -9999, -9999, -9999, -9999, -9999, -9999, 94, 81, -9999, -9999, -9999, 28, 44, -9999, -9999, 79, -9999, -9999, -9999, -9999, -9999, -9999, -9999, 97, -9999, -9999, 18, -9999, -9999, -9999, 52, -9999, -9999, -9999, -9999, -9999, -9999, -9999, -9999],
[-9999, 22, -9999, -9999, -9999, -9999, -9999, -9999, -9999, -9999, 14, -9999, 2, -9999, -9999, -9999, -9999, -9999, 92, -9999, -9999, -9999, 82, -9999, -9999, 80, -9999, -9999, -9999, -9999, -9999, -9999, -9999, 55, -9999, -9999, -9999, -9999, -9999, -9999, -9999, 21, -9999, -9999, -9999, -9999, -9999, -9999, -9999, -9999, -9999, -9999, -9999, -9999, 40, -9999, -9999, 48, -9999, -9999, -9999, -9999, -9999, -9999, -9999, -9999, -9999, 43, 71, -9999, -9999, -9999, 76, 93, -9999, -9999, 9, -9999, -9999, 52, -9999, -9999, -9999, -9999, -9999, -9999, -9999, 42, -9999, -9999, -9999, 7, -9999, -9999, -9999, -9999, -9999, -9999, -9999, -9999],
[-9999, 34, -9999, -9999, 95, -9999, 60, 29, -9999, 23, -9999, -9999, 93, -9999, -9999, 75, 10, 23, 7, 88, -9999, 25, 28, 90, -9999, 42, -9999, -9999, 87, 27, 23, 26, 3, 33, -9999, -9999, -9999, 54, 2, 84, -9999, 8, 4, -9999, -9999, -9999, -9999, -9999, -9999, 15, -9999, -9999, 18, 61, -9999, -9999, -9999, 82, -9999, -9999, -9999, -9999, 96, 6, -9999, -9999, -9999, 14, 9, -9999, -9999, 28, 15, 13, -9999, -9999, 9, 91, -9999, -9999, -9999, -9999, 94, 77, 36, -9999, 18, 87, -9999, 29, -9999, 96, 48, 20, -9999, 83, 42, -9999, -9999, -9999],
[76, 15, -9999, -9999, 71, -9999, 72, -9999, 71, 67, 77, -9999, 67, -9999, -9999, -9999, 33, -9999, 22, -9999, -9999, -9999, -9999, 66, 1, -9999, 46, 30, 4, 56, -9999, 75, 50, 65, 33, -9999, -9999, -9999, -9999, 12, 98, -9999, -9999, -9999, -9999, -9999, -9999, -9999, -9999, 74, -9999, -9999, -9999, 25, 12, -9999, -9999, 13, -9999, -9999, -9999, -9999, 60, 74, -9999, -9999, 5, -9999, 86, -9999, -9999, 21, -9999, 88, -9999, -9999, 34, 50, -9999, 38, 76, -9999, -9999, -9999, -9999, -9999, -9999, 8, 62, 96, -9999, 89, 86, 48, -9999, 58, 2, -9999, -9999, -9999],
[10, -9999, -9999, -9999, 73, -9999, 8, -9999, 35, 18, 14, -9999, -9999, -9999, -9999, 5, 65, 26, 51, 33, -9999, -9999, -9999, -9999, 57, 20, 60, 72, -9999, 4, -9999, -9999, -9999, 63, 83, -9999, -9999, 2, -9999, -9999, -9999, 12, -9999, -9999, -9999, -9999, -9999, -9999, -9999, 44, 56, -9999, 29, 86, -9999, -9999, -9999, 11, -9999, -9999, -9999, -9999, -9999, -9999, -9999, -9999, 37, 71, 76, -9999, -9999, 95, -9999, 45, -9999, -9999, 62, 23, -9999, 63, -9999, -9999, -9999, -9999, 70, -9999, 12, 64, -9999, 83, -9999, 88, 48, -9999, -9999, 77, 22, -9999, 74, -9999],
[-9999, 94, -9999, -9999, -9999, -9999, -9999, -9999, -9999, -9999, -9999, 30, 30, -9999, -9999, -9999, -9999, 9, -9999, -9999, -9999, -9999, 70, -9999, 20, 22, -9999, -9999, -9999, -9999, -9999, -9999, -9999, 54, -9999, -9999, -9999, -9999, -9999, -9999, 23, -9999, -9999, -9999, -9999, -9999, -9999, -9999, -9999, -9999, -9999, -9999, -9999, -9999, 59, -9999, -9999, -9999, -9999, -9999, -9999, -9999, -9999, -9999, -9999, -9999, -9999, 66, 22, -9999, -9999, -9999, 90, 96, -9999, -9999, 39, -9999, -9999, -9999, -9999, -9999, -9999, -9999, 9, -9999, -9999, 89, -9999, -9999, -9999, 21, -9999, -9999, -9999, -9999, -9999, -9999, -9999, -9999],
[-9999, -9999, -9999, -9999, -9999, -9999, -9999, -9999, -9999, -9999, 98, 57, -9999, -9999, -9999, -9999, -9999, -9999, -9999, -9999, -9999, -9999, -9999, -9999, -9999, -9999, -9999, -9999, -9999, -9999, -9999, -9999, -9999, 41, -9999, -9999, -9999, -9999, -9999, -9999, 2, -9999, -9999, -9999, -9999, -9999, -9999, -9999, -9999, -9999, -9999, -9999, -9999, -9999, -9999, -9999, -9999, 83, -9999, -9999, -9999, -9999, 99, -9999, -9999, -9999, -9999, -9999, 32, -9999, -9999, -9999, 91, 58, -9999, -9999, 87, -9999, -9999, 5, -9999, -9999, -9999, -9999, -9999, -9999, -9999, 31, -9999, -9999, -9999, 69, -9999, -9999, -9999, -9999, -9999, -9999, -9999, -9999],
[45, -9999, -9999, -9999, 30, 50, 66, 92, 68, 8, 71, -9999, 33, -9999, -9999, -9999, 47, 25, -9999, 43, -9999, -9999, -9999, 46, 70, 45, -9999, 4, -9999, 31, 84, 65, 65, 91, -9999, -9999, -9999, -9999, -9999, 63, -9999, 74, 30, -9999, -9999, -9999, 31, -9999, -9999, -9999, -9999, -9999, -9999, 15, -9999, -9999, -9999, 24, -9999, -9999, -9999, 36, -9999, -9999, -9999, -9999, -9999, -9999, 3, 36, -9999, -9999, 3, 63, -9999, -9999, 34, 7, -9999, 75, 44, -9999, 72, 52, 22, -9999, 47, 52, -9999, -9999, -9999, 40, 1, -9999, -9999, -9999, -9999, -9999, -9999, -9999],
[22, 79, -9999, -9999, 62, 82, 14, -9999, 82, 1, -9999, -9999, 12, -9999, 91, -9999, 47, 5, 32, 26, -9999, -9999, 39, 20, 71, 78, 60, 35, -9999, 37, 13, -9999, -9999, 24, 49, -9999, -9999, -9999, -9999, 96, -9999, 25, 81, -9999, -9999, -9999, -9999, 91, -9999, 47, 39, -9999, -9999, 7, -9999, -9999, -9999, 1, -9999, -9999, -9999, -9999, 12, 74, -9999, -9999, 42, -9999, 70, 1, 1, 58, 62, 62, -9999, -9999, 93, 97, -9999, 24, -9999, -9999, -9999, -9999, -9999, -9999, 86, -9999, 80, 66, -9999, 6, 57, 61, -9999, -9999, 40, -9999, 25, -9999],
[-9999, -9999, 35, -9999, -9999, -9999, -9999, -9999, -9999, -9999, 81, -9999, 15, -9999, -9999, -9999, -9999, -9999, -9999, -9999, -9999, 39, 45, -9999, 3, -9999, 32, -9999, -9999, -9999, -9999, -9999, -9999, -9999, -9999, -9999, -9999, -9999, -9999, -9999, 6, -9999, -9999, -9999, 44, -9999, -9999, -9999, -9999, -9999, -9999, -9999, -9999, -9999, 91, -9999, -9999, 56, -9999, -9999, -9999, -9999, 44, -9999, -9999, -9999, -9999, -9999, 91, -9999, -9999, -9999, -9999, 37, -9999, -9999, 61, -9999, -9999, 2, -9999, -9999, -9999, -9999, -9999, -9999, -9999, -9999, -9999, -9999, -9999, 72, -9999, -9999, -9999, -9999, -9999, -9999, -9999, -9999],
[-9999, 29, -9999, -9999, -9999, -9999, -9999, -9999, -9999, -9999, -9999, -9999, 63, -9999, -9999, -9999, -9999, 60, 79, -9999, -9999, 54, 1, -9999, -9999, 54, 52, -9999, -9999, -9999, -9999, -9999, -9999, -9999, -9999, -9999, -9999, -9999, -9999, -9999, 58, 63, -9999, -9999, -9999, -9999, -9999, -9999, -9999, -9999, -9999, -9999, -9999, -9999, -9999, -9999, -9999, 34, -9999, -9999, -9999, -9999, -9999, -9999, -9999, -9999, -9999, 9, 22, -9999, -9999, -9999, -9999, 42, -9999, -9999, 59, -9999, -9999, 80, -9999, -9999, -9999, -9999, 88, -9999, -9999, -9999, -9999, -9999, -9999, 77, -9999, -9999, -9999, -9999, -9999, -9999, -9999, -9999],
[-9999, -9999, -9999, -9999, 28, 22, 99, -9999, 92, 21, 17, -9999, 27, -9999, 89, 3, 95, -9999, -9999, 23, -9999, -9999, 26, -9999, -9999, -9999, 12, 100, 47, 32, 39, 47, -9999, 21, 78, -9999, -9999, 35, -9999, 68, -9999, -9999, 22, -9999, -9999, -9999, -9999, 55, -9999, -9999, 35, -9999, 93, 14, -9999, -9999, -9999, 9, -9999, -9999, -9999, 26, -9999, -9999, -9999, -9999, -9999, 14, 11, -9999, -9999, -9999, -9999, -9999, -9999, -9999, 14, 94, -9999, 70, 67, -9999, 19, -9999, -9999, -9999, 27, -9999, 18, 18, -9999, -9999, 12, -9999, -9999, 95, 90, -9999, 93, -9999],
[19, -9999, -9999, -9999, 56, 19, 44, 13, 91, 48, -9999, -9999, -9999, -9999, -9999, 49, 38, 92, 7, 18, -9999, 69, 90, -9999, -9999, 6, 32, 61, 10, 81, 12, -9999, 60, 11, 32, -9999, -9999, 36, -9999, -9999, 33, 23, 75, -9999, -9999, -9999, -9999, 85, -9999, -9999, 51, -9999, 86, 4, 36, -9999, -9999, 36, -9999, -9999, -9999, 56, 2, 86, -9999, -9999, 48, 15, 55, 100, -9999, -9999, 63, -9999, -9999, -9999, 10, 49, -9999, -9999, 81, -9999, 68, -9999, -9999, -9999, 23, -9999, 73, -9999, -9999, 68, 34, 56, -9999, 22, -9999, -9999, -9999, 33],
[-9999, 57, -9999, -9999, -9999, -9999, -9999, -9999, -9999, -9999, 51, -9999, -9999, -9999, -9999, -9999, -9999, -9999, -9999, -9999, -9999, -9999, -9999, -9999, 34, -9999, 1, -9999, -9999, -9999, -9999, -9999, -9999, 40, -9999, -9999, -9999, -9999, -9999, -9999, -9999, 59, -9999, -9999, -9999, -9999, -9999, -9999, -9999, -9999, -9999, -9999, -9999, -9999, 32, -9999, -9999, 20, -9999, -9999, -9999, -9999, 5, -9999, -9999, -9999, -9999, -9999, 17, -9999, -9999, -9999, 49, -9999, -9999, -9999, 37, -9999, -9999, 10, -9999, -9999, -9999, -9999, 50, -9999, -9999, 25, -9999, -9999, -9999, -9999, -9999, -9999, -9999, -9999, -9999, -9999, -9999, -9999],
[-9999, 31, -9999, -9999, -9999, -9999, -9999, -9999, -9999, -9999, 48, -9999, -9999, -9999, -9999, -9999, -9999, -9999, 55, -9999, -9999, 83, 47, -9999, 82, -9999, 11, -9999, -9999, -9999, -9999, -9999, -9999, -9999, -9999, -9999, -9999, -9999, 3, -9999, 91, 4, -9999, -9999, -9999, -9999, -9999, -9999, -9999, -9999, -9999, -9999, -9999, -9999, -9999, -9999, -9999, 98, -9999, -9999, -9999, -9999, -9999, -9999, -9999, -9999, -9999, 78, 69, -9999, -9999, -9999, -9999, 82, -9999, -9999, 80, -9999, -9999, 84, -9999, -9999, -9999, -9999, -9999, -9999, -9999, -9999, -9999, -9999, -9999, 57, -9999, -9999, -9999, -9999, -9999, -9999, -9999, -9999],
[2, 85, 93, -9999, 60, -9999, 27, -9999, -9999, 13, 47, -9999, 71, -9999, -9999, 36, 90, 82, 3, -9999, 95, 91, -9999, 16, -9999, 83, 31, -9999, 67, 53, 29, -9999, 28, -9999, 19, 81, 88, 77, -9999, 67, 49, 70, 51, -9999, -9999, -9999, -9999, 11, -9999, 97, 41, -9999, -9999, 46, -9999, -9999, -9999, 75, -9999, -9999, -9999, 43, 44, 59, -9999, -9999, 57, -9999, 7, 55, 46, -9999, 65, -9999, -9999, -9999, 6, 84, -9999, 11, -9999, 5, 72, -9999, -9999, -9999, -9999, -9999, -9999, -9999, 14, -9999, 77, 85, -9999, 84, 32, -9999, 61, -9999],
[66, 74, -9999, -9999, 84, 95, 96, 21, 88, 12, 25, -9999, 43, -9999, -9999, -9999, 54, 55, 20, 84, -9999, -9999, 1, -9999, 60, 82, -9999, 14, 100, 41, 90, -9999, 11, -9999, 4, -9999, -9999, -9999, -9999, -9999, 72, 56, 2, -9999, -9999, -9999, 35, 43, -9999, 52, -9999, -9999, -9999, 1, 8, -9999, -9999, 18, -9999, 14, -9999, 78, 83, 63, -9999, -9999, -9999, 35, -9999, 83, -9999, 5, -9999, 68, -9999, -9999, 8, 27, -9999, 92, 84, -9999, 93, -9999, -9999, -9999, 41, 61, 51, -9999, -9999, 20, -9999, 54, -9999, -9999, -9999, -9999, -9999, 7],
[49, 19, -9999, -9999, 86, 47, 84, -9999, 9, 70, 1, -9999, 37, -9999, -9999, -9999, 64, 65, -9999, 22, -9999, -9999, 22, -9999, -9999, 57, -9999, -9999, 47, 92, -9999, 78, 8, 4, -9999, -9999, -9999, -9999, -9999, -9999, -9999, 14, 41, -9999, -9999, -9999, 31, 77, -9999, -9999, 34, -9999, 99, -9999, 91, -9999, -9999, 52, -9999, -9999, -9999, 100, 2, 17, -9999, -9999, 86, 9, 99, -9999, -9999, 51, -9999, -9999, -9999, -9999, 36, 38, -9999, 15, 85, -9999, -9999, -9999, -9999, -9999, -9999, -9999, -9999, 29, -9999, -9999, 20, 25, -9999, -9999, 47, -9999, 40, 76],
[-9999, 62, -9999, 70, 76, 47, 10, 97, -9999, 47, -9999, -9999, 45, -9999, -9999, -9999, 34, -9999, -9999, 17, -9999, -9999, 38, 89, -9999, 33, -9999, 72, 51, 57, -9999, -9999, 73, -9999, -9999, -9999, -9999, 90, -9999, 28, 34, 30, -9999, -9999, -9999, -9999, -9999, 87, -9999, 65, 5, -9999, 20, 94, -9999, 70, -9999, 90, -9999, -9999, -9999, -9999, 3, 13, -9999, -9999, 69, -9999, 74, -9999, -9999, 2, 43, 29, -9999, 43, 48, 46, -9999, 28, -9999, -9999, 11, 57, 75, -9999, -9999, -9999, 11, 23, -9999, 18, 20, -9999, -9999, 36, 12, -9999, 69, 37],
[-9999, -9999, -9999, -9999, -9999, -9999, -9999, -9999, -9999, -9999, -9999, -9999, -9999, -9999, -9999, -9999, -9999, -9999, -9999, -9999, -9999, -9999, -9999, 1, -9999, -9999, -9999, -9999, -9999, -9999, -9999, -9999, 87, -9999, -9999, -9999, -9999, 53, -9999, -9999, -9999, -9999, -9999, -9999, -9999, -9999, -9999, 60, -9999, -9999, -9999, -9999, -9999, -9999, -9999, -9999, -9999, -9999, -9999, -9999, -9999, -9999, -9999, -9999, -9999, -9999, -9999, -9999, -9999, 27, -9999, -9999, -9999, -9999, -9999, -9999, -9999, -9999, -9999, -9999, -9999, -9999, -9999, -9999, -9999, -9999, -9999, 39, 10, -9999, -9999, -9999, -9999, -9999, -9999, -9999, -9999, -9999, -9999, -9999],
[-9999, -9999, -9999, -9999, -9999, 71, -9999, -9999, -9999, -9999, -9999, -9999, -9999, -9999, -9999, -9999, -9999, -9999, -9999, 22, 24, -9999, -9999, -9999, -9999, -9999, -9999, -9999, -9999, -9999, -9999, 68, 15, -9999, -9999, -9999, -9999, 52, -9999, -9999, -9999, -9999, -9999, -9999, -9999, -9999, -9999, 74, -9999, -9999, -9999, -9999, -9999, -9999, -9999, -9999, -9999, -9999, -9999, -9999, -9999, 32, -9999, -9999, -9999, -9999, -9999, -9999, -9999, -9999, -9999, -9999, -9999, -9999, -9999, -9999, -9999, -9999, -9999, -9999, -9999, -9999, -9999, -9999, -9999, -9999, -9999, 2, 19, -9999, -9999, 73, -9999, -9999, -9999, -9999, -9999, -9999, 9, -9999],
[-9999, 92, -9999, -9999, -9999, -9999, -9999, -9999, -9999, -9999, 47, -9999, 19, -9999, -9999, -9999, -9999, 89, 81, -9999, -9999, -9999, 54, -9999, 47, -9999, 6, -9999, -9999, -9999, -9999, -9999, -9999, 2, -9999, -9999, -9999, -9999, -9999, -9999, 53, -9999, -9999, -9999, -9999, -9999, -9999, -9999, -9999, -9999, -9999, -9999, -9999, -9999, -9999, -9999, -9999, 74, -9999, -9999, -9999, -9999, 44, -9999, -9999, -9999, -9999, -9999, 79, -9999, -9999, -9999, 32, -9999, -9999, -9999, 18, -9999, -9999, -9999, -9999, -9999, -9999, -9999, -9999, -9999, -9999, -9999, -9999, -9999, -9999, -9999, -9999, -9999, -9999, -9999, -9999, -9999, -9999, -9999],
[80, 33, -9999, -9999, 86, -9999, -9999, 12, 93, 16, 5, -9999, 30, -9999, -9999, 42, 1, 92, -9999, 45, -9999, 55, 81, -9999, -9999, 36, 91, 18, -9999, 28, 84, 48, 35, 79, 86, -9999, -9999, 47, -9999, 3, 34, 63, -9999, -9999, -9999, -9999, -9999, -9999, 75, -9999, -9999, -9999, -9999, 6, -9999, -9999, -9999, -9999, -9999, -9999, -9999, -9999, 47, 60, -9999, 64, 79, 98, 55, 100, -9999, 1, -9999, 47, -9999, -9999, 53, -9999, -9999, -9999, -9999, -9999, 51, 20, -9999, -9999, 63, 33, -9999, -9999, -9999, 80, 31, -9999, -9999, -9999, 9, -9999, -9999, 75],
[-9999, 31, -9999, -9999, 54, -9999, 14, -9999, -9999, 38, 79, -9999, -9999, -9999, -9999, 51, 84, 76, 24, 18, -9999, -9999, 84, -9999, 91, 91, 31, -9999, 52, 87, 29, -9999, -9999, 95, -9999, -9999, -9999, 36, -9999, 84, 2, 68, -9999, -9999, -9999, -9999, -9999, -9999, -9999, -9999, 17, -9999, 47, 39, -9999, -9999, -9999, 64, -9999, -9999, -9999, 88, 31, 24, -9999, -9999, 33, -9999, 55, 77, -9999, -9999, 84, -9999, -9999, -9999, 18, 32, -9999, -9999, 27, -9999, -9999, 36, 93, -9999, 63, 33, 72, 32, -9999, -9999, 90, 36, -9999, -9999, 77, -9999, -9999, 4],
[41, 23, -9999, -9999, 37, -9999, 63, 1, -9999, 25, 55, 44, -9999, -9999, -9999, 89, 71, 40, 58, -9999, -9999, 85, 91, -9999, 84, -9999, -9999, -9999, 67, 62, -9999, -9999, -9999, -9999, -9999, -9999, -9999, -9999, -9999, 14, 18, 66, 14, -9999, -9999, -9999, 34, 22, -9999, 81, -9999, -9999, -9999, 87, 34, -9999, -9999, 10, -9999, -9999, -9999, 66, 45, 38, -9999, -9999, 60, 42, 42, -9999, -9999, -9999, -9999, 66, -9999, -9999, -9999, 97, -9999, -9999, -9999, -9999, -9999, -9999, -9999, -9999, 20, 15, 67, 24, -9999, -9999, 32, 23, -9999, -9999, -9999, -9999, 64, -9999],
[-9999, 4, -9999, -9999, -9999, -9999, -9999, -9999, -9999, -9999, 13, 85, 90, -9999, -9999, -9999, -9999, 4, -9999, -9999, -9999, 70, 90, -9999, 15, -9999, -9999, -9999, -9999, -9999, -9999, -9999, -9999, 50, -9999, -9999, -9999, -9999, -9999, -9999, 42, 64, -9999, -9999, -9999, -9999, -9999, -9999, -9999, -9999, -9999, -9999, -9999, -9999, -9999, -9999, -9999, 74, -9999, -9999, -9999, -9999, 96, -9999, -9999, -9999, -9999, 76, 83, -9999, -9999, -9999, -9999, 96, -9999, -9999, 42, -9999, -9999, -9999, -9999, -9999, -9999, -9999, 18, -9999, -9999, 57, -9999, -9999, -9999, 15, -9999, -9999, -9999, -9999, -9999, -9999, -9999, -9999],
[-9999, 3, -9999, -9999, 57, 86, 100, -9999, -9999, 21, 69, -9999, 5, -9999, -9999, -9999, 39, -9999, 84, 19, -9999, -9999, 92, -9999, 18, 67, 59, 40, -9999, 40, -9999, 65, -9999, -9999, 39, -9999, -9999, 48, -9999, -9999, 6, 10, 63, -9999, -9999, -9999, -9999, 97, -9999, 69, -9999, -9999, 27, 91, -9999, -9999, -9999, 78, -9999, -9999, -9999, 39, -9999, 16, -9999, -9999, -9999, 2, 52, 22, -9999, 48, 20, -9999, -9999, -9999, 97, 69, -9999, 23, 96, -9999, 37, -9999, -9999, -9999, 73, -9999, 68, 53, -9999, -9999, 2, 77, -9999, 56, 86, -9999, 27, 57],
[1, 25, 52, -9999, 45, 24, 23, -9999, -9999, 30, -9999, -9999, 26, 12, -9999, -9999, 12, -9999, 47, 98, 43, -9999, -9999, 34, 25, -9999, -9999, 63, 78, 99, 33, 83, -9999, -9999, -9999, 36, 74, 44, -9999, -9999, 33, -9999, 93, -9999, 15, -9999, -9999, -9999, 97, -9999, -9999, -9999, 55, 11, 47, -9999, -9999, 66, -9999, -9999, 7, -9999, 3, 94, -9999, -9999, 5, -9999, 2, 19, 96, 66, -9999, 48, -9999, 79, 89, 6, 26, -9999, -9999, 68, -9999, 78, 86, -9999, 10, 85, 8, -9999, 49, 82, 2, 33, -9999, 27, 53, -9999, -9999, 13],
[-9999, -9999, -9999, -9999, -9999, -9999, -9999, -9999, -9999, -9999, 39, -9999, -9999, -9999, -9999, -9999, -9999, 4, -9999, -9999, -9999, 24, 54, -9999, 94, -9999, -9999, -9999, -9999, -9999, -9999, -9999, -9999, -9999, -9999, -9999, -9999, -9999, -9999, -9999, -9999, -9999, -9999, -9999, -9999, -9999, -9999, -9999, -9999, -9999, -9999, -9999, -9999, -9999, 31, -9999, -9999, 11, -9999, -9999, -9999, -9999, 83, -9999, -9999, -9999, -9999, -9999, 7, -9999, -9999, -9999, 64, -9999, -9999, -9999, 16, -9999, -9999, 59, -9999, -9999, -9999, -9999, 16, -9999, -9999, -9999, -9999, -9999, -9999, -9999, -9999, -9999, -9999, -9999, -9999, -9999, -9999, -9999],
[-9999, 72, -9999, -9999, -9999, -9999, -9999, -9999, -9999, -9999, 86, -9999, -9999, -9999, -9999, -9999, -9999, -9999, -9999, -9999, -9999, -9999, 73, -9999, -9999, -9999, -9999, -9999, -9999, -9999, -9999, -9999, -9999, -9999, -9999, -9999, -9999, -9999, -9999, -9999, 87, 24, -9999, -9999, -9999, -9999, -9999, -9999, -9999, -9999, -9999, -9999, -9999, -9999, 21, -9999, -9999, 81, -9999, 90, -9999, -9999, 58, -9999, -9999, -9999, -9999, 40, 76, -9999, -9999, -9999, -9999, 74, -9999, -9999, 23, -9999, -9999, -9999, -9999, -9999, -9999, -9999, -9999, -9999, -9999, 4, -9999, -9999, -9999, 12, -9999, -9999, -9999, -9999, -9999, -9999, -9999, -9999],
[31, -9999, -9999, -9999, 67, -9999, 34, -9999, 82, 35, -9999, -9999, 66, -9999, -9999, 17, 61, -9999, 39, 55, -9999, 96, 69, 4, -9999, 47, 69, 12, 87, 53, -9999, -9999, 25, -9999, -9999, -9999, -9999, 35, 36, 67, 56, -9999, -9999, -9999, -9999, -9999, -9999, 35, -9999, -9999, 26, -9999, 21, 78, 65, -9999, -9999, 29, -9999, -9999, -9999, 49, 17, -9999, -9999, -9999, -9999, 9, 90, -9999, -9999, 31, -9999, -9999, -9999, -9999, 57, 30, -9999, -9999, -9999, -9999, -9999, 70, 62, 95, 33, -9999, -9999, -9999, -9999, -9999, 19, -9999, -9999, 72, -9999, -9999, 30, 45],
[-9999, -9999, -9999, -9999, -9999, 40, -9999, -9999, -9999, -9999, -9999, -9999, -9999, -9999, -9999, -9999, -9999, -9999, -9999, -9999, -9999, -9999, -9999, 67, -9999, -9999, -9999, -9999, -9999, -9999, -9999, -9999, 39, -9999, -9999, -9999, -9999, 44, -9999, -9999, 36, -9999, -9999, -9999, -9999, -9999, -9999, -9999, -9999, -9999, -9999, -9999, -9999, -9999, -9999, -9999, -9999, -9999, -9999, -9999, -9999, 65, -9999, -9999, -9999, -9999, -9999, -9999, -9999, -9999, -9999, -9999, -9999, -9999, -9999, -9999, -9999, -9999, -9999, -9999, -9999, -9999, -9999, -9999, -9999, -9999, -9999, -9999, -9999, -9999, -9999, 36, -9999, -9999, -9999, -9999, 16, -9999, 100, -9999],
[-9999, -9999, -9999, -9999, -9999, -9999, -9999, -9999, -9999, -9999, 15, -9999, 98, -9999, -9999, -9999, -9999, -9999, -9999, -9999, -9999, 37, 80, -9999, 93, 5, 9, -9999, -9999, -9999, -9999, -9999, -9999, 100, -9999, -9999, -9999, -9999, -9999, -9999, -9999, 89, -9999, -9999, -9999, -9999, -9999, -9999, -9999, -9999, -9999, -9999, -9999, -9999, 4, -9999, -9999, 77, -9999, -9999, -9999, -9999, 53, -9999, -9999, -9999, -9999, -9999, 63, -9999, -9999, -9999, -9999, -9999, -9999, -9999, 41, -9999, -9999, 39, -9999, -9999, -9999, -9999, -9999, -9999, -9999, 24, -9999, -9999, -9999, -9999, -9999, -9999, -9999, -9999, -9999, -9999, -9999, -9999],
[-9999, 25, -9999, 20, 88, 64, 23, 36, -9999, 22, 33, 67, -9999, -9999, -9999, -9999, 2, -9999, -9999, 18, -9999, -9999, 45, -9999, 40, 5, 20, -9999, 87, 43, -9999, -9999, -9999, 42, 79, -9999, -9999, 92, -9999, 99, 56, 70, -9999, -9999, -9999, -9999, 88, 93, -9999, -9999, 99, -9999, -9999, 52, 94, -9999, -9999, 87, -9999, -9999, -9999, 92, -9999, -9999, -9999, -9999, -9999, -9999, 93, 60, -9999, 41, -9999, -9999, -9999, -9999, 32, 9, -9999, 53, 22, -9999, -9999, -9999, -9999, -9999, 31, 66, 90, -9999, -9999, -9999, 56, 54, -9999, -9999, 26, -9999, 84, 7],
[-9999, 97, -9999, -9999, -9999, -9999, -9999, -9999, -9999, -9999, 62, 52, -9999, -9999, -9999, -9999, -9999, 46, -9999, -9999, -9999, 52, 14, -9999, 10, -9999, 13, -9999, -9999, -9999, -9999, -9999, -9999, 8, -9999, -9999, -9999, -9999, -9999, -9999, -9999, 58, -9999, -9999, -9999, -9999, -9999, -9999, -9999, -9999, -9999, -9999, -9999, -9999, -9999, -9999, -9999, 85, -9999, -9999, -9999, -9999, 53, -9999, -9999, -9999, -9999, -9999, 68, -9999, -9999, -9999, 61, 21, -9999, -9999, 95, -9999, -9999, 25, -9999, -9999, -9999, -9999, -9999, -9999, -9999, 21, -9999, -9999, -9999, 28, -9999, -9999, -9999, -9999, -9999, -9999, -9999, -9999],
[-9999, -9999, -9999, 83, 55, 81, 58, -9999, 82, 79, 59, -9999, 4, -9999, -9999, -9999, 38, -9999, -9999, 92, -9999, 78, 17, -9999, -9999, 1, -9999, -9999, -9999, 81, -9999, 86, -9999, -9999, -9999, -9999, -9999, -9999, -9999, 85, 64, -9999, 42, -9999, -9999, -9999, -9999, -9999, -9999, 90, -9999, -9999, -9999, 37, -9999, -9999, -9999, 34, -9999, -9999, -9999, 52, 76, 86, -9999, -9999, -9999, 64, 62, -9999, -9999, 73, 66, -9999, -9999, -9999, 35, 55, -9999, -9999, 39, -9999, 10, 38, -9999, -9999, 84, -9999, 5, 86, -9999, 20, 80, -9999, -9999, 36, 62, -9999, 35, 92],
[27, -9999, -9999, -9999, 3, 73, 45, 94, -9999, 44, 38, -9999, -9999, -9999, -9999, -9999, 12, 95, 46, -9999, -9999, -9999, 12, -9999, -9999, 20, -9999, -9999, -9999, 93, -9999, -9999, -9999, -9999, -9999, -9999, -9999, -9999, -9999, -9999, 48, 82, 15, -9999, -9999, -9999, -9999, -9999, -9999, 31, 79, -9999, 43, 28, 22, -9999, -9999, 32, -9999, -9999, -9999, 73, 32, 1, -9999, -9999, 36, 81, 73, 98, -9999, 61, 48, 15, 7, -9999, 9, 39, -9999, -9999, 7, -9999, 84, -9999, -9999, -9999, 30, 71, -9999, 18, -9999, -9999, 44, 50, -9999, -9999, 23, -9999, 24, -9999],
[-9999, 19, -9999, -9999, 43, 99, 63, -9999, -9999, 46, 70, -9999, -9999, -9999, 4, 4, 75, 21, -9999, -9999, -9999, 89, 42, -9999, 11, 31, -9999, 35, 9, 9, -9999, 44, -9999, 90, 43, -9999, -9999, 81, -9999, -9999, -9999, 48, 68, -9999, -9999, -9999, -9999, 70, -9999, -9999, -9999, -9999, 37, 50, 100, -9999, -9999, 31, -9999, -9999, -9999, 17, -9999, 39, -9999, -9999, 13, -9999, 98, 96, -9999, 82, -9999, 18, 23, 89, 28, 52, -9999, -9999, -9999, -9999, 46, 94, 19, -9999, -9999, 45, 72, -9999, -9999, -9999, -9999, -9999, -9999, -9999, -9999, -9999, -9999, -9999],
[-9999, 39, -9999, -9999, 24, -9999, 31, 40, 21, 39, -9999, 40, -9999, -9999, -9999, 14, 52, 100, 70, 40, -9999, -9999, 88, -9999, -9999, 20, -9999, 65, 99, 3, 34, -9999, 30, -9999, 32, -9999, -9999, 2, -9999, 2, -9999, 59, -9999, -9999, -9999, -9999, -9999, -9999, -9999, -9999, -9999, -9999, -9999, 23, 51, -9999, -9999, 16, -9999, -9999, -9999, 32, 60, 23, -9999, -9999, 40, 75, 30, 72, -9999, -9999, 30, 84, -9999, -9999, 73, 20, -9999, 85, -9999, -9999, 100, -9999, 29, -9999, -9999, -9999, 38, -9999, -9999, 85, 1, -9999, -9999, 2, 24, -9999, 96, -9999],
[-9999, -9999, -9999, -9999, -9999, -9999, -9999, -9999, -9999, -9999, -9999, -9999, -9999, -9999, -9999, -9999, -9999, -9999, -9999, -9999, -9999, -9999, -9999, -9999, -9999, -9999, -9999, -9999, -9999, -9999, -9999, -9999, -9999, -9999, -9999, -9999, -9999, -9999, -9999, -9999, 13, -9999, -9999, -9999, -9999, -9999, -9999, -9999, -9999, -9999, -9999, -9999, -9999, -9999, -9999, -9999, -9999, -9999, -9999, -9999, -9999, -9999, -9999, -9999, -9999, -9999, -9999, -9999, -9999, -9999, -9999, -9999, -9999, -9999, -9999, -9999, -9999, -9999, -9999, -9999, -9999, -9999, -9999, -9999, -9999, -9999, -9999, -9999, -9999, -9999, -9999, -9999, -9999, -9999, -9999, -9999, -9999, -9999, -9999, -9999],
[-9999, -9999, -9999, -9999, -9999, -9999, -9999, -9999, -9999, -9999, -9999, 25, 20, -9999, -9999, -9999, -9999, 65, -9999, -9999, -9999, 80, 42, -9999, 81, -9999, 89, -9999, -9999, -9999, -9999, -9999, -9999, -9999, -9999, -9999, -9999, -9999, 83, -9999, 30, 41, -9999, -9999, -9999, -9999, -9999, -9999, -9999, -9999, -9999, -9999, -9999, -9999, 92, -9999, -9999, 83, -9999, 58, -9999, -9999, 35, -9999, -9999, 58, -9999, 15, 28, -9999, -9999, -9999, 24, -9999, -9999, -9999, 7, -9999, -9999, 86, -9999, -9999, -9999, -9999, -9999, -9999, -9999, 31, -9999, -9999, -9999, 80, -9999, -9999, -9999, -9999, -9999, -9999, -9999, -9999],
[88, -9999, 16, 66, 66, -9999, 91, -9999, 20, 25, -9999, -9999, 66, 54, -9999, 25, 90, 12, 17, 39, 43, 73, 68, 100, 50, -9999, 67, 93, 64, 48, -9999, 81, 91, 7, 98, 19, -9999, 82, -9999, 85, 41, -9999, 74, -9999, 60, -9999, 94, -9999, -9999, 27, -9999, -9999, -9999, 32, 20, 25, -9999, 94, -9999, -9999, 17, 35, 53, -9999, 57, -9999, 31, 94, 80, 98, -9999, -9999, -9999, 5, -9999, -9999, 47, 64, 87, 55, -9999, -9999, 85, -9999, 72, 80, -9999, 82, -9999, 23, -9999, -9999, 51, -9999, 11, -9999, 80, -9999, 66, -9999],
[-9999, -9999, -9999, -9999, -9999, -9999, -9999, -9999, -9999, -9999, 40, -9999, 6, -9999, -9999, -9999, -9999, 68, -9999, -9999, -9999, 23, 16, -9999, 96, -9999, -9999, -9999, -9999, -9999, -9999, -9999, -9999, -9999, -9999, -9999, -9999, -9999, -9999, -9999, -9999, 79, -9999, -9999, -9999, -9999, -9999, -9999, -9999, -9999, -9999, 26, -9999, -9999, -9999, -9999, -9999, 31, -9999, -9999, -9999, -9999, -9999, -9999, -9999, -9999, -9999, -9999, 57, -9999, -9999, -9999, 91, -9999, -9999, -9999, 85, -9999, -9999, -9999, -9999, -9999, -9999, -9999, 95, -9999, -9999, 16, -9999, -9999, -9999, -9999, -9999, -9999, -9999, -9999, -9999, -9999, -9999, -9999],
[35, 82, -9999, -9999, 21, 76, 6, 22, -9999, 53, -9999, -9999, -9999, -9999, -9999, -9999, 50, 86, 2, 7, -9999, -9999, 82, 93, -9999, 40, -9999, 41, 33, 24, -9999, 69, 90, 69, 69, -9999, -9999, -9999, -9999, -9999, 69, -9999, -9999, -9999, -9999, -9999, -9999, 46, -9999, -9999, 36, -9999, 4, 89, 31, -9999, -9999, 78, -9999, -9999, -9999, -9999, 22, 13, -9999, -9999, -9999, 19, 51, 82, -9999, 14, 95, 1, -9999, -9999, 68, 93, -9999, 1, 58, -9999, -9999, -9999, 28, 78, 90, -9999, -9999, 40, -9999, 62, 16, 41, -9999, -9999, -9999, -9999, 23, -9999],
[-9999, -9999, -9999, -9999, -9999, -9999, -9999, -9999, -9999, -9999, -9999, -9999, -9999, -9999, -9999, -9999, -9999, -9999, -9999, -9999, -9999, -9999, -9999, 27, -9999, -9999, -9999, -9999, -9999, -9999, -9999, 59, 2, -9999, -9999, -9999, -9999, 87, -9999, -9999, -9999, -9999, -9999, -9999, -9999, -9999, -9999, 73, -9999, -9999, 19, -9999, -9999, -9999, -9999, -9999, -9999, -9999, -9999, -9999, -9999, 61, -9999, -9999, -9999, -9999, -9999, -9999, -9999, 72, -9999, -9999, -9999, -9999, -9999, -9999, -9999, -9999, -9999, -9999, -9999, -9999, -9999, -9999, -9999, -9999, -9999, -9999, -9999, -9999, -9999, 69, -9999, -9999, -9999, -9999, -9999, -9999, 19, -9999],
[-9999, 81, -9999, -9999, -9999, -9999, -9999, -9999, -9999, -9999, -9999, -9999, 36, -9999, -9999, -9999, -9999, 40, -9999, -9999, -9999, -9999, 100, -9999, -9999, 18, 95, -9999, -9999, -9999, -9999, -9999, -9999, -9999, -9999, -9999, -9999, -9999, -9999, -9999, 100, -9999, -9999, -9999, -9999, -9999, -9999, -9999, -9999, -9999, -9999, -9999, -9999, -9999, -9999, -9999, -9999, 25, -9999, -9999, -9999, -9999, -9999, -9999, -9999, -9999, -9999, 56, 6, -9999, -9999, -9999, 5, 15, -9999, -9999, 17, -9999, -9999, 53, -9999, -9999, -9999, -9999, 70, -9999, -9999, -9999, -9999, -9999, -9999, 98, -9999, -9999, -9999, -9999, -9999, -9999, -9999, -9999],
[-9999, -9999, -9999, -9999, 73, 28, 11, 43, -9999, 22, -9999, -9999, -9999, -9999, -9999, -9999, 9, 74, 27, 16, -9999, -9999, 99, -9999, -9999, 69, 100, 46, 13, 44, -9999, -9999, 4, -9999, 38, 72, 36, 83, -9999, 99, -9999, 17, 10, 49, -9999, -9999, -9999, 55, -9999, 56, 11, -9999, -9999, 32, 73, 3, -9999, 22, -9999, -9999, -9999, 43, 74, 66, -9999, -9999, 27, -9999, -9999, 10, -9999, 21, 88, -9999, -9999, -9999, 94, 32, 56, 14, 73, -9999, -9999, -9999, -9999, -9999, 65, 48, 39, 41, 38, 24, 19, -9999, -9999, 90, -9999, 90, -9999, 32],
[24, -9999, -9999, -9999, 72, 68, -9999, 21, -9999, 77, -9999, -9999, 81, -9999, -9999, 13, 56, 38, 41, -9999, -9999, 62, 93, 57, -9999, -9999, 65, 84, 15, 99, 27, 57, 6, 45, -9999, -9999, -9999, -9999, -9999, 63, 25, 84, -9999, -9999, -9999, -9999, -9999, 8, -9999, -9999, -9999, -9999, 1, 26, 2, -9999, -9999, 32, -9999, 81, -9999, 85, 54, 48, -9999, -9999, 86, -9999, 39, -9999, -9999, 81, 43, 68, -9999, -9999, 12, 4, -9999, 56, 17, -9999, 98, -9999, -9999, 54, -9999, -9999, -9999, 58, -9999, 39, 32, -9999, -9999, 43, 61, -9999, 69, -9999]
];
