NbNodes = 100;
NbNDDs = 0;
NbPairs = 100;
NbTerminals = 0;
K = 0;
L = 102;
Wt = [
[-9999, 88, -9999, -9999, -9999, -9999, -9999, 24, -9999, -9999, -9999, -9999, 21, 32, -9999, -9999, -9999, -9999, -9999, 22, 72, -9999, 58, -9999, -9999, 22, -9999, -9999, -9999, 84, -9999, 6, -9999, -9999, 43, -9999, -9999, 25, -9999, 73, 95, -9999, 1, 13, -9999, 49, 71, 66, -9999, -9999, 92, 41, -9999, -9999, -9999, 84, -9999, -9999, -9999, -9999, 25, 79, -9999, -9999, -9999, 88, 18, -9999, -9999, -9999, -9999, -9999, 83, -9999, -9999, 92, 96, -9999, 27, 62, 23, 80, 77, -9999, 11, 29, 97, 25, 64, 47, 10, -9999, 10, -9999, 85, -9999, -9999, 29, -9999, -9999],
[-9999, -9999, -9999, -9999, -9999, 81, -9999, -9999, -9999, -9999, -9999, -9999, -9999, -9999, -9999, 7, -9999, -9999, -9999, -9999, -9999, -9999, -9999, 49, -9999, 41, -9999, -9999, -9999, -9999, -9999, -9999, -9999, -9999, -9999, -9999, -9999, -9999, -9999, -9999, 33, -9999, -9999, -9999, -9999, -9999, -9999, -9999, -9999, -9999, -9999, 93, -9999, -9999, -9999, -9999, -9999, -9999, -9999, -9999, -9999, 70, -9999, -9999, -9999, -9999, -9999, -9999, -9999, 80, -9999, -9999, -9999, -9999, -9999, -9999, 30, -9999, -9999, -9999, -9999, -9999, -9999, -9999, -9999, 1, -9999, -9999, -9999, -9999, -9999, -9999, -9999, 33, -9999, -9999, 25, -9999, -9999, -9999],
[-9999, -9999, -9999, -9999, -9999, -9999, -9999, -9999, -9999, -9999, -9999, -9999, -9999, -9999, -9999, -9999, -9999, -9999, -9999, -9999, -9999, -9999, -9999, -9999, -9999, -9999, -9999, -9999, -9999, -9999, -9999, -9999, -9999, -9999, -9999, -9999, -9999, 73, -9999, -9999, -9999, -9999, -9999, -9999, -9999, -9999, -9999, -9999, -9999, -9999, -9999, -9999, -9999, -9999, -9999, -9999, -9999, -9999, -9999, -9999, -9999, -9999, -9999, -9999, -9999, -9999, -9999, -9999, -9999, -9999, -9999, -9999, -9999, -9999, -9999, -9999, -9999, -9999, -9999, -9999, 70, -9999, -9999, -9999, 23, -9999, -9999, -9999, -9999, -9999, -9999, -9999, -9999, -9999, -9999, -9999, -9999, -9999, -9999, -9999],
[-9999, -9999, -9999, -9999, -9999, -9999, -9999, -9999, -9999, -9999, -9999, -9999, -9999, -9999, -9999, -9999, -9999, -9999, -9999, -9999, -9999, -9999, -9999, -9999, -9999, -9999, -9999, -9999, -9999, -9999, -9999, -9999, -9999, -9999, -9999, -9999, -9999, -9999, -9999, -9999, -9999, -9999, -9999, -9999, -9999, -9999, -9999, -9999, -9999, -9999, -9999, -9999, -9999, -9999, -9999, -9999, -9999, -9999, -9999, -9999, -9999, -9999, -9999, -9999, 10, -9999, -9999, -9999, -9999, -9999, -9999, -9999, -9999, -9999, -9999, -9999, -9999, -9999, -9999, -9999, 75, -9999, -9999, -9999, -9999, -9999, -9999, -9999, -9999, -9999, -9999, -9999, -9999, -9999, -9999, -9999, -9999, -9999, -9999, -9999],
[-9999, 29, -9999, -9999, -9999, -9999, 8, 27, 15, -9999, 57, -9999, -9999, -9999, -9999, 41, 98, -9999, -9999, 42, 78, -9999, -9999, 64, 17, 41, 83, -9999, -9999, 61, -9999, 31, -9999, -9999, 29, 31, -9999, 86, -9999, 81, 14, -9999, 71, 62, 35, 76, -9999, 38, -9999, -9999, 7, 98, -9999, -9999, -9999, -9999, -9999, -9999, -9999, -9999, -9999, 98, -9999, -9999, -9999, 97, -9999, 4, -9999, 22, 8, -9999, -9999, -9999, -9999, -9999, -9999, -9999, 1, 96, 59, 25, 79, -9999, 88, -9999, -9999, 52, -9999, 86, 64, -9999, -9999, 67, -9999, -9999, 72, 40, -9999, -9999],
[-9999, 2, -9999, -9999, -9999, -9999, 41, 95, -9999, -9999, -9999, -9999, -9999, -9999, -9999, -9999, -9999, -9999, -9999, -9999, -9999, -9999, 2, 57, -9999, 14, -9999, -9999, -9999, -9999, -9999, -9999, -9999, -9999, 62, -9999, -9999, -9999, -9999, 24, 32, -9999, 9, -9999, -9999, 49, 10, -9999, -9999, -9999, -9999, 66, -9999, -9999, -9999, -9999, -9999, -9999, -9999, -9999, -9999, 91, -9999, -9999, 12, -9999, -9999, -9999, -9999, -9999, -9999, 68, 68, -9999, -9999, -9999, -9999, -9999, -9999, -9999, -9999, -9999, 78, -9999, -9999, -9999, -9999, 77, -9999, -9999, -9999, -9999, -9999, 54, -9999, -9999, 19, -9999, -9999, -9999],
[-9999, -9999, -9999, -9999, -9999, -9999, -9999, -9999, -9999, -9999, -9999, -9999, -9999, -9999, -9999, -9999, -9999, -9999, -9999, -9999, -9999, -9999, -9999, -9999, -9999, -9999, -9999, -9999, -9999, -9999, -9999, -9999, -9999, -9999, -9999, -9999, -9999, 91, -9999, -9999, -9999, -9999, -9999, -9999, -9999, -9999, -9999, -9999, -9999, -9999, -9999, -9999, -9999, -9999, -9999, -9999, -9999, -9999, -9999, -9999, -9999, -9999, -9999, -9999, -9999, -9999, -9999, -9999, -9999, -9999, -9999, -9999, -9999, -9999, -9999, -9999, -9999, -9999, -9999, -9999, 40, -9999, -9999, -9999, -9999, -9999, -9999, -9999, -9999, -9999, -9999, -9999, -9999, -9999, -9999, -9999, -9999, -9999, -9999, -9999],
[-9999, 36, -9999, -9999, -9999, 30, -9999, -9999, -9999, -9999, -9999, -9999, -9999, -9999, -9999, -9999, -9999, -9999, -9999, -9999, -9999, -9999, -9999, 91, -9999, -9999, -9999, -9999, -9999, -9999, -9999, -9999, -9999, -9999, 23, -9999, -9999, -9999, -9999, 75, 23, -9999, -9999, -9999, -9999, 69, 58, -9999, -9999, -9999, -9999, 96, -9999, -9999, -9999, -9999, -9999, -9999, -9999, -9999, -9999, 94, -9999, -9999, -9999, -9999, -9999, -9999, -9999, -9999, -9999, 44, 36, -9999, -9999, -9999, 52, -9999, -9999, -9999, -9999, -9999, -9999, -9999, -9999, 78, -9999, -9999, -9999, -9999, -9999, -9999, -9999, 39, -9999, -9999, -9999, -9999, -9999, -9999],
[-9999, 70, -9999, -9999, -9999, 5, 90, 70, -9999, -9999, -9999, -9999, -9999, -9999, -9999, 94, -9999, -9999, -9999, 54, -9999, -9999, 77, 88, -9999, 29, -9999, -9999, -9999, -9999, -9999, -9999, -9999, -9999, -9999, -9999, -9999, -9999, -9999, 47, 30, -9999, -9999, -9999, -9999, -9999, -9999, -9999, -9999, -9999, -9999, -9999, -9999, -9999, -9999, -9999, -9999, -9999, -9999, -9999, -9999, 59, -9999, -9999, -9999, -9999, -9999, -9999, -9999, -9999, -9999, -9999, 17, -9999, -9999, -9999, 51, -9999, -9999, -9999, 24, -9999, 6, -9999, -9999, -9999, -9999, -9999, -9999, -9999, -9999, -9999, -9999, 14, -9999, -9999, 24, -9999, -9999, -9999],
[57, 24, -9999, -9999, -9999, -9999, -9999, 61, 19, -9999, 84, -9999, -9999, -9999, 60, 17, 39, -9999, -9999, -9999, -9999, -9999, -9999, -9999, -9999, 37, 43, -9999, -9999, 33, -9999, 97, 71, -9999, -9999, 63, -9999, -9999, -9999, 41, -9999, -9999, 34, 93, 36, 11, -9999, 56, 12, -9999, -9999, 30, -9999, -9999, -9999, 51, -9999, -9999, -9999, -9999, -9999, 45, -9999, -9999, -9999, -9999, 72, -9999, -9999, 35, -9999, -9999, -9999, -9999, 48, 69, 95, -9999, -9999, 7, 28, -9999, -9999, -9999, 42, -9999, 88, -9999, -9999, -9999, 12, -9999, 44, 14, 91, -9999, -9999, -9999, -9999, -9999],
[-9999, 43, -9999, -9999, -9999, 39, 33, -9999, -9999, -9999, -9999, -9999, -9999, -9999, -9999, 46, -9999, -9999, -9999, -9999, -9999, -9999, 22, -9999, -9999, -9999, -9999, -9999, -9999, -9999, -9999, -9999, -9999, -9999, -9999, -9999, -9999, -9999, -9999, -9999, 100, -9999, 14, -9999, -9999, 92, 36, -9999, -9999, -9999, -9999, -9999, -9999, -9999, -9999, -9999, -9999, -9999, -9999, -9999, -9999, 3, -9999, -9999, -9999, -9999, -9999, -9999, -9999, 76, -9999, 19, 40, -9999, -9999, -9999, 15, -9999, -9999, -9999, 83, -9999, -9999, -9999, -9999, -9999, -9999, -9999, -9999, -9999, -9999, -9999, -9999, 67, -9999, -9999, -9999, -9999, -9999, -9999],
[-9999, 98, -9999, -9999, 30, -9999, -9999, 84, -9999, -9999, -9999, -9999, -9999, -9999, -9999, 8, -9999, 37, -9999, -9999, -9999, 7, -9999, -9999, -9999, 48, -9999, -9999, -9999, -9999, -9999, -9999, -9999, -9999, 18, -9999, -9999, -9999, -9999, 27, 38, -9999, -9999, -9999, -9999, 81, 51, -9999, -9999, -9999, -9999, 66, -9999, -9999, 27, -9999, -9999, -9999, -9999, -9999, -9999, 3, -9999, -9999, -9999, -9999, -9999, -9999, -9999, 72, -9999, 78, -9999, -9999, -9999, -9999, 74, -9999, -9999, -9999, -9999, -9999, 52, -9999, -9999, 93, -9999, -9999, -9999, -9999, -9999, -9999, -9999, 78, -9999, -9999, 96, -9999, -9999, -9999],
[-9999, 22, -9999, -9999, -9999, 53, -9999, -9999, -9999, -9999, -9999, -9999, -9999, -9999, -9999, 89, -9999, -9999, -9999, 20, -9999, -9999, 3, -9999, -9999, 94, -9999, -9999, -9999, -9999, -9999, -9999, -9999, -9999, -9999, -9999, -9999, -9999, -9999, 24, -9999, -9999, 60, -9999, -9999, 30, 14, -9999, -9999, -9999, -9999, 53, -9999, -9999, -9999, -9999, -9999, -9999, -9999, -9999, -9999, 17, -9999, -9999, -9999, -9999, -9999, -9999, -9999, 13, -9999, -9999, -9999, -9999, -9999, -9999, 7, -9999, -9999, -9999, -9999, -9999, 79, -9999, -9999, 72, -9999, 93, -9999, -9999, -9999, -9999, -9999, 6, -9999, -9999, 98, -9999, -9999, -9999],
[-9999, 3, -9999, -9999, 72, 67, -9999, 75, -9999, -9999, -9999, 5, -9999, -9999, -9999, -9999, -9999, -9999, -9999, 69, -9999, 92, -9999, 42, -9999, 51, -9999, -9999, -9999, -9999, -9999, -9999, -9999, 47, -9999, -9999, 75, -9999, -9999, 52, -9999, -9999, 67, -9999, -9999, 98, 4, -9999, -9999, -9999, -9999, -9999, -9999, -9999, -9999, -9999, -9999, -9999, -9999, -9999, -9999, 32, -9999, -9999, -9999, -9999, -9999, -9999, -9999, 77, -9999, 93, 24, -9999, -9999, -9999, -9999, -9999, -9999, -9999, 28, -9999, 5, -9999, -9999, 13, -9999, -9999, -9999, -9999, -9999, -9999, -9999, 52, -9999, -9999, 50, -9999, -9999, -9999],
[-9999, -9999, -9999, -9999, -9999, -9999, -9999, -9999, -9999, -9999, -9999, -9999, -9999, -9999, -9999, -9999, -9999, -9999, -9999, -9999, -9999, -9999, -9999, -9999, -9999, -9999, -9999, -9999, -9999, -9999, -9999, -9999, -9999, -9999, -9999, -9999, -9999, -9999, -9999, -9999, -9999, -9999, -9999, -9999, -9999, -9999, -9999, -9999, -9999, -9999, -9999, -9999, -9999, -9999, -9999, -9999, -9999, -9999, -9999, -9999, -9999, -9999, -9999, -9999, -9999, -9999, -9999, -9999, -9999, -9999, -9999, -9999, -9999, -9999, -9999, -9999, -9999, -9999, -9999, -9999, 42, -9999, -9999, -9999, -9999, -9999, -9999, -9999, -9999, -9999, -9999, -9999, -9999, -9999, -9999, -9999, -9999, -9999, -9999, -9999],
[33, 50, -9999, -9999, -9999, -9999, 49, 28, 55, -9999, 68, -9999, -9999, -9999, -9999, -9999, -9999, -9999, -9999, 38, 39, -9999, 82, 33, 9, -9999, 51, 14, -9999, -9999, -9999, 12, 36, -9999, -9999, 44, -9999, -9999, -9999, 56, -9999, -9999, 55, 19, -9999, 90, 54, -9999, -9999, -9999, -9999, -9999, -9999, 86, -9999, 39, -9999, -9999, 27, -9999, 51, 26, -9999, 14, -9999, -9999, 46, -9999, -9999, -9999, -9999, -9999, 54, -9999, 49, -9999, 36, -9999, 44, 80, 19, 78, 68, -9999, 78, 6, 68, 35, 55, -9999, 15, -9999, 14, 42, 85, -9999, 79, 40, -9999, 45],
[-9999, 55, -9999, -9999, -9999, -9999, 96, -9999, -9999, -9999, -9999, -9999, -9999, -9999, -9999, -9999, -9999, -9999, -9999, -9999, -9999, -9999, 21, -9999, -9999, 22, -9999, -9999, -9999, -9999, -9999, -9999, -9999, -9999, 44, -9999, -9999, -9999, -9999, 70, -9999, -9999, 52, -9999, -9999, -9999, 13, -9999, -9999, -9999, -9999, -9999, -9999, -9999, -9999, -9999, -9999, -9999, -9999, -9999, -9999, 23, -9999, -9999, -9999, -9999, -9999, -9999, -9999, 24, -9999, 77, 88, -9999, -9999, -9999, -9999, -9999, -9999, -9999, 26, -9999, 77, -9999, -9999, 7, -9999, -9999, -9999, -9999, -9999, -9999, -9999, 4, -9999, -9999, 74, -9999, -9999, -9999],
[6, 61, 71, -9999, -9999, 67, 51, 68, 41, -9999, -9999, -9999, 15, -9999, 67, 70, 2, -9999, -9999, -9999, -9999, -9999, 76, 52, -9999, 36, -9999, -9999, -9999, -9999, -9999, 66, 66, -9999, 45, 42, -9999, 80, -9999, 52, 71, -9999, -9999, 46, 14, 56, -9999, -9999, 24, -9999, -9999, 23, -9999, 40, -9999, 16, -9999, 30, 62, -9999, -9999, 58, -9999, -9999, -9999, 70, -9999, -9999, -9999, 8, -9999, 73, -9999, -9999, -9999, -9999, -9999, -9999, 48, 35, 19, -9999, 99, -9999, 32, -9999, -9999, -9999, -9999, 7, 45, -9999, 77, 42, -9999, -9999, -9999, 84, -9999, -9999],
[-9999, 82, -9999, -9999, -9999, 3, 6, -9999, -9999, -9999, -9999, -9999, -9999, -9999, -9999, 82, -9999, -9999, -9999, -9999, -9999, -9999, -9999, 47, -9999, -9999, -9999, -9999, -9999, -9999, -9999, -9999, -9999, -9999, 35, -9999, -9999, -9999, -9999, 7, 81, -9999, 33, -9999, -9999, 8, 62, -9999, -9999, -9999, -9999, 5, -9999, -9999, -9999, -9999, -9999, -9999, -9999, -9999, -9999, 42, -9999, -9999, -9999, -9999, -9999, -9999, -9999, 69, -9999, 57, 63, -9999, -9999, -9999, 63, -9999, -9999, -9999, 74, -9999, -9999, -9999, -9999, 86, -9999, -9999, -9999, -9999, -9999, -9999, -9999, 56, -9999, -9999, 98, -9999, -9999, -9999],
[-9999, 57, -9999, -9999, -9999, 60, 76, 7, -9999, -9999, -9999, -9999, -9999, -9999, -9999, -9999, -9999, -9999, -9999, -9999, -9999, -9999, 39, -9999, -9999, 81, -9999, -9999, -9999, -9999, -9999, -9999, -9999, -9999, 45, -9999, -9999, -9999, -9999, -9999, 33, -9999, 25, -9999, -9999, -9999, -9999, -9999, -9999, -9999, -9999, -9999, -9999, -9999, -9999, -9999, -9999, -9999, -9999, -9999, -9999, 86, -9999, -9999, -9999, -9999, -9999, -9999, -9999, 94, -9999, -9999, -9999, -9999, -9999, -9999, 95, -9999, -9999, -9999, 52, -9999, -9999, -9999, -9999, 68, -9999, 61, -9999, -9999, -9999, -9999, -9999, 73, -9999, -9999, 98, -9999, -9999, -9999],
[31, 5, -9999, -9999, -9999, 27, -9999, 60, 86, -9999, -9999, -9999, 49, 78, -9999, 71, 84, -9999, -9999, 11, -9999, -9999, -9999, -9999, 6, 26, 97, 92, -9999, 58, -9999, 76, 54, -9999, 27, -9999, -9999, 93, -9999, 19, 28, -9999, 53, 28, 32, 59, -9999, -9999, -9999, -9999, -9999, -9999, -9999, 98, -9999, 42, -9999, 79, 7, -9999, 29, 58, -9999, -9999, -9999, 91, -9999, 55, 65, 14, -9999, -9999, -9999, -9999, 12, 38, 82, -9999, -9999, 82, 47, -9999, 7, -9999, 47, 28, 57, 59, -9999, -9999, 90, -9999, 45, 77, -9999, -9999, -9999, 4, -9999, 81],
[-9999, 89, -9999, -9999, -9999, 58, -9999, 32, -9999, -9999, -9999, -9999, -9999, -9999, -9999, 70, -9999, -9999, -9999, 65, -9999, -9999, -9999, -9999, -9999, -9999, -9999, -9999, -9999, -9999, -9999, -9999, -9999, -9999, 10, -9999, -9999, -9999, -9999, -9999, -9999, -9999, 24, -9999, -9999, 9, 17, -9999, -9999, -9999, -9999, 89, -9999, -9999, -9999, -9999, -9999, -9999, -9999, -9999, -9999, 75, -9999, -9999, -9999, -9999, -9999, -9999, -9999, 8, -9999, 68, -9999, -9999, -9999, -9999, 13, -9999, -9999, -9999, 38, -9999, -9999, -9999, -9999, 21, -9999, 32, -9999, -9999, -9999, -9999, -9999, 90, -9999, -9999, 27, -9999, -9999, -9999],
[-9999, 79, -9999, -9999, 98, 50, -9999, -9999, -9999, -9999, -9999, 79, -9999, -9999, -9999, 77, -9999, -9999, -9999, -9999, -9999, -9999, -9999, -9999, -9999, -9999, -9999, -9999, -9999, -9999, -9999, -9999, -9999, 31, 38, -9999, 57, -9999, -9999, -9999, 17, -9999, -9999, -9999, -9999, -9999, -9999, -9999, -9999, -9999, -9999, 72, -9999, -9999, 40, -9999, -9999, -9999, -9999, -9999, -9999, 91, -9999, -9999, -9999, -9999, -9999, -9999, -9999, 16, -9999, -9999, -9999, -9999, -9999, -9999, 42, -9999, -9999, -9999, 33, -9999, -9999, -9999, -9999, 48, -9999, -9999, -9999, -9999, -9999, 52, -9999, 26, -9999, -9999, 8, -9999, 17, -9999],
[79, 20, -9999, -9999, -9999, -9999, 76, 73, 30, -9999, -9999, -9999, 26, 3, -9999, 97, 51, -9999, -9999, 40, 97, -9999, -9999, -9999, 76, 22, -9999, -9999, -9999, 18, -9999, 96, 97, -9999, 16, -9999, -9999, 38, -9999, 80, -9999, -9999, 60, 19, 99, -9999, 67, 49, 87, -9999, -9999, -9999, -9999, -9999, -9999, 93, -9999, -9999, -9999, -9999, 34, 94, -9999, 82, -9999, -9999, -9999, -9999, -9999, -9999, -9999, -9999, -9999, -9999, 17, 73, 70, -9999, -9999, 49, 52, -9999, -9999, -9999, 83, 84, -9999, -9999, 89, -9999, 55, -9999, 48, 22, 29, -9999, -9999, -9999, -9999, -9999],
[-9999, 59, -9999, -9999, -9999, -9999, -9999, 24, -9999, -9999, -9999, -9999, -9999, -9999, -9999, 53, -9999, -9999, -9999, 72, -9999, -9999, 90, 14, -9999, -9999, -9999, -9999, -9999, -9999, -9999, -9999, -9999, -9999, 88, -9999, -9999, -9999, -9999, 34, 40, -9999, 86, -9999, -9999, -9999, -9999, -9999, -9999, -9999, -9999, 77, -9999, -9999, -9999, -9999, -9999, -9999, -9999, -9999, -9999, 53, -9999, -9999, -9999, -9999, -9999, -9999, -9999, 15, -9999, 72, 59, -9999, -9999, -9999, 83, -9999, -9999, -9999, 37, -9999, -9999, -9999, -9999, 80, -9999, 11, -9999, -9999, -9999, -9999, -9999, 49, -9999, -9999, 41, -9999, -9999, -9999],
[20, 10, 62, -9999, -9999, 27, -9999, -9999, -9999, -9999, 48, -9999, 6, 26, -9999, 10, -9999, -9999, -9999, 91, 60, -9999, 31, -9999, 77, -9999, 95, -9999, -9999, 77, -9999, 6, 36, -9999, 24, 79, -9999, -9999, -9999, 51, 38, -9999, 89, 47, 59, 77, 80, -9999, 17, -9999, 97, 93, -9999, -9999, -9999, 29, -9999, 79, 72, -9999, 100, 11, -9999, 27, -9999, 68, 85, 2, 54, -9999, -9999, 31, -9999, -9999, 66, -9999, -9999, -9999, 76, 34, 69, -9999, 65, -9999, 16, -9999, 87, 53, 30, 53, 73, -9999, -9999, 4, 41, -9999, -9999, -9999, -9999, -9999],
[-9999, 86, -9999, -9999, -9999, -9999, -9999, 56, -9999, -9999, -9999, -9999, -9999, -9999, -9999, -9999, -9999, -9999, -9999, 18, -9999, -9999, -9999, 31, -9999, 93, -9999, -9999, -9999, -9999, -9999, -9999, -9999, -9999, 37, -9999, -9999, -9999, -9999, -9999, -9999, -9999, 70, -9999, -9999, 25, -9999, -9999, -9999, -9999, -9999, 77, -9999, -9999, -9999, -9999, -9999, -9999, -9999, -9999, -9999, 38, -9999, -9999, -9999, -9999, -9999, -9999, 17, 92, -9999, -9999, -9999, -9999, -9999, -9999, 7, -9999, -9999, -9999, 68, -9999, 77, -9999, -9999, 11, -9999, -9999, -9999, -9999, -9999, -9999, -9999, 93, -9999, -9999, 46, -9999, -9999, -9999],
[41, 95, -9999, -9999, -9999, 40, 91, 18, -9999, -9999, 16, -9999, 19, 100, 10, 18, 85, -9999, 75, 90, -9999, -9999, 1, 29, 28, -9999, 50, -9999, -9999, -9999, -9999, 98, 47, -9999, 31, -9999, -9999, -9999, -9999, -9999, -9999, -9999, 75, 15, 55, 48, 44, -9999, 10, -9999, -9999, 72, -9999, 50, -9999, 22, -9999, 73, 49, -9999, 29, 45, -9999, -9999, -9999, 44, 18, -9999, 97, -9999, -9999, 36, -9999, -9999, -9999, 15, -9999, -9999, 15, 28, 77, -9999, 92, -9999, -9999, -9999, -9999, 70, 20, -9999, 72, -9999, 68, 60, 46, -9999, 91, 87, -9999, -9999],
[74, 42, -9999, 5, -9999, -9999, 44, 6, 13, -9999, 71, -9999, 82, 19, 86, 1, -9999, -9999, -9999, 82, -9999, -9999, 22, 43, -9999, 49, 46, 84, -9999, -9999, -9999, 74, -9999, -9999, 81, -9999, -9999, -9999, -9999, -9999, -9999, -9999, 75, 86, 40, 84, 86, -9999, -9999, -9999, 60, 39, -9999, -9999, -9999, -9999, -9999, 20, 30, -9999, -9999, 4, -9999, -9999, 22, 17, 6, 52, -9999, 83, -9999, -9999, -9999, -9999, 75, 97, -9999, -9999, -9999, 51, 86, -9999, -9999, -9999, -9999, -9999, 44, -9999, 59, 27, 81, -9999, 85, 51, -9999, -9999, 46, -9999, -9999, -9999],
[-9999, 41, -9999, -9999, -9999, 93, 33, -9999, -9999, -9999, -9999, -9999, -9999, -9999, -9999, -9999, -9999, -9999, -9999, 94, -9999, -9999, 88, -9999, -9999, 39, -9999, -9999, -9999, -9999, -9999, -9999, -9999, -9999, -9999, -9999, -9999, -9999, -9999, -9999, 12, -9999, -9999, -9999, -9999, 68, 51, -9999, -9999, -9999, -9999, 3, -9999, -9999, -9999, -9999, -9999, -9999, -9999, -9999, -9999, 52, -9999, -9999, 62, -9999, -9999, -9999, -9999, -9999, -9999, -9999, -9999, -9999, -9999, -9999, 62, -9999, -9999, -9999, 6, -9999, 75, -9999, -9999, 75, -9999, -9999, -9999, -9999, -9999, -9999, -9999, 28, -9999, -9999, 78, -9999, -9999, -9999],
[-9999, 3, -9999, -9999, -9999, 94, -9999, 85, -9999, -9999, -9999, -9999, -9999, -9999, -9999, 31, -9999, -9999, -9999, -9999, -9999, -9999, 55, 44, -9999, 60, -9999, -9999, -9999, -9999, -9999, -9999, -9999, -9999, 44, -9999, -9999, -9999, -9999, 34, 39, -9999, 83, -9999, -9999, 57, -9999, -9999, -9999, -9999, -9999, 84, -9999, -9999, -9999, -9999, -9999, -9999, -9999, -9999, -9999, 11, -9999, -9999, -9999, -9999, -9999, -9999, -9999, -9999, -9999, 7, -9999, -9999, -9999, -9999, 41, -9999, -9999, -9999, 60, -9999, 9, -9999, -9999, 73, -9999, -9999, -9999, -9999, -9999, -9999, -9999, 56, -9999, -9999, 94, -9999, -9999, -9999],
[22, 66, -9999, -9999, -9999, 70, -9999, -9999, -9999, -9999, 100, -9999, 83, -9999, 36, 56, 52, -9999, -9999, 48, 36, -9999, -9999, 68, -9999, 85, -9999, -9999, -9999, 33, -9999, -9999, 18, -9999, 17, 93, -9999, -9999, 7, -9999, 82, -9999, -9999, 78, -9999, -9999, -9999, -9999, 15, -9999, 2, -9999, -9999, -9999, -9999, 40, -9999, 67, 15, -9999, 67, 61, -9999, 36, 73, -9999, -9999, -9999, -9999, 71, -9999, -9999, 54, -9999, -9999, -9999, -9999, -9999, 92, 82, 58, -9999, 85, -9999, 12, 95, -9999, 47, 39, 95, 85, -9999, -9999, 98, -9999, -9999, 60, 16, -9999, 30],
[15, 7, -9999, -9999, -9999, 70, -9999, 21, -9999, -9999, 34, -9999, -9999, -9999, 82, 60, -9999, -9999, -9999, 11, -9999, -9999, 74, 37, 18, 18, -9999, -9999, -9999, -9999, -9999, 32, -9999, -9999, 85, -9999, -9999, 2, 40, 77, 100, -9999, 53, 39, 86, 24, -9999, -9999, 82, -9999, 98, 53, -9999, 30, -9999, 44, -9999, -9999, 59, -9999, 53, 64, -9999, 35, 29, 73, -9999, 19, -9999, -9999, -9999, 89, 16, 7, -9999, 41, 11, -9999, 79, 23, 93, -9999, 92, -9999, 43, -9999, -9999, 41, -9999, 50, 92, -9999, -9999, 94, 45, -9999, -9999, 40, -9999, -9999],
[91, 53, -9999, -9999, -9999, 8, 12, -9999, 34, -9999, 13, -9999, 77, -9999, -9999, 14, 28, -9999, -9999, 32, 45, -9999, -9999, -9999, 19, -9999, 51, -9999, -9999, -9999, -9999, 78, 18, -9999, -9999, 99, -9999, 36, -9999, 42, 96, -9999, 95, 64, -9999, -9999, 48, -9999, -9999, -9999, 37, 30, -9999, 66, -9999, 83, -9999, 37, 98, -9999, 94, 72, -9999, -9999, -9999, -9999, 36, -9999, -9999, 78, -9999, 61, 85, -9999, 79, 96, 82, -9999, 78, 51, 29, -9999, -9999, -9999, 83, -9999, -9999, -9999, 48, 43, 43, -9999, 78, 56, -9999, -9999, 24, 20, -9999, 87],
[77, 66, -9999, 46, -9999, 5, 56, 78, 58, -9999, -9999, -9999, 75, 57, 88, -9999, -9999, -9999, -9999, 18, -9999, -9999, 41, 94, -9999, 58, 55, 88, -9999, 31, -9999, -9999, 57, -9999, -9999, 48, -9999, 42, -9999, 4, 13, 8, 44, 46, -9999, -9999, 41, -9999, -9999, -9999, -9999, 53, -9999, 24, -9999, 19, -9999, -9999, -9999, -9999, 96, 61, -9999, -9999, -9999, 8, 56, -9999, -9999, -9999, -9999, -9999, 95, -9999, 95, 84, 51, -9999, 9, 98, -9999, -9999, -9999, -9999, 50, 81, 52, 80, 30, -9999, 86, -9999, -9999, 72, -9999, -9999, -9999, 52, -9999, 6],
[-9999, -9999, -9999, -9999, -9999, -9999, -9999, -9999, -9999, -9999, -9999, -9999, -9999, -9999, -9999, -9999, -9999, -9999, -9999, -9999, -9999, -9999, -9999, -9999, -9999, -9999, -9999, -9999, -9999, -9999, -9999, -9999, -9999, -9999, -9999, -9999, -9999, -9999, -9999, -9999, -9999, -9999, -9999, -9999, -9999, -9999, -9999, -9999, -9999, -9999, -9999, -9999, -9999, -9999, -9999, -9999, -9999, -9999, -9999, -9999, -9999, -9999, -9999, -9999, -9999, -9999, -9999, -9999, -9999, -9999, -9999, -9999, -9999, -9999, -9999, -9999, -9999, -9999, -9999, -9999, 23, -9999, -9999, -9999, -9999, -9999, -9999, -9999, -9999, -9999, -9999, -9999, -9999, -9999, -9999, -9999, -9999, -9999, -9999, -9999],
[-9999, 87, -9999, -9999, -9999, -9999, -9999, -9999, -9999, -9999, -9999, -9999, -9999, -9999, -9999, -9999, -9999, -9999, -9999, 39, -9999, -9999, 22, 16, -9999, -9999, -9999, -9999, -9999, -9999, -9999, -9999, -9999, -9999, -9999, -9999, -9999, -9999, -9999, 53, -9999, -9999, -9999, -9999, -9999, -9999, 16, -9999, -9999, -9999, -9999, -9999, -9999, -9999, -9999, -9999, -9999, -9999, -9999, -9999, -9999, 19, -9999, -9999, 47, -9999, -9999, -9999, -9999, -9999, -9999, 27, 87, -9999, -9999, -9999, -9999, -9999, -9999, -9999, 39, -9999, 13, -9999, -9999, -9999, -9999, -9999, -9999, -9999, -9999, -9999, -9999, 19, -9999, -9999, 96, -9999, -9999, -9999],
[-9999, 40, -9999, -9999, -9999, -9999, -9999, -9999, -9999, -9999, -9999, -9999, -9999, -9999, -9999, -9999, -9999, -9999, -9999, -9999, -9999, -9999, -9999, 17, -9999, 17, -9999, -9999, -9999, -9999, -9999, -9999, -9999, -9999, -9999, -9999, -9999, -9999, -9999, -9999, -9999, -9999, 22, -9999, -9999, -9999, 12, -9999, -9999, -9999, -9999, 82, -9999, -9999, -9999, -9999, -9999, -9999, -9999, -9999, -9999, 62, -9999, -9999, -9999, -9999, -9999, -9999, -9999, 21, -9999, 65, -9999, -9999, -9999, -9999, -9999, -9999, -9999, -9999, 70, -9999, -9999, -9999, -9999, 98, -9999, 72, -9999, -9999, -9999, -9999, -9999, 26, -9999, -9999, 4, -9999, -9999, -9999],
[-9999, 18, -9999, -9999, -9999, -9999, 53, -9999, -9999, -9999, -9999, -9999, -9999, -9999, -9999, 52, -9999, -9999, -9999, 39, -9999, -9999, -9999, 85, -9999, -9999, -9999, -9999, -9999, -9999, -9999, -9999, -9999, -9999, -9999, -9999, -9999, -9999, -9999, 29, -9999, -9999, -9999, -9999, -9999, 57, 35, -9999, -9999, -9999, -9999, -9999, -9999, -9999, -9999, -9999, -9999, -9999, -9999, -9999, -9999, 70, -9999, -9999, -9999, -9999, -9999, -9999, -9999, -9999, 63, 81, 34, -9999, -9999, -9999, 12, -9999, -9999, -9999, 76, -9999, -9999, -9999, -9999, 44, -9999, 5, -9999, -9999, -9999, -9999, -9999, 36, -9999, -9999, -9999, -9999, -9999, -9999],
[-9999, 64, -9999, -9999, -9999, 41, 36, 75, -9999, -9999, -9999, -9999, -9999, -9999, -9999, 21, -9999, -9999, -9999, -9999, -9999, -9999, 99, 95, -9999, -9999, -9999, -9999, -9999, -9999, -9999, -9999, -9999, -9999, -9999, -9999, -9999, -9999, -9999, -9999, 13, -9999, -9999, -9999, -9999, -9999, 69, -9999, -9999, -9999, -9999, 3, -9999, -9999, -9999, -9999, -9999, -9999, -9999, -9999, -9999, 34, -9999, -9999, -9999, -9999, -9999, -9999, -9999, 34, -9999, -9999, 37, -9999, -9999, -9999, 58, -9999, -9999, -9999, -9999, -9999, -9999, -9999, -9999, 25, -9999, 35, -9999, -9999, -9999, -9999, -9999, 46, -9999, -9999, 86, -9999, -9999, -9999],
[6, 31, -9999, -9999, -9999, -9999, 84, 86, -9999, -9999, 3, -9999, -9999, -9999, 21, 27, 6, -9999, -9999, 71, -9999, -9999, -9999, 65, 89, 11, 59, -9999, -9999, 5, -9999, 63, 85, -9999, -9999, -9999, -9999, -9999, 77, 64, -9999, -9999, 31, 41, -9999, 30, -9999, -9999, -9999, -9999, 29, 97, -9999, 37, -9999, 34, -9999, -9999, -9999, -9999, -9999, 10, -9999, -9999, -9999, 60, 46, -9999, -9999, -9999, 27, 28, 96, -9999, 51, 58, 75, -9999, -9999, 99, 36, -9999, 73, -9999, -9999, 61, 66, 38, -9999, 7, 3, -9999, 19, 25, 67, -9999, 84, -9999, -9999, 17],
[3, 28, -9999, 28, 78, 98, -9999, -9999, 51, -9999, -9999, 32, 91, 15, 53, -9999, 71, -9999, -9999, 44, -9999, -9999, 17, 96, -9999, 7, -9999, -9999, -9999, 15, -9999, 68, 33, -9999, 66, 29, -9999, 24, -9999, 17, 54, -9999, 42, 66, 72, 22, 20, 40, 59, -9999, -9999, -9999, 11, 83, -9999, -9999, 49, -9999, 13, -9999, 5, 11, -9999, 79, -9999, 37, -9999, 9, -9999, 98, -9999, 94, -9999, -9999, 23, 9, 64, 40, 96, 16, 87, -9999, 92, -9999, 35, -9999, -9999, 7, 58, -9999, 3, 57, -9999, 78, 97, -9999, -9999, -9999, -9999, 1],
[3, 61, -9999, -9999, -9999, 18, -9999, -9999, -9999, -9999, 22, -9999, 5, -9999, -9999, 76, 82, -9999, 18, 91, -9999, -9999, -9999, 52, -9999, 51, 66, -9999, -9999, -9999, -9999, 34, -9999, -9999, -9999, -9999, -9999, 82, -9999, 36, 56, -9999, -9999, 35, 47, -9999, 25, 43, 14, -9999, -9999, 9, -9999, -9999, -9999, -9999, -9999, 89, -9999, -9999, 30, 57, -9999, 10, -9999, 93, -9999, 45, -9999, 53, -9999, -9999, 91, -9999, 60, 44, -9999, -9999, -9999, 85, 33, -9999, 34, -9999, -9999, -9999, 45, -9999, 17, -9999, 49, -9999, 64, 52, 64, -9999, 89, -9999, -9999, -9999],
[-9999, -9999, -9999, -9999, -9999, -9999, -9999, -9999, -9999, -9999, -9999, -9999, -9999, -9999, -9999, -9999, -9999, -9999, -9999, -9999, -9999, -9999, -9999, -9999, -9999, -9999, -9999, -9999, -9999, -9999, -9999, -9999, -9999, -9999, -9999, -9999, -9999, 12, -9999, -9999, -9999, -9999, -9999, -9999, -9999, -9999, -9999, -9999, -9999, -9999, -9999, -9999, -9999, -9999, -9999, -9999, -9999, -9999, -9999, -9999, -9999, -9999, -9999, -9999, 63, -9999, -9999, -9999, -9999, -9999, -9999, -9999, -9999, -9999, 57, -9999, -9999, -9999, -9999, -9999, 70, -9999, -9999, -9999, -9999, -9999, -9999, -9999, -9999, -9999, -9999, -9999, -9999, -9999, -9999, -9999, -9999, -9999, -9999, 61],
[-9999, 9, -9999, -9999, -9999, -9999, 45, 90, -9999, -9999, -9999, -9999, -9999, -9999, -9999, -9999, -9999, -9999, -9999, -9999, -9999, -9999, -9999, -9999, -9999, -9999, -9999, -9999, -9999, -9999, -9999, -9999, -9999, -9999, 99, -9999, -9999, -9999, -9999, -9999, -9999, -9999, 87, -9999, -9999, 26, -9999, -9999, -9999, -9999, -9999, -9999, -9999, -9999, -9999, -9999, -9999, -9999, -9999, -9999, -9999, 97, -9999, -9999, -9999, -9999, -9999, -9999, -9999, -9999, -9999, 41, 5, -9999, -9999, -9999, 72, -9999, -9999, -9999, -9999, -9999, 26, -9999, -9999, -9999, -9999, 41, -9999, -9999, -9999, -9999, -9999, 9, -9999, -9999, 74, -9999, -9999, -9999],
[15, 56, -9999, -9999, -9999, 72, -9999, 27, -9999, -9999, -9999, -9999, -9999, -9999, -9999, 30, 69, -9999, -9999, 96, -9999, -9999, 20, -9999, -9999, 83, 57, -9999, -9999, 13, -9999, 37, -9999, -9999, 37, -9999, -9999, 40, -9999, -9999, -9999, -9999, -9999, 13, -9999, -9999, 22, -9999, 32, -9999, 22, 75, -9999, -9999, -9999, -9999, -9999, 98, -9999, -9999, 98, 95, -9999, -9999, -9999, 92, 7, 99, -9999, 16, -9999, -9999, 57, -9999, 28, -9999, -9999, -9999, -9999, 93, 67, -9999, -9999, -9999, -9999, 13, 54, 19, -9999, 56, 76, -9999, 24, 43, -9999, -9999, -9999, -9999, -9999, -9999],
[89, 43, 31, -9999, -9999, 76, -9999, 88, 32, -9999, -9999, -9999, -9999, 49, 49, -9999, 94, -9999, -9999, 14, -9999, 64, 93, 3, -9999, 78, -9999, -9999, -9999, 12, -9999, 37, 100, -9999, -9999, 53, 77, 93, -9999, 10, -9999, -9999, 49, -9999, 28, -9999, -9999, -9999, -9999, -9999, 45, -9999, -9999, 98, 77, 49, 22, -9999, -9999, 4, 4, 70, 38, -9999, -9999, 76, 39, 73, -9999, -9999, -9999, 36, 92, -9999, -9999, -9999, 77, 95, 30, 6, 34, -9999, 44, -9999, -9999, -9999, -9999, -9999, -9999, -9999, 31, 11, 34, 95, 8, -9999, -9999, -9999, -9999, -9999],
[-9999, 17, -9999, -9999, 76, 26, -9999, 38, -9999, -9999, -9999, -9999, -9999, -9999, -9999, 64, -9999, -9999, -9999, 35, -9999, 12, 91, -9999, -9999, -9999, -9999, -9999, -9999, -9999, -9999, -9999, -9999, 73, 89, -9999, 43, -9999, -9999, -9999, 80, -9999, -9999, -9999, -9999, -9999, -9999, -9999, -9999, -9999, -9999, 15, -9999, -9999, -9999, -9999, -9999, -9999, -9999, -9999, -9999, 28, -9999, -9999, -9999, -9999, -9999, -9999, -9999, 72, -9999, -9999, -9999, -9999, -9999, -9999, 57, -9999, -9999, -9999, 29, -9999, -9999, -9999, -9999, 94, -9999, 3, -9999, -9999, -9999, -9999, -9999, 58, -9999, -9999, 97, -9999, 85, -9999],
[76, 14, -9999, -9999, -9999, -9999, -9999, 87, 24, -9999, 12, -9999, 45, 77, -9999, 12, -9999, -9999, -9999, 82, 29, -9999, -9999, -9999, 30, 69, 19, -9999, -9999, 68, -9999, 8, 91, -9999, -9999, 40, -9999, -9999, -9999, 97, 61, 31, -9999, 75, 49, -9999, -9999, 4, -9999, -9999, -9999, -9999, -9999, 29, -9999, -9999, -9999, -9999, 87, -9999, 61, 77, -9999, -9999, -9999, 25, 74, 10, 25, -9999, -9999, 74, 73, -9999, 65, 36, 43, -9999, 24, 33, 56, -9999, 94, -9999, 39, -9999, 85, -9999, 59, -9999, 70, -9999, 20, 81, -9999, -9999, -9999, -9999, -9999, -9999],
[-9999, 65, -9999, -9999, -9999, -9999, -9999, 24, -9999, -9999, -9999, -9999, -9999, -9999, -9999, 79, -9999, -9999, -9999, -9999, -9999, -9999, -9999, 42, -9999, 47, -9999, -9999, -9999, -9999, -9999, -9999, -9999, -9999, -9999, -9999, -9999, -9999, -9999, 96, -9999, 78, -9999, -9999, -9999, -9999, -9999, -9999, -9999, -9999, -9999, 88, -9999, -9999, -9999, -9999, -9999, -9999, -9999, -9999, -9999, 22, -9999, -9999, -9999, -9999, -9999, -9999, -9999, -9999, -9999, 28, 69, -9999, -9999, -9999, 44, -9999, -9999, -9999, -9999, -9999, -9999, -9999, -9999, 8, -9999, 12, -9999, -9999, -9999, -9999, -9999, 30, -9999, -9999, 50, -9999, -9999, -9999],
[28, 3, -9999, -9999, -9999, -9999, -9999, -9999, -9999, -9999, 37, -9999, 6, 41, -9999, -9999, 27, -9999, -9999, -9999, 60, -9999, 69, 18, -9999, 84, 74, -9999, -9999, 35, -9999, 76, -9999, -9999, -9999, -9999, -9999, -9999, -9999, 85, 48, -9999, -9999, 66, -9999, 10, -9999, 19, 29, -9999, -9999, -9999, -9999, 47, -9999, -9999, -9999, 55, -9999, -9999, 31, 6, -9999, -9999, -9999, 31, -9999, -9999, -9999, 2, -9999, 6, 88, 28, 74, 9, 89, -9999, 50, 42, -9999, -9999, 94, -9999, 93, -9999, 21, -9999, 16, -9999, 88, -9999, 96, 82, 37, -9999, 61, 25, -9999, 50],
[12, -9999, -9999, -9999, -9999, -9999, -9999, 35, -9999, -9999, -9999, -9999, -9999, -9999, -9999, 58, -9999, -9999, -9999, 52, -9999, -9999, -9999, 33, 15, -9999, -9999, -9999, -9999, -9999, -9999, 50, 89, -9999, -9999, -9999, -9999, 6, -9999, 14, 23, -9999, -9999, 93, -9999, 83, 42, 89, -9999, -9999, -9999, -9999, -9999, 10, -9999, -9999, -9999, -9999, -9999, -9999, -9999, 6, -9999, 75, -9999, 2, -9999, 72, -9999, -9999, -9999, 80, -9999, -9999, 61, 66, 98, -9999, 34, 7, -9999, -9999, 97, -9999, -9999, 14, 77, 70, 71, 45, 66, -9999, -9999, 92, -9999, -9999, -9999, 21, -9999, -9999],
[-9999, 99, -9999, -9999, -9999, 55, 14, 17, -9999, -9999, -9999, -9999, -9999, -9999, -9999, -9999, -9999, -9999, -9999, 45, -9999, -9999, 100, 42, -9999, 76, -9999, -9999, -9999, -9999, -9999, -9999, -9999, -9999, 84, -9999, -9999, -9999, -9999, -9999, -9999, -9999, -9999, -9999, -9999, 38, 76, -9999, -9999, -9999, -9999, 54, -9999, -9999, -9999, -9999, -9999, -9999, -9999, -9999, -9999, 100, -9999, -9999, -9999, -9999, -9999, -9999, 96, -9999, -9999, 36, -9999, -9999, -9999, -9999, -9999, -9999, -9999, -9999, -9999, -9999, 77, -9999, -9999, 98, -9999, -9999, -9999, -9999, -9999, -9999, -9999, 93, -9999, -9999, -9999, -9999, -9999, -9999],
[44, 49, -9999, 40, -9999, 9, 86, -9999, 66, -9999, 85, -9999, -9999, 49, 56, 94, 58, -9999, -9999, -9999, -9999, -9999, -9999, 26, -9999, -9999, 24, -9999, -9999, -9999, -9999, 54, -9999, -9999, 39, 66, -9999, 97, -9999, 56, -9999, -9999, -9999, 63, 28, 12, 66, 18, 100, -9999, -9999, 43, -9999, -9999, -9999, 100, -9999, 63, 61, -9999, -9999, 5, -9999, 7, -9999, 34, 78, 74, -9999, 60, -9999, 75, 21, -9999, -9999, 94, 59, -9999, 70, 11, -9999, -9999, 43, -9999, -9999, -9999, 89, 69, 94, 89, 96, -9999, -9999, 52, 58, -9999, -9999, 48, -9999, -9999],
[-9999, 81, -9999, -9999, -9999, 64, 42, 1, -9999, -9999, -9999, -9999, -9999, -9999, -9999, -9999, -9999, -9999, -9999, -9999, -9999, -9999, 58, 23, -9999, 28, -9999, -9999, -9999, -9999, -9999, -9999, -9999, -9999, 79, -9999, -9999, -9999, -9999, 93, 58, -9999, -9999, -9999, -9999, -9999, 75, -9999, -9999, -9999, -9999, -9999, -9999, -9999, -9999, -9999, -9999, -9999, -9999, -9999, -9999, 75, -9999, -9999, 80, -9999, -9999, -9999, -9999, -9999, -9999, -9999, 48, -9999, -9999, -9999, 74, -9999, -9999, -9999, -9999, -9999, 53, -9999, -9999, 52, -9999, 89, -9999, -9999, -9999, -9999, -9999, 66, -9999, -9999, -9999, -9999, -9999, -9999],
[37, 32, -9999, -9999, -9999, -9999, 62, -9999, 83, -9999, 1, -9999, -9999, -9999, 80, -9999, -9999, -9999, -9999, -9999, 30, -9999, 87, 6, -9999, -9999, -9999, -9999, -9999, 3, -9999, 38, 100, -9999, 80, 32, -9999, -9999, -9999, -9999, 4, -9999, 25, 4, -9999, 57, -9999, 29, -9999, -9999, -9999, 36, -9999, -9999, -9999, -9999, -9999, 57, 1, -9999, 91, 68, -9999, -9999, -9999, 24, -9999, -9999, -9999, 27, -9999, -9999, 90, -9999, 60, -9999, 94, -9999, -9999, 40, 14, -9999, 66, -9999, 72, 7, 69, 32, -9999, -9999, 11, -9999, -9999, 9, -9999, -9999, 30, 56, -9999, -9999],
[-9999, 64, -9999, -9999, 7, -9999, -9999, 29, -9999, -9999, -9999, -9999, -9999, -9999, -9999, -9999, -9999, 32, -9999, -9999, -9999, -9999, 8, 16, -9999, 78, -9999, -9999, -9999, -9999, -9999, -9999, -9999, 64, 100, -9999, 63, -9999, -9999, 51, 84, -9999, 95, -9999, -9999, -9999, 61, -9999, -9999, -9999, -9999, 17, -9999, -9999, 49, -9999, -9999, -9999, -9999, -9999, -9999, 34, -9999, -9999, -9999, -9999, -9999, -9999, -9999, -9999, -9999, -9999, 84, -9999, -9999, -9999, -9999, -9999, -9999, -9999, 79, -9999, -9999, -9999, -9999, 30, -9999, -9999, -9999, -9999, -9999, 99, -9999, 42, -9999, -9999, 48, -9999, -9999, -9999],
[35, 92, -9999, -9999, -9999, -9999, 10, 57, -9999, -9999, 13, -9999, -9999, -9999, 26, 37, -9999, -9999, -9999, 72, 27, -9999, 45, -9999, -9999, 82, -9999, -9999, -9999, -9999, -9999, 31, 26, -9999, 57, 40, -9999, -9999, -9999, -9999, 91, -9999, -9999, 87, -9999, 47, -9999, -9999, -9999, -9999, 87, 4, -9999, 50, -9999, -9999, -9999, -9999, -9999, -9999, 92, 3, -9999, -9999, -9999, -9999, -9999, -9999, -9999, -9999, 88, 43, -9999, -9999, 77, 2, 11, -9999, 79, 66, 4, -9999, -9999, -9999, 15, -9999, -9999, 39, 31, -9999, 88, -9999, -9999, 47, 40, -9999, -9999, -9999, -9999, -9999],
[28, 26, -9999, -9999, -9999, 71, 38, 11, 51, -9999, 36, -9999, 11, 46, 9, -9999, 67, -9999, -9999, 14, -9999, -9999, -9999, -9999, 82, -9999, 25, -9999, -9999, 15, -9999, 66, 45, -9999, -9999, 22, -9999, 95, -9999, 75, -9999, -9999, -9999, 86, 66, 11, 21, 89, 93, -9999, 32, 6, -9999, 29, -9999, 29, -9999, 28, -9999, -9999, -9999, 58, -9999, -9999, 80, -9999, 90, 62, -9999, -9999, -9999, 70, -9999, -9999, 84, 31, 79, -9999, -9999, 22, 22, -9999, 1, -9999, 63, 92, 84, 77, 3, 24, 68, -9999, 30, 87, 12, -9999, 44, 98, -9999, -9999],
[68, 65, 27, -9999, 44, -9999, -9999, -9999, 53, -9999, 35, -9999, 76, -9999, -9999, 82, -9999, -9999, -9999, 68, -9999, 23, -9999, -9999, -9999, 33, -9999, -9999, -9999, -9999, 34, 83, -9999, 5, -9999, 89, 34, 20, -9999, 94, 21, -9999, 90, 81, -9999, 28, -9999, 38, 10, -9999, 64, 30, -9999, -9999, 28, -9999, 46, 38, 44, -9999, 49, 2, 54, 95, -9999, 37, 81, -9999, -9999, 78, -9999, 50, 3, -9999, 33, -9999, 38, 92, -9999, 24, -9999, -9999, -9999, 34, -9999, 6, -9999, 32, -9999, 8, 11, 16, -9999, 40, -9999, -9999, 24, -9999, 98, -9999],
[-9999, -9999, -9999, 73, -9999, -9999, -9999, -9999, -9999, -9999, -9999, -9999, -9999, -9999, -9999, -9999, -9999, -9999, -9999, -9999, -9999, -9999, -9999, -9999, -9999, -9999, -9999, -9999, -9999, -9999, -9999, -9999, -9999, -9999, -9999, -9999, -9999, -9999, -9999, -9999, -9999, -9999, -9999, -9999, -9999, -9999, -9999, -9999, -9999, -9999, -9999, -9999, -9999, -9999, -9999, -9999, -9999, -9999, -9999, -9999, -9999, -9999, -9999, -9999, -9999, -9999, -9999, -9999, -9999, -9999, -9999, -9999, -9999, -9999, 97, -9999, -9999, -9999, -9999, -9999, -9999, -9999, -9999, -9999, -9999, -9999, -9999, -9999, -9999, -9999, -9999, -9999, -9999, -9999, -9999, -9999, -9999, -9999, -9999, -9999],
[77, 69, -9999, -9999, -9999, 42, -9999, -9999, 32, -9999, -9999, -9999, -9999, -9999, 81, 72, -9999, -9999, -9999, 42, -9999, -9999, 45, -9999, 38, 70, 66, -9999, -9999, 55, -9999, 91, -9999, -9999, 80, 5, -9999, -9999, -9999, 35, -9999, -9999, 91, 9, -9999, -9999, 45, 18, -9999, -9999, 89, -9999, -9999, 4, -9999, 68, -9999, 5, -9999, -9999, -9999, -9999, -9999, 72, -9999, 78, -9999, 13, -9999, 64, -9999, -9999, -9999, -9999, 93, 47, -9999, -9999, 46, 92, -9999, 43, 38, -9999, -9999, 63, 88, 39, 33, -9999, 33, -9999, 1, 45, 68, -9999, -9999, 25, -9999, -9999],
[-9999, 6, -9999, -9999, -9999, 7, -9999, 30, -9999, -9999, -9999, -9999, -9999, -9999, -9999, -9999, -9999, -9999, -9999, -9999, -9999, -9999, 73, 13, -9999, 93, -9999, -9999, -9999, -9999, -9999, -9999, -9999, -9999, 87, -9999, -9999, -9999, -9999, -9999, 88, -9999, 84, -9999, -9999, -9999, -9999, -9999, -9999, -9999, -9999, 37, -9999, -9999, -9999, -9999, -9999, -9999, -9999, -9999, -9999, 65, -9999, -9999, -9999, -9999, -9999, -9999, -9999, 86, -9999, 18, 11, -9999, -9999, -9999, -9999, -9999, -9999, -9999, 12, -9999, -9999, -9999, -9999, 44, -9999, 59, -9999, -9999, -9999, -9999, -9999, 79, -9999, -9999, -9999, -9999, -9999, -9999],
[4, 20, -9999, -9999, -9999, -9999, 89, 49, 89, -9999, -9999, -9999, -9999, 28, 87, -9999, 20, 36, -9999, -9999, 66, -9999, 100, -9999, 33, -9999, 33, -9999, -9999, 74, -9999, 56, 2, 17, 18, 83, 28, 81, -9999, 62, -9999, -9999, -9999, 83, 71, -9999, -9999, 61, 21, -9999, 96, -9999, -9999, -9999, -9999, -9999, -9999, 13, 13, 72, 78, 31, 8, -9999, -9999, 95, 97, 42, -9999, -9999, -9999, -9999, 66, -9999, 9, 56, 66, 40, 10, 63, -9999, -9999, 27, 45, -9999, -9999, 52, 22, -9999, 89, 25, 8, 27, 45, 67, -9999, 22, -9999, 100, -9999],
[61, 85, -9999, -9999, -9999, 51, 38, 77, 50, -9999, -9999, -9999, 48, -9999, -9999, -9999, -9999, -9999, 53, 44, 72, -9999, 36, -9999, -9999, 15, -9999, -9999, -9999, -9999, -9999, 86, 27, -9999, 61, 60, -9999, -9999, 53, 79, -9999, -9999, -9999, 51, 21, 22, 3, -9999, 47, -9999, 7, 83, -9999, -9999, -9999, 13, -9999, 80, -9999, -9999, -9999, -9999, -9999, 77, -9999, 70, -9999, 23, -9999, 32, -9999, 44, -9999, -9999, -9999, -9999, -9999, -9999, 4, 92, 22, -9999, 16, -9999, -9999, -9999, 100, -9999, 68, 94, 69, -9999, -9999, 48, 99, -9999, 31, 48, -9999, -9999],
[84, -9999, -9999, -9999, -9999, 78, 77, -9999, -9999, -9999, -9999, -9999, 53, 3, 12, 54, -9999, -9999, -9999, -9999, 3, -9999, -9999, 31, 62, -9999, -9999, -9999, -9999, -9999, -9999, 11, -9999, -9999, -9999, 66, -9999, 77, -9999, 57, 95, -9999, -9999, 45, 74, 34, 57, -9999, -9999, -9999, -9999, 10, -9999, 21, -9999, -9999, -9999, 47, 40, -9999, 16, 27, -9999, -9999, 79, -9999, -9999, -9999, -9999, 83, -9999, 72, 63, -9999, 32, -9999, 64, -9999, 60, 83, -9999, 7, -9999, -9999, -9999, -9999, 100, 65, 1, 4, 52, -9999, -9999, 16, 63, -9999, -9999, 39, -9999, -9999],
[46, 100, -9999, -9999, -9999, 10, -9999, 12, 2, -9999, 38, -9999, 79, 61, 88, 45, 82, -9999, 27, 25, -9999, -9999, -9999, -9999, 70, 24, -9999, -9999, -9999, 56, -9999, 48, -9999, -9999, -9999, -9999, -9999, -9999, -9999, -9999, 24, -9999, -9999, 42, 17, 82, 54, -9999, 74, -9999, 81, 56, -9999, -9999, -9999, 92, -9999, -9999, 75, -9999, -9999, 89, -9999, 42, -9999, -9999, -9999, 25, 67, 54, -9999, 4, -9999, 85, -9999, -9999, 98, -9999, 46, 85, 53, -9999, 66, -9999, -9999, 67, 57, -9999, 34, 95, 78, -9999, -9999, 23, -9999, -9999, -9999, 7, -9999, -9999],
[-9999, 43, -9999, -9999, -9999, 68, 71, 96, -9999, -9999, -9999, -9999, -9999, -9999, -9999, -9999, -9999, -9999, -9999, 81, -9999, -9999, 97, -9999, -9999, 8, -9999, -9999, -9999, -9999, -9999, -9999, -9999, -9999, -9999, -9999, -9999, -9999, -9999, 5, -9999, -9999, 61, -9999, -9999, -9999, -9999, -9999, -9999, -9999, -9999, -9999, -9999, -9999, -9999, -9999, -9999, -9999, -9999, -9999, -9999, 26, -9999, -9999, -9999, -9999, -9999, -9999, -9999, -9999, -9999, 99, -9999, -9999, -9999, -9999, 33, -9999, -9999, -9999, 86, -9999, -9999, -9999, -9999, 65, -9999, 81, -9999, -9999, -9999, -9999, -9999, 71, -9999, -9999, -9999, -9999, -9999, -9999],
[-9999, 82, -9999, -9999, 55, -9999, 42, 13, -9999, -9999, -9999, -9999, -9999, -9999, -9999, 21, -9999, -9999, -9999, 43, -9999, -9999, 79, -9999, -9999, 83, -9999, -9999, -9999, -9999, -9999, -9999, -9999, 10, 63, -9999, -9999, -9999, -9999, 91, -9999, -9999, 57, -9999, -9999, -9999, 26, -9999, -9999, -9999, -9999, 68, -9999, -9999, 81, -9999, -9999, -9999, -9999, -9999, -9999, 51, -9999, -9999, -9999, -9999, -9999, -9999, -9999, 42, -9999, -9999, -9999, -9999, -9999, -9999, 46, -9999, -9999, -9999, 32, -9999, 35, -9999, -9999, 88, -9999, -9999, -9999, -9999, -9999, 18, -9999, 20, -9999, -9999, -9999, -9999, 18, -9999],
[92, 84, -9999, -9999, 88, 77, -9999, 77, 99, -9999, 59, 83, -9999, 27, -9999, 29, 17, -9999, -9999, 26, 5, 38, 88, -9999, 78, 10, 87, 83, -9999, -9999, -9999, 77, 60, -9999, 29, 97, 5, 68, -9999, 82, -9999, -9999, -9999, 23, 99, -9999, 12, 20, 76, -9999, 84, 41, -9999, 7, 89, 65, -9999, 82, 34, 68, -9999, 5, 98, 30, -9999, 99, 15, 12, 22, -9999, -9999, 32, -9999, -9999, -9999, -9999, 56, 33, -9999, 54, -9999, -9999, 43, 73, 62, 36, 3, -9999, -9999, 96, 34, -9999, -9999, 75, -9999, -9999, -9999, 17, 58, -9999],
[-9999, 87, -9999, -9999, -9999, 31, 88, 67, -9999, -9999, -9999, -9999, -9999, -9999, -9999, 55, -9999, -9999, -9999, 13, -9999, -9999, -9999, -9999, -9999, 85, -9999, -9999, -9999, -9999, -9999, -9999, -9999, -9999, 15, -9999, -9999, -9999, -9999, 12, -9999, 45, -9999, -9999, -9999, 5, 13, -9999, -9999, -9999, -9999, 85, -9999, -9999, -9999, -9999, -9999, -9999, -9999, -9999, -9999, 8, -9999, -9999, -9999, -9999, -9999, -9999, -9999, -9999, -9999, -9999, -9999, -9999, -9999, -9999, 70, -9999, -9999, -9999, 5, -9999, 90, -9999, -9999, -9999, -9999, 77, -9999, -9999, -9999, -9999, -9999, 36, -9999, -9999, -9999, -9999, -9999, -9999],
[-9999, 36, -9999, -9999, -9999, 99, -9999, -9999, -9999, -9999, -9999, 53, -9999, -9999, -9999, -9999, -9999, 39, -9999, 91, -9999, 90, 67, 38, -9999, 58, -9999, -9999, -9999, -9999, -9999, -9999, -9999, 95, -9999, -9999, -9999, -9999, -9999, 71, -9999, -9999, -9999, -9999, -9999, 16, -9999, -9999, -9999, -9999, -9999, 24, -9999, -9999, 14, -9999, -9999, -9999, -9999, -9999, -9999, 38, -9999, -9999, -9999, -9999, -9999, -9999, -9999, -9999, -9999, -9999, 27, -9999, -9999, -9999, -9999, -9999, -9999, -9999, 67, -9999, -9999, -9999, -9999, 56, -9999, -9999, -9999, -9999, -9999, 15, -9999, 93, -9999, -9999, 58, -9999, 52, -9999],
[-9999, 87, -9999, -9999, -9999, -9999, 33, 53, -9999, -9999, -9999, -9999, -9999, -9999, -9999, 74, -9999, -9999, -9999, -9999, -9999, -9999, 56, -9999, -9999, 56, -9999, -9999, -9999, -9999, -9999, -9999, -9999, -9999, 92, -9999, -9999, -9999, -9999, -9999, 11, -9999, -9999, -9999, -9999, 72, 33, -9999, -9999, -9999, -9999, 10, -9999, -9999, -9999, -9999, -9999, -9999, -9999, -9999, -9999, 77, -9999, -9999, -9999, -9999, -9999, -9999, -9999, -9999, -9999, -9999, -9999, -9999, -9999, -9999, 71, -9999, -9999, -9999, 96, -9999, 93, -9999, -9999, -9999, -9999, -9999, -9999, -9999, -9999, -9999, -9999, 61, -9999, -9999, -9999, -9999, -9999, -9999],
[-9999, 26, -9999, -9999, -9999, -9999, 96, -9999, -9999, -9999, -9999, -9999, -9999, -9999, -9999, 71, -9999, -9999, -9999, 98, -9999, -9999, 61, 70, -9999, -9999, -9999, -9999, -9999, -9999, -9999, -9999, -9999, -9999, -9999, -9999, -9999, -9999, -9999, 67, 3, 2, -9999, -9999, -9999, 42, 72, -9999, -9999, -9999, -9999, -9999, -9999, -9999, -9999, -9999, -9999, -9999, -9999, -9999, -9999, 19, -9999, -9999, -9999, -9999, -9999, -9999, -9999, 65, -9999, 91, 88, -9999, -9999, -9999, -9999, -9999, -9999, -9999, -9999, -9999, 85, -9999, -9999, -9999, -9999, 13, -9999, -9999, -9999, -9999, -9999, 80, -9999, -9999, -9999, -9999, -9999, -9999],
[14, 20, 52, 86, 84, -9999, 90, -9999, -9999, -9999, -9999, -9999, 94, 48, 64, 65, 71, 10, -9999, 61, 54, 20, 54, 12, 40, -9999, 52, -9999, -9999, 80, -9999, 59, -9999, 60, 67, 79, 10, -9999, -9999, -9999, 62, -9999, 94, 39, 38, -9999, 78, 12, -9999, -9999, 36, -9999, 20, 97, 2, 96, -9999, 100, 25, 94, 73, 38, 21, -9999, -9999, -9999, 20, 93, -9999, -9999, -9999, 100, 78, 25, -9999, 40, -9999, 6, 81, 31, 48, -9999, 25, 46, -9999, 100, 43, -9999, -9999, 38, 49, 67, -9999, 64, -9999, -9999, 64, -9999, -9999, -9999],
[82, 60, -9999, -9999, -9999, -9999, 100, -9999, 8, -9999, 75, -9999, -9999, -9999, -9999, -9999, 31, -9999, -9999, 11, -9999, -9999, 46, -9999, 61, 89, 100, -9999, -9999, -9999, -9999, 2, 44, -9999, 78, 27, -9999, 8, -9999, 61, -9999, -9999, 70, 35, 19, -9999, -9999, 42, 42, -9999, 6, 44, -9999, 73, -9999, 38, -9999, -9999, 57, -9999, 93, 16, -9999, 84, -9999, 60, 92, -9999, -9999, 25, -9999, -9999, 46, -9999, 97, -9999, -9999, -9999, -9999, 69, 48, -9999, 63, -9999, -9999, 13, -9999, -9999, 17, 38, 11, -9999, -9999, 74, -9999, -9999, -9999, 88, -9999, 8],
[-9999, -9999, -9999, -9999, -9999, -9999, -9999, -9999, -9999, -9999, -9999, -9999, -9999, -9999, -9999, -9999, -9999, -9999, -9999, -9999, -9999, -9999, -9999, -9999, -9999, -9999, -9999, -9999, -9999, -9999, -9999, -9999, -9999, -9999, -9999, -9999, -9999, -9999, -9999, -9999, -9999, -9999, -9999, -9999, -9999, -9999, -9999, -9999, -9999, -9999, -9999, -9999, -9999, -9999, -9999, -9999, -9999, -9999, -9999, -9999, -9999, -9999, -9999, -9999, -9999, -9999, -9999, -9999, -9999, -9999, -9999, -9999, -9999, -9999, -9999, -9999, -9999, -9999, -9999, -9999, 73, -9999, -9999, -9999, -9999, -9999, -9999, -9999, -9999, -9999, -9999, -9999, -9999, -9999, -9999, -9999, -9999, -9999, -9999, -9999],
[28, 86, -9999, -9999, -9999, -9999, -9999, -9999, 50, -9999, -9999, -9999, -9999, 62, 31, -9999, -9999, -9999, -9999, 2, -9999, -9999, -9999, 64, 42, 40, 19, -9999, -9999, -9999, -9999, 48, 73, -9999, 95, -9999, -9999, 94, -9999, 94, 2, -9999, -9999, 60, -9999, -9999, -9999, 80, -9999, -9999, 40, 87, -9999, 30, -9999, -9999, -9999, -9999, -9999, -9999, 9, 75, -9999, 17, -9999, 31, -9999, 51, -9999, -9999, -9999, -9999, -9999, -9999, 28, 18, 94, -9999, 92, 17, 54, -9999, 33, -9999, 75, 45, 75, -9999, 7, 9, 61, -9999, 49, 18, 79, -9999, -9999, 11, -9999, -9999],
[-9999, 99, -9999, -9999, 39, -9999, 82, -9999, -9999, -9999, -9999, -9999, -9999, -9999, -9999, -9999, -9999, 57, -9999, 57, -9999, 3, 77, 96, -9999, 13, -9999, -9999, -9999, -9999, -9999, -9999, -9999, -9999, -9999, -9999, 28, -9999, -9999, 86, 81, -9999, 1, -9999, -9999, 44, -9999, -9999, -9999, -9999, -9999, 16, -9999, -9999, -9999, -9999, -9999, -9999, -9999, -9999, -9999, 67, -9999, -9999, -9999, -9999, -9999, -9999, -9999, 56, -9999, 59, 67, -9999, -9999, -9999, 7, -9999, -9999, -9999, 4, -9999, 11, -9999, -9999, 86, -9999, -9999, -9999, -9999, -9999, -9999, -9999, 46, -9999, -9999, -9999, -9999, 82, -9999],
[87, 4, -9999, -9999, -9999, 84, 31, 93, -9999, -9999, -9999, -9999, 28, 36, -9999, 56, 94, -9999, -9999, 69, 8, -9999, -9999, -9999, -9999, 21, 19, -9999, -9999, 18, -9999, -9999, -9999, -9999, -9999, -9999, -9999, 51, -9999, 66, 52, -9999, 7, 32, 74, 93, 97, 78, -9999, -9999, -9999, 11, -9999, -9999, -9999, -9999, -9999, -9999, -9999, -9999, -9999, 82, -9999, 21, -9999, 18, -9999, -9999, -9999, -9999, -9999, -9999, -9999, -9999, -9999, 100, 23, -9999, 100, -9999, -9999, -9999, -9999, -9999, -9999, 80, -9999, 59, -9999, -9999, 13, -9999, 67, 23, 59, -9999, 94, 91, -9999, -9999],
[6, 23, -9999, -9999, -9999, 81, -9999, 18, 86, -9999, -9999, 80, 64, -9999, -9999, -9999, -9999, -9999, -9999, -9999, 39, -9999, 13, -9999, 2, -9999, -9999, -9999, -9999, 77, -9999, 52, 51, 2, 34, 44, 24, -9999, -9999, 21, 62, -9999, -9999, 5, -9999, -9999, 84, 13, -9999, -9999, -9999, 63, -9999, 99, -9999, 93, -9999, -9999, 100, 32, -9999, 47, -9999, 66, -9999, -9999, -9999, -9999, -9999, -9999, -9999, 88, -9999, -9999, 89, -9999, 56, 64, 29, 45, -9999, -9999, 87, -9999, -9999, 69, 4, -9999, -9999, -9999, 31, 77, 97, 47, -9999, -9999, 25, 63, 34, -9999],
[-9999, 25, -9999, -9999, -9999, -9999, 97, 40, -9999, -9999, -9999, -9999, -9999, -9999, -9999, -9999, -9999, -9999, -9999, 6, -9999, -9999, 87, -9999, -9999, -9999, -9999, -9999, -9999, -9999, -9999, -9999, -9999, -9999, 17, -9999, -9999, -9999, -9999, 12, 26, 64, -9999, -9999, -9999, 15, -9999, -9999, -9999, -9999, -9999, 24, -9999, -9999, -9999, -9999, -9999, -9999, -9999, -9999, -9999, 26, -9999, -9999, -9999, -9999, -9999, -9999, -9999, -9999, -9999, -9999, -9999, -9999, -9999, -9999, 37, -9999, -9999, -9999, -9999, -9999, -9999, -9999, -9999, 83, -9999, -9999, -9999, -9999, -9999, -9999, -9999, 36, -9999, -9999, -9999, -9999, -9999, -9999],
[-9999, 45, -9999, -9999, -9999, 86, 15, -9999, -9999, -9999, -9999, -9999, -9999, -9999, -9999, 95, -9999, -9999, -9999, 67, -9999, -9999, -9999, 27, -9999, 9, -9999, -9999, -9999, -9999, -9999, -9999, -9999, -9999, -9999, -9999, -9999, -9999, -9999, 77, 26, -9999, 35, -9999, -9999, 88, -9999, -9999, -9999, -9999, -9999, -9999, -9999, -9999, -9999, -9999, -9999, -9999, -9999, -9999, -9999, 83, -9999, -9999, -9999, -9999, -9999, -9999, -9999, 28, -9999, 10, -9999, -9999, -9999, -9999, -9999, -9999, -9999, -9999, 77, -9999, -9999, -9999, -9999, 17, -9999, 100, -9999, -9999, -9999, -9999, -9999, -9999, -9999, -9999, 50, -9999, -9999, -9999],
[-9999, -9999, -9999, -9999, -9999, -9999, -9999, -9999, -9999, -9999, -9999, -9999, -9999, -9999, -9999, -9999, -9999, -9999, -9999, -9999, -9999, -9999, -9999, -9999, -9999, -9999, -9999, -9999, -9999, -9999, -9999, -9999, -9999, -9999, -9999, -9999, -9999, -9999, -9999, -9999, -9999, -9999, -9999, -9999, -9999, -9999, -9999, -9999, -9999, -9999, -9999, -9999, -9999, -9999, -9999, -9999, -9999, -9999, -9999, -9999, -9999, -9999, -9999, -9999, 28, -9999, -9999, -9999, -9999, -9999, -9999, -9999, -9999, -9999, -9999, -9999, -9999, -9999, -9999, -9999, 86, -9999, -9999, -9999, -9999, -9999, -9999, -9999, -9999, -9999, -9999, -9999, -9999, -9999, -9999, -9999, -9999, -9999, -9999, -9999],
[-9999, 41, -9999, -9999, -9999, -9999, -9999, -9999, -9999, -9999, -9999, -9999, -9999, -9999, -9999, 43, -9999, -9999, -9999, 95, -9999, -9999, -9999, 99, -9999, 58, -9999, -9999, -9999, -9999, -9999, -9999, -9999, -9999, -9999, -9999, -9999, -9999, -9999, 88, -9999, -9999, 15, -9999, -9999, 31, -9999, -9999, -9999, -9999, -9999, -9999, -9999, -9999, -9999, -9999, -9999, -9999, -9999, -9999, -9999, 6, -9999, -9999, -9999, -9999, -9999, -9999, -9999, -9999, -9999, 94, 28, -9999, -9999, -9999, 52, -9999, -9999, -9999, -9999, -9999, 58, -9999, -9999, 15, -9999, -9999, -9999, -9999, -9999, -9999, -9999, 53, -9999, -9999, -9999, -9999, -9999, -9999],
[11, 14, -9999, 76, -9999, -9999, -9999, 20, -9999, -9999, 49, -9999, 98, -9999, -9999, -9999, 17, -9999, -9999, -9999, -9999, -9999, 100, -9999, 92, 17, 2, -9999, -9999, -9999, -9999, 72, 64, -9999, 49, 42, -9999, -9999, -9999, 66, -9999, -9999, 50, 71, -9999, 100, 51, -9999, 86, -9999, 16, 96, -9999, 76, -9999, 1, -9999, 13, 27, -9999, 28, 100, -9999, -9999, -9999, 27, 38, 63, -9999, -9999, -9999, 83, 84, -9999, 22, -9999, -9999, -9999, 44, 44, 12, -9999, 4, -9999, -9999, -9999, 24, -9999, 74, 85, 4, -9999, -9999, 24, -9999, -9999, 14, 66, -9999, -9999],
[39, 85, -9999, -9999, -9999, -9999, 79, 50, 49, -9999, 84, -9999, 57, -9999, 19, 25, 42, -9999, -9999, 53, 22, -9999, 96, -9999, 75, -9999, -9999, -9999, -9999, 67, -9999, 71, -9999, -9999, 69, 60, -9999, 16, -9999, 1, -9999, -9999, -9999, 13, -9999, 80, 2, 61, 16, -9999, -9999, -9999, -9999, 20, -9999, 68, -9999, -9999, 71, -9999, -9999, 62, -9999, 51, -9999, -9999, -9999, -9999, -9999, 29, -9999, 34, 63, -9999, -9999, 66, -9999, -9999, 51, 75, 79, -9999, 50, -9999, 51, -9999, -9999, -9999, 14, 63, 46, -9999, -9999, 80, 44, -9999, 85, 36, -9999, -9999],
[43, 64, -9999, 87, -9999, -9999, -9999, 27, 73, -9999, 50, -9999, -9999, -9999, 25, 24, 99, -9999, -9999, 68, 88, -9999, -9999, 42, 55, -9999, -9999, 28, -9999, -9999, -9999, 44, 34, -9999, 35, 49, -9999, -9999, -9999, 17, -9999, -9999, -9999, 64, 79, 80, 74, 7, -9999, -9999, -9999, 30, -9999, 56, -9999, 60, -9999, 48, 72, -9999, 46, 10, -9999, 36, -9999, -9999, -9999, 42, -9999, 44, -9999, -9999, 78, -9999, -9999, -9999, -9999, -9999, 49, 45, -9999, -9999, -9999, -9999, 32, -9999, 30, -9999, -9999, 7, 47, -9999, 84, 5, -9999, -9999, 58, 61, -9999, -9999],
[95, 42, -9999, -9999, -9999, 64, -9999, 8, -9999, -9999, -9999, -9999, -9999, 30, -9999, 53, 40, -9999, -9999, 21, -9999, -9999, 39, -9999, 68, -9999, -9999, 2, -9999, 69, -9999, 17, 73, -9999, 13, -9999, -9999, 45, -9999, -9999, -9999, -9999, 76, 60, -9999, -9999, 1, -9999, -9999, -9999, 87, -9999, -9999, 81, -9999, 44, -9999, 6, 70, -9999, -9999, 49, -9999, -9999, -9999, -9999, 46, 13, -9999, 88, -9999, -9999, 48, -9999, -9999, -9999, -9999, -9999, 31, 81, -9999, -9999, -9999, -9999, -9999, 47, 76, -9999, -9999, 71, 67, -9999, 71, 91, -9999, -9999, -9999, 54, -9999, 83],
[-9999, 66, -9999, -9999, -9999, 42, -9999, 5, -9999, -9999, -9999, -9999, -9999, -9999, -9999, 12, -9999, -9999, -9999, 39, -9999, -9999, 5, -9999, -9999, -9999, -9999, -9999, -9999, -9999, -9999, -9999, -9999, -9999, -9999, -9999, -9999, -9999, -9999, -9999, 95, -9999, 26, -9999, -9999, 99, 56, -9999, -9999, -9999, -9999, -9999, -9999, -9999, -9999, -9999, -9999, -9999, -9999, -9999, -9999, 68, -9999, -9999, -9999, -9999, -9999, -9999, -9999, 37, -9999, 9, -9999, -9999, -9999, -9999, -9999, -9999, -9999, -9999, -9999, -9999, -9999, -9999, -9999, -9999, -9999, -9999, -9999, -9999, -9999, -9999, -9999, 19, -9999, -9999, 92, -9999, -9999, -9999],
[3, 4, -9999, 45, 2, -9999, -9999, 77, 41, -9999, 47, 32, -9999, 27, -9999, 49, 29, 62, -9999, 92, -9999, -9999, 72, 19, -9999, -9999, 82, -9999, 75, 26, -9999, 46, -9999, -9999, 80, 33, -9999, 12, -9999, 3, 17, -9999, -9999, 24, -9999, 56, -9999, 56, 80, -9999, -9999, 10, 3, -9999, -9999, 43, 76, 19, 72, 46, 68, 41, 60, 94, -9999, -9999, -9999, 1, -9999, 23, -9999, 9, 92, -9999, -9999, 100, 22, 21, 90, 9, 100, -9999, -9999, 5, 65, 44, -9999, -9999, 83, -9999, -9999, -9999, 100, -9999, 59, -9999, 26, 88, 59, -9999],
[93, 49, -9999, 8, -9999, 28, -9999, 49, 87, -9999, -9999, -9999, 32, -9999, -9999, 75, 84, -9999, -9999, 57, 91, -9999, -9999, -9999, 95, -9999, 84, -9999, -9999, 86, -9999, 1, 32, -9999, 26, -9999, -9999, -9999, -9999, 25, -9999, -9999, 61, 19, -9999, 49, -9999, -9999, -9999, -9999, 28, 39, -9999, -9999, -9999, -9999, -9999, -9999, 52, -9999, 49, 22, -9999, -9999, -9999, 67, -9999, 67, 72, -9999, -9999, 10, 70, -9999, 23, 93, -9999, -9999, -9999, 29, 38, -9999, 27, -9999, -9999, 36, 58, 38, 59, -9999, 86, -9999, 20, 79, -9999, -9999, 11, -9999, -9999, -9999],
[-9999, 91, -9999, -9999, -9999, -9999, 70, -9999, -9999, -9999, -9999, -9999, -9999, -9999, -9999, -9999, -9999, -9999, -9999, 31, -9999, -9999, 31, 80, -9999, -9999, -9999, -9999, -9999, -9999, -9999, -9999, -9999, -9999, -9999, -9999, -9999, -9999, -9999, 86, 87, -9999, 18, -9999, -9999, -9999, -9999, -9999, -9999, -9999, -9999, -9999, -9999, -9999, -9999, -9999, -9999, -9999, -9999, -9999, -9999, 51, -9999, -9999, -9999, -9999, -9999, -9999, -9999, 86, -9999, 72, 45, -9999, -9999, -9999, 14, -9999, -9999, -9999, -9999, -9999, 97, -9999, -9999, 83, -9999, 21, -9999, -9999, -9999, -9999, -9999, 80, -9999, -9999, 9, -9999, -9999, -9999],
[-9999, 80, -9999, -9999, 50, 14, 59, 62, -9999, -9999, -9999, 29, -9999, -9999, -9999, 47, -9999, -9999, -9999, 64, -9999, 51, 79, 90, -9999, 60, -9999, -9999, -9999, -9999, -9999, -9999, -9999, 6, 64, -9999, 3, -9999, -9999, 15, 35, -9999, 32, -9999, -9999, 1, 96, -9999, -9999, -9999, -9999, 85, -9999, -9999, -9999, -9999, -9999, -9999, -9999, -9999, -9999, 48, -9999, -9999, -9999, -9999, -9999, -9999, -9999, 60, 78, -9999, 12, -9999, -9999, -9999, 36, -9999, -9999, -9999, 39, -9999, 35, -9999, -9999, -9999, -9999, -9999, -9999, -9999, -9999, 79, -9999, -9999, -9999, -9999, 76, -9999, 52, -9999],
[-9999, 57, -9999, -9999, -9999, 55, -9999, -9999, -9999, 86, -9999, -9999, -9999, -9999, -9999, 36, -9999, 47, -9999, -9999, -9999, 66, -9999, 27, -9999, -9999, -9999, -9999, -9999, -9999, -9999, -9999, -9999, -9999, -9999, -9999, -9999, -9999, -9999, -9999, 88, -9999, -9999, -9999, -9999, -9999, 13, -9999, -9999, -9999, -9999, 81, -9999, -9999, 24, -9999, -9999, -9999, -9999, -9999, -9999, 94, -9999, -9999, -9999, -9999, -9999, -9999, -9999, 71, -9999, 48, 61, -9999, -9999, -9999, 55, -9999, -9999, -9999, -9999, -9999, -9999, -9999, -9999, 77, -9999, 31, -9999, -9999, -9999, 85, -9999, 85, -9999, -9999, -9999, -9999, -9999, -9999],
[-9999, 41, -9999, -9999, -9999, -9999, -9999, 17, -9999, -9999, -9999, -9999, -9999, -9999, -9999, 23, -9999, -9999, -9999, 65, -9999, -9999, -9999, 40, -9999, 98, -9999, -9999, -9999, -9999, -9999, -9999, -9999, -9999, 33, -9999, -9999, -9999, -9999, 51, 90, -9999, 12, -9999, -9999, 71, -9999, -9999, -9999, -9999, -9999, -9999, -9999, -9999, -9999, -9999, -9999, -9999, -9999, -9999, -9999, 99, -9999, -9999, 29, -9999, -9999, -9999, -9999, -9999, -9999, -9999, -9999, -9999, -9999, -9999, -9999, -9999, -9999, -9999, -9999, -9999, 50, -9999, -9999, 4, -9999, 24, -9999, -9999, -9999, -9999, -9999, 49, -9999, -9999, -9999, -9999, -9999, -9999],
[-9999, -9999, -9999, -9999, -9999, -9999, -9999, -9999, -9999, -9999, -9999, -9999, -9999, -9999, -9999, -9999, -9999, -9999, -9999, -9999, -9999, -9999, -9999, -9999, -9999, -9999, -9999, -9999, -9999, -9999, -9999, -9999, -9999, -9999, -9999, -9999, -9999, 10, -9999, -9999, -9999, -9999, -9999, -9999, -9999, -9999, -9999, -9999, -9999, -9999, -9999, -9999, -9999, -9999, -9999, -9999, -9999, -9999, -9999, -9999, -9999, -9999, -9999, -9999, -9999, -9999, -9999, -9999, -9999, -9999, -9999, -9999, -9999, -9999, 99, -9999, -9999, -9999, -9999, -9999, 69, -9999, -9999, -9999, -9999, -9999, -9999, -9999, -9999, -9999, -9999, -9999, -9999, -9999, -9999, -9999, -9999, -9999, -9999, -9999],
[85, 68, -9999, -9999, -9999, 71, -9999, -9999, 81, -9999, -9999, -9999, -9999, 43, 59, -9999, -9999, -9999, -9999, 38, 21, -9999, 13, 96, 92, 71, 3, -9999, -9999, 2, -9999, 33, 77, -9999, 90, 98, -9999, 96, -9999, 9, 21, -9999, -9999, 44, 35, 77, 40, 4, 4, -9999, -9999, -9999, -9999, -9999, -9999, 37, -9999, 2, -9999, -9999, -9999, 68, -9999, -9999, -9999, -9999, 67, 26, -9999, -9999, -9999, -9999, 81, -9999, -9999, 5, 47, -9999, -9999, 87, -9999, -9999, 20, -9999, 6, 43, 78, -9999, 78, 9, 63, -9999, 22, 15, -9999, -9999, 41, -9999, -9999, -9999],
[-9999, 100, -9999, -9999, -9999, -9999, -9999, -9999, -9999, -9999, -9999, -9999, -9999, -9999, -9999, -9999, -9999, -9999, -9999, 57, -9999, -9999, 88, -9999, -9999, 86, -9999, -9999, -9999, -9999, -9999, -9999, -9999, -9999, 56, -9999, -9999, -9999, -9999, -9999, 25, -9999, 31, -9999, -9999, 56, 67, -9999, -9999, -9999, -9999, -9999, -9999, -9999, -9999, -9999, -9999, -9999, -9999, -9999, -9999, 33, -9999, -9999, -9999, -9999, -9999, -9999, -9999, 15, -9999, -9999, -9999, -9999, -9999, -9999, 77, -9999, -9999, -9999, -9999, -9999, 71, -9999, -9999, -9999, -9999, 39, -9999, -9999, -9999, -9999, -9999, 22, -9999, -9999, 29, -9999, -9999, -9999],
[-9999, -9999, -9999, -9999, -9999, -9999, -9999, -9999, -9999, -9999, -9999, -9999, -9999, -9999, -9999, -9999, -9999, -9999, -9999, -9999, -9999, -9999, -9999, -9999, -9999, -9999, -9999, -9999, -9999, -9999, -9999, -9999, -9999, -9999, -9999, -9999, -9999, 87, -9999, -9999, -9999, -9999, -9999, -9999, -9999, -9999, -9999, -9999, -9999, -9999, -9999, -9999, -9999, -9999, -9999, -9999, -9999, -9999, -9999, -9999, -9999, -9999, -9999, -9999, -9999, -9999, -9999, -9999, -9999, -9999, -9999, -9999, -9999, -9999, 56, -9999, -9999, -9999, -9999, -9999, 49, -9999, -9999, -9999, 67, -9999, -9999, -9999, -9999, -9999, -9999, -9999, -9999, -9999, -9999, -9999, -9999, -9999, -9999, -9999]
];
