NbNodes = 100;
NbNDDs = 0;
NbPairs = 100;
NbTerminals = 0;
K = 0;
L = 102;
Wt = [
[-9999, -9999, -9999, 45, -9999, -9999, 66, -9999, -9999, -9999, -9999, -9999, -9999, -9999, -9999, -9999, -9999, -9999, -9999, -9999, -9999, -9999, -9999, -9999, -9999, -9999, -9999, -9999, -9999, -9999, -9999, -9999, -9999, -9999, -9999, -9999, 90, -9999, 56, -9999, 70, -9999, -9999, -9999, -9999, -9999, -9999, 45, -9999, -9999, -9999, -9999, -9999, -9999, -9999, -9999, -9999, 95, -9999, -9999, 39, 44, -9999, -9999, 69, -9999, -9999, -9999, -9999, -9999, -9999, -9999, -9999, -9999, -9999, -9999, -9999, 4, -9999, -9999, 38, -9999, -9999, -9999, -9999, 44, 76, -9999, -9999, -9999, -9999, 91, 76, -9999, -9999, -9999, -9999, -9999, -9999, -9999],
[90, -9999, 45, 70, -9999, -9999, -9999, 58, -9999, -9999, -9999, -9999, -9999, -9999, 97, 83, 92, -9999, 100, -9999, -9999, -9999, -9999, -9999, 65, 12, 27, 81, -9999, -9999, -9999, -9999, 67, -9999, 37, -9999, -9999, -9999, -9999, -9999, 68, 56, 2, -9999, 34, 13, -9999, 62, 11, -9999, -9999, -9999, -9999, 62, 37, -9999, -9999, 83, -9999, -9999, 39, -9999, -9999, 18, 68, -9999, 80, -9999, 33, 84, -9999, -9999, 25, -9999, -9999, -9999, -9999, 29, -9999, 55, -9999, -9999, -9999, 57, 34, 60, 6, -9999, -9999, -9999, 24, 56, -9999, -9999, -9999, 59, -9999, -9999, -9999, -9999],
[59, -9999, -9999, 38, -9999, -9999, -9999, -9999, -9999, -9999, -9999, -9999, -9999, -9999, -9999, -9999, -9999, -9999, -9999, -9999, -9999, -9999, -9999, -9999, -9999, -9999, 42, 80, -9999, -9999, -9999, -9999, -9999, -9999, -9999, -9999, -9999, -9999, 85, -9999, 32, -9999, -9999, -9999, 95, 90, -9999, -9999, -9999, -9999, -9999, -9999, -9999, 51, -9999, 84, -9999, 55, -9999, -9999, -9999, 76, -9999, -9999, 58, -9999, -9999, -9999, -9999, -9999, -9999, -9999, 10, 13, -9999, -9999, -9999, 24, -9999, -9999, 100, -9999, -9999, -9999, -9999, 8, -9999, 65, -9999, -9999, -9999, -9999, 37, -9999, -9999, -9999, -9999, -9999, -9999, -9999],
[7, -9999, 63, -9999, -9999, 18, 27, -9999, 52, -9999, -9999, 53, -9999, -9999, 20, 66, 89, -9999, -9999, -9999, 84, 90, 84, -9999, 68, 14, 50, 21, 92, -9999, -9999, 59, -9999, -9999, 60, -9999, -9999, -9999, 70, -9999, 60, -9999, -9999, -9999, 10, 5, 66, 39, -9999, -9999, 54, -9999, -9999, 31, -9999, 11, 71, 70, 28, -9999, -9999, 58, -9999, 69, 5, -9999, -9999, -9999, 7, 92, 24, -9999, 86, -9999, 33, 38, -9999, 64, 10, 96, -9999, 17, -9999, -9999, -9999, 7, -9999, 25, -9999, 34, -9999, 7, 6, -9999, -9999, 9, -9999, -9999, -9999, -9999],
[83, -9999, -9999, 58, -9999, -9999, 88, 49, -9999, -9999, -9999, -9999, -9999, -9999, -9999, -9999, -9999, 55, -9999, -9999, 44, -9999, -9999, -9999, -9999, -9999, -9999, -9999, 88, -9999, -9999, -9999, -9999, -9999, -9999, -9999, -9999, -9999, 61, -9999, -9999, -9999, -9999, -9999, 54, -9999, -9999, -9999, 34, -9999, -9999, 21, -9999, 13, -9999, -9999, -9999, -9999, -9999, -9999, 1, -9999, 85, -9999, 2, 13, -9999, -9999, -9999, -9999, -9999, -9999, -9999, 13, -9999, -9999, 2, 51, -9999, -9999, 30, -9999, -9999, -9999, -9999, -9999, -9999, -9999, -9999, -9999, -9999, -9999, 31, -9999, -9999, -9999, -9999, -9999, -9999, 86],
[11, -9999, -9999, 69, -9999, -9999, 6, -9999, -9999, 61, -9999, 29, 78, -9999, 16, 9, -9999, -9999, -9999, -9999, -9999, -9999, -9999, 34, 37, -9999, 50, -9999, 82, 27, -9999, -9999, 98, -9999, 95, 53, 100, 85, 89, 76, -9999, 39, -9999, -9999, 62, -9999, 44, -9999, 72, -9999, 63, -9999, -9999, 11, 74, -9999, 60, -9999, 43, -9999, -9999, 95, 77, -9999, 73, 90, 87, -9999, -9999, 57, -9999, -9999, 12, -9999, 58, -9999, 24, -9999, 6, 58, 37, 87, -9999, -9999, 4, 18, 69, 87, 57, -9999, 5, 68, 4, -9999, -9999, -9999, 96, -9999, -9999, -9999],
[-9999, -9999, 65, 77, -9999, -9999, -9999, -9999, -9999, -9999, -9999, -9999, -9999, -9999, -9999, -9999, -9999, -9999, -9999, -9999, 40, -9999, -9999, -9999, -9999, -9999, -9999, 80, 2, -9999, -9999, -9999, -9999, -9999, -9999, -9999, -9999, -9999, -9999, -9999, -9999, -9999, -9999, -9999, 26, 76, -9999, 79, -9999, -9999, -9999, -9999, -9999, 83, -9999, -9999, -9999, -9999, 80, -9999, 33, 56, -9999, -9999, -9999, -9999, -9999, -9999, -9999, -9999, -9999, -9999, -9999, 96, -9999, -9999, -9999, 82, -9999, -9999, -9999, -9999, -9999, -9999, -9999, -9999, 32, 43, -9999, -9999, -9999, -9999, -9999, -9999, -9999, -9999, -9999, 13, -9999, -9999],
[63, -9999, 93, 32, -9999, 85, 18, -9999, -9999, -9999, -9999, -9999, -9999, -9999, 8, -9999, -9999, -9999, -9999, -9999, 46, 75, 29, 60, 68, 27, -9999, 26, 35, -9999, -9999, -9999, 75, 8, 36, -9999, -9999, 39, 11, 25, 1, -9999, 83, -9999, -9999, 60, -9999, 71, 52, -9999, -9999, -9999, -9999, -9999, 79, -9999, 42, 12, -9999, 27, 84, 45, -9999, 53, -9999, -9999, 21, -9999, 57, 36, -9999, -9999, 15, 24, -9999, -9999, -9999, -9999, 73, 83, -9999, -9999, -9999, 70, 62, -9999, -9999, -9999, -9999, -9999, -9999, -9999, -9999, -9999, -9999, 99, -9999, -9999, -9999, -9999],
[54, -9999, 59, 76, -9999, 41, 96, -9999, -9999, -9999, -9999, -9999, -9999, 94, 96, 87, -9999, -9999, -9999, -9999, 3, -9999, -9999, -9999, 29, 28, 35, 36, 23, 16, -9999, -9999, 46, 60, 56, -9999, -9999, -9999, -9999, -9999, 89, 91, 57, -9999, -9999, 43, 38, 87, 21, -9999, -9999, -9999, -9999, -9999, 91, -9999, 20, 83, -9999, -9999, -9999, 93, -9999, 75, 49, -9999, 43, -9999, -9999, 17, -9999, -9999, -9999, -9999, 89, 23, -9999, -9999, 45, -9999, 13, -9999, -9999, -9999, 56, 57, 21, 26, -9999, -9999, -9999, 32, 33, 30, -9999, 5, -9999, -9999, -9999, -9999],
[54, -9999, 24, 73, -9999, -9999, 18, -9999, -9999, -9999, -9999, -9999, -9999, -9999, -9999, -9999, -9999, -9999, -9999, -9999, 44, -9999, -9999, -9999, -9999, -9999, -9999, 14, 21, -9999, -9999, -9999, -9999, -9999, -9999, -9999, -9999, -9999, 10, -9999, -9999, -9999, -9999, -9999, 35, 82, -9999, -9999, -9999, -9999, -9999, -9999, -9999, 34, -9999, -9999, -9999, 32, 60, -9999, 97, 70, -9999, -9999, -9999, -9999, -9999, -9999, -9999, -9999, -9999, -9999, 88, -9999, -9999, -9999, -9999, -9999, -9999, -9999, 99, -9999, -9999, -9999, -9999, -9999, 45, 100, -9999, -9999, -9999, -9999, -9999, -9999, -9999, -9999, -9999, -9999, -9999, -9999],
[92, -9999, 30, -9999, 85, -9999, -9999, -9999, -9999, -9999, -9999, 48, -9999, -9999, 64, 27, 90, -9999, 4, -9999, 57, 29, -9999, 81, 56, 95, 35, -9999, -9999, -9999, -9999, -9999, -9999, 46, 52, -9999, -9999, 78, -9999, 54, -9999, -9999, -9999, -9999, -9999, 40, -9999, 68, -9999, -9999, 93, -9999, -9999, -9999, -9999, -9999, 100, 1, 80, 39, 36, 97, -9999, 46, 45, -9999, -9999, 67, 2, 17, -9999, -9999, 20, -9999, -9999, -9999, -9999, 48, 9, -9999, -9999, -9999, -9999, 66, 19, -9999, -9999, 58, -9999, -9999, -9999, 68, -9999, 9, -9999, -9999, -9999, -9999, -9999, -9999],
[19, -9999, -9999, 7, -9999, -9999, 64, -9999, -9999, -9999, -9999, -9999, -9999, -9999, -9999, -9999, -9999, -9999, -9999, -9999, 27, -9999, -9999, -9999, -9999, -9999, -9999, 64, 96, -9999, -9999, -9999, -9999, -9999, -9999, -9999, 70, -9999, -9999, -9999, -9999, -9999, -9999, -9999, 80, 85, -9999, 82, -9999, -9999, -9999, 34, -9999, 40, -9999, -9999, -9999, -9999, -9999, -9999, 39, -9999, -9999, -9999, 99, 46, -9999, -9999, -9999, -9999, -9999, -9999, -9999, -9999, -9999, -9999, -9999, -9999, -9999, -9999, -9999, -9999, -9999, -9999, -9999, -9999, -9999, 95, -9999, -9999, -9999, 98, -9999, -9999, -9999, -9999, -9999, -9999, -9999, -9999],
[75, -9999, -9999, -9999, -9999, -9999, -9999, -9999, -9999, -9999, -9999, -9999, -9999, -9999, -9999, -9999, -9999, -9999, 14, -9999, -9999, -9999, 44, -9999, -9999, -9999, -9999, -9999, -9999, -9999, -9999, -9999, -9999, -9999, 83, -9999, -9999, -9999, -9999, -9999, -9999, -9999, -9999, -9999, -9999, -9999, -9999, -9999, -9999, -9999, -9999, -9999, -9999, -9999, -9999, -9999, -9999, -9999, -9999, -9999, -9999, -9999, -9999, -9999, -9999, -9999, -9999, -9999, -9999, -9999, -9999, -9999, -9999, -9999, -9999, -9999, -9999, -9999, 80, -9999, -9999, -9999, -9999, -9999, 37, -9999, -9999, -9999, -9999, 6, -9999, 38, -9999, -9999, -9999, -9999, -9999, -9999, -9999, -9999],
[43, 64, 28, 79, 5, 41, 48, -9999, -9999, -9999, -9999, 10, -9999, -9999, 76, 65, 83, -9999, -9999, -9999, 10, 55, 24, 53, 33, 40, 28, 15, 10, -9999, -9999, -9999, 63, -9999, 11, -9999, -9999, 21, 95, 82, -9999, 35, 22, -9999, 30, -9999, -9999, 3, 81, -9999, -9999, -9999, -9999, 12, 33, -9999, -9999, -9999, -9999, 67, -9999, -9999, -9999, 39, 87, -9999, 16, -9999, 87, 30, -9999, -9999, 16, -9999, -9999, 99, -9999, -9999, 29, -9999, -9999, -9999, -9999, 100, 67, -9999, -9999, -9999, -9999, -9999, -9999, 48, 85, -9999, -9999, -9999, -9999, -9999, -9999, -9999],
[87, -9999, 97, 21, -9999, -9999, -9999, -9999, -9999, -9999, -9999, -9999, -9999, -9999, -9999, -9999, -9999, -9999, -9999, -9999, 100, -9999, -9999, -9999, -9999, -9999, -9999, 32, 4, -9999, -9999, -9999, -9999, -9999, -9999, -9999, -9999, -9999, -9999, -9999, -9999, -9999, -9999, -9999, 3, 43, -9999, -9999, 7, -9999, -9999, -9999, -9999, 43, -9999, 44, -9999, -9999, 19, -9999, 68, -9999, -9999, -9999, -9999, -9999, -9999, -9999, -9999, -9999, 29, -9999, -9999, 69, -9999, -9999, -9999, 24, -9999, -9999, 83, -9999, -9999, -9999, -9999, -9999, -9999, 77, -9999, -9999, -9999, -9999, -9999, -9999, -9999, -9999, -9999, -9999, -9999, -9999],
[65, 34, -9999, 16, -9999, 33, 72, -9999, -9999, -9999, -9999, -9999, -9999, -9999, 43, -9999, 44, -9999, -9999, -9999, 84, 31, 36, 82, 81, 23, 59, -9999, 94, 83, -9999, -9999, 75, -9999, -9999, -9999, -9999, -9999, 99, -9999, -9999, -9999, 11, -9999, 18, 4, 65, -9999, 55, -9999, -9999, -9999, -9999, 79, 96, -9999, 77, -9999, 34, 78, -9999, -9999, -9999, 8, 31, -9999, 15, -9999, 44, 60, -9999, 46, 9, -9999, 73, 73, -9999, -9999, -9999, -9999, 10, 3, -9999, 13, 90, -9999, -9999, 8, -9999, -9999, 40, -9999, 74, 9, -9999, 18, -9999, -9999, -9999, -9999],
[48, -9999, 79, -9999, -9999, 74, 19, -9999, -9999, 17, -9999, -9999, 84, -9999, 6, 28, -9999, -9999, -9999, -9999, 64, 56, -9999, -9999, 99, 59, -9999, 92, -9999, -9999, -9999, -9999, -9999, 53, 15, 22, -9999, -9999, -9999, 1, 65, 21, 59, -9999, -9999, 19, 13, -9999, -9999, -9999, 16, 11, -9999, 78, 71, -9999, 92, 100, 22, -9999, -9999, -9999, -9999, 68, -9999, 79, 3, -9999, 94, 22, -9999, -9999, 44, 85, 35, -9999, 85, 84, 14, 82, -9999, 51, -9999, 23, 25, 5, 83, -9999, 32, -9999, 71, 64, 96, -9999, 60, 14, -9999, -9999, -9999, -9999],
[9, -9999, 71, 94, -9999, 59, 12, -9999, -9999, -9999, -9999, 99, -9999, -9999, 42, 35, -9999, -9999, 62, -9999, 19, -9999, 98, 10, 49, -9999, -9999, 6, -9999, 66, -9999, 25, -9999, 76, -9999, -9999, -9999, -9999, 31, -9999, 82, -9999, -9999, 3, 5, 16, -9999, 55, -9999, -9999, 87, -9999, -9999, 63, 12, -9999, 90, 20, 36, -9999, 14, -9999, 49, 18, -9999, -9999, 74, -9999, 100, 50, -9999, -9999, -9999, -9999, -9999, -9999, -9999, -9999, 97, 57, 9, -9999, -9999, -9999, -9999, 25, 62, -9999, -9999, -9999, -9999, 77, -9999, 50, -9999, 8, -9999, -9999, -9999, -9999],
[31, -9999, -9999, 2, -9999, -9999, -9999, 56, -9999, -9999, -9999, -9999, -9999, -9999, -9999, -9999, -9999, -9999, -9999, -9999, -9999, -9999, -9999, -9999, -9999, -9999, -9999, 45, -9999, -9999, -9999, -9999, -9999, -9999, -9999, -9999, 11, -9999, -9999, -9999, 12, -9999, -9999, -9999, -9999, 29, -9999, 2, -9999, -9999, -9999, -9999, -9999, -9999, -9999, -9999, -9999, -9999, -9999, -9999, 52, 31, -9999, -9999, 32, -9999, -9999, -9999, -9999, -9999, -9999, -9999, 74, -9999, -9999, -9999, -9999, 49, -9999, -9999, -9999, -9999, -9999, -9999, -9999, 36, 10, -9999, -9999, -9999, -9999, 69, -9999, -9999, -9999, -9999, -9999, -9999, -9999, -9999],
[21, -9999, 50, 10, -9999, -9999, 56, -9999, -9999, -9999, -9999, -9999, -9999, -9999, -9999, -9999, -9999, -9999, -9999, -9999, -9999, -9999, -9999, -9999, -9999, -9999, 47, 25, -9999, -9999, -9999, -9999, -9999, -9999, 53, -9999, -9999, -9999, -9999, -9999, 13, -9999, -9999, -9999, 71, -9999, -9999, 2, -9999, -9999, -9999, -9999, -9999, -9999, -9999, -9999, -9999, -9999, -9999, -9999, 50, 26, -9999, -9999, -9999, -9999, -9999, -9999, -9999, -9999, -9999, -9999, -9999, 76, -9999, -9999, -9999, 66, -9999, -9999, 25, -9999, -9999, -9999, -9999, 98, -9999, 70, -9999, -9999, -9999, 72, -9999, -9999, -9999, -9999, -9999, -9999, -9999, -9999],
[98, -9999, -9999, 97, -9999, 84, -9999, -9999, -9999, 67, -9999, -9999, 54, -9999, 100, -9999, -9999, -9999, -9999, -9999, -9999, 90, 36, 28, 57, 45, -9999, 54, 13, -9999, -9999, -9999, 75, 10, -9999, -9999, -9999, -9999, 45, -9999, 69, 88, -9999, -9999, 90, -9999, 96, -9999, -9999, -9999, 20, -9999, -9999, -9999, 44, -9999, 97, -9999, 17, 33, 32, 30, -9999, 92, 60, 63, -9999, -9999, -9999, 30, -9999, 12, -9999, 91, 83, 51, 33, 30, -9999, 44, -9999, 51, -9999, -9999, -9999, 89, 65, 24, 66, -9999, 100, -9999, -9999, -9999, -9999, 18, 74, -9999, -9999, -9999],
[18, -9999, 67, 50, -9999, -9999, -9999, -9999, -9999, -9999, -9999, -9999, -9999, -9999, -9999, -9999, -9999, 68, -9999, -9999, 74, -9999, -9999, -9999, -9999, -9999, 87, -9999, 62, -9999, -9999, -9999, -9999, -9999, 50, -9999, 60, -9999, 53, -9999, 81, -9999, -9999, -9999, 60, -9999, -9999, 31, 49, -9999, -9999, -9999, -9999, 1, -9999, -9999, -9999, -9999, 33, -9999, -9999, 22, -9999, -9999, 84, -9999, -9999, -9999, -9999, -9999, -9999, -9999, 6, 56, -9999, -9999, -9999, -9999, -9999, -9999, 53, -9999, -9999, -9999, -9999, -9999, 49, 80, -9999, -9999, -9999, 28, -9999, -9999, -9999, -9999, -9999, -9999, -9999, -9999],
[40, -9999, -9999, 44, -9999, 56, -9999, -9999, -9999, -9999, -9999, -9999, -9999, -9999, -9999, 61, -9999, -9999, -9999, -9999, 3, -9999, -9999, -9999, 71, -9999, 89, -9999, -9999, -9999, 31, -9999, -9999, 1, 94, -9999, 14, -9999, 56, 93, 37, -9999, 1, 83, 77, -9999, 79, 87, -9999, -9999, -9999, -9999, -9999, 77, 63, -9999, 91, 58, -9999, -9999, -9999, -9999, -9999, -9999, 97, -9999, 60, -9999, -9999, 22, -9999, -9999, -9999, -9999, 96, -9999, -9999, -9999, 79, -9999, -9999, -9999, -9999, 83, 27, -9999, 38, 94, -9999, -9999, -9999, 85, 56, 76, -9999, 73, -9999, -9999, -9999, -9999],
[11, -9999, -9999, -9999, -9999, 12, -9999, -9999, -9999, -9999, -9999, -9999, -9999, -9999, 98, 13, 87, -9999, -9999, -9999, -9999, -9999, -9999, -9999, 12, -9999, 43, -9999, 85, 13, -9999, 15, 91, -9999, 42, -9999, 16, 52, 31, 96, -9999, 36, -9999, -9999, -9999, -9999, -9999, -9999, 81, -9999, -9999, -9999, -9999, 5, 91, -9999, 38, 39, 50, -9999, 71, -9999, -9999, 43, 92, -9999, -9999, -9999, 42, 86, -9999, -9999, -9999, 6, -9999, 82, -9999, -9999, -9999, -9999, -9999, 66, -9999, 43, 69, 81, 32, 47, -9999, -9999, -9999, 21, -9999, 56, -9999, 83, -9999, -9999, -9999, 58],
[53, -9999, 71, -9999, -9999, -9999, -9999, -9999, -9999, -9999, -9999, -9999, -9999, -9999, 64, 68, -9999, -9999, 14, -9999, -9999, -9999, -9999, 56, -9999, 9, 58, 28, -9999, 65, -9999, -9999, -9999, 65, -9999, -9999, 18, -9999, -9999, 1, -9999, 77, -9999, -9999, -9999, -9999, 32, 41, 31, -9999, 83, -9999, -9999, 29, 5, -9999, -9999, 37, -9999, 46, 72, 86, -9999, -9999, -9999, -9999, -9999, -9999, -9999, 43, -9999, -9999, 92, 77, 3, 92, -9999, -9999, -9999, 60, -9999, 54, -9999, 21, 54, 83, 23, 42, -9999, -9999, 14, -9999, 49, 100, -9999, 99, -9999, 76, -9999, -9999],
[4, 47, 40, 73, -9999, -9999, -9999, -9999, -9999, -9999, -9999, -9999, -9999, -9999, 36, 33, 74, -9999, -9999, -9999, -9999, 15, 28, 34, 32, -9999, 82, 54, -9999, 4, -9999, -9999, -9999, 18, 89, -9999, 71, -9999, 46, 49, -9999, 78, -9999, 7, -9999, -9999, -9999, 60, 89, -9999, 1, -9999, 83, -9999, -9999, -9999, 22, 34, -9999, -9999, -9999, -9999, -9999, -9999, 37, -9999, 62, -9999, 39, 68, -9999, -9999, -9999, 61, 66, -9999, -9999, -9999, -9999, -9999, 56, 38, -9999, 57, 25, 36, 61, -9999, -9999, 38, 88, 94, -9999, -9999, -9999, 29, -9999, -9999, -9999, 88],
[33, -9999, 64, 93, -9999, 100, 43, -9999, -9999, -9999, -9999, 93, -9999, -9999, 61, -9999, -9999, 100, 10, -9999, 14, -9999, 80, -9999, 2, -9999, -9999, 99, 12, -9999, 78, -9999, 7, 63, 36, -9999, -9999, 75, 79, -9999, 60, 33, 94, -9999, 73, -9999, -9999, -9999, 13, -9999, -9999, -9999, -9999, 47, -9999, -9999, -9999, 79, 47, 58, 42, 40, -9999, -9999, 26, -9999, -9999, -9999, 7, 68, -9999, -9999, 6, -9999, 60, -9999, -9999, -9999, 29, 37, -9999, -9999, -9999, 65, 21, 1, 1, 97, -9999, -9999, 64, 69, 95, 17, -9999, 84, -9999, 37, -9999, -9999],
[88, -9999, -9999, 91, 89, -9999, -9999, -9999, -9999, -9999, -9999, -9999, -9999, -9999, 44, 38, 78, 19, -9999, -9999, 10, 92, -9999, -9999, 14, 8, 77, -9999, 65, 5, -9999, -9999, 43, 20, 46, -9999, 2, -9999, 84, 63, 38, 16, -9999, -9999, 30, -9999, -9999, 82, 68, -9999, 68, -9999, -9999, 26, -9999, -9999, 30, 94, -9999, 88, 20, 42, -9999, 51, 4, -9999, 100, -9999, 6, 16, 69, -9999, -9999, -9999, -9999, 27, -9999, -9999, 58, 48, 52, 2, -9999, 93, 97, -9999, 34, 53, -9999, -9999, 31, 61, 92, -9999, -9999, 62, -9999, -9999, -9999, -9999],
[12, -9999, -9999, 28, -9999, 61, -9999, -9999, -9999, -9999, -9999, -9999, -9999, -9999, 98, 50, -9999, -9999, 93, -9999, 50, 75, -9999, 63, 94, -9999, 45, -9999, -9999, 73, -9999, -9999, -9999, 69, -9999, -9999, 97, -9999, 35, -9999, 20, 73, 24, -9999, -9999, -9999, 85, 93, 90, -9999, 6, -9999, -9999, 84, 16, 100, 21, -9999, 28, -9999, 18, 35, -9999, 48, 12, -9999, -9999, -9999, 59, 55, -9999, -9999, 94, 75, 46, -9999, -9999, 33, -9999, -9999, 57, 96, -9999, -9999, 46, 40, 54, -9999, -9999, -9999, -9999, 68, 36, -9999, -9999, -9999, -9999, -9999, -9999, -9999],
[97, -9999, 16, 80, -9999, 60, 9, -9999, 48, 43, -9999, -9999, 48, -9999, 68, 1, -9999, 3, -9999, -9999, -9999, -9999, -9999, 47, 79, 37, 3, -9999, 31, -9999, -9999, -9999, 77, -9999, -9999, 97, 58, -9999, 100, 55, 5, 95, -9999, -9999, 60, 95, -9999, 48, 1, -9999, -9999, -9999, -9999, 59, -9999, -9999, -9999, 43, 7, 60, 77, -9999, -9999, 35, -9999, 76, 58, -9999, -9999, 18, -9999, -9999, -9999, 94, 5, 20, 53, 1, 74, -9999, -9999, 20, 95, 67, 44, -9999, 47, 42, -9999, -9999, -9999, -9999, -9999, 37, -9999, -9999, 44, -9999, -9999, -9999],
[-9999, -9999, -9999, 54, -9999, -9999, 51, -9999, -9999, -9999, -9999, -9999, -9999, -9999, -9999, -9999, -9999, -9999, -9999, -9999, -9999, -9999, -9999, -9999, -9999, -9999, -9999, -9999, 89, -9999, -9999, -9999, -9999, -9999, 91, -9999, 66, -9999, -9999, -9999, 36, -9999, -9999, -9999, 27, 79, -9999, -9999, -9999, -9999, -9999, -9999, -9999, -9999, -9999, -9999, -9999, 77, 38, -9999, -9999, -9999, -9999, -9999, -9999, -9999, -9999, -9999, -9999, -9999, -9999, -9999, -9999, 66, -9999, -9999, -9999, 75, -9999, -9999, -9999, -9999, -9999, -9999, -9999, -9999, -9999, -9999, -9999, -9999, -9999, -9999, 86, -9999, -9999, -9999, -9999, -9999, -9999, -9999],
[55, -9999, 2, 60, -9999, 98, -9999, -9999, -9999, -9999, -9999, 95, -9999, -9999, -9999, 25, 5, -9999, 76, -9999, -9999, -9999, -9999, -9999, 91, -9999, -9999, 61, 81, -9999, -9999, -9999, -9999, 35, -9999, -9999, 61, 60, 71, -9999, -9999, -9999, 27, -9999, 43, 68, 2, 94, -9999, -9999, 27, -9999, -9999, 87, -9999, -9999, -9999, -9999, 54, 77, -9999, 76, -9999, -9999, 26, -9999, 16, 12, -9999, 32, -9999, -9999, 93, 17, 33, 61, -9999, 97, -9999, 6, 79, 92, -9999, 45, -9999, 54, 4, -9999, -9999, -9999, -9999, 76, 95, 90, -9999, 75, -9999, -9999, -9999, -9999],
[33, -9999, 12, -9999, 16, 29, 7, -9999, -9999, -9999, -9999, 54, -9999, -9999, 20, -9999, 22, -9999, -9999, -9999, 73, -9999, 78, -9999, 34, -9999, 41, 62, -9999, 29, -9999, -9999, -9999, 6, 100, -9999, 72, 56, 3, 48, -9999, 69, -9999, -9999, -9999, -9999, 10, -9999, 74, -9999, 89, -9999, -9999, -9999, -9999, -9999, 19, 73, -9999, -9999, 56, -9999, -9999, 13, 17, -9999, 57, -9999, -9999, 30, -9999, -9999, -9999, 93, 99, 77, -9999, 4, 22, 89, -9999, -9999, -9999, 66, -9999, 1, 93, 88, -9999, -9999, -9999, 24, 5, 10, -9999, -9999, -9999, -9999, -9999, -9999],
[98, -9999, 68, -9999, -9999, 54, 55, -9999, -9999, 45, -9999, 7, 21, 13, 58, 68, 18, -9999, 46, -9999, -9999, 15, -9999, 31, 90, 51, 88, 70, 53, 93, -9999, -9999, -9999, -9999, 62, 87, -9999, 97, -9999, -9999, -9999, -9999, 92, -9999, -9999, 2, 21, 9, 70, -9999, -9999, 29, -9999, -9999, -9999, -9999, 48, 8, -9999, 23, 84, 45, -9999, 70, -9999, 11, 13, -9999, -9999, 48, -9999, -9999, 36, -9999, 95, -9999, -9999, 84, -9999, 50, -9999, 46, -9999, 87, 28, 54, -9999, -9999, 61, -9999, -9999, -9999, 65, 61, 72, -9999, -9999, -9999, -9999, 61],
[77, -9999, 2, -9999, -9999, -9999, -9999, -9999, -9999, -9999, -9999, -9999, -9999, -9999, -9999, -9999, -9999, -9999, 16, -9999, -9999, -9999, -9999, -9999, -9999, -9999, -9999, -9999, -9999, -9999, -9999, -9999, -9999, -9999, -9999, -9999, -9999, -9999, -9999, -9999, -9999, -9999, -9999, -9999, -9999, -9999, -9999, -9999, -9999, -9999, -9999, -9999, -9999, -9999, -9999, -9999, -9999, -9999, -9999, -9999, -9999, -9999, -9999, -9999, 36, -9999, -9999, -9999, -9999, -9999, -9999, -9999, -9999, -9999, -9999, -9999, -9999, -9999, -9999, -9999, -9999, -9999, -9999, 11, -9999, -9999, -9999, -9999, -9999, -9999, -9999, 76, -9999, -9999, -9999, -9999, -9999, -9999, -9999, -9999],
[1, -9999, -9999, -9999, -9999, -9999, -9999, -9999, -9999, -9999, -9999, -9999, -9999, -9999, -9999, -9999, -9999, -9999, 20, -9999, -9999, -9999, 91, -9999, -9999, -9999, -9999, -9999, -9999, -9999, -9999, -9999, -9999, -9999, -9999, -9999, -9999, -9999, -9999, -9999, -9999, -9999, -9999, -9999, -9999, -9999, -9999, -9999, -9999, -9999, -9999, -9999, -9999, -9999, -9999, -9999, -9999, -9999, -9999, -9999, -9999, -9999, -9999, -9999, 20, -9999, -9999, -9999, -9999, -9999, -9999, -9999, -9999, -9999, -9999, -9999, -9999, -9999, 97, 85, -9999, -9999, -9999, 70, -9999, -9999, -9999, -9999, -9999, -9999, -9999, 85, -9999, -9999, -9999, -9999, -9999, -9999, -9999, -9999],
[46, -9999, 16, 78, -9999, 9, 62, -9999, -9999, -9999, -9999, 86, -9999, 43, 8, 92, 38, -9999, -9999, -9999, 56, -9999, 9, 52, 50, -9999, 9, 80, 39, -9999, -9999, -9999, 69, -9999, 60, -9999, -9999, 39, 13, 42, 9, 75, -9999, -9999, 41, 93, 94, 92, 68, -9999, 86, -9999, 7, 52, 69, -9999, -9999, 98, -9999, -9999, -9999, 12, -9999, 35, -9999, -9999, 57, -9999, 50, 31, -9999, -9999, 37, 79, 45, 80, -9999, 17, 27, -9999, 27, 70, -9999, 60, 50, 98, -9999, 82, -9999, -9999, 8, 47, 34, -9999, -9999, 32, -9999, -9999, -9999, -9999],
[13, -9999, -9999, -9999, -9999, -9999, 10, 51, -9999, -9999, -9999, 65, -9999, -9999, 47, -9999, -9999, -9999, -9999, -9999, -9999, 77, 38, 51, 85, 6, 70, 74, 92, 29, -9999, -9999, -9999, -9999, 46, -9999, 52, -9999, -9999, 58, 3, 84, 71, -9999, 36, -9999, 66, 61, 8, -9999, -9999, -9999, 70, 83, 78, 72, 38, 32, 89, 41, -9999, 45, -9999, 99, 10, -9999, 95, -9999, 3, 65, -9999, 95, -9999, 21, 91, 30, -9999, -9999, -9999, 88, 55, -9999, -9999, 38, 29, 78, -9999, 69, -9999, -9999, 50, 22, 25, 8, -9999, -9999, -9999, -9999, -9999, -9999],
[13, -9999, 63, -9999, -9999, -9999, -9999, -9999, -9999, -9999, -9999, -9999, -9999, -9999, -9999, -9999, -9999, -9999, -9999, -9999, -9999, -9999, -9999, -9999, -9999, -9999, 94, 83, 25, -9999, -9999, -9999, -9999, -9999, -9999, -9999, -9999, -9999, -9999, -9999, 50, -9999, -9999, -9999, -9999, -9999, -9999, -9999, -9999, -9999, -9999, -9999, -9999, -9999, -9999, -9999, -9999, 32, 22, -9999, -9999, 21, -9999, -9999, 17, -9999, -9999, -9999, -9999, -9999, -9999, -9999, 61, -9999, -9999, -9999, -9999, -9999, -9999, -9999, -9999, -9999, -9999, -9999, -9999, 39, -9999, -9999, -9999, -9999, -9999, 2, -9999, -9999, -9999, -9999, -9999, -9999, -9999, -9999],
[36, -9999, 76, -9999, -9999, -9999, -9999, -9999, -9999, -9999, -9999, -9999, -9999, -9999, -9999, -9999, -9999, -9999, -9999, -9999, -9999, -9999, -9999, -9999, -9999, -9999, -9999, -9999, -9999, -9999, -9999, -9999, -9999, -9999, -9999, -9999, -9999, -9999, -9999, -9999, -9999, -9999, -9999, -9999, -9999, -9999, -9999, -9999, -9999, -9999, -9999, -9999, -9999, -9999, -9999, -9999, -9999, -9999, -9999, -9999, -9999, -9999, -9999, -9999, 50, -9999, -9999, -9999, -9999, -9999, -9999, -9999, -9999, -9999, -9999, -9999, -9999, -9999, -9999, -9999, -9999, -9999, -9999, -9999, -9999, -9999, -9999, -9999, -9999, -9999, -9999, -9999, -9999, -9999, -9999, -9999, -9999, -9999, -9999, -9999],
[46, -9999, -9999, -9999, -9999, -9999, 67, -9999, -9999, -9999, -9999, 40, -9999, -9999, 37, 74, -9999, -9999, 56, -9999, 41, -9999, 97, 65, 56, -9999, -9999, 83, -9999, -9999, -9999, 99, 24, 59, -9999, -9999, -9999, -9999, -9999, 97, -9999, 12, -9999, -9999, 14, -9999, -9999, -9999, -9999, 11, 92, -9999, -9999, 48, -9999, -9999, -9999, 85, 46, 87, 45, 6, -9999, 73, 26, -9999, -9999, -9999, -9999, 5, -9999, -9999, 38, -9999, 35, 60, -9999, -9999, 14, -9999, -9999, 95, -9999, -9999, 44, 72, 76, 51, -9999, -9999, 90, 81, -9999, 85, -9999, 64, -9999, -9999, -9999, -9999],
[78, -9999, 30, -9999, -9999, -9999, 18, -9999, -9999, -9999, -9999, -9999, -9999, -9999, -9999, -9999, -9999, -9999, -9999, -9999, 99, -9999, -9999, -9999, -9999, -9999, -9999, 34, -9999, -9999, -9999, -9999, -9999, -9999, 30, -9999, 65, -9999, -9999, -9999, -9999, -9999, -9999, 93, -9999, 13, -9999, 24, 87, -9999, -9999, -9999, -9999, 78, -9999, 12, -9999, 18, 66, -9999, -9999, -9999, -9999, -9999, -9999, -9999, -9999, -9999, -9999, -9999, -9999, -9999, 31, 10, -9999, -9999, -9999, 68, -9999, -9999, 44, -9999, -9999, -9999, -9999, 87, 94, 5, -9999, -9999, -9999, 18, -9999, -9999, -9999, -9999, -9999, -9999, -9999, -9999],
[74, -9999, -9999, 66, -9999, 90, 84, -9999, -9999, -9999, -9999, -9999, 44, -9999, 65, 50, 67, -9999, 87, -9999, -9999, -9999, 8, -9999, 19, 42, 51, -9999, 55, 70, -9999, -9999, 50, 44, -9999, 78, -9999, 71, 13, 67, 8, 62, -9999, -9999, 98, -9999, -9999, -9999, -9999, -9999, 31, 21, -9999, 90, -9999, -9999, -9999, -9999, -9999, -9999, 47, -9999, -9999, -9999, 58, 71, 88, -9999, -9999, 89, -9999, -9999, -9999, -9999, 24, -9999, 95, 20, 69, 24, -9999, 20, -9999, 14, 98, -9999, -9999, -9999, 72, -9999, 73, 79, -9999, 69, -9999, 44, 46, 52, -9999, -9999],
[100, -9999, -9999, 48, -9999, -9999, 81, -9999, -9999, -9999, -9999, -9999, -9999, -9999, 4, 50, 1, -9999, 32, -9999, 51, 22, 3, 43, 78, 58, 56, 12, 61, 41, -9999, -9999, 83, 25, -9999, -9999, 40, 72, -9999, 52, -9999, 64, -9999, -9999, -9999, 5, 50, -9999, 1, -9999, 88, -9999, -9999, 6, 19, -9999, 16, 17, 15, 20, 15, -9999, -9999, 84, 54, -9999, 100, -9999, 34, 89, -9999, -9999, 68, 72, -9999, 39, -9999, 91, 57, -9999, 40, 58, -9999, 44, 48, -9999, 23, -9999, -9999, -9999, 98, 4, 95, -9999, -9999, 7, -9999, -9999, -9999, -9999],
[47, -9999, -9999, 44, -9999, -9999, -9999, 92, -9999, -9999, -9999, 71, -9999, -9999, 85, 91, 61, -9999, 76, -9999, -9999, -9999, -9999, -9999, 99, 33, -9999, 5, 31, -9999, -9999, -9999, 78, 94, 4, -9999, -9999, 37, 57, 73, 36, 70, -9999, -9999, -9999, 22, -9999, 87, -9999, -9999, -9999, -9999, -9999, 29, -9999, -9999, -9999, 77, -9999, -9999, -9999, 21, 4, 98, 44, -9999, -9999, -9999, -9999, -9999, -9999, -9999, 7, 62, 18, 44, -9999, 1, 11, -9999, -9999, 26, -9999, -9999, 27, -9999, -9999, -9999, -9999, -9999, -9999, 94, 89, -9999, -9999, 6, -9999, -9999, -9999, -9999],
[23, -9999, 52, -9999, -9999, -9999, -9999, -9999, -9999, -9999, -9999, -9999, -9999, -9999, -9999, -9999, -9999, -9999, -9999, -9999, -9999, -9999, 62, -9999, -9999, -9999, -9999, -9999, -9999, -9999, -9999, -9999, -9999, -9999, 93, -9999, -9999, -9999, -9999, -9999, -9999, -9999, -9999, -9999, -9999, -9999, -9999, -9999, -9999, -9999, -9999, -9999, 48, -9999, -9999, -9999, -9999, -9999, -9999, -9999, -9999, -9999, -9999, -9999, -9999, -9999, -9999, -9999, -9999, -9999, -9999, -9999, -9999, -9999, -9999, -9999, -9999, -9999, 72, 56, -9999, -9999, -9999, -9999, 21, -9999, -9999, -9999, -9999, -9999, -9999, 33, -9999, -9999, -9999, -9999, -9999, -9999, -9999, -9999],
[1, -9999, 26, 63, -9999, -9999, 35, -9999, -9999, -9999, -9999, -9999, -9999, -9999, -9999, -9999, -9999, -9999, -9999, -9999, 2, -9999, -9999, -9999, -9999, -9999, -9999, 10, 6, -9999, -9999, -9999, -9999, -9999, 11, -9999, -9999, -9999, -9999, -9999, 83, -9999, -9999, -9999, 63, 56, -9999, 59, 25, -9999, -9999, 36, -9999, -9999, -9999, -9999, -9999, 4, 42, -9999, 73, 73, 54, -9999, -9999, 65, -9999, -9999, -9999, -9999, -9999, -9999, 46, 44, -9999, -9999, 27, 57, -9999, -9999, 16, -9999, -9999, -9999, -9999, -9999, 43, -9999, -9999, -9999, -9999, -9999, 67, -9999, -9999, -9999, -9999, -9999, 66, -9999],
[2, -9999, 12, 58, -9999, -9999, 5, -9999, -9999, -9999, -9999, -9999, -9999, -9999, -9999, -9999, -9999, -9999, -9999, -9999, -9999, -9999, -9999, -9999, -9999, -9999, 74, 50, -9999, -9999, -9999, -9999, -9999, -9999, 16, -9999, 68, -9999, 9, -9999, 8, -9999, -9999, -9999, -9999, 95, -9999, -9999, 86, -9999, -9999, -9999, -9999, -9999, -9999, -9999, -9999, 45, 72, -9999, -9999, 47, -9999, -9999, 79, -9999, -9999, -9999, -9999, -9999, -9999, -9999, -9999, 3, -9999, -9999, -9999, -9999, -9999, -9999, -9999, -9999, -9999, -9999, -9999, -9999, -9999, 76, -9999, -9999, -9999, -9999, 69, -9999, -9999, -9999, -9999, -9999, -9999, 89],
[51, -9999, -9999, 5, 88, -9999, -9999, -9999, -9999, -9999, -9999, 72, -9999, -9999, 80, -9999, 83, -9999, -9999, -9999, 42, -9999, -9999, -9999, 39, 23, 68, 98, 37, -9999, -9999, -9999, -9999, -9999, 4, -9999, 22, 47, 73, -9999, -9999, 30, 68, -9999, 61, 48, -9999, -9999, -9999, -9999, -9999, -9999, -9999, -9999, 6, -9999, -9999, -9999, 47, 63, 36, 53, -9999, 86, 20, -9999, -9999, -9999, 79, 96, -9999, -9999, 53, 79, 98, -9999, -9999, -9999, 82, 57, -9999, 77, -9999, 69, 9, 25, -9999, 43, -9999, -9999, 61, 61, -9999, -9999, -9999, -9999, -9999, -9999, -9999, 28],
[11, -9999, 22, 91, -9999, 94, 26, -9999, -9999, -9999, -9999, -9999, -9999, -9999, 33, 96, 60, -9999, -9999, -9999, -9999, 50, 33, 57, 80, 73, -9999, 36, -9999, -9999, -9999, 56, -9999, -9999, 17, -9999, -9999, 16, -9999, -9999, 86, 49, 86, 19, 46, 40, -9999, -9999, 53, -9999, 80, -9999, -9999, 75, -9999, -9999, 16, 90, 26, 50, 95, -9999, 38, -9999, 52, -9999, 62, -9999, 7, 70, -9999, -9999, -9999, -9999, 15, 71, -9999, -9999, 11, -9999, -9999, -9999, -9999, -9999, -9999, 80, 78, 36, -9999, -9999, 27, -9999, 96, 5, -9999, 59, -9999, -9999, -9999, 49],
[67, -9999, 38, 43, -9999, -9999, -9999, -9999, -9999, -9999, -9999, -9999, -9999, -9999, -9999, -9999, -9999, -9999, -9999, -9999, -9999, -9999, -9999, -9999, -9999, -9999, 96, 80, 69, -9999, -9999, -9999, -9999, -9999, 69, -9999, 55, -9999, 15, -9999, 64, -9999, -9999, -9999, 18, -9999, -9999, 44, -9999, -9999, -9999, -9999, -9999, 71, -9999, -9999, -9999, -9999, -9999, -9999, 97, -9999, -9999, -9999, -9999, -9999, -9999, -9999, -9999, -9999, -9999, -9999, 79, 81, -9999, -9999, -9999, 83, -9999, -9999, 93, -9999, -9999, -9999, -9999, 65, 31, 40, -9999, -9999, -9999, -9999, 5, -9999, -9999, -9999, -9999, -9999, -9999, -9999],
[3, -9999, -9999, -9999, -9999, 12, 56, -9999, -9999, -9999, -9999, -9999, -9999, -9999, -9999, 84, 95, 87, 46, -9999, 98, -9999, 84, -9999, 15, -9999, -9999, 23, 99, -9999, -9999, -9999, 92, 14, 45, -9999, -9999, -9999, 81, 35, 9, 24, 54, 32, -9999, 9, 35, -9999, 72, -9999, -9999, -9999, -9999, -9999, -9999, -9999, 7, 82, 47, 43, 80, -9999, -9999, 51, 23, -9999, 84, -9999, 70, 92, -9999, -9999, 86, -9999, 14, 31, -9999, -9999, -9999, -9999, 19, 73, -9999, 61, -9999, 87, -9999, -9999, -9999, -9999, -9999, -9999, 76, -9999, -9999, 18, -9999, -9999, -9999, -9999],
[68, -9999, -9999, -9999, -9999, 95, 74, -9999, -9999, -9999, -9999, 64, -9999, -9999, 81, 95, 81, -9999, 92, -9999, 21, -9999, -9999, -9999, 16, 51, -9999, 34, 87, 32, -9999, -9999, -9999, -9999, 70, -9999, 79, 40, -9999, -9999, -9999, -9999, 73, -9999, -9999, 97, 62, -9999, -9999, -9999, 8, -9999, -9999, -9999, -9999, -9999, 15, 44, 97, -9999, 22, 6, 59, 50, -9999, -9999, 29, -9999, 77, 52, -9999, -9999, -9999, 79, 56, 4, -9999, -9999, 62, -9999, -9999, -9999, -9999, 95, -9999, 22, -9999, -9999, -9999, 47, 1, 86, -9999, -9999, -9999, -9999, -9999, -9999, -9999, -9999],
[69, -9999, 80, 8, 34, -9999, -9999, -9999, -9999, -9999, -9999, -9999, -9999, -9999, -9999, -9999, -9999, -9999, -9999, -9999, 79, -9999, -9999, -9999, -9999, -9999, 16, 4, 7, -9999, -9999, -9999, -9999, -9999, 28, -9999, -9999, -9999, 65, -9999, -9999, -9999, -9999, -9999, 30, 96, -9999, 88, 73, -9999, -9999, -9999, -9999, -9999, -9999, -9999, -9999, 10, 59, -9999, 100, 16, -9999, -9999, 41, -9999, -9999, -9999, -9999, -9999, -9999, -9999, -9999, 52, -9999, -9999, -9999, -9999, -9999, -9999, 8, -9999, -9999, -9999, -9999, 84, -9999, 99, -9999, -9999, -9999, -9999, -9999, -9999, -9999, -9999, -9999, -9999, -9999, -9999],
[87, 41, -9999, 6, -9999, -9999, 2, -9999, 11, -9999, -9999, 92, -9999, -9999, 3, 3, 25, -9999, 2, -9999, -9999, 39, 72, 86, 27, -9999, 60, -9999, 37, 86, -9999, -9999, 36, -9999, 60, -9999, 71, 72, 89, 12, 40, -9999, -9999, -9999, 40, 31, 100, -9999, 22, -9999, 66, -9999, 35, 78, -9999, -9999, 3, -9999, -9999, -9999, 80, -9999, -9999, 34, 61, -9999, 96, -9999, 92, 10, -9999, -9999, -9999, -9999, -9999, 56, -9999, -9999, -9999, -9999, 67, -9999, -9999, -9999, 78, -9999, 28, 61, -9999, -9999, 71, 18, -9999, 80, -9999, -9999, -9999, -9999, -9999, -9999],
[42, -9999, 37, 53, -9999, -9999, 58, -9999, -9999, -9999, -9999, -9999, -9999, -9999, -9999, -9999, -9999, -9999, -9999, -9999, 63, -9999, -9999, -9999, -9999, -9999, 53, -9999, 38, -9999, -9999, -9999, -9999, -9999, 75, -9999, 6, -9999, 71, -9999, 9, -9999, -9999, -9999, -9999, 32, -9999, 62, 75, -9999, -9999, -9999, -9999, -9999, -9999, -9999, -9999, -9999, 33, -9999, 13, 54, 33, -9999, 96, 82, -9999, -9999, -9999, -9999, -9999, -9999, -9999, 42, -9999, -9999, -9999, 32, -9999, -9999, 82, -9999, -9999, -9999, -9999, 78, -9999, -9999, -9999, -9999, -9999, 2, 16, -9999, -9999, -9999, -9999, 33, -9999, -9999],
[97, 12, 97, 86, -9999, -9999, -9999, -9999, 32, -9999, -9999, -9999, -9999, -9999, 81, -9999, 55, -9999, 85, -9999, 96, -9999, -9999, 81, 66, 60, -9999, -9999, -9999, 1, 88, -9999, 68, 34, -9999, -9999, 11, 32, 43, 78, 51, -9999, 78, -9999, 53, 26, 73, 64, 56, -9999, 93, -9999, -9999, -9999, 31, -9999, -9999, 75, -9999, 64, 23, -9999, -9999, 92, 82, -9999, 45, -9999, -9999, 35, -9999, -9999, -9999, -9999, 6, 42, -9999, 10, -9999, -9999, 35, -9999, -9999, 76, 79, 93, 3, 98, -9999, -9999, 59, -9999, -9999, -9999, -9999, 25, -9999, -9999, -9999, -9999],
[1, -9999, 19, 65, -9999, -9999, -9999, -9999, -9999, -9999, -9999, -9999, -9999, -9999, -9999, -9999, -9999, -9999, -9999, -9999, -9999, -9999, -9999, -9999, -9999, -9999, 14, 1, 43, -9999, -9999, -9999, -9999, -9999, -9999, -9999, -9999, -9999, -9999, -9999, -9999, -9999, -9999, 44, -9999, 13, -9999, 72, 82, -9999, -9999, -9999, -9999, 26, -9999, -9999, -9999, -9999, 84, -9999, -9999, -9999, -9999, -9999, -9999, -9999, -9999, -9999, -9999, -9999, -9999, -9999, 74, 57, -9999, -9999, -9999, -9999, -9999, -9999, 70, -9999, -9999, -9999, -9999, 58, -9999, 9, -9999, -9999, -9999, 63, 33, -9999, -9999, -9999, -9999, -9999, -9999, -9999],
[7, -9999, 56, 66, -9999, 85, 75, -9999, -9999, -9999, -9999, 80, -9999, -9999, 30, 11, 43, -9999, 88, -9999, -9999, -9999, 42, 33, 11, 99, 98, 88, 30, 73, -9999, -9999, -9999, -9999, -9999, -9999, 93, -9999, 57, 86, -9999, -9999, 57, -9999, -9999, -9999, -9999, -9999, -9999, -9999, 55, -9999, -9999, -9999, 85, -9999, -9999, -9999, -9999, -9999, 95, 94, -9999, -9999, 38, -9999, -9999, -9999, -9999, 82, -9999, -9999, -9999, 3, 23, -9999, -9999, 58, -9999, 75, 80, 15, -9999, 34, 98, 39, 92, 22, -9999, 63, 52, -9999, 17, -9999, -9999, 48, -9999, -9999, -9999, -9999],
[96, -9999, 75, -9999, -9999, -9999, -9999, -9999, -9999, -9999, -9999, -9999, -9999, -9999, -9999, -9999, -9999, -9999, 96, -9999, -9999, -9999, 9, -9999, -9999, -9999, -9999, -9999, -9999, -9999, -9999, -9999, -9999, -9999, 41, -9999, -9999, -9999, -9999, -9999, -9999, -9999, -9999, -9999, -9999, -9999, -9999, -9999, -9999, -9999, -9999, -9999, 17, -9999, -9999, -9999, -9999, -9999, -9999, -9999, -9999, -9999, -9999, -9999, 88, -9999, -9999, -9999, -9999, -9999, -9999, -9999, -9999, -9999, -9999, -9999, -9999, -9999, 27, 44, -9999, -9999, -9999, 89, -9999, -9999, -9999, -9999, -9999, -9999, -9999, 83, -9999, -9999, -9999, -9999, -9999, -9999, -9999, -9999],
[48, -9999, -9999, -9999, -9999, 15, 88, -9999, -9999, -9999, -9999, 86, -9999, 95, 72, 55, -9999, -9999, 37, -9999, 26, -9999, -9999, -9999, 58, 49, -9999, 45, -9999, -9999, -9999, -9999, 79, -9999, 40, -9999, -9999, 97, 84, 10, 49, -9999, -9999, -9999, 81, -9999, 9, -9999, 82, -9999, 80, -9999, -9999, -9999, 81, -9999, 61, -9999, -9999, -9999, -9999, -9999, -9999, -9999, -9999, -9999, 8, -9999, -9999, 39, 67, -9999, -9999, -9999, 54, 31, -9999, 56, -9999, 4, 72, -9999, -9999, 43, 63, 79, -9999, -9999, -9999, -9999, -9999, -9999, 91, 9, -9999, 92, -9999, -9999, -9999, -9999],
[68, -9999, 38, -9999, -9999, -9999, -9999, -9999, -9999, -9999, -9999, -9999, 32, 58, 96, -9999, 57, -9999, 82, -9999, -9999, -9999, 27, 86, 80, 7, 52, 92, 67, -9999, -9999, -9999, -9999, 57, 60, -9999, -9999, -9999, 85, -9999, 7, 87, -9999, -9999, -9999, 92, 61, 4, 97, -9999, 95, -9999, -9999, 82, 24, -9999, 94, 36, -9999, 58, -9999, -9999, -9999, 25, -9999, 51, 53, -9999, -9999, 15, 47, -9999, 5, 6, 59, -9999, -9999, 66, 57, -9999, 93, 46, -9999, -9999, 93, 54, 93, 75, 35, -9999, 82, -9999, 86, 59, -9999, -9999, 25, -9999, -9999, 88],
[99, -9999, 92, -9999, -9999, -9999, -9999, -9999, -9999, -9999, -9999, -9999, -9999, -9999, -9999, -9999, -9999, -9999, -9999, -9999, 34, -9999, -9999, -9999, -9999, -9999, 67, -9999, -9999, -9999, -9999, -9999, -9999, -9999, 38, -9999, 25, -9999, 21, -9999, 85, -9999, -9999, -9999, 25, 23, -9999, 14, -9999, -9999, -9999, -9999, -9999, 34, -9999, -9999, -9999, -9999, -9999, -9999, 62, -9999, -9999, -9999, 34, -9999, -9999, -9999, -9999, -9999, -9999, -9999, 78, -9999, -9999, -9999, -9999, 31, -9999, -9999, -9999, -9999, -9999, -9999, -9999, -9999, -9999, -9999, -9999, -9999, -9999, 88, 26, -9999, -9999, -9999, -9999, -9999, -9999, -9999],
[77, -9999, -9999, 3, -9999, 86, 69, 47, -9999, -9999, -9999, -9999, -9999, -9999, 41, -9999, -9999, -9999, 24, -9999, 24, -9999, -9999, 50, 97, 56, -9999, -9999, -9999, 86, -9999, -9999, 10, -9999, 89, -9999, -9999, -9999, -9999, -9999, 85, 93, 70, -9999, 61, 91, 92, 16, 89, -9999, 62, -9999, 89, -9999, 71, -9999, -9999, -9999, -9999, 77, 75, 53, -9999, -9999, -9999, -9999, 55, -9999, -9999, 86, -9999, -9999, -9999, -9999, -9999, -9999, -9999, 92, -9999, 44, -9999, -9999, -9999, 73, 45, 17, -9999, 72, -9999, -9999, 46, 71, -9999, 76, -9999, -9999, -9999, -9999, -9999, -9999],
[86, -9999, -9999, -9999, -9999, 15, 3, 60, -9999, -9999, -9999, 52, -9999, -9999, 61, 1, 58, 43, 54, -9999, 86, 18, -9999, 7, 31, 44, 96, 71, -9999, 79, -9999, 98, -9999, -9999, -9999, -9999, -9999, -9999, 38, 16, -9999, 34, 84, -9999, 14, -9999, 30, 96, 11, -9999, -9999, -9999, -9999, 91, -9999, -9999, 13, -9999, 31, -9999, 31, 77, -9999, 16, -9999, -9999, 96, -9999, -9999, 41, -9999, -9999, -9999, 32, -9999, 18, -9999, 87, -9999, 84, 60, 39, -9999, 68, 50, 11, -9999, 1, -9999, -9999, -9999, 49, 69, 41, -9999, 33, -9999, -9999, -9999, -9999],
[98, -9999, -9999, -9999, -9999, -9999, 49, -9999, 26, -9999, -9999, -9999, -9999, -9999, 86, 44, 5, -9999, 56, -9999, 51, 72, 73, -9999, 36, -9999, -9999, 61, -9999, -9999, -9999, -9999, 5, -9999, 36, -9999, 60, -9999, 4, -9999, 66, -9999, 5, -9999, -9999, -9999, -9999, -9999, -9999, -9999, 55, -9999, 35, 81, 98, 88, 11, 10, -9999, -9999, 27, 9, -9999, 29, 57, -9999, 59, -9999, 48, 52, -9999, 92, -9999, 76, 47, 22, -9999, 81, -9999, 56, 44, 8, -9999, 16, 58, 74, 88, -9999, -9999, 22, 79, -9999, 48, -9999, -9999, 39, -9999, -9999, -9999, -9999],
[55, -9999, 91, -9999, -9999, -9999, -9999, -9999, -9999, -9999, -9999, 55, -9999, -9999, 58, -9999, 59, -9999, -9999, -9999, -9999, 82, 6, -9999, 9, 61, 73, -9999, 99, 44, -9999, -9999, 15, 89, -9999, -9999, -9999, -9999, 94, 91, 85, 37, 3, -9999, 60, 97, 94, 72, 61, -9999, 100, -9999, -9999, -9999, 80, -9999, 46, -9999, 81, -9999, 93, -9999, -9999, 79, 85, -9999, -9999, -9999, 13, 84, -9999, -9999, -9999, -9999, 60, 54, -9999, 4, 26, 52, -9999, 12, -9999, 84, -9999, 50, 89, -9999, -9999, -9999, -9999, 36, -9999, 71, -9999, -9999, -9999, 63, -9999, -9999],
[11, -9999, 5, 13, -9999, -9999, 93, -9999, -9999, -9999, -9999, -9999, -9999, -9999, -9999, -9999, -9999, -9999, -9999, -9999, -9999, -9999, -9999, -9999, -9999, -9999, 35, -9999, -9999, -9999, -9999, -9999, -9999, -9999, 26, -9999, 100, -9999, 95, -9999, 62, -9999, -9999, 45, 73, 12, -9999, 1, 25, -9999, -9999, -9999, -9999, 49, -9999, -9999, -9999, 20, 80, -9999, 26, 88, -9999, -9999, 15, -9999, -9999, -9999, -9999, -9999, -9999, -9999, -9999, 49, -9999, -9999, -9999, 36, -9999, -9999, 21, -9999, -9999, -9999, -9999, 27, -9999, 19, -9999, -9999, -9999, 58, -9999, -9999, -9999, -9999, -9999, -9999, -9999, -9999],
[-9999, -9999, -9999, 29, -9999, -9999, 16, 54, -9999, -9999, -9999, -9999, -9999, -9999, -9999, -9999, -9999, -9999, -9999, -9999, 86, -9999, -9999, -9999, -9999, -9999, -9999, 32, -9999, -9999, -9999, -9999, -9999, -9999, 33, -9999, 57, -9999, -9999, -9999, 12, -9999, -9999, -9999, 21, 81, -9999, -9999, -9999, -9999, -9999, -9999, -9999, 76, -9999, -9999, -9999, 16, -9999, -9999, 18, 82, -9999, -9999, 10, -9999, -9999, -9999, -9999, -9999, -9999, -9999, 71, 18, -9999, -9999, -9999, -9999, -9999, -9999, 38, -9999, -9999, -9999, -9999, -9999, 23, 72, -9999, -9999, -9999, 2, -9999, -9999, -9999, -9999, -9999, 27, -9999, -9999],
[20, -9999, -9999, -9999, -9999, -9999, -9999, -9999, -9999, -9999, -9999, -9999, -9999, -9999, -9999, -9999, -9999, -9999, 93, -9999, -9999, -9999, 91, -9999, -9999, -9999, -9999, -9999, -9999, -9999, -9999, -9999, -9999, -9999, 56, -9999, -9999, -9999, -9999, -9999, -9999, -9999, -9999, -9999, -9999, -9999, 59, -9999, -9999, -9999, -9999, -9999, -9999, -9999, -9999, -9999, -9999, -9999, -9999, -9999, -9999, -9999, -9999, -9999, -9999, -9999, -9999, -9999, -9999, -9999, -9999, -9999, -9999, -9999, -9999, -9999, -9999, -9999, -9999, -9999, -9999, -9999, -9999, 23, -9999, -9999, -9999, -9999, -9999, -9999, -9999, 32, -9999, -9999, -9999, -9999, -9999, -9999, -9999, -9999],
[66, -9999, -9999, 17, -9999, -9999, 32, -9999, -9999, -9999, -9999, 60, -9999, -9999, 79, 89, -9999, -9999, 42, -9999, -9999, 48, -9999, 88, 72, 59, 16, 28, 43, 22, -9999, 2, -9999, -9999, -9999, -9999, -9999, 53, -9999, -9999, 37, 92, -9999, -9999, 6, -9999, -9999, -9999, 17, -9999, 99, -9999, -9999, -9999, 56, -9999, 19, 84, 13, 32, -9999, 7, -9999, -9999, 14, -9999, 53, -9999, -9999, 46, -9999, -9999, 64, 96, 27, -9999, -9999, -9999, 83, 45, 30, -9999, -9999, -9999, -9999, 52, -9999, -9999, -9999, -9999, 47, 79, 34, -9999, -9999, -9999, -9999, -9999, -9999, -9999],
[20, -9999, 90, -9999, -9999, 55, 16, -9999, -9999, 96, -9999, 84, 41, -9999, 49, -9999, 25, -9999, -9999, -9999, 50, 4, 18, -9999, 91, -9999, 89, -9999, 100, -9999, -9999, -9999, -9999, -9999, -9999, -9999, 20, 32, -9999, -9999, -9999, 83, 78, -9999, 19, -9999, -9999, 100, -9999, -9999, -9999, 2, -9999, 11, 71, -9999, -9999, -9999, 18, 76, -9999, 24, 28, -9999, 45, 36, 40, 89, 94, 22, -9999, -9999, 65, 50, 20, 46, 11, 19, -9999, 56, 97, 33, 15, 7, -9999, 25, 57, -9999, -9999, -9999, 25, 52, 40, 92, -9999, -9999, -9999, 97, -9999, -9999],
[-9999, -9999, 14, 74, -9999, 75, -9999, -9999, -9999, -9999, -9999, 32, -9999, -9999, 12, -9999, 28, -9999, 24, -9999, 79, -9999, 70, 75, 41, 78, 23, 40, 24, -9999, -9999, -9999, 8, -9999, -9999, -9999, 5, 88, -9999, -9999, 19, 97, 57, -9999, 89, -9999, 20, 87, 26, -9999, 26, -9999, -9999, 54, 47, -9999, -9999, -9999, -9999, 100, -9999, 63, -9999, -9999, 87, -9999, -9999, -9999, 2, 3, -9999, -9999, -9999, 60, -9999, -9999, -9999, 30, -9999, -9999, -9999, -9999, -9999, 99, -9999, -9999, 5, -9999, -9999, -9999, -9999, -9999, 69, -9999, 34, 20, -9999, 39, -9999, -9999],
[67, -9999, 90, 89, -9999, -9999, 16, -9999, -9999, -9999, -9999, -9999, -9999, -9999, -9999, -9999, -9999, -9999, -9999, -9999, 14, -9999, -9999, -9999, -9999, -9999, 8, -9999, -9999, -9999, -9999, -9999, -9999, -9999, 17, -9999, 30, -9999, -9999, -9999, 86, -9999, -9999, -9999, 54, 56, -9999, 76, 46, -9999, -9999, -9999, -9999, 39, -9999, -9999, -9999, -9999, 3, -9999, -9999, 9, -9999, -9999, -9999, -9999, -9999, -9999, -9999, -9999, -9999, -9999, 36, -9999, -9999, -9999, -9999, -9999, -9999, -9999, 88, -9999, -9999, -9999, -9999, -9999, 80, 26, -9999, -9999, -9999, -9999, -9999, -9999, -9999, -9999, -9999, -9999, -9999, -9999],
[33, -9999, 3, 45, -9999, 29, 51, -9999, -9999, -9999, -9999, 75, -9999, -9999, 54, -9999, -9999, 3, -9999, -9999, 60, -9999, 35, 51, 13, 61, 100, -9999, -9999, -9999, -9999, -9999, 26, 69, 60, -9999, -9999, -9999, -9999, 44, 92, -9999, 33, -9999, 2, -9999, -9999, -9999, 56, -9999, -9999, -9999, -9999, 84, -9999, -9999, 35, 52, 5, 70, 9, 31, -9999, -9999, 6, -9999, -9999, -9999, 30, 73, -9999, -9999, 46, -9999, -9999, 52, -9999, -9999, 15, 21, -9999, 44, -9999, 75, 69, 63, -9999, 21, -9999, -9999, -9999, -9999, -9999, -9999, -9999, 86, -9999, -9999, -9999, -9999],
[74, -9999, 61, -9999, -9999, -9999, 76, -9999, -9999, -9999, -9999, -9999, -9999, -9999, -9999, -9999, -9999, -9999, -9999, -9999, 75, -9999, -9999, -9999, -9999, -9999, -9999, 82, -9999, -9999, -9999, -9999, -9999, -9999, -9999, -9999, 32, -9999, 50, -9999, 66, -9999, -9999, -9999, -9999, -9999, -9999, 79, 89, -9999, -9999, -9999, -9999, 36, -9999, -9999, -9999, 65, 41, -9999, 3, -9999, -9999, -9999, -9999, -9999, -9999, -9999, -9999, -9999, -9999, -9999, 97, 81, -9999, -9999, -9999, 53, -9999, -9999, 18, -9999, -9999, -9999, -9999, -9999, 24, -9999, -9999, -9999, -9999, -9999, -9999, -9999, -9999, -9999, -9999, -9999, -9999, 43],
[44, -9999, -9999, 37, -9999, -9999, -9999, -9999, -9999, -9999, -9999, -9999, -9999, -9999, -9999, -9999, -9999, -9999, -9999, -9999, -9999, -9999, -9999, -9999, -9999, -9999, -9999, -9999, 7, -9999, -9999, -9999, -9999, -9999, 28, -9999, 29, -9999, 72, -9999, 83, -9999, -9999, -9999, -9999, -9999, -9999, 36, 78, -9999, -9999, -9999, -9999, -9999, -9999, -9999, -9999, -9999, 1, -9999, -9999, 82, -9999, -9999, -9999, -9999, -9999, -9999, -9999, -9999, 92, -9999, -9999, -9999, -9999, -9999, -9999, 88, -9999, -9999, 34, -9999, -9999, -9999, -9999, 4, 86, 41, -9999, -9999, -9999, 47, -9999, -9999, -9999, -9999, -9999, -9999, -9999, -9999],
[51, -9999, 35, -9999, -9999, 42, 31, -9999, -9999, -9999, -9999, 19, -9999, -9999, 36, 29, 6, -9999, 71, -9999, -9999, -9999, 64, -9999, 52, -9999, 79, -9999, 36, -9999, -9999, -9999, 29, 5, 51, -9999, -9999, -9999, 14, 78, -9999, -9999, -9999, -9999, -9999, 82, -9999, 37, 18, -9999, -9999, -9999, -9999, 41, 55, -9999, -9999, 17, -9999, 63, 39, -9999, 27, 27, 9, -9999, 17, -9999, 74, 20, -9999, -9999, -9999, -9999, 97, 87, -9999, -9999, 80, 14, 71, 100, -9999, -9999, -9999, 55, 47, -9999, -9999, -9999, -9999, 15, -9999, 54, 8, -9999, -9999, -9999, -9999, -9999],
[10, -9999, 60, -9999, -9999, 11, -9999, -9999, -9999, -9999, -9999, 43, -9999, -9999, 31, -9999, 8, -9999, -9999, -9999, -9999, -9999, -9999, 25, 38, 3, 89, 1, 72, 17, -9999, -9999, 35, 39, -9999, -9999, 7, 12, -9999, 5, 73, -9999, 35, -9999, 80, 98, 47, 78, 52, -9999, -9999, -9999, -9999, 68, 85, -9999, -9999, -9999, -9999, -9999, -9999, -9999, -9999, -9999, -9999, -9999, -9999, -9999, 67, 56, -9999, -9999, 83, -9999, 78, 20, -9999, -9999, -9999, 93, -9999, 25, -9999, 79, -9999, 92, -9999, 83, -9999, -9999, 34, 77, 16, -9999, -9999, -9999, -9999, -9999, -9999, -9999],
[36, 41, 58, -9999, -9999, 19, -9999, -9999, -9999, 70, -9999, -9999, 93, 92, 50, 10, -9999, -9999, 51, -9999, 74, 43, 68, 95, 50, -9999, 5, 53, -9999, 42, -9999, -9999, 32, 70, -9999, 62, 6, 73, -9999, 44, -9999, -9999, -9999, -9999, -9999, -9999, -9999, 37, 30, -9999, -9999, 64, -9999, 35, 23, -9999, 12, -9999, 82, 13, 37, -9999, -9999, 8, 2, 74, 93, -9999, 29, 47, -9999, -9999, -9999, 85, -9999, 72, -9999, -9999, -9999, -9999, -9999, 58, -9999, 26, 92, 23, 7, 14, -9999, -9999, -9999, -9999, 98, -9999, -9999, -9999, 6, -9999, -9999, -9999],
[19, -9999, -9999, 77, 60, 9, 72, -9999, -9999, -9999, -9999, 26, 11, -9999, 81, 69, -9999, -9999, 39, -9999, 36, 86, -9999, -9999, 53, -9999, 73, -9999, -9999, 37, -9999, -9999, -9999, -9999, 75, 21, 6, 71, 27, -9999, 41, 83, 83, -9999, -9999, 95, -9999, -9999, 35, -9999, -9999, 67, -9999, -9999, -9999, -9999, 9, -9999, 47, -9999, 57, -9999, 18, -9999, 85, 9, 10, -9999, 85, 58, -9999, -9999, -9999, -9999, 70, 41, 80, 75, 87, 71, -9999, -9999, -9999, 86, -9999, 8, 11, 25, -9999, -9999, -9999, -9999, -9999, 10, -9999, 66, 24, -9999, -9999, -9999],
[33, -9999, 1, -9999, -9999, -9999, -9999, -9999, -9999, -9999, -9999, -9999, -9999, -9999, -9999, -9999, -9999, -9999, -9999, -9999, -9999, -9999, 37, -9999, -9999, -9999, -9999, -9999, -9999, -9999, -9999, -9999, -9999, -9999, 62, -9999, -9999, -9999, -9999, -9999, -9999, -9999, -9999, -9999, -9999, -9999, 72, -9999, -9999, -9999, -9999, -9999, -9999, -9999, -9999, -9999, -9999, -9999, -9999, -9999, -9999, -9999, -9999, -9999, -9999, -9999, -9999, -9999, -9999, -9999, -9999, -9999, -9999, -9999, -9999, -9999, -9999, -9999, -9999, -9999, -9999, -9999, -9999, -9999, -9999, -9999, -9999, -9999, -9999, 81, -9999, 65, -9999, -9999, -9999, -9999, -9999, -9999, -9999, -9999],
[56, -9999, -9999, 97, -9999, -9999, -9999, 49, -9999, -9999, -9999, -9999, -9999, -9999, -9999, -9999, -9999, -9999, -9999, -9999, -9999, -9999, -9999, -9999, -9999, -9999, -9999, 18, 46, -9999, -9999, -9999, -9999, -9999, 32, -9999, 83, -9999, -9999, -9999, -9999, -9999, -9999, -9999, -9999, -9999, -9999, -9999, 64, -9999, -9999, -9999, -9999, 93, -9999, -9999, -9999, -9999, 65, -9999, 11, 15, -9999, -9999, -9999, -9999, -9999, -9999, -9999, -9999, -9999, -9999, 50, 36, -9999, -9999, -9999, -9999, -9999, -9999, -9999, -9999, -9999, -9999, -9999, -9999, 66, 67, -9999, -9999, -9999, 39, -9999, -9999, -9999, -9999, -9999, -9999, -9999, -9999],
[48, -9999, -9999, 71, -9999, -9999, -9999, -9999, -9999, -9999, -9999, 36, -9999, -9999, 5, 75, 68, -9999, 70, -9999, 66, -9999, -9999, 59, 68, 56, 38, -9999, -9999, 81, -9999, -9999, 41, 9, -9999, -9999, -9999, 61, -9999, 8, 85, 69, 16, -9999, 88, 92, 47, -9999, 19, -9999, -9999, -9999, -9999, 16, -9999, -9999, 34, 86, -9999, -9999, -9999, -9999, -9999, 7, 52, -9999, 46, -9999, 36, 21, -9999, -9999, -9999, 36, -9999, 6, -9999, 64, 39, -9999, 44, 60, -9999, -9999, -9999, -9999, 93, 83, -9999, 94, -9999, -9999, 88, 99, -9999, -9999, -9999, -9999, -9999, -9999],
[27, -9999, 27, 16, -9999, 17, 98, -9999, -9999, -9999, -9999, 57, -9999, -9999, 3, -9999, -9999, -9999, 43, -9999, 11, 45, 89, 26, 73, 69, -9999, 4, 32, -9999, -9999, -9999, -9999, 67, 13, -9999, 100, 54, 11, -9999, 82, 58, 27, -9999, 34, 11, 70, 20, -9999, -9999, 79, -9999, 82, -9999, -9999, -9999, -9999, 49, 41, 25, 92, 10, -9999, 77, 2, -9999, -9999, -9999, 87, 39, -9999, -9999, 5, -9999, -9999, 85, -9999, 86, 83, 24, 55, -9999, -9999, 38, -9999, -9999, -9999, 80, -9999, 63, 13, 73, 73, -9999, 31, 24, -9999, -9999, 68, -9999],
[21, -9999, 52, 6, -9999, 59, 32, -9999, -9999, -9999, -9999, -9999, -9999, -9999, 42, -9999, -9999, 36, 71, -9999, -9999, 71, 29, 12, 72, 31, -9999, 1, -9999, 42, -9999, -9999, -9999, 35, -9999, -9999, 65, -9999, 34, 37, -9999, 15, 28, -9999, 65, 16, -9999, 55, -9999, -9999, 8, -9999, -9999, 76, 55, -9999, -9999, 49, 92, 38, -9999, 93, -9999, 49, -9999, -9999, 23, -9999, -9999, 91, -9999, -9999, -9999, 79, -9999, 29, -9999, 100, -9999, 39, -9999, 39, -9999, -9999, -9999, -9999, 76, -9999, -9999, -9999, 61, -9999, 62, 37, -9999, -9999, -9999, -9999, -9999, -9999],
[78, -9999, 72, 17, -9999, -9999, 21, -9999, -9999, -9999, -9999, -9999, -9999, -9999, -9999, -9999, -9999, -9999, -9999, -9999, 95, -9999, -9999, -9999, -9999, -9999, 56, 91, 52, -9999, -9999, -9999, -9999, -9999, -9999, -9999, 57, -9999, 24, -9999, 65, -9999, -9999, 21, -9999, -9999, -9999, 72, 35, -9999, -9999, -9999, -9999, 79, -9999, -9999, -9999, 7, 95, -9999, 91, -9999, -9999, -9999, 65, -9999, -9999, -9999, -9999, -9999, -9999, -9999, 69, 13, -9999, -9999, -9999, 39, -9999, -9999, 10, -9999, -9999, -9999, -9999, 78, -9999, 11, -9999, -9999, -9999, -9999, 39, -9999, -9999, -9999, -9999, -9999, -9999, -9999],
[2, -9999, 17, 89, -9999, 41, -9999, -9999, -9999, -9999, -9999, 40, -9999, -9999, 96, 45, -9999, -9999, 30, -9999, -9999, 44, 18, 81, 96, -9999, 52, 34, 93, -9999, -9999, -9999, 37, -9999, 71, -9999, -9999, 22, 85, 93, 81, 97, 6, 40, -9999, 30, -9999, 18, -9999, 8, 24, -9999, -9999, 21, 81, -9999, 38, -9999, 86, 44, 45, -9999, -9999, -9999, 88, -9999, -9999, -9999, -9999, 70, -9999, -9999, 68, 28, -9999, 75, -9999, -9999, -9999, 64, 69, 83, -9999, -9999, 31, 67, -9999, -9999, -9999, -9999, -9999, -9999, -9999, 53, -9999, 82, -9999, -9999, -9999, -9999],
[93, -9999, 13, -9999, -9999, -9999, 21, -9999, -9999, -9999, -9999, 77, -9999, -9999, 48, 90, -9999, -9999, 72, -9999, 30, -9999, 20, 98, 62, -9999, -9999, -9999, -9999, 42, -9999, -9999, 94, 44, 50, -9999, 42, -9999, 7, -9999, 59, 59, -9999, -9999, 91, 61, 67, -9999, -9999, -9999, 10, -9999, -9999, 29, 81, -9999, -9999, 10, 76, 86, 87, -9999, -9999, -9999, -9999, -9999, 41, -9999, 53, 84, -9999, -9999, 61, -9999, -9999, -9999, -9999, -9999, 12, 87, -9999, -9999, -9999, 84, 70, -9999, -9999, 65, -9999, -9999, 96, 89, 35, -9999, -9999, 10, -9999, -9999, -9999, 90],
[70, 87, 35, 8, -9999, 35, -9999, -9999, -9999, -9999, -9999, -9999, -9999, -9999, 4, -9999, -9999, -9999, 77, -9999, 35, -9999, -9999, 30, 6, 20, -9999, 99, 63, 38, 12, 92, -9999, 48, -9999, -9999, -9999, 48, -9999, -9999, -9999, -9999, 83, -9999, -9999, -9999, -9999, 69, -9999, -9999, 90, -9999, -9999, 16, 37, -9999, -9999, 3, 60, -9999, 66, 61, -9999, -9999, 79, -9999, -9999, -9999, -9999, 67, 37, -9999, 61, 24, -9999, 67, -9999, 8, 32, 94, 89, 33, -9999, 18, 82, -9999, -9999, 11, -9999, -9999, 83, -9999, 26, -9999, -9999, -9999, -9999, -9999, -9999, -9999],
[82, -9999, 59, 81, -9999, 63, 64, -9999, -9999, -9999, -9999, 34, -9999, -9999, 87, -9999, -9999, -9999, 35, -9999, 30, 26, 56, -9999, 29, -9999, 72, -9999, 85, -9999, -9999, -9999, 49, 97, -9999, -9999, -9999, 10, 96, 56, -9999, -9999, 81, -9999, -9999, 55, -9999, 64, 98, -9999, 15, -9999, -9999, 93, 10, -9999, -9999, -9999, -9999, -9999, -9999, 81, 33, 46, 77, -9999, 1, -9999, -9999, 29, -9999, -9999, 60, -9999, 38, 8, -9999, 49, -9999, 52, -9999, -9999, -9999, 50, 18, -9999, 84, -9999, -9999, -9999, -9999, -9999, 67, 86, 26, -9999, -9999, -9999, -9999, -9999],
[99, -9999, 52, -9999, -9999, 60, -9999, -9999, -9999, -9999, -9999, 66, -9999, -9999, 44, 9, 63, -9999, -9999, -9999, 77, 12, 9, -9999, 46, 26, -9999, 15, -9999, -9999, -9999, -9999, 31, -9999, -9999, -9999, -9999, 92, -9999, -9999, 77, -9999, 2, -9999, -9999, 45, 24, -9999, -9999, -9999, 95, -9999, -9999, 64, 81, -9999, 8, 95, 40, 41, 11, -9999, -9999, -9999, 38, -9999, 37, -9999, -9999, 71, -9999, -9999, 34, 34, 12, 40, -9999, 77, 20, -9999, 74, -9999, -9999, 60, 75, -9999, 45, 19, -9999, -9999, 66, -9999, 88, 42, -9999, -9999, -9999, -9999, -9999, -9999],
[6, -9999, 57, 53, -9999, -9999, 4, 4, -9999, -9999, -9999, -9999, -9999, -9999, -9999, -9999, -9999, -9999, -9999, -9999, -9999, -9999, -9999, -9999, -9999, -9999, 3, -9999, 13, -9999, -9999, -9999, -9999, -9999, -9999, -9999, -9999, -9999, 93, -9999, -9999, -9999, -9999, -9999, -9999, 72, -9999, 45, -9999, -9999, -9999, -9999, -9999, 79, -9999, -9999, -9999, 79, 4, -9999, -9999, -9999, -9999, -9999, 53, 80, -9999, -9999, -9999, -9999, -9999, -9999, -9999, 42, -9999, -9999, -9999, 46, -9999, -9999, 30, -9999, -9999, -9999, -9999, 38, 8, 99, -9999, -9999, -9999, 52, -9999, -9999, -9999, -9999, -9999, -9999, -9999, -9999],
[68, -9999, -9999, 87, -9999, -9999, 21, -9999, -9999, -9999, -9999, -9999, -9999, -9999, 39, 19, 92, 68, 22, -9999, -9999, -9999, -9999, 54, 88, 15, 9, -9999, 44, -9999, -9999, -9999, 56, -9999, 81, -9999, 17, -9999, -9999, -9999, 94, -9999, -9999, -9999, -9999, 57, 36, -9999, 74, -9999, -9999, -9999, -9999, -9999, -9999, -9999, -9999, 32, 3, 9, 62, 55, -9999, 84, -9999, -9999, 36, -9999, -9999, 96, -9999, -9999, 47, -9999, 50, -9999, -9999, 15, 25, 3, 76, 92, -9999, -9999, 88, 69, 100, -9999, -9999, -9999, 67, 35, 28, -9999, -9999, -9999, -9999, -9999, -9999, -9999],
[10, -9999, 55, -9999, -9999, 36, -9999, -9999, -9999, -9999, -9999, -9999, -9999, -9999, 54, 53, 8, -9999, 17, -9999, 59, -9999, -9999, 52, 58, 24, -9999, 77, 58, -9999, -9999, -9999, 19, 22, -9999, -9999, 82, -9999, 23, -9999, -9999, 20, 16, -9999, 79, -9999, -9999, 14, 74, -9999, 44, -9999, -9999, -9999, -9999, -9999, -9999, -9999, 8, -9999, -9999, 96, 18, 63, -9999, -9999, -9999, -9999, -9999, 48, 89, -9999, 19, -9999, -9999, 99, -9999, 18, 45, -9999, 53, -9999, -9999, 49, 68, -9999, 87, -9999, -9999, -9999, 48, 95, -9999, 16, -9999, 35, -9999, -9999, 88, -9999],
[-9999, -9999, 40, -9999, -9999, 73, 83, -9999, -9999, -9999, -9999, 98, -9999, -9999, 95, 18, -9999, -9999, 84, -9999, 58, -9999, -9999, -9999, 55, 59, 26, 11, -9999, 23, -9999, -9999, 11, 7, -9999, -9999, 54, -9999, -9999, 56, 45, -9999, -9999, -9999, -9999, -9999, 44, 59, 94, -9999, -9999, -9999, -9999, 33, -9999, -9999, -9999, -9999, 83, 47, 35, 28, -9999, -9999, 71, -9999, -9999, 8, 73, 13, -9999, -9999, -9999, 93, -9999, -9999, -9999, 24, 17, -9999, -9999, -9999, -9999, 69, 62, 3, 58, 69, -9999, -9999, -9999, -9999, 45, -9999, -9999, -9999, -9999, -9999, -9999, -9999],
[23, -9999, -9999, 46, -9999, -9999, 9, -9999, -9999, -9999, -9999, -9999, -9999, -9999, -9999, -9999, -9999, -9999, -9999, -9999, 61, -9999, -9999, -9999, -9999, -9999, -9999, 86, 22, -9999, -9999, -9999, -9999, -9999, -9999, -9999, -9999, -9999, -9999, -9999, -9999, -9999, -9999, -9999, 69, 15, -9999, -9999, -9999, -9999, -9999, -9999, -9999, 6, -9999, -9999, -9999, 80, 91, -9999, 72, 30, -9999, -9999, 19, -9999, -9999, -9999, -9999, -9999, -9999, -9999, 93, -9999, -9999, -9999, -9999, 58, -9999, -9999, 26, -9999, -9999, -9999, -9999, 97, 12, 64, -9999, -9999, -9999, 13, 5, -9999, -9999, -9999, -9999, 65, -9999, -9999],
[50, -9999, 7, -9999, -9999, -9999, 45, -9999, -9999, -9999, -9999, -9999, -9999, -9999, -9999, -9999, -9999, 100, -9999, -9999, -9999, -9999, -9999, -9999, -9999, -9999, -9999, -9999, 9, -9999, -9999, -9999, -9999, -9999, 50, -9999, 72, -9999, -9999, -9999, -9999, -9999, -9999, -9999, -9999, 60, -9999, 29, 26, -9999, -9999, -9999, -9999, -9999, -9999, 23, -9999, -9999, -9999, -9999, -9999, -9999, -9999, -9999, 51, -9999, -9999, -9999, -9999, -9999, -9999, -9999, 17, -9999, -9999, -9999, -9999, -9999, -9999, -9999, -9999, -9999, -9999, -9999, -9999, -9999, 73, 88, -9999, -9999, -9999, -9999, 30, -9999, -9999, -9999, -9999, -9999, -9999, -9999],
[68, -9999, -9999, -9999, -9999, -9999, 98, -9999, -9999, -9999, -9999, -9999, -9999, -9999, -9999, -9999, -9999, -9999, -9999, -9999, 8, -9999, -9999, -9999, -9999, -9999, -9999, 6, 69, -9999, -9999, -9999, -9999, -9999, -9999, -9999, 2, -9999, -9999, -9999, -9999, -9999, -9999, -9999, 1, -9999, -9999, 84, -9999, -9999, -9999, -9999, -9999, 71, -9999, -9999, -9999, 86, -9999, -9999, 48, -9999, -9999, -9999, -9999, -9999, -9999, -9999, -9999, -9999, -9999, -9999, 61, 78, -9999, -9999, -9999, -9999, -9999, -9999, 27, -9999, -9999, -9999, -9999, -9999, 90, 24, -9999, -9999, -9999, 80, -9999, -9999, -9999, -9999, -9999, -9999, -9999, -9999],
[48, -9999, 91, 19, -9999, -9999, 29, -9999, -9999, -9999, -9999, -9999, -9999, -9999, -9999, -9999, -9999, -9999, -9999, -9999, -9999, -9999, -9999, -9999, -9999, -9999, -9999, -9999, 2, -9999, -9999, -9999, -9999, -9999, 100, -9999, 40, -9999, 21, -9999, -9999, -9999, -9999, -9999, 84, -9999, -9999, 91, 17, -9999, -9999, -9999, -9999, 61, -9999, -9999, -9999, 73, 35, -9999, 96, -9999, -9999, -9999, -9999, -9999, -9999, -9999, -9999, -9999, -9999, -9999, 43, 83, -9999, -9999, -9999, -9999, -9999, -9999, -9999, -9999, -9999, -9999, -9999, 10, 8, -9999, -9999, -9999, -9999, 80, 35, -9999, -9999, -9999, -9999, -9999, -9999, -9999]
];
