NbNodes = 100;
NbNDDs = 0;
NbPairs = 100;
NbTerminals = 0;
K = 0;
L = 102;
Wt = [
[-9999, -9999, -9999, -9999, 14, -9999, -9999, -9999, -9999, -9999, -9999, -9999, -9999, -9999, 57, 6, -9999, -9999, -9999, 28, -9999, -9999, -9999, -9999, -9999, 35, -9999, -9999, -9999, -9999, 44, -9999, 97, -9999, -9999, -9999, 54, 80, -9999, -9999, -9999, -9999, 40, -9999, 16, -9999, 29, -9999, -9999, -9999, -9999, -9999, 53, -9999, -9999, -9999, -9999, -9999, -9999, 95, -9999, -9999, -9999, -9999, -9999, -9999, -9999, -9999, -9999, -9999, 73, -9999, -9999, -9999, -9999, -9999, 94, -9999, -9999, -9999, 47, -9999, -9999, -9999, -9999, -9999, -9999, -9999, -9999, -9999, -9999, -9999, -9999, -9999, -9999, -9999, -9999, -9999, -9999, -9999],
[-9999, -9999, -9999, -9999, 75, -9999, -9999, -9999, -9999, -9999, -9999, -9999, -9999, 62, 34, -9999, -9999, -9999, -9999, 88, -9999, -9999, -9999, -9999, -9999, 41, -9999, -9999, -9999, 89, 70, -9999, 67, -9999, -9999, -9999, 53, -9999, -9999, -9999, -9999, -9999, 18, -9999, -9999, -9999, -9999, -9999, -9999, -9999, 46, -9999, 82, 7, -9999, -9999, -9999, -9999, -9999, 94, -9999, -9999, -9999, -9999, -9999, -9999, -9999, -9999, -9999, -9999, -9999, -9999, -9999, -9999, 61, -9999, -9999, -9999, -9999, -9999, 14, -9999, -9999, -9999, -9999, -9999, -9999, -9999, -9999, 68, -9999, 56, 70, -9999, -9999, -9999, 13, -9999, 96, -9999],
[-9999, -9999, -9999, 44, 60, -9999, -9999, 63, 25, -9999, 3, 11, 57, 83, 67, 5, -9999, 8, 100, 67, -9999, 35, 49, -9999, 3, -9999, -9999, -9999, 6, 17, -9999, -9999, 73, -9999, -9999, 5, 74, 39, 48, -9999, 87, -9999, 67, -9999, -9999, -9999, -9999, -9999, 17, 5, -9999, 61, -9999, -9999, -9999, 41, 99, 90, 79, 89, 1, 84, 77, -9999, -9999, 89, 87, -9999, 46, 30, -9999, -9999, -9999, -9999, -9999, 61, -9999, 22, 43, 16, 38, -9999, -9999, 90, 44, 34, -9999, 75, -9999, -9999, 87, 93, -9999, 72, -9999, 67, 84, -9999, 70, -9999],
[29, -9999, -9999, -9999, 23, 68, 88, 71, -9999, -9999, -9999, -9999, -9999, 51, 12, 85, -9999, 52, -9999, 48, -9999, -9999, -9999, -9999, 77, -9999, -9999, -9999, -9999, 77, -9999, -9999, 33, -9999, -9999, -9999, 76, 47, -9999, -9999, -9999, -9999, 77, -9999, 70, -9999, 76, -9999, -9999, -9999, -9999, -9999, -9999, -9999, -9999, -9999, -9999, -9999, -9999, 47, -9999, -9999, -9999, -9999, -9999, -9999, -9999, -9999, -9999, -9999, 26, -9999, -9999, -9999, 11, -9999, 58, -9999, -9999, -9999, 61, -9999, -9999, -9999, -9999, -9999, -9999, -9999, -9999, 43, -9999, -9999, 50, -9999, -9999, -9999, 96, -9999, 31, -9999],
[-9999, -9999, -9999, -9999, -9999, -9999, -9999, -9999, -9999, -9999, -9999, -9999, -9999, -9999, -9999, -9999, -9999, -9999, -9999, -9999, -9999, -9999, -9999, -9999, -9999, -9999, -9999, -9999, -9999, -9999, -9999, -9999, -9999, -9999, -9999, -9999, -9999, -9999, -9999, -9999, -9999, -9999, -9999, -9999, -9999, -9999, -9999, -9999, -9999, 94, -9999, -9999, -9999, -9999, -9999, -9999, -9999, -9999, -9999, -9999, -9999, -9999, -9999, -9999, -9999, -9999, -9999, -9999, -9999, -9999, -9999, -9999, -9999, -9999, -9999, -9999, -9999, -9999, -9999, -9999, -9999, -9999, -9999, -9999, -9999, 85, -9999, -9999, -9999, -9999, -9999, -9999, -9999, -9999, -9999, -9999, -9999, -9999, -9999, -9999],
[41, 52, -9999, 10, 71, -9999, -9999, 1, 8, -9999, -9999, -9999, -9999, 88, -9999, -9999, -9999, 81, 44, 36, -9999, 87, -9999, 54, -9999, 80, -9999, -9999, -9999, 29, -9999, -9999, 80, 61, 16, 87, 96, -9999, -9999, -9999, 72, -9999, -9999, -9999, 23, -9999, 82, -9999, 71, -9999, -9999, 56, 16, -9999, -9999, -9999, 22, -9999, -9999, 33, 66, -9999, -9999, 51, 38, 7, 23, -9999, -9999, -9999, -9999, 72, 47, -9999, -9999, -9999, 67, -9999, -9999, 1, 11, 66, -9999, -9999, 94, -9999, -9999, -9999, -9999, -9999, -9999, 11, 82, 45, -9999, -9999, 63, -9999, 55, -9999],
[42, -9999, -9999, -9999, 69, 5, -9999, -9999, -9999, -9999, -9999, -9999, -9999, 58, -9999, 67, -9999, -9999, -9999, 81, -9999, -9999, 73, -9999, 64, -9999, -9999, 72, -9999, -9999, -9999, -9999, 83, -9999, -9999, -9999, 40, 14, -9999, -9999, -9999, -9999, 17, -9999, -9999, -9999, -9999, -9999, -9999, -9999, -9999, -9999, -9999, -9999, -9999, -9999, -9999, -9999, -9999, -9999, -9999, -9999, -9999, -9999, -9999, -9999, -9999, -9999, -9999, -9999, -9999, -9999, -9999, -9999, -9999, -9999, 17, -9999, -9999, -9999, -9999, 51, -9999, -9999, -9999, -9999, -9999, -9999, -9999, -9999, -9999, -9999, 42, -9999, -9999, -9999, 15, -9999, 8, -9999],
[-9999, 70, -9999, 60, 84, -9999, -9999, -9999, 19, -9999, 2, 85, -9999, 69, 16, -9999, -9999, 69, 35, 99, 13, 97, -9999, -9999, 85, 69, -9999, -9999, 98, 49, -9999, -9999, 76, -9999, 52, -9999, -9999, 19, -9999, -9999, 78, -9999, 55, -9999, 86, -9999, -9999, -9999, 1, 10, -9999, 24, 96, 95, -9999, -9999, -9999, -9999, 27, 11, 83, 2, -9999, -9999, 75, -9999, 95, 13, -9999, -9999, 1, 53, 77, 94, 22, -9999, 9, -9999, -9999, 16, 18, 23, -9999, 28, 72, 71, -9999, -9999, 45, -9999, -9999, 71, -9999, 29, -9999, -9999, 75, -9999, -9999, -9999],
[-9999, -9999, -9999, -9999, -9999, -9999, -9999, -9999, -9999, -9999, -9999, -9999, -9999, -9999, -9999, -9999, -9999, -9999, -9999, -9999, -9999, -9999, -9999, -9999, -9999, -9999, -9999, -9999, -9999, -9999, -9999, -9999, -9999, -9999, -9999, -9999, -9999, -9999, -9999, -9999, -9999, -9999, -9999, -9999, -9999, -9999, -9999, -9999, -9999, 31, -9999, -9999, -9999, -9999, -9999, -9999, -9999, -9999, -9999, -9999, -9999, -9999, -9999, -9999, -9999, -9999, -9999, -9999, -9999, -9999, -9999, -9999, -9999, -9999, -9999, -9999, -9999, 80, -9999, -9999, -9999, -9999, -9999, -9999, -9999, 89, -9999, -9999, -9999, -9999, -9999, -9999, -9999, -9999, -9999, -9999, -9999, -9999, -9999, -9999],
[-9999, -9999, -9999, -9999, 97, -9999, -9999, 81, -9999, -9999, -9999, -9999, -9999, -9999, -9999, 82, -9999, 99, -9999, 38, -9999, -9999, -9999, -9999, 51, 58, -9999, -9999, -9999, -9999, 3, -9999, 82, -9999, -9999, -9999, 100, -9999, -9999, -9999, -9999, -9999, 99, -9999, -9999, -9999, 71, -9999, -9999, -9999, -9999, -9999, -9999, -9999, -9999, 40, -9999, -9999, -9999, 87, -9999, -9999, -9999, -9999, -9999, -9999, -9999, -9999, -9999, -9999, -9999, -9999, -9999, -9999, -9999, -9999, -9999, -9999, -9999, -9999, 70, -9999, -9999, -9999, -9999, -9999, -9999, -9999, -9999, 7, -9999, -9999, -9999, -9999, -9999, -9999, 46, -9999, 15, -9999],
[-9999, 4, -9999, -9999, 81, -9999, -9999, -9999, -9999, -9999, -9999, -9999, -9999, 25, 7, 25, -9999, -9999, -9999, 24, -9999, 9, -9999, -9999, 43, -9999, -9999, -9999, 91, -9999, 98, -9999, 14, -9999, 11, -9999, 11, 34, -9999, -9999, 7, -9999, 93, -9999, -9999, -9999, 54, -9999, 48, 53, -9999, 19, -9999, -9999, -9999, -9999, -9999, 62, -9999, -9999, 90, 88, -9999, -9999, 16, -9999, 72, -9999, 75, -9999, -9999, 100, 2, 100, 23, 73, 3, -9999, -9999, 93, 48, -9999, -9999, 99, 33, 51, -9999, -9999, 37, 63, -9999, -9999, 28, 31, -9999, -9999, -9999, -9999, -9999, -9999],
[-9999, 85, -9999, 17, 7, 53, -9999, 30, -9999, 75, -9999, -9999, 10, 63, -9999, 88, 44, 55, 47, 99, 89, 95, 43, -9999, 95, 65, -9999, 26, -9999, 26, 39, -9999, 90, -9999, -9999, -9999, 13, 71, 40, 93, 88, -9999, -9999, -9999, 29, 27, 60, 96, -9999, -9999, -9999, -9999, -9999, -9999, -9999, -9999, -9999, 99, -9999, -9999, 73, 99, -9999, -9999, -9999, -9999, -9999, -9999, 88, 29, -9999, 39, 24, -9999, 61, 72, 3, 93, 71, 57, 18, -9999, -9999, 62, -9999, 38, -9999, -9999, -9999, -9999, -9999, -9999, 66, 36, 41, 82, 12, -9999, -9999, -9999],
[-9999, -9999, -9999, 87, 63, -9999, -9999, 46, 98, -9999, -9999, 2, -9999, 67, -9999, 18, -9999, 51, 53, 97, 54, 42, -9999, -9999, 84, -9999, -9999, -9999, 13, 26, -9999, -9999, 37, -9999, 37, -9999, -9999, -9999, -9999, -9999, 8, -9999, -9999, -9999, -9999, -9999, 18, -9999, -9999, -9999, -9999, -9999, 85, -9999, -9999, -9999, -9999, -9999, 73, -9999, 47, -9999, -9999, 80, -9999, -9999, -9999, 80, 37, -9999, 37, -9999, -9999, 79, -9999, 13, -9999, -9999, -9999, 36, -9999, 58, -9999, 17, -9999, -9999, -9999, 90, 23, 57, 30, -9999, 28, 42, -9999, -9999, 54, -9999, 28, -9999],
[93, 75, 57, -9999, 21, 14, -9999, -9999, -9999, -9999, -9999, 40, -9999, -9999, 38, 68, 3, 15, 43, 15, 70, 80, 44, -9999, -9999, 24, -9999, -9999, 58, 34, 100, -9999, 2, -9999, -9999, 28, 1, -9999, -9999, 7, 4, -9999, 10, -9999, -9999, 94, -9999, -9999, -9999, -9999, -9999, -9999, -9999, -9999, 9, -9999, 49, 55, 14, 56, 14, -9999, -9999, -9999, -9999, -9999, -9999, -9999, 61, -9999, 58, 75, 53, 51, 97, -9999, 27, 16, 76, 51, 80, 25, -9999, 81, 40, -9999, -9999, 26, -9999, -9999, 42, 64, 91, 13, -9999, 4, -9999, -9999, -9999, -9999],
[41, 18, -9999, -9999, 17, 42, -9999, 18, 89, -9999, -9999, 24, -9999, 74, -9999, 44, -9999, 45, -9999, 78, 24, 56, 60, -9999, -9999, -9999, -9999, 7, 16, 21, 14, -9999, 4, -9999, 1, 66, -9999, 39, 65, 6, 85, -9999, 7, -9999, 80, -9999, -9999, -9999, -9999, -9999, -9999, -9999, 14, -9999, 74, -9999, 56, 36, -9999, 78, 29, 72, -9999, -9999, 38, -9999, -9999, -9999, 79, -9999, -9999, -9999, -9999, 69, 6, 38, -9999, -9999, 64, 32, -9999, 40, -9999, -9999, -9999, -9999, -9999, 77, 55, 2, -9999, 6, -9999, 100, -9999, -9999, 85, -9999, 78, -9999],
[90, 28, -9999, 84, 100, -9999, -9999, 10, -9999, -9999, -9999, 90, -9999, 60, 33, -9999, -9999, 2, 85, 35, 82, 75, -9999, -9999, 65, -9999, -9999, -9999, -9999, -9999, 67, -9999, 7, -9999, 26, 54, -9999, 90, -9999, 18, 85, -9999, 93, -9999, 35, -9999, 52, -9999, 71, 74, -9999, 27, 17, -9999, -9999, -9999, 21, -9999, 96, 31, 24, 55, -9999, -9999, -9999, -9999, 34, -9999, 3, -9999, -9999, 27, -9999, -9999, -9999, -9999, 42, -9999, -9999, 85, -9999, 20, -9999, 19, -9999, 31, -9999, 59, 75, 58, 98, -9999, -9999, 32, -9999, -9999, 54, -9999, 60, -9999],
[10, 40, -9999, 49, 90, 3, -9999, -9999, 13, -9999, -9999, 6, -9999, -9999, -9999, 65, -9999, 73, -9999, 67, 89, -9999, -9999, -9999, -9999, -9999, -9999, -9999, 23, 26, 32, -9999, 70, -9999, 50, -9999, -9999, 97, -9999, 54, 55, -9999, 4, -9999, -9999, -9999, 34, 23, -9999, -9999, -9999, 19, -9999, 15, -9999, -9999, 74, 58, 27, 41, 28, -9999, -9999, 23, -9999, -9999, 2, -9999, 30, -9999, -9999, 24, -9999, -9999, 92, 22, -9999, -9999, -9999, 3, 90, -9999, 18, -9999, 21, -9999, -9999, -9999, -9999, -9999, -9999, 50, 80, 46, -9999, -9999, -9999, -9999, -9999, -9999],
[-9999, -9999, -9999, -9999, 52, 13, -9999, -9999, 60, -9999, -9999, -9999, -9999, 22, 39, -9999, -9999, -9999, -9999, 97, -9999, -9999, -9999, -9999, -9999, 40, -9999, -9999, -9999, 44, -9999, -9999, 84, -9999, -9999, -9999, -9999, -9999, -9999, -9999, -9999, -9999, -9999, -9999, -9999, -9999, 57, -9999, -9999, -9999, -9999, -9999, -9999, -9999, -9999, -9999, -9999, -9999, -9999, -9999, -9999, -9999, -9999, -9999, -9999, -9999, -9999, -9999, -9999, -9999, 20, -9999, -9999, -9999, 21, -9999, -9999, -9999, -9999, -9999, -9999, -9999, -9999, -9999, -9999, -9999, -9999, -9999, -9999, 49, -9999, 51, 69, -9999, -9999, -9999, 20, -9999, 78, -9999],
[-9999, 13, -9999, -9999, 35, -9999, -9999, 15, 70, -9999, -9999, -9999, 80, 64, -9999, -9999, 82, 44, -9999, 79, 29, 39, 12, -9999, -9999, 2, -9999, 26, 81, 73, -9999, -9999, 64, -9999, -9999, -9999, -9999, 43, 43, 50, 12, -9999, -9999, -9999, 79, 33, 57, -9999, 5, -9999, -9999, 60, 10, 38, 79, -9999, 69, -9999, 3, -9999, 78, -9999, 73, 96, 90, -9999, -9999, -9999, -9999, -9999, 22, 10, 60, 68, -9999, 65, 37, -9999, 94, 43, 3, -9999, -9999, 58, 27, 96, -9999, -9999, 91, 15, -9999, 19, 26, 24, -9999, -9999, -9999, -9999, 96, 80],
[64, -9999, -9999, 91, 86, 100, -9999, -9999, 86, -9999, -9999, -9999, -9999, 93, 8, 90, -9999, 14, -9999, -9999, 15, 48, -9999, -9999, -9999, 98, -9999, -9999, 84, 96, 18, -9999, 17, 93, 1, 70, -9999, -9999, -9999, 15, 52, -9999, -9999, -9999, -9999, -9999, 78, -9999, -9999, 29, -9999, -9999, 31, 36, -9999, -9999, -9999, 75, 43, -9999, 37, -9999, -9999, 94, 85, -9999, 99, -9999, -9999, -9999, 52, 38, -9999, 58, -9999, 36, -9999, -9999, -9999, 18, -9999, 67, 27, -9999, 79, 49, -9999, 77, 94, -9999, -9999, 12, 28, 13, -9999, -9999, -9999, -9999, 4, -9999],
[-9999, 56, -9999, 23, 41, 18, -9999, 81, 4, -9999, 48, 60, -9999, 39, 81, -9999, -9999, -9999, -9999, 74, -9999, 97, -9999, -9999, -9999, -9999, -9999, -9999, 69, 1, 15, -9999, 56, 46, 29, -9999, 43, 100, -9999, -9999, 27, -9999, 31, -9999, -9999, -9999, -9999, -9999, -9999, -9999, -9999, 37, 98, -9999, -9999, -9999, -9999, -9999, 99, 98, 15, 94, -9999, -9999, -9999, -9999, 65, -9999, -9999, -9999, -9999, 2, -9999, 79, 34, 97, 79, -9999, -9999, 34, 31, 25, -9999, -9999, 57, 6, -9999, 1, 98, -9999, 32, -9999, -9999, 76, -9999, -9999, -9999, -9999, -9999, 74],
[86, -9999, -9999, -9999, 65, -9999, -9999, 10, 46, -9999, -9999, -9999, -9999, 95, -9999, 47, -9999, -9999, -9999, 56, -9999, -9999, -9999, -9999, 52, 5, -9999, -9999, -9999, 85, 49, -9999, 52, -9999, 2, -9999, -9999, 65, -9999, -9999, -9999, -9999, 8, -9999, -9999, -9999, 12, -9999, -9999, -9999, -9999, -9999, 89, -9999, -9999, 46, -9999, -9999, -9999, -9999, -9999, -9999, -9999, -9999, -9999, -9999, -9999, -9999, -9999, -9999, -9999, -9999, -9999, -9999, -9999, -9999, -9999, -9999, -9999, -9999, -9999, -9999, -9999, -9999, -9999, -9999, -9999, -9999, -9999, 63, -9999, -9999, -9999, -9999, -9999, -9999, -9999, -9999, -9999, -9999],
[-9999, -9999, -9999, -9999, 81, 60, -9999, -9999, 70, 99, -9999, -9999, -9999, 87, -9999, 8, -9999, 11, -9999, 82, -9999, -9999, -9999, -9999, 36, -9999, -9999, -9999, -9999, -9999, -9999, -9999, 50, -9999, 82, -9999, 99, 51, -9999, -9999, -9999, -9999, 14, -9999, 56, -9999, 10, -9999, -9999, -9999, -9999, -9999, -9999, -9999, -9999, -9999, -9999, -9999, -9999, -9999, -9999, -9999, -9999, -9999, -9999, -9999, -9999, -9999, -9999, -9999, -9999, -9999, -9999, -9999, -9999, -9999, 3, -9999, -9999, -9999, -9999, -9999, -9999, -9999, -9999, -9999, -9999, -9999, -9999, 30, -9999, -9999, 88, -9999, -9999, -9999, -9999, -9999, 28, -9999],
[8, 41, -9999, 9, 47, 1, -9999, -9999, -9999, -9999, -9999, 67, -9999, -9999, -9999, -9999, -9999, 27, -9999, 18, 78, 90, -9999, -9999, 35, 18, -9999, -9999, -9999, 23, -9999, -9999, 39, -9999, 89, 100, -9999, 84, -9999, -9999, 80, -9999, 43, -9999, -9999, -9999, -9999, -9999, 36, -9999, -9999, -9999, 53, 42, -9999, -9999, -9999, 72, -9999, 32, 54, 60, -9999, 23, -9999, -9999, 4, -9999, -9999, -9999, 36, -9999, 44, 88, 33, -9999, 5, -9999, -9999, 82, -9999, 6, -9999, 53, -9999, 58, -9999, 73, -9999, 71, 2, -9999, 37, 63, -9999, -9999, 80, -9999, -9999, -9999],
[-9999, -9999, -9999, -9999, 96, 21, -9999, 89, 78, -9999, -9999, -9999, -9999, -9999, -9999, 23, -9999, 26, -9999, 20, -9999, -9999, -9999, -9999, -9999, 57, -9999, -9999, -9999, -9999, -9999, -9999, 34, -9999, 68, -9999, 52, -9999, -9999, -9999, -9999, 72, -9999, -9999, -9999, -9999, -9999, -9999, -9999, -9999, -9999, -9999, -9999, -9999, -9999, -9999, -9999, -9999, -9999, -9999, -9999, -9999, -9999, -9999, -9999, -9999, -9999, -9999, -9999, -9999, 55, -9999, -9999, -9999, -9999, -9999, 65, -9999, -9999, -9999, 42, 11, -9999, -9999, -9999, -9999, -9999, -9999, -9999, 67, -9999, 21, -9999, -9999, -9999, -9999, -9999, -9999, 1, -9999],
[-9999, -9999, -9999, -9999, -9999, -9999, -9999, -9999, -9999, -9999, -9999, -9999, -9999, -9999, -9999, -9999, -9999, -9999, -9999, -9999, -9999, -9999, -9999, -9999, -9999, -9999, -9999, -9999, -9999, -9999, -9999, -9999, -9999, -9999, -9999, -9999, -9999, -9999, -9999, -9999, -9999, -9999, -9999, -9999, -9999, -9999, -9999, -9999, -9999, 90, -9999, -9999, -9999, -9999, -9999, -9999, -9999, -9999, -9999, -9999, -9999, -9999, -9999, -9999, -9999, -9999, -9999, -9999, -9999, -9999, -9999, -9999, -9999, -9999, -9999, -9999, -9999, -9999, -9999, -9999, -9999, -9999, -9999, -9999, -9999, 67, -9999, -9999, -9999, -9999, -9999, -9999, -9999, -9999, -9999, -9999, -9999, -9999, -9999, -9999],
[-9999, 82, -9999, -9999, 71, -9999, -9999, -9999, -9999, 71, -9999, -9999, -9999, -9999, 56, 84, -9999, 100, -9999, 95, 59, 80, -9999, -9999, 59, 96, -9999, -9999, -9999, -9999, 49, -9999, 100, 33, 84, -9999, 25, 66, -9999, 95, 2, -9999, 75, -9999, 99, -9999, 93, -9999, 84, -9999, -9999, 72, 68, 2, -9999, -9999, 60, -9999, 16, 94, 12, -9999, -9999, 57, -9999, -9999, -9999, -9999, 67, -9999, -9999, 27, 89, 34, 92, -9999, 94, -9999, -9999, 8, 92, -9999, -9999, -9999, 93, 44, -9999, 25, 64, 24, 98, -9999, 45, 65, -9999, -9999, 95, -9999, -9999, -9999],
[-9999, -9999, -9999, -9999, 68, -9999, -9999, -9999, 20, -9999, -9999, -9999, -9999, -9999, 48, 59, -9999, -9999, -9999, 82, -9999, -9999, -9999, -9999, -9999, 46, -9999, -9999, -9999, 14, -9999, -9999, 66, -9999, 85, -9999, -9999, 46, -9999, -9999, -9999, -9999, 39, -9999, 92, -9999, -9999, -9999, -9999, -9999, -9999, -9999, 72, 99, -9999, -9999, -9999, -9999, -9999, -9999, -9999, -9999, -9999, -9999, -9999, -9999, -9999, -9999, -9999, -9999, 55, -9999, -9999, -9999, 57, -9999, -9999, -9999, -9999, -9999, 8, -9999, -9999, -9999, -9999, -9999, -9999, -9999, -9999, -9999, -9999, 53, -9999, -9999, -9999, -9999, 52, -9999, -9999, -9999],
[33, -9999, -9999, 75, 97, 41, -9999, 84, 80, -9999, -9999, 36, -9999, 56, 67, -9999, -9999, 10, 72, 76, 95, 3, -9999, -9999, -9999, -9999, -9999, -9999, -9999, -9999, -9999, -9999, 18, -9999, 28, -9999, 87, 25, -9999, 14, 20, -9999, -9999, -9999, 84, -9999, -9999, -9999, 30, 69, 9, -9999, -9999, 40, -9999, -9999, -9999, 38, -9999, -9999, 59, 97, -9999, 41, 54, -9999, 16, -9999, 5, -9999, 90, 39, 48, 4, 57, 93, 14, -9999, -9999, -9999, 34, 35, -9999, -9999, 65, 74, -9999, -9999, 45, 52, 55, 82, 7, 55, -9999, -9999, 46, -9999, 11, -9999],
[-9999, -9999, -9999, -9999, -9999, -9999, -9999, -9999, -9999, -9999, -9999, -9999, -9999, -9999, -9999, -9999, -9999, -9999, -9999, -9999, -9999, -9999, -9999, -9999, -9999, -9999, -9999, -9999, -9999, -9999, -9999, -9999, -9999, -9999, -9999, -9999, -9999, -9999, -9999, -9999, -9999, -9999, -9999, -9999, -9999, -9999, -9999, -9999, -9999, -9999, -9999, -9999, -9999, -9999, -9999, -9999, -9999, -9999, -9999, -9999, -9999, -9999, -9999, -9999, -9999, -9999, -9999, -9999, -9999, -9999, -9999, -9999, -9999, -9999, -9999, -9999, -9999, -9999, -9999, -9999, -9999, -9999, -9999, -9999, -9999, -9999, -9999, -9999, -9999, -9999, -9999, -9999, -9999, -9999, -9999, -9999, -9999, -9999, -9999, -9999],
[-9999, -9999, -9999, -9999, 93, -9999, -9999, 72, -9999, -9999, -9999, -9999, -9999, 48, 38, -9999, -9999, 42, -9999, 72, -9999, -9999, -9999, -9999, -9999, -9999, -9999, -9999, -9999, 4, -9999, -9999, 37, -9999, -9999, -9999, 77, 15, -9999, -9999, -9999, -9999, 98, -9999, 83, -9999, -9999, -9999, -9999, -9999, -9999, -9999, 85, 23, -9999, -9999, -9999, -9999, -9999, -9999, -9999, -9999, -9999, -9999, -9999, -9999, -9999, -9999, -9999, -9999, -9999, -9999, -9999, -9999, 100, -9999, 98, -9999, -9999, -9999, -9999, 79, -9999, -9999, -9999, -9999, -9999, -9999, -9999, 52, -9999, 33, 16, -9999, -9999, -9999, 5, -9999, 82, -9999],
[10, -9999, -9999, -9999, 47, -9999, -9999, 58, -9999, -9999, -9999, -9999, -9999, -9999, 41, 80, -9999, 76, -9999, 95, -9999, -9999, -9999, -9999, -9999, 37, -9999, -9999, -9999, 80, -9999, -9999, 49, -9999, 96, -9999, 85, -9999, -9999, -9999, -9999, -9999, 25, -9999, 43, -9999, -9999, -9999, -9999, -9999, -9999, -9999, 3, -9999, -9999, -9999, -9999, -9999, -9999, 90, -9999, -9999, -9999, -9999, -9999, -9999, -9999, -9999, -9999, -9999, 68, -9999, -9999, -9999, 26, -9999, 61, -9999, -9999, -9999, -9999, -9999, -9999, -9999, -9999, -9999, -9999, -9999, -9999, -9999, -9999, 31, 5, -9999, -9999, -9999, 19, -9999, 70, -9999],
[-9999, -9999, -9999, -9999, 8, 29, -9999, -9999, -9999, -9999, -9999, -9999, -9999, 44, 44, -9999, -9999, -9999, -9999, 77, -9999, -9999, -9999, -9999, 77, -9999, -9999, -9999, -9999, -9999, 13, -9999, -9999, -9999, 61, -9999, -9999, 85, -9999, -9999, -9999, -9999, 31, -9999, 30, -9999, 59, -9999, -9999, -9999, -9999, -9999, -9999, 69, -9999, -9999, -9999, -9999, -9999, -9999, -9999, -9999, -9999, -9999, -9999, -9999, -9999, -9999, -9999, -9999, 23, -9999, -9999, -9999, 34, -9999, 77, -9999, -9999, -9999, 100, -9999, -9999, -9999, -9999, -9999, -9999, -9999, -9999, 59, -9999, -9999, 77, -9999, -9999, -9999, 67, -9999, -9999, -9999],
[97, -9999, -9999, -9999, 22, 61, -9999, 21, -9999, 65, -9999, -9999, -9999, 2, 92, -9999, -9999, 52, -9999, 24, -9999, -9999, -9999, -9999, -9999, -9999, -9999, -9999, -9999, 75, -9999, -9999, 95, -9999, 25, -9999, -9999, -9999, -9999, -9999, -9999, -9999, -9999, -9999, 15, -9999, 85, -9999, -9999, -9999, -9999, -9999, 5, -9999, -9999, -9999, -9999, -9999, -9999, 69, -9999, -9999, -9999, -9999, -9999, -9999, -9999, -9999, -9999, -9999, -9999, -9999, -9999, -9999, -9999, -9999, 47, -9999, -9999, -9999, -9999, 18, -9999, -9999, -9999, -9999, -9999, -9999, -9999, 24, -9999, 90, 93, -9999, -9999, -9999, 1, -9999, 41, -9999],
[-9999, -9999, -9999, -9999, -9999, -9999, -9999, -9999, -9999, -9999, -9999, -9999, -9999, -9999, -9999, -9999, -9999, -9999, -9999, -9999, -9999, -9999, -9999, -9999, -9999, -9999, -9999, -9999, -9999, -9999, -9999, -9999, -9999, -9999, -9999, 6, -9999, -9999, -9999, -9999, -9999, -9999, -9999, -9999, -9999, -9999, -9999, -9999, -9999, 40, -9999, -9999, -9999, -9999, -9999, -9999, -9999, -9999, -9999, -9999, -9999, -9999, -9999, -9999, -9999, -9999, -9999, -9999, -9999, -9999, -9999, -9999, -9999, -9999, -9999, -9999, -9999, -9999, -9999, -9999, -9999, -9999, -9999, -9999, -9999, 78, -9999, -9999, -9999, -9999, -9999, -9999, -9999, -9999, -9999, -9999, -9999, -9999, -9999, -9999],
[-9999, 32, -9999, -9999, 77, 39, -9999, 48, 19, 37, -9999, 20, -9999, 85, -9999, 40, -9999, 14, 64, 74, 99, 21, -9999, -9999, 69, 57, -9999, -9999, -9999, 85, 29, -9999, 59, -9999, 66, -9999, -9999, -9999, -9999, 98, 17, -9999, -9999, -9999, -9999, -9999, -9999, -9999, 82, -9999, -9999, -9999, -9999, -9999, -9999, -9999, 33, 72, 9, 68, 18, 10, -9999, -9999, 5, -9999, 25, -9999, 72, -9999, -9999, 29, 48, -9999, 5, 48, 27, -9999, -9999, 45, -9999, 49, -9999, -9999, 91, 25, -9999, -9999, -9999, -9999, -9999, 43, 46, 84, -9999, -9999, 25, -9999, 57, -9999],
[-9999, -9999, -9999, -9999, -9999, -9999, -9999, -9999, -9999, -9999, -9999, -9999, -9999, -9999, -9999, -9999, -9999, -9999, -9999, -9999, -9999, -9999, -9999, -9999, -9999, -9999, -9999, -9999, -9999, -9999, -9999, -9999, -9999, -9999, -9999, -9999, -9999, -9999, -9999, -9999, -9999, -9999, -9999, -9999, -9999, -9999, -9999, -9999, -9999, 95, -9999, -9999, -9999, -9999, -9999, -9999, -9999, -9999, -9999, -9999, -9999, -9999, -9999, -9999, -9999, -9999, -9999, -9999, -9999, -9999, -9999, -9999, -9999, -9999, -9999, -9999, -9999, -9999, -9999, -9999, -9999, -9999, -9999, -9999, -9999, 100, -9999, -9999, -9999, -9999, -9999, -9999, -9999, -9999, -9999, -9999, -9999, -9999, -9999, -9999],
[-9999, -9999, -9999, -9999, -9999, -9999, -9999, -9999, -9999, -9999, -9999, -9999, -9999, -9999, -9999, -9999, -9999, -9999, -9999, -9999, -9999, -9999, -9999, -9999, -9999, -9999, -9999, -9999, -9999, -9999, -9999, -9999, -9999, -9999, -9999, 65, -9999, -9999, -9999, -9999, -9999, -9999, -9999, -9999, -9999, -9999, -9999, -9999, -9999, 35, -9999, -9999, -9999, -9999, -9999, -9999, -9999, -9999, -9999, -9999, -9999, -9999, -9999, -9999, -9999, -9999, -9999, -9999, -9999, -9999, -9999, -9999, -9999, -9999, -9999, -9999, -9999, -9999, -9999, -9999, -9999, -9999, -9999, -9999, -9999, 85, -9999, -9999, -9999, -9999, -9999, -9999, -9999, -9999, -9999, -9999, -9999, -9999, -9999, -9999],
[-9999, 60, -9999, -9999, 97, 67, -9999, 33, 61, -9999, -9999, 21, -9999, -9999, -9999, 48, -9999, -9999, -9999, 39, -9999, 86, -9999, -9999, -9999, 93, -9999, -9999, 59, 38, -9999, -9999, 16, -9999, -9999, 20, -9999, 90, -9999, -9999, 20, -9999, 88, -9999, 31, -9999, -9999, -9999, 25, 52, -9999, 2, -9999, 36, -9999, -9999, -9999, 58, 48, -9999, 85, 78, -9999, 29, 7, -9999, 59, -9999, 24, -9999, 28, -9999, 48, -9999, 74, 75, 31, -9999, -9999, 85, -9999, -9999, -9999, 69, -9999, -9999, -9999, -9999, -9999, 41, -9999, 82, 15, 35, -9999, -9999, 90, -9999, 60, -9999],
[-9999, 53, -9999, 52, 25, 1, -9999, 84, 67, -9999, -9999, 39, -9999, -9999, -9999, 77, -9999, 82, 59, 23, 9, 78, -9999, -9999, 56, -9999, -9999, -9999, 57, -9999, 2, -9999, 96, -9999, 39, -9999, 41, -9999, -9999, -9999, 90, -9999, -9999, -9999, 10, -9999, 22, -9999, -9999, -9999, -9999, 9, 24, 4, -9999, -9999, -9999, 97, 3, 93, 62, 64, -9999, 75, 32, -9999, 48, 4, 91, -9999, -9999, 18, 32, 76, 35, 100, 9, -9999, -9999, 31, 82, 16, -9999, 2, 86, -9999, -9999, -9999, -9999, -9999, 49, -9999, 9, 2, -9999, -9999, 100, -9999, 88, -9999],
[-9999, 20, -9999, -9999, 64, 29, 60, -9999, -9999, -9999, -9999, -9999, -9999, 42, 66, 98, -9999, 39, 57, 49, -9999, 56, -9999, -9999, 49, 67, -9999, -9999, 33, 86, -9999, 30, 66, -9999, 73, 65, 21, -9999, -9999, 88, -9999, -9999, 28, -9999, -9999, -9999, 30, -9999, -9999, -9999, -9999, 36, 94, -9999, -9999, -9999, 31, -9999, -9999, 80, 29, 63, -9999, 48, 67, -9999, 62, -9999, -9999, -9999, -9999, -9999, -9999, 79, -9999, 55, 3, -9999, -9999, 31, -9999, -9999, -9999, 40, -9999, 29, -9999, 4, 35, 61, 52, -9999, -9999, 9, -9999, -9999, 15, -9999, 98, -9999],
[97, 100, -9999, -9999, 38, 40, -9999, -9999, 25, -9999, 68, 61, -9999, -9999, -9999, 18, -9999, 98, -9999, 25, -9999, 22, -9999, -9999, 19, -9999, -9999, -9999, 77, 97, 90, -9999, 65, -9999, 41, 38, 85, 65, -9999, -9999, 23, -9999, -9999, -9999, 69, -9999, 79, -9999, -9999, -9999, -9999, -9999, 96, -9999, -9999, -9999, -9999, 85, 18, -9999, 74, -9999, -9999, 35, 68, -9999, 54, -9999, 31, -9999, -9999, -9999, 16, 18, 48, -9999, -9999, -9999, -9999, 45, -9999, -9999, -9999, 64, 48, -9999, -9999, -9999, 31, -9999, 36, 100, 8, 73, -9999, -9999, 25, -9999, 82, -9999],
[-9999, -9999, -9999, -9999, 54, -9999, 57, 55, 34, -9999, -9999, -9999, -9999, 59, -9999, -9999, -9999, -9999, -9999, 15, -9999, -9999, -9999, -9999, -9999, 81, -9999, -9999, -9999, 40, -9999, -9999, 1, -9999, -9999, -9999, -9999, -9999, -9999, -9999, -9999, -9999, -9999, -9999, 43, -9999, -9999, -9999, -9999, -9999, -9999, -9999, -9999, -9999, -9999, -9999, -9999, -9999, -9999, -9999, -9999, -9999, -9999, -9999, -9999, -9999, -9999, -9999, -9999, -9999, -9999, -9999, -9999, -9999, 24, -9999, 88, -9999, -9999, -9999, -9999, -9999, -9999, -9999, -9999, -9999, -9999, -9999, -9999, -9999, -9999, -9999, 40, -9999, -9999, -9999, -9999, -9999, -9999, -9999],
[-9999, -9999, -9999, -9999, -9999, -9999, -9999, -9999, -9999, -9999, -9999, -9999, -9999, -9999, -9999, -9999, -9999, -9999, -9999, -9999, -9999, -9999, -9999, -9999, -9999, -9999, -9999, -9999, -9999, -9999, -9999, -9999, -9999, -9999, -9999, -9999, -9999, -9999, -9999, -9999, -9999, -9999, -9999, -9999, -9999, -9999, -9999, -9999, -9999, -9999, -9999, -9999, -9999, -9999, -9999, -9999, -9999, -9999, -9999, -9999, -9999, -9999, -9999, -9999, -9999, -9999, -9999, -9999, -9999, -9999, -9999, -9999, -9999, -9999, -9999, -9999, -9999, -9999, -9999, -9999, -9999, -9999, -9999, -9999, -9999, -9999, -9999, -9999, -9999, -9999, -9999, -9999, -9999, -9999, -9999, -9999, -9999, -9999, -9999, -9999],
[64, -9999, -9999, -9999, 81, 58, -9999, 57, 77, -9999, -9999, 52, -9999, -9999, -9999, 48, 86, 75, -9999, 45, 76, 64, 21, -9999, 68, -9999, -9999, -9999, 6, -9999, 23, -9999, 33, -9999, 83, 22, 26, 95, 77, 47, 87, -9999, 39, -9999, -9999, 21, 67, -9999, 86, 64, -9999, 52, 93, 80, 29, -9999, 34, 30, -9999, 64, 95, 32, -9999, 98, 76, -9999, 18, -9999, 92, 60, 42, 54, -9999, 49, -9999, 3, 87, 68, 56, -9999, -9999, 25, -9999, -9999, -9999, 33, -9999, -9999, 36, 66, 1, 52, 82, 76, -9999, -9999, 5, -9999, 12, -9999],
[-9999, 46, -9999, 10, 71, 26, -9999, 54, -9999, -9999, -9999, -9999, -9999, 56, 13, -9999, -9999, -9999, 44, 43, -9999, 76, -9999, -9999, -9999, 85, -9999, -9999, -9999, 37, -9999, -9999, 49, 43, 55, 11, -9999, 28, -9999, 73, 54, -9999, 47, -9999, 99, -9999, 25, -9999, 46, -9999, -9999, 31, 42, -9999, -9999, -9999, 66, 95, -9999, 82, 57, -9999, -9999, -9999, 56, -9999, 74, -9999, 18, -9999, -9999, 11, -9999, 97, -9999, 14, 57, -9999, -9999, 23, -9999, 17, -9999, -9999, 47, -9999, -9999, -9999, 26, 77, 29, -9999, -9999, 93, -9999, -9999, 99, -9999, -9999, 16],
[-9999, -9999, -9999, 47, 47, 26, -9999, 12, -9999, -9999, -9999, 42, -9999, 97, -9999, 40, -9999, -9999, 89, 55, 48, 89, -9999, -9999, 19, 38, -9999, -9999, 25, -9999, -9999, -9999, 88, 71, -9999, 74, -9999, -9999, -9999, -9999, 94, -9999, 67, -9999, -9999, -9999, -9999, -9999, 75, -9999, -9999, -9999, 98, 78, -9999, -9999, 18, -9999, -9999, -9999, 88, 92, -9999, 11, 68, -9999, -9999, -9999, -9999, -9999, -9999, 87, 39, 49, 67, 35, 46, -9999, -9999, -9999, 44, -9999, -9999, 94, 28, 93, -9999, -9999, -9999, -9999, -9999, -9999, 77, 64, -9999, -9999, -9999, -9999, 5, -9999],
[-9999, -9999, -9999, -9999, 72, -9999, -9999, 77, -9999, -9999, -9999, -9999, -9999, -9999, 65, -9999, -9999, 60, -9999, -9999, -9999, -9999, -9999, -9999, 39, -9999, -9999, -9999, -9999, 70, 34, -9999, 37, -9999, 60, -9999, 46, -9999, -9999, -9999, -9999, -9999, 49, -9999, -9999, -9999, 86, -9999, -9999, -9999, -9999, -9999, 77, 45, -9999, -9999, -9999, -9999, -9999, 33, -9999, -9999, -9999, -9999, -9999, -9999, -9999, -9999, -9999, -9999, 64, -9999, -9999, -9999, 25, -9999, 47, -9999, -9999, -9999, -9999, 8, -9999, -9999, -9999, -9999, -9999, -9999, -9999, 39, -9999, -9999, 51, -9999, -9999, -9999, 93, -9999, -9999, -9999],
[6, 63, -9999, 97, 63, 44, 82, 14, 26, -9999, -9999, -9999, -9999, 8, 5, 40, -9999, 100, 90, 89, 93, 77, -9999, -9999, -9999, 66, -9999, -9999, 93, -9999, 26, -9999, 53, -9999, 95, 29, -9999, 64, -9999, 75, 89, -9999, 82, -9999, 11, -9999, 29, -9999, -9999, 96, -9999, 35, -9999, 11, -9999, 89, -9999, 17, -9999, -9999, 59, 22, -9999, 11, 89, -9999, -9999, -9999, 4, -9999, 3, 86, -9999, -9999, 20, 76, 72, -9999, -9999, -9999, -9999, 73, -9999, -9999, -9999, -9999, -9999, -9999, 26, -9999, 26, -9999, -9999, 74, -9999, -9999, 30, -9999, 51, -9999],
[-9999, -9999, -9999, -9999, 21, 34, -9999, 65, -9999, -9999, -9999, -9999, -9999, 41, 11, -9999, -9999, 45, -9999, 47, -9999, -9999, -9999, -9999, -9999, -9999, -9999, -9999, -9999, -9999, 22, -9999, 14, -9999, -9999, -9999, -9999, -9999, -9999, -9999, -9999, -9999, 12, -9999, -9999, -9999, 52, -9999, -9999, -9999, -9999, -9999, 83, 61, -9999, -9999, -9999, -9999, -9999, 23, -9999, -9999, -9999, -9999, -9999, -9999, -9999, -9999, -9999, -9999, 95, -9999, -9999, -9999, -9999, -9999, -9999, -9999, -9999, -9999, 14, 81, -9999, -9999, -9999, -9999, -9999, -9999, -9999, 14, -9999, -9999, 71, -9999, -9999, -9999, 66, -9999, 97, -9999],
[96, 82, 30, -9999, 48, 65, -9999, 63, -9999, -9999, -9999, 95, -9999, -9999, -9999, 44, -9999, 18, 28, 55, 59, 71, -9999, -9999, -9999, 68, -9999, -9999, 88, 28, 51, -9999, 73, -9999, 9, 78, -9999, -9999, -9999, -9999, 62, 69, -9999, -9999, 8, -9999, 35, -9999, 41, 12, -9999, -9999, 89, 72, -9999, -9999, -9999, 37, -9999, -9999, 67, 10, -9999, -9999, 60, -9999, 21, -9999, 56, -9999, 95, -9999, 89, 23, 70, 11, 7, -9999, -9999, -9999, -9999, 5, -9999, 32, -9999, 14, -9999, 92, 29, -9999, 98, 23, 62, 82, -9999, -9999, 90, -9999, -9999, 27],
[74, -9999, -9999, 50, 15, 79, -9999, 62, 50, -9999, 14, -9999, -9999, -9999, -9999, -9999, -9999, 14, -9999, 59, 88, 20, -9999, -9999, -9999, -9999, -9999, -9999, 15, 46, -9999, -9999, 98, -9999, 42, 82, 41, -9999, -9999, 63, 62, -9999, -9999, -9999, 19, -9999, -9999, 22, -9999, -9999, 30, -9999, -9999, -9999, -9999, -9999, 67, 98, 7, 90, 13, 60, -9999, -9999, 72, -9999, 31, -9999, 86, -9999, 45, -9999, -9999, 84, -9999, 86, 36, -9999, -9999, 4, 36, 77, -9999, 70, -9999, -9999, -9999, 38, 32, 100, 12, 65, -9999, 99, -9999, -9999, 91, -9999, -9999, -9999],
[-9999, -9999, -9999, -9999, 16, -9999, 39, 52, -9999, -9999, -9999, -9999, -9999, 17, 6, -9999, -9999, 75, -9999, 59, -9999, -9999, -9999, -9999, 57, -9999, -9999, -9999, -9999, -9999, 64, -9999, 34, -9999, -9999, -9999, 42, 49, -9999, -9999, -9999, -9999, 40, -9999, -9999, -9999, 90, -9999, -9999, -9999, 29, -9999, -9999, -9999, -9999, -9999, -9999, -9999, -9999, 77, -9999, -9999, -9999, -9999, -9999, -9999, -9999, -9999, -9999, -9999, 75, -9999, -9999, -9999, 84, -9999, -9999, -9999, -9999, -9999, -9999, 79, -9999, -9999, -9999, -9999, -9999, -9999, -9999, -9999, -9999, 34, -9999, -9999, -9999, -9999, 86, -9999, 52, -9999],
[77, 93, -9999, -9999, 92, 58, -9999, -9999, -9999, -9999, -9999, 67, -9999, -9999, -9999, 17, -9999, -9999, -9999, 45, -9999, 65, -9999, -9999, -9999, -9999, -9999, -9999, 70, -9999, 100, 86, 95, 76, -9999, 39, 23, -9999, -9999, 29, 11, -9999, -9999, -9999, 34, -9999, 44, -9999, 90, -9999, -9999, 36, 63, -9999, -9999, -9999, 52, -9999, 48, -9999, 62, 62, -9999, 51, 47, -9999, 87, -9999, -9999, -9999, 7, -9999, -9999, 91, -9999, 77, 14, -9999, -9999, 76, 63, 75, -9999, 11, -9999, 18, -9999, 80, 45, 86, 55, -9999, -9999, 76, -9999, -9999, -9999, -9999, -9999, -9999],
[89, 3, -9999, -9999, 59, -9999, -9999, 29, 66, 100, -9999, 87, -9999, -9999, 36, 94, -9999, 100, 6, 98, 92, 14, -9999, -9999, 87, -9999, -9999, -9999, 69, 91, -9999, -9999, 13, -9999, -9999, 49, 80, 30, -9999, -9999, 85, -9999, 87, -9999, 77, -9999, 81, -9999, 9, 9, -9999, 98, 73, 65, -9999, -9999, -9999, 80, 72, 42, 80, 12, -9999, 2, -9999, -9999, -9999, -9999, -9999, -9999, -9999, 2, 12, -9999, 61, 4, -9999, -9999, -9999, -9999, 91, 59, -9999, 93, -9999, -9999, -9999, 79, -9999, -9999, -9999, 34, 92, 95, 16, -9999, 32, -9999, 76, -9999],
[39, -9999, -9999, -9999, 72, -9999, -9999, 36, 50, -9999, -9999, -9999, -9999, -9999, 63, -9999, -9999, 59, -9999, 96, -9999, -9999, -9999, -9999, 16, 86, -9999, -9999, -9999, -9999, -9999, -9999, 33, -9999, -9999, -9999, 97, 82, -9999, -9999, -9999, -9999, 38, -9999, 58, -9999, -9999, -9999, -9999, -9999, -9999, -9999, 55, 56, -9999, -9999, -9999, -9999, -9999, 92, -9999, -9999, -9999, -9999, -9999, -9999, -9999, -9999, -9999, -9999, 70, -9999, -9999, -9999, 22, -9999, -9999, -9999, -9999, -9999, -9999, 69, -9999, -9999, -9999, -9999, -9999, -9999, -9999, 73, -9999, 17, -9999, -9999, -9999, -9999, 88, -9999, 79, -9999],
[59, -9999, -9999, 58, 66, 72, -9999, 33, -9999, -9999, -9999, 66, -9999, -9999, 76, 31, -9999, -9999, -9999, 77, -9999, 35, -9999, -9999, 99, 65, -9999, -9999, -9999, -9999, 17, -9999, 71, -9999, 7, -9999, -9999, -9999, -9999, -9999, 89, -9999, -9999, -9999, 99, -9999, 73, -9999, -9999, -9999, -9999, 25, 3, 76, -9999, 5, -9999, -9999, 22, 42, 42, -9999, -9999, 16, 90, -9999, 13, -9999, 3, -9999, 97, 28, -9999, 71, 36, -9999, -9999, -9999, -9999, -9999, -9999, -9999, -9999, 94, -9999, 17, -9999, 41, 87, 16, 96, 99, -9999, 18, -9999, -9999, 67, -9999, 66, -9999],
[94, -9999, -9999, 53, 60, -9999, -9999, -9999, 5, -9999, -9999, -9999, -9999, 74, -9999, -9999, -9999, 73, 52, 26, 38, 22, -9999, -9999, -9999, -9999, -9999, -9999, -9999, 75, -9999, -9999, 37, -9999, 3, 41, -9999, 17, -9999, 45, 17, -9999, -9999, -9999, 33, -9999, -9999, -9999, 50, 96, -9999, -9999, 12, -9999, -9999, -9999, 43, -9999, -9999, -9999, 58, -9999, -9999, -9999, 99, -9999, 56, -9999, -9999, -9999, -9999, -9999, 67, -9999, 23, 34, 75, -9999, -9999, -9999, 2, -9999, -9999, -9999, -9999, 30, -9999, 83, 10, 55, -9999, 16, -9999, 75, -9999, -9999, 84, -9999, -9999, -9999],
[72, -9999, -9999, -9999, 59, 46, -9999, 65, 24, -9999, -9999, -9999, -9999, 17, -9999, 82, -9999, -9999, -9999, 85, -9999, -9999, -9999, -9999, -9999, -9999, -9999, -9999, -9999, 18, -9999, -9999, 86, -9999, 21, -9999, 49, 86, -9999, -9999, -9999, -9999, 58, -9999, 20, -9999, -9999, -9999, -9999, -9999, -9999, -9999, -9999, 71, -9999, -9999, -9999, -9999, -9999, 63, -9999, -9999, -9999, -9999, -9999, -9999, -9999, -9999, -9999, -9999, 67, -9999, -9999, -9999, 72, -9999, 2, -9999, -9999, -9999, -9999, 4, -9999, -9999, -9999, -9999, -9999, -9999, -9999, 87, -9999, 21, 26, -9999, -9999, -9999, -9999, -9999, 77, -9999],
[-9999, -9999, -9999, -9999, -9999, -9999, -9999, -9999, -9999, -9999, -9999, -9999, -9999, -9999, -9999, -9999, -9999, -9999, -9999, -9999, -9999, -9999, -9999, -9999, -9999, -9999, -9999, -9999, -9999, -9999, -9999, -9999, -9999, -9999, -9999, -9999, -9999, -9999, -9999, -9999, -9999, -9999, -9999, -9999, -9999, -9999, -9999, -9999, -9999, -9999, -9999, -9999, -9999, -9999, -9999, -9999, -9999, -9999, -9999, -9999, -9999, -9999, -9999, -9999, -9999, -9999, -9999, -9999, -9999, -9999, -9999, -9999, -9999, -9999, -9999, -9999, -9999, -9999, -9999, -9999, -9999, -9999, -9999, -9999, -9999, 54, -9999, -9999, -9999, -9999, -9999, -9999, -9999, -9999, -9999, -9999, -9999, -9999, -9999, -9999],
[48, 72, -9999, -9999, 62, -9999, -9999, 26, 72, -9999, 38, 45, -9999, 13, -9999, -9999, -9999, 97, 94, 2, 75, 6, -9999, -9999, 12, -9999, -9999, -9999, -9999, 91, 11, -9999, 72, 81, 52, -9999, -9999, -9999, -9999, -9999, 43, -9999, -9999, -9999, -9999, -9999, 91, -9999, -9999, -9999, -9999, 71, 85, -9999, -9999, -9999, -9999, 88, 53, -9999, -9999, -9999, -9999, 71, -9999, -9999, -9999, 22, -9999, -9999, -9999, 36, -9999, 97, -9999, -9999, -9999, -9999, -9999, -9999, 36, 54, -9999, 82, 31, -9999, -9999, 88, -9999, 40, 28, -9999, -9999, 41, -9999, -9999, -9999, -9999, -9999, -9999],
[-9999, 43, -9999, 85, 90, -9999, -9999, 50, -9999, -9999, -9999, -9999, -9999, 23, 70, 1, -9999, 80, -9999, 3, -9999, 19, -9999, -9999, 72, -9999, -9999, -9999, 70, 56, 95, -9999, 71, -9999, -9999, 41, -9999, 8, -9999, -9999, 10, -9999, -9999, -9999, -9999, -9999, -9999, -9999, -9999, -9999, -9999, -9999, 91, 64, -9999, -9999, -9999, 32, -9999, 81, 19, -9999, -9999, 37, -9999, -9999, -9999, -9999, -9999, -9999, 33, -9999, 71, -9999, -9999, -9999, -9999, -9999, -9999, -9999, -9999, 99, -9999, 47, -9999, 86, -9999, 48, -9999, 4, 10, 27, 23, 27, -9999, -9999, 56, -9999, 68, -9999],
[-9999, 89, -9999, -9999, -9999, -9999, -9999, -9999, -9999, -9999, -9999, 69, -9999, -9999, 91, 96, -9999, 25, -9999, 32, 9, 16, -9999, -9999, 65, 96, -9999, -9999, 16, 56, 27, -9999, 99, -9999, -9999, -9999, 67, -9999, -9999, -9999, -9999, -9999, 3, -9999, 90, -9999, 1, 37, 1, 73, -9999, -9999, 70, -9999, -9999, -9999, -9999, -9999, -9999, -9999, 41, -9999, -9999, 41, -9999, -9999, 41, -9999, 84, -9999, -9999, 64, -9999, 50, -9999, 66, -9999, -9999, -9999, -9999, 42, 76, -9999, -9999, -9999, 61, -9999, 54, -9999, 29, 83, 70, 30, 81, -9999, -9999, 67, -9999, 8, -9999],
[-9999, 32, -9999, -9999, 85, 22, -9999, -9999, 12, 72, -9999, 33, -9999, -9999, 51, -9999, -9999, -9999, 67, 21, 74, 98, -9999, -9999, 50, -9999, -9999, -9999, 75, 53, 63, -9999, 13, -9999, 97, 29, -9999, -9999, -9999, 42, 68, 37, 43, -9999, 65, -9999, 62, -9999, 10, -9999, -9999, 21, -9999, -9999, -9999, -9999, -9999, 27, -9999, -9999, 45, -9999, -9999, -9999, 27, -9999, 20, -9999, 30, -9999, 45, -9999, 96, 83, -9999, 48, 21, -9999, -9999, 89, -9999, -9999, 77, 35, -9999, 7, -9999, 7, -9999, -9999, -9999, 33, 90, 8, -9999, -9999, 21, -9999, -9999, -9999],
[-9999, -9999, -9999, 51, 89, 3, -9999, 16, -9999, -9999, -9999, -9999, -9999, 92, 34, 51, -9999, 14, -9999, 5, -9999, 94, -9999, 72, -9999, -9999, -9999, -9999, 98, 40, -9999, -9999, 59, -9999, 58, -9999, -9999, 17, -9999, -9999, 55, -9999, 23, -9999, 81, -9999, -9999, -9999, 56, -9999, -9999, -9999, -9999, 76, -9999, 74, 22, 10, 83, 49, 97, 99, -9999, 92, -9999, -9999, 96, -9999, -9999, -9999, -9999, -9999, -9999, 16, -9999, 79, -9999, -9999, -9999, 72, 31, 71, -9999, -9999, -9999, -9999, -9999, 67, -9999, 12, 12, 1, 13, 81, -9999, -9999, -9999, -9999, 87, -9999],
[7, -9999, -9999, -9999, 58, 41, -9999, 71, 6, 37, -9999, -9999, -9999, 63, 46, 16, -9999, -9999, -9999, 15, -9999, -9999, -9999, -9999, 84, 49, -9999, -9999, -9999, 20, 75, -9999, 73, -9999, 65, -9999, -9999, -9999, -9999, -9999, -9999, -9999, -9999, -9999, 77, -9999, -9999, -9999, -9999, -9999, -9999, -9999, 16, 3, -9999, -9999, -9999, -9999, -9999, 53, -9999, -9999, -9999, -9999, -9999, -9999, -9999, -9999, -9999, -9999, -9999, -9999, -9999, -9999, 86, -9999, -9999, -9999, -9999, -9999, -9999, -9999, -9999, -9999, -9999, -9999, -9999, -9999, -9999, 10, -9999, -9999, 25, -9999, -9999, -9999, -9999, -9999, -9999, -9999],
[-9999, -9999, -9999, -9999, 9, 84, -9999, 41, 46, -9999, -9999, -9999, -9999, -9999, -9999, 80, -9999, 77, -9999, 27, -9999, -9999, -9999, -9999, 23, -9999, -9999, -9999, -9999, 28, 81, -9999, 11, -9999, 85, -9999, -9999, -9999, -9999, -9999, -9999, -9999, -9999, -9999, 71, -9999, 96, -9999, -9999, -9999, -9999, -9999, 34, -9999, -9999, -9999, -9999, -9999, -9999, 20, -9999, -9999, -9999, -9999, -9999, -9999, -9999, -9999, -9999, -9999, -9999, -9999, -9999, -9999, 89, -9999, 43, -9999, -9999, -9999, 83, -9999, -9999, -9999, -9999, -9999, -9999, -9999, -9999, -9999, -9999, 72, 81, -9999, -9999, -9999, -9999, -9999, -9999, -9999],
[34, -9999, -9999, 49, -9999, -9999, -9999, 14, 38, -9999, -9999, 65, 56, -9999, 100, -9999, 41, 38, 37, 33, 21, 59, 27, -9999, -9999, 77, -9999, -9999, -9999, 7, 7, -9999, 8, -9999, -9999, 87, 65, -9999, -9999, -9999, 6, -9999, 79, -9999, 76, 41, 34, -9999, -9999, 68, -9999, -9999, 73, -9999, 46, -9999, -9999, 12, -9999, -9999, 27, 73, -9999, -9999, -9999, -9999, -9999, -9999, -9999, 60, -9999, 77, 99, 15, 85, 76, 56, -9999, -9999, 20, -9999, -9999, 6, -9999, -9999, 76, -9999, 27, -9999, -9999, -9999, 9, 7, 68, -9999, 30, -9999, -9999, -9999, -9999],
[-9999, -9999, -9999, 58, 4, -9999, -9999, -9999, 9, -9999, -9999, -9999, -9999, 48, -9999, 33, -9999, 47, 85, 59, -9999, 99, -9999, -9999, 61, -9999, -9999, -9999, 91, 17, -9999, -9999, 9, 76, 65, -9999, 24, -9999, -9999, -9999, 10, -9999, 49, -9999, 100, -9999, -9999, -9999, -9999, 13, -9999, 68, 10, 18, -9999, 16, 46, 2, -9999, 51, 100, -9999, -9999, -9999, -9999, -9999, 100, -9999, -9999, -9999, 12, 29, -9999, -9999, -9999, -9999, 7, -9999, -9999, -9999, 71, 23, -9999, 79, 79, -9999, -9999, -9999, 17, 95, 32, 90, -9999, 63, -9999, -9999, -9999, -9999, 11, -9999],
[6, -9999, -9999, -9999, 68, 24, -9999, 78, 94, -9999, -9999, -9999, -9999, -9999, -9999, -9999, -9999, 21, -9999, 50, -9999, -9999, -9999, -9999, 3, 80, -9999, -9999, -9999, -9999, 77, -9999, 88, -9999, -9999, -9999, 18, 21, -9999, -9999, -9999, -9999, -9999, -9999, 21, -9999, 73, -9999, -9999, -9999, -9999, -9999, -9999, -9999, -9999, -9999, -9999, -9999, -9999, 92, -9999, -9999, -9999, -9999, -9999, -9999, -9999, -9999, -9999, -9999, -9999, -9999, -9999, -9999, 60, -9999, 18, -9999, -9999, -9999, -9999, -9999, -9999, -9999, -9999, -9999, -9999, -9999, -9999, 62, -9999, 85, 21, -9999, -9999, -9999, 78, -9999, 62, -9999],
[-9999, 58, -9999, 87, 49, -9999, -9999, -9999, -9999, -9999, -9999, -9999, -9999, 51, -9999, -9999, -9999, -9999, 43, 38, 34, 72, -9999, -9999, 73, -9999, -9999, -9999, -9999, 39, 11, -9999, 80, 66, 80, -9999, -9999, 70, -9999, -9999, 51, -9999, -9999, -9999, -9999, -9999, -9999, -9999, -9999, -9999, -9999, -9999, -9999, -9999, -9999, -9999, 14, 52, 7, 49, 43, 88, -9999, 22, -9999, -9999, 20, -9999, -9999, -9999, -9999, 13, -9999, 66, -9999, 26, 18, -9999, -9999, -9999, -9999, 42, -9999, 83, 3, 90, -9999, 43, 81, 48, 4, -9999, -9999, 97, -9999, -9999, -9999, -9999, 97, -9999],
[42, -9999, -9999, 64, 30, 2, -9999, 9, 90, -9999, -9999, 92, -9999, -9999, 51, 35, -9999, 11, -9999, 21, 49, 29, 4, -9999, -9999, 71, -9999, 74, 40, -9999, -9999, 64, 95, -9999, 4, -9999, 53, 63, 15, 52, 6, -9999, 47, 54, 96, 61, 3, -9999, -9999, 39, -9999, 47, -9999, 38, -9999, -9999, 62, -9999, 62, -9999, 47, 23, 44, -9999, 35, -9999, -9999, -9999, -9999, 57, 4, -9999, 92, 25, 38, 28, 4, -9999, 8, -9999, 49, 61, 27, 9, -9999, -9999, -9999, -9999, -9999, -9999, -9999, 84, 76, 47, -9999, 49, 84, -9999, 3, -9999],
[62, -9999, -9999, -9999, 72, -9999, -9999, -9999, -9999, -9999, -9999, -9999, 51, -9999, -9999, 76, -9999, -9999, -9999, 78, -9999, -9999, 54, -9999, 81, 81, -9999, 76, -9999, 86, 22, -9999, 73, -9999, 43, -9999, 43, 45, -9999, -9999, -9999, -9999, 100, -9999, -9999, 93, 44, -9999, -9999, -9999, -9999, -9999, -9999, -9999, -9999, -9999, -9999, -9999, -9999, -9999, -9999, -9999, -9999, -9999, -9999, -9999, -9999, -9999, -9999, -9999, 56, -9999, -9999, -9999, -9999, -9999, 65, -9999, -9999, -9999, 59, 20, -9999, -9999, -9999, -9999, -9999, -9999, -9999, 100, -9999, -9999, -9999, -9999, -9999, -9999, 73, -9999, 6, -9999],
[97, -9999, -9999, -9999, 96, 70, -9999, -9999, 7, -9999, -9999, -9999, -9999, -9999, 30, 25, -9999, -9999, -9999, 65, -9999, -9999, -9999, -9999, -9999, 90, -9999, -9999, -9999, 16, -9999, -9999, 3, -9999, -9999, -9999, 95, -9999, -9999, -9999, -9999, -9999, 66, -9999, -9999, -9999, 14, -9999, -9999, -9999, -9999, -9999, 38, 65, -9999, -9999, -9999, -9999, -9999, -9999, -9999, -9999, -9999, -9999, -9999, -9999, -9999, -9999, -9999, -9999, 1, -9999, -9999, -9999, -9999, -9999, -9999, -9999, -9999, -9999, 92, -9999, -9999, -9999, -9999, -9999, -9999, -9999, -9999, -9999, -9999, 60, 79, -9999, -9999, -9999, 56, -9999, 76, -9999],
[-9999, 100, -9999, 94, 28, -9999, -9999, 61, 46, -9999, -9999, 59, -9999, -9999, 88, 70, -9999, 87, 3, 15, 25, 58, -9999, -9999, 72, 8, -9999, -9999, 44, 83, -9999, -9999, 6, -9999, 23, 25, -9999, -9999, -9999, -9999, 42, -9999, -9999, -9999, 77, -9999, 5, -9999, -9999, -9999, -9999, 51, 85, -9999, -9999, 58, -9999, -9999, -9999, 34, 39, 22, -9999, -9999, -9999, 93, 82, -9999, 73, -9999, 59, -9999, -9999, -9999, -9999, 95, 73, -9999, -9999, -9999, -9999, -9999, -9999, 25, -9999, 59, -9999, -9999, -9999, -9999, 87, 82, -9999, 17, -9999, -9999, 80, -9999, -9999, -9999],
[-9999, -9999, -9999, -9999, -9999, -9999, -9999, -9999, -9999, -9999, -9999, -9999, -9999, -9999, -9999, -9999, -9999, -9999, -9999, -9999, -9999, -9999, -9999, -9999, -9999, -9999, -9999, -9999, -9999, -9999, -9999, -9999, -9999, -9999, -9999, -9999, -9999, -9999, -9999, -9999, -9999, -9999, -9999, -9999, -9999, -9999, -9999, -9999, -9999, -9999, -9999, -9999, -9999, -9999, -9999, -9999, -9999, -9999, -9999, -9999, -9999, -9999, -9999, -9999, -9999, -9999, -9999, -9999, -9999, -9999, -9999, -9999, -9999, -9999, -9999, -9999, -9999, -9999, -9999, -9999, -9999, -9999, -9999, -9999, -9999, -9999, -9999, -9999, -9999, -9999, -9999, -9999, -9999, -9999, -9999, -9999, -9999, -9999, -9999, -9999],
[-9999, -9999, -9999, -9999, -9999, -9999, -9999, -9999, -9999, -9999, -9999, -9999, -9999, -9999, -9999, -9999, -9999, -9999, -9999, -9999, -9999, -9999, -9999, -9999, -9999, -9999, -9999, -9999, -9999, -9999, -9999, -9999, -9999, -9999, -9999, -9999, -9999, -9999, -9999, -9999, -9999, -9999, -9999, -9999, -9999, -9999, -9999, -9999, -9999, 34, -9999, -9999, -9999, -9999, -9999, -9999, -9999, -9999, -9999, -9999, -9999, -9999, -9999, -9999, -9999, -9999, -9999, -9999, -9999, -9999, -9999, -9999, -9999, -9999, -9999, -9999, -9999, -9999, -9999, -9999, -9999, -9999, -9999, -9999, -9999, 98, -9999, -9999, -9999, -9999, -9999, -9999, -9999, -9999, -9999, -9999, -9999, -9999, -9999, -9999],
[-9999, -9999, -9999, -9999, 48, -9999, -9999, 83, 23, -9999, -9999, -9999, -9999, 49, 36, 100, -9999, -9999, -9999, 82, -9999, 24, -9999, -9999, 26, 55, -9999, -9999, 1, 38, 53, -9999, 64, -9999, 20, -9999, 31, -9999, -9999, -9999, 88, -9999, -9999, -9999, -9999, -9999, -9999, -9999, 80, -9999, -9999, 39, -9999, 22, -9999, -9999, -9999, 77, -9999, 87, 69, -9999, -9999, -9999, 56, -9999, 52, -9999, 14, -9999, -9999, 14, -9999, 7, -9999, 67, 32, -9999, -9999, -9999, 42, -9999, 51, 73, -9999, 87, -9999, -9999, 70, 43, -9999, 63, -9999, 61, -9999, -9999, 63, -9999, -9999, -9999],
[63, -9999, -9999, -9999, 66, -9999, -9999, 73, 26, -9999, -9999, -9999, -9999, -9999, 96, 67, -9999, -9999, -9999, 59, -9999, -9999, -9999, -9999, -9999, 95, -9999, -9999, -9999, 65, 97, -9999, 56, -9999, -9999, -9999, -9999, 39, -9999, -9999, -9999, -9999, 8, -9999, 2, -9999, -9999, -9999, -9999, -9999, -9999, -9999, 5, 6, -9999, -9999, -9999, -9999, -9999, -9999, -9999, -9999, -9999, -9999, -9999, -9999, -9999, -9999, -9999, -9999, -9999, -9999, -9999, -9999, -9999, -9999, 96, -9999, -9999, -9999, -9999, 15, -9999, -9999, -9999, -9999, -9999, -9999, -9999, -9999, -9999, -9999, 42, -9999, -9999, -9999, 28, -9999, 90, -9999],
[23, -9999, -9999, -9999, 94, 32, 60, -9999, -9999, -9999, -9999, -9999, -9999, 27, 96, 29, -9999, -9999, -9999, 77, -9999, -9999, -9999, -9999, -9999, 61, -9999, -9999, -9999, 22, 82, -9999, 92, -9999, 76, -9999, -9999, 15, -9999, -9999, -9999, -9999, -9999, -9999, 47, -9999, 19, -9999, -9999, -9999, 88, -9999, -9999, -9999, -9999, -9999, -9999, -9999, -9999, 56, -9999, -9999, -9999, -9999, -9999, -9999, -9999, -9999, -9999, -9999, 47, -9999, -9999, -9999, 48, -9999, 83, -9999, -9999, -9999, 51, 20, -9999, -9999, -9999, -9999, -9999, -9999, -9999, 21, -9999, -9999, -9999, -9999, -9999, -9999, -9999, -9999, 69, -9999],
[21, 83, -9999, 11, 51, -9999, -9999, 87, 27, -9999, -9999, 28, -9999, 48, 33, -9999, -9999, -9999, 69, 52, 69, 83, -9999, -9999, -9999, 88, -9999, -9999, -9999, -9999, 84, -9999, 77, 33, -9999, -9999, -9999, 32, -9999, 4, 75, -9999, -9999, -9999, -9999, -9999, 51, -9999, 8, -9999, 78, 100, -9999, 85, -9999, 71, -9999, -9999, -9999, -9999, 48, -9999, -9999, -9999, -9999, -9999, -9999, -9999, -9999, -9999, -9999, 68, -9999, -9999, 69, 10, 93, -9999, -9999, 68, -9999, 31, 18, 66, 74, -9999, -9999, 99, 37, 80, -9999, 48, 10, 78, -9999, -9999, 69, -9999, 49, -9999],
[-9999, -9999, -9999, -9999, 91, 79, -9999, -9999, 72, 93, -9999, -9999, -9999, 45, 48, -9999, -9999, -9999, -9999, 81, -9999, -9999, -9999, -9999, -9999, 62, -9999, -9999, -9999, -9999, 28, -9999, 94, -9999, -9999, -9999, 3, -9999, -9999, -9999, -9999, -9999, 14, -9999, 31, -9999, 10, -9999, -9999, -9999, -9999, -9999, -9999, -9999, -9999, -9999, -9999, -9999, -9999, 34, -9999, -9999, -9999, -9999, -9999, -9999, -9999, -9999, -9999, -9999, 95, -9999, -9999, -9999, 39, -9999, 17, -9999, -9999, -9999, 56, -9999, -9999, -9999, -9999, -9999, -9999, -9999, -9999, 25, -9999, -9999, 95, -9999, -9999, -9999, 50, -9999, -9999, -9999],
[-9999, -9999, -9999, -9999, 28, -9999, -9999, -9999, 82, -9999, -9999, -9999, -9999, -9999, 69, 34, -9999, 33, -9999, 89, -9999, -9999, -9999, -9999, -9999, 42, -9999, -9999, -9999, 80, -9999, -9999, 43, -9999, -9999, -9999, -9999, 72, -9999, -9999, -9999, -9999, -9999, -9999, 78, -9999, 74, -9999, -9999, -9999, -9999, -9999, 16, 11, -9999, -9999, -9999, -9999, -9999, 8, -9999, -9999, -9999, -9999, -9999, -9999, -9999, -9999, -9999, -9999, 84, -9999, -9999, -9999, 96, -9999, 30, -9999, -9999, -9999, 30, 79, -9999, -9999, -9999, -9999, -9999, -9999, -9999, -9999, -9999, 64, 3, -9999, -9999, -9999, -9999, -9999, -9999, -9999],
[-9999, -9999, -9999, -9999, 14, 10, -9999, 58, -9999, -9999, -9999, -9999, -9999, -9999, -9999, 30, -9999, 20, -9999, 1, -9999, -9999, -9999, 49, 13, -9999, -9999, -9999, -9999, 64, -9999, -9999, 23, -9999, -9999, -9999, -9999, 66, -9999, -9999, -9999, -9999, -9999, -9999, 20, -9999, -9999, -9999, -9999, -9999, -9999, -9999, -9999, 54, -9999, -9999, -9999, -9999, -9999, -9999, -9999, -9999, -9999, -9999, -9999, -9999, -9999, -9999, -9999, -9999, -9999, -9999, -9999, -9999, 21, -9999, 47, -9999, -9999, -9999, -9999, 32, -9999, -9999, -9999, -9999, -9999, -9999, -9999, -9999, -9999, 39, -9999, -9999, -9999, -9999, 63, -9999, 52, -9999],
[53, -9999, -9999, -9999, 50, 32, -9999, -9999, -9999, -9999, -9999, -9999, 57, 22, 92, 42, -9999, 81, -9999, 95, -9999, -9999, 58, -9999, 19, -9999, -9999, 30, -9999, -9999, -9999, -9999, 48, -9999, -9999, -9999, 45, 50, -9999, -9999, -9999, -9999, 69, -9999, 31, 30, 91, -9999, -9999, -9999, -9999, -9999, -9999, 81, -9999, -9999, -9999, -9999, -9999, 68, -9999, -9999, -9999, -9999, -9999, -9999, -9999, -9999, -9999, -9999, 90, -9999, -9999, -9999, 61, -9999, 17, -9999, -9999, -9999, 64, 28, -9999, -9999, -9999, -9999, -9999, -9999, -9999, 3, -9999, -9999, -9999, -9999, -9999, -9999, -9999, -9999, 64, -9999],
[-9999, -9999, -9999, 40, 69, -9999, -9999, 66, 19, 23, -9999, -9999, -9999, 22, -9999, 21, -9999, 34, -9999, 33, -9999, 30, -9999, -9999, -9999, 40, -9999, -9999, 51, 31, 73, -9999, 21, -9999, -9999, -9999, 32, -9999, -9999, 99, 46, -9999, 86, -9999, 25, -9999, 59, -9999, 41, -9999, -9999, 93, 59, -9999, -9999, -9999, -9999, 14, 55, -9999, 46, 45, -9999, 2, -9999, -9999, 14, -9999, 40, -9999, 82, -9999, 94, 19, -9999, 54, 68, -9999, -9999, -9999, 9, 85, -9999, -9999, -9999, -9999, -9999, 83, 26, 54, -9999, 49, 50, 81, 22, -9999, -9999, -9999, 52, -9999],
[-9999, -9999, -9999, -9999, 63, -9999, -9999, 46, -9999, -9999, -9999, -9999, -9999, 76, 46, 95, -9999, 38, -9999, 2, -9999, -9999, -9999, -9999, 51, -9999, -9999, -9999, -9999, 50, -9999, -9999, 56, -9999, -9999, -9999, 12, 21, -9999, -9999, -9999, 72, 22, -9999, 32, -9999, 96, -9999, -9999, -9999, -9999, -9999, 78, 45, -9999, -9999, -9999, -9999, -9999, 33, -9999, -9999, -9999, -9999, -9999, -9999, -9999, -9999, -9999, -9999, -9999, -9999, -9999, -9999, -9999, -9999, 98, -9999, -9999, -9999, 47, 69, -9999, -9999, -9999, -9999, -9999, -9999, -9999, 36, -9999, -9999, -9999, -9999, -9999, -9999, -9999, -9999, -9999, -9999],
[12, -9999, -9999, -9999, 79, -9999, -9999, 18, 74, -9999, -9999, -9999, -9999, -9999, -9999, -9999, -9999, 96, -9999, 54, -9999, -9999, -9999, -9999, -9999, -9999, -9999, -9999, -9999, 61, 54, -9999, 72, -9999, 56, -9999, 98, -9999, -9999, -9999, -9999, -9999, 56, -9999, -9999, -9999, 24, -9999, -9999, -9999, -9999, -9999, 34, 92, -9999, -9999, -9999, -9999, -9999, 18, -9999, -9999, -9999, -9999, -9999, -9999, -9999, -9999, -9999, -9999, -9999, -9999, -9999, -9999, -9999, -9999, 82, -9999, -9999, -9999, 77, 97, -9999, -9999, -9999, -9999, -9999, -9999, -9999, -9999, -9999, 78, -9999, -9999, -9999, -9999, -9999, -9999, 65, -9999],
[-9999, 8, 87, -9999, 81, 100, 25, -9999, -9999, -9999, -9999, 94, -9999, 47, 50, -9999, -9999, -9999, -9999, 10, -9999, 43, -9999, -9999, -9999, 68, -9999, -9999, -9999, 94, -9999, -9999, 19, -9999, 48, 38, 12, 34, -9999, -9999, 3, -9999, -9999, -9999, 66, -9999, -9999, -9999, 54, 5, -9999, 17, -9999, 51, -9999, -9999, -9999, -9999, -9999, -9999, 59, 38, -9999, -9999, 79, -9999, -9999, -9999, -9999, -9999, 5, 84, 17, -9999, -9999, 69, -9999, -9999, -9999, 98, -9999, 95, -9999, -9999, 94, 44, -9999, 41, -9999, 93, 89, 97, 99, 80, -9999, -9999, 28, -9999, 51, -9999],
[-9999, -9999, -9999, -9999, -9999, -9999, -9999, -9999, -9999, -9999, -9999, -9999, -9999, -9999, -9999, -9999, -9999, -9999, -9999, -9999, -9999, -9999, -9999, -9999, -9999, -9999, -9999, -9999, -9999, -9999, -9999, -9999, -9999, -9999, -9999, -9999, -9999, -9999, -9999, -9999, -9999, -9999, -9999, -9999, -9999, -9999, -9999, -9999, -9999, -9999, -9999, -9999, -9999, -9999, -9999, -9999, -9999, -9999, -9999, -9999, -9999, -9999, -9999, -9999, -9999, -9999, -9999, -9999, -9999, -9999, -9999, -9999, -9999, -9999, -9999, -9999, -9999, -9999, -9999, -9999, -9999, -9999, -9999, -9999, -9999, -9999, -9999, -9999, -9999, -9999, -9999, -9999, -9999, -9999, -9999, -9999, -9999, -9999, -9999, -9999],
[-9999, 90, -9999, 73, 45, 91, -9999, -9999, 51, -9999, -9999, 29, -9999, 49, 41, -9999, -9999, -9999, -9999, 54, 4, 88, -9999, 59, 66, -9999, -9999, -9999, 33, 26, -9999, -9999, 97, -9999, 1, -9999, -9999, 97, -9999, -9999, 78, 80, 19, -9999, 71, -9999, 12, -9999, 28, 27, -9999, 98, -9999, 74, -9999, -9999, 81, -9999, -9999, 72, 95, -9999, -9999, 20, 2, -9999, 30, -9999, 8, -9999, 58, 10, 99, 77, 21, -9999, 28, -9999, -9999, -9999, 41, 63, -9999, -9999, 42, 66, -9999, 72, -9999, -9999, -9999, 42, -9999, 22, -9999, -9999, -9999, -9999, 2, -9999],
[23, -9999, -9999, 82, 66, 83, -9999, -9999, 6, -9999, -9999, -9999, -9999, -9999, -9999, -9999, -9999, -9999, 10, 21, 45, 18, -9999, -9999, 42, 44, -9999, -9999, 40, 56, -9999, -9999, 3, -9999, 62, -9999, 5, 63, -9999, 78, 30, -9999, 68, -9999, 37, -9999, -9999, -9999, 59, 96, -9999, -9999, 44, 41, -9999, -9999, 97, -9999, -9999, -9999, 45, 49, -9999, -9999, -9999, -9999, 26, -9999, 33, -9999, 91, -9999, 56, -9999, -9999, 51, -9999, -9999, -9999, -9999, -9999, 43, -9999, -9999, -9999, 84, -9999, -9999, -9999, -9999, 78, -9999, 16, 66, -9999, -9999, -9999, -9999, -9999, -9999],
[76, 63, -9999, 70, 52, -9999, 38, -9999, -9999, -9999, -9999, 64, -9999, 80, -9999, 36, -9999, 86, -9999, 34, -9999, 29, -9999, -9999, 80, 29, -9999, -9999, -9999, 47, -9999, -9999, 80, 86, 96, 32, -9999, -9999, -9999, 23, 85, -9999, -9999, -9999, 98, -9999, -9999, -9999, 55, -9999, -9999, 38, 10, 93, -9999, -9999, -9999, 40, 29, 23, 36, -9999, -9999, 82, -9999, -9999, -9999, -9999, 40, -9999, -9999, 44, 54, 38, 96, 73, 29, -9999, -9999, 55, 42, 44, -9999, 68, -9999, 56, -9999, -9999, 98, 6, 55, 61, -9999, 24, -9999, -9999, 36, -9999, 77, -9999],
[37, -9999, -9999, -9999, 91, -9999, -9999, 73, -9999, -9999, -9999, -9999, -9999, 3, 53, 86, -9999, 18, -9999, 76, -9999, -9999, -9999, -9999, -9999, -9999, -9999, -9999, -9999, -9999, -9999, -9999, 42, -9999, -9999, -9999, 53, -9999, -9999, -9999, -9999, -9999, 19, -9999, -9999, -9999, 79, -9999, -9999, -9999, -9999, -9999, 89, 29, -9999, -9999, -9999, -9999, -9999, 70, -9999, -9999, -9999, -9999, -9999, -9999, -9999, -9999, -9999, -9999, 80, -9999, -9999, -9999, 40, -9999, 93, -9999, -9999, -9999, 49, -9999, -9999, -9999, -9999, -9999, -9999, -9999, -9999, -9999, -9999, 76, -9999, -9999, -9999, -9999, -9999, -9999, 67, -9999],
[-9999, -9999, -9999, -9999, 84, -9999, -9999, 72, 37, -9999, -9999, -9999, -9999, 10, 58, 53, -9999, 77, -9999, 24, -9999, -9999, -9999, -9999, -9999, -9999, -9999, -9999, -9999, -9999, -9999, -9999, 12, -9999, 53, -9999, -9999, -9999, -9999, -9999, -9999, -9999, -9999, -9999, 99, -9999, 11, -9999, -9999, -9999, -9999, -9999, -9999, 27, -9999, -9999, -9999, -9999, -9999, -9999, -9999, -9999, -9999, -9999, -9999, -9999, -9999, -9999, -9999, -9999, -9999, -9999, -9999, -9999, 63, -9999, 50, -9999, -9999, -9999, 49, -9999, -9999, -9999, -9999, -9999, -9999, -9999, -9999, 4, -9999, 26, -9999, -9999, -9999, -9999, 42, -9999, -9999, -9999],
[34, 48, -9999, -9999, 41, 54, -9999, -9999, 84, -9999, -9999, 20, -9999, 48, -9999, 24, -9999, -9999, 67, 36, 8, 93, -9999, -9999, -9999, -9999, -9999, -9999, 92, -9999, -9999, -9999, 12, -9999, -9999, -9999, -9999, 60, -9999, 35, 97, -9999, 27, -9999, 74, -9999, -9999, 42, -9999, 46, -9999, 72, 62, -9999, -9999, -9999, -9999, -9999, 34, 73, 46, -9999, -9999, -9999, 37, -9999, 99, -9999, 48, -9999, 39, -9999, -9999, -9999, 100, -9999, -9999, -9999, -9999, 21, 71, 1, -9999, 81, 20, -9999, -9999, -9999, -9999, -9999, 64, 7, 59, 33, -9999, -9999, 1, -9999, 77, -9999],
[-9999, -9999, -9999, -9999, 52, 35, 100, -9999, 80, -9999, -9999, -9999, -9999, 65, 62, -9999, -9999, 82, -9999, 96, -9999, -9999, -9999, -9999, -9999, -9999, -9999, -9999, -9999, 1, 96, -9999, 3, -9999, 29, -9999, 29, 44, -9999, -9999, -9999, -9999, 65, -9999, 4, -9999, -9999, -9999, -9999, -9999, -9999, -9999, -9999, -9999, -9999, -9999, -9999, -9999, -9999, 81, -9999, -9999, -9999, -9999, -9999, -9999, -9999, -9999, -9999, -9999, 35, -9999, -9999, -9999, 20, -9999, -9999, -9999, -9999, -9999, -9999, 44, -9999, -9999, -9999, -9999, -9999, -9999, -9999, -9999, -9999, -9999, 81, -9999, -9999, -9999, -9999, -9999, 31, -9999],
[68, -9999, -9999, -9999, 51, -9999, -9999, -9999, -9999, -9999, -9999, -9999, -9999, -9999, 51, 86, -9999, 40, -9999, 41, -9999, -9999, 13, -9999, 14, 62, -9999, 98, -9999, 76, -9999, -9999, 87, -9999, 47, -9999, -9999, 27, -9999, -9999, -9999, -9999, 63, -9999, -9999, 99, 45, -9999, -9999, -9999, -9999, -9999, -9999, -9999, -9999, -9999, -9999, -9999, -9999, -9999, -9999, -9999, -9999, -9999, -9999, -9999, -9999, -9999, -9999, -9999, -9999, -9999, -9999, -9999, -9999, -9999, 26, -9999, -9999, -9999, -9999, -9999, -9999, -9999, -9999, -9999, -9999, -9999, -9999, 40, -9999, 44, -9999, -9999, -9999, -9999, -9999, -9999, 65, -9999],
[-9999, 55, -9999, 91, 82, 46, -9999, 56, 77, -9999, -9999, 3, -9999, -9999, 68, -9999, -9999, -9999, -9999, 55, -9999, 100, -9999, -9999, -9999, 88, -9999, -9999, 97, 79, 43, 32, 68, -9999, 76, -9999, -9999, -9999, -9999, 80, -9999, -9999, 93, -9999, -9999, -9999, -9999, -9999, -9999, 65, -9999, 80, 29, 71, -9999, -9999, -9999, -9999, 4, 73, 50, 80, -9999, 12, -9999, -9999, -9999, -9999, 92, -9999, 16, -9999, 57, 25, -9999, -9999, -9999, -9999, -9999, -9999, -9999, -9999, 91, 74, -9999, -9999, -9999, 30, 69, 17, -9999, -9999, 42, 9, -9999, -9999, 39, -9999, -9999, -9999],
[-9999, -9999, -9999, 84, 61, -9999, -9999, 80, 65, -9999, -9999, -9999, -9999, 66, 25, -9999, -9999, 61, -9999, 50, 42, 47, -9999, -9999, 66, -9999, -9999, -9999, 75, 91, -9999, -9999, 51, -9999, 3, 72, 81, 82, -9999, 61, 77, 23, 8, -9999, -9999, -9999, 39, -9999, 85, -9999, -9999, -9999, 22, 12, -9999, -9999, 84, 60, 35, 60, 16, 43, -9999, -9999, -9999, -9999, 15, -9999, 60, -9999, -9999, 85, 80, 90, 60, -9999, 69, -9999, -9999, 47, 89, 45, -9999, -9999, 62, 81, -9999, 17, 6, -9999, 82, -9999, 19, 30, -9999, -9999, -9999, -9999, -9999, -9999]
];
