NbNodes = 100;
NbNDDs = 0;
NbPairs = 100;
NbTerminals = 0;
K = 0;
L = 102;
Wt = [
[-9999, -9999, -9999, -9999, -9999, -9999, -9999, -9999, -9999, -9999, 90, -9999, -9999, -9999, -9999, -9999, 79, -9999, -9999, -9999, 7, -9999, -9999, -9999, 12, 96, -9999, -9999, -9999, -9999, -9999, -9999, -9999, -9999, -9999, 28, -9999, 2, 2, -9999, -9999, 27, -9999, 27, 99, -9999, 21, 51, 5, -9999, 10, -9999, -9999, -9999, 97, 64, 8, 8, 61, -9999, 4, -9999, 76, 84, -9999, -9999, -9999, 90, -9999, 61, -9999, -9999, -9999, 57, -9999, -9999, 93, -9999, -9999, -9999, 47, -9999, 60, 100, 57, -9999, -9999, -9999, -9999, -9999, -9999, -9999, -9999, 49, -9999, 87, 88, 61, 57, 13],
[39, -9999, -9999, -9999, 42, -9999, -9999, -9999, -9999, -9999, -9999, -9999, -9999, -9999, -9999, -9999, -9999, -9999, 14, -9999, -9999, -9999, -9999, -9999, -9999, 40, -9999, -9999, -9999, -9999, 32, -9999, -9999, -9999, -9999, -9999, 98, -9999, -9999, -9999, -9999, -9999, -9999, -9999, 87, -9999, 65, -9999, 31, -9999, -9999, -9999, -9999, -9999, 65, 60, -9999, -9999, -9999, -9999, 69, -9999, 8, 63, -9999, -9999, -9999, -9999, -9999, -9999, -9999, -9999, -9999, -9999, -9999, -9999, -9999, -9999, -9999, 32, -9999, -9999, -9999, -9999, -9999, -9999, -9999, -9999, -9999, -9999, -9999, -9999, -9999, -9999, 73, -9999, -9999, -9999, -9999, -9999],
[100, -9999, -9999, -9999, -9999, -9999, -9999, -9999, -9999, -9999, 42, -9999, 70, -9999, -9999, 57, 94, -9999, 40, -9999, -9999, -9999, -9999, 89, 42, -9999, -9999, -9999, -9999, -9999, -9999, -9999, 64, 78, -9999, 36, 86, -9999, 84, -9999, 61, 3, 29, 76, -9999, -9999, -9999, -9999, 38, -9999, 44, -9999, -9999, -9999, 32, 63, 13, 16, 94, -9999, 57, -9999, 17, 65, -9999, -9999, -9999, 76, 43, -9999, -9999, -9999, -9999, 69, 16, 66, -9999, -9999, 12, -9999, 76, -9999, 60, 82, 55, 83, -9999, -9999, -9999, -9999, -9999, -9999, -9999, 41, -9999, 9, -9999, 2, -9999, 30],
[-9999, -9999, -9999, -9999, 47, -9999, -9999, -9999, -9999, -9999, 82, -9999, 38, 11, -9999, -9999, 44, 10, 60, -9999, -9999, 85, -9999, -9999, -9999, 14, 90, 52, -9999, -9999, -9999, 79, -9999, 18, -9999, 1, -9999, 98, 45, 33, 28, 4, 96, -9999, -9999, -9999, 23, -9999, 76, -9999, 78, 33, 95, -9999, 6, 82, 6, 75, 90, -9999, 28, -9999, 51, 72, -9999, 59, -9999, 1, 63, -9999, -9999, 56, -9999, -9999, 41, -9999, -9999, 57, 74, 63, 26, -9999, 82, 68, 60, 14, -9999, -9999, 84, 24, -9999, -9999, -9999, 3, -9999, 77, -9999, 65, -9999, -9999],
[31, 16, 57, -9999, -9999, -9999, -9999, 64, -9999, -9999, 96, -9999, -9999, -9999, -9999, 6, 90, -9999, -9999, -9999, 51, 39, -9999, 78, 7, 69, 93, -9999, -9999, -9999, -9999, -9999, -9999, 14, -9999, -9999, -9999, -9999, -9999, 53, 32, -9999, 55, -9999, -9999, -9999, 55, 37, 23, 81, 18, 10, -9999, -9999, 82, 8, 66, -9999, -9999, -9999, 3, -9999, 79, 21, -9999, -9999, -9999, 28, 92, -9999, 22, 86, 76, 35, 67, 9, 75, 98, -9999, 97, 62, -9999, 91, 60, 25, -9999, -9999, 31, 86, 24, -9999, -9999, 24, 27, -9999, 64, 60, -9999, -9999, -9999],
[97, -9999, -9999, -9999, -9999, -9999, -9999, -9999, -9999, -9999, -9999, -9999, -9999, -9999, -9999, -9999, -9999, -9999, 24, -9999, -9999, -9999, -9999, -9999, -9999, 19, 79, -9999, -9999, -9999, 24, -9999, 93, -9999, -9999, 97, 27, -9999, -9999, -9999, -9999, -9999, -9999, -9999, 72, -9999, 36, -9999, 28, -9999, -9999, -9999, -9999, -9999, 73, 38, -9999, -9999, 72, -9999, 81, -9999, 1, 21, -9999, 3, 28, -9999, -9999, -9999, -9999, -9999, -9999, 5, 62, -9999, -9999, -9999, -9999, -9999, -9999, -9999, -9999, -9999, -9999, -9999, -9999, -9999, -9999, -9999, -9999, -9999, -9999, -9999, -9999, -9999, -9999, -9999, -9999, -9999],
[45, -9999, -9999, -9999, -9999, -9999, -9999, -9999, -9999, -9999, -9999, -9999, -9999, -9999, -9999, -9999, -9999, -9999, -9999, -9999, -9999, -9999, -9999, -9999, -9999, -9999, 81, -9999, -9999, -9999, -9999, -9999, -9999, -9999, -9999, -9999, 80, -9999, -9999, -9999, -9999, -9999, -9999, -9999, 54, -9999, -9999, -9999, 85, -9999, -9999, -9999, -9999, -9999, 60, 65, -9999, -9999, 4, -9999, 34, -9999, 95, 90, -9999, 11, -9999, -9999, -9999, -9999, -9999, -9999, -9999, 95, -9999, -9999, -9999, -9999, -9999, -9999, -9999, -9999, -9999, -9999, -9999, -9999, -9999, -9999, -9999, -9999, -9999, -9999, -9999, -9999, -9999, -9999, -9999, -9999, -9999, -9999],
[12, -9999, 7, -9999, -9999, -9999, -9999, -9999, -9999, -9999, 58, -9999, 33, -9999, -9999, -9999, 12, -9999, 22, -9999, 15, -9999, -9999, -9999, 42, 87, 72, -9999, -9999, -9999, -9999, -9999, -9999, 71, -9999, 27, -9999, -9999, 9, 98, 78, -9999, -9999, -9999, -9999, -9999, -9999, 77, 98, 83, 37, -9999, 31, -9999, 72, 33, 84, -9999, 60, -9999, 56, -9999, -9999, 27, -9999, 36, 65, 75, 77, -9999, -9999, -9999, 68, 47, 12, -9999, 87, -9999, -9999, 58, 50, -9999, -9999, 50, -9999, 7, -9999, -9999, -9999, -9999, -9999, -9999, -9999, 40, 68, 61, -9999, 7, 70, 10],
[-9999, -9999, 44, -9999, -9999, -9999, -9999, -9999, -9999, -9999, -9999, -9999, 6, -9999, 48, 25, 97, -9999, 12, -9999, 4, -9999, 41, 28, 79, 25, 62, -9999, -9999, -9999, 98, -9999, -9999, -9999, -9999, 38, 2, 81, -9999, -9999, 32, 4, 33, -9999, -9999, -9999, -9999, -9999, 34, -9999, 13, -9999, -9999, -9999, 3, 67, 65, 59, 94, -9999, 85, -9999, -9999, 36, -9999, 56, 71, 32, -9999, -9999, -9999, -9999, 99, 46, 74, 22, 42, -9999, -9999, 47, 64, -9999, 26, -9999, 35, 53, -9999, -9999, -9999, 44, -9999, -9999, -9999, 17, 42, 65, -9999, 72, 61, -9999],
[85, -9999, -9999, -9999, -9999, -9999, -9999, -9999, -9999, -9999, -9999, -9999, -9999, -9999, -9999, -9999, -9999, -9999, 52, -9999, -9999, -9999, -9999, -9999, -9999, 71, 70, -9999, -9999, -9999, 99, -9999, -9999, -9999, -9999, -9999, -9999, -9999, -9999, -9999, -9999, -9999, -9999, -9999, 66, -9999, 42, -9999, 21, -9999, -9999, -9999, -9999, -9999, 40, 72, -9999, -9999, 2, -9999, 73, -9999, 80, 100, -9999, -9999, -9999, -9999, -9999, -9999, -9999, -9999, -9999, -9999, 86, -9999, -9999, -9999, -9999, 17, -9999, -9999, -9999, -9999, -9999, -9999, -9999, -9999, -9999, -9999, -9999, -9999, -9999, -9999, -9999, -9999, -9999, -9999, -9999, -9999],
[72, -9999, 94, -9999, -9999, 18, -9999, -9999, -9999, 5, -9999, -9999, 16, -9999, -9999, -9999, 82, -9999, -9999, -9999, 82, -9999, -9999, -9999, 1, -9999, -9999, -9999, -9999, -9999, 43, -9999, -9999, 67, -9999, 35, -9999, 29, -9999, -9999, -9999, 5, 38, -9999, 8, -9999, 91, -9999, 4, 31, 98, -9999, 44, -9999, 46, 83, 29, 52, 13, -9999, 14, 41, 80, 63, 49, -9999, -9999, 40, 47, -9999, -9999, -9999, 4, -9999, 59, 34, 67, -9999, -9999, -9999, 22, 71, -9999, 19, -9999, -9999, -9999, -9999, -9999, 52, -9999, -9999, -9999, 8, 4, 73, -9999, 68, -9999, -9999],
[26, -9999, -9999, -9999, -9999, -9999, -9999, -9999, -9999, -9999, 9, -9999, 54, -9999, -9999, 53, 59, -9999, -9999, -9999, -9999, -9999, -9999, -9999, 7, 32, 88, -9999, -9999, -9999, 6, -9999, -9999, -9999, -9999, 51, 79, -9999, 11, -9999, 35, 52, 45, -9999, 93, -9999, -9999, 31, 66, 24, 87, -9999, -9999, -9999, 45, 76, 42, 9, 19, -9999, 51, -9999, 75, 40, -9999, -9999, 89, 91, 6, -9999, -9999, -9999, 65, 82, -9999, 40, 11, -9999, 15, -9999, 69, -9999, -9999, -9999, -9999, 53, -9999, -9999, -9999, -9999, 42, -9999, -9999, 81, -9999, 7, -9999, 47, 66, -9999],
[8, -9999, -9999, -9999, -9999, -9999, -9999, -9999, -9999, -9999, -9999, -9999, -9999, -9999, -9999, -9999, -9999, -9999, -9999, -9999, -9999, -9999, -9999, -9999, -9999, -9999, -9999, -9999, -9999, -9999, -9999, -9999, -9999, -9999, -9999, 41, -9999, -9999, -9999, -9999, -9999, -9999, -9999, -9999, -9999, -9999, 100, -9999, 12, -9999, -9999, -9999, -9999, -9999, 49, 18, -9999, -9999, 79, -9999, 36, -9999, -9999, 89, -9999, -9999, 22, -9999, -9999, -9999, -9999, -9999, -9999, 100, 34, -9999, -9999, -9999, -9999, -9999, -9999, -9999, -9999, -9999, -9999, -9999, -9999, -9999, -9999, 49, -9999, -9999, -9999, -9999, 95, -9999, -9999, -9999, -9999, -9999],
[-9999, -9999, -9999, -9999, -9999, -9999, -9999, -9999, -9999, -9999, -9999, -9999, -9999, -9999, -9999, -9999, -9999, -9999, 14, -9999, -9999, -9999, -9999, -9999, -9999, 57, -9999, -9999, -9999, -9999, 71, -9999, -9999, -9999, -9999, 34, 91, -9999, -9999, -9999, -9999, -9999, -9999, -9999, -9999, -9999, 68, -9999, 21, -9999, -9999, -9999, -9999, -9999, 21, 36, -9999, -9999, 21, -9999, 76, -9999, -9999, 38, -9999, 2, 68, -9999, -9999, -9999, -9999, -9999, -9999, -9999, -9999, -9999, -9999, -9999, -9999, 13, -9999, -9999, -9999, -9999, -9999, -9999, -9999, -9999, -9999, 39, -9999, -9999, -9999, -9999, -9999, -9999, -9999, -9999, -9999, -9999],
[-9999, -9999, 25, -9999, -9999, -9999, -9999, -9999, -9999, -9999, -9999, -9999, -9999, -9999, -9999, 4, 55, -9999, 28, -9999, 21, -9999, -9999, 70, -9999, -9999, 26, -9999, -9999, -9999, 97, -9999, -9999, 49, 42, 73, 75, 60, -9999, -9999, 50, 66, -9999, -9999, 29, -9999, 25, 4, 64, -9999, 39, 24, 45, -9999, 39, 38, 76, 100, 28, -9999, 50, -9999, 4, 9, -9999, 77, 78, 19, -9999, -9999, -9999, -9999, -9999, -9999, -9999, 37, -9999, -9999, -9999, 57, 18, -9999, -9999, 79, 19, -9999, -9999, -9999, -9999, 38, -9999, -9999, -9999, 78, -9999, 81, 9, 75, -9999, 90],
[74, -9999, 93, -9999, -9999, -9999, -9999, -9999, -9999, -9999, 10, -9999, 13, -9999, -9999, -9999, 94, -9999, -9999, 62, -9999, -9999, -9999, 95, 45, -9999, -9999, -9999, -9999, -9999, -9999, -9999, 4, 67, -9999, 70, 87, 89, 42, -9999, 37, 45, 97, -9999, -9999, -9999, -9999, 52, 48, 64, 93, 33, 67, -9999, 59, 96, 55, 19, 48, -9999, 2, -9999, 94, 3, -9999, -9999, -9999, 48, -9999, 6, -9999, -9999, 82, -9999, 85, 87, 83, -9999, -9999, 43, 77, -9999, 74, -9999, 67, 8, -9999, -9999, -9999, 65, -9999, -9999, -9999, 19, -9999, 87, -9999, 2, -9999, -9999],
[-9999, -9999, -9999, -9999, -9999, -9999, -9999, -9999, -9999, -9999, -9999, -9999, -9999, -9999, -9999, -9999, -9999, -9999, 66, -9999, -9999, -9999, -9999, -9999, -9999, -9999, 19, -9999, -9999, -9999, 39, -9999, -9999, -9999, -9999, 80, -9999, -9999, -9999, -9999, -9999, -9999, -9999, -9999, 50, -9999, -9999, -9999, 65, -9999, -9999, -9999, -9999, -9999, 9, 89, -9999, -9999, 34, -9999, 43, -9999, 26, 83, -9999, 35, 15, -9999, -9999, -9999, -9999, -9999, -9999, -9999, -9999, -9999, 71, -9999, -9999, -9999, -9999, -9999, -9999, -9999, -9999, -9999, -9999, -9999, -9999, 48, -9999, -9999, -9999, -9999, 73, -9999, -9999, -9999, -9999, -9999],
[-9999, -9999, 61, -9999, -9999, -9999, -9999, -9999, -9999, -9999, 19, -9999, 59, -9999, -9999, 24, 36, -9999, -9999, -9999, 20, -9999, -9999, 60, 68, 40, -9999, -9999, -9999, -9999, 94, -9999, -9999, -9999, -9999, -9999, 83, 49, 35, 92, 13, -9999, 62, -9999, -9999, -9999, 48, 31, 73, -9999, 65, 81, -9999, -9999, 91, 48, 58, -9999, 1, -9999, 90, -9999, 16, 91, -9999, -9999, -9999, 44, -9999, -9999, -9999, -9999, 3, 17, 79, -9999, 58, -9999, -9999, -9999, 31, -9999, 88, -9999, -9999, 22, -9999, -9999, -9999, -9999, -9999, -9999, -9999, 60, -9999, 18, -9999, 66, 80, 22],
[61, -9999, -9999, -9999, -9999, -9999, -9999, -9999, -9999, -9999, -9999, -9999, -9999, -9999, -9999, -9999, -9999, -9999, -9999, -9999, -9999, -9999, 64, -9999, -9999, -9999, 100, -9999, -9999, -9999, 96, -9999, -9999, -9999, -9999, -9999, 17, -9999, -9999, -9999, -9999, -9999, -9999, -9999, -9999, -9999, -9999, -9999, 73, -9999, -9999, -9999, -9999, -9999, 61, 82, -9999, -9999, 71, -9999, 87, -9999, 58, 95, -9999, 95, 4, -9999, -9999, -9999, -9999, -9999, -9999, -9999, 1, -9999, -9999, -9999, -9999, 82, -9999, -9999, -9999, -9999, -9999, -9999, -9999, -9999, -9999, -9999, -9999, -9999, -9999, -9999, 74, -9999, -9999, -9999, -9999, -9999],
[-9999, -9999, -9999, -9999, -9999, -9999, -9999, -9999, -9999, -9999, -9999, -9999, -9999, -9999, -9999, -9999, -9999, -9999, 8, -9999, -9999, -9999, -9999, -9999, -9999, -9999, 94, -9999, -9999, -9999, 4, -9999, -9999, -9999, -9999, 25, -9999, -9999, -9999, -9999, -9999, -9999, -9999, -9999, -9999, -9999, 46, -9999, -9999, -9999, -9999, -9999, -9999, -9999, 30, 94, -9999, -9999, 49, -9999, 91, -9999, -9999, 17, -9999, -9999, -9999, -9999, -9999, -9999, -9999, -9999, -9999, 13, 10, -9999, 91, -9999, -9999, 100, -9999, -9999, -9999, -9999, -9999, -9999, -9999, -9999, -9999, 9, -9999, -9999, -9999, -9999, -9999, -9999, -9999, -9999, -9999, -9999],
[66, -9999, 50, -9999, -9999, -9999, 46, 31, -9999, -9999, 76, -9999, 62, 15, -9999, 50, 84, 38, 51, -9999, -9999, 50, -9999, -9999, -9999, -9999, 55, -9999, -9999, -9999, -9999, 85, -9999, 67, -9999, -9999, -9999, 39, 86, -9999, -9999, -9999, 37, -9999, 33, -9999, 99, 45, 58, 48, 59, -9999, 4, -9999, 28, 51, 70, 49, 53, 92, 49, 34, 10, 96, -9999, -9999, -9999, 39, 31, -9999, -9999, 67, -9999, -9999, 50, -9999, -9999, -9999, -9999, 65, 92, -9999, 79, 62, 87, -9999, -9999, -9999, -9999, 67, -9999, -9999, -9999, 59, -9999, 4, -9999, 100, -9999, -9999],
[-9999, -9999, -9999, -9999, -9999, -9999, -9999, -9999, -9999, -9999, -9999, -9999, -9999, -9999, -9999, -9999, -9999, -9999, -9999, -9999, -9999, -9999, -9999, -9999, -9999, -9999, 38, -9999, -9999, -9999, 18, -9999, -9999, -9999, -9999, -9999, 1, -9999, -9999, 7, -9999, -9999, -9999, -9999, 44, -9999, 42, -9999, 28, -9999, -9999, -9999, -9999, -9999, 61, 97, -9999, -9999, -9999, -9999, 35, -9999, 71, 35, -9999, -9999, 70, -9999, -9999, -9999, -9999, -9999, -9999, 26, 20, -9999, -9999, -9999, -9999, 16, -9999, -9999, -9999, -9999, -9999, -9999, -9999, -9999, -9999, -9999, -9999, -9999, -9999, -9999, 5, -9999, -9999, -9999, -9999, -9999],
[85, -9999, -9999, -9999, -9999, -9999, -9999, -9999, -9999, -9999, -9999, -9999, -9999, -9999, -9999, -9999, -9999, -9999, -9999, -9999, -9999, -9999, -9999, -9999, -9999, -9999, -9999, -9999, -9999, -9999, 92, -9999, -9999, -9999, -9999, -9999, -9999, -9999, -9999, -9999, -9999, -9999, -9999, -9999, 13, -9999, 61, -9999, 79, -9999, -9999, -9999, -9999, -9999, 86, 52, -9999, -9999, 41, -9999, 75, -9999, -9999, 68, -9999, 62, 14, -9999, -9999, -9999, -9999, -9999, -9999, 95, 67, -9999, 68, -9999, -9999, 12, -9999, -9999, -9999, -9999, -9999, -9999, -9999, -9999, -9999, -9999, -9999, -9999, -9999, -9999, -9999, -9999, -9999, -9999, -9999, -9999],
[-9999, -9999, 37, -9999, -9999, -9999, -9999, -9999, -9999, -9999, -9999, -9999, -9999, -9999, -9999, 60, 39, -9999, -9999, -9999, 80, -9999, -9999, -9999, 69, -9999, 89, -9999, -9999, -9999, -9999, -9999, 27, -9999, -9999, -9999, 17, 50, -9999, -9999, 94, 11, 54, -9999, -9999, -9999, 17, -9999, 11, 31, 100, -9999, -9999, -9999, 21, 99, 100, -9999, 46, -9999, 46, -9999, 66, 20, -9999, 54, 84, 52, -9999, -9999, -9999, -9999, 50, -9999, 29, 47, 12, -9999, -9999, 18, 82, 43, -9999, -9999, 48, -9999, -9999, -9999, -9999, -9999, -9999, -9999, -9999, 40, 64, 33, -9999, 46, 97, -9999],
[42, -9999, -9999, -9999, -9999, -9999, -9999, -9999, -9999, -9999, -9999, -9999, -9999, -9999, -9999, -9999, -9999, -9999, -9999, -9999, -9999, -9999, -9999, -9999, -9999, 17, -9999, -9999, -9999, -9999, 68, -9999, 3, -9999, -9999, 51, -9999, -9999, -9999, -9999, -9999, -9999, -9999, -9999, -9999, -9999, 89, -9999, 87, -9999, -9999, -9999, -9999, -9999, -9999, 34, -9999, -9999, 17, -9999, 45, -9999, 44, 98, -9999, 37, -9999, -9999, -9999, -9999, -9999, -9999, -9999, -9999, -9999, -9999, -9999, -9999, -9999, -9999, -9999, -9999, -9999, -9999, -9999, -9999, -9999, -9999, -9999, 48, -9999, -9999, -9999, -9999, 44, -9999, -9999, -9999, -9999, -9999],
[62, -9999, -9999, -9999, 40, -9999, 59, 54, -9999, -9999, 38, -9999, 8, -9999, -9999, 59, 79, 80, -9999, -9999, -9999, 64, -9999, -9999, 5, -9999, 68, 99, -9999, 10, 60, 79, -9999, 42, -9999, 31, 76, 93, -9999, -9999, 92, 10, -9999, -9999, -9999, -9999, 59, -9999, 90, 97, 57, 66, -9999, -9999, 38, 90, 58, -9999, -9999, -9999, 45, -9999, -9999, 12, -9999, -9999, -9999, 76, -9999, -9999, 8, 5, 26, -9999, -9999, -9999, -9999, 43, -9999, 86, 39, -9999, 73, -9999, 72, -9999, -9999, 54, -9999, -9999, -9999, -9999, 63, 4, 31, 18, -9999, 44, 83, -9999],
[-9999, -9999, -9999, -9999, -9999, -9999, -9999, -9999, -9999, -9999, -9999, -9999, -9999, -9999, -9999, -9999, -9999, -9999, -9999, -9999, -9999, -9999, -9999, -9999, -9999, 89, -9999, -9999, -9999, -9999, 9, -9999, -9999, -9999, -9999, 86, -9999, -9999, -9999, 43, -9999, -9999, -9999, -9999, -9999, -9999, -9999, -9999, 30, -9999, -9999, -9999, -9999, -9999, 8, 72, -9999, -9999, -9999, -9999, 84, -9999, 61, -9999, -9999, -9999, 27, -9999, -9999, -9999, -9999, -9999, -9999, 81, 40, -9999, 100, -9999, -9999, -9999, -9999, -9999, -9999, -9999, -9999, -9999, -9999, -9999, -9999, 40, -9999, -9999, -9999, -9999, -9999, -9999, -9999, -9999, -9999, -9999],
[94, -9999, -9999, -9999, -9999, -9999, -9999, -9999, -9999, -9999, -9999, -9999, -9999, 11, -9999, -9999, -9999, 45, -9999, -9999, -9999, -9999, -9999, -9999, -9999, 2, -9999, -9999, -9999, 46, 74, -9999, -9999, -9999, -9999, 28, -9999, -9999, -9999, -9999, -9999, -9999, -9999, -9999, 81, -9999, 82, -9999, 6, -9999, -9999, -9999, -9999, -9999, 55, 35, -9999, -9999, 17, -9999, 73, -9999, -9999, 7, -9999, 28, 51, -9999, -9999, -9999, 95, 11, -9999, 10, -9999, -9999, -9999, -9999, -9999, 54, -9999, -9999, -9999, -9999, -9999, -9999, -9999, -9999, 45, -9999, -9999, -9999, 67, -9999, 6, -9999, -9999, -9999, -9999, -9999],
[84, -9999, -9999, -9999, -9999, -9999, -9999, -9999, -9999, -9999, -9999, -9999, -9999, -9999, -9999, -9999, -9999, -9999, 11, -9999, -9999, -9999, -9999, -9999, -9999, 81, 27, -9999, -9999, 70, -9999, -9999, -9999, -9999, -9999, 43, -9999, -9999, -9999, -9999, -9999, -9999, -9999, -9999, -9999, -9999, 2, -9999, 83, -9999, -9999, -9999, -9999, -9999, 7, 52, -9999, -9999, 8, -9999, 38, -9999, 66, 3, -9999, 23, 20, -9999, -9999, -9999, -9999, -9999, -9999, 67, -9999, -9999, 74, -9999, -9999, 39, -9999, -9999, -9999, -9999, -9999, -9999, -9999, -9999, -9999, 14, -9999, -9999, -9999, -9999, -9999, -9999, -9999, -9999, -9999, -9999],
[68, -9999, -9999, -9999, -9999, 34, -9999, -9999, -9999, 31, 19, -9999, -9999, -9999, -9999, 50, 60, -9999, 18, -9999, 96, -9999, -9999, -9999, -9999, -9999, 59, 37, -9999, -9999, 86, -9999, -9999, -9999, -9999, 7, -9999, -9999, -9999, -9999, 49, 55, -9999, -9999, -9999, -9999, 18, 86, 11, 23, 32, 82, 38, 44, 88, 81, 55, -9999, 77, -9999, 65, -9999, 62, 42, -9999, -9999, -9999, 80, 76, -9999, -9999, -9999, -9999, -9999, 63, 54, 72, -9999, -9999, 64, 62, 11, -9999, 72, -9999, 99, -9999, -9999, -9999, 48, -9999, -9999, -9999, 86, 52, 84, -9999, 86, 44, 49],
[98, -9999, -9999, -9999, -9999, -9999, -9999, -9999, -9999, 18, 64, 22, -9999, -9999, -9999, 10, 40, -9999, 23, -9999, -9999, -9999, -9999, -9999, -9999, 75, -9999, 64, -9999, -9999, -9999, -9999, -9999, -9999, -9999, 31, -9999, 54, -9999, -9999, 33, 52, 32, -9999, 28, -9999, 49, -9999, 16, 14, 74, -9999, -9999, 68, 64, 35, 57, 57, 39, -9999, 32, -9999, 99, 97, -9999, 5, 62, 35, 97, -9999, -9999, -9999, 6, -9999, 2, 57, 25, -9999, -9999, 51, 65, -9999, -9999, -9999, 1, 65, -9999, -9999, -9999, -9999, -9999, -9999, -9999, 74, -9999, 9, -9999, 23, 66, 27],
[-9999, -9999, 33, -9999, -9999, 37, -9999, -9999, 14, -9999, 92, 11, -9999, -9999, -9999, 83, 75, -9999, 54, -9999, 78, -9999, -9999, -9999, 51, 78, -9999, -9999, -9999, -9999, 63, -9999, -9999, -9999, -9999, -9999, 71, 21, -9999, -9999, 54, 82, 73, -9999, -9999, -9999, 54, -9999, 17, 43, 84, 25, 69, -9999, 20, 34, 11, 78, 87, -9999, 1, -9999, 46, 49, -9999, -9999, 90, 59, 35, -9999, -9999, -9999, 80, -9999, 46, 77, -9999, -9999, -9999, -9999, 76, -9999, 42, -9999, 33, -9999, -9999, -9999, -9999, 19, -9999, -9999, -9999, 60, 99, 96, -9999, 81, -9999, -9999],
[-9999, -9999, -9999, -9999, -9999, -9999, -9999, -9999, -9999, -9999, -9999, -9999, -9999, -9999, -9999, -9999, 25, -9999, -9999, -9999, -9999, -9999, -9999, -9999, -9999, -9999, -9999, -9999, -9999, -9999, -9999, -9999, -9999, 2, -9999, -9999, -9999, -9999, -9999, -9999, -9999, -9999, -9999, -9999, -9999, -9999, -9999, -9999, -9999, -9999, -9999, -9999, -9999, -9999, -9999, -9999, -9999, -9999, -9999, -9999, -9999, -9999, -9999, -9999, -9999, -9999, -9999, -9999, -9999, -9999, -9999, -9999, -9999, -9999, -9999, -9999, -9999, -9999, -9999, -9999, -9999, -9999, -9999, -9999, -9999, 64, -9999, -9999, -9999, -9999, -9999, -9999, -9999, 65, -9999, -9999, -9999, -9999, -9999, -9999],
[7, -9999, 73, -9999, -9999, -9999, -9999, -9999, -9999, -9999, 28, -9999, 81, -9999, -9999, -9999, 2, -9999, 19, -9999, 72, -9999, -9999, 84, 3, 79, -9999, -9999, -9999, -9999, 24, -9999, -9999, -9999, -9999, -9999, -9999, -9999, 22, -9999, -9999, -9999, 82, -9999, 10, 50, -9999, -9999, 11, -9999, -9999, -9999, 24, -9999, -9999, 70, 23, -9999, 18, -9999, 13, -9999, -9999, 72, -9999, -9999, -9999, 58, 42, -9999, -9999, -9999, 15, 14, -9999, -9999, 24, -9999, -9999, -9999, 80, -9999, -9999, 6, 15, 51, -9999, -9999, -9999, 25, -9999, -9999, -9999, 15, -9999, 83, -9999, 16, 65, 98],
[4, -9999, 89, -9999, -9999, -9999, -9999, -9999, -9999, -9999, 26, -9999, 50, -9999, -9999, 83, 44, -9999, 7, -9999, -9999, -9999, 1, 24, 82, -9999, -9999, -9999, -9999, -9999, 79, -9999, -9999, 34, -9999, -9999, 27, 99, -9999, -9999, 19, 4, -9999, -9999, -9999, -9999, 71, 100, 79, -9999, 29, -9999, 19, 56, 30, 12, 4, -9999, -9999, -9999, 38, -9999, 79, 40, -9999, -9999, -9999, 91, -9999, -9999, -9999, -9999, 50, 3, 74, 50, -9999, -9999, -9999, -9999, 81, -9999, 41, -9999, 66, 81, -9999, -9999, -9999, 43, -9999, -9999, -9999, -9999, -9999, 9, 54, 42, -9999, 70],
[55, -9999, -9999, -9999, -9999, -9999, -9999, -9999, -9999, -9999, -9999, -9999, -9999, -9999, -9999, -9999, -9999, -9999, -9999, -9999, -9999, -9999, -9999, -9999, -9999, 100, -9999, -9999, -9999, -9999, 99, -9999, -9999, -9999, -9999, -9999, -9999, -9999, -9999, -9999, -9999, -9999, -9999, -9999, -9999, -9999, 48, -9999, 80, -9999, -9999, -9999, -9999, -9999, 94, 97, -9999, -9999, -9999, -9999, 39, -9999, 73, 6, -9999, 53, -9999, -9999, -9999, -9999, -9999, -9999, -9999, 75, -9999, -9999, -9999, -9999, -9999, -9999, -9999, -9999, -9999, -9999, -9999, -9999, -9999, -9999, -9999, -9999, -9999, -9999, -9999, -9999, -9999, -9999, -9999, -9999, -9999, -9999],
[-9999, -9999, -9999, -9999, -9999, -9999, -9999, -9999, -9999, -9999, -9999, -9999, -9999, -9999, -9999, -9999, -9999, -9999, 56, -9999, -9999, -9999, -9999, -9999, -9999, 28, -9999, -9999, -9999, -9999, 84, -9999, -9999, -9999, -9999, 75, -9999, -9999, -9999, -9999, -9999, -9999, -9999, -9999, 31, -9999, 50, -9999, 42, -9999, -9999, -9999, -9999, -9999, 81, 56, -9999, -9999, 41, -9999, 81, -9999, 56, 19, -9999, -9999, 65, -9999, -9999, -9999, -9999, -9999, -9999, -9999, -9999, -9999, -9999, -9999, -9999, -9999, -9999, -9999, -9999, -9999, -9999, -9999, -9999, -9999, -9999, -9999, -9999, -9999, -9999, -9999, 86, -9999, -9999, -9999, -9999, -9999],
[50, -9999, -9999, -9999, -9999, -9999, -9999, -9999, -9999, -9999, -9999, -9999, -9999, -9999, -9999, -9999, -9999, -9999, 53, -9999, -9999, -9999, -9999, -9999, -9999, -9999, -9999, -9999, -9999, -9999, 15, -9999, -9999, -9999, -9999, -9999, -9999, -9999, -9999, -9999, -9999, -9999, -9999, -9999, -9999, -9999, 71, -9999, 57, -9999, -9999, -9999, -9999, -9999, 28, 38, -9999, -9999, 38, -9999, 2, -9999, -9999, 29, -9999, -9999, 60, -9999, -9999, -9999, -9999, -9999, -9999, 96, 88, -9999, -9999, -9999, -9999, 21, -9999, -9999, -9999, -9999, -9999, -9999, -9999, -9999, -9999, -9999, -9999, -9999, -9999, -9999, 96, -9999, -9999, -9999, -9999, -9999],
[-9999, -9999, -9999, -9999, -9999, -9999, -9999, -9999, -9999, -9999, -9999, -9999, 88, -9999, -9999, -9999, 64, -9999, -9999, -9999, -9999, -9999, -9999, -9999, -9999, -9999, -9999, -9999, -9999, -9999, -9999, -9999, -9999, 82, -9999, -9999, -9999, -9999, -9999, -9999, -9999, -9999, -9999, -9999, -9999, -9999, -9999, -9999, -9999, -9999, -9999, -9999, -9999, -9999, -9999, -9999, -9999, -9999, -9999, -9999, -9999, -9999, -9999, -9999, -9999, -9999, -9999, -9999, -9999, -9999, -9999, -9999, -9999, -9999, -9999, -9999, -9999, 34, -9999, -9999, -9999, -9999, -9999, -9999, -9999, 68, -9999, -9999, -9999, -9999, -9999, -9999, 95, 65, -9999, -9999, -9999, -9999, -9999, -9999],
[-9999, -9999, -9999, -9999, -9999, -9999, -9999, -9999, -9999, -9999, -9999, -9999, -9999, -9999, -9999, -9999, -9999, -9999, 17, -9999, -9999, -9999, -9999, -9999, -9999, -9999, -9999, -9999, -9999, -9999, 65, -9999, 59, -9999, -9999, -9999, -9999, -9999, -9999, -9999, -9999, -9999, -9999, -9999, 8, -9999, 88, -9999, 6, -9999, -9999, -9999, -9999, -9999, 36, 60, -9999, -9999, 99, -9999, 65, -9999, -9999, 14, -9999, -9999, -9999, -9999, -9999, -9999, -9999, -9999, -9999, 80, -9999, -9999, 80, -9999, -9999, 71, -9999, -9999, -9999, -9999, -9999, -9999, -9999, -9999, -9999, -9999, -9999, -9999, -9999, -9999, 81, -9999, -9999, -9999, -9999, -9999],
[4, -9999, -9999, -9999, -9999, -9999, -9999, -9999, -9999, -9999, -9999, -9999, 98, -9999, -9999, -9999, 75, -9999, 69, -9999, 77, -9999, -9999, 68, 94, -9999, -9999, -9999, -9999, -9999, 38, -9999, -9999, -9999, -9999, 8, 22, -9999, -9999, -9999, -9999, 18, 73, 61, -9999, -9999, 48, 80, 24, 88, 100, 8, -9999, -9999, 68, 33, 16, 92, 1, -9999, 98, -9999, -9999, 19, -9999, 83, -9999, 34, 48, -9999, -9999, -9999, 41, 7, 16, 56, -9999, -9999, -9999, 87, 27, -9999, 82, 38, -9999, 86, -9999, -9999, -9999, -9999, 81, -9999, -9999, 19, 9, 100, -9999, 40, -9999, 77],
[-9999, -9999, -9999, -9999, -9999, -9999, -9999, -9999, -9999, -9999, -9999, -9999, 2, -9999, -9999, -9999, 69, -9999, -9999, -9999, 9, -9999, -9999, -9999, -9999, -9999, -9999, -9999, -9999, -9999, -9999, -9999, -9999, -9999, -9999, -9999, -9999, -9999, -9999, -9999, -9999, -9999, -9999, -9999, -9999, -9999, -9999, -9999, -9999, -9999, -9999, -9999, -9999, -9999, -9999, -9999, -9999, -9999, -9999, -9999, -9999, -9999, -9999, -9999, -9999, -9999, -9999, -9999, -9999, -9999, -9999, -9999, -9999, -9999, -9999, -9999, -9999, -9999, -9999, -9999, -9999, -9999, -9999, -9999, -9999, -9999, -9999, -9999, -9999, -9999, -9999, -9999, -9999, 27, -9999, -9999, -9999, -9999, -9999, -9999],
[68, -9999, 63, -9999, -9999, -9999, -9999, -9999, -9999, -9999, 76, -9999, 9, -9999, -9999, -9999, 35, -9999, 85, -9999, 31, -9999, -9999, 17, -9999, 42, 86, -9999, -9999, -9999, 89, -9999, -9999, 10, -9999, 66, -9999, 33, 87, -9999, 66, 76, -9999, -9999, -9999, -9999, 67, 66, 22, 39, 14, 81, -9999, 34, 72, 57, 51, 75, 13, 89, 75, -9999, 49, 89, -9999, -9999, -9999, 20, 68, -9999, -9999, -9999, 88, -9999, 73, 83, 13, -9999, -9999, 69, 68, 89, 82, -9999, 93, -9999, -9999, -9999, -9999, -9999, -9999, -9999, -9999, 87, 85, 7, -9999, 51, 83, 45],
[62, -9999, 98, -9999, -9999, -9999, -9999, -9999, -9999, -9999, 79, -9999, 33, -9999, 98, 83, -9999, -9999, 68, -9999, -9999, -9999, -9999, 71, 8, 66, 21, -9999, -9999, -9999, -9999, -9999, -9999, 15, 52, -9999, -9999, -9999, 39, -9999, -9999, 92, 64, -9999, 68, -9999, -9999, 23, 80, 32, 37, -9999, 66, -9999, 42, 25, 29, 53, 24, -9999, 55, -9999, 36, 24, -9999, 53, -9999, 6, -9999, -9999, -9999, -9999, 45, -9999, -9999, -9999, -9999, -9999, -9999, 69, 34, -9999, -9999, 17, 52, 56, -9999, -9999, -9999, -9999, -9999, -9999, -9999, 38, -9999, 86, -9999, 31, 5, 83],
[98, -9999, 23, -9999, -9999, -9999, -9999, -9999, -9999, -9999, 50, -9999, -9999, -9999, -9999, -9999, 53, -9999, -9999, -9999, 23, -9999, -9999, 20, 91, 30, 57, -9999, -9999, -9999, 13, -9999, -9999, 37, -9999, -9999, 97, -9999, 9, -9999, -9999, 67, 81, -9999, -9999, -9999, 97, 96, 36, 88, 69, -9999, 22, -9999, 39, 78, 7, 83, -9999, -9999, 59, 34, -9999, 79, -9999, 11, 79, 70, 62, -9999, -9999, -9999, 95, 82, -9999, 56, -9999, -9999, -9999, 80, 59, -9999, -9999, 83, 28, -9999, -9999, -9999, -9999, -9999, -9999, -9999, -9999, 24, 69, 98, -9999, 34, -9999, 8],
[52, -9999, 19, -9999, -9999, -9999, -9999, -9999, -9999, -9999, -9999, -9999, -9999, -9999, 97, 85, 72, -9999, -9999, -9999, 82, -9999, -9999, 83, -9999, 6, 76, 60, -9999, -9999, -9999, -9999, -9999, 29, -9999, 77, 94, -9999, -9999, -9999, 44, 87, 67, -9999, 94, -9999, 41, 43, 31, -9999, 4, 42, 22, -9999, 53, 98, 44, -9999, -9999, -9999, 83, -9999, -9999, 22, -9999, 81, 33, 91, 59, -9999, -9999, -9999, -9999, -9999, -9999, -9999, -9999, -9999, -9999, 75, 71, -9999, -9999, 89, 96, 20, -9999, -9999, -9999, 23, -9999, -9999, -9999, 29, -9999, 80, -9999, 94, 85, 70],
[93, -9999, 5, -9999, -9999, -9999, 19, -9999, -9999, -9999, 81, -9999, -9999, -9999, -9999, 78, 31, 67, 77, -9999, -9999, 74, -9999, -9999, 83, 8, 15, -9999, -9999, -9999, 84, -9999, -9999, -9999, -9999, 65, -9999, 48, 97, -9999, 24, 100, 38, -9999, 98, -9999, -9999, 82, 16, 74, 82, 27, -9999, -9999, 37, 77, 67, -9999, 30, -9999, 42, -9999, -9999, 65, -9999, -9999, -9999, 69, -9999, -9999, -9999, 49, -9999, 71, 14, 74, 86, 71, 26, 97, 48, -9999, -9999, 12, -9999, -9999, 6, -9999, -9999, -9999, -9999, -9999, -9999, 33, 48, 46, -9999, 94, 38, 23],
[85, -9999, -9999, -9999, 6, -9999, -9999, -9999, 92, -9999, 45, -9999, 67, -9999, -9999, 36, 46, -9999, 35, -9999, 6, -9999, -9999, 82, -9999, 16, 71, -9999, -9999, -9999, 80, -9999, -9999, -9999, -9999, -9999, 6, -9999, 33, -9999, 53, 66, -9999, -9999, -9999, 65, 22, -9999, 62, 79, 42, -9999, 79, -9999, 32, 80, 62, -9999, 62, -9999, 35, -9999, 2, 3, -9999, -9999, -9999, 8, 41, -9999, -9999, -9999, 28, -9999, 39, -9999, 53, -9999, -9999, -9999, 72, -9999, -9999, 93, 59, -9999, -9999, -9999, -9999, 40, -9999, -9999, -9999, 69, -9999, 97, -9999, 82, 64, -9999],
[-9999, 93, 48, -9999, -9999, -9999, 32, 24, -9999, -9999, -9999, -9999, 63, 68, 12, 8, 23, -9999, -9999, -9999, 29, 56, -9999, -9999, 64, -9999, -9999, 74, -9999, -9999, -9999, 39, -9999, 52, -9999, 35, 54, 12, 59, -9999, -9999, 43, 78, -9999, -9999, -9999, 25, 42, -9999, -9999, 27, 57, -9999, -9999, 38, 31, 45, 91, 88, -9999, 35, -9999, 11, -9999, -9999, -9999, 2, 87, 5, -9999, -9999, -9999, 94, 66, 12, 62, -9999, -9999, -9999, 80, 9, -9999, 50, -9999, 81, -9999, -9999, 68, -9999, -9999, -9999, -9999, 51, 56, 46, 26, -9999, 25, 65, 18],
[35, -9999, -9999, -9999, -9999, -9999, -9999, -9999, -9999, -9999, -9999, -9999, -9999, -9999, -9999, -9999, -9999, -9999, 99, -9999, -9999, -9999, -9999, -9999, -9999, -9999, -9999, -9999, -9999, -9999, -9999, -9999, -9999, -9999, -9999, 38, 11, -9999, -9999, -9999, -9999, -9999, -9999, -9999, -9999, -9999, -9999, -9999, 62, -9999, -9999, -9999, -9999, -9999, 78, 14, -9999, -9999, 7, -9999, 39, -9999, 25, 9, -9999, 94, 77, -9999, -9999, -9999, -9999, -9999, -9999, 37, 67, -9999, -9999, -9999, -9999, -9999, -9999, -9999, -9999, -9999, -9999, -9999, -9999, -9999, -9999, -9999, -9999, -9999, -9999, -9999, 26, -9999, -9999, -9999, -9999, -9999],
[61, -9999, 16, -9999, -9999, -9999, -9999, -9999, -9999, -9999, -9999, -9999, 86, -9999, -9999, 3, 92, -9999, -9999, -9999, -9999, -9999, -9999, 33, -9999, 36, -9999, -9999, -9999, -9999, -9999, -9999, -9999, -9999, -9999, 44, 63, 50, 92, -9999, -9999, 59, 100, -9999, 56, -9999, -9999, 21, 20, 50, -9999, 31, 22, -9999, 28, 84, 74, 41, 11, -9999, 6, -9999, 49, 1, -9999, -9999, 60, 32, 50, -9999, -9999, -9999, -9999, -9999, -9999, 57, -9999, -9999, -9999, -9999, 40, -9999, 92, 88, 93, -9999, -9999, -9999, -9999, -9999, -9999, -9999, -9999, 78, -9999, 4, 18, 19, 79, 31],
[26, -9999, 33, -9999, -9999, -9999, -9999, -9999, -9999, 82, -9999, -9999, 15, -9999, -9999, 75, 93, -9999, 8, -9999, 80, -9999, -9999, 94, -9999, 34, -9999, -9999, -9999, -9999, 31, -9999, -9999, 10, -9999, 100, -9999, -9999, 13, -9999, 54, -9999, 51, -9999, 16, -9999, 41, 54, 58, -9999, 99, -9999, -9999, -9999, 44, 51, 18, 34, -9999, -9999, 84, -9999, 30, 96, -9999, 31, 54, 4, 54, 14, -9999, -9999, -9999, 7, 4, 78, 9, -9999, -9999, -9999, 99, -9999, 96, -9999, -9999, 67, -9999, -9999, -9999, 99, -9999, -9999, -9999, 78, -9999, 82, -9999, 39, 23, 19],
[81, -9999, -9999, -9999, -9999, -9999, -9999, -9999, -9999, -9999, -9999, -9999, -9999, -9999, -9999, -9999, 55, -9999, 49, -9999, -9999, -9999, -9999, -9999, 27, 42, 17, -9999, -9999, -9999, 2, -9999, 21, 45, -9999, 37, -9999, 34, -9999, -9999, -9999, 32, -9999, -9999, -9999, -9999, 69, 21, 81, 6, 88, -9999, -9999, -9999, 60, 34, 55, -9999, 52, -9999, 50, 85, -9999, 49, -9999, 43, 12, 3, -9999, -9999, -9999, -9999, 78, -9999, 37, -9999, 5, -9999, -9999, 92, 39, -9999, 62, -9999, 83, 77, -9999, -9999, -9999, 59, -9999, -9999, -9999, 23, 68, 90, -9999, 34, -9999, 22],
[97, -9999, -9999, -9999, -9999, -9999, -9999, -9999, -9999, -9999, -9999, -9999, -9999, -9999, -9999, -9999, 25, -9999, -9999, -9999, 79, -9999, -9999, 10, 86, -9999, -9999, -9999, -9999, -9999, 100, -9999, -9999, 7, -9999, -9999, -9999, -9999, 31, -9999, 24, 31, -9999, 80, 94, -9999, 97, 29, 12, 65, 15, -9999, -9999, -9999, 63, 50, 60, 25, 23, -9999, 59, -9999, 100, 83, -9999, 3, 68, 60, -9999, -9999, -9999, -9999, 54, 12, -9999, -9999, 59, -9999, -9999, -9999, 19, -9999, 58, 97, 56, -9999, -9999, -9999, -9999, 72, -9999, -9999, -9999, 6, 18, 89, -9999, 60, 73, 31],
[12, -9999, 85, -9999, -9999, -9999, -9999, -9999, -9999, 77, -9999, -9999, 81, -9999, -9999, 28, 2, -9999, 68, -9999, 57, -9999, -9999, 83, -9999, 96, -9999, -9999, -9999, -9999, 85, -9999, -9999, -9999, -9999, -9999, 61, 36, -9999, -9999, -9999, 98, 65, -9999, -9999, 11, -9999, 51, 42, 5, 25, 59, -9999, 22, -9999, 93, 58, 95, 33, 44, 32, 9, -9999, 45, -9999, -9999, 9, 54, 78, -9999, -9999, -9999, 4, -9999, 31, 1, 26, -9999, -9999, 7, -9999, -9999, 53, 67, 100, -9999, -9999, -9999, -9999, 68, -9999, -9999, -9999, 43, -9999, 10, -9999, 98, 99, 100],
[80, -9999, 68, -9999, -9999, -9999, -9999, -9999, -9999, -9999, 79, -9999, -9999, -9999, -9999, -9999, 96, -9999, -9999, -9999, 26, -9999, -9999, 27, 83, 73, -9999, 96, -9999, -9999, 55, -9999, -9999, 38, -9999, -9999, 62, -9999, 93, -9999, 84, -9999, 36, -9999, 27, -9999, -9999, 23, 11, -9999, 2, -9999, -9999, -9999, 62, -9999, 38, 52, -9999, -9999, 36, -9999, -9999, 10, -9999, 89, -9999, 82, -9999, -9999, -9999, -9999, 12, -9999, -9999, 76, 100, -9999, -9999, 8, 94, -9999, 19, -9999, -9999, 69, -9999, -9999, -9999, 19, -9999, -9999, -9999, 34, 41, 87, -9999, 85, 79, 89],
[74, -9999, -9999, -9999, -9999, -9999, -9999, -9999, -9999, -9999, -9999, -9999, -9999, -9999, -9999, -9999, -9999, -9999, 31, -9999, -9999, -9999, -9999, -9999, -9999, 17, -9999, -9999, -9999, -9999, -9999, -9999, -9999, -9999, -9999, 51, -9999, -9999, -9999, -9999, -9999, -9999, -9999, -9999, -9999, -9999, 74, -9999, 45, -9999, -9999, -9999, -9999, -9999, 15, 45, -9999, -9999, -9999, -9999, 73, -9999, 91, 60, -9999, 81, 23, -9999, -9999, -9999, -9999, -9999, -9999, -9999, -9999, -9999, 6, -9999, -9999, 99, -9999, -9999, -9999, -9999, -9999, -9999, -9999, -9999, -9999, 1, -9999, -9999, -9999, -9999, 50, -9999, -9999, -9999, -9999, -9999],
[95, -9999, -9999, -9999, -9999, -9999, -9999, -9999, -9999, -9999, -9999, -9999, -9999, -9999, -9999, -9999, -9999, -9999, 36, -9999, -9999, -9999, -9999, -9999, -9999, 31, 84, -9999, -9999, -9999, 98, -9999, -9999, -9999, -9999, 33, -9999, -9999, -9999, 2, -9999, -9999, -9999, -9999, 82, -9999, 75, -9999, 83, -9999, -9999, -9999, -9999, -9999, 79, 13, -9999, -9999, 56, -9999, 61, -9999, 90, 3, -9999, 19, -9999, -9999, -9999, -9999, -9999, -9999, -9999, -9999, 31, -9999, 64, -9999, -9999, 9, -9999, -9999, -9999, -9999, -9999, -9999, -9999, -9999, -9999, -9999, -9999, -9999, -9999, -9999, -9999, -9999, -9999, -9999, -9999, -9999],
[59, -9999, 81, -9999, -9999, -9999, -9999, -9999, -9999, -9999, -9999, -9999, -9999, -9999, -9999, 33, 12, -9999, 71, -9999, 54, -9999, -9999, -9999, -9999, 13, -9999, -9999, -9999, -9999, -9999, -9999, -9999, 64, -9999, 52, 98, 88, 46, -9999, -9999, -9999, -9999, -9999, -9999, -9999, 95, -9999, 34, -9999, 74, -9999, -9999, -9999, 33, 58, 1, 51, -9999, -9999, 5, -9999, 68, 60, -9999, 57, 7, 54, 24, -9999, -9999, -9999, 90, 19, 63, 62, -9999, -9999, -9999, 16, 67, -9999, 91, 37, 1, 82, -9999, -9999, -9999, 78, -9999, -9999, -9999, 79, 61, 25, -9999, 5, 1, 56],
[-9999, -9999, -9999, -9999, -9999, -9999, -9999, -9999, -9999, -9999, -9999, -9999, -9999, -9999, -9999, -9999, -9999, -9999, 65, -9999, -9999, -9999, -9999, -9999, -9999, 81, 91, -9999, -9999, -9999, 59, -9999, -9999, -9999, -9999, 69, -9999, -9999, -9999, -9999, -9999, -9999, -9999, -9999, 8, -9999, 96, -9999, 48, -9999, -9999, -9999, -9999, -9999, 15, 28, -9999, -9999, 88, -9999, 8, -9999, 29, 72, -9999, -9999, -9999, -9999, -9999, -9999, -9999, -9999, -9999, -9999, 47, -9999, 1, -9999, -9999, 10, -9999, -9999, -9999, -9999, -9999, -9999, -9999, -9999, -9999, -9999, -9999, -9999, -9999, -9999, 27, -9999, -9999, -9999, -9999, -9999],
[-9999, -9999, -9999, -9999, 78, -9999, -9999, -9999, -9999, -9999, -9999, -9999, -9999, -9999, -9999, -9999, -9999, -9999, -9999, -9999, -9999, -9999, -9999, -9999, -9999, 63, 36, -9999, -9999, 59, -9999, -9999, -9999, -9999, -9999, -9999, 49, -9999, -9999, -9999, -9999, -9999, -9999, -9999, 27, -9999, 25, -9999, 14, -9999, -9999, -9999, -9999, -9999, 55, 56, -9999, -9999, 18, -9999, -9999, -9999, 17, 31, -9999, 46, -9999, -9999, -9999, -9999, -9999, -9999, -9999, -9999, 17, -9999, -9999, -9999, -9999, 26, -9999, -9999, -9999, -9999, -9999, -9999, -9999, -9999, -9999, -9999, -9999, -9999, -9999, -9999, -9999, -9999, -9999, -9999, -9999, -9999],
[-9999, -9999, -9999, -9999, -9999, -9999, -9999, -9999, -9999, -9999, -9999, -9999, -9999, -9999, -9999, -9999, -9999, -9999, -9999, -9999, -9999, -9999, -9999, -9999, -9999, -9999, -9999, -9999, -9999, -9999, -9999, -9999, -9999, -9999, -9999, -9999, -9999, -9999, -9999, -9999, -9999, -9999, -9999, -9999, -9999, -9999, -9999, -9999, -9999, -9999, -9999, -9999, -9999, -9999, -9999, -9999, -9999, -9999, -9999, -9999, -9999, -9999, -9999, -9999, -9999, -9999, -9999, -9999, -9999, -9999, -9999, -9999, -9999, -9999, -9999, -9999, -9999, -9999, -9999, -9999, -9999, -9999, -9999, -9999, -9999, -9999, -9999, -9999, -9999, -9999, -9999, -9999, -9999, -9999, -9999, -9999, -9999, -9999, -9999, -9999],
[-9999, -9999, 54, -9999, -9999, -9999, -9999, -9999, -9999, -9999, 59, -9999, -9999, -9999, -9999, -9999, 47, -9999, -9999, -9999, 85, -9999, -9999, -9999, 100, -9999, -9999, -9999, -9999, -9999, 52, -9999, -9999, 29, -9999, -9999, 85, -9999, 55, -9999, -9999, -9999, -9999, -9999, 46, -9999, 23, 51, 92, -9999, 53, 21, 11, -9999, 96, 39, 11, 2, -9999, -9999, 90, -9999, -9999, 47, -9999, -9999, -9999, 3, 4, -9999, -9999, -9999, -9999, 17, -9999, -9999, 27, -9999, -9999, 99, 34, -9999, 97, -9999, 3, 100, -9999, -9999, -9999, 27, -9999, -9999, -9999, 40, -9999, 26, -9999, 64, -9999, -9999],
[-9999, -9999, 88, -9999, -9999, -9999, -9999, -9999, -9999, -9999, 64, -9999, -9999, -9999, -9999, 53, 35, -9999, 10, -9999, -9999, -9999, -9999, -9999, 21, 19, 79, 25, -9999, -9999, -9999, -9999, -9999, -9999, -9999, 61, 60, 74, 14, -9999, 30, 59, -9999, 80, -9999, -9999, 55, 8, 40, 11, 35, 45, 96, -9999, 91, 66, 94, 18, -9999, -9999, 7, -9999, 58, -9999, -9999, -9999, 55, 40, -9999, -9999, -9999, -9999, -9999, -9999, 12, 75, 80, -9999, -9999, -9999, 46, -9999, -9999, -9999, -9999, 56, -9999, -9999, -9999, 76, -9999, -9999, -9999, 90, -9999, 79, -9999, 20, -9999, 34],
[-9999, -9999, 90, -9999, -9999, -9999, -9999, -9999, -9999, -9999, -9999, -9999, -9999, -9999, -9999, -9999, 14, -9999, -9999, -9999, 86, -9999, -9999, -9999, 40, 14, 94, -9999, -9999, -9999, -9999, -9999, 79, 66, -9999, -9999, 59, 32, 98, -9999, 17, -9999, 95, -9999, 29, -9999, 10, -9999, 17, 14, 64, -9999, 67, -9999, 84, 88, 38, 56, -9999, -9999, 75, -9999, 57, 99, -9999, 25, 2, 20, 29, 34, -9999, -9999, 80, 35, 97, 59, -9999, -9999, -9999, -9999, 11, -9999, 46, 56, -9999, 57, -9999, -9999, -9999, 1, -9999, -9999, -9999, 35, 92, -9999, -9999, 5, 33, -9999],
[74, -9999, 32, -9999, 35, -9999, -9999, -9999, -9999, 66, 11, -9999, 92, -9999, -9999, 100, 14, -9999, -9999, -9999, -9999, -9999, -9999, 25, 29, 84, -9999, -9999, -9999, -9999, 92, -9999, -9999, 37, -9999, -9999, -9999, 4, 52, -9999, 91, 43, -9999, -9999, 88, -9999, 94, 80, 42, 96, 71, -9999, -9999, -9999, 3, 73, 94, 69, -9999, -9999, 67, -9999, 35, 29, -9999, -9999, 13, 44, 18, -9999, -9999, -9999, 63, 20, 71, 63, 23, -9999, -9999, 38, 29, -9999, 100, 14, 11, 71, -9999, -9999, -9999, -9999, -9999, -9999, -9999, 18, 32, 3, -9999, 74, -9999, 31],
[96, -9999, -9999, -9999, -9999, -9999, -9999, -9999, -9999, -9999, 65, -9999, -9999, -9999, -9999, -9999, 44, -9999, -9999, -9999, -9999, -9999, -9999, 18, -9999, 63, 45, -9999, -9999, -9999, -9999, -9999, -9999, -9999, -9999, 66, 68, 21, -9999, -9999, 57, -9999, 45, -9999, -9999, -9999, 63, -9999, 65, 96, 33, 68, 70, -9999, 19, 29, 53, -9999, -9999, 67, 78, 99, -9999, 80, -9999, 45, -9999, 69, -9999, -9999, -9999, -9999, 10, -9999, 94, 67, 75, -9999, -9999, 26, 38, -9999, 26, 32, 69, 18, -9999, -9999, -9999, 83, -9999, -9999, -9999, 49, 58, 9, 81, 81, 42, 3],
[-9999, -9999, -9999, -9999, -9999, -9999, -9999, -9999, -9999, -9999, -9999, -9999, 49, -9999, -9999, -9999, 68, -9999, -9999, -9999, 29, -9999, -9999, -9999, -9999, -9999, -9999, -9999, -9999, -9999, -9999, -9999, -9999, -9999, -9999, -9999, -9999, -9999, -9999, -9999, -9999, -9999, -9999, -9999, -9999, -9999, -9999, -9999, -9999, -9999, -9999, -9999, -9999, -9999, -9999, -9999, -9999, -9999, -9999, -9999, -9999, -9999, -9999, -9999, -9999, -9999, -9999, -9999, -9999, -9999, -9999, -9999, -9999, -9999, -9999, -9999, -9999, -9999, -9999, -9999, -9999, -9999, -9999, -9999, -9999, -9999, -9999, -9999, -9999, -9999, -9999, -9999, -9999, 19, -9999, -9999, -9999, -9999, -9999, -9999],
[78, -9999, -9999, -9999, -9999, -9999, -9999, -9999, -9999, -9999, -9999, -9999, -9999, -9999, -9999, -9999, -9999, 67, -9999, -9999, -9999, -9999, -9999, -9999, -9999, -9999, -9999, -9999, -9999, -9999, 31, -9999, -9999, -9999, -9999, -9999, -9999, -9999, -9999, -9999, -9999, -9999, -9999, -9999, -9999, -9999, 87, -9999, 77, -9999, -9999, -9999, -9999, -9999, 10, 9, -9999, -9999, -9999, -9999, 10, -9999, -9999, 52, -9999, -9999, -9999, -9999, -9999, -9999, 64, -9999, -9999, 69, 2, -9999, 60, 32, -9999, 46, -9999, -9999, -9999, -9999, -9999, -9999, -9999, -9999, -9999, -9999, -9999, -9999, -9999, -9999, 8, -9999, -9999, -9999, -9999, -9999],
[-9999, -9999, -9999, -9999, -9999, -9999, -9999, -9999, -9999, -9999, -9999, -9999, -9999, -9999, -9999, -9999, -9999, -9999, -9999, -9999, -9999, -9999, -9999, -9999, -9999, -9999, -9999, -9999, -9999, -9999, 49, -9999, -9999, -9999, -9999, 11, 24, -9999, -9999, -9999, -9999, -9999, -9999, -9999, 94, -9999, 21, -9999, 98, -9999, -9999, -9999, -9999, -9999, 70, 4, -9999, -9999, 15, -9999, 41, -9999, 6, 100, -9999, 34, 43, -9999, -9999, -9999, -9999, -9999, -9999, 87, -9999, -9999, 61, -9999, -9999, 1, -9999, -9999, -9999, -9999, -9999, -9999, -9999, -9999, -9999, -9999, -9999, -9999, -9999, -9999, 8, -9999, -9999, -9999, -9999, -9999],
[7, -9999, -9999, -9999, -9999, -9999, -9999, -9999, -9999, -9999, -9999, -9999, -9999, -9999, -9999, -9999, -9999, -9999, 48, -9999, -9999, -9999, -9999, -9999, -9999, 3, -9999, -9999, -9999, -9999, 26, -9999, -9999, -9999, -9999, 26, 53, -9999, -9999, -9999, -9999, -9999, -9999, -9999, 2, -9999, -9999, -9999, 94, -9999, -9999, -9999, -9999, -9999, 14, 91, -9999, -9999, 30, -9999, 19, -9999, -9999, 22, -9999, -9999, -9999, -9999, -9999, -9999, -9999, -9999, -9999, 63, -9999, -9999, 33, -9999, -9999, 5, -9999, -9999, -9999, -9999, -9999, -9999, -9999, -9999, -9999, 38, -9999, -9999, -9999, -9999, -9999, -9999, -9999, -9999, -9999, -9999],
[-9999, -9999, -9999, -9999, -9999, -9999, 4, -9999, -9999, -9999, 79, -9999, 81, 3, -9999, -9999, 89, 2, -9999, -9999, 32, 17, -9999, 12, 15, -9999, 63, -9999, -9999, -9999, 20, -9999, -9999, 52, -9999, 31, 54, -9999, -9999, -9999, -9999, -9999, 51, -9999, 82, -9999, -9999, 72, 88, 67, 93, -9999, -9999, -9999, 27, 11, 30, 38, 25, -9999, 97, -9999, 89, 25, -9999, -9999, 83, 28, -9999, -9999, 78, -9999, 89, -9999, 30, 66, 37, -9999, -9999, -9999, 48, -9999, 88, -9999, 65, -9999, -9999, 14, -9999, 44, -9999, -9999, 87, 87, 23, 8, -9999, 90, 15, 22],
[15, -9999, 84, -9999, -9999, -9999, -9999, -9999, -9999, -9999, 52, -9999, -9999, -9999, 26, -9999, 84, -9999, 95, -9999, 18, -9999, -9999, 42, -9999, 9, 34, -9999, -9999, -9999, -9999, -9999, 44, 100, -9999, -9999, 21, -9999, 65, -9999, -9999, 48, -9999, -9999, 32, -9999, -9999, 4, 27, -9999, 42, 9, 72, -9999, 34, 54, 48, 77, -9999, -9999, 67, 10, 20, 77, 69, -9999, 84, 8, -9999, -9999, -9999, -9999, -9999, -9999, 13, 5, 97, -9999, -9999, -9999, 21, -9999, 96, 78, 94, -9999, -9999, -9999, -9999, 71, -9999, -9999, -9999, 53, -9999, 12, 53, 29, 96, 97],
[-9999, -9999, -9999, -9999, -9999, 23, 35, 67, -9999, -9999, 24, -9999, -9999, -9999, -9999, 67, 18, 45, 82, -9999, 38, 80, -9999, -9999, 74, 17, -9999, -9999, -9999, 60, 83, 72, -9999, 46, 34, -9999, -9999, 84, -9999, -9999, 11, -9999, 84, 71, 4, -9999, -9999, -9999, 70, 66, 87, -9999, 88, -9999, 19, 22, 32, 11, 27, -9999, 57, -9999, -9999, 96, -9999, 83, -9999, 25, 3, -9999, -9999, 28, 98, -9999, -9999, -9999, -9999, 11, -9999, -9999, 95, -9999, -9999, 92, 95, 84, -9999, -9999, 55, -9999, -9999, -9999, 93, 74, 5, 70, -9999, 28, -9999, 36],
[92, 46, -9999, -9999, -9999, -9999, 81, 36, -9999, -9999, -9999, -9999, -9999, -9999, 41, -9999, 23, -9999, -9999, -9999, -9999, 91, -9999, 20, -9999, 24, -9999, -9999, -9999, -9999, -9999, -9999, -9999, -9999, -9999, 52, -9999, 38, 17, -9999, -9999, -9999, -9999, -9999, -9999, -9999, 38, 35, 23, 34, 32, 29, 98, -9999, 18, 42, 84, 10, 58, 32, 35, -9999, -9999, 31, -9999, 75, -9999, 97, 84, 65, -9999, 19, 94, 18, -9999, 88, -9999, -9999, -9999, -9999, 93, -9999, 2, 20, -9999, 23, -9999, -9999, -9999, 35, -9999, 40, -9999, 2, -9999, 26, -9999, 54, 49, 24],
[53, 3, -9999, 48, 5, -9999, 17, 38, -9999, -9999, 51, -9999, 95, 5, 16, -9999, 20, -9999, -9999, -9999, -9999, 44, -9999, 99, 29, -9999, 88, -9999, -9999, -9999, 7, 3, -9999, -9999, -9999, 55, 45, 77, 84, -9999, 51, 57, 1, -9999, 91, -9999, 71, 31, 50, 69, 66, 62, 85, -9999, 15, 36, 81, -9999, 92, -9999, 69, -9999, 82, 87, -9999, -9999, 18, 14, -9999, 90, -9999, 67, -9999, 8, 70, -9999, -9999, -9999, -9999, -9999, 17, -9999, 34, 6, 34, -9999, 65, 79, 23, 46, -9999, -9999, 5, 51, 28, 98, -9999, 57, 43, 17],
[87, -9999, -9999, -9999, -9999, -9999, -9999, -9999, -9999, -9999, -9999, -9999, -9999, -9999, -9999, 32, 21, -9999, -9999, -9999, -9999, -9999, 31, -9999, -9999, 76, -9999, 69, -9999, 63, -9999, -9999, -9999, 58, -9999, -9999, 1, 43, -9999, -9999, 39, 92, 88, -9999, 39, -9999, 76, 26, 36, -9999, 43, -9999, 95, -9999, 20, 54, 90, 87, 96, -9999, 91, 54, 28, 82, -9999, -9999, 69, 14, 22, -9999, -9999, -9999, 80, 39, -9999, 35, -9999, -9999, -9999, -9999, 86, -9999, 92, 67, -9999, -9999, -9999, -9999, -9999, 35, -9999, -9999, -9999, -9999, 81, 47, -9999, 73, -9999, 53],
[42, -9999, 59, -9999, -9999, -9999, 40, -9999, -9999, -9999, 18, -9999, 44, -9999, -9999, -9999, 25, 100, 10, -9999, 70, 34, -9999, -9999, -9999, 78, 76, -9999, 62, -9999, -9999, 52, -9999, 50, -9999, -9999, 67, 28, 28, -9999, 13, 32, 65, 56, -9999, -9999, 61, -9999, 45, -9999, 36, 34, -9999, -9999, 65, 91, 86, -9999, 55, -9999, 13, -9999, 25, 52, -9999, 99, 51, 27, -9999, -9999, 87, 79, 17, 84, -9999, 2, 46, -9999, -9999, -9999, 22, -9999, -9999, 16, 32, -9999, -9999, 44, -9999, -9999, -9999, -9999, -9999, 92, 85, 5, 94, 17, 19, -9999],
[-9999, -9999, 72, -9999, -9999, -9999, -9999, -9999, -9999, -9999, -9999, -9999, -9999, -9999, -9999, -9999, 67, -9999, 93, -9999, 37, -9999, -9999, 75, -9999, 18, 55, -9999, -9999, -9999, -9999, -9999, -9999, 10, -9999, -9999, 11, 56, -9999, -9999, 30, 15, 5, -9999, 31, -9999, -9999, 85, 19, -9999, 99, 85, -9999, -9999, 19, 91, 52, 83, -9999, -9999, 92, -9999, 39, 67, -9999, 9, 2, 68, 2, -9999, -9999, -9999, -9999, 62, 3, 95, -9999, -9999, -9999, -9999, 28, -9999, -9999, 72, -9999, 57, -9999, -9999, -9999, 66, -9999, -9999, -9999, 4, 37, 76, 76, 92, -9999, -9999],
[-9999, -9999, 88, -9999, -9999, -9999, -9999, 67, -9999, -9999, 97, -9999, 38, 9, -9999, -9999, -9999, 68, 30, 23, 44, 38, -9999, 94, -9999, 78, -9999, -9999, -9999, -9999, 78, -9999, -9999, 31, 100, 94, 94, -9999, -9999, -9999, -9999, 63, 17, -9999, 51, -9999, 36, 54, 59, 36, 53, 93, 23, -9999, 21, 26, 69, -9999, -9999, -9999, 82, -9999, 52, 61, -9999, -9999, 10, 85, 90, -9999, 41, 49, 47, -9999, -9999, 85, -9999, 95, 57, -9999, 53, -9999, -9999, 58, 33, 73, 94, 51, -9999, 57, -9999, -9999, 39, 44, 74, 49, -9999, 57, 75, 5],
[19, -9999, -9999, -9999, -9999, -9999, 20, 30, -9999, -9999, -9999, -9999, 58, 45, -9999, 12, 85, 30, 12, 5, 95, 60, -9999, 8, 45, 51, -9999, -9999, -9999, -9999, 93, 4, -9999, -9999, -9999, 6, -9999, 69, 38, -9999, 21, -9999, -9999, -9999, 33, -9999, -9999, 99, 74, 60, 99, -9999, 71, -9999, 19, 24, 64, 100, 73, -9999, 53, -9999, 73, 87, -9999, 48, -9999, 63, 48, -9999, -9999, 41, 18, 64, 51, 92, -9999, 24, -9999, 79, -9999, -9999, -9999, -9999, 6, 19, -9999, 100, 1, -9999, -9999, -9999, 10, 66, 97, 22, -9999, 13, 15, 70],
[-9999, -9999, -9999, -9999, -9999, -9999, -9999, -9999, -9999, -9999, -9999, -9999, -9999, -9999, -9999, -9999, -9999, -9999, 66, -9999, -9999, -9999, 63, -9999, -9999, -9999, 16, -9999, -9999, 99, 48, -9999, -9999, -9999, -9999, 6, -9999, -9999, -9999, -9999, -9999, -9999, -9999, -9999, -9999, -9999, -9999, -9999, 95, -9999, -9999, -9999, -9999, -9999, 51, 75, -9999, -9999, -9999, -9999, 51, -9999, -9999, 28, -9999, 40, -9999, -9999, -9999, -9999, -9999, -9999, -9999, 31, 66, -9999, 99, -9999, -9999, -9999, -9999, -9999, -9999, -9999, -9999, -9999, -9999, -9999, -9999, 35, -9999, -9999, -9999, -9999, 69, -9999, -9999, -9999, -9999, -9999],
[-9999, -9999, -9999, -9999, -9999, -9999, -9999, -9999, -9999, -9999, -9999, -9999, -9999, -9999, -9999, -9999, -9999, -9999, 8, -9999, -9999, -9999, -9999, -9999, -9999, 44, 88, -9999, -9999, -9999, -9999, -9999, -9999, -9999, 58, -9999, -9999, -9999, -9999, -9999, -9999, -9999, -9999, -9999, -9999, -9999, 14, -9999, 83, -9999, -9999, -9999, -9999, -9999, 7, 77, -9999, -9999, -9999, -9999, 51, -9999, -9999, 34, -9999, -9999, 82, -9999, -9999, -9999, -9999, -9999, -9999, -9999, 24, -9999, 65, -9999, -9999, -9999, -9999, -9999, -9999, -9999, -9999, -9999, -9999, -9999, -9999, 58, -9999, -9999, -9999, -9999, 17, -9999, -9999, -9999, -9999, -9999],
[-9999, -9999, -9999, -9999, -9999, -9999, -9999, -9999, 21, -9999, -9999, -9999, 65, -9999, -9999, -9999, 51, -9999, -9999, -9999, 55, -9999, -9999, -9999, -9999, -9999, -9999, -9999, -9999, -9999, -9999, -9999, -9999, 85, -9999, -9999, -9999, -9999, -9999, -9999, -9999, -9999, -9999, -9999, -9999, -9999, -9999, -9999, -9999, -9999, -9999, -9999, -9999, -9999, -9999, -9999, -9999, -9999, -9999, -9999, -9999, -9999, -9999, -9999, -9999, -9999, -9999, -9999, -9999, -9999, -9999, -9999, -9999, -9999, -9999, -9999, -9999, -9999, -9999, -9999, -9999, -9999, -9999, -9999, -9999, 29, -9999, -9999, -9999, -9999, -9999, -9999, -9999, 76, -9999, -9999, -9999, -9999, -9999, -9999],
[83, -9999, 66, -9999, -9999, -9999, -9999, -9999, -9999, -9999, 43, -9999, 4, -9999, -9999, 17, 69, -9999, -9999, -9999, -9999, -9999, -9999, 46, -9999, 9, 57, -9999, -9999, -9999, 1, -9999, -9999, -9999, 53, -9999, 70, -9999, -9999, -9999, -9999, 99, 82, -9999, -9999, -9999, 48, 81, 53, 83, 74, -9999, -9999, -9999, 61, 45, 14, 85, 24, -9999, 19, -9999, 92, 1, -9999, 39, 90, 29, 39, -9999, -9999, -9999, 99, 94, 44, 78, 41, -9999, -9999, -9999, 70, -9999, 7, 67, -9999, -9999, -9999, -9999, -9999, -9999, 62, -9999, -9999, 29, 19, 5, -9999, 7, 4, -9999],
[-9999, -9999, -9999, -9999, -9999, -9999, -9999, -9999, -9999, -9999, -9999, -9999, -9999, 29, -9999, -9999, -9999, 55, 3, -9999, -9999, -9999, -9999, -9999, -9999, 34, 30, -9999, -9999, -9999, 45, -9999, -9999, -9999, -9999, -9999, 76, -9999, -9999, -9999, -9999, -9999, -9999, -9999, -9999, -9999, 26, -9999, 29, -9999, -9999, -9999, -9999, -9999, 21, 35, -9999, -9999, 84, -9999, 56, -9999, -9999, 28, -9999, 20, 71, -9999, -9999, -9999, 90, 86, -9999, 75, 28, -9999, 1, 91, -9999, -9999, -9999, -9999, -9999, -9999, -9999, -9999, -9999, -9999, 34, 51, -9999, -9999, 8, -9999, -9999, -9999, -9999, -9999, -9999, -9999],
[36, -9999, -9999, -9999, -9999, -9999, -9999, -9999, -9999, -9999, -9999, -9999, 3, -9999, 96, 85, 31, -9999, 61, -9999, 64, -9999, 70, -9999, -9999, -9999, 88, -9999, -9999, 57, 37, -9999, -9999, 88, -9999, 9, 34, 39, 75, -9999, -9999, -9999, 89, -9999, -9999, 82, -9999, 72, 12, 86, 84, -9999, 70, -9999, 78, 98, 80, 80, 71, -9999, 15, -9999, 30, 56, -9999, -9999, -9999, 95, 19, -9999, -9999, -9999, 42, -9999, 38, -9999, -9999, -9999, -9999, -9999, 36, -9999, 14, -9999, -9999, -9999, -9999, -9999, -9999, 86, -9999, -9999, -9999, 10, 50, 3, -9999, 20, 6, 15],
[-9999, -9999, -9999, -9999, -9999, -9999, -9999, -9999, -9999, -9999, -9999, -9999, -9999, -9999, -9999, -9999, -9999, 71, 26, -9999, -9999, -9999, -9999, -9999, -9999, 4, -9999, -9999, -9999, -9999, -9999, -9999, -9999, -9999, -9999, 75, -9999, -9999, -9999, 96, -9999, -9999, -9999, -9999, 13, -9999, 97, -9999, 53, -9999, -9999, -9999, -9999, -9999, 9, 48, -9999, -9999, -9999, -9999, 36, -9999, 81, 17, -9999, -9999, 4, -9999, -9999, -9999, 88, 74, -9999, 100, 91, -9999, 35, 1, -9999, -9999, -9999, -9999, -9999, -9999, -9999, -9999, -9999, -9999, 22, 96, -9999, -9999, 55, -9999, -9999, -9999, -9999, -9999, -9999, -9999],
[57, -9999, 4, -9999, -9999, -9999, -9999, -9999, -9999, -9999, 62, -9999, -9999, -9999, -9999, -9999, 27, -9999, 87, -9999, -9999, -9999, -9999, 69, 6, 94, 63, -9999, -9999, -9999, 60, -9999, -9999, -9999, -9999, 56, 60, 82, -9999, 88, 80, 30, 18, -9999, -9999, -9999, 32, 63, 8, 84, 66, -9999, -9999, -9999, 24, 32, 64, -9999, 30, -9999, 31, -9999, 78, 68, -9999, -9999, 16, 48, -9999, -9999, -9999, -9999, -9999, -9999, -9999, -9999, 13, -9999, 15, 44, 83, -9999, -9999, -9999, -9999, -9999, -9999, -9999, -9999, -9999, -9999, -9999, -9999, 54, 24, 12, -9999, 43, 60, 36],
[12, -9999, -9999, -9999, -9999, -9999, -9999, -9999, -9999, -9999, -9999, -9999, -9999, -9999, -9999, -9999, -9999, -9999, -9999, -9999, -9999, -9999, -9999, -9999, -9999, 3, 82, -9999, -9999, -9999, 31, -9999, -9999, -9999, -9999, 11, -9999, -9999, -9999, -9999, -9999, -9999, -9999, -9999, -9999, -9999, -9999, -9999, 8, -9999, -9999, -9999, -9999, -9999, 38, 26, -9999, -9999, 71, -9999, 95, -9999, 71, 65, -9999, 97, -9999, -9999, -9999, -9999, -9999, -9999, -9999, 73, 53, -9999, 14, -9999, -9999, -9999, -9999, -9999, -9999, -9999, -9999, -9999, -9999, -9999, -9999, -9999, -9999, -9999, -9999, -9999, 96, -9999, -9999, -9999, -9999, -9999],
[-9999, -9999, -9999, -9999, -9999, -9999, -9999, -9999, -9999, -9999, -9999, -9999, -9999, -9999, -9999, -9999, -9999, -9999, -9999, -9999, -9999, -9999, -9999, -9999, -9999, 100, 51, -9999, -9999, -9999, 89, -9999, -9999, -9999, -9999, 17, 66, -9999, -9999, -9999, -9999, -9999, -9999, -9999, -9999, -9999, 5, -9999, 36, -9999, -9999, -9999, -9999, -9999, 86, 55, -9999, -9999, 94, -9999, 78, -9999, 53, 18, -9999, -9999, -9999, -9999, -9999, -9999, -9999, -9999, -9999, 70, -9999, -9999, 76, -9999, -9999, 69, -9999, -9999, -9999, -9999, -9999, -9999, -9999, -9999, -9999, 37, -9999, -9999, -9999, -9999, 33, -9999, -9999, -9999, -9999, -9999],
[-9999, -9999, -9999, -9999, -9999, -9999, -9999, -9999, -9999, -9999, -9999, -9999, -9999, -9999, -9999, -9999, -9999, -9999, 11, -9999, -9999, -9999, -9999, -9999, -9999, 5, -9999, -9999, -9999, -9999, 93, -9999, -9999, -9999, -9999, 53, 37, -9999, -9999, -9999, -9999, -9999, -9999, -9999, 98, -9999, -9999, -9999, 69, -9999, -9999, -9999, -9999, -9999, 88, 80, -9999, -9999, -9999, -9999, 23, -9999, 4, 6, -9999, 51, -9999, -9999, -9999, -9999, -9999, -9999, -9999, 79, 94, -9999, 13, -9999, -9999, -9999, -9999, -9999, -9999, -9999, -9999, -9999, -9999, -9999, -9999, 64, -9999, -9999, -9999, -9999, 53, -9999, -9999, -9999, -9999, -9999],
[91, -9999, -9999, -9999, -9999, -9999, -9999, -9999, -9999, -9999, -9999, -9999, -9999, -9999, -9999, -9999, -9999, -9999, 43, -9999, -9999, -9999, -9999, -9999, -9999, -9999, 90, -9999, -9999, -9999, 94, -9999, -9999, -9999, -9999, -9999, -9999, -9999, -9999, -9999, -9999, -9999, -9999, -9999, -9999, -9999, -9999, -9999, 25, -9999, -9999, -9999, -9999, -9999, 49, 89, -9999, -9999, 37, -9999, 77, -9999, 81, 2, -9999, -9999, 15, -9999, -9999, -9999, -9999, -9999, -9999, 7, 59, -9999, -9999, -9999, -9999, 32, -9999, -9999, -9999, -9999, -9999, -9999, -9999, -9999, -9999, 78, -9999, -9999, -9999, -9999, -9999, -9999, -9999, -9999, -9999, -9999],
[39, -9999, -9999, -9999, -9999, -9999, -9999, -9999, -9999, -9999, -9999, -9999, 84, -9999, -9999, -9999, 38, -9999, 53, 69, -9999, -9999, -9999, -9999, 100, 68, 56, -9999, -9999, -9999, 12, -9999, -9999, -9999, -9999, -9999, -9999, 8, -9999, -9999, -9999, 2, 13, -9999, 93, -9999, 15, -9999, 82, -9999, -9999, 57, -9999, -9999, 36, 11, 42, -9999, -9999, -9999, 23, -9999, -9999, 14, -9999, 78, 50, 55, -9999, -9999, -9999, -9999, 15, 23, 39, 26, -9999, -9999, -9999, 32, 41, -9999, 91, 38, 80, 23, -9999, -9999, -9999, -9999, -9999, -9999, -9999, -9999, -9999, 89, -9999, 66, 71, -9999],
[29, -9999, -9999, -9999, -9999, -9999, -9999, -9999, -9999, -9999, -9999, -9999, -9999, -9999, -9999, -9999, -9999, -9999, 35, -9999, -9999, -9999, 12, -9999, -9999, 2, -9999, -9999, -9999, -9999, -9999, -9999, 98, -9999, -9999, -9999, 25, -9999, -9999, -9999, -9999, -9999, -9999, -9999, 9, -9999, -9999, -9999, 18, -9999, -9999, -9999, -9999, -9999, 4, 59, -9999, -9999, 24, -9999, 84, -9999, 55, 13, -9999, 76, 83, -9999, -9999, -9999, -9999, -9999, -9999, 4, -9999, -9999, -9999, -9999, -9999, 56, -9999, -9999, -9999, -9999, -9999, -9999, -9999, -9999, -9999, 22, -9999, -9999, -9999, -9999, -9999, -9999, -9999, -9999, -9999, -9999],
[-9999, -9999, -9999, -9999, -9999, -9999, -9999, -9999, -9999, -9999, -9999, -9999, -9999, -9999, -9999, -9999, -9999, -9999, 74, -9999, -9999, -9999, -9999, -9999, -9999, -9999, 48, -9999, -9999, -9999, 87, -9999, -9999, -9999, -9999, 95, 34, -9999, -9999, 52, -9999, -9999, -9999, -9999, -9999, -9999, -9999, -9999, 22, -9999, -9999, -9999, -9999, -9999, 85, 28, -9999, -9999, 31, -9999, 74, -9999, 78, 83, -9999, 9, -9999, -9999, -9999, -9999, -9999, -9999, -9999, -9999, 26, -9999, 23, -9999, -9999, 15, -9999, -9999, -9999, -9999, -9999, -9999, -9999, -9999, -9999, 75, -9999, -9999, -9999, -9999, -9999, -9999, -9999, -9999, -9999, -9999],
[-9999, -9999, -9999, -9999, -9999, -9999, -9999, -9999, -9999, -9999, 85, -9999, 3, -9999, -9999, 32, 89, -9999, 82, -9999, -9999, -9999, -9999, 71, -9999, -9999, -9999, -9999, -9999, -9999, 60, -9999, -9999, -9999, -9999, -9999, 21, 33, 56, -9999, 34, -9999, 82, -9999, 83, -9999, 67, -9999, 82, 43, 25, 87, 65, -9999, 22, 86, 72, -9999, -9999, -9999, 97, -9999, -9999, 49, 55, -9999, 2, 13, -9999, -9999, -9999, -9999, 8, 13, -9999, -9999, -9999, -9999, -9999, 96, 22, -9999, 73, 13, 6, 97, -9999, -9999, -9999, 22, -9999, -9999, -9999, 46, -9999, 25, -9999, 41, 84, -9999],
[-9999, -9999, -9999, -9999, -9999, -9999, -9999, -9999, -9999, -9999, 7, 42, 12, -9999, 91, 21, 13, -9999, -9999, -9999, 14, -9999, -9999, -9999, 85, -9999, 36, -9999, -9999, -9999, 30, -9999, -9999, -9999, -9999, 28, 12, -9999, -9999, -9999, 2, 100, -9999, -9999, -9999, -9999, 99, 8, 1, 40, 61, -9999, 69, -9999, 99, 3, 41, -9999, 55, -9999, 93, 63, -9999, 42, -9999, 1, 39, 62, 77, -9999, -9999, -9999, -9999, 60, -9999, -9999, -9999, -9999, -9999, 82, 84, -9999, -9999, -9999, 24, 43, -9999, -9999, -9999, -9999, -9999, -9999, -9999, 84, 13, 75, -9999, -9999, 26, -9999],
[-9999, -9999, -9999, -9999, -9999, -9999, -9999, -9999, -9999, -9999, -9999, -9999, -9999, -9999, -9999, -9999, -9999, -9999, 90, -9999, -9999, -9999, -9999, -9999, -9999, -9999, 88, -9999, -9999, 85, -9999, -9999, -9999, -9999, -9999, -9999, 40, -9999, -9999, -9999, -9999, -9999, -9999, -9999, -9999, -9999, 4, -9999, 26, -9999, -9999, -9999, -9999, -9999, 12, 1, -9999, -9999, 91, -9999, 98, -9999, 49, 20, -9999, 54, -9999, -9999, -9999, -9999, -9999, -9999, -9999, 74, 77, -9999, -9999, -9999, -9999, 73, -9999, -9999, -9999, -9999, -9999, -9999, -9999, -9999, -9999, 55, -9999, -9999, -9999, -9999, 16, -9999, -9999, -9999, -9999, -9999],
[-9999, -9999, -9999, -9999, -9999, -9999, -9999, -9999, -9999, -9999, -9999, -9999, -9999, -9999, -9999, -9999, -9999, -9999, -9999, -9999, -9999, -9999, -9999, -9999, -9999, 68, -9999, -9999, -9999, -9999, -9999, -9999, 36, -9999, -9999, 13, 21, -9999, -9999, -9999, -9999, -9999, -9999, -9999, 72, -9999, 10, -9999, 99, -9999, -9999, -9999, -9999, -9999, 18, 49, -9999, -9999, 22, -9999, 80, -9999, 76, 24, -9999, 93, 83, -9999, -9999, -9999, -9999, -9999, -9999, -9999, -9999, -9999, -9999, -9999, -9999, -9999, -9999, -9999, -9999, -9999, -9999, -9999, -9999, -9999, -9999, -9999, -9999, -9999, -9999, -9999, 30, -9999, -9999, -9999, -9999, -9999]
];
