NbNodes = 100;
NbNDDs = 0;
NbPairs = 100;
NbTerminals = 0;
K = 0;
L = 102;
Wt = [
[-9999, -9999, 68, 80, -9999, -9999, -9999, -9999, -9999, -9999, -9999, 30, 88, -9999, -9999, 84, 32, -9999, -9999, 89, 34, -9999, -9999, 15, 95, -9999, 12, 30, -9999, -9999, 36, -9999, 24, -9999, -9999, -9999, -9999, 59, 64, 19, 88, -9999, 60, -9999, 69, 51, -9999, 30, 4, -9999, -9999, -9999, 88, -9999, -9999, 64, -9999, -9999, 52, -9999, 100, -9999, 96, 31, -9999, -9999, 21, 96, -9999, -9999, -9999, -9999, -9999, 78, 29, -9999, -9999, -9999, 12, -9999, -9999, 49, 96, 16, -9999, -9999, 28, -9999, 37, 3, -9999, -9999, 54, 61, -9999, -9999, -9999, -9999, 96, -9999],
[-9999, -9999, -9999, 88, -9999, -9999, -9999, -9999, -9999, -9999, -9999, -9999, -9999, -9999, -9999, -9999, 100, -9999, -9999, -9999, -9999, -9999, 68, -9999, 57, -9999, -9999, -9999, -9999, -9999, -9999, -9999, 90, -9999, -9999, -9999, -9999, -9999, 85, -9999, -9999, -9999, 11, -9999, 37, -9999, -9999, -9999, -9999, -9999, -9999, -9999, -9999, -9999, -9999, 64, 54, 14, -9999, -9999, -9999, -9999, 63, -9999, -9999, -9999, -9999, -9999, -9999, -9999, 74, -9999, 12, -9999, -9999, -9999, 41, -9999, -9999, 8, -9999, -9999, -9999, -9999, 5, -9999, -9999, -9999, -9999, -9999, -9999, -9999, -9999, -9999, -9999, -9999, 67, -9999, -9999, 51],
[-9999, -9999, -9999, 76, -9999, -9999, -9999, -9999, -9999, -9999, -9999, 4, 25, -9999, 92, 65, -9999, -9999, 60, 86, 90, 94, -9999, 30, 34, -9999, -9999, -9999, -9999, -9999, -9999, 94, 96, 24, -9999, 37, -9999, -9999, 18, -9999, 46, -9999, 79, -9999, -9999, -9999, -9999, 76, -9999, 45, 92, 30, -9999, 23, -9999, -9999, 85, -9999, -9999, -9999, -9999, 53, 80, 72, -9999, 45, 18, 2, -9999, 27, -9999, -9999, 38, 22, 28, -9999, 55, -9999, -9999, 90, -9999, -9999, 59, -9999, 46, -9999, -9999, -9999, 92, 26, 63, -9999, 91, -9999, -9999, -9999, 34, -9999, 59, 96],
[-9999, -9999, -9999, -9999, -9999, -9999, -9999, -9999, -9999, -9999, -9999, -9999, -9999, -9999, -9999, -9999, 43, -9999, -9999, -9999, -9999, 50, 71, -9999, 13, -9999, -9999, -9999, -9999, -9999, -9999, -9999, -9999, 94, -9999, -9999, -9999, -9999, 33, 48, -9999, -9999, 42, -9999, -9999, -9999, -9999, -9999, -9999, -9999, -9999, -9999, -9999, -9999, -9999, -9999, 97, 32, -9999, -9999, -9999, -9999, 1, -9999, -9999, -9999, -9999, -9999, -9999, -9999, 64, -9999, -9999, -9999, -9999, -9999, 97, -9999, -9999, 98, -9999, -9999, -9999, -9999, 27, -9999, -9999, 46, -9999, 78, -9999, -9999, -9999, -9999, -9999, -9999, 66, -9999, -9999, -9999],
[-9999, -9999, 22, 60, -9999, 39, -9999, -9999, 17, -9999, -9999, 18, 80, -9999, -9999, -9999, 17, -9999, 72, 12, 85, -9999, -9999, -9999, -9999, -9999, -9999, -9999, -9999, -9999, -9999, -9999, 59, 93, -9999, 44, -9999, 45, 27, -9999, 41, -9999, 5, 44, -9999, -9999, -9999, -9999, -9999, -9999, 72, 79, 94, 5, -9999, 83, 50, -9999, 28, -9999, 69, -9999, 74, 100, -9999, 49, 74, -9999, -9999, 73, 7, -9999, 59, 76, 18, -9999, -9999, -9999, 17, -9999, -9999, -9999, -9999, -9999, -9999, -9999, -9999, 44, 33, -9999, -9999, 99, -9999, -9999, -9999, -9999, 6, -9999, -9999, 73],
[-9999, -9999, 20, 39, -9999, -9999, 75, -9999, 63, -9999, -9999, 19, -9999, -9999, 20, -9999, 93, -9999, -9999, 3, 46, -9999, 35, -9999, 24, -9999, 45, -9999, -9999, -9999, -9999, 80, 29, 92, -9999, 47, -9999, -9999, 1, 95, 24, -9999, 74, -9999, 93, 99, 68, 1, 10, 4, 15, -9999, 40, 8, -9999, -9999, 53, 60, -9999, -9999, -9999, -9999, 71, 1, -9999, 60, 40, 70, 27, -9999, -9999, -9999, -9999, -9999, -9999, -9999, 37, -9999, -9999, 85, -9999, -9999, -9999, 94, 44, -9999, 16, 17, 77, 42, 14, 81, -9999, -9999, 61, -9999, 61, 17, 89, -9999],
[-9999, -9999, -9999, -9999, -9999, -9999, -9999, -9999, -9999, -9999, -9999, -9999, -9999, -9999, -9999, -9999, -9999, -9999, -9999, -9999, -9999, -9999, -9999, -9999, -9999, -9999, -9999, -9999, -9999, -9999, -9999, -9999, -9999, -9999, -9999, -9999, -9999, -9999, -9999, -9999, -9999, -9999, -9999, -9999, -9999, -9999, -9999, -9999, -9999, -9999, -9999, -9999, -9999, -9999, -9999, -9999, -9999, -9999, -9999, -9999, -9999, -9999, -9999, -9999, -9999, -9999, -9999, -9999, -9999, -9999, -9999, -9999, -9999, -9999, -9999, -9999, -9999, -9999, -9999, -9999, -9999, -9999, -9999, -9999, -9999, -9999, -9999, -9999, -9999, -9999, -9999, -9999, -9999, -9999, -9999, -9999, -9999, -9999, -9999, -9999],
[73, -9999, -9999, 61, -9999, -9999, -9999, -9999, -9999, -9999, -9999, -9999, -9999, -9999, -9999, -9999, 48, 93, -9999, -9999, -9999, 56, 31, -9999, -9999, -9999, -9999, -9999, 24, -9999, -9999, -9999, 41, -9999, -9999, -9999, -9999, -9999, 71, -9999, -9999, -9999, 81, -9999, 1, -9999, -9999, -9999, -9999, -9999, -9999, -9999, -9999, -9999, -9999, 30, -9999, -9999, 56, -9999, -9999, -9999, 42, -9999, -9999, -9999, -9999, -9999, -9999, -9999, 37, -9999, -9999, -9999, -9999, -9999, -9999, -9999, -9999, -9999, -9999, -9999, -9999, -9999, -9999, -9999, -9999, -9999, -9999, 28, -9999, -9999, -9999, -9999, -9999, -9999, 75, -9999, -9999, 32],
[-9999, -9999, -9999, 35, -9999, -9999, -9999, -9999, -9999, -9999, -9999, -9999, -9999, -9999, -9999, -9999, -9999, -9999, -9999, -9999, -9999, 97, 75, -9999, -9999, -9999, -9999, -9999, -9999, -9999, -9999, -9999, -9999, 38, -9999, -9999, -9999, -9999, 31, 67, -9999, -9999, 74, -9999, -9999, -9999, -9999, 28, -9999, -9999, -9999, -9999, -9999, -9999, -9999, -9999, 48, 99, -9999, -9999, -9999, -9999, 29, -9999, -9999, 78, -9999, 86, -9999, -9999, -9999, -9999, -9999, -9999, -9999, 8, 52, -9999, -9999, -9999, -9999, -9999, -9999, -9999, -9999, -9999, -9999, 49, -9999, 8, -9999, -9999, 21, -9999, -9999, -9999, 73, -9999, -9999, -9999],
[-9999, -9999, -9999, -9999, -9999, -9999, -9999, -9999, -9999, -9999, -9999, -9999, -9999, -9999, -9999, -9999, -9999, -9999, -9999, -9999, -9999, -9999, -9999, -9999, -9999, -9999, -9999, -9999, -9999, -9999, -9999, -9999, -9999, -9999, -9999, -9999, -9999, -9999, -9999, -9999, -9999, -9999, -9999, -9999, -9999, -9999, -9999, -9999, -9999, -9999, -9999, -9999, -9999, 59, -9999, -9999, -9999, -9999, -9999, -9999, -9999, -9999, -9999, -9999, -9999, -9999, -9999, -9999, -9999, -9999, -9999, -9999, -9999, -9999, -9999, -9999, -9999, -9999, -9999, -9999, -9999, -9999, -9999, -9999, -9999, -9999, -9999, -9999, -9999, -9999, -9999, -9999, -9999, -9999, -9999, -9999, -9999, -9999, -9999, -9999],
[-9999, -9999, 11, 22, -9999, -9999, 42, -9999, 91, 63, -9999, 98, 63, -9999, -9999, 11, 87, -9999, 2, 61, 17, 93, 66, 70, 97, -9999, 27, 53, -9999, 79, 91, -9999, 17, -9999, -9999, 12, -9999, -9999, 10, -9999, 11, -9999, 56, 57, -9999, 25, -9999, -9999, 32, -9999, -9999, 52, 25, -9999, -9999, 76, -9999, -9999, 43, -9999, 95, -9999, 90, 64, -9999, 99, -9999, -9999, -9999, 19, -9999, -9999, -9999, 28, 90, -9999, -9999, -9999, 12, 19, 21, 99, 55, 13, 3, -9999, 79, 11, -9999, 91, 40, 78, 48, 82, 67, 48, 25, -9999, 79, -9999],
[-9999, -9999, -9999, 63, -9999, -9999, -9999, -9999, -9999, -9999, -9999, -9999, -9999, -9999, -9999, -9999, -9999, -9999, -9999, -9999, -9999, 61, 48, -9999, -9999, -9999, -9999, -9999, -9999, -9999, -9999, -9999, 73, -9999, -9999, -9999, -9999, -9999, 94, -9999, -9999, -9999, 46, -9999, 67, -9999, -9999, -9999, -9999, 94, -9999, -9999, -9999, -9999, -9999, 4, -9999, 27, -9999, -9999, -9999, -9999, 6, -9999, -9999, 78, -9999, 90, -9999, -9999, -9999, -9999, 72, -9999, -9999, -9999, 2, -9999, -9999, 33, -9999, -9999, -9999, -9999, 58, -9999, -9999, 58, -9999, 84, -9999, -9999, 63, -9999, -9999, -9999, 93, -9999, -9999, 94],
[-9999, -9999, 73, 32, -9999, 97, -9999, -9999, 89, 94, -9999, 51, -9999, -9999, 34, -9999, 98, -9999, -9999, -9999, -9999, 5, 49, 65, 8, -9999, 38, 26, -9999, -9999, 67, -9999, 83, 6, -9999, 68, -9999, -9999, 1, -9999, 29, -9999, 3, 5, 27, 99, -9999, -9999, 97, -9999, 99, -9999, 52, 77, -9999, -9999, -9999, 86, -9999, -9999, 86, 54, 5, 6, -9999, -9999, -9999, 71, -9999, -9999, 60, 33, 58, -9999, -9999, -9999, 60, -9999, 1, 79, 14, 10, -9999, 22, 22, -9999, 89, 52, 46, 20, -9999, -9999, -9999, 30, -9999, -9999, -9999, -9999, 39, 73],
[-9999, -9999, -9999, 47, -9999, -9999, -9999, -9999, -9999, -9999, -9999, -9999, -9999, -9999, -9999, -9999, -9999, -9999, -9999, -9999, -9999, -9999, 10, -9999, -9999, -9999, -9999, -9999, -9999, -9999, -9999, -9999, 26, 47, -9999, -9999, -9999, -9999, 40, -9999, -9999, -9999, 36, -9999, 53, -9999, -9999, 42, -9999, 28, -9999, -9999, -9999, -9999, -9999, 98, 13, 90, 96, -9999, -9999, -9999, 27, -9999, -9999, -9999, -9999, 17, -9999, -9999, -9999, -9999, -9999, -9999, -9999, -9999, 46, -9999, -9999, 64, -9999, -9999, -9999, -9999, -9999, -9999, -9999, 63, -9999, 17, -9999, -9999, 75, -9999, -9999, -9999, -9999, -9999, -9999, 51],
[-9999, -9999, 37, 66, -9999, 57, -9999, 53, 59, -9999, -9999, 11, 45, -9999, -9999, 64, 3, -9999, 48, 3, 49, 68, 96, 33, 14, -9999, -9999, -9999, -9999, -9999, 51, -9999, -9999, 55, -9999, -9999, -9999, -9999, 40, -9999, 77, -9999, 96, 82, -9999, -9999, -9999, -9999, -9999, 51, 4, 26, -9999, 11, -9999, -9999, -9999, -9999, -9999, -9999, -9999, 43, 14, 53, -9999, 82, 69, 3, -9999, -9999, 9, -9999, 61, 94, -9999, -9999, -9999, -9999, 71, -9999, -9999, -9999, -9999, -9999, 35, -9999, 53, 82, 97, 7, 16, 54, -9999, -9999, -9999, -9999, -9999, -9999, -9999, 4],
[-9999, -9999, -9999, 72, -9999, -9999, -9999, -9999, -9999, -9999, -9999, -9999, -9999, -9999, -9999, -9999, -9999, -9999, -9999, -9999, -9999, -9999, 96, -9999, 54, -9999, -9999, -9999, -9999, -9999, -9999, -9999, -9999, -9999, -9999, -9999, -9999, -9999, 56, -9999, -9999, -9999, 39, -9999, -9999, -9999, -9999, 7, -9999, 13, -9999, -9999, -9999, -9999, -9999, 65, -9999, 12, 83, -9999, -9999, -9999, 5, -9999, -9999, -9999, -9999, 99, -9999, -9999, -9999, -9999, -9999, -9999, -9999, -9999, -9999, -9999, -9999, 27, -9999, -9999, -9999, -9999, -9999, -9999, -9999, -9999, -9999, -9999, -9999, -9999, 89, -9999, -9999, -9999, -9999, -9999, -9999, -9999],
[-9999, -9999, 90, 92, -9999, 81, 51, -9999, 28, -9999, -9999, -9999, 84, 91, 8, 97, -9999, -9999, 9, 20, -9999, -9999, -9999, 60, 21, -9999, 10, -9999, -9999, -9999, 5, -9999, 41, -9999, -9999, 91, -9999, -9999, 21, -9999, 76, -9999, 53, 50, 81, 12, -9999, 94, -9999, 95, 14, 39, 62, 30, 88, 96, -9999, -9999, 59, -9999, -9999, 41, 17, 10, -9999, 94, 15, -9999, 3, -9999, 32, -9999, -9999, -9999, -9999, 87, -9999, -9999, -9999, -9999, -9999, -9999, -9999, -9999, -9999, -9999, 16, -9999, 89, -9999, 15, 16, -9999, -9999, -9999, -9999, -9999, -9999, 61, 7],
[-9999, -9999, -9999, -9999, -9999, -9999, -9999, -9999, -9999, -9999, -9999, -9999, -9999, -9999, -9999, -9999, -9999, -9999, -9999, -9999, -9999, -9999, -9999, -9999, -9999, -9999, -9999, -9999, -9999, -9999, -9999, -9999, -9999, -9999, -9999, -9999, -9999, -9999, -9999, -9999, -9999, -9999, -9999, -9999, -9999, -9999, -9999, -9999, -9999, -9999, -9999, -9999, -9999, -9999, -9999, -9999, -9999, -9999, -9999, -9999, -9999, -9999, -9999, -9999, -9999, -9999, -9999, -9999, -9999, -9999, -9999, -9999, -9999, -9999, -9999, -9999, -9999, -9999, -9999, -9999, -9999, -9999, -9999, -9999, -9999, -9999, -9999, -9999, -9999, -9999, -9999, -9999, -9999, -9999, -9999, -9999, -9999, -9999, -9999, -9999],
[-9999, -9999, 83, 27, -9999, -9999, -9999, -9999, -9999, -9999, -9999, 48, -9999, -9999, 91, -9999, -9999, -9999, -9999, 92, -9999, -9999, 62, 8, -9999, -9999, -9999, -9999, -9999, -9999, 1, -9999, -9999, -9999, -9999, -9999, -9999, -9999, 52, 66, 40, -9999, 40, -9999, 62, -9999, -9999, 38, -9999, 51, 58, 79, -9999, 85, -9999, 36, -9999, -9999, -9999, -9999, 42, -9999, 16, -9999, -9999, 57, 58, 51, -9999, 95, 9, -9999, -9999, 70, -9999, -9999, 86, -9999, 3, -9999, -9999, -9999, -9999, -9999, 28, -9999, 31, 36, 85, -9999, 51, -9999, 94, -9999, -9999, -9999, 47, -9999, -9999, -9999],
[-9999, -9999, 36, 51, 34, 61, -9999, -9999, -9999, -9999, -9999, 6, 45, -9999, 25, -9999, 14, -9999, 66, -9999, -9999, -9999, -9999, 72, -9999, -9999, -9999, -9999, -9999, -9999, -9999, 43, -9999, -9999, -9999, -9999, -9999, 2, 19, 4, 37, -9999, 94, -9999, 51, -9999, 70, -9999, -9999, 8, 99, 64, 31, 8, -9999, 82, 23, 34, -9999, -9999, -9999, -9999, 52, 46, -9999, -9999, 97, -9999, -9999, 39, 78, -9999, 87, 88, 68, -9999, 87, 32, 51, -9999, -9999, -9999, 36, -9999, -9999, -9999, 41, 57, 30, 98, 54, 16, 41, -9999, -9999, -9999, -9999, -9999, 30, 43],
[22, -9999, -9999, 72, -9999, -9999, -9999, -9999, -9999, -9999, -9999, -9999, -9999, -9999, -9999, -9999, -9999, -9999, -9999, -9999, -9999, 52, 15, -9999, 2, -9999, -9999, -9999, -9999, -9999, -9999, -9999, -9999, 77, -9999, -9999, -9999, -9999, 42, -9999, -9999, -9999, 95, -9999, 69, -9999, -9999, 29, -9999, 82, -9999, -9999, -9999, -9999, -9999, 95, 11, -9999, 57, -9999, -9999, -9999, 45, -9999, -9999, 90, -9999, 36, -9999, -9999, -9999, -9999, -9999, -9999, -9999, -9999, -9999, -9999, -9999, -9999, -9999, -9999, -9999, -9999, -9999, -9999, -9999, 61, -9999, -9999, -9999, -9999, 85, -9999, -9999, -9999, -9999, -9999, -9999, -9999],
[-9999, -9999, -9999, 11, -9999, 63, -9999, -9999, -9999, -9999, -9999, 29, 1, -9999, -9999, 46, -9999, -9999, 59, 22, -9999, -9999, 73, -9999, 22, -9999, -9999, -9999, 3, -9999, -9999, 41, 64, 79, -9999, 8, -9999, -9999, 25, -9999, 95, -9999, 64, 92, 64, -9999, -9999, 78, -9999, 85, -9999, -9999, -9999, 20, -9999, 81, -9999, 10, -9999, -9999, 83, -9999, 23, -9999, -9999, 65, 66, -9999, -9999, 47, 78, -9999, 22, 95, 85, -9999, 74, -9999, 10, 93, -9999, -9999, -9999, -9999, 48, -9999, 21, 82, 51, 35, 44, 65, 89, -9999, -9999, -9999, -9999, -9999, 36, 8],
[18, -9999, -9999, 43, -9999, -9999, -9999, -9999, -9999, -9999, -9999, -9999, -9999, -9999, -9999, -9999, 50, -9999, -9999, -9999, -9999, 99, -9999, -9999, 19, -9999, -9999, -9999, -9999, -9999, -9999, -9999, -9999, -9999, -9999, -9999, -9999, -9999, 95, -9999, -9999, -9999, 14, -9999, 6, -9999, -9999, -9999, -9999, -9999, -9999, -9999, -9999, -9999, -9999, 21, 71, -9999, 52, -9999, -9999, -9999, 21, -9999, -9999, 100, -9999, -9999, -9999, -9999, 48, -9999, 5, -9999, -9999, -9999, -9999, -9999, -9999, -9999, -9999, -9999, -9999, -9999, -9999, -9999, -9999, -9999, -9999, 45, -9999, -9999, -9999, -9999, -9999, -9999, 34, -9999, -9999, -9999],
[-9999, -9999, -9999, 1, 82, -9999, -9999, -9999, 62, -9999, 12, -9999, -9999, -9999, 89, -9999, 40, -9999, -9999, 30, -9999, 86, 84, -9999, -9999, -9999, -9999, -9999, -9999, -9999, 30, -9999, -9999, -9999, -9999, 43, -9999, -9999, 89, 59, 22, -9999, 92, 98, 53, -9999, -9999, -9999, -9999, 52, -9999, 40, 61, 78, -9999, 66, -9999, 51, 6, -9999, 66, 57, 66, 74, -9999, -9999, 42, 3, -9999, -9999, 24, -9999, 12, 19, 81, -9999, 48, -9999, 14, 70, -9999, -9999, -9999, -9999, -9999, 2, 1, -9999, 97, -9999, 20, 17, 40, -9999, -9999, -9999, 49, -9999, 72, 86],
[-9999, -9999, 99, 16, -9999, -9999, -9999, -9999, -9999, -9999, -9999, 45, 87, -9999, -9999, -9999, 86, -9999, 83, 81, 92, 75, -9999, 43, -9999, 31, -9999, -9999, -9999, -9999, 41, -9999, -9999, -9999, -9999, 1, -9999, -9999, 65, 26, 75, -9999, 35, 92, -9999, -9999, -9999, -9999, -9999, 54, -9999, -9999, 29, 64, -9999, -9999, 16, -9999, 9, 95, -9999, 92, 66, -9999, -9999, 22, 89, 35, -9999, 4, 86, -9999, -9999, 51, 10, -9999, -9999, -9999, 35, -9999, -9999, -9999, -9999, -9999, -9999, -9999, 36, -9999, 32, -9999, 49, 95, 69, -9999, -9999, -9999, -9999, -9999, 57, -9999],
[-9999, -9999, 13, 85, -9999, 88, -9999, -9999, 85, -9999, -9999, -9999, 73, -9999, -9999, -9999, 26, -9999, -9999, 100, -9999, 56, 66, -9999, -9999, -9999, -9999, -9999, -9999, -9999, 91, -9999, -9999, -9999, -9999, 94, -9999, -9999, 97, -9999, 31, -9999, 59, 1, 77, -9999, -9999, -9999, -9999, -9999, 93, -9999, 56, 10, -9999, 51, 2, -9999, 21, -9999, 60, 12, 31, 72, -9999, 58, 96, 95, -9999, 77, 100, -9999, 66, -9999, 98, -9999, 11, -9999, -9999, 10, -9999, -9999, -9999, -9999, -9999, -9999, 86, -9999, 60, -9999, 30, 41, -9999, -9999, -9999, -9999, 96, -9999, -9999, -9999],
[-9999, -9999, -9999, -9999, -9999, -9999, -9999, -9999, -9999, -9999, -9999, -9999, -9999, -9999, -9999, -9999, 57, 71, -9999, -9999, -9999, 100, 42, -9999, -9999, -9999, -9999, -9999, -9999, -9999, -9999, -9999, 10, 39, -9999, -9999, -9999, -9999, 31, 92, -9999, -9999, 84, -9999, 53, -9999, -9999, 8, -9999, -9999, -9999, -9999, -9999, -9999, -9999, 41, 9, 51, -9999, -9999, -9999, -9999, 48, -9999, -9999, -9999, -9999, 91, -9999, -9999, 62, -9999, 54, -9999, -9999, -9999, 49, -9999, -9999, 52, -9999, -9999, -9999, -9999, 77, -9999, -9999, 79, -9999, 63, -9999, -9999, -9999, -9999, -9999, -9999, 16, -9999, -9999, 42],
[-9999, -9999, 78, 84, -9999, 63, -9999, -9999, 14, -9999, -9999, -9999, -9999, -9999, 43, -9999, -9999, -9999, -9999, -9999, 37, -9999, 15, -9999, 36, -9999, -9999, -9999, -9999, -9999, 2, -9999, -9999, 98, -9999, -9999, -9999, -9999, 83, 8, 24, -9999, 10, 53, 96, -9999, -9999, -9999, -9999, 29, 48, 36, -9999, 90, -9999, -9999, 78, -9999, 12, -9999, 78, -9999, 79, -9999, -9999, -9999, -9999, -9999, -9999, -9999, -9999, -9999, -9999, -9999, 43, -9999, 37, -9999, 21, 6, -9999, -9999, 78, -9999, 36, 78, -9999, -9999, 36, 30, 16, 49, 77, -9999, -9999, -9999, -9999, -9999, -9999, -9999],
[-9999, -9999, -9999, 75, -9999, -9999, -9999, -9999, -9999, -9999, -9999, -9999, -9999, -9999, -9999, -9999, 14, -9999, -9999, -9999, -9999, 70, -9999, -9999, -9999, -9999, 32, -9999, -9999, 68, -9999, -9999, 46, 51, -9999, -9999, -9999, -9999, 3, 69, -9999, -9999, 79, -9999, 17, -9999, -9999, -9999, 4, -9999, -9999, -9999, -9999, -9999, 9, 84, -9999, 94, 94, -9999, -9999, -9999, 9, -9999, -9999, 17, -9999, 8, 4, -9999, -9999, -9999, -9999, -9999, -9999, 40, 90, -9999, -9999, 32, -9999, -9999, -9999, -9999, 32, -9999, -9999, 44, -9999, 79, -9999, -9999, -9999, -9999, 28, -9999, -9999, -9999, -9999, 41],
[-9999, -9999, -9999, -9999, -9999, -9999, -9999, -9999, -9999, -9999, -9999, -9999, -9999, -9999, -9999, -9999, -9999, -9999, 25, -9999, -9999, -9999, -9999, -9999, -9999, -9999, -9999, -9999, -9999, -9999, -9999, -9999, -9999, -9999, -9999, -9999, -9999, -9999, -9999, -9999, -9999, -9999, -9999, -9999, -9999, -9999, -9999, -9999, -9999, -9999, -9999, -9999, -9999, -9999, -9999, -9999, -9999, -9999, -9999, -9999, -9999, -9999, -9999, -9999, -9999, -9999, -9999, -9999, -9999, -9999, -9999, -9999, -9999, -9999, -9999, -9999, -9999, -9999, -9999, -9999, -9999, -9999, -9999, -9999, -9999, -9999, -9999, -9999, -9999, -9999, -9999, -9999, -9999, -9999, -9999, -9999, -9999, -9999, -9999, -9999],
[-9999, -9999, 58, 55, -9999, 94, -9999, -9999, 22, -9999, 46, -9999, -9999, -9999, 16, 97, 55, -9999, -9999, -9999, 80, 70, -9999, 92, 85, 20, 91, 91, -9999, -9999, -9999, 100, -9999, -9999, 97, -9999, -9999, -9999, 10, 68, 83, -9999, 74, 28, 57, 73, -9999, 60, 38, 95, 24, 47, -9999, 67, 20, 82, -9999, -9999, 2, -9999, 56, 30, 88, 57, -9999, 81, 31, -9999, 63, 14, 15, -9999, -9999, -9999, -9999, -9999, 100, -9999, -9999, -9999, -9999, 75, 73, 7, -9999, -9999, 23, 32, 28, -9999, 84, 89, 23, 46, -9999, -9999, 6, 34, 69, 86],
[-9999, -9999, -9999, 64, 46, -9999, -9999, -9999, -9999, -9999, -9999, -9999, -9999, -9999, -9999, -9999, -9999, -9999, -9999, -9999, -9999, 20, 16, -9999, 80, -9999, -9999, -9999, -9999, -9999, -9999, -9999, -9999, -9999, -9999, -9999, -9999, -9999, 72, -9999, -9999, -9999, 100, -9999, 70, -9999, -9999, -9999, -9999, 97, -9999, -9999, -9999, -9999, -9999, -9999, -9999, 80, 80, -9999, -9999, -9999, 44, -9999, -9999, 90, -9999, 18, -9999, -9999, 62, -9999, 13, -9999, -9999, -9999, 58, -9999, -9999, 56, -9999, -9999, -9999, -9999, -9999, -9999, -9999, 92, -9999, -9999, -9999, -9999, 89, -9999, -9999, -9999, 82, -9999, -9999, -9999],
[-9999, -9999, -9999, 3, -9999, -9999, -9999, -9999, -9999, -9999, -9999, -9999, -9999, -9999, -9999, -9999, -9999, -9999, -9999, -9999, -9999, -9999, 40, -9999, 31, -9999, -9999, -9999, -9999, -9999, -9999, -9999, -9999, -9999, 76, -9999, -9999, -9999, -9999, -9999, -9999, -9999, 80, -9999, -9999, -9999, -9999, 78, -9999, 39, -9999, -9999, -9999, -9999, -9999, 52, 45, 20, 90, -9999, -9999, -9999, 82, -9999, -9999, 10, -9999, -9999, -9999, -9999, 87, -9999, -9999, -9999, -9999, -9999, -9999, -9999, -9999, 67, -9999, -9999, -9999, -9999, -9999, -9999, -9999, 67, -9999, 90, -9999, -9999, 95, -9999, -9999, -9999, 81, -9999, -9999, 60],
[-9999, -9999, -9999, 17, 64, 12, -9999, -9999, 35, -9999, -9999, 33, -9999, -9999, 4, 42, 79, -9999, 89, 40, 87, 49, 26, -9999, -9999, -9999, -9999, -9999, -9999, -9999, 96, 70, 84, -9999, -9999, 91, -9999, -9999, 53, 96, 26, -9999, 36, 73, 5, -9999, -9999, -9999, -9999, 52, 65, -9999, -9999, -9999, -9999, -9999, 38, -9999, 56, -9999, 88, 14, 4, 70, 4, 52, -9999, -9999, -9999, -9999, 23, -9999, 27, -9999, -9999, -9999, -9999, -9999, 35, -9999, -9999, -9999, 57, -9999, -9999, -9999, 52, 23, 77, 79, -9999, -9999, 53, -9999, -9999, -9999, 39, -9999, 46, 87],
[-9999, -9999, 77, 76, -9999, 88, -9999, -9999, 39, -9999, 39, -9999, -9999, -9999, -9999, -9999, 32, -9999, 78, -9999, 19, -9999, -9999, 54, -9999, -9999, -9999, -9999, 52, -9999, 11, 83, 19, 54, -9999, 26, -9999, -9999, 30, 80, 20, -9999, 12, -9999, 84, -9999, -9999, -9999, -9999, -9999, -9999, 40, -9999, -9999, -9999, 44, 54, 54, -9999, -9999, 93, 88, 93, 75, -9999, 73, 77, -9999, -9999, 21, 69, -9999, 28, -9999, 36, -9999, -9999, -9999, -9999, -9999, -9999, -9999, 75, -9999, 26, -9999, -9999, -9999, 19, 81, -9999, 62, 70, -9999, -9999, -9999, -9999, -9999, -9999, -9999],
[-9999, -9999, -9999, 31, -9999, -9999, -9999, -9999, -9999, -9999, -9999, -9999, -9999, -9999, -9999, -9999, -9999, -9999, -9999, -9999, -9999, 48, 12, -9999, 59, -9999, -9999, -9999, -9999, -9999, -9999, -9999, 13, -9999, -9999, -9999, -9999, -9999, 94, -9999, -9999, -9999, 35, -9999, 85, -9999, -9999, 35, -9999, 7, -9999, -9999, -9999, -9999, -9999, 78, 87, -9999, 47, -9999, -9999, -9999, 15, -9999, 90, 42, -9999, 11, -9999, -9999, 6, -9999, -9999, -9999, -9999, 8, -9999, -9999, -9999, -9999, -9999, -9999, -9999, -9999, 100, -9999, -9999, 80, -9999, -9999, -9999, -9999, 9, -9999, -9999, -9999, 51, -9999, -9999, 31],
[-9999, -9999, -9999, 65, -9999, 60, -9999, 12, -9999, -9999, -9999, -9999, 40, -9999, 19, 60, 7, -9999, -9999, 70, 93, 50, 20, -9999, -9999, 20, -9999, -9999, -9999, -9999, 55, -9999, 92, 52, -9999, -9999, -9999, -9999, 74, -9999, 54, -9999, 50, -9999, -9999, -9999, -9999, -9999, -9999, -9999, 92, 65, -9999, -9999, -9999, -9999, -9999, 79, 30, -9999, -9999, 70, 37, -9999, 14, 76, 67, -9999, -9999, -9999, -9999, -9999, -9999, 20, 83, -9999, 98, -9999, -9999, -9999, -9999, -9999, -9999, -9999, 67, -9999, 39, 51, 86, -9999, 90, 92, 43, -9999, -9999, -9999, 97, -9999, -9999, 15],
[-9999, -9999, -9999, 93, -9999, -9999, -9999, -9999, -9999, -9999, -9999, -9999, -9999, -9999, -9999, -9999, -9999, -9999, -9999, -9999, -9999, -9999, -9999, -9999, 91, -9999, 14, -9999, -9999, 98, -9999, -9999, -9999, -9999, -9999, -9999, -9999, -9999, 68, 80, -9999, -9999, 91, -9999, 63, -9999, -9999, -9999, -9999, -9999, -9999, -9999, -9999, -9999, 42, 50, -9999, 45, 72, -9999, -9999, -9999, 37, -9999, -9999, 59, -9999, 98, 25, -9999, -9999, -9999, 17, -9999, -9999, 38, 26, -9999, -9999, 53, -9999, -9999, -9999, -9999, 40, -9999, -9999, 33, -9999, 94, -9999, -9999, -9999, -9999, 92, -9999, 27, -9999, -9999, -9999],
[-9999, -9999, -9999, 65, -9999, -9999, -9999, -9999, -9999, -9999, -9999, -9999, -9999, -9999, -9999, -9999, -9999, 35, -9999, -9999, -9999, 57, 94, -9999, 3, -9999, -9999, -9999, -9999, -9999, -9999, -9999, -9999, 33, -9999, -9999, -9999, -9999, -9999, 70, -9999, -9999, 7, -9999, 41, -9999, -9999, 26, -9999, 22, -9999, -9999, -9999, -9999, -9999, 2, 78, -9999, -9999, -9999, -9999, -9999, 10, -9999, -9999, 5, -9999, 15, -9999, -9999, 70, -9999, -9999, -9999, -9999, -9999, 68, -9999, -9999, 77, -9999, -9999, -9999, -9999, 30, -9999, -9999, -9999, -9999, -9999, -9999, -9999, -9999, -9999, -9999, -9999, 87, -9999, -9999, 63],
[-9999, -9999, 26, 10, -9999, 78, -9999, 36, -9999, -9999, -9999, 80, -9999, -9999, 98, 47, 36, -9999, -9999, 46, 3, -9999, -9999, -9999, 20, -9999, -9999, -9999, -9999, -9999, 84, 48, 67, 35, -9999, 66, -9999, -9999, 3, -9999, 11, -9999, 71, 5, -9999, -9999, 22, 69, -9999, -9999, 56, -9999, 6, -9999, -9999, 86, 96, 61, 89, -9999, -9999, -9999, 52, -9999, -9999, 63, -9999, -9999, -9999, 56, 94, -9999, 17, 33, 93, -9999, 42, -9999, 87, -9999, -9999, -9999, 92, -9999, 37, -9999, 93, -9999, 56, -9999, 13, 84, 43, -9999, -9999, -9999, 69, -9999, 24, 14],
[-9999, -9999, 27, 60, -9999, -9999, -9999, -9999, -9999, -9999, -9999, -9999, 16, -9999, 11, 29, 17, -9999, -9999, -9999, 11, -9999, -9999, -9999, -9999, -9999, -9999, -9999, -9999, -9999, 31, 44, 13, 38, -9999, -9999, -9999, -9999, 78, 46, -9999, -9999, 78, -9999, -9999, -9999, -9999, 40, -9999, 25, -9999, 73, 17, 9, -9999, 60, 40, -9999, -9999, -9999, 13, -9999, 48, 25, -9999, 83, 57, -9999, -9999, 97, 98, -9999, -9999, -9999, 12, -9999, 88, -9999, 76, -9999, -9999, -9999, 56, -9999, -9999, -9999, -9999, 95, 29, 48, 28, -9999, 98, -9999, -9999, -9999, 4, -9999, -9999, 24],
[-9999, -9999, -9999, 7, -9999, -9999, -9999, -9999, -9999, -9999, -9999, -9999, -9999, -9999, -9999, -9999, 58, -9999, -9999, -9999, -9999, 60, 63, -9999, 80, -9999, 73, -9999, -9999, -9999, -9999, -9999, -9999, 24, -9999, -9999, 95, -9999, 89, -9999, -9999, -9999, 81, -9999, -9999, -9999, -9999, 74, 20, -9999, -9999, -9999, -9999, -9999, 50, 13, 39, -9999, -9999, -9999, -9999, -9999, 69, -9999, -9999, 46, -9999, -9999, -9999, -9999, -9999, -9999, 57, -9999, -9999, -9999, -9999, -9999, -9999, 81, -9999, -9999, -9999, -9999, 51, -9999, -9999, 34, -9999, -9999, -9999, -9999, 98, -9999, 7, 46, -9999, -9999, -9999, -9999],
[-9999, -9999, 42, 11, -9999, -9999, -9999, -9999, -9999, -9999, -9999, 67, 26, -9999, -9999, -9999, 87, -9999, -9999, 69, 30, -9999, -9999, 15, 48, -9999, -9999, -9999, 60, -9999, 84, -9999, 52, -9999, -9999, 23, -9999, 10, 99, 48, 21, -9999, -9999, 86, -9999, -9999, -9999, 77, -9999, 43, 64, -9999, 53, 52, -9999, 11, -9999, -9999, 44, -9999, -9999, -9999, 54, 89, -9999, 76, 47, 91, -9999, -9999, 13, -9999, -9999, 12, 95, -9999, -9999, -9999, 72, -9999, -9999, -9999, -9999, -9999, -9999, -9999, 82, 17, 62, 82, 59, -9999, -9999, -9999, -9999, -9999, -9999, -9999, 62, -9999],
[37, -9999, -9999, 71, -9999, 32, -9999, -9999, -9999, -9999, -9999, -9999, 91, -9999, 82, -9999, 40, -9999, -9999, -9999, -9999, 77, 81, 100, 23, -9999, -9999, -9999, -9999, -9999, 12, 42, 88, -9999, -9999, 85, -9999, 92, -9999, 99, 24, -9999, 73, -9999, 38, -9999, -9999, 70, -9999, 27, -9999, 16, -9999, 51, -9999, -9999, 82, -9999, -9999, -9999, 31, 15, -9999, 83, -9999, 33, 11, -9999, -9999, -9999, -9999, -9999, -9999, 50, 49, -9999, 93, -9999, 1, 24, -9999, -9999, 16, -9999, 82, -9999, 98, -9999, 17, -9999, -9999, -9999, 41, -9999, -9999, -9999, -9999, -9999, 94, 22],
[95, -9999, -9999, 30, 17, -9999, -9999, -9999, -9999, -9999, -9999, -9999, -9999, -9999, -9999, -9999, 81, -9999, -9999, -9999, -9999, 80, 60, -9999, -9999, -9999, -9999, -9999, -9999, -9999, -9999, -9999, -9999, 12, 84, -9999, -9999, -9999, 74, 36, -9999, -9999, 92, -9999, -9999, -9999, -9999, -9999, -9999, 90, -9999, -9999, -9999, -9999, -9999, 8, 92, 70, 25, -9999, -9999, -9999, 29, -9999, -9999, -9999, -9999, 74, -9999, -9999, 13, -9999, -9999, -9999, -9999, -9999, -9999, -9999, -9999, 42, -9999, -9999, -9999, -9999, 64, -9999, -9999, 45, -9999, -9999, -9999, -9999, 80, -9999, -9999, -9999, -9999, -9999, -9999, 51],
[-9999, -9999, -9999, 20, -9999, -9999, -9999, -9999, 23, -9999, -9999, 40, 21, -9999, 92, 50, -9999, -9999, -9999, 20, -9999, -9999, 10, 38, 10, -9999, -9999, -9999, -9999, -9999, 74, -9999, 46, 46, -9999, 13, -9999, -9999, 25, 95, 37, -9999, 3, -9999, -9999, -9999, -9999, -9999, -9999, 74, 40, 16, -9999, 4, -9999, 86, 1, 54, 82, -9999, 65, -9999, 7, 13, -9999, 28, 12, -9999, -9999, -9999, 18, -9999, -9999, -9999, -9999, -9999, 83, -9999, 86, 34, -9999, -9999, 56, -9999, -9999, -9999, 63, -9999, 19, 44, 91, 26, -9999, -9999, -9999, -9999, 26, -9999, -9999, 90],
[-9999, -9999, -9999, 69, 49, 86, -9999, -9999, -9999, -9999, -9999, 95, -9999, -9999, 7, 33, 16, -9999, 65, -9999, 51, 21, 30, 45, 48, -9999, -9999, -9999, -9999, -9999, 49, 54, 9, 54, -9999, 61, -9999, -9999, 20, -9999, -9999, -9999, 66, -9999, -9999, -9999, -9999, 84, -9999, -9999, 19, 22, 30, -9999, -9999, -9999, 58, -9999, 51, 99, 91, -9999, 50, 30, 38, 50, 92, 41, -9999, 69, -9999, -9999, -9999, -9999, 80, -9999, 59, -9999, 33, -9999, -9999, -9999, 65, -9999, 33, -9999, -9999, -9999, 79, 7, -9999, 19, -9999, -9999, -9999, -9999, 62, -9999, -9999, 25],
[-9999, -9999, -9999, 55, -9999, -9999, -9999, -9999, -9999, -9999, -9999, -9999, -9999, -9999, -9999, -9999, -9999, -9999, -9999, -9999, -9999, 82, 5, -9999, 95, -9999, -9999, -9999, 97, -9999, -9999, -9999, 80, 91, -9999, -9999, -9999, -9999, -9999, -9999, -9999, -9999, 39, -9999, 98, -9999, -9999, -9999, -9999, 30, -9999, -9999, -9999, -9999, -9999, -9999, -9999, 85, 56, -9999, -9999, -9999, 53, -9999, -9999, -9999, -9999, 28, -9999, -9999, -9999, -9999, -9999, -9999, -9999, -9999, -9999, -9999, -9999, 7, -9999, -9999, -9999, -9999, 34, -9999, -9999, 28, -9999, 35, -9999, -9999, -9999, -9999, -9999, -9999, -9999, -9999, -9999, 3],
[-9999, -9999, -9999, 57, 58, 96, -9999, -9999, -9999, -9999, -9999, -9999, -9999, -9999, -9999, 66, 98, -9999, 11, -9999, 32, 29, 62, -9999, 8, -9999, -9999, -9999, -9999, -9999, 25, 11, 52, -9999, -9999, -9999, -9999, -9999, 77, 30, 2, -9999, 30, -9999, 43, -9999, -9999, -9999, -9999, -9999, 81, 70, -9999, -9999, -9999, 2, 24, -9999, 77, -9999, 24, 6, 90, 75, -9999, -9999, 49, -9999, -9999, 45, 45, -9999, -9999, 93, 39, -9999, -9999, -9999, 88, 85, -9999, -9999, -9999, -9999, 6, -9999, -9999, 39, 71, 92, 100, 9, -9999, -9999, -9999, -9999, 67, -9999, 33, -9999],
[-9999, -9999, -9999, 1, -9999, -9999, -9999, -9999, -9999, -9999, -9999, -9999, -9999, -9999, -9999, -9999, 63, -9999, -9999, -9999, -9999, -9999, -9999, -9999, 99, -9999, 96, -9999, -9999, 68, -9999, -9999, 83, 34, -9999, -9999, -9999, -9999, 80, 43, -9999, -9999, -9999, -9999, -9999, -9999, -9999, 6, 84, -9999, -9999, -9999, -9999, -9999, 76, 47, 70, 31, -9999, -9999, -9999, -9999, 43, -9999, -9999, 35, -9999, 93, 64, -9999, 56, -9999, 22, -9999, -9999, -9999, 49, -9999, -9999, -9999, -9999, -9999, -9999, -9999, -9999, -9999, -9999, 17, -9999, 91, -9999, -9999, -9999, -9999, -9999, -9999, 45, -9999, -9999, 35],
[-9999, -9999, -9999, 41, -9999, 27, -9999, 13, -9999, -9999, -9999, 11, 85, -9999, 98, -9999, 15, -9999, -9999, -9999, 30, -9999, -9999, -9999, 21, -9999, -9999, -9999, 93, -9999, 6, 66, -9999, 18, -9999, 97, -9999, -9999, 36, 7, 14, -9999, 23, 14, 52, -9999, -9999, 45, -9999, 65, -9999, 83, 82, 69, -9999, 43, 67, 17, 28, -9999, 10, 18, 76, -9999, -9999, 22, 55, 65, -9999, 68, 29, -9999, 1, 74, -9999, -9999, 45, -9999, -9999, -9999, -9999, -9999, 31, -9999, 99, -9999, 26, 19, 36, 68, 31, 82, 69, -9999, -9999, -9999, -9999, -9999, 2, -9999],
[-9999, -9999, -9999, 40, -9999, -9999, -9999, -9999, -9999, -9999, -9999, -9999, -9999, -9999, -9999, -9999, -9999, -9999, -9999, -9999, -9999, 25, 23, -9999, 86, -9999, -9999, -9999, -9999, -9999, -9999, -9999, -9999, -9999, -9999, -9999, -9999, -9999, 35, 92, -9999, -9999, 91, -9999, 66, -9999, -9999, 77, -9999, 35, -9999, -9999, -9999, -9999, -9999, 89, 6, 28, 46, -9999, -9999, -9999, 91, -9999, -9999, 58, -9999, 37, -9999, -9999, -9999, -9999, 4, -9999, -9999, -9999, 41, -9999, -9999, -9999, -9999, -9999, -9999, -9999, 62, -9999, -9999, -9999, -9999, -9999, -9999, -9999, 99, -9999, -9999, -9999, 69, -9999, -9999, 77],
[-9999, -9999, 96, 70, -9999, 55, -9999, -9999, 70, -9999, -9999, -9999, -9999, -9999, -9999, 88, -9999, -9999, -9999, -9999, 61, 79, 95, -9999, 68, -9999, -9999, -9999, 47, -9999, 18, 4, -9999, -9999, -9999, 69, -9999, -9999, 10, 89, 93, -9999, 45, -9999, 68, -9999, -9999, 22, -9999, -9999, 29, -9999, -9999, -9999, -9999, -9999, -9999, -9999, -9999, -9999, -9999, 82, 73, -9999, -9999, 6, -9999, -9999, -9999, -9999, 52, -9999, 8, -9999, -9999, -9999, 82, -9999, -9999, 48, -9999, -9999, 9, -9999, 72, -9999, -9999, -9999, 81, 78, 99, 8, 62, -9999, -9999, -9999, 77, -9999, 62, 99],
[-9999, -9999, 35, 43, -9999, 24, -9999, -9999, -9999, -9999, -9999, -9999, -9999, -9999, -9999, -9999, 61, -9999, 38, 56, 60, 11, -9999, -9999, 49, -9999, 13, -9999, 83, 97, 12, 71, 22, 36, -9999, 47, 74, -9999, 31, 24, 26, -9999, 69, 69, -9999, 36, -9999, 21, -9999, 31, 22, 15, -9999, -9999, -9999, 11, 42, 12, -9999, -9999, 39, 90, 51, 42, -9999, 67, 31, -9999, 33, 43, -9999, 75, 15, 6, 90, -9999, 51, -9999, -9999, -9999, 2, 3, 26, 26, 58, -9999, 49, -9999, 55, -9999, 96, -9999, 39, -9999, -9999, 97, 92, 27, -9999, 94],
[-9999, -9999, -9999, 34, -9999, -9999, -9999, -9999, -9999, -9999, -9999, -9999, -9999, -9999, -9999, -9999, -9999, -9999, -9999, -9999, -9999, -9999, 86, -9999, -9999, -9999, -9999, -9999, -9999, -9999, -9999, -9999, 53, -9999, -9999, -9999, -9999, -9999, 5, 70, -9999, -9999, 18, -9999, -9999, -9999, -9999, 77, -9999, 15, -9999, -9999, -9999, -9999, -9999, 35, 9, -9999, 23, -9999, -9999, -9999, 95, -9999, -9999, 14, -9999, -9999, -9999, -9999, 77, -9999, -9999, -9999, -9999, -9999, 6, -9999, -9999, 28, -9999, -9999, -9999, -9999, 47, -9999, -9999, -9999, -9999, 10, -9999, -9999, -9999, -9999, -9999, -9999, 64, -9999, -9999, 65],
[-9999, -9999, 17, 16, -9999, -9999, -9999, -9999, 89, -9999, -9999, -9999, 16, -9999, 25, 2, -9999, -9999, 27, 79, 16, -9999, 21, 1, 14, -9999, -9999, -9999, -9999, -9999, 39, -9999, 24, -9999, -9999, -9999, -9999, -9999, 67, -9999, 85, -9999, 99, 93, 60, -9999, -9999, -9999, -9999, 17, -9999, -9999, -9999, -9999, -9999, -9999, 57, -9999, -9999, -9999, 60, 37, 43, 23, 6, -9999, -9999, -9999, -9999, 30, -9999, -9999, 88, -9999, 6, -9999, 89, -9999, 70, -9999, -9999, -9999, 59, -9999, -9999, 81, -9999, -9999, 7, -9999, 81, -9999, 97, -9999, -9999, -9999, 28, -9999, 56, 33],
[-9999, -9999, -9999, 1, -9999, -9999, -9999, -9999, -9999, -9999, -9999, -9999, -9999, -9999, -9999, -9999, 31, -9999, -9999, -9999, -9999, -9999, 50, -9999, -9999, -9999, -9999, -9999, -9999, -9999, -9999, -9999, 58, -9999, -9999, -9999, -9999, -9999, 62, -9999, -9999, -9999, 25, -9999, 97, -9999, 21, -9999, -9999, -9999, -9999, -9999, -9999, -9999, -9999, -9999, -9999, 94, 10, -9999, -9999, -9999, 57, -9999, -9999, -9999, -9999, -9999, -9999, -9999, -9999, -9999, 90, -9999, -9999, -9999, 38, -9999, -9999, 94, -9999, -9999, -9999, -9999, -9999, -9999, -9999, 73, -9999, -9999, -9999, -9999, 87, -9999, -9999, -9999, 76, -9999, -9999, 4],
[-9999, -9999, -9999, 55, -9999, -9999, -9999, -9999, -9999, -9999, -9999, -9999, -9999, -9999, -9999, -9999, -9999, -9999, -9999, -9999, -9999, 17, -9999, -9999, -9999, -9999, 21, -9999, -9999, 88, -9999, -9999, 94, -9999, -9999, -9999, -9999, -9999, 40, 15, -9999, -9999, 47, -9999, 52, -9999, -9999, 2, 6, -9999, -9999, -9999, -9999, -9999, 21, 89, -9999, -9999, 20, -9999, -9999, -9999, 23, -9999, -9999, -9999, -9999, 100, -9999, -9999, 28, -9999, 100, -9999, -9999, -9999, 3, -9999, -9999, -9999, -9999, -9999, -9999, -9999, 31, -9999, -9999, 37, -9999, 2, -9999, -9999, 20, -9999, -9999, -9999, 59, -9999, -9999, -9999],
[-9999, -9999, -9999, -9999, -9999, -9999, -9999, -9999, -9999, -9999, -9999, -9999, -9999, -9999, -9999, -9999, -9999, -9999, 14, -9999, -9999, -9999, -9999, -9999, -9999, -9999, -9999, -9999, -9999, -9999, -9999, -9999, -9999, -9999, -9999, -9999, -9999, -9999, -9999, -9999, -9999, -9999, -9999, -9999, -9999, -9999, -9999, -9999, -9999, -9999, -9999, -9999, -9999, -9999, -9999, -9999, -9999, -9999, -9999, -9999, -9999, -9999, -9999, -9999, -9999, -9999, -9999, -9999, -9999, -9999, -9999, -9999, -9999, -9999, -9999, -9999, -9999, -9999, -9999, -9999, -9999, -9999, -9999, -9999, -9999, -9999, -9999, -9999, -9999, -9999, -9999, 55, -9999, -9999, -9999, -9999, -9999, -9999, -9999, -9999],
[-9999, -9999, -9999, 40, -9999, -9999, -9999, -9999, -9999, -9999, -9999, -9999, -9999, -9999, -9999, -9999, 42, -9999, -9999, -9999, -9999, -9999, -9999, -9999, 35, -9999, -9999, -9999, -9999, -9999, -9999, -9999, -9999, 41, -9999, -9999, -9999, -9999, 72, -9999, -9999, -9999, 71, -9999, 24, -9999, 77, -9999, -9999, 36, -9999, -9999, -9999, -9999, -9999, 47, -9999, 97, 56, -9999, -9999, -9999, 7, -9999, -9999, 36, -9999, 34, -9999, -9999, 6, -9999, -9999, -9999, -9999, 6, 45, -9999, -9999, 67, -9999, -9999, -9999, -9999, -9999, -9999, -9999, -9999, -9999, 76, -9999, -9999, 35, -9999, -9999, -9999, 17, -9999, -9999, -9999],
[-9999, -9999, -9999, 8, -9999, -9999, -9999, -9999, -9999, -9999, -9999, -9999, -9999, -9999, -9999, -9999, -9999, -9999, -9999, -9999, -9999, 89, 36, -9999, -9999, -9999, -9999, -9999, -9999, -9999, -9999, -9999, 57, 62, -9999, -9999, -9999, -9999, 35, 25, -9999, -9999, 73, -9999, 98, -9999, -9999, -9999, -9999, -9999, -9999, -9999, -9999, -9999, -9999, 15, 84, 85, 12, -9999, -9999, -9999, 55, -9999, -9999, -9999, -9999, -9999, -9999, -9999, 10, -9999, -9999, -9999, -9999, -9999, -9999, -9999, -9999, -9999, -9999, -9999, -9999, -9999, -9999, -9999, -9999, 25, -9999, 36, -9999, -9999, 91, -9999, -9999, -9999, -9999, -9999, -9999, 48],
[-9999, -9999, -9999, -9999, 83, -9999, -9999, -9999, -9999, -9999, -9999, -9999, -9999, -9999, -9999, -9999, 24, -9999, -9999, -9999, -9999, -9999, 15, -9999, -9999, -9999, -9999, -9999, -9999, -9999, -9999, -9999, -9999, -9999, -9999, -9999, -9999, -9999, 51, -9999, -9999, -9999, 61, -9999, -9999, -9999, -9999, 3, -9999, -9999, -9999, -9999, -9999, -9999, -9999, 89, 36, -9999, -9999, -9999, -9999, -9999, 50, -9999, -9999, 2, -9999, 56, -9999, -9999, -9999, -9999, 5, -9999, -9999, -9999, 48, -9999, -9999, 90, -9999, -9999, -9999, -9999, -9999, -9999, -9999, 28, -9999, 48, -9999, -9999, 87, -9999, -9999, -9999, 62, -9999, -9999, -9999],
[-9999, -9999, -9999, 45, -9999, 27, -9999, -9999, 35, -9999, -9999, 22, -9999, -9999, 64, 78, 90, -9999, 98, -9999, 98, -9999, 97, 13, 13, -9999, -9999, -9999, 59, -9999, 85, 3, 84, 61, -9999, 96, -9999, -9999, 40, 35, 96, -9999, 84, 86, 87, -9999, -9999, 63, -9999, -9999, 81, -9999, -9999, -9999, -9999, 2, -9999, 60, -9999, -9999, 12, 64, -9999, 76, 67, 5, 6, 75, -9999, 83, 13, -9999, 53, 18, -9999, -9999, 45, -9999, -9999, -9999, -9999, -9999, 34, -9999, 40, -9999, 66, -9999, 85, -9999, 48, -9999, 61, -9999, -9999, -9999, 19, -9999, 81, 32],
[-9999, -9999, -9999, -9999, -9999, -9999, -9999, -9999, -9999, -9999, -9999, -9999, -9999, -9999, -9999, -9999, -9999, -9999, 7, -9999, -9999, -9999, -9999, -9999, -9999, -9999, -9999, 57, -9999, -9999, -9999, -9999, -9999, -9999, -9999, -9999, -9999, -9999, -9999, -9999, -9999, -9999, -9999, -9999, -9999, -9999, -9999, -9999, -9999, -9999, -9999, -9999, -9999, 52, -9999, -9999, -9999, -9999, -9999, -9999, -9999, -9999, -9999, -9999, -9999, -9999, -9999, -9999, -9999, -9999, -9999, -9999, -9999, -9999, -9999, -9999, -9999, -9999, -9999, -9999, -9999, -9999, -9999, -9999, -9999, -9999, -9999, -9999, -9999, -9999, -9999, -9999, -9999, 18, -9999, -9999, -9999, -9999, -9999, -9999],
[-9999, -9999, -9999, 65, -9999, -9999, -9999, -9999, -9999, -9999, -9999, -9999, -9999, -9999, -9999, -9999, 51, -9999, -9999, -9999, -9999, 36, -9999, -9999, 95, -9999, 81, -9999, -9999, -9999, -9999, -9999, 34, -9999, -9999, -9999, -9999, -9999, 68, -9999, -9999, -9999, 44, -9999, -9999, -9999, -9999, 96, 12, -9999, -9999, -9999, -9999, -9999, 57, 69, -9999, -9999, 40, -9999, -9999, -9999, 61, -9999, -9999, 15, -9999, -9999, -9999, -9999, -9999, -9999, -9999, -9999, -9999, -9999, 85, -9999, -9999, 38, -9999, -9999, -9999, -9999, 15, -9999, -9999, -9999, -9999, -9999, -9999, -9999, 13, -9999, -9999, -9999, 7, -9999, -9999, 83],
[-9999, -9999, 53, 31, -9999, -9999, -9999, -9999, -9999, -9999, 61, 35, -9999, -9999, -9999, 35, 67, -9999, -9999, -9999, 50, -9999, -9999, 75, -9999, -9999, -9999, -9999, -9999, -9999, 37, -9999, 7, -9999, -9999, 7, -9999, -9999, 98, -9999, 63, -9999, 98, -9999, -9999, -9999, -9999, 45, -9999, 78, 22, 18, -9999, 90, -9999, -9999, -9999, 87, 9, -9999, -9999, -9999, 58, 79, -9999, -9999, 20, -9999, -9999, -9999, 4, -9999, -9999, 39, 11, -9999, -9999, -9999, -9999, 79, -9999, -9999, -9999, -9999, 11, 7, -9999, 56, 40, -9999, 91, 97, -9999, -9999, -9999, -9999, -9999, -9999, -9999, -9999],
[-9999, -9999, -9999, 14, -9999, -9999, -9999, -9999, -9999, -9999, -9999, -9999, -9999, -9999, -9999, -9999, -9999, -9999, -9999, -9999, -9999, -9999, 65, -9999, 34, -9999, -9999, -9999, -9999, -9999, -9999, -9999, -9999, 1, -9999, -9999, -9999, -9999, 27, 49, -9999, -9999, 86, -9999, -9999, -9999, -9999, 89, -9999, 62, -9999, -9999, -9999, -9999, -9999, 95, 49, -9999, -9999, -9999, -9999, -9999, 6, -9999, -9999, 50, -9999, -9999, -9999, -9999, 30, -9999, 71, -9999, -9999, -9999, 49, -9999, -9999, 20, -9999, -9999, -9999, -9999, 76, -9999, -9999, -9999, -9999, -9999, -9999, -9999, -9999, -9999, -9999, -9999, 99, -9999, -9999, 89],
[-9999, -9999, -9999, 50, 24, -9999, -9999, -9999, -9999, -9999, -9999, -9999, -9999, -9999, -9999, -9999, 57, -9999, -9999, -9999, -9999, -9999, 8, -9999, 57, -9999, -9999, -9999, -9999, -9999, -9999, -9999, 12, -9999, 84, -9999, -9999, -9999, 22, -9999, -9999, -9999, 95, -9999, -9999, -9999, -9999, 83, -9999, -9999, -9999, -9999, -9999, -9999, -9999, -9999, -9999, 43, 57, -9999, -9999, -9999, 23, -9999, -9999, 16, -9999, -9999, -9999, -9999, -9999, -9999, -9999, -9999, -9999, -9999, 54, -9999, -9999, -9999, -9999, -9999, -9999, -9999, 62, -9999, -9999, -9999, -9999, 79, -9999, -9999, 44, -9999, -9999, -9999, 48, -9999, -9999, 40],
[-9999, -9999, 38, 78, -9999, 72, -9999, -9999, 81, -9999, -9999, -9999, 43, -9999, 97, -9999, 68, 41, 78, 55, -9999, -9999, -9999, -9999, 28, -9999, -9999, -9999, 27, -9999, 98, 90, 42, -9999, -9999, 68, -9999, -9999, 61, 47, 48, -9999, 53, 16, 46, -9999, -9999, -9999, -9999, -9999, 13, 80, -9999, -9999, -9999, 74, 70, -9999, 30, 31, -9999, -9999, 45, 33, -9999, 29, 69, -9999, -9999, -9999, 94, -9999, 100, -9999, -9999, -9999, 10, -9999, -9999, -9999, -9999, -9999, 86, -9999, 58, -9999, -9999, 69, 25, -9999, 29, 54, -9999, -9999, -9999, -9999, 54, -9999, 58, -9999],
[-9999, -9999, -9999, -9999, -9999, -9999, -9999, -9999, -9999, -9999, -9999, -9999, -9999, -9999, -9999, -9999, -9999, -9999, -9999, -9999, -9999, -9999, -9999, -9999, -9999, -9999, -9999, -9999, -9999, -9999, -9999, -9999, -9999, -9999, -9999, -9999, -9999, -9999, -9999, -9999, -9999, -9999, -9999, -9999, -9999, -9999, -9999, -9999, -9999, -9999, -9999, -9999, -9999, -9999, -9999, -9999, -9999, -9999, -9999, -9999, -9999, -9999, -9999, -9999, -9999, -9999, -9999, -9999, -9999, -9999, -9999, -9999, -9999, -9999, -9999, -9999, -9999, -9999, -9999, -9999, -9999, -9999, -9999, -9999, -9999, -9999, -9999, -9999, -9999, -9999, -9999, -9999, -9999, -9999, -9999, -9999, -9999, -9999, -9999, -9999],
[-9999, -9999, 75, 40, -9999, 41, -9999, -9999, 13, -9999, -9999, 17, -9999, -9999, -9999, 100, 70, -9999, -9999, -9999, 94, 77, -9999, 97, -9999, -9999, -9999, -9999, -9999, -9999, -9999, -9999, 13, 58, -9999, 6, -9999, -9999, 73, 90, 58, -9999, 53, 25, 48, -9999, -9999, 41, -9999, -9999, -9999, -9999, -9999, 89, -9999, 80, 37, -9999, 17, -9999, 1, 39, 23, 74, -9999, 31, 62, 1, -9999, -9999, -9999, -9999, 3, 97, 47, -9999, -9999, -9999, 14, 91, -9999, -9999, 21, -9999, 19, -9999, 14, -9999, 97, -9999, 43, 92, 83, -9999, -9999, -9999, 55, -9999, -9999, 10],
[-9999, -9999, -9999, 46, -9999, -9999, -9999, -9999, -9999, -9999, -9999, -9999, -9999, -9999, -9999, -9999, 10, -9999, -9999, -9999, -9999, 46, 97, -9999, 78, -9999, -9999, -9999, -9999, -9999, -9999, -9999, 95, 1, -9999, -9999, -9999, -9999, 43, -9999, -9999, -9999, 96, -9999, -9999, -9999, 28, -9999, -9999, 98, -9999, -9999, -9999, -9999, -9999, -9999, 52, 100, 81, -9999, -9999, -9999, 47, -9999, -9999, 74, -9999, 90, -9999, -9999, 18, -9999, -9999, -9999, -9999, -9999, -9999, -9999, -9999, -9999, -9999, -9999, -9999, -9999, 37, -9999, -9999, 44, -9999, -9999, -9999, -9999, -9999, -9999, -9999, -9999, 34, -9999, -9999, 57],
[-9999, -9999, -9999, 14, -9999, -9999, -9999, -9999, 59, -9999, -9999, -9999, 87, -9999, 24, 38, -9999, -9999, 65, -9999, -9999, 52, -9999, 65, 45, -9999, -9999, -9999, -9999, -9999, 70, 28, 45, -9999, 40, -9999, -9999, -9999, 50, 73, 95, -9999, 96, 92, 13, -9999, -9999, -9999, -9999, 58, 77, 37, 26, -9999, -9999, -9999, 4, -9999, 19, -9999, -9999, 59, 90, 7, -9999, 91, 60, 19, -9999, 4, 100, -9999, -9999, 82, 7, -9999, -9999, -9999, 28, -9999, -9999, -9999, 99, -9999, 23, -9999, -9999, 66, 27, -9999, 90, -9999, -9999, -9999, -9999, -9999, 96, -9999, 11, -9999],
[-9999, -9999, -9999, -9999, -9999, -9999, -9999, -9999, -9999, -9999, -9999, -9999, -9999, -9999, -9999, -9999, -9999, -9999, 24, -9999, -9999, -9999, -9999, -9999, -9999, -9999, -9999, -9999, -9999, -9999, -9999, -9999, -9999, -9999, -9999, -9999, -9999, -9999, -9999, -9999, -9999, -9999, -9999, -9999, -9999, -9999, -9999, -9999, -9999, -9999, -9999, -9999, -9999, 91, -9999, -9999, -9999, -9999, -9999, -9999, -9999, -9999, -9999, -9999, -9999, -9999, -9999, -9999, -9999, -9999, -9999, -9999, -9999, -9999, -9999, -9999, -9999, -9999, -9999, -9999, -9999, -9999, -9999, -9999, -9999, -9999, -9999, -9999, -9999, -9999, -9999, 97, -9999, -9999, -9999, -9999, -9999, -9999, -9999, -9999],
[-9999, -9999, 41, 87, -9999, -9999, -9999, -9999, 98, -9999, -9999, 58, -9999, -9999, -9999, 89, -9999, -9999, 57, -9999, 60, -9999, 10, -9999, 94, -9999, -9999, -9999, 15, -9999, 12, 42, 53, -9999, 48, 65, -9999, -9999, 73, 13, 83, -9999, 79, 100, -9999, -9999, -9999, 47, -9999, 15, 78, 97, 37, -9999, -9999, -9999, 32, -9999, 99, -9999, 31, 83, 9, 17, -9999, -9999, -9999, 83, -9999, 54, -9999, -9999, -9999, -9999, -9999, -9999, 4, -9999, 35, -9999, -9999, -9999, -9999, -9999, -9999, -9999, -9999, 85, 4, -9999, 8, 73, 11, -9999, -9999, -9999, 64, -9999, -9999, 77],
[-9999, -9999, -9999, 17, -9999, -9999, -9999, -9999, -9999, -9999, -9999, -9999, -9999, -9999, -9999, -9999, -9999, -9999, -9999, -9999, -9999, -9999, 100, -9999, 23, -9999, -9999, -9999, -9999, -9999, -9999, -9999, -9999, -9999, -9999, -9999, -9999, -9999, 59, 35, -9999, -9999, 87, -9999, 84, -9999, -9999, 50, -9999, -9999, -9999, -9999, -9999, -9999, -9999, 4, -9999, -9999, 75, -9999, -9999, -9999, 13, -9999, 39, 29, -9999, -9999, -9999, -9999, 17, -9999, 66, -9999, -9999, -9999, -9999, -9999, -9999, -9999, -9999, -9999, -9999, -9999, 82, -9999, -9999, 31, -9999, 85, -9999, -9999, 46, -9999, -9999, -9999, -9999, -9999, -9999, -9999],
[-9999, -9999, -9999, 28, -9999, -9999, -9999, -9999, -9999, -9999, -9999, -9999, -9999, -9999, -9999, -9999, -9999, -9999, -9999, -9999, -9999, -9999, -9999, -9999, -9999, -9999, -9999, -9999, -9999, -9999, -9999, -9999, -9999, 86, -9999, -9999, -9999, -9999, 5, 86, -9999, -9999, 79, -9999, -9999, -9999, -9999, -9999, -9999, 11, -9999, -9999, -9999, -9999, -9999, -9999, -9999, 78, -9999, -9999, -9999, -9999, 22, -9999, -9999, 39, -9999, 7, -9999, -9999, -9999, -9999, 96, -9999, -9999, -9999, -9999, -9999, -9999, -9999, -9999, -9999, -9999, -9999, -9999, -9999, -9999, 1, -9999, 40, -9999, -9999, 75, -9999, -9999, -9999, -9999, -9999, -9999, 35],
[-9999, -9999, -9999, 85, -9999, -9999, -9999, -9999, -9999, -9999, -9999, -9999, -9999, -9999, -9999, -9999, 37, 63, -9999, -9999, -9999, 19, 25, -9999, 72, -9999, -9999, -9999, -9999, -9999, -9999, -9999, 58, -9999, -9999, -9999, -9999, -9999, 71, -9999, -9999, -9999, 1, -9999, 53, -9999, -9999, 80, -9999, 74, -9999, -9999, -9999, -9999, -9999, -9999, -9999, -9999, 52, -9999, -9999, -9999, 36, -9999, -9999, 82, -9999, -9999, -9999, -9999, 87, -9999, -9999, -9999, -9999, -9999, 97, -9999, -9999, -9999, -9999, -9999, -9999, -9999, 27, -9999, -9999, 43, -9999, -9999, -9999, -9999, 25, -9999, -9999, -9999, 7, -9999, -9999, -9999],
[-9999, -9999, -9999, 43, -9999, -9999, -9999, -9999, -9999, -9999, -9999, -9999, -9999, -9999, -9999, -9999, -9999, -9999, -9999, -9999, -9999, 22, 89, -9999, 6, -9999, -9999, -9999, -9999, -9999, -9999, -9999, -9999, 31, 6, -9999, -9999, -9999, 97, 50, -9999, -9999, -9999, -9999, -9999, -9999, -9999, -9999, -9999, -9999, -9999, -9999, -9999, -9999, -9999, 98, -9999, -9999, 76, -9999, -9999, -9999, 17, -9999, -9999, -9999, -9999, -9999, -9999, -9999, -9999, -9999, 94, -9999, -9999, -9999, 19, -9999, -9999, -9999, -9999, -9999, -9999, -9999, -9999, -9999, -9999, -9999, -9999, 4, -9999, -9999, -9999, -9999, -9999, -9999, 69, -9999, -9999, 35],
[-9999, -9999, 81, 57, -9999, 83, -9999, -9999, 31, -9999, -9999, -9999, -9999, -9999, 59, 75, -9999, -9999, 50, 87, 80, -9999, 95, -9999, 57, -9999, -9999, -9999, 62, -9999, -9999, -9999, -9999, -9999, -9999, 18, -9999, -9999, 38, 79, 70, -9999, 35, 9, 28, -9999, -9999, 11, -9999, 29, 78, 28, -9999, -9999, -9999, 42, 84, 90, -9999, -9999, 83, 26, 84, 70, -9999, 35, 50, 74, -9999, 74, 16, -9999, -9999, -9999, 57, -9999, 31, -9999, 49, -9999, -9999, -9999, 98, -9999, 64, -9999, 20, -9999, 24, -9999, -9999, 65, 88, -9999, -9999, -9999, 48, -9999, -9999, 20],
[-9999, -9999, 61, 88, -9999, 15, -9999, -9999, 32, -9999, -9999, -9999, 62, -9999, -9999, -9999, -9999, -9999, -9999, 81, -9999, 80, -9999, 97, 2, -9999, -9999, -9999, -9999, -9999, -9999, -9999, -9999, 81, -9999, 77, -9999, -9999, 60, -9999, 45, -9999, 25, -9999, -9999, -9999, 20, -9999, -9999, -9999, -9999, 7, 12, 80, -9999, -9999, -9999, -9999, -9999, -9999, -9999, 87, 66, -9999, -9999, -9999, 86, 68, -9999, -9999, 62, -9999, -9999, -9999, -9999, -9999, -9999, -9999, 27, -9999, -9999, -9999, 43, -9999, -9999, -9999, 60, 25, 87, -9999, 88, -9999, 30, -9999, -9999, -9999, 49, -9999, 8, -9999],
[-9999, -9999, -9999, 32, 87, 55, -9999, -9999, 91, -9999, 23, 14, 50, -9999, 33, 64, 56, -9999, 36, 68, 21, 24, 57, -9999, 25, -9999, -9999, -9999, 97, -9999, 8, 98, -9999, 94, -9999, 78, -9999, -9999, 64, -9999, 44, -9999, 2, 13, 6, -9999, -9999, -9999, -9999, 41, 58, 25, 71, 50, -9999, 51, 96, -9999, 51, -9999, -9999, -9999, 24, -9999, -9999, -9999, 94, 70, -9999, -9999, -9999, -9999, 62, -9999, -9999, -9999, -9999, -9999, 84, -9999, -9999, -9999, -9999, -9999, 39, -9999, 53, -9999, 72, -9999, -9999, 24, 97, -9999, -9999, -9999, -9999, -9999, 24, 92],
[-9999, -9999, 86, 24, -9999, 72, -9999, -9999, -9999, 13, -9999, -9999, 3, -9999, 16, 86, 38, -9999, 92, 85, 59, -9999, -9999, 88, -9999, -9999, 93, -9999, -9999, -9999, -9999, 57, 36, -9999, -9999, -9999, -9999, -9999, 88, 38, 53, -9999, 7, 70, -9999, 97, 40, 47, -9999, 82, 96, -9999, -9999, 38, -9999, -9999, 28, -9999, -9999, -9999, -9999, -9999, -9999, 98, -9999, 75, -9999, -9999, -9999, 95, 43, 6, 63, -9999, -9999, -9999, 59, -9999, 91, 82, -9999, -9999, -9999, -9999, -9999, -9999, 23, 12, 53, -9999, 97, 48, -9999, 25, -9999, -9999, 72, -9999, 3, 65],
[-9999, -9999, -9999, 47, 2, -9999, -9999, -9999, -9999, -9999, -9999, -9999, -9999, -9999, -9999, -9999, 24, -9999, -9999, -9999, -9999, -9999, 36, -9999, 92, -9999, -9999, -9999, -9999, -9999, -9999, -9999, 9, 34, -9999, -9999, -9999, -9999, 69, 36, -9999, -9999, 25, -9999, -9999, -9999, -9999, -9999, -9999, -9999, -9999, -9999, -9999, -9999, -9999, 8, -9999, 62, 100, -9999, -9999, -9999, 4, -9999, -9999, -9999, -9999, -9999, -9999, -9999, 92, -9999, -9999, -9999, -9999, -9999, 96, -9999, -9999, 37, -9999, -9999, -9999, -9999, 33, -9999, -9999, 61, -9999, 30, -9999, -9999, 21, -9999, -9999, -9999, -9999, -9999, -9999, 86],
[-9999, -9999, -9999, -9999, -9999, -9999, -9999, -9999, -9999, -9999, -9999, -9999, -9999, -9999, -9999, -9999, -9999, -9999, 64, -9999, -9999, -9999, -9999, -9999, -9999, -9999, -9999, -9999, -9999, -9999, -9999, -9999, -9999, -9999, -9999, -9999, -9999, -9999, -9999, -9999, -9999, -9999, -9999, -9999, -9999, -9999, -9999, -9999, -9999, -9999, -9999, -9999, -9999, -9999, -9999, -9999, -9999, -9999, -9999, -9999, -9999, -9999, -9999, -9999, -9999, -9999, -9999, -9999, -9999, -9999, -9999, -9999, -9999, -9999, -9999, -9999, -9999, -9999, -9999, -9999, -9999, -9999, -9999, -9999, -9999, -9999, -9999, -9999, -9999, -9999, -9999, -9999, -9999, 49, -9999, -9999, -9999, -9999, -9999, -9999],
[-9999, -9999, -9999, 96, -9999, 9, -9999, -9999, 9, -9999, -9999, 100, -9999, -9999, -9999, 41, -9999, -9999, 51, -9999, 86, -9999, 53, 51, 52, -9999, -9999, -9999, -9999, -9999, 94, 61, 94, 45, -9999, 29, -9999, -9999, 16, 53, 72, -9999, 23, 9, -9999, -9999, -9999, 64, -9999, -9999, 64, 67, -9999, 80, -9999, 12, -9999, 47, 20, -9999, 56, -9999, 53, -9999, -9999, 21, 65, -9999, -9999, 65, 4, -9999, 54, -9999, -9999, -9999, 9, -9999, 92, 48, -9999, -9999, -9999, -9999, 64, -9999, 54, 79, 94, 71, 41, 13, 28, -9999, -9999, -9999, 14, -9999, 59, 69],
[-9999, -9999, 77, 39, 26, 50, -9999, -9999, 91, -9999, -9999, -9999, -9999, -9999, 77, 67, 2, -9999, -9999, 98, 84, 63, 85, -9999, -9999, -9999, -9999, -9999, -9999, -9999, 74, -9999, -9999, 82, -9999, 45, -9999, -9999, 88, -9999, 69, -9999, 36, -9999, -9999, -9999, -9999, 45, -9999, -9999, 64, 81, -9999, 64, -9999, 19, 56, 93, -9999, -9999, -9999, 71, 6, 36, -9999, 11, 64, 46, -9999, -9999, 54, -9999, 94, -9999, 49, -9999, 88, -9999, 91, -9999, -9999, -9999, -9999, -9999, -9999, -9999, -9999, -9999, 73, 71, 68, 65, 69, -9999, -9999, -9999, 21, -9999, -9999, 91],
[-9999, -9999, 57, 27, -9999, -9999, -9999, -9999, -9999, -9999, 65, 28, 45, -9999, -9999, 78, 15, -9999, 95, 26, -9999, 58, 26, 74, -9999, -9999, 52, 86, -9999, 42, 20, 37, 76, 87, -9999, -9999, -9999, -9999, 100, -9999, 79, -9999, 47, 56, 33, 17, -9999, -9999, 54, 13, -9999, -9999, 39, 88, 79, -9999, -9999, -9999, 61, -9999, 9, 34, 36, -9999, -9999, 15, -9999, 16, 31, 88, -9999, 23, 75, -9999, 27, -9999, 83, -9999, -9999, -9999, 40, -9999, 81, 41, -9999, -9999, -9999, -9999, 64, -9999, 58, 80, 36, -9999, 82, -9999, 22, -9999, -9999, 93],
[-9999, -9999, 97, 58, -9999, 68, -9999, 3, -9999, -9999, -9999, 96, 52, -9999, 97, -9999, 28, -9999, 74, 95, -9999, -9999, 69, -9999, -9999, -9999, -9999, -9999, -9999, -9999, -9999, 16, 38, -9999, -9999, -9999, -9999, -9999, 38, 61, 87, -9999, 88, 26, 35, -9999, -9999, 28, -9999, 70, 9, -9999, 2, -9999, -9999, 51, 92, 63, -9999, -9999, 46, 21, 87, -9999, -9999, -9999, 27, -9999, -9999, -9999, 94, -9999, 91, 67, 78, -9999, 43, -9999, 80, 36, -9999, -9999, -9999, -9999, -9999, -9999, -9999, 42, -9999, 32, -9999, -9999, 14, -9999, -9999, -9999, 53, -9999, 37, -9999],
[-9999, -9999, -9999, -9999, -9999, -9999, -9999, -9999, -9999, -9999, -9999, -9999, -9999, -9999, -9999, -9999, -9999, -9999, -9999, -9999, -9999, -9999, -9999, -9999, -9999, -9999, -9999, -9999, -9999, -9999, -9999, -9999, -9999, -9999, -9999, -9999, -9999, -9999, -9999, -9999, -9999, -9999, -9999, -9999, -9999, -9999, -9999, -9999, -9999, -9999, -9999, -9999, -9999, -9999, -9999, -9999, -9999, -9999, -9999, -9999, -9999, -9999, -9999, -9999, -9999, -9999, -9999, -9999, -9999, -9999, -9999, -9999, -9999, -9999, -9999, -9999, -9999, -9999, -9999, -9999, -9999, -9999, -9999, -9999, -9999, -9999, -9999, -9999, -9999, -9999, -9999, -9999, -9999, -9999, -9999, -9999, -9999, -9999, -9999, -9999],
[-9999, -9999, 95, 22, -9999, 48, -9999, -9999, 40, -9999, -9999, -9999, 40, -9999, 48, -9999, 65, -9999, -9999, -9999, 41, 3, 16, 82, -9999, -9999, -9999, -9999, -9999, -9999, 1, 31, 21, 59, -9999, -9999, -9999, -9999, 47, 67, 41, -9999, 9, -9999, 60, -9999, 84, -9999, -9999, 65, 33, 54, 27, 80, -9999, 59, 58, 67, -9999, -9999, -9999, 65, 10, 79, -9999, -9999, 100, -9999, -9999, 47, 84, -9999, 55, -9999, 98, 77, 47, -9999, -9999, -9999, -9999, -9999, 42, -9999, -9999, -9999, 77, -9999, 81, -9999, -9999, 90, 16, -9999, -9999, -9999, 54, -9999, 22, -9999],
[-9999, -9999, -9999, 94, -9999, -9999, -9999, -9999, 90, -9999, -9999, -9999, 98, -9999, -9999, -9999, -9999, -9999, 72, 46, 74, -9999, 79, -9999, -9999, -9999, -9999, -9999, -9999, -9999, -9999, -9999, 41, -9999, -9999, -9999, -9999, -9999, 80, -9999, 3, -9999, 56, 62, -9999, -9999, -9999, 63, -9999, 56, 95, 95, -9999, 58, -9999, -9999, 13, -9999, 48, -9999, -9999, -9999, 29, 75, -9999, 18, -9999, -9999, -9999, -9999, 4, -9999, -9999, -9999, 66, -9999, -9999, -9999, 41, 78, -9999, -9999, -9999, -9999, 97, 81, 80, 59, 84, 11, 97, -9999, 45, -9999, -9999, -9999, -9999, -9999, 16, 63],
[-9999, -9999, 95, 40, 100, 44, -9999, -9999, -9999, -9999, -9999, 13, 76, -9999, 56, 40, 53, -9999, 62, 93, -9999, 94, -9999, 24, -9999, -9999, -9999, -9999, -9999, -9999, -9999, 5, 7, 36, -9999, 84, -9999, -9999, 48, -9999, 95, -9999, 28, 86, 28, -9999, -9999, 55, -9999, -9999, -9999, -9999, 55, -9999, -9999, 88, -9999, -9999, 85, -9999, -9999, 65, 21, 22, -9999, -9999, 68, 62, -9999, -9999, 38, -9999, 28, 55, -9999, -9999, 27, 58, -9999, 57, -9999, -9999, -9999, -9999, 11, -9999, -9999, -9999, 70, 58, 70, 24, -9999, -9999, -9999, -9999, 40, -9999, -9999, -9999],
[-9999, -9999, -9999, 33, -9999, 20, -9999, 6, -9999, 22, -9999, 23, -9999, -9999, -9999, 100, -9999, -9999, 15, 10, -9999, 51, 18, -9999, 24, -9999, 3, -9999, -9999, -9999, -9999, 24, -9999, 85, -9999, -9999, -9999, -9999, 83, -9999, 35, -9999, 70, 86, 35, 52, -9999, 36, 24, 4, 77, -9999, 51, -9999, -9999, 66, 60, 6, 64, -9999, 58, 37, 14, 1, -9999, 57, -9999, 2, 25, 15, 12, -9999, 24, 70, 80, -9999, 56, -9999, 81, 77, 74, 74, 27, -9999, 9, -9999, -9999, -9999, 63, 76, 11, -9999, 1, -9999, 80, -9999, 3, 56, -9999, -9999],
[-9999, -9999, -9999, 64, -9999, -9999, -9999, -9999, -9999, -9999, -9999, -9999, -9999, -9999, -9999, -9999, 33, -9999, -9999, -9999, -9999, -9999, -9999, -9999, -9999, -9999, -9999, -9999, -9999, -9999, -9999, -9999, 48, 18, -9999, -9999, -9999, -9999, 95, 33, -9999, -9999, 75, -9999, 70, -9999, -9999, 9, -9999, 13, -9999, -9999, -9999, -9999, -9999, -9999, 13, 84, -9999, -9999, -9999, -9999, -9999, -9999, -9999, 46, -9999, -9999, -9999, -9999, -9999, -9999, -9999, -9999, -9999, -9999, 36, -9999, -9999, -9999, -9999, -9999, -9999, -9999, -9999, -9999, -9999, 42, -9999, -9999, -9999, -9999, -9999, -9999, -9999, -9999, 95, -9999, -9999, 28],
[-9999, -9999, -9999, 43, -9999, 82, -9999, -9999, -9999, -9999, -9999, 83, -9999, -9999, 44, 57, -9999, -9999, 1, 22, -9999, -9999, 62, 50, 32, -9999, -9999, -9999, -9999, -9999, -9999, 25, 54, 17, -9999, -9999, -9999, -9999, 46, 55, 25, -9999, 66, 7, 46, -9999, -9999, 94, -9999, -9999, 88, 75, 51, 84, -9999, 51, 79, -9999, 67, -9999, -9999, -9999, 43, 71, -9999, -9999, -9999, 77, -9999, 64, -9999, -9999, 71, 68, 92, -9999, 3, -9999, 12, -9999, -9999, -9999, 48, -9999, -9999, -9999, 80, 19, 95, 26, 22, 88, -9999, -9999, -9999, -9999, -9999, -9999, -9999, 15],
[-9999, -9999, 30, 17, -9999, -9999, -9999, -9999, 36, -9999, -9999, 48, 65, -9999, 62, 12, -9999, -9999, 72, 44, -9999, 30, -9999, 47, 21, -9999, -9999, -9999, -9999, -9999, 96, 95, 75, 78, -9999, -9999, -9999, -9999, 72, 63, 74, -9999, 44, 64, 95, -9999, 10, 22, -9999, -9999, -9999, -9999, -9999, -9999, -9999, 21, -9999, -9999, -9999, -9999, 7, 15, 65, 95, -9999, -9999, -9999, -9999, -9999, 80, -9999, -9999, -9999, -9999, 46, -9999, 96, -9999, 1, 41, -9999, -9999, 51, -9999, 42, -9999, 66, -9999, -9999, -9999, 60, -9999, 43, -9999, -9999, -9999, -9999, -9999, 41, 65],
[-9999, -9999, 7, 52, -9999, 73, -9999, -9999, 74, -9999, -9999, 59, -9999, -9999, -9999, -9999, -9999, -9999, 72, 26, 72, -9999, 65, -9999, 55, -9999, -9999, -9999, -9999, -9999, 76, -9999, -9999, 12, 65, 93, -9999, -9999, 34, 30, 24, -9999, 16, -9999, 40, -9999, -9999, 14, -9999, 7, 47, 31, -9999, -9999, -9999, 100, -9999, 42, 14, -9999, 89, 66, 31, 16, 41, 10, 85, -9999, -9999, -9999, -9999, -9999, 11, -9999, -9999, -9999, -9999, -9999, -9999, 99, -9999, -9999, 28, -9999, 99, -9999, -9999, 10, 74, -9999, -9999, -9999, -9999, -9999, -9999, -9999, 31, -9999, -9999, 42],
[-9999, -9999, -9999, -9999, -9999, -9999, -9999, -9999, -9999, -9999, -9999, -9999, -9999, -9999, -9999, -9999, -9999, -9999, -9999, -9999, -9999, -9999, -9999, -9999, -9999, -9999, -9999, -9999, -9999, -9999, -9999, -9999, -9999, -9999, -9999, -9999, -9999, -9999, -9999, -9999, -9999, -9999, -9999, -9999, -9999, -9999, -9999, -9999, -9999, -9999, -9999, -9999, -9999, -9999, -9999, -9999, -9999, -9999, -9999, -9999, -9999, -9999, -9999, -9999, -9999, -9999, -9999, -9999, -9999, -9999, -9999, -9999, -9999, -9999, -9999, -9999, -9999, -9999, -9999, -9999, 94, -9999, -9999, 25, -9999, -9999, -9999, -9999, -9999, -9999, -9999, 15, -9999, -9999, -9999, -9999, -9999, -9999, -9999, -9999],
[-9999, -9999, -9999, 37, -9999, -9999, -9999, -9999, -9999, -9999, -9999, -9999, -9999, -9999, -9999, -9999, -9999, -9999, -9999, -9999, -9999, 31, 100, -9999, 58, -9999, -9999, -9999, -9999, -9999, -9999, -9999, 91, -9999, -9999, -9999, -9999, -9999, 58, -9999, -9999, -9999, 22, -9999, -9999, -9999, -9999, 3, -9999, 98, -9999, -9999, -9999, -9999, -9999, 76, -9999, -9999, 26, -9999, -9999, -9999, 1, -9999, -9999, -9999, -9999, 32, -9999, -9999, -9999, -9999, 92, -9999, -9999, -9999, 33, -9999, -9999, 29, -9999, -9999, -9999, -9999, 67, -9999, -9999, 51, -9999, 14, -9999, -9999, -9999, -9999, -9999, -9999, -9999, -9999, -9999, -9999]
];
