NbNodes = 100;
NbNDDs = 0;
NbPairs = 100;
NbTerminals = 0;
K = 0;
L = 102;
Wt = [
[-9999, -9999, -9999, -9999, -9999, -9999, 85, 18, -9999, -9999, -9999, -9999, -9999, -9999, -9999, -9999, -9999, -9999, -9999, -9999, 38, -9999, -9999, -9999, 19, -9999, -9999, -9999, -9999, -9999, -9999, -9999, -9999, -9999, -9999, -9999, -9999, -9999, -9999, -9999, -9999, -9999, -9999, -9999, -9999, -9999, -9999, -9999, -9999, -9999, -9999, 55, -9999, -9999, -9999, -9999, -9999, -9999, 10, -9999, -9999, -9999, -9999, -9999, -9999, -9999, -9999, -9999, -9999, -9999, -9999, -9999, -9999, -9999, -9999, -9999, -9999, -9999, -9999, -9999, 42, -9999, 57, -9999, 85, -9999, -9999, -9999, 100, -9999, 99, 79, -9999, -9999, -9999, -9999, 66, -9999, -9999, -9999],
[20, -9999, 31, 100, 28, 48, -9999, 57, -9999, -9999, 33, 60, -9999, -9999, -9999, 3, 78, 84, 36, 100, -9999, -9999, -9999, 9, 11, 95, 5, 55, 14, 19, 42, -9999, 26, 30, -9999, -9999, 57, -9999, -9999, 60, 71, -9999, 91, 84, 44, -9999, -9999, 100, 33, -9999, 63, 98, 25, 50, 49, -9999, 18, -9999, -9999, 46, 14, 4, 94, 71, -9999, -9999, -9999, 2, 16, -9999, 55, -9999, 49, 78, -9999, 9, -9999, -9999, -9999, -9999, -9999, -9999, 88, 80, 30, 78, 56, -9999, 46, 38, 34, -9999, -9999, -9999, -9999, 88, 27, 76, -9999, -9999],
[-9999, -9999, -9999, -9999, -9999, -9999, -9999, 22, -9999, 95, -9999, -9999, -9999, -9999, -9999, -9999, -9999, -9999, -9999, 35, 45, -9999, -9999, -9999, -9999, -9999, -9999, -9999, -9999, -9999, -9999, -9999, -9999, 50, -9999, 98, -9999, -9999, -9999, -9999, -9999, -9999, -9999, -9999, -9999, -9999, -9999, -9999, -9999, -9999, -9999, 92, 30, -9999, -9999, -9999, -9999, -9999, -9999, -9999, -9999, -9999, 84, -9999, -9999, -9999, -9999, -9999, -9999, -9999, -9999, -9999, 47, -9999, -9999, -9999, -9999, 72, 4, -9999, 28, -9999, -9999, -9999, 58, -9999, -9999, -9999, 76, -9999, -9999, 23, -9999, -9999, -9999, -9999, 14, -9999, -9999, -9999],
[-9999, -9999, -9999, -9999, -9999, -9999, -9999, 54, -9999, 37, -9999, -9999, -9999, -9999, -9999, -9999, -9999, -9999, -9999, -9999, 45, -9999, -9999, -9999, 57, -9999, -9999, -9999, -9999, -9999, -9999, -9999, -9999, -9999, -9999, -9999, -9999, -9999, -9999, -9999, -9999, -9999, -9999, -9999, -9999, -9999, -9999, -9999, -9999, -9999, -9999, 81, 37, -9999, -9999, -9999, -9999, -9999, 73, -9999, -9999, -9999, 83, -9999, -9999, -9999, -9999, -9999, -9999, -9999, -9999, -9999, -9999, -9999, -9999, -9999, -9999, -9999, -9999, -9999, -9999, -9999, -9999, -9999, -9999, -9999, -9999, -9999, 88, -9999, -9999, -9999, -9999, -9999, -9999, 89, 74, -9999, -9999, -9999],
[-9999, -9999, -9999, -9999, -9999, -9999, 19, 3, -9999, -9999, -9999, -9999, -9999, -9999, -9999, -9999, -9999, -9999, -9999, -9999, -9999, -9999, -9999, -9999, 12, -9999, -9999, -9999, -9999, 98, -9999, -9999, -9999, 27, -9999, -9999, -9999, -9999, -9999, -9999, -9999, -9999, -9999, -9999, -9999, -9999, -9999, -9999, -9999, -9999, -9999, 1, 68, -9999, -9999, -9999, -9999, -9999, -9999, -9999, -9999, -9999, 65, -9999, -9999, -9999, -9999, -9999, -9999, -9999, -9999, -9999, 83, -9999, -9999, -9999, -9999, -9999, 22, -9999, -9999, -9999, 16, -9999, -9999, -9999, -9999, -9999, 60, -9999, 59, 95, -9999, -9999, -9999, 70, 88, -9999, -9999, -9999],
[-9999, -9999, -9999, -9999, -9999, -9999, -9999, -9999, -9999, 55, -9999, -9999, -9999, -9999, -9999, -9999, -9999, -9999, -9999, 66, -9999, -9999, -9999, -9999, 37, -9999, -9999, -9999, -9999, -9999, -9999, -9999, -9999, 26, -9999, 20, -9999, -9999, -9999, -9999, -9999, -9999, -9999, -9999, -9999, -9999, -9999, -9999, -9999, 38, -9999, 74, -9999, -9999, -9999, -9999, -9999, -9999, 4, -9999, -9999, -9999, -9999, -9999, -9999, -9999, -9999, -9999, -9999, -9999, -9999, -9999, -9999, -9999, -9999, 11, -9999, 69, -9999, -9999, 91, -9999, 27, -9999, -9999, -9999, -9999, -9999, 21, -9999, 27, 83, -9999, -9999, -9999, 22, 55, -9999, -9999, -9999],
[-9999, 19, 99, -9999, 42, -9999, -9999, 46, 12, -9999, 76, 2, -9999, -9999, -9999, 75, 70, 80, 30, 60, -9999, -9999, -9999, -9999, 65, 42, 33, 100, 79, -9999, 35, 26, 28, 42, -9999, 4, 90, -9999, 63, 73, 70, -9999, 22, 55, 26, 71, -9999, 36, -9999, -9999, 49, 44, -9999, -9999, 37, -9999, 34, 21, 30, 57, 100, -9999, -9999, 39, -9999, -9999, -9999, -9999, -9999, -9999, 58, 98, 79, 4, -9999, 51, 6, -9999, 30, -9999, -9999, -9999, 14, 51, 60, 60, 97, -9999, -9999, -9999, 4, 74, -9999, -9999, -9999, -9999, 61, 40, 74, -9999],
[-9999, 3, -9999, -9999, 24, 73, 52, -9999, -9999, 59, 63, -9999, -9999, -9999, -9999, -9999, -9999, 70, 54, -9999, -9999, -9999, -9999, 72, 39, 36, -9999, 5, 45, -9999, 41, -9999, 55, 3, -9999, 43, -9999, -9999, -9999, -9999, -9999, -9999, -9999, -9999, -9999, 29, -9999, -9999, -9999, 73, -9999, 28, -9999, 34, -9999, -9999, -9999, -9999, 80, -9999, -9999, 28, -9999, -9999, -9999, -9999, -9999, 75, -9999, -9999, -9999, -9999, 98, 86, 52, 77, 31, -9999, -9999, -9999, 61, -9999, 28, -9999, 54, -9999, 64, -9999, 3, -9999, 11, -9999, -9999, -9999, -9999, -9999, 36, 17, -9999, 2],
[28, -9999, 58, -9999, -9999, -9999, -9999, 18, -9999, 87, -9999, 31, 73, -9999, -9999, -9999, 61, 23, 12, -9999, 23, 42, 44, 67, 69, -9999, 67, 36, -9999, 52, -9999, 48, 18, -9999, -9999, 62, 22, -9999, 74, -9999, -9999, -9999, -9999, 26, -9999, 15, -9999, 52, -9999, 54, 93, 94, -9999, 81, 56, -9999, -9999, -9999, 16, 91, -9999, -9999, 76, 18, -9999, 70, -9999, 40, -9999, -9999, 31, 21, -9999, -9999, -9999, -9999, 24, 99, -9999, -9999, 59, 62, -9999, 21, -9999, 61, 80, 46, 78, -9999, 36, -9999, -9999, -9999, 48, -9999, 55, -9999, -9999, 12],
[-9999, -9999, -9999, -9999, -9999, -9999, 7, 64, -9999, -9999, -9999, 48, -9999, -9999, -9999, -9999, -9999, -9999, -9999, 43, 68, -9999, -9999, -9999, -9999, -9999, -9999, -9999, -9999, 50, -9999, 77, -9999, -9999, -9999, 36, -9999, -9999, 6, 93, -9999, -9999, -9999, -9999, -9999, -9999, -9999, -9999, -9999, 1, -9999, 4, 20, -9999, -9999, -9999, -9999, -9999, 19, -9999, -9999, -9999, -9999, -9999, -9999, -9999, -9999, -9999, -9999, -9999, -9999, -9999, 35, -9999, -9999, 21, -9999, 33, 5, -9999, -9999, -9999, 14, -9999, -9999, -9999, -9999, -9999, 72, -9999, 85, -9999, -9999, 39, -9999, -9999, 32, -9999, 22, -9999],
[-9999, -9999, 49, 27, -9999, 85, 85, 91, -9999, 58, -9999, -9999, 78, -9999, -9999, 2, 62, 2, 82, 8, -9999, -9999, 56, 78, 2, -9999, -9999, 18, 61, 13, -9999, -9999, 53, 45, -9999, 30, 11, 30, -9999, -9999, -9999, -9999, -9999, -9999, -9999, 2, -9999, -9999, -9999, 2, 2, 42, 6, -9999, -9999, -9999, -9999, -9999, 32, -9999, 2, 58, 20, -9999, -9999, -9999, -9999, -9999, -9999, -9999, -9999, 78, -9999, 75, -9999, 14, 55, 16, 20, -9999, 39, -9999, -9999, -9999, -9999, 77, 23, -9999, -9999, -9999, -9999, 44, -9999, -9999, -9999, -9999, 53, -9999, -9999, -9999],
[-9999, -9999, 50, -9999, 43, 71, 39, -9999, -9999, 23, 29, -9999, 80, -9999, -9999, -9999, -9999, 47, -9999, -9999, 54, -9999, 44, 90, 46, -9999, -9999, 36, 74, -9999, 10, -9999, 28, -9999, -9999, 53, 69, 94, -9999, -9999, -9999, 27, -9999, -9999, -9999, 28, 29, -9999, -9999, -9999, 97, 61, -9999, 25, -9999, -9999, -9999, 78, 46, -9999, -9999, -9999, 98, -9999, -9999, -9999, -9999, -9999, 38, -9999, 57, 58, -9999, 80, -9999, -9999, -9999, 12, 90, -9999, -9999, -9999, 39, -9999, -9999, -9999, 69, -9999, 1, -9999, -9999, 39, -9999, -9999, -9999, -9999, 77, -9999, -9999, 58],
[-9999, 53, -9999, -9999, -9999, 49, 31, -9999, -9999, 42, 82, -9999, -9999, -9999, -9999, 39, -9999, 31, 12, 72, -9999, -9999, 45, -9999, -9999, -9999, -9999, 19, 44, 49, 95, -9999, 48, 97, -9999, -9999, -9999, -9999, -9999, -9999, -9999, -9999, -9999, -9999, -9999, -9999, -9999, -9999, -9999, 40, -9999, 53, 60, 55, -9999, -9999, -9999, 21, 30, -9999, 22, -9999, 71, -9999, -9999, -9999, -9999, 54, 55, -9999, 87, -9999, 43, -9999, -9999, -9999, 79, 90, 69, -9999, -9999, -9999, 95, -9999, 12, -9999, 97, -9999, 52, -9999, 79, -9999, -9999, -9999, -9999, -9999, 78, -9999, -9999, 29],
[-9999, -9999, -9999, -9999, -9999, -9999, -9999, -9999, -9999, -9999, -9999, -9999, -9999, -9999, -9999, -9999, -9999, -9999, -9999, -9999, -9999, -9999, -9999, -9999, -9999, -9999, -9999, -9999, -9999, -9999, -9999, -9999, -9999, -9999, -9999, -9999, -9999, -9999, -9999, -9999, -9999, -9999, -9999, -9999, -9999, -9999, -9999, -9999, -9999, -9999, -9999, -9999, -9999, -9999, -9999, -9999, -9999, -9999, -9999, -9999, -9999, 90, -9999, -9999, -9999, -9999, -9999, -9999, -9999, -9999, -9999, -9999, -9999, 65, -9999, -9999, -9999, -9999, -9999, -9999, -9999, -9999, -9999, -9999, -9999, -9999, -9999, -9999, -9999, -9999, 44, -9999, -9999, -9999, -9999, -9999, -9999, 60, -9999, -9999],
[-9999, -9999, 81, -9999, 62, 47, 92, -9999, -9999, -9999, 100, -9999, -9999, -9999, -9999, 93, 18, 57, 3, -9999, 87, -9999, 100, 58, -9999, 16, -9999, 70, -9999, -9999, 7, -9999, 7, 75, -9999, 55, 40, 86, -9999, -9999, -9999, -9999, -9999, -9999, -9999, 35, -9999, -9999, 40, -9999, -9999, 91, -9999, 7, -9999, -9999, -9999, 100, -9999, -9999, 30, -9999, -9999, -9999, -9999, -9999, 30, -9999, -9999, -9999, 78, -9999, 52, -9999, -9999, -9999, 24, 6, 42, -9999, 39, 87, -9999, -9999, -9999, 35, 66, -9999, 2, -9999, -9999, 94, 100, -9999, -9999, -9999, 5, -9999, -9999, 63],
[48, -9999, -9999, -9999, 98, -9999, -9999, 5, -9999, 41, 63, 59, -9999, 86, -9999, -9999, 97, 31, -9999, -9999, -9999, -9999, 45, 83, -9999, 81, 91, 55, -9999, 70, 14, -9999, 1, -9999, -9999, -9999, -9999, -9999, 48, 70, 43, -9999, 67, -9999, -9999, -9999, -9999, 90, -9999, 74, 68, 71, 32, 65, 71, -9999, -9999, 86, 78, 86, -9999, -9999, 21, 66, -9999, -9999, -9999, -9999, -9999, -9999, 93, -9999, -9999, -9999, -9999, -9999, 70, -9999, -9999, 26, -9999, -9999, 3, -9999, 54, -9999, 22, -9999, 36, -9999, 53, 56, -9999, -9999, -9999, -9999, 82, 74, 44, -9999],
[-9999, -9999, -9999, -9999, -9999, -9999, 61, 98, -9999, 33, -9999, -9999, -9999, -9999, -9999, -9999, -9999, -9999, -9999, -9999, -9999, -9999, -9999, -9999, -9999, -9999, -9999, -9999, -9999, 29, -9999, -9999, -9999, 7, -9999, 42, -9999, -9999, -9999, -9999, -9999, -9999, -9999, -9999, -9999, -9999, -9999, -9999, -9999, -9999, -9999, 89, 61, -9999, -9999, -9999, -9999, -9999, -9999, -9999, -9999, -9999, -9999, -9999, -9999, -9999, -9999, -9999, -9999, -9999, -9999, -9999, -9999, -9999, 83, 24, -9999, -9999, 74, -9999, 31, -9999, -9999, -9999, 8, -9999, -9999, -9999, 96, -9999, 20, -9999, -9999, -9999, -9999, -9999, 33, -9999, -9999, -9999],
[-9999, -9999, 30, -9999, 61, 58, 17, -9999, -9999, -9999, 74, -9999, -9999, -9999, -9999, -9999, 96, -9999, 10, -9999, -9999, -9999, 23, 22, -9999, 6, -9999, 79, 83, -9999, -9999, -9999, 22, 46, 75, -9999, 3, -9999, -9999, -9999, -9999, -9999, -9999, 82, -9999, 7, -9999, -9999, -9999, 83, -9999, 10, -9999, 14, -9999, -9999, -9999, -9999, 39, -9999, -9999, 78, 100, -9999, 54, -9999, -9999, 27, 91, -9999, -9999, 26, -9999, 17, -9999, -9999, 42, 31, 79, -9999, -9999, -9999, 53, 28, 18, -9999, 35, -9999, -9999, -9999, 59, 54, -9999, -9999, -9999, -9999, 99, 76, -9999, 66],
[-9999, -9999, -9999, -9999, -9999, -9999, -9999, 14, -9999, 58, -9999, -9999, -9999, -9999, -9999, -9999, -9999, -9999, -9999, 27, 20, -9999, -9999, -9999, 69, -9999, -9999, -9999, -9999, 81, -9999, -9999, -9999, 50, -9999, 10, -9999, -9999, -9999, -9999, -9999, -9999, -9999, -9999, -9999, -9999, -9999, -9999, -9999, -9999, -9999, 18, -9999, -9999, -9999, -9999, -9999, -9999, 63, -9999, -9999, -9999, 22, -9999, -9999, -9999, -9999, -9999, -9999, -9999, -9999, -9999, -9999, -9999, -9999, -9999, -9999, 42, 83, -9999, 18, -9999, 31, -9999, 15, -9999, -9999, -9999, 12, -9999, 18, -9999, -9999, -9999, -9999, -9999, 45, -9999, -9999, -9999],
[-9999, -9999, 96, 45, 2, 28, 73, 40, -9999, 21, 8, -9999, -9999, -9999, -9999, 52, -9999, 43, 67, -9999, 18, -9999, -9999, 33, 57, -9999, -9999, 59, -9999, 34, -9999, -9999, 58, -9999, 78, 68, 38, -9999, -9999, -9999, -9999, -9999, -9999, -9999, -9999, 4, -9999, -9999, -9999, 44, 42, 96, -9999, 85, -9999, -9999, -9999, 35, 65, -9999, 65, 74, -9999, -9999, -9999, -9999, -9999, 67, -9999, -9999, -9999, -9999, -9999, -9999, -9999, -9999, -9999, -9999, 13, -9999, 94, -9999, 84, -9999, -9999, 54, 35, -9999, 64, -9999, -9999, 65, -9999, -9999, -9999, -9999, 89, -9999, -9999, 16],
[-9999, -9999, -9999, -9999, -9999, -9999, 46, -9999, -9999, 43, -9999, -9999, -9999, -9999, -9999, -9999, -9999, -9999, -9999, 13, -9999, -9999, -9999, -9999, 66, -9999, -9999, -9999, -9999, 36, -9999, -9999, -9999, 60, -9999, 53, -9999, -9999, -9999, -9999, -9999, -9999, -9999, -9999, -9999, -9999, -9999, -9999, -9999, 98, -9999, 41, 90, -9999, -9999, -9999, -9999, -9999, 12, -9999, -9999, -9999, 97, -9999, -9999, -9999, -9999, -9999, -9999, -9999, -9999, -9999, -9999, -9999, -9999, -9999, -9999, -9999, 96, 94, 37, -9999, 47, -9999, -9999, -9999, -9999, -9999, -9999, -9999, -9999, 20, -9999, -9999, -9999, -9999, 53, -9999, -9999, -9999],
[-9999, -9999, 51, -9999, 59, 29, 21, -9999, -9999, -9999, 11, -9999, -9999, 82, -9999, -9999, -9999, 5, 90, -9999, 24, -9999, -9999, -9999, 76, 93, 98, 24, -9999, -9999, -9999, 71, 1, -9999, -9999, -9999, -9999, -9999, 15, 68, 47, -9999, -9999, -9999, 42, 56, -9999, 44, -9999, -9999, 9, 14, 28, -9999, 72, 62, -9999, 9, 35, 90, 91, -9999, -9999, -9999, 59, -9999, -9999, 44, -9999, 69, -9999, -9999, 92, 43, -9999, 80, -9999, 55, -9999, -9999, -9999, -9999, -9999, 24, 42, 90, 17, 52, -9999, 43, -9999, -9999, -9999, -9999, -9999, -9999, 80, -9999, 64, -9999],
[-9999, -9999, -9999, -9999, -9999, -9999, 71, -9999, -9999, 51, -9999, -9999, -9999, -9999, -9999, -9999, -9999, -9999, -9999, -9999, 38, -9999, -9999, -9999, 100, -9999, -9999, -9999, -9999, 22, -9999, -9999, -9999, -9999, -9999, -9999, -9999, -9999, -9999, -9999, -9999, -9999, -9999, -9999, -9999, -9999, -9999, -9999, -9999, 100, -9999, 18, -9999, -9999, -9999, -9999, -9999, -9999, 15, -9999, -9999, -9999, -9999, -9999, -9999, -9999, -9999, -9999, -9999, -9999, -9999, -9999, 3, -9999, -9999, 51, -9999, 73, 57, 56, 19, -9999, 22, -9999, -9999, -9999, -9999, -9999, -9999, -9999, 54, -9999, -9999, -9999, -9999, -9999, 52, -9999, -9999, -9999],
[-9999, -9999, -9999, 53, -9999, -9999, 4, 30, -9999, 18, -9999, -9999, -9999, -9999, -9999, -9999, -9999, -9999, -9999, 46, -9999, -9999, -9999, -9999, -9999, -9999, -9999, -9999, -9999, -9999, -9999, -9999, -9999, -9999, -9999, 56, -9999, -9999, -9999, -9999, -9999, -9999, -9999, -9999, -9999, -9999, 86, -9999, -9999, 97, -9999, 94, -9999, -9999, -9999, -9999, -9999, -9999, -9999, -9999, -9999, -9999, 99, -9999, -9999, -9999, -9999, -9999, -9999, -9999, -9999, -9999, 88, -9999, -9999, -9999, -9999, 30, 95, -9999, 14, -9999, 43, -9999, 22, -9999, -9999, -9999, 89, -9999, -9999, 37, -9999, -9999, -9999, -9999, 23, -9999, -9999, -9999],
[-9999, 73, 30, 2, 40, 71, -9999, 9, -9999, 5, 31, -9999, -9999, -9999, -9999, 48, 87, 17, -9999, -9999, -9999, -9999, -9999, 11, -9999, 64, -9999, 78, -9999, 9, 59, -9999, 20, 4, -9999, 23, 69, 58, -9999, -9999, -9999, -9999, -9999, -9999, -9999, 70, -9999, -9999, -9999, -9999, 77, 47, -9999, -9999, -9999, -9999, -9999, 36, -9999, -9999, 88, 1, 47, -9999, -9999, -9999, -9999, 88, 29, -9999, 14, 68, -9999, 48, -9999, -9999, -9999, 58, -9999, -9999, 1, -9999, 47, 56, -9999, 70, 33, -9999, -9999, -9999, 37, 74, -9999, -9999, -9999, -9999, 55, 64, -9999, -9999],
[-9999, -9999, 94, -9999, 83, 48, 1, 1, -9999, 62, 46, -9999, -9999, -9999, -9999, -9999, -9999, 85, -9999, -9999, -9999, -9999, 99, 60, 36, -9999, -9999, 33, 81, 51, -9999, -9999, 88, -9999, -9999, 78, 68, -9999, -9999, -9999, -9999, -9999, -9999, -9999, -9999, 19, -9999, -9999, -9999, -9999, -9999, 38, -9999, 51, -9999, -9999, -9999, 27, 98, -9999, 70, -9999, 83, -9999, -9999, -9999, -9999, 98, 94, -9999, -9999, -9999, 53, -9999, -9999, -9999, -9999, -9999, -9999, -9999, -9999, -9999, 84, 20, -9999, 46, 66, -9999, -9999, -9999, 51, 67, 84, -9999, -9999, -9999, 63, 43, -9999, 40],
[-9999, 65, -9999, -9999, -9999, 48, 12, -9999, -9999, 89, -9999, -9999, -9999, 59, -9999, -9999, 62, 57, 47, 54, -9999, -9999, 51, -9999, 50, 17, -9999, 14, -9999, -9999, -9999, -9999, 4, 96, -9999, 42, 62, -9999, -9999, -9999, -9999, -9999, -9999, 79, -9999, 56, -9999, -9999, -9999, -9999, 30, 23, 88, 78, -9999, -9999, -9999, 42, -9999, -9999, -9999, 22, 74, -9999, 81, -9999, -9999, 71, -9999, -9999, -9999, 19, 46, -9999, -9999, -9999, 37, -9999, 51, -9999, 29, -9999, 26, -9999, -9999, 84, 33, -9999, 77, -9999, 17, 77, -9999, -9999, -9999, -9999, 79, 12, -9999, 10],
[-9999, -9999, -9999, -9999, 7, -9999, 85, -9999, -9999, 73, 35, -9999, -9999, -9999, -9999, -9999, 43, 49, 70, 37, 13, -9999, 13, -9999, -9999, -9999, -9999, -9999, 23, 32, -9999, -9999, 67, -9999, -9999, -9999, 91, -9999, -9999, -9999, -9999, -9999, -9999, 67, -9999, -9999, 12, -9999, -9999, -9999, 35, 88, -9999, -9999, -9999, -9999, -9999, 74, 86, -9999, 25, -9999, -9999, -9999, -9999, -9999, -9999, -9999, -9999, -9999, -9999, -9999, 20, 11, -9999, 5, 62, 6, -9999, -9999, -9999, -9999, 20, -9999, -9999, 52, 71, -9999, 15, -9999, 11, -9999, -9999, -9999, -9999, 27, 33, -9999, -9999, -9999],
[-9999, -9999, -9999, -9999, -9999, -9999, 45, 7, -9999, 10, -9999, -9999, -9999, -9999, -9999, -9999, -9999, -9999, -9999, 28, -9999, -9999, -9999, -9999, -9999, -9999, -9999, -9999, -9999, 100, -9999, -9999, -9999, 57, -9999, -9999, -9999, -9999, -9999, -9999, -9999, -9999, -9999, -9999, -9999, -9999, -9999, -9999, -9999, -9999, -9999, 23, 45, -9999, -9999, -9999, -9999, -9999, -9999, -9999, -9999, -9999, -9999, -9999, -9999, -9999, -9999, -9999, -9999, -9999, -9999, -9999, -9999, -9999, -9999, 17, -9999, 24, 22, -9999, -9999, -9999, -9999, -9999, 18, -9999, -9999, -9999, 73, -9999, 27, 53, -9999, -9999, -9999, -9999, 48, -9999, -9999, -9999],
[34, 15, 52, 20, -9999, 70, 79, -9999, 9, 52, 74, 33, -9999, -9999, -9999, 50, -9999, 39, -9999, -9999, 71, -9999, 6, 80, -9999, 90, 20, 58, 49, -9999, 7, 22, 85, -9999, -9999, 1, 14, 59, -9999, -9999, 69, -9999, 24, 30, -9999, 82, -9999, 37, -9999, -9999, 98, 78, 97, -9999, 29, -9999, 79, -9999, 79, 67, -9999, -9999, 80, 82, 20, 60, -9999, 7, -9999, -9999, -9999, -9999, -9999, 62, -9999, 87, -9999, -9999, -9999, -9999, 29, -9999, -9999, 58, 66, 94, 82, 99, -9999, -9999, -9999, 32, -9999, -9999, -9999, -9999, 62, -9999, 73, -9999],
[-9999, -9999, -9999, 24, -9999, -9999, -9999, 35, -9999, -9999, -9999, -9999, -9999, -9999, -9999, -9999, -9999, -9999, -9999, 46, -9999, -9999, -9999, -9999, 87, -9999, -9999, -9999, -9999, 9, -9999, -9999, -9999, -9999, -9999, 31, -9999, -9999, -9999, -9999, -9999, -9999, -9999, -9999, -9999, -9999, 19, -9999, -9999, -9999, -9999, 73, -9999, -9999, -9999, -9999, -9999, -9999, 78, -9999, -9999, -9999, 56, -9999, -9999, -9999, -9999, -9999, -9999, -9999, -9999, -9999, 49, -9999, -9999, -9999, -9999, -9999, 37, -9999, 38, -9999, 55, -9999, -9999, -9999, -9999, -9999, 80, -9999, 18, -9999, -9999, -9999, -9999, -9999, -9999, -9999, -9999, -9999],
[-9999, -9999, -9999, -9999, -9999, -9999, 65, -9999, -9999, 75, -9999, -9999, -9999, -9999, -9999, -9999, -9999, -9999, -9999, -9999, 11, -9999, -9999, -9999, 100, -9999, -9999, -9999, -9999, -9999, -9999, -9999, -9999, 15, -9999, -9999, -9999, -9999, -9999, -9999, -9999, -9999, -9999, -9999, -9999, -9999, -9999, -9999, -9999, -9999, -9999, 7, 79, -9999, -9999, -9999, -9999, -9999, 91, -9999, -9999, -9999, 62, -9999, -9999, -9999, -9999, -9999, -9999, -9999, -9999, -9999, -9999, -9999, -9999, 87, -9999, -9999, 34, -9999, 71, -9999, -9999, -9999, -9999, -9999, -9999, -9999, -9999, -9999, 51, 17, -9999, -9999, -9999, -9999, 20, -9999, -9999, -9999],
[-9999, -9999, -9999, -9999, -9999, 72, 65, -9999, -9999, -9999, -9999, -9999, -9999, -9999, -9999, 85, 16, 40, -9999, 16, -9999, -9999, 98, -9999, -9999, 66, -9999, 11, 69, -9999, -9999, -9999, -9999, 73, -9999, -9999, 39, 65, -9999, -9999, -9999, -9999, -9999, 22, -9999, 9, -9999, -9999, -9999, -9999, 97, 79, 40, -9999, -9999, -9999, -9999, 45, 96, -9999, 90, 76, -9999, -9999, -9999, -9999, -9999, -9999, -9999, -9999, 82, 34, 79, -9999, -9999, 70, -9999, 1, 82, -9999, 40, -9999, -9999, 27, 48, 50, 20, -9999, -9999, -9999, -9999, 43, 95, -9999, -9999, -9999, 80, 11, -9999, 16],
[-9999, -9999, -9999, -9999, 34, -9999, 77, -9999, -9999, 11, -9999, -9999, 86, -9999, -9999, 12, -9999, 47, -9999, -9999, 11, -9999, -9999, -9999, -9999, 12, -9999, 44, -9999, 8, 8, -9999, 12, -9999, -9999, 75, 38, 61, -9999, -9999, -9999, -9999, -9999, 66, -9999, -9999, 4, -9999, -9999, 14, 54, 79, -9999, -9999, -9999, -9999, -9999, -9999, -9999, -9999, 90, -9999, 26, -9999, -9999, -9999, 21, 32, 78, -9999, -9999, 24, -9999, -9999, 99, 81, -9999, -9999, 49, -9999, 46, 52, -9999, 95, 75, 62, 56, -9999, 98, -9999, 61, -9999, -9999, -9999, -9999, -9999, 12, -9999, -9999, -9999],
[-9999, -9999, -9999, -9999, -9999, -9999, -9999, -9999, -9999, 39, -9999, -9999, -9999, -9999, -9999, -9999, -9999, -9999, -9999, -9999, 31, -9999, -9999, -9999, 52, -9999, -9999, -9999, -9999, 30, -9999, -9999, -9999, 36, -9999, -9999, -9999, -9999, -9999, -9999, -9999, -9999, -9999, -9999, -9999, -9999, -9999, -9999, -9999, 16, -9999, 7, 9, -9999, -9999, -9999, -9999, -9999, -9999, -9999, -9999, -9999, 36, -9999, -9999, -9999, -9999, -9999, -9999, -9999, -9999, -9999, -9999, -9999, -9999, 46, -9999, -9999, -9999, -9999, -9999, -9999, -9999, -9999, 98, -9999, -9999, -9999, 99, -9999, 80, -9999, -9999, -9999, -9999, -9999, 2, -9999, -9999, -9999],
[-9999, -9999, -9999, -9999, -9999, -9999, 4, 44, -9999, -9999, -9999, -9999, -9999, -9999, -9999, 81, -9999, 80, 31, 45, -9999, -9999, 85, 36, 83, 87, -9999, 45, 96, 95, 98, -9999, 4, 28, -9999, -9999, -9999, 62, -9999, -9999, -9999, -9999, -9999, -9999, -9999, 20, -9999, -9999, -9999, 79, 93, 46, 29, 44, -9999, -9999, -9999, 59, 6, -9999, 79, 71, 16, -9999, -9999, -9999, -9999, -9999, 64, -9999, 62, 7, -9999, -9999, -9999, 65, 62, 38, -9999, -9999, -9999, -9999, -9999, -9999, 36, 65, 21, -9999, 37, -9999, 66, -9999, -9999, -9999, -9999, -9999, 56, 25, -9999, -9999],
[-9999, -9999, -9999, -9999, 25, 26, -9999, 11, -9999, -9999, 40, 92, 36, -9999, -9999, 9, -9999, 1, -9999, -9999, 64, -9999, 94, 56, -9999, 49, 4, 60, 91, 54, -9999, 26, 71, -9999, -9999, 92, -9999, 10, 51, -9999, 24, -9999, -9999, 75, -9999, -9999, -9999, 27, -9999, -9999, -9999, 32, -9999, -9999, 98, -9999, 46, 37, 46, 5, 97, 42, 39, 33, -9999, -9999, -9999, 3, 15, -9999, 21, -9999, 46, 1, -9999, -9999, 56, 71, -9999, -9999, -9999, 3, -9999, 42, -9999, 94, 68, 91, -9999, 74, 23, -9999, -9999, -9999, -9999, -9999, 90, -9999, 79, 31],
[-9999, -9999, -9999, -9999, -9999, -9999, -9999, 33, -9999, 60, -9999, 21, -9999, -9999, -9999, -9999, -9999, -9999, -9999, -9999, -9999, -9999, -9999, -9999, 14, -9999, -9999, -9999, -9999, -9999, -9999, -9999, -9999, 70, -9999, 94, -9999, -9999, -9999, -9999, -9999, -9999, -9999, -9999, -9999, -9999, -9999, -9999, -9999, 14, -9999, 100, -9999, -9999, -9999, -9999, -9999, -9999, 40, -9999, -9999, -9999, 76, -9999, -9999, -9999, -9999, -9999, -9999, -9999, -9999, -9999, 19, -9999, -9999, 28, -9999, 60, -9999, 60, 76, -9999, 37, -9999, 8, -9999, -9999, -9999, 58, -9999, -9999, 37, -9999, -9999, -9999, -9999, 77, -9999, 90, -9999],
[-9999, -9999, 59, -9999, 96, 60, -9999, -9999, -9999, -9999, -9999, -9999, -9999, -9999, -9999, 45, -9999, 88, 11, -9999, 77, -9999, 3, -9999, 79, -9999, -9999, 32, -9999, 23, -9999, -9999, 14, 10, -9999, 2, -9999, -9999, -9999, -9999, -9999, -9999, -9999, -9999, -9999, 41, -9999, -9999, -9999, 71, -9999, 86, 29, 52, -9999, -9999, -9999, -9999, 88, -9999, 43, 89, 39, -9999, -9999, -9999, -9999, 53, 82, -9999, 46, 30, 27, 46, -9999, -9999, 81, 22, -9999, -9999, 30, -9999, -9999, -9999, 88, -9999, 87, -9999, 36, -9999, 68, 32, -9999, -9999, -9999, -9999, 70, -9999, -9999, -9999],
[-9999, -9999, -9999, 57, 24, 12, 84, -9999, -9999, -9999, -9999, -9999, -9999, 33, -9999, -9999, -9999, 42, 75, -9999, 97, -9999, 4, 19, -9999, -9999, -9999, 39, -9999, 2, -9999, -9999, 84, -9999, -9999, -9999, 84, 27, -9999, -9999, -9999, -9999, -9999, -9999, -9999, -9999, -9999, -9999, -9999, -9999, 50, 89, -9999, 5, -9999, -9999, -9999, -9999, 94, -9999, -9999, 79, 70, -9999, -9999, -9999, -9999, 10, -9999, -9999, 95, 63, -9999, -9999, -9999, 4, 54, -9999, 52, -9999, 4, 51, 57, 51, -9999, 82, 59, -9999, 38, -9999, 93, 85, -9999, -9999, -9999, -9999, 47, 98, -9999, -9999],
[-9999, -9999, -9999, -9999, 14, 91, -9999, -9999, -9999, -9999, 87, -9999, -9999, -9999, -9999, -9999, 15, 41, 48, 88, 23, -9999, -9999, -9999, 83, 90, -9999, 100, -9999, 63, 16, -9999, 89, 61, -9999, -9999, 16, 79, -9999, -9999, -9999, -9999, -9999, 3, -9999, -9999, -9999, -9999, -9999, 22, 74, 51, -9999, -9999, -9999, -9999, -9999, 26, 87, -9999, -9999, 27, 24, -9999, -9999, -9999, 13, 3, -9999, -9999, 54, 5, 2, 78, -9999, -9999, 35, 24, -9999, -9999, 66, -9999, -9999, 8, -9999, 35, 19, -9999, 6, -9999, 24, 20, -9999, -9999, -9999, -9999, 42, 86, -9999, -9999],
[-9999, -9999, -9999, -9999, -9999, -9999, -9999, 33, -9999, -9999, -9999, -9999, -9999, -9999, -9999, -9999, -9999, -9999, -9999, -9999, 15, -9999, -9999, -9999, 34, -9999, -9999, -9999, -9999, 75, -9999, -9999, -9999, -9999, -9999, -9999, -9999, -9999, -9999, -9999, -9999, -9999, -9999, -9999, -9999, -9999, -9999, -9999, -9999, 90, -9999, 93, 93, -9999, -9999, -9999, -9999, -9999, 63, -9999, -9999, -9999, 79, -9999, -9999, -9999, -9999, -9999, -9999, -9999, -9999, -9999, 27, -9999, -9999, 27, -9999, 21, 87, -9999, -9999, -9999, -9999, -9999, 20, -9999, -9999, -9999, 77, -9999, 45, -9999, -9999, -9999, -9999, -9999, 42, -9999, -9999, -9999],
[-9999, -9999, -9999, -9999, -9999, -9999, -9999, 55, -9999, -9999, -9999, -9999, -9999, -9999, -9999, -9999, -9999, -9999, -9999, -9999, -9999, -9999, -9999, -9999, 86, -9999, -9999, -9999, -9999, -9999, -9999, -9999, -9999, -9999, -9999, -9999, -9999, -9999, -9999, -9999, -9999, -9999, -9999, -9999, -9999, -9999, 65, -9999, -9999, 69, -9999, 42, -9999, -9999, -9999, -9999, -9999, -9999, 7, -9999, -9999, -9999, 31, -9999, -9999, -9999, -9999, -9999, -9999, -9999, -9999, -9999, 55, -9999, -9999, 19, -9999, -9999, -9999, -9999, 79, -9999, 95, -9999, 63, -9999, -9999, -9999, 90, -9999, 29, 43, -9999, -9999, -9999, -9999, 14, -9999, -9999, -9999],
[-9999, -9999, -9999, -9999, -9999, -9999, -9999, -9999, -9999, 15, -9999, -9999, -9999, -9999, -9999, -9999, -9999, -9999, -9999, 96, 94, -9999, -9999, -9999, 33, -9999, -9999, -9999, -9999, 48, -9999, 18, -9999, -9999, -9999, -9999, -9999, -9999, -9999, -9999, -9999, -9999, -9999, -9999, -9999, -9999, -9999, -9999, -9999, -9999, -9999, 83, -9999, -9999, -9999, -9999, -9999, -9999, 44, -9999, -9999, -9999, -9999, -9999, -9999, -9999, -9999, -9999, -9999, -9999, -9999, -9999, 65, -9999, -9999, -9999, -9999, -9999, 75, -9999, 61, -9999, -9999, -9999, 46, -9999, -9999, -9999, 16, -9999, 43, -9999, -9999, -9999, -9999, -9999, 60, -9999, 94, -9999],
[-9999, -9999, -9999, -9999, -9999, -9999, -9999, 84, -9999, -9999, -9999, -9999, -9999, -9999, -9999, -9999, -9999, -9999, -9999, -9999, -9999, -9999, -9999, -9999, 9, -9999, -9999, -9999, -9999, -9999, -9999, -9999, -9999, 62, -9999, -9999, -9999, -9999, -9999, -9999, -9999, -9999, -9999, -9999, -9999, -9999, -9999, -9999, -9999, -9999, -9999, 74, -9999, -9999, -9999, -9999, -9999, -9999, 22, -9999, -9999, -9999, 1, -9999, -9999, -9999, -9999, -9999, -9999, -9999, -9999, -9999, 16, -9999, 88, 90, -9999, -9999, -9999, -9999, -9999, -9999, 90, -9999, -9999, -9999, -9999, -9999, -9999, -9999, -9999, 2, -9999, -9999, -9999, -9999, 82, -9999, -9999, -9999],
[-9999, -9999, -9999, -9999, -9999, -9999, -9999, -9999, -9999, -9999, -9999, -9999, -9999, -9999, -9999, -9999, -9999, -9999, -9999, -9999, -9999, -9999, -9999, -9999, -9999, -9999, -9999, -9999, -9999, -9999, -9999, -9999, -9999, -9999, -9999, -9999, -9999, -9999, -9999, -9999, -9999, -9999, -9999, -9999, -9999, -9999, -9999, -9999, -9999, -9999, -9999, -9999, -9999, -9999, -9999, -9999, -9999, -9999, -9999, -9999, -9999, 61, -9999, -9999, -9999, -9999, -9999, -9999, -9999, -9999, -9999, -9999, -9999, 83, -9999, -9999, -9999, -9999, -9999, -9999, -9999, -9999, -9999, -9999, -9999, -9999, -9999, -9999, -9999, -9999, 44, -9999, -9999, -9999, -9999, -9999, -9999, 72, -9999, -9999],
[-9999, -9999, -9999, -9999, -9999, -9999, 6, -9999, -9999, 86, -9999, -9999, -9999, -9999, -9999, -9999, -9999, -9999, -9999, 76, -9999, -9999, -9999, -9999, -9999, -9999, -9999, -9999, -9999, 63, -9999, -9999, -9999, 59, -9999, -9999, -9999, -9999, 16, 27, -9999, -9999, -9999, -9999, -9999, -9999, -9999, -9999, -9999, 92, -9999, 57, 16, -9999, -9999, -9999, -9999, -9999, -9999, -9999, -9999, -9999, -9999, -9999, -9999, -9999, -9999, -9999, -9999, -9999, -9999, -9999, -9999, -9999, -9999, -9999, -9999, 58, -9999, -9999, 22, -9999, 88, -9999, 30, -9999, -9999, -9999, -9999, -9999, 71, 36, -9999, -9999, -9999, -9999, 5, -9999, 3, -9999],
[-9999, -9999, -9999, -9999, -9999, -9999, -9999, -9999, -9999, -9999, -9999, -9999, -9999, -9999, -9999, -9999, -9999, -9999, -9999, -9999, -9999, -9999, -9999, -9999, -9999, -9999, -9999, -9999, -9999, -9999, -9999, -9999, -9999, -9999, -9999, -9999, -9999, -9999, -9999, -9999, -9999, -9999, -9999, -9999, -9999, -9999, -9999, -9999, -9999, -9999, -9999, -9999, -9999, -9999, -9999, -9999, -9999, -9999, -9999, -9999, -9999, -9999, -9999, -9999, -9999, -9999, -9999, -9999, -9999, -9999, -9999, -9999, -9999, -9999, -9999, -9999, -9999, -9999, -9999, -9999, -9999, -9999, -9999, -9999, -9999, 99, -9999, -9999, -9999, -9999, -9999, -9999, -9999, -9999, -9999, -9999, -9999, 31, -9999, -9999],
[-9999, -9999, -9999, -9999, -9999, -9999, -9999, -9999, -9999, -9999, -9999, -9999, -9999, -9999, -9999, -9999, -9999, -9999, -9999, -9999, -9999, -9999, -9999, -9999, -9999, -9999, -9999, -9999, -9999, -9999, -9999, -9999, -9999, -9999, -9999, -9999, -9999, -9999, -9999, -9999, -9999, -9999, -9999, -9999, -9999, -9999, -9999, -9999, -9999, -9999, -9999, -9999, -9999, -9999, -9999, -9999, -9999, -9999, -9999, -9999, -9999, 15, -9999, -9999, -9999, -9999, -9999, -9999, -9999, -9999, -9999, -9999, -9999, -9999, -9999, -9999, -9999, -9999, -9999, -9999, -9999, -9999, -9999, -9999, -9999, -9999, -9999, -9999, -9999, -9999, 3, -9999, -9999, -9999, -9999, -9999, -9999, 64, -9999, -9999],
[-9999, -9999, 51, -9999, 26, -9999, 77, 7, -9999, 75, -9999, -9999, -9999, -9999, -9999, 87, 47, 18, 26, 29, -9999, -9999, 66, 3, 24, -9999, -9999, 46, 50, -9999, 54, -9999, 100, -9999, 31, 80, -9999, 8, -9999, -9999, -9999, -9999, -9999, -9999, -9999, 45, -9999, -9999, -9999, -9999, 43, 25, 90, -9999, -9999, -9999, -9999, -9999, 57, -9999, -9999, 96, 60, -9999, 5, -9999, -9999, -9999, 41, -9999, 41, -9999, 42, 62, -9999, -9999, -9999, 86, 51, -9999, 74, -9999, 31, -9999, 27, -9999, 96, -9999, 2, -9999, -9999, 34, -9999, -9999, 12, -9999, 29, -9999, -9999, 19],
[-9999, 56, -9999, -9999, -9999, -9999, 61, 82, -9999, 23, 72, -9999, -9999, -9999, 25, 38, 67, 36, 7, -9999, 12, -9999, 53, 47, -9999, 98, -9999, 47, -9999, 2, 82, -9999, 42, 33, 75, 13, 2, 4, -9999, -9999, -9999, -9999, -9999, 46, -9999, 59, -9999, -9999, -9999, -9999, -9999, 91, -9999, 64, -9999, -9999, -9999, 61, 87, -9999, 25, 27, 88, -9999, 70, -9999, -9999, 51, 72, -9999, -9999, 15, -9999, 86, -9999, -9999, -9999, -9999, 43, -9999, -9999, -9999, 71, 44, -9999, 9, 88, -9999, -9999, -9999, 49, 41, -9999, -9999, -9999, -9999, 71, 76, -9999, -9999],
[-9999, 68, -9999, 48, -9999, 49, 54, -9999, -9999, -9999, 100, -9999, -9999, 51, -9999, 93, 19, 65, 27, -9999, 40, -9999, -9999, 77, 5, 87, -9999, 57, 88, 100, 41, -9999, 46, -9999, -9999, 15, -9999, 6, -9999, -9999, -9999, -9999, -9999, 41, -9999, 4, -9999, -9999, -9999, -9999, -9999, -9999, 41, -9999, -9999, -9999, -9999, 93, 44, -9999, 85, 16, 90, -9999, -9999, -9999, -9999, -9999, -9999, -9999, -9999, -9999, 89, 58, -9999, 10, -9999, -9999, -9999, 62, 57, -9999, 71, -9999, 83, 17, 88, -9999, 2, -9999, 100, -9999, -9999, -9999, -9999, -9999, 67, -9999, -9999, -9999],
[-9999, -9999, -9999, -9999, -9999, -9999, -9999, 15, -9999, -9999, -9999, 81, -9999, -9999, -9999, -9999, -9999, -9999, -9999, 67, 2, -9999, -9999, -9999, -9999, -9999, -9999, -9999, -9999, 95, -9999, -9999, -9999, -9999, -9999, 71, -9999, -9999, 51, 64, -9999, -9999, -9999, -9999, -9999, -9999, -9999, -9999, -9999, -9999, -9999, 81, -9999, -9999, -9999, 49, -9999, -9999, 15, -9999, -9999, -9999, -9999, -9999, -9999, -9999, -9999, -9999, -9999, -9999, -9999, -9999, -9999, -9999, -9999, 44, -9999, 11, 43, -9999, -9999, -9999, 35, -9999, -9999, -9999, -9999, -9999, 24, -9999, -9999, -9999, -9999, -9999, -9999, 45, 15, -9999, 27, -9999],
[-9999, -9999, -9999, -9999, -9999, -9999, 60, 32, -9999, 23, -9999, -9999, -9999, -9999, -9999, -9999, -9999, -9999, -9999, 19, -9999, -9999, -9999, -9999, 90, -9999, -9999, -9999, -9999, 7, -9999, -9999, -9999, 79, -9999, -9999, -9999, -9999, -9999, -9999, -9999, -9999, -9999, -9999, -9999, -9999, -9999, -9999, -9999, 88, -9999, 4, 37, -9999, -9999, -9999, -9999, -9999, 4, -9999, -9999, -9999, -9999, -9999, -9999, -9999, -9999, -9999, -9999, -9999, -9999, -9999, 98, -9999, -9999, 37, -9999, -9999, 30, -9999, 14, -9999, -9999, -9999, 46, -9999, -9999, -9999, 97, -9999, 19, 77, -9999, -9999, -9999, -9999, 46, -9999, -9999, -9999],
[-9999, -9999, 81, -9999, 45, -9999, 73, -9999, -9999, 55, 72, -9999, -9999, -9999, -9999, 66, 95, 20, 15, -9999, 24, 78, -9999, 86, 76, -9999, -9999, 43, -9999, 34, 51, -9999, 89, 96, -9999, 35, -9999, -9999, -9999, -9999, -9999, -9999, -9999, -9999, -9999, -9999, -9999, -9999, -9999, 5, 49, 36, -9999, 60, -9999, -9999, -9999, 28, -9999, -9999, -9999, 57, -9999, -9999, 88, -9999, -9999, 61, 2, -9999, -9999, -9999, -9999, 60, -9999, 29, 16, -9999, -9999, -9999, -9999, -9999, 24, 10, -9999, -9999, 6, -9999, 100, -9999, -9999, 30, -9999, -9999, -9999, -9999, 13, -9999, -9999, 87],
[-9999, -9999, 1, -9999, -9999, 97, -9999, 92, -9999, 18, -9999, -9999, -9999, -9999, -9999, 62, 38, 61, 44, 48, 83, -9999, -9999, -9999, -9999, 79, -9999, 75, 6, 22, -9999, -9999, 97, -9999, -9999, 84, 76, -9999, -9999, -9999, -9999, -9999, -9999, -9999, -9999, -9999, -9999, -9999, -9999, -9999, 58, 86, 38, -9999, -9999, -9999, -9999, 20, -9999, -9999, 61, 96, -9999, -9999, -9999, -9999, -9999, -9999, 24, -9999, 82, -9999, -9999, -9999, -9999, 23, 82, 51, 82, -9999, -9999, -9999, -9999, 85, 70, 9, 30, -9999, -9999, -9999, -9999, 85, -9999, -9999, 23, -9999, 11, 47, -9999, 85],
[-9999, -9999, -9999, -9999, -9999, -9999, -9999, -9999, -9999, -9999, -9999, -9999, -9999, -9999, -9999, -9999, -9999, -9999, -9999, -9999, -9999, -9999, -9999, -9999, -9999, -9999, -9999, -9999, -9999, -9999, -9999, -9999, -9999, -9999, -9999, -9999, -9999, -9999, -9999, -9999, -9999, -9999, -9999, -9999, -9999, -9999, -9999, -9999, -9999, -9999, -9999, -9999, -9999, -9999, -9999, -9999, -9999, -9999, -9999, -9999, -9999, -9999, -9999, -9999, -9999, -9999, -9999, -9999, -9999, -9999, -9999, -9999, -9999, 15, -9999, -9999, -9999, -9999, -9999, -9999, -9999, -9999, -9999, -9999, -9999, -9999, -9999, -9999, -9999, -9999, 28, -9999, -9999, -9999, -9999, -9999, -9999, -9999, 27, -9999],
[-9999, 1, 76, -9999, -9999, 45, 67, -9999, -9999, -9999, -9999, -9999, -9999, -9999, 7, -9999, 41, 62, 23, -9999, -9999, 62, -9999, -9999, -9999, 89, -9999, 71, 19, 52, 23, -9999, 33, 19, -9999, 100, 77, -9999, -9999, -9999, -9999, -9999, -9999, -9999, -9999, 12, -9999, -9999, 4, 74, 96, 89, 99, -9999, -9999, -9999, -9999, -9999, -9999, -9999, -9999, 22, -9999, -9999, -9999, -9999, -9999, 78, 86, -9999, 15, 89, 94, 63, -9999, 28, 37, -9999, 45, 54, -9999, -9999, 52, -9999, 49, -9999, 69, -9999, -9999, -9999, -9999, -9999, -9999, -9999, -9999, 37, 81, -9999, -9999, 96],
[-9999, -9999, -9999, -9999, -9999, -9999, 69, -9999, -9999, 29, -9999, -9999, -9999, -9999, -9999, -9999, -9999, -9999, -9999, -9999, 59, -9999, -9999, -9999, 43, -9999, -9999, -9999, -9999, -9999, -9999, -9999, -9999, 58, -9999, -9999, -9999, -9999, -9999, -9999, -9999, -9999, -9999, -9999, -9999, -9999, -9999, -9999, -9999, -9999, -9999, 28, -9999, -9999, -9999, -9999, -9999, -9999, -9999, -9999, -9999, -9999, 38, -9999, -9999, -9999, -9999, -9999, -9999, -9999, -9999, -9999, 65, -9999, -9999, -9999, -9999, -9999, 8, -9999, 29, -9999, 13, -9999, 81, -9999, -9999, -9999, -9999, -9999, 13, 47, -9999, -9999, -9999, -9999, 96, -9999, -9999, -9999],
[98, -9999, 21, -9999, 92, 100, 68, 67, 50, 23, -9999, 58, -9999, 27, -9999, 27, -9999, 99, 34, -9999, -9999, -9999, 84, 7, 89, -9999, 17, 6, 99, 91, 12, -9999, 15, -9999, -9999, 32, -9999, 66, 21, -9999, 36, -9999, 8, 25, -9999, -9999, -9999, 78, -9999, -9999, -9999, 54, 56, -9999, -9999, -9999, -9999, 52, -9999, -9999, -9999, 31, 7, -9999, -9999, 54, -9999, 59, 87, -9999, 3, -9999, 50, 61, -9999, -9999, -9999, 84, 51, -9999, 50, 42, -9999, 26, 80, 99, 1, 96, 60, -9999, -9999, -9999, -9999, -9999, -9999, -9999, 93, 87, 7, -9999],
[-9999, 34, 25, -9999, 65, 29, -9999, -9999, -9999, -9999, -9999, -9999, -9999, 2, -9999, -9999, -9999, 45, -9999, 13, 80, -9999, 83, 44, 16, -9999, -9999, 21, -9999, -9999, -9999, -9999, 67, -9999, -9999, 17, -9999, 32, -9999, -9999, -9999, -9999, -9999, 57, -9999, 45, -9999, -9999, -9999, -9999, 2, 76, 63, 22, -9999, -9999, -9999, 97, -9999, -9999, -9999, 61, 61, -9999, 91, -9999, -9999, -9999, 20, -9999, 89, 20, 29, 45, -9999, 26, 86, 70, 34, 17, -9999, -9999, -9999, -9999, -9999, 90, 72, -9999, 53, -9999, 42, 65, -9999, -9999, -9999, -9999, 11, -9999, -9999, 91],
[-9999, -9999, -9999, -9999, -9999, -9999, 86, 21, -9999, 9, -9999, -9999, -9999, -9999, -9999, -9999, -9999, -9999, -9999, 72, 85, -9999, -9999, -9999, -9999, -9999, -9999, -9999, -9999, 87, -9999, -9999, -9999, 25, -9999, 61, -9999, -9999, -9999, -9999, -9999, -9999, -9999, -9999, -9999, -9999, -9999, -9999, -9999, 6, -9999, 70, 70, -9999, -9999, -9999, -9999, -9999, 59, -9999, -9999, -9999, -9999, -9999, -9999, -9999, -9999, -9999, -9999, -9999, -9999, -9999, 37, -9999, -9999, -9999, -9999, 4, 15, -9999, -9999, -9999, 32, -9999, 36, -9999, -9999, -9999, -9999, -9999, 16, -9999, -9999, -9999, -9999, 83, 72, -9999, -9999, -9999],
[-9999, -9999, -9999, -9999, 45, 90, -9999, 23, -9999, 8, 60, -9999, -9999, -9999, -9999, -9999, 93, 11, 27, 14, 31, -9999, -9999, -9999, 20, -9999, -9999, 84, -9999, -9999, 92, -9999, 83, -9999, -9999, 96, -9999, 54, -9999, -9999, -9999, -9999, -9999, 48, -9999, 56, -9999, -9999, -9999, 72, 99, 78, 98, -9999, -9999, -9999, -9999, -9999, 9, -9999, -9999, 15, -9999, -9999, -9999, -9999, -9999, 25, 79, -9999, 32, 11, 93, 72, -9999, 34, 68, -9999, 45, -9999, 40, -9999, 46, -9999, 66, 88, 19, -9999, -9999, -9999, -9999, 32, -9999, -9999, -9999, -9999, 46, 94, -9999, -9999],
[-9999, -9999, -9999, -9999, -9999, -9999, -9999, -9999, -9999, -9999, -9999, -9999, -9999, -9999, -9999, -9999, -9999, -9999, -9999, -9999, -9999, -9999, -9999, -9999, -9999, -9999, -9999, -9999, -9999, -9999, -9999, -9999, -9999, -9999, -9999, -9999, -9999, -9999, -9999, -9999, -9999, -9999, -9999, -9999, -9999, -9999, -9999, -9999, -9999, -9999, -9999, -9999, -9999, -9999, -9999, -9999, -9999, -9999, -9999, -9999, -9999, 28, -9999, -9999, -9999, -9999, -9999, -9999, -9999, -9999, -9999, -9999, -9999, -9999, -9999, -9999, -9999, -9999, -9999, -9999, -9999, -9999, -9999, -9999, -9999, -9999, -9999, -9999, -9999, -9999, 29, -9999, -9999, -9999, -9999, -9999, -9999, -9999, -9999, -9999],
[-9999, -9999, -9999, -9999, -9999, -9999, -9999, -9999, -9999, 72, -9999, -9999, -9999, -9999, -9999, -9999, -9999, -9999, -9999, -9999, 50, -9999, -9999, -9999, 97, -9999, -9999, -9999, -9999, 44, -9999, -9999, -9999, 77, -9999, -9999, -9999, -9999, -9999, -9999, -9999, -9999, -9999, -9999, -9999, -9999, -9999, -9999, -9999, 2, -9999, 42, 4, -9999, -9999, -9999, -9999, -9999, -9999, -9999, -9999, -9999, 18, -9999, -9999, -9999, -9999, -9999, -9999, -9999, -9999, -9999, -9999, -9999, -9999, 45, -9999, 28, -9999, -9999, -9999, -9999, 19, -9999, 5, -9999, -9999, -9999, 2, -9999, -9999, -9999, -9999, -9999, -9999, -9999, 71, -9999, -9999, -9999],
[-9999, -9999, -9999, -9999, -9999, -9999, -9999, -9999, -9999, 24, -9999, -9999, -9999, -9999, -9999, -9999, -9999, -9999, -9999, -9999, 42, -9999, -9999, -9999, 10, -9999, -9999, -9999, -9999, -9999, -9999, -9999, -9999, 81, -9999, 45, -9999, -9999, -9999, -9999, -9999, -9999, -9999, -9999, -9999, -9999, -9999, -9999, -9999, -9999, -9999, 78, -9999, -9999, -9999, -9999, -9999, -9999, 15, -9999, -9999, -9999, -9999, -9999, -9999, -9999, -9999, -9999, -9999, -9999, -9999, -9999, -9999, -9999, -9999, 38, -9999, 95, 56, -9999, -9999, -9999, 80, -9999, 27, -9999, -9999, -9999, 62, -9999, 80, 74, -9999, -9999, -9999, -9999, 72, -9999, -9999, -9999],
[-9999, 63, 82, -9999, 36, 56, 7, 50, -9999, 9, 45, -9999, -9999, -9999, -9999, 40, 3, 46, -9999, 90, -9999, -9999, 97, 71, -9999, 76, -9999, 76, -9999, -9999, 52, -9999, 8, 24, -9999, -9999, -9999, 59, -9999, -9999, -9999, -9999, -9999, 97, -9999, 33, -9999, -9999, -9999, -9999, 45, 54, 81, 73, -9999, -9999, -9999, 62, 20, -9999, 99, 8, 95, -9999, -9999, -9999, -9999, 23, -9999, -9999, 11, -9999, 77, 14, -9999, -9999, -9999, 50, -9999, -9999, -9999, -9999, 41, -9999, -9999, -9999, 28, -9999, 26, -9999, -9999, 20, -9999, -9999, -9999, -9999, 27, 18, -9999, -9999],
[-9999, -9999, -9999, -9999, -9999, -9999, 21, -9999, -9999, 36, -9999, -9999, -9999, -9999, -9999, -9999, -9999, -9999, -9999, -9999, 37, -9999, -9999, -9999, -9999, -9999, -9999, -9999, -9999, 53, -9999, 25, -9999, -9999, -9999, -9999, -9999, -9999, -9999, -9999, -9999, -9999, -9999, -9999, -9999, -9999, -9999, -9999, -9999, 14, -9999, 49, 23, -9999, -9999, -9999, -9999, -9999, 88, -9999, -9999, -9999, -9999, -9999, -9999, -9999, -9999, -9999, -9999, -9999, -9999, -9999, -9999, -9999, -9999, 30, -9999, 78, -9999, -9999, -9999, -9999, -9999, -9999, 16, -9999, -9999, -9999, 25, -9999, 31, 1, -9999, -9999, -9999, -9999, 12, -9999, 62, -9999],
[-9999, 78, 35, -9999, -9999, 56, -9999, 15, -9999, 74, 51, -9999, -9999, -9999, -9999, 68, 31, 48, 1, 64, 48, -9999, -9999, -9999, -9999, -9999, -9999, 81, -9999, -9999, -9999, -9999, 17, 85, -9999, 57, 22, 91, -9999, -9999, -9999, -9999, -9999, -9999, -9999, 24, -9999, -9999, -9999, -9999, 76, 30, 23, 82, -9999, -9999, -9999, 16, 29, -9999, 66, 55, 3, -9999, -9999, -9999, -9999, 91, -9999, -9999, -9999, -9999, -9999, 89, -9999, 92, -9999, 93, 88, -9999, 73, -9999, 29, 46, 31, -9999, 80, -9999, -9999, -9999, 40, 61, -9999, -9999, 42, -9999, 57, 24, -9999, -9999],
[-9999, -9999, -9999, -9999, -9999, -9999, 27, -9999, -9999, -9999, -9999, -9999, -9999, -9999, -9999, -9999, -9999, -9999, -9999, -9999, 84, -9999, -9999, -9999, 47, -9999, -9999, -9999, -9999, 44, -9999, -9999, -9999, -9999, -9999, -9999, -9999, -9999, -9999, -9999, -9999, -9999, -9999, -9999, -9999, -9999, -9999, -9999, -9999, -9999, -9999, 73, -9999, -9999, -9999, -9999, -9999, -9999, -9999, -9999, -9999, -9999, -9999, -9999, -9999, -9999, -9999, -9999, -9999, -9999, -9999, -9999, 55, -9999, -9999, 39, -9999, 83, -9999, -9999, 83, -9999, 45, -9999, -9999, -9999, -9999, -9999, -9999, -9999, 65, 96, -9999, -9999, -9999, -9999, 60, -9999, -9999, -9999],
[-9999, -9999, -9999, -9999, -9999, -9999, 9, 71, -9999, -9999, -9999, -9999, -9999, -9999, -9999, -9999, -9999, -9999, -9999, 54, 1, -9999, -9999, -9999, -9999, -9999, -9999, -9999, -9999, -9999, -9999, -9999, -9999, 17, -9999, 36, -9999, -9999, -9999, -9999, -9999, -9999, -9999, -9999, -9999, -9999, -9999, -9999, -9999, -9999, -9999, 79, -9999, -9999, -9999, -9999, -9999, -9999, 23, -9999, -9999, -9999, -9999, -9999, -9999, -9999, -9999, -9999, -9999, -9999, -9999, -9999, 82, -9999, -9999, 23, -9999, 45, 53, -9999, 12, -9999, -9999, -9999, 48, -9999, -9999, -9999, -9999, -9999, 69, -9999, -9999, -9999, -9999, -9999, 70, -9999, -9999, -9999],
[-9999, -9999, -9999, -9999, -9999, -9999, 11, -9999, -9999, 63, -9999, 91, -9999, -9999, -9999, -9999, -9999, -9999, -9999, 40, 63, -9999, -9999, -9999, -9999, -9999, -9999, -9999, -9999, 38, -9999, 62, -9999, -9999, -9999, 45, -9999, -9999, 34, 41, -9999, -9999, -9999, -9999, -9999, -9999, -9999, -9999, -9999, 47, -9999, 90, -9999, -9999, -9999, -9999, -9999, -9999, 5, -9999, -9999, -9999, -9999, -9999, -9999, -9999, -9999, -9999, -9999, -9999, -9999, -9999, 88, -9999, -9999, 97, -9999, 84, 65, -9999, -9999, -9999, -9999, -9999, 22, -9999, -9999, -9999, 75, -9999, 38, -9999, -9999, -9999, -9999, -9999, 58, -9999, 1, -9999],
[-9999, -9999, -9999, -9999, -9999, -9999, 92, -9999, -9999, 60, -9999, -9999, -9999, -9999, -9999, -9999, -9999, -9999, -9999, 83, 75, -9999, -9999, -9999, -9999, -9999, -9999, -9999, -9999, 94, -9999, -9999, -9999, 91, -9999, -9999, -9999, -9999, -9999, -9999, -9999, -9999, -9999, -9999, -9999, -9999, -9999, -9999, -9999, 44, -9999, 59, -9999, -9999, -9999, -9999, -9999, -9999, -9999, -9999, -9999, -9999, 31, -9999, -9999, -9999, -9999, -9999, -9999, -9999, -9999, -9999, -9999, -9999, -9999, 33, -9999, -9999, 67, -9999, -9999, -9999, 16, -9999, 93, -9999, -9999, -9999, -9999, -9999, 14, 45, -9999, -9999, -9999, -9999, 86, -9999, -9999, -9999],
[-9999, 28, 1, -9999, 48, 92, 51, 24, -9999, 76, 73, 78, -9999, 98, -9999, -9999, 3, 61, 37, -9999, 24, -9999, -9999, -9999, -9999, -9999, 33, 72, 3, -9999, -9999, 69, 76, -9999, -9999, 36, 27, -9999, 34, 8, -9999, -9999, -9999, -9999, -9999, 79, -9999, 46, -9999, 7, -9999, 41, -9999, 5, 73, -9999, 12, 47, 15, 90, 23, 60, 10, -9999, -9999, 25, -9999, 38, 54, 42, 18, 86, -9999, -9999, -9999, 81, 35, 32, 77, -9999, 54, -9999, 35, -9999, 26, -9999, 72, 56, -9999, -9999, 76, -9999, 38, -9999, -9999, 48, 48, 91, 89, 72],
[-9999, 15, -9999, -9999, -9999, 44, -9999, 15, -9999, 91, 2, -9999, -9999, -9999, -9999, -9999, 17, 57, -9999, -9999, -9999, -9999, 99, -9999, 28, 24, -9999, 1, 78, -9999, -9999, -9999, 5, 80, -9999, 68, -9999, -9999, -9999, -9999, -9999, -9999, -9999, 50, -9999, 6, -9999, -9999, -9999, 51, -9999, 96, 55, 13, -9999, -9999, -9999, -9999, 80, -9999, -9999, 82, 98, -9999, -9999, -9999, -9999, 43, 80, -9999, 88, 12, 7, -9999, -9999, 1, 37, 14, -9999, -9999, -9999, 35, 64, 70, 16, 31, 71, -9999, -9999, -9999, -9999, -9999, -9999, -9999, -9999, -9999, 27, 13, -9999, 80],
[-9999, -9999, -9999, -9999, -9999, -9999, 13, -9999, -9999, -9999, -9999, -9999, -9999, -9999, -9999, -9999, -9999, -9999, -9999, 26, 28, -9999, -9999, -9999, 31, -9999, -9999, -9999, -9999, 92, -9999, -9999, -9999, -9999, -9999, -9999, -9999, -9999, -9999, -9999, -9999, -9999, -9999, -9999, -9999, -9999, -9999, -9999, -9999, -9999, -9999, 9, 76, -9999, -9999, -9999, -9999, -9999, 42, -9999, -9999, -9999, -9999, -9999, -9999, -9999, -9999, -9999, -9999, -9999, -9999, -9999, -9999, -9999, -9999, -9999, -9999, 54, -9999, -9999, 29, -9999, -9999, -9999, 22, -9999, -9999, -9999, 6, -9999, -9999, -9999, -9999, -9999, -9999, -9999, 29, -9999, -9999, -9999],
[-9999, -9999, 36, -9999, 4, -9999, 79, 93, -9999, 65, 37, -9999, -9999, -9999, -9999, -9999, 71, 8, 47, 14, 3, -9999, -9999, 33, 37, 20, -9999, 19, -9999, 8, 50, -9999, 73, 94, 44, 55, 61, 84, -9999, -9999, -9999, -9999, -9999, 4, -9999, 95, -9999, -9999, -9999, 6, 99, 98, 31, -9999, -9999, -9999, -9999, 96, 30, -9999, -9999, 25, -9999, -9999, -9999, -9999, -9999, 8, -9999, -9999, -9999, 24, -9999, -9999, -9999, -9999, -9999, -9999, 50, -9999, -9999, -9999, -9999, 21, -9999, -9999, 75, -9999, 1, -9999, -9999, -9999, -9999, -9999, -9999, -9999, 82, -9999, -9999, 64],
[-9999, -9999, -9999, -9999, -9999, -9999, -9999, -9999, -9999, -9999, -9999, -9999, -9999, -9999, -9999, -9999, -9999, -9999, -9999, -9999, -9999, -9999, -9999, -9999, -9999, -9999, -9999, -9999, -9999, -9999, -9999, -9999, -9999, -9999, -9999, -9999, -9999, -9999, -9999, -9999, -9999, -9999, -9999, -9999, -9999, -9999, -9999, -9999, -9999, -9999, -9999, -9999, -9999, -9999, -9999, -9999, -9999, -9999, -9999, -9999, -9999, 65, -9999, -9999, -9999, -9999, -9999, -9999, -9999, -9999, -9999, -9999, -9999, 93, -9999, -9999, -9999, -9999, -9999, -9999, -9999, -9999, -9999, -9999, -9999, 36, -9999, -9999, -9999, -9999, 29, -9999, -9999, -9999, -9999, -9999, -9999, 93, -9999, -9999],
[96, 28, 22, -9999, 45, 4, 84, -9999, -9999, -9999, 33, -9999, -9999, -9999, -9999, 89, 83, 26, 30, 90, 8, -9999, 59, -9999, -9999, 72, 3, 52, 65, 90, -9999, 59, 41, -9999, -9999, 32, 10, -9999, -9999, -9999, -9999, -9999, -9999, 47, -9999, 83, -9999, 10, -9999, 83, 52, 31, 90, 96, 36, -9999, 75, 82, 7, 73, -9999, 39, 9, 44, -9999, 33, -9999, 13, 89, -9999, 90, 75, 74, -9999, -9999, 70, 12, -9999, -9999, -9999, 96, -9999, -9999, -9999, 19, -9999, 18, 81, 71, 94, 58, -9999, -9999, -9999, -9999, -9999, 84, 71, 47, -9999],
[-9999, 92, -9999, -9999, -9999, 84, 52, 37, -9999, 93, -9999, -9999, -9999, -9999, -9999, -9999, 61, 12, 80, 61, -9999, -9999, -9999, 61, -9999, 29, -9999, 7, 91, -9999, -9999, -9999, 26, 66, -9999, 24, -9999, -9999, -9999, -9999, -9999, -9999, -9999, 38, -9999, 42, -9999, -9999, -9999, 64, 56, 25, -9999, 26, -9999, -9999, -9999, -9999, -9999, -9999, 9, -9999, 60, -9999, -9999, -9999, -9999, 68, -9999, -9999, 88, 83, -9999, 4, -9999, 14, 61, 38, 42, -9999, 24, -9999, 48, 9, 18, 50, 95, -9999, -9999, -9999, 85, -9999, -9999, -9999, -9999, -9999, 39, 1, -9999, -9999],
[60, -9999, 35, -9999, 33, 9, -9999, 98, -9999, 76, -9999, -9999, -9999, -9999, -9999, 27, -9999, 85, 83, -9999, 6, -9999, 82, -9999, -9999, 100, 24, 87, 93, -9999, -9999, -9999, 30, 38, -9999, 32, 15, -9999, 27, 77, -9999, -9999, 26, -9999, 68, 8, -9999, 65, 17, 54, 47, 68, 55, 51, 28, -9999, 25, -9999, -9999, 86, -9999, 44, 49, -9999, -9999, -9999, -9999, -9999, 72, -9999, 79, 58, 35, 76, -9999, -9999, -9999, -9999, 63, -9999, -9999, 85, 39, -9999, -9999, 41, 51, 52, -9999, -9999, -9999, 46, -9999, -9999, -9999, -9999, 24, -9999, 32, 65],
[-9999, -9999, -9999, -9999, -9999, -9999, 63, 55, -9999, -9999, -9999, -9999, -9999, -9999, -9999, -9999, -9999, -9999, -9999, 91, -9999, -9999, -9999, -9999, 70, -9999, -9999, -9999, -9999, -9999, -9999, -9999, -9999, 35, -9999, -9999, -9999, -9999, -9999, -9999, -9999, -9999, -9999, -9999, -9999, -9999, -9999, -9999, -9999, 94, -9999, 44, 14, -9999, -9999, -9999, -9999, -9999, 50, -9999, -9999, -9999, 42, -9999, -9999, -9999, -9999, -9999, -9999, -9999, -9999, -9999, -9999, -9999, -9999, 19, -9999, 19, -9999, -9999, 87, -9999, 68, -9999, -9999, -9999, -9999, -9999, -9999, -9999, 47, 39, -9999, -9999, -9999, -9999, 8, -9999, -9999, -9999],
[-9999, 5, 19, -9999, 23, 6, 11, -9999, -9999, 64, 64, -9999, -9999, -9999, -9999, -9999, 66, 72, -9999, 63, 74, -9999, 59, 17, -9999, 25, -9999, 86, -9999, 39, 76, -9999, -9999, -9999, -9999, 15, -9999, 78, -9999, -9999, -9999, -9999, -9999, 27, -9999, 70, -9999, -9999, 34, -9999, -9999, 83, -9999, -9999, -9999, -9999, -9999, -9999, -9999, -9999, -9999, 77, -9999, -9999, -9999, -9999, -9999, -9999, -9999, -9999, 42, 48, -9999, -9999, -9999, 74, -9999, -9999, 43, -9999, -9999, -9999, -9999, -9999, 48, -9999, 59, -9999, -9999, -9999, 2, 34, -9999, -9999, -9999, -9999, 33, 22, -9999, 86],
[-9999, 25, 17, -9999, 67, -9999, 82, 17, -9999, 5, -9999, -9999, -9999, -9999, -9999, 13, 90, 100, 99, 29, -9999, -9999, -9999, 63, 35, 53, -9999, 5, 27, 75, -9999, -9999, 41, 33, -9999, 1, 74, -9999, -9999, -9999, -9999, -9999, -9999, 68, -9999, 23, -9999, -9999, -9999, -9999, -9999, 55, 18, 73, -9999, -9999, -9999, -9999, -9999, -9999, -9999, 66, -9999, -9999, -9999, -9999, -9999, -9999, -9999, -9999, 9, 89, 74, -9999, -9999, -9999, 69, 47, -9999, -9999, -9999, -9999, 94, -9999, 12, 61, -9999, -9999, 89, -9999, -9999, 61, -9999, -9999, -9999, -9999, 16, -9999, -9999, 90],
[-9999, 44, 19, -9999, 74, 4, 62, 57, -9999, -9999, -9999, -9999, -9999, -9999, -9999, -9999, -9999, 16, -9999, 24, 67, -9999, 100, -9999, 16, 49, -9999, 11, -9999, 77, 82, -9999, 41, 68, -9999, 2, -9999, 40, -9999, -9999, -9999, -9999, -9999, -9999, -9999, -9999, -9999, -9999, -9999, -9999, 11, 33, 33, -9999, -9999, -9999, -9999, 61, 81, -9999, -9999, 16, -9999, -9999, -9999, -9999, -9999, -9999, 41, -9999, -9999, -9999, 52, -9999, -9999, -9999, 36, 44, -9999, -9999, -9999, -9999, 31, -9999, -9999, -9999, 99, -9999, 91, -9999, -9999, 78, -9999, -9999, -9999, -9999, 48, 98, -9999, 91],
[-9999, 66, -9999, -9999, 66, 65, -9999, 5, -9999, 20, -9999, -9999, -9999, -9999, -9999, 91, -9999, 27, -9999, 88, 35, -9999, -9999, 46, 41, 44, -9999, 61, -9999, 59, 75, -9999, 31, 96, -9999, -9999, -9999, 21, -9999, -9999, -9999, -9999, -9999, 74, -9999, -9999, -9999, -9999, -9999, -9999, 52, 49, 98, 17, -9999, -9999, -9999, 15, -9999, -9999, 38, 55, 15, -9999, -9999, -9999, -9999, 14, 88, -9999, -9999, -9999, 33, 62, 32, -9999, 78, -9999, -9999, -9999, 39, -9999, -9999, 47, -9999, -9999, 44, -9999, 50, -9999, -9999, -9999, 71, -9999, -9999, -9999, 3, -9999, -9999, 31],
[-9999, 48, -9999, -9999, -9999, 88, 31, 83, -9999, 11, 7, -9999, -9999, -9999, -9999, 52, -9999, 46, 2, 92, 68, -9999, 59, -9999, 66, 17, -9999, 41, 56, 35, 5, -9999, 51, 67, -9999, -9999, 69, 3, -9999, -9999, -9999, -9999, -9999, -9999, -9999, -9999, -9999, -9999, -9999, -9999, 80, 31, 70, 9, -9999, -9999, -9999, 90, 10, -9999, 88, -9999, 58, -9999, -9999, -9999, -9999, -9999, 85, -9999, 79, 13, 60, 89, -9999, -9999, 54, -9999, 69, -9999, 49, -9999, 17, 51, -9999, -9999, -9999, -9999, -9999, -9999, -9999, 11, 66, -9999, -9999, -9999, 81, 95, -9999, -9999],
[-9999, -9999, 31, -9999, 66, -9999, 83, 30, -9999, -9999, 14, -9999, 80, -9999, 44, -9999, -9999, 64, 7, -9999, 42, -9999, 7, -9999, 61, 68, -9999, 67, 99, -9999, 49, -9999, 100, 14, -9999, 67, -9999, 76, -9999, -9999, -9999, -9999, -9999, -9999, -9999, -9999, -9999, -9999, -9999, -9999, -9999, 36, 42, 37, -9999, -9999, -9999, 87, 14, -9999, 75, -9999, -9999, -9999, -9999, -9999, -9999, -9999, -9999, -9999, 77, 90, -9999, -9999, -9999, 45, 26, -9999, -9999, -9999, 48, -9999, 79, 91, -9999, -9999, 21, -9999, -9999, -9999, 54, -9999, -9999, -9999, 43, -9999, 4, -9999, -9999, 59],
[-9999, 9, -9999, -9999, 99, 95, -9999, -9999, -9999, 33, 88, -9999, -9999, -9999, -9999, -9999, 86, 11, 80, -9999, 18, -9999, -9999, -9999, 85, 87, -9999, 20, 14, -9999, -9999, -9999, 90, 57, -9999, 98, 12, 79, -9999, -9999, -9999, -9999, -9999, -9999, -9999, 5, -9999, -9999, -9999, -9999, 87, 2, 61, -9999, -9999, -9999, -9999, 99, 98, -9999, 87, 27, 100, -9999, -9999, -9999, -9999, 10, 85, -9999, -9999, -9999, 96, -9999, -9999, -9999, 59, -9999, 83, -9999, -9999, -9999, -9999, -9999, -9999, 50, 93, -9999, -9999, -9999, 81, 96, -9999, -9999, -9999, -9999, 33, 45, -9999, 71],
[-9999, -9999, -9999, -9999, 23, 20, 50, -9999, 85, 97, -9999, 16, -9999, -9999, -9999, 48, 61, 40, 9, 55, 80, -9999, -9999, 91, 29, 42, 44, 56, -9999, 31, -9999, -9999, 48, -9999, 46, 11, 58, -9999, 27, 69, 68, -9999, -9999, -9999, 25, 15, -9999, 33, -9999, -9999, 32, 99, 37, 90, 5, -9999, -9999, 15, 82, 52, -9999, 59, 45, -9999, -9999, 81, -9999, 33, -9999, 1, -9999, 15, -9999, 30, -9999, 17, -9999, -9999, -9999, -9999, -9999, -9999, 60, 70, 15, -9999, 88, 19, 40, -9999, -9999, 62, -9999, -9999, -9999, -9999, 10, -9999, -9999, 17],
[-9999, -9999, 21, -9999, -9999, 53, 6, 27, -9999, 10, -9999, -9999, -9999, -9999, -9999, -9999, -9999, 1, -9999, -9999, 41, -9999, -9999, -9999, 99, 18, -9999, 56, 82, -9999, 75, -9999, 48, 60, -9999, 46, 72, 21, -9999, -9999, -9999, -9999, -9999, -9999, -9999, -9999, -9999, -9999, -9999, 87, -9999, 82, 28, -9999, -9999, -9999, -9999, 30, 1, -9999, 10, 77, -9999, -9999, -9999, -9999, -9999, 83, 17, -9999, 1, 20, 52, -9999, -9999, 95, 27, 94, 76, -9999, -9999, -9999, 94, 64, 40, -9999, 34, -9999, 38, -9999, -9999, -9999, -9999, -9999, -9999, 59, 96, 22, -9999, 85],
[-9999, -9999, -9999, -9999, -9999, -9999, 91, 84, -9999, 11, -9999, -9999, -9999, -9999, -9999, -9999, -9999, -9999, -9999, -9999, 56, -9999, -9999, -9999, -9999, -9999, -9999, -9999, -9999, -9999, -9999, -9999, -9999, 81, -9999, -9999, -9999, -9999, -9999, -9999, -9999, -9999, -9999, -9999, -9999, -9999, -9999, -9999, -9999, -9999, -9999, 7, 60, -9999, -9999, -9999, -9999, -9999, -9999, -9999, -9999, -9999, -9999, -9999, -9999, -9999, -9999, -9999, -9999, -9999, -9999, -9999, 70, -9999, -9999, -9999, -9999, 46, 48, -9999, -9999, -9999, 76, -9999, 5, -9999, -9999, -9999, -9999, -9999, -9999, -9999, -9999, -9999, -9999, -9999, 38, -9999, -9999, -9999],
[-9999, -9999, -9999, -9999, -9999, -9999, -9999, -9999, -9999, 46, -9999, -9999, -9999, -9999, -9999, -9999, -9999, -9999, -9999, 85, -9999, -9999, -9999, -9999, -9999, -9999, -9999, -9999, -9999, -9999, -9999, -9999, -9999, 29, -9999, 69, -9999, -9999, -9999, -9999, -9999, -9999, -9999, -9999, -9999, -9999, -9999, -9999, -9999, 42, -9999, 12, -9999, -9999, -9999, -9999, -9999, -9999, 11, -9999, -9999, -9999, -9999, -9999, -9999, -9999, -9999, -9999, -9999, -9999, -9999, -9999, -9999, -9999, -9999, 96, -9999, 24, -9999, -9999, 15, -9999, 55, -9999, -9999, -9999, -9999, -9999, 92, -9999, 49, -9999, -9999, -9999, -9999, -9999, 49, -9999, -9999, -9999],
[-9999, -9999, -9999, -9999, 14, 89, 82, 47, -9999, -9999, -9999, -9999, -9999, -9999, 17, -9999, 31, 13, 53, 93, 32, -9999, 57, -9999, 69, 65, -9999, 48, -9999, 14, 41, -9999, 73, -9999, -9999, 69, 16, 26, -9999, -9999, -9999, -9999, -9999, -9999, -9999, -9999, -9999, -9999, -9999, 48, -9999, 14, -9999, 5, -9999, -9999, -9999, -9999, 78, -9999, 58, 67, -9999, -9999, -9999, -9999, -9999, 51, 55, -9999, -9999, 92, 7, -9999, -9999, 69, 53, -9999, 38, -9999, 60, -9999, -9999, -9999, -9999, -9999, 59, -9999, -9999, -9999, 4, -9999, -9999, -9999, -9999, -9999, 18, 22, -9999, 53],
[-9999, -9999, 79, -9999, 71, 74, -9999, 38, -9999, 5, -9999, -9999, -9999, -9999, -9999, 63, -9999, 52, 39, 68, 7, -9999, 54, 60, -9999, -9999, -9999, 3, -9999, 12, -9999, -9999, 79, -9999, -9999, -9999, 80, -9999, -9999, -9999, -9999, -9999, -9999, 32, -9999, -9999, -9999, -9999, -9999, 47, -9999, 49, -9999, 24, -9999, -9999, -9999, 83, -9999, -9999, 85, 16, -9999, -9999, -9999, -9999, -9999, -9999, 47, -9999, 86, 99, 89, 80, -9999, -9999, 52, 86, -9999, -9999, 33, -9999, 42, 93, 39, 75, 17, -9999, -9999, -9999, -9999, -9999, -9999, -9999, -9999, -9999, 8, -9999, -9999, 58],
[-9999, -9999, -9999, -9999, -9999, -9999, 42, 92, -9999, 33, -9999, 40, -9999, -9999, -9999, -9999, -9999, -9999, -9999, 5, 16, -9999, -9999, -9999, -9999, -9999, -9999, -9999, -9999, 64, -9999, 77, -9999, 34, -9999, 55, -9999, -9999, 93, 71, -9999, -9999, -9999, -9999, -9999, -9999, -9999, -9999, -9999, 78, -9999, 2, -9999, -9999, -9999, -9999, -9999, -9999, 38, -9999, -9999, -9999, -9999, -9999, -9999, -9999, -9999, -9999, -9999, -9999, -9999, -9999, 48, -9999, -9999, 92, -9999, -9999, 55, -9999, 42, -9999, -9999, -9999, 67, -9999, -9999, -9999, -9999, -9999, 89, 84, -9999, -9999, -9999, -9999, 29, -9999, -9999, -9999],
[-9999, -9999, -9999, -9999, -9999, -9999, 81, 87, -9999, 82, -9999, -9999, -9999, -9999, -9999, -9999, -9999, -9999, -9999, 8, -9999, -9999, -9999, -9999, 29, -9999, -9999, -9999, -9999, 58, -9999, -9999, -9999, -9999, -9999, -9999, -9999, -9999, -9999, -9999, -9999, -9999, -9999, -9999, -9999, -9999, 84, -9999, -9999, 63, -9999, 53, 18, -9999, -9999, -9999, -9999, -9999, 89, -9999, -9999, -9999, 25, -9999, -9999, -9999, -9999, -9999, -9999, -9999, -9999, -9999, -9999, -9999, -9999, -9999, -9999, 45, 60, -9999, -9999, -9999, 79, -9999, -9999, -9999, -9999, -9999, 10, -9999, 32, 25, -9999, -9999, -9999, -9999, -9999, -9999, -9999, -9999],
[-9999, 42, -9999, -9999, -9999, 31, 76, 1, -9999, -9999, 73, -9999, 98, -9999, -9999, -9999, 94, 33, 39, -9999, 89, -9999, -9999, 32, 6, -9999, -9999, 66, -9999, -9999, 48, -9999, 27, 50, 36, -9999, 83, 16, -9999, -9999, -9999, -9999, -9999, 71, -9999, 88, -9999, -9999, -9999, 43, -9999, 18, 2, -9999, -9999, -9999, -9999, 10, 52, -9999, 55, 45, 44, -9999, 71, -9999, -9999, -9999, 82, -9999, -9999, -9999, -9999, -9999, -9999, 28, 72, 50, 4, -9999, 52, 48, 22, -9999, 96, 17, 35, -9999, 65, -9999, -9999, -9999, 76, -9999, -9999, 96, 68, -9999, -9999, 40],
[-9999, 89, 6, -9999, 20, 80, -9999, 48, -9999, -9999, 31, -9999, -9999, -9999, -9999, -9999, -9999, 58, -9999, 100, -9999, -9999, 47, 18, -9999, -9999, -9999, 36, -9999, -9999, 24, -9999, 44, 34, -9999, 10, 41, -9999, -9999, -9999, -9999, -9999, -9999, -9999, -9999, 13, -9999, -9999, -9999, 19, 84, 82, 64, -9999, -9999, -9999, -9999, 99, 56, -9999, -9999, 66, 18, -9999, -9999, -9999, -9999, 42, -9999, -9999, 29, 29, 75, -9999, -9999, -9999, -9999, -9999, -9999, -9999, 95, -9999, 48, 90, -9999, -9999, 94, -9999, 40, -9999, 56, -9999, -9999, -9999, -9999, -9999, 44, 63, -9999, -9999],
[-9999, 30, 42, -9999, 45, -9999, 74, 57, -9999, 30, 51, -9999, -9999, -9999, -9999, -9999, -9999, 46, 30, 11, 1, -9999, 43, -9999, 1, -9999, -9999, -9999, 30, 22, -9999, -9999, 12, 6, -9999, 47, -9999, 86, -9999, -9999, -9999, -9999, -9999, 70, -9999, -9999, -9999, -9999, 60, 56, 24, 42, 66, 26, -9999, -9999, -9999, 23, -9999, -9999, -9999, 48, 78, -9999, -9999, -9999, -9999, 19, 4, -9999, -9999, 28, 24, -9999, -9999, -9999, -9999, 73, -9999, -9999, 36, -9999, 100, -9999, -9999, 36, 78, -9999, 18, -9999, -9999, -9999, -9999, -9999, -9999, -9999, 40, 19, -9999, -9999]
];
