NbNodes = 100;
NbNDDs = 0;
NbPairs = 100;
NbTerminals = 0;
K = 0;
L = 102;
Wt = [
[-9999, 6, -9999, -9999, 88, 23, -9999, 65, 94, -9999, 82, -9999, 55, -9999, 35, -9999, 89, -9999, 93, 100, 61, 22, -9999, 73, -9999, -9999, 66, 17, 64, 84, -9999, -9999, -9999, 98, 94, -9999, 31, -9999, -9999, 98, -9999, 10, 62, -9999, 77, -9999, -9999, -9999, 80, 1, 57, 17, 63, -9999, -9999, -9999, 27, -9999, -9999, 32, 28, 61, 93, 79, 24, 75, -9999, 100, -9999, 75, 18, -9999, -9999, -9999, -9999, -9999, -9999, -9999, 46, -9999, 29, -9999, -9999, 59, 73, 8, -9999, -9999, -9999, 86, -9999, -9999, -9999, -9999, -9999, 28, 55, 24, 5, 51],
[-9999, -9999, -9999, 65, -9999, 6, -9999, -9999, 77, -9999, 11, -9999, 52, 39, 52, 59, 47, 16, 100, 78, -9999, -9999, -9999, 41, 25, -9999, 66, 56, 83, 87, 7, -9999, -9999, -9999, 51, -9999, -9999, 40, -9999, -9999, -9999, 34, -9999, -9999, 84, -9999, -9999, -9999, 31, -9999, -9999, 88, 83, 70, -9999, 65, 7, -9999, -9999, 13, 74, 60, -9999, 77, 95, -9999, -9999, -9999, -9999, -9999, 56, -9999, -9999, 95, -9999, -9999, 99, 92, 12, -9999, -9999, -9999, -9999, -9999, 70, -9999, -9999, 86, -9999, 64, -9999, -9999, -9999, -9999, -9999, 19, 83, -9999, -9999, 95],
[-9999, -9999, -9999, -9999, -9999, -9999, 79, -9999, 91, -9999, -9999, -9999, -9999, -9999, -9999, 61, 70, 40, -9999, -9999, 71, -9999, -9999, -9999, -9999, -9999, -9999, -9999, 90, 39, -9999, -9999, 43, -9999, 21, -9999, -9999, 78, -9999, -9999, -9999, 89, -9999, -9999, 80, -9999, -9999, -9999, 88, -9999, -9999, -9999, -9999, -9999, 97, 29, 20, -9999, -9999, -9999, -9999, 85, 45, -9999, -9999, -9999, -9999, -9999, -9999, 85, -9999, -9999, -9999, 35, -9999, -9999, -9999, 43, -9999, -9999, -9999, -9999, -9999, -9999, -9999, -9999, -9999, -9999, -9999, -9999, -9999, -9999, -9999, -9999, -9999, -9999, -9999, 37, -9999, 11],
[-9999, -9999, -9999, -9999, -9999, -9999, -9999, -9999, 56, -9999, -9999, -9999, -9999, -9999, -9999, -9999, 13, 87, -9999, -9999, -9999, -9999, -9999, -9999, -9999, -9999, -9999, -9999, -9999, 58, 56, 45, 13, 23, 61, -9999, -9999, -9999, -9999, -9999, -9999, -9999, -9999, -9999, 37, -9999, -9999, -9999, 15, -9999, -9999, -9999, -9999, -9999, -9999, 58, 50, -9999, -9999, -9999, -9999, 48, 8, -9999, -9999, -9999, -9999, -9999, -9999, -9999, -9999, -9999, -9999, 20, -9999, -9999, 32, -9999, 75, -9999, -9999, -9999, -9999, -9999, -9999, -9999, -9999, -9999, 37, -9999, -9999, -9999, -9999, -9999, -9999, -9999, -9999, -9999, -9999, 77],
[-9999, -9999, -9999, 45, -9999, 32, 100, -9999, 12, -9999, 72, -9999, 7, -9999, -9999, -9999, 15, -9999, 62, 76, -9999, -9999, -9999, 72, -9999, -9999, 20, 83, -9999, 37, -9999, 28, 3, -9999, 43, -9999, -9999, 3, -9999, -9999, -9999, -9999, -9999, -9999, -9999, -9999, -9999, -9999, 29, -9999, -9999, 12, 17, 86, 25, 25, -9999, -9999, 67, 2, 12, 97, -9999, 64, -9999, 51, -9999, -9999, -9999, 82, 40, -9999, -9999, 67, -9999, -9999, 8, -9999, 72, -9999, -9999, 45, -9999, -9999, 92, -9999, -9999, -9999, 6, 84, -9999, -9999, 29, 27, -9999, -9999, 71, -9999, -9999, 56],
[-9999, -9999, -9999, 93, -9999, -9999, -9999, -9999, 56, -9999, 47, -9999, -9999, -9999, -9999, -9999, 73, 38, 33, 36, -9999, 6, 45, 20, 44, -9999, 25, 80, -9999, 14, -9999, 52, -9999, 18, -9999, -9999, -9999, 10, -9999, -9999, -9999, 77, -9999, -9999, -9999, -9999, -9999, -9999, 80, -9999, -9999, 97, 100, -9999, -9999, -9999, 29, -9999, -9999, 49, 78, 4, 68, -9999, 36, -9999, -9999, -9999, -9999, 49, -9999, 93, -9999, 62, -9999, -9999, -9999, 8, 17, -9999, -9999, -9999, -9999, -9999, -9999, -9999, -9999, -9999, -9999, 70, -9999, 25, -9999, -9999, -9999, -9999, -9999, -9999, -9999, 11],
[-9999, -9999, -9999, -9999, -9999, -9999, -9999, -9999, -9999, -9999, -9999, -9999, -9999, -9999, 53, -9999, -9999, 21, -9999, -9999, 30, -9999, -9999, -9999, -9999, -9999, -9999, -9999, 9, 31, 68, 33, 98, 20, 61, -9999, -9999, 7, -9999, -9999, -9999, 33, -9999, -9999, 19, -9999, -9999, -9999, 31, -9999, -9999, -9999, -9999, -9999, 16, -9999, 25, -9999, -9999, -9999, -9999, 49, -9999, -9999, -9999, -9999, -9999, -9999, -9999, 100, -9999, -9999, -9999, 93, -9999, -9999, 4, 14, 32, -9999, -9999, -9999, -9999, -9999, -9999, -9999, -9999, -9999, -9999, -9999, -9999, 24, -9999, -9999, -9999, -9999, -9999, -9999, -9999, 30],
[-9999, -9999, 28, -9999, -9999, -9999, 15, -9999, 23, -9999, -9999, -9999, -9999, -9999, 86, 74, 73, -9999, -9999, -9999, -9999, -9999, -9999, -9999, -9999, -9999, -9999, -9999, 33, 79, 15, -9999, 34, -9999, 56, -9999, -9999, 94, -9999, -9999, -9999, -9999, -9999, -9999, 20, -9999, -9999, -9999, 7, -9999, -9999, -9999, -9999, -9999, -9999, 70, -9999, -9999, -9999, -9999, -9999, 70, -9999, -9999, -9999, -9999, -9999, -9999, -9999, 6, -9999, -9999, -9999, 20, -9999, -9999, 97, -9999, 29, -9999, -9999, -9999, -9999, -9999, -9999, -9999, -9999, -9999, -9999, -9999, -9999, -9999, -9999, -9999, -9999, -9999, -9999, -9999, -9999, 86],
[-9999, -9999, -9999, -9999, 18, -9999, -9999, -9999, -9999, 46, -9999, -9999, -9999, -9999, 92, -9999, 18, 94, -9999, -9999, -9999, -9999, -9999, -9999, -9999, -9999, -9999, -9999, -9999, 51, -9999, 65, 32, 58, -9999, -9999, -9999, 91, -9999, -9999, -9999, -9999, -9999, -9999, 37, -9999, -9999, -9999, 34, -9999, -9999, -9999, -9999, -9999, 76, 5, -9999, -9999, -9999, -9999, -9999, 24, -9999, -9999, -9999, -9999, -9999, -9999, -9999, -9999, -9999, -9999, -9999, 81, -9999, -9999, 71, 82, -9999, -9999, -9999, -9999, -9999, -9999, -9999, -9999, -9999, -9999, 23, -9999, -9999, -9999, -9999, -9999, -9999, -9999, -9999, -9999, -9999, 45],
[-9999, -9999, -9999, -9999, 98, -9999, 56, -9999, 8, -9999, -9999, -9999, -9999, -9999, -9999, -9999, -9999, 10, -9999, -9999, 12, -9999, -9999, -9999, -9999, -9999, -9999, -9999, 39, 16, 33, 67, 92, -9999, 16, -9999, -9999, 46, -9999, -9999, -9999, -9999, -9999, -9999, -9999, -9999, -9999, -9999, 47, -9999, -9999, -9999, -9999, -9999, -9999, 17, 23, -9999, -9999, -9999, -9999, 21, 61, -9999, -9999, -9999, -9999, -9999, -9999, 76, -9999, -9999, -9999, 2, -9999, -9999, -9999, 27, 48, -9999, -9999, -9999, -9999, -9999, -9999, -9999, -9999, -9999, -9999, -9999, -9999, 15, -9999, -9999, -9999, -9999, -9999, -9999, -9999, 98],
[-9999, -9999, -9999, -9999, -9999, -9999, -9999, -9999, -9999, -9999, -9999, -9999, -9999, -9999, -9999, -9999, -9999, -9999, -9999, -9999, -9999, -9999, -9999, -9999, -9999, -9999, 69, 90, -9999, -9999, -9999, -9999, 54, -9999, -9999, -9999, -9999, -9999, -9999, -9999, -9999, -9999, -9999, -9999, -9999, -9999, 30, -9999, -9999, -9999, -9999, -9999, -9999, -9999, -9999, -9999, -9999, -9999, -9999, -9999, 58, -9999, -9999, -9999, -9999, -9999, -9999, -9999, -9999, -9999, -9999, -9999, -9999, -9999, -9999, -9999, -9999, -9999, -9999, -9999, -9999, -9999, -9999, -9999, -9999, 14, -9999, -9999, -9999, -9999, -9999, -9999, -9999, -9999, -9999, -9999, 7, -9999, -9999, -9999],
[-9999, -9999, -9999, -9999, -9999, -9999, -9999, -9999, -9999, -9999, -9999, -9999, -9999, -9999, -9999, -9999, -9999, -9999, -9999, -9999, -9999, -9999, -9999, -9999, -9999, -9999, 58, 5, -9999, -9999, -9999, -9999, -9999, -9999, -9999, -9999, -9999, -9999, -9999, -9999, -9999, -9999, -9999, -9999, -9999, -9999, -9999, -9999, -9999, -9999, -9999, -9999, -9999, -9999, -9999, -9999, -9999, -9999, -9999, -9999, 63, -9999, -9999, -9999, -9999, -9999, -9999, -9999, -9999, -9999, -9999, -9999, -9999, -9999, -9999, -9999, -9999, -9999, -9999, -9999, -9999, -9999, -9999, -9999, -9999, -9999, -9999, -9999, -9999, -9999, -9999, -9999, -9999, -9999, -9999, -9999, 41, -9999, -9999, -9999],
[-9999, -9999, -9999, -9999, -9999, -9999, -9999, -9999, -9999, -9999, 28, -9999, -9999, -9999, -9999, -9999, -9999, -9999, -9999, -9999, -9999, -9999, -9999, -9999, -9999, -9999, 73, 64, -9999, -9999, -9999, -9999, 47, -9999, -9999, -9999, -9999, -9999, -9999, -9999, -9999, -9999, -9999, -9999, -9999, -9999, -9999, -9999, -9999, -9999, -9999, -9999, -9999, -9999, -9999, -9999, -9999, -9999, -9999, -9999, 37, -9999, -9999, -9999, -9999, -9999, -9999, -9999, -9999, -9999, -9999, -9999, -9999, -9999, -9999, -9999, -9999, -9999, -9999, -9999, -9999, -9999, -9999, -9999, -9999, 3, 19, -9999, -9999, -9999, -9999, -9999, -9999, -9999, -9999, -9999, 83, -9999, -9999, -9999],
[91, -9999, -9999, -9999, -9999, -9999, -9999, -9999, -9999, 12, -9999, -9999, -9999, -9999, 99, -9999, 83, -9999, -9999, -9999, -9999, -9999, -9999, -9999, -9999, -9999, -9999, -9999, -9999, 82, 49, 46, -9999, 76, 70, -9999, -9999, 75, -9999, -9999, -9999, 23, -9999, -9999, 42, -9999, -9999, -9999, 13, -9999, -9999, -9999, -9999, -9999, -9999, 90, -9999, -9999, -9999, -9999, -9999, 73, -9999, -9999, -9999, -9999, -9999, -9999, -9999, 34, -9999, -9999, -9999, 2, -9999, -9999, 77, 72, 38, -9999, -9999, -9999, -9999, -9999, -9999, -9999, -9999, -9999, 10, -9999, -9999, 98, -9999, -9999, -9999, -9999, -9999, -9999, -9999, 94],
[-9999, 49, 75, 84, -9999, -9999, -9999, 5, 46, -9999, -9999, -9999, 69, -9999, -9999, 36, -9999, 33, 81, 69, -9999, 87, 83, -9999, -9999, 13, 54, 25, -9999, 74, 72, -9999, 70, 14, -9999, -9999, 35, 43, -9999, 23, 49, -9999, 93, -9999, -9999, -9999, -9999, -9999, 55, 79, 52, -9999, 68, -9999, -9999, 5, 60, -9999, -9999, 90, 39, 99, 15, -9999, 16, -9999, -9999, -9999, 14, 29, 95, -9999, 46, 84, -9999, -9999, 89, 11, -9999, -9999, 48, 14, -9999, -9999, -9999, -9999, -9999, 20, -9999, 86, -9999, 8, 9, -9999, -9999, -9999, 52, 48, -9999, 86],
[-9999, 24, -9999, 100, -9999, -9999, -9999, -9999, -9999, -9999, 82, -9999, -9999, -9999, -9999, -9999, 15, 72, 85, 24, -9999, 69, 59, -9999, 25, 87, 69, 52, 28, 38, 59, 29, 47, 27, -9999, -9999, -9999, -9999, -9999, -9999, -9999, 17, -9999, -9999, -9999, -9999, -9999, -9999, 70, -9999, 88, 64, 5, 11, 16, 93, 67, -9999, -9999, 32, 98, -9999, -9999, -9999, 5, 11, -9999, -9999, -9999, -9999, 31, -9999, -9999, 51, -9999, -9999, 1, 11, 86, -9999, -9999, -9999, -9999, 33, 25, 96, -9999, 90, 35, 54, 48, -9999, -9999, -9999, -9999, 4, 56, -9999, -9999, 2],
[-9999, -9999, -9999, -9999, -9999, -9999, -9999, -9999, -9999, -9999, -9999, -9999, -9999, -9999, -9999, -9999, -9999, -9999, -9999, -9999, -9999, -9999, -9999, -9999, -9999, -9999, 92, 1, -9999, -9999, -9999, -9999, 1, -9999, -9999, -9999, -9999, -9999, -9999, -9999, -9999, -9999, -9999, -9999, -9999, -9999, -9999, -9999, -9999, -9999, -9999, -9999, -9999, -9999, -9999, -9999, -9999, -9999, -9999, -9999, 34, -9999, -9999, -9999, -9999, -9999, -9999, -9999, -9999, -9999, -9999, -9999, -9999, -9999, -9999, -9999, -9999, -9999, -9999, -9999, -9999, -9999, -9999, 26, -9999, -9999, -9999, -9999, -9999, -9999, -9999, -9999, -9999, -9999, -9999, -9999, 4, -9999, -9999, -9999],
[-9999, -9999, -9999, -9999, -9999, -9999, -9999, -9999, -9999, -9999, 87, -9999, -9999, -9999, -9999, -9999, -9999, -9999, -9999, -9999, -9999, -9999, -9999, -9999, -9999, -9999, 35, 59, -9999, -9999, -9999, -9999, -9999, -9999, -9999, -9999, -9999, -9999, -9999, -9999, -9999, -9999, -9999, -9999, -9999, -9999, -9999, -9999, -9999, -9999, -9999, -9999, -9999, -9999, -9999, -9999, -9999, -9999, -9999, -9999, 42, -9999, -9999, -9999, -9999, -9999, -9999, -9999, -9999, -9999, -9999, -9999, -9999, -9999, -9999, -9999, -9999, -9999, -9999, -9999, -9999, -9999, -9999, 99, -9999, 35, -9999, -9999, -9999, -9999, -9999, -9999, -9999, -9999, -9999, -9999, 95, -9999, -9999, -9999],
[50, 61, -9999, 11, 1, 18, -9999, -9999, 20, -9999, 29, -9999, 36, -9999, -9999, -9999, -9999, 81, -9999, 94, 93, 42, 61, 42, 34, -9999, 35, 95, 77, 57, 14, -9999, 95, 87, 31, -9999, 62, 66, -9999, 52, -9999, -9999, 79, -9999, 20, -9999, -9999, -9999, -9999, 65, 17, 4, 59, -9999, -9999, -9999, 51, -9999, -9999, 1, 73, 16, 21, -9999, -9999, -9999, -9999, 28, -9999, 17, 53, -9999, 66, 12, -9999, -9999, 11, -9999, 55, -9999, 80, 37, -9999, -9999, 32, -9999, 62, 2, 12, 84, 97, 75, -9999, -9999, -9999, 9, 92, -9999, -9999, 92],
[-9999, -9999, -9999, -9999, 97, -9999, -9999, -9999, -9999, -9999, -9999, -9999, -9999, -9999, -9999, -9999, -9999, -9999, -9999, -9999, 21, -9999, -9999, -9999, -9999, -9999, -9999, -9999, -9999, 40, -9999, -9999, 91, 93, -9999, -9999, -9999, -9999, -9999, -9999, -9999, -9999, -9999, -9999, -9999, -9999, -9999, -9999, 74, -9999, -9999, -9999, -9999, -9999, -9999, 17, 85, -9999, -9999, -9999, -9999, 42, 84, -9999, -9999, -9999, -9999, -9999, -9999, 36, -9999, -9999, -9999, 62, -9999, -9999, 53, 5, 82, -9999, -9999, -9999, -9999, -9999, -9999, -9999, -9999, -9999, 21, -9999, -9999, -9999, -9999, 68, -9999, -9999, -9999, 88, -9999, 51],
[-9999, -9999, -9999, -9999, -9999, -9999, 16, -9999, -9999, -9999, -9999, -9999, -9999, -9999, 21, -9999, 81, 35, -9999, -9999, -9999, -9999, -9999, -9999, -9999, -9999, -9999, -9999, 27, 17, -9999, -9999, -9999, 24, -9999, -9999, -9999, 66, -9999, -9999, -9999, 17, -9999, -9999, 56, -9999, -9999, -9999, 9, -9999, -9999, -9999, -9999, -9999, -9999, 42, 35, -9999, -9999, -9999, -9999, 1, 61, -9999, -9999, -9999, -9999, -9999, -9999, -9999, -9999, -9999, -9999, 89, -9999, -9999, -9999, -9999, 72, -9999, -9999, -9999, -9999, -9999, -9999, -9999, -9999, -9999, -9999, -9999, -9999, 52, -9999, -9999, -9999, -9999, -9999, -9999, -9999, 38],
[-9999, 71, -9999, 46, -9999, 88, -9999, -9999, 15, -9999, -9999, -9999, 1, -9999, 69, -9999, 72, -9999, 36, 1, -9999, -9999, 41, -9999, -9999, -9999, 43, 89, 66, 32, 9, 7, 13, 12, 26, 8, -9999, 87, -9999, 92, -9999, -9999, -9999, 64, 45, -9999, -9999, -9999, 46, -9999, 91, 38, 28, -9999, -9999, 9, -9999, -9999, -9999, 66, 37, 85, 100, 25, 58, -9999, -9999, -9999, -9999, 28, -9999, -9999, -9999, 79, -9999, -9999, -9999, 4, 29, -9999, -9999, -9999, -9999, 8, 79, -9999, -9999, 37, -9999, 51, -9999, 19, -9999, -9999, -9999, 63, 11, -9999, -9999, 92],
[-9999, -9999, -9999, -9999, -9999, -9999, 99, -9999, -9999, -9999, -9999, -9999, -9999, -9999, 26, -9999, -9999, 73, -9999, -9999, 61, -9999, -9999, -9999, -9999, -9999, -9999, -9999, -9999, 55, 47, -9999, 85, 51, -9999, -9999, -9999, -9999, -9999, -9999, -9999, -9999, -9999, -9999, 42, -9999, -9999, -9999, 77, -9999, -9999, -9999, -9999, -9999, -9999, -9999, -9999, -9999, -9999, -9999, -9999, 78, 3, -9999, -9999, -9999, -9999, -9999, -9999, -9999, -9999, -9999, -9999, 1, -9999, -9999, -9999, 74, -9999, -9999, -9999, -9999, -9999, -9999, -9999, -9999, -9999, -9999, 49, -9999, -9999, 50, -9999, -9999, -9999, -9999, -9999, -9999, -9999, 27],
[-9999, -9999, -9999, -9999, -9999, -9999, -9999, -9999, -9999, -9999, -9999, -9999, -9999, -9999, 13, -9999, 53, -9999, -9999, -9999, 36, -9999, -9999, -9999, -9999, -9999, -9999, -9999, 44, 67, 23, 75, -9999, -9999, -9999, 36, -9999, -9999, -9999, -9999, -9999, 99, -9999, -9999, -9999, -9999, -9999, -9999, 48, -9999, -9999, -9999, -9999, -9999, 25, 58, 77, -9999, -9999, -9999, -9999, 67, 53, -9999, -9999, -9999, -9999, -9999, -9999, 29, -9999, -9999, -9999, 13, -9999, -9999, -9999, -9999, 93, -9999, -9999, -9999, -9999, -9999, -9999, -9999, -9999, -9999, 79, -9999, -9999, -9999, -9999, -9999, -9999, -9999, -9999, -9999, -9999, 18],
[-9999, -9999, -9999, -9999, -9999, -9999, -9999, -9999, -9999, -9999, -9999, -9999, -9999, -9999, 34, -9999, 27, -9999, -9999, -9999, 100, -9999, -9999, -9999, -9999, -9999, -9999, -9999, -9999, 17, -9999, 77, -9999, -9999, -9999, -9999, -9999, -9999, -9999, -9999, -9999, -9999, -9999, -9999, 72, -9999, -9999, -9999, 69, -9999, -9999, -9999, -9999, -9999, -9999, -9999, 48, -9999, -9999, -9999, -9999, 48, 49, -9999, -9999, -9999, -9999, -9999, -9999, 39, -9999, -9999, -9999, 92, -9999, -9999, 33, -9999, 88, -9999, -9999, -9999, -9999, -9999, -9999, -9999, -9999, -9999, 87, -9999, -9999, -9999, -9999, -9999, -9999, -9999, -9999, -9999, -9999, 84],
[-9999, -9999, -9999, -9999, -9999, -9999, 27, -9999, 79, -9999, -9999, -9999, -9999, -9999, -9999, -9999, -9999, -9999, -9999, -9999, -9999, -9999, -9999, -9999, -9999, -9999, -9999, -9999, 29, 8, 36, 97, 77, 73, 26, -9999, -9999, -9999, -9999, -9999, -9999, 19, -9999, -9999, -9999, -9999, -9999, -9999, 73, -9999, -9999, -9999, -9999, -9999, 81, -9999, -9999, -9999, -9999, -9999, -9999, 27, -9999, -9999, -9999, -9999, -9999, -9999, -9999, -9999, -9999, 63, -9999, 12, -9999, -9999, 69, 51, 51, -9999, -9999, -9999, -9999, -9999, -9999, -9999, -9999, -9999, -9999, -9999, -9999, -9999, -9999, -9999, -9999, -9999, -9999, -9999, -9999, 21],
[-9999, -9999, -9999, 69, -9999, -9999, 73, -9999, -9999, -9999, -9999, -9999, -9999, -9999, 23, -9999, 46, 27, 24, 13, -9999, 63, -9999, 67, -9999, 81, -9999, 67, 11, 44, -9999, -9999, -9999, -9999, 93, -9999, 84, -9999, -9999, 12, -9999, -9999, -9999, 72, 53, -9999, -9999, -9999, 99, -9999, -9999, 33, 11, 58, 15, 25, 91, -9999, -9999, -9999, 21, -9999, 24, 93, 92, -9999, -9999, -9999, -9999, 87, 62, -9999, -9999, 15, -9999, 64, -9999, 87, -9999, -9999, -9999, -9999, 4, 90, 39, -9999, -9999, 46, -9999, 97, -9999, -9999, -9999, -9999, -9999, -9999, 92, -9999, -9999, 63],
[-9999, -9999, -9999, -9999, -9999, -9999, -9999, -9999, 24, -9999, -9999, -9999, -9999, -9999, -9999, -9999, 79, 17, -9999, -9999, -9999, -9999, -9999, -9999, -9999, -9999, -9999, -9999, 9, 3, -9999, 57, 46, -9999, 36, -9999, -9999, 7, -9999, -9999, -9999, 82, -9999, -9999, -9999, -9999, -9999, -9999, 44, -9999, -9999, -9999, -9999, -9999, -9999, 98, -9999, -9999, -9999, -9999, -9999, 37, 60, -9999, -9999, -9999, -9999, -9999, -9999, 20, -9999, -9999, -9999, 39, -9999, -9999, 51, -9999, 40, -9999, -9999, -9999, -9999, -9999, -9999, -9999, -9999, -9999, 10, -9999, -9999, 71, -9999, -9999, -9999, -9999, -9999, -9999, -9999, 39],
[-9999, -9999, -9999, -9999, 92, -9999, -9999, -9999, 6, 35, -9999, 75, -9999, -9999, 3, -9999, -9999, -9999, -9999, -9999, -9999, -9999, -9999, -9999, -9999, -9999, -9999, -9999, -9999, 8, -9999, 98, 93, -9999, -9999, -9999, -9999, -9999, -9999, -9999, -9999, 73, -9999, -9999, -9999, -9999, -9999, -9999, 54, -9999, -9999, -9999, -9999, -9999, 99, 3, 85, -9999, -9999, -9999, -9999, 86, 96, -9999, -9999, -9999, -9999, -9999, -9999, 72, -9999, -9999, -9999, 99, -9999, -9999, -9999, 2, 54, -9999, -9999, -9999, -9999, -9999, -9999, -9999, -9999, -9999, 35, -9999, -9999, -9999, -9999, -9999, -9999, -9999, -9999, -9999, -9999, 19],
[72, -9999, -9999, -9999, 87, -9999, -9999, -9999, 84, 68, -9999, -9999, -9999, -9999, 99, -9999, -9999, -9999, -9999, -9999, 11, -9999, -9999, -9999, -9999, -9999, -9999, -9999, 28, -9999, 64, -9999, -9999, 36, 16, -9999, -9999, 3, 45, -9999, -9999, 82, -9999, -9999, -9999, -9999, -9999, -9999, 32, -9999, -9999, -9999, -9999, -9999, -9999, 43, 33, -9999, -9999, -9999, -9999, 86, 48, -9999, -9999, -9999, -9999, -9999, -9999, -9999, -9999, -9999, -9999, 65, -9999, -9999, -9999, -9999, -9999, -9999, -9999, -9999, -9999, -9999, -9999, -9999, -9999, -9999, -9999, -9999, -9999, -9999, -9999, 68, -9999, -9999, -9999, 52, -9999, 98],
[-9999, -9999, -9999, -9999, -9999, -9999, -9999, -9999, 71, -9999, -9999, -9999, -9999, -9999, 91, -9999, 85, -9999, -9999, -9999, 77, -9999, -9999, -9999, -9999, -9999, -9999, -9999, -9999, 79, -9999, 12, 56, -9999, -9999, -9999, -9999, 73, -9999, -9999, -9999, 100, -9999, -9999, -9999, -9999, -9999, -9999, 71, -9999, -9999, -9999, -9999, -9999, 30, 32, 99, -9999, -9999, -9999, -9999, 50, -9999, -9999, -9999, -9999, -9999, -9999, -9999, 87, -9999, 81, -9999, 61, -9999, -9999, 2, -9999, 52, -9999, -9999, -9999, -9999, -9999, -9999, -9999, -9999, -9999, 48, -9999, -9999, -9999, -9999, -9999, -9999, -9999, -9999, -9999, -9999, 52],
[-9999, -9999, -9999, 40, -9999, -9999, -9999, -9999, 89, -9999, 62, -9999, 29, -9999, -9999, -9999, 58, 18, 60, 59, -9999, 27, 39, -9999, -9999, -9999, 53, 68, -9999, 34, -9999, -9999, 44, 77, -9999, -9999, 87, -9999, -9999, 52, -9999, 9, -9999, -9999, -9999, -9999, -9999, -9999, 82, -9999, -9999, 12, 48, -9999, 86, 81, 49, -9999, -9999, 75, 18, 20, -9999, 75, 93, -9999, 50, -9999, -9999, -9999, -9999, -9999, -9999, 27, -9999, 2, -9999, 4, 97, -9999, -9999, 67, -9999, -9999, -9999, 10, -9999, -9999, -9999, 20, -9999, -9999, 54, -9999, -9999, -9999, 88, -9999, -9999, 12],
[-9999, -9999, -9999, -9999, -9999, -9999, -9999, -9999, -9999, -9999, 13, -9999, -9999, -9999, -9999, -9999, -9999, -9999, -9999, -9999, -9999, -9999, -9999, -9999, -9999, -9999, 6, 72, -9999, -9999, -9999, -9999, -9999, -9999, -9999, -9999, -9999, -9999, -9999, -9999, -9999, -9999, -9999, -9999, -9999, -9999, -9999, -9999, -9999, -9999, -9999, -9999, -9999, -9999, -9999, -9999, -9999, -9999, -9999, -9999, 55, -9999, -9999, -9999, -9999, -9999, -9999, -9999, -9999, -9999, -9999, -9999, -9999, -9999, -9999, -9999, -9999, -9999, -9999, -9999, -9999, -9999, -9999, 69, -9999, -9999, -9999, -9999, -9999, -9999, -9999, -9999, -9999, -9999, -9999, -9999, 1, -9999, -9999, -9999],
[-9999, -9999, -9999, -9999, -9999, -9999, -9999, -9999, -9999, -9999, -9999, -9999, -9999, -9999, -9999, -9999, -9999, -9999, -9999, -9999, -9999, -9999, -9999, -9999, -9999, -9999, 94, 91, -9999, -9999, -9999, -9999, 10, -9999, -9999, -9999, -9999, -9999, -9999, -9999, -9999, -9999, -9999, -9999, -9999, -9999, 59, -9999, -9999, -9999, -9999, -9999, -9999, -9999, -9999, -9999, -9999, -9999, -9999, -9999, 11, -9999, -9999, -9999, -9999, -9999, -9999, -9999, -9999, -9999, -9999, -9999, -9999, -9999, -9999, -9999, -9999, -9999, -9999, -9999, -9999, -9999, -9999, 67, -9999, 53, -9999, -9999, -9999, -9999, -9999, -9999, -9999, -9999, -9999, -9999, 60, -9999, -9999, -9999],
[-9999, -9999, -9999, -9999, -9999, -9999, -9999, -9999, -9999, -9999, -9999, -9999, -9999, -9999, -9999, -9999, 90, -9999, -9999, -9999, -9999, -9999, -9999, -9999, -9999, -9999, -9999, -9999, -9999, 54, -9999, 96, 36, -9999, -9999, -9999, -9999, -9999, -9999, -9999, -9999, 43, -9999, -9999, 14, -9999, -9999, -9999, 75, -9999, -9999, -9999, -9999, -9999, 56, -9999, 1, -9999, -9999, -9999, -9999, 82, -9999, -9999, -9999, -9999, -9999, -9999, -9999, 87, -9999, -9999, -9999, 50, -9999, -9999, 24, 43, -9999, -9999, -9999, -9999, -9999, -9999, -9999, -9999, -9999, -9999, -9999, -9999, 29, -9999, -9999, -9999, -9999, -9999, -9999, -9999, -9999, 18],
[-9999, 68, -9999, 78, -9999, 67, 39, -9999, 70, -9999, 98, -9999, -9999, -9999, -9999, -9999, 32, -9999, -9999, 53, 75, 74, -9999, -9999, 57, 10, 69, 55, -9999, 35, -9999, -9999, 88, 2, 24, -9999, -9999, 68, -9999, 70, -9999, 34, -9999, -9999, 83, -9999, -9999, -9999, 82, -9999, 38, -9999, 24, -9999, 53, 27, 95, -9999, -9999, 78, 2, 78, -9999, -9999, -9999, -9999, -9999, -9999, -9999, 70, 87, -9999, -9999, 15, -9999, -9999, -9999, 97, 50, -9999, -9999, -9999, -9999, 70, 19, 89, -9999, 78, 58, 60, -9999, 15, 43, -9999, -9999, -9999, 57, -9999, -9999, 6],
[-9999, -9999, -9999, -9999, -9999, -9999, -9999, -9999, -9999, -9999, 7, -9999, -9999, -9999, -9999, -9999, -9999, -9999, -9999, -9999, -9999, -9999, -9999, -9999, -9999, -9999, 84, 80, -9999, -9999, -9999, -9999, -9999, -9999, -9999, -9999, -9999, -9999, -9999, -9999, -9999, -9999, -9999, -9999, -9999, -9999, -9999, -9999, -9999, -9999, -9999, -9999, -9999, -9999, -9999, -9999, -9999, -9999, -9999, -9999, 65, -9999, -9999, -9999, -9999, -9999, -9999, -9999, -9999, -9999, -9999, -9999, -9999, -9999, -9999, -9999, -9999, -9999, -9999, -9999, -9999, -9999, -9999, 50, -9999, -9999, -9999, -9999, -9999, -9999, -9999, -9999, -9999, -9999, -9999, -9999, 17, -9999, -9999, -9999],
[-9999, -9999, -9999, -9999, -9999, -9999, -9999, -9999, -9999, -9999, -9999, -9999, -9999, -9999, -9999, -9999, -9999, -9999, -9999, -9999, -9999, -9999, -9999, -9999, -9999, -9999, 47, 82, -9999, -9999, -9999, -9999, 76, -9999, -9999, -9999, -9999, -9999, -9999, -9999, -9999, -9999, -9999, -9999, -9999, -9999, -9999, -9999, -9999, -9999, -9999, -9999, -9999, -9999, -9999, -9999, -9999, -9999, -9999, -9999, 29, -9999, -9999, -9999, -9999, -9999, -9999, -9999, -9999, -9999, -9999, -9999, -9999, -9999, -9999, -9999, -9999, -9999, -9999, -9999, -9999, -9999, -9999, -9999, -9999, -9999, 87, -9999, -9999, -9999, -9999, -9999, -9999, -9999, -9999, -9999, 14, -9999, 2, -9999],
[-9999, -9999, -9999, -9999, -9999, -9999, -9999, -9999, -9999, -9999, -9999, -9999, -9999, -9999, -9999, -9999, -9999, -9999, -9999, -9999, -9999, -9999, -9999, -9999, -9999, -9999, 84, 78, -9999, -9999, -9999, -9999, -9999, -9999, -9999, -9999, -9999, -9999, -9999, -9999, -9999, -9999, -9999, -9999, -9999, -9999, -9999, -9999, -9999, -9999, -9999, -9999, -9999, -9999, -9999, -9999, -9999, -9999, -9999, -9999, 69, -9999, -9999, -9999, -9999, -9999, -9999, -9999, -9999, -9999, -9999, -9999, -9999, -9999, -9999, -9999, -9999, -9999, -9999, -9999, -9999, -9999, -9999, 74, -9999, 55, -9999, -9999, -9999, -9999, -9999, -9999, -9999, -9999, -9999, -9999, 76, -9999, -9999, -9999],
[-9999, -9999, -9999, -9999, -9999, -9999, -9999, -9999, -9999, -9999, 46, -9999, -9999, -9999, -9999, -9999, -9999, -9999, -9999, -9999, -9999, -9999, -9999, -9999, -9999, -9999, 59, 89, -9999, -9999, -9999, -9999, 52, -9999, -9999, -9999, -9999, -9999, -9999, -9999, -9999, -9999, -9999, -9999, -9999, -9999, 77, -9999, -9999, -9999, -9999, -9999, -9999, -9999, -9999, -9999, -9999, -9999, -9999, -9999, 5, -9999, -9999, -9999, -9999, -9999, -9999, -9999, -9999, -9999, -9999, -9999, -9999, -9999, -9999, -9999, -9999, -9999, -9999, -9999, -9999, -9999, -9999, 17, -9999, 41, -9999, -9999, -9999, -9999, -9999, -9999, -9999, -9999, -9999, -9999, 84, -9999, -9999, -9999],
[-9999, -9999, 52, -9999, -9999, -9999, -9999, -9999, -9999, -9999, -9999, -9999, -9999, -9999, 68, -9999, 79, 4, -9999, -9999, 67, -9999, -9999, -9999, -9999, -9999, -9999, -9999, 41, 57, -9999, 9, 92, 100, -9999, -9999, -9999, 16, -9999, -9999, -9999, 90, -9999, -9999, -9999, -9999, -9999, -9999, 33, -9999, -9999, -9999, -9999, -9999, -9999, -9999, 89, -9999, 84, -9999, -9999, 16, -9999, -9999, -9999, -9999, -9999, -9999, -9999, 83, -9999, -9999, -9999, 56, -9999, -9999, 58, 43, 34, -9999, -9999, -9999, -9999, -9999, -9999, -9999, -9999, -9999, 59, -9999, -9999, -9999, -9999, -9999, -9999, -9999, -9999, -9999, -9999, 53],
[21, -9999, -9999, -9999, -9999, -9999, -9999, -9999, 75, 83, -9999, -9999, -9999, -9999, -9999, -9999, -9999, -9999, -9999, -9999, 25, -9999, -9999, -9999, -9999, -9999, -9999, -9999, 64, 53, -9999, -9999, -9999, 95, 54, 10, -9999, 9, -9999, -9999, -9999, -9999, -9999, -9999, -9999, -9999, -9999, -9999, 14, -9999, -9999, -9999, -9999, -9999, 80, 61, 8, -9999, -9999, -9999, -9999, 17, 48, -9999, -9999, -9999, -9999, -9999, -9999, 42, -9999, -9999, -9999, 46, -9999, -9999, -9999, 88, -9999, -9999, -9999, -9999, -9999, -9999, -9999, -9999, -9999, -9999, 50, -9999, -9999, 65, -9999, -9999, -9999, -9999, -9999, 33, -9999, 29],
[-9999, 36, -9999, 88, -9999, 19, -9999, 77, -9999, 50, 44, -9999, 69, -9999, 83, -9999, 100, 5, -9999, 6, 62, 37, -9999, -9999, 57, 92, -9999, 73, 13, 44, 82, 71, 47, 49, 56, -9999, -9999, 70, 14, 18, -9999, -9999, -9999, -9999, -9999, -9999, -9999, -9999, -9999, 16, -9999, 19, 56, 97, 47, -9999, 55, 47, -9999, 57, 33, 88, 82, -9999, 59, -9999, -9999, -9999, -9999, -9999, 31, -9999, -9999, 28, -9999, -9999, 44, 41, -9999, -9999, -9999, 14, -9999, 82, 20, 54, 89, 22, 4, 34, -9999, 96, 53, -9999, -9999, -9999, 2, 29, 90, 94],
[-9999, 40, -9999, 24, 92, 2, -9999, -9999, -9999, -9999, -9999, -9999, -9999, -9999, 21, 26, 31, -9999, 72, 3, 45, 77, -9999, -9999, 77, 50, 32, 93, -9999, 7, -9999, 50, 22, 95, 98, -9999, -9999, -9999, -9999, 43, -9999, 11, -9999, -9999, 71, -9999, -9999, -9999, 96, 54, 21, 8, 12, 58, 76, -9999, 63, -9999, -9999, 12, 38, 17, 25, 74, -9999, 12, -9999, 79, -9999, 57, 92, -9999, -9999, 37, -9999, -9999, 22, -9999, -9999, -9999, 42, 18, -9999, -9999, 29, 93, 2, 43, -9999, 72, 91, 80, -9999, -9999, -9999, 3, 93, -9999, 10, 59],
[-9999, 66, -9999, 47, -9999, 35, 55, -9999, -9999, -9999, -9999, -9999, 34, -9999, -9999, -9999, 65, -9999, 56, 34, -9999, 42, 100, 49, 38, 9, 59, 34, -9999, 4, -9999, -9999, -9999, 6, 8, -9999, 20, -9999, -9999, -9999, -9999, 36, -9999, -9999, -9999, -9999, -9999, -9999, 18, -9999, 4, 59, 48, 51, -9999, -9999, -9999, -9999, -9999, 43, 13, 24, -9999, 80, 38, 38, -9999, -9999, -9999, 42, 4, -9999, -9999, 96, -9999, 17, 3, 69, 3, -9999, -9999, 36, -9999, -9999, -9999, 68, -9999, -9999, -9999, 66, -9999, 54, 75, -9999, -9999, -9999, 65, -9999, -9999, 97],
[-9999, 86, 22, 25, -9999, 65, -9999, -9999, -9999, -9999, -9999, -9999, -9999, -9999, 49, -9999, 17, -9999, 88, 64, 100, -9999, 20, 100, -9999, -9999, -9999, 20, 86, 55, -9999, 99, 10, 47, 97, -9999, -9999, 12, -9999, -9999, -9999, -9999, -9999, -9999, 73, -9999, -9999, -9999, 15, -9999, -9999, 56, 74, 6, -9999, -9999, -9999, 61, -9999, -9999, 65, 11, -9999, 34, 90, -9999, 100, -9999, -9999, -9999, -9999, -9999, -9999, 86, -9999, -9999, 33, -9999, 87, -9999, -9999, 81, 43, 90, 56, 6, -9999, -9999, 19, 85, -9999, 14, 18, -9999, -9999, -9999, 42, -9999, -9999, 76],
[-9999, -9999, -9999, 77, -9999, 37, -9999, -9999, -9999, -9999, -9999, -9999, 22, -9999, -9999, -9999, 98, 31, -9999, 66, -9999, 23, 20, -9999, -9999, 21, 95, 13, 43, 2, 64, 24, 58, -9999, 9, -9999, 95, -9999, -9999, 31, -9999, 33, -9999, -9999, 77, -9999, -9999, -9999, 75, -9999, 52, 35, 36, 55, -9999, -9999, -9999, 72, -9999, 21, 9, 39, 47, 91, -9999, -9999, -9999, -9999, -9999, 94, 94, -9999, -9999, 5, -9999, -9999, 53, 91, -9999, -9999, -9999, -9999, -9999, 79, 31, 80, -9999, -9999, 58, 4, -9999, 5, 4, -9999, -9999, 49, 34, -9999, -9999, 11],
[-9999, 94, -9999, 93, -9999, 43, 96, -9999, 16, -9999, 58, 50, 39, -9999, -9999, -9999, -9999, 33, -9999, 61, -9999, 52, 95, 22, -9999, 53, 25, 50, 86, 26, 75, 88, 42, -9999, 5, -9999, 12, 44, -9999, -9999, -9999, 56, -9999, -9999, 76, -9999, -9999, -9999, 81, -9999, 71, -9999, 62, -9999, -9999, 62, 32, 47, -9999, -9999, 5, 60, 19, 78, -9999, -9999, -9999, -9999, 66, 51, 89, -9999, -9999, 76, -9999, -9999, 68, 96, -9999, -9999, -9999, -9999, -9999, -9999, -9999, 25, -9999, 80, 75, 72, -9999, -9999, 8, -9999, -9999, 10, 48, -9999, -9999, 65],
[-9999, -9999, -9999, -9999, -9999, -9999, -9999, -9999, -9999, -9999, -9999, -9999, -9999, -9999, -9999, -9999, -9999, -9999, -9999, -9999, -9999, -9999, -9999, -9999, -9999, -9999, -9999, -9999, -9999, -9999, -9999, -9999, 26, -9999, -9999, -9999, -9999, -9999, -9999, -9999, -9999, -9999, -9999, -9999, -9999, -9999, -9999, -9999, -9999, -9999, -9999, -9999, -9999, -9999, -9999, -9999, -9999, -9999, -9999, -9999, -9999, -9999, -9999, -9999, -9999, -9999, -9999, -9999, -9999, -9999, -9999, -9999, -9999, -9999, -9999, -9999, -9999, -9999, -9999, -9999, -9999, -9999, -9999, -9999, -9999, -9999, -9999, -9999, -9999, -9999, -9999, -9999, -9999, -9999, -9999, -9999, -9999, -9999, -9999, -9999],
[-9999, 80, -9999, 55, -9999, -9999, -9999, -9999, 95, -9999, -9999, -9999, -9999, -9999, -9999, -9999, -9999, -9999, 56, 53, -9999, 64, 26, 86, 69, 22, 92, 8, -9999, 23, -9999, 64, 82, -9999, -9999, -9999, 68, -9999, -9999, -9999, -9999, -9999, -9999, -9999, -9999, -9999, -9999, -9999, 49, -9999, 73, 45, 48, 83, 41, 7, 58, -9999, -9999, -9999, 51, 76, -9999, -9999, -9999, -9999, -9999, -9999, -9999, 6, 37, -9999, -9999, 52, -9999, -9999, 13, 35, -9999, -9999, -9999, -9999, -9999, 43, 1, 10, -9999, -9999, -9999, 81, -9999, -9999, 49, -9999, -9999, -9999, 86, -9999, -9999, 1],
[-9999, -9999, -9999, -9999, -9999, -9999, -9999, -9999, 14, -9999, -9999, -9999, -9999, -9999, -9999, -9999, -9999, 73, -9999, -9999, 20, -9999, -9999, -9999, -9999, -9999, -9999, -9999, 44, 50, 49, 75, 28, -9999, 42, -9999, -9999, 6, -9999, -9999, -9999, -9999, -9999, -9999, 95, -9999, -9999, -9999, 22, -9999, -9999, -9999, -9999, -9999, 33, -9999, -9999, -9999, -9999, -9999, -9999, 97, -9999, -9999, -9999, -9999, -9999, -9999, -9999, 21, -9999, -9999, -9999, 14, -9999, -9999, -9999, -9999, -9999, -9999, -9999, -9999, -9999, -9999, -9999, -9999, -9999, -9999, -9999, -9999, -9999, -9999, -9999, -9999, -9999, -9999, -9999, -9999, -9999, 30],
[39, -9999, -9999, -9999, -9999, -9999, -9999, -9999, 90, 59, -9999, -9999, -9999, -9999, -9999, -9999, 82, 21, -9999, -9999, 25, -9999, -9999, -9999, -9999, -9999, -9999, -9999, -9999, 77, 24, -9999, 29, -9999, 91, -9999, -9999, -9999, -9999, -9999, -9999, 19, -9999, -9999, -9999, -9999, -9999, -9999, 74, -9999, -9999, -9999, -9999, -9999, -9999, 87, 12, -9999, -9999, -9999, -9999, 48, 77, -9999, -9999, -9999, -9999, -9999, -9999, -9999, -9999, -9999, -9999, 52, -9999, -9999, 41, 53, 64, -9999, -9999, -9999, -9999, -9999, -9999, -9999, -9999, -9999, 7, -9999, -9999, 38, -9999, -9999, -9999, -9999, -9999, 14, -9999, 91],
[-9999, -9999, -9999, -9999, -9999, -9999, -9999, -9999, -9999, -9999, -9999, -9999, -9999, -9999, 50, -9999, -9999, 90, -9999, -9999, 50, -9999, -9999, -9999, -9999, -9999, -9999, -9999, 1, 77, -9999, -9999, 59, 9, 10, -9999, -9999, 82, -9999, -9999, -9999, 1, -9999, -9999, -9999, -9999, -9999, -9999, 9, -9999, -9999, -9999, -9999, -9999, -9999, 73, 37, -9999, -9999, -9999, -9999, 73, -9999, -9999, -9999, -9999, -9999, -9999, -9999, -9999, -9999, -9999, -9999, 14, -9999, -9999, -9999, 63, 78, -9999, -9999, -9999, -9999, -9999, -9999, -9999, -9999, -9999, 23, -9999, -9999, 64, -9999, -9999, -9999, -9999, -9999, -9999, -9999, 98],
[-9999, 27, -9999, 77, -9999, 39, 94, -9999, 96, -9999, -9999, -9999, 38, -9999, -9999, -9999, 20, 17, 23, 100, 19, 37, -9999, 56, -9999, 17, 34, 83, -9999, 42, 3, 66, -9999, 69, 96, -9999, -9999, -9999, -9999, 52, -9999, -9999, -9999, -9999, 33, -9999, -9999, -9999, 85, -9999, -9999, 24, 78, -9999, 66, -9999, -9999, -9999, -9999, -9999, 52, 86, 22, -9999, -9999, -9999, -9999, -9999, -9999, -9999, -9999, -9999, -9999, 56, -9999, -9999, -9999, -9999, -9999, -9999, -9999, -9999, -9999, 85, 26, 79, -9999, -9999, 28, 76, -9999, 33, 76, -9999, -9999, 48, 42, -9999, -9999, 84],
[89, -9999, -9999, -9999, -9999, -9999, 24, -9999, 3, 67, -9999, -9999, -9999, -9999, 97, -9999, 17, 18, -9999, -9999, -9999, -9999, -9999, -9999, -9999, -9999, -9999, -9999, 60, 65, 59, 29, -9999, 69, -9999, -9999, -9999, -9999, -9999, -9999, -9999, 50, -9999, -9999, -9999, -9999, -9999, -9999, 74, -9999, -9999, -9999, -9999, -9999, -9999, 28, 85, -9999, -9999, -9999, -9999, 57, 35, -9999, -9999, -9999, -9999, -9999, -9999, -9999, -9999, -9999, -9999, 72, -9999, -9999, -9999, 96, -9999, -9999, -9999, -9999, -9999, -9999, -9999, -9999, -9999, -9999, -9999, -9999, -9999, 31, -9999, 15, -9999, -9999, -9999, 36, -9999, 80],
[-9999, -9999, -9999, -9999, -9999, -9999, -9999, -9999, -9999, -9999, 6, -9999, -9999, -9999, -9999, -9999, -9999, -9999, -9999, -9999, -9999, -9999, -9999, -9999, -9999, -9999, 6, 92, -9999, -9999, -9999, -9999, 61, -9999, -9999, -9999, -9999, -9999, -9999, -9999, -9999, -9999, -9999, -9999, -9999, -9999, 59, -9999, -9999, -9999, -9999, -9999, -9999, -9999, -9999, -9999, -9999, -9999, -9999, -9999, 8, -9999, -9999, -9999, -9999, -9999, -9999, -9999, -9999, -9999, -9999, -9999, -9999, -9999, -9999, -9999, -9999, -9999, -9999, -9999, -9999, -9999, -9999, 99, -9999, 8, -9999, -9999, -9999, -9999, -9999, -9999, -9999, -9999, -9999, -9999, 96, -9999, -9999, -9999],
[-9999, -9999, -9999, 38, -9999, -9999, -9999, -9999, -9999, -9999, -9999, -9999, 67, -9999, 2, -9999, -9999, -9999, -9999, 43, 11, -9999, -9999, 53, -9999, 92, 69, 85, -9999, 91, 15, 89, -9999, 100, 98, -9999, 67, 20, -9999, -9999, -9999, 82, -9999, -9999, 52, -9999, -9999, -9999, 2, -9999, -9999, -9999, 15, -9999, 33, -9999, -9999, 35, -9999, 39, 25, 85, 81, -9999, -9999, 14, 45, -9999, -9999, -9999, -9999, -9999, -9999, 73, -9999, -9999, -9999, -9999, -9999, -9999, -9999, 22, -9999, 31, 89, -9999, -9999, 25, 69, 95, -9999, -9999, 34, -9999, -9999, 69, 87, -9999, -9999, 71],
[-9999, -9999, -9999, -9999, -9999, -9999, -9999, -9999, -9999, -9999, 34, -9999, -9999, -9999, -9999, -9999, -9999, -9999, -9999, -9999, -9999, -9999, -9999, -9999, -9999, -9999, 99, 26, -9999, -9999, -9999, -9999, 6, -9999, -9999, -9999, -9999, -9999, -9999, -9999, -9999, -9999, -9999, -9999, -9999, -9999, -9999, -9999, -9999, -9999, -9999, -9999, -9999, -9999, -9999, -9999, -9999, -9999, -9999, -9999, 20, -9999, -9999, -9999, -9999, -9999, -9999, -9999, -9999, -9999, -9999, -9999, -9999, -9999, -9999, -9999, -9999, -9999, -9999, -9999, -9999, -9999, -9999, -9999, -9999, 54, -9999, -9999, -9999, -9999, -9999, -9999, -9999, -9999, -9999, -9999, 93, -9999, -9999, -9999],
[-9999, 19, -9999, 83, -9999, -9999, -9999, -9999, -9999, -9999, -9999, -9999, -9999, -9999, -9999, -9999, 12, 26, -9999, 7, 57, 29, 50, 65, 48, 41, 36, 32, 72, 100, 45, 87, 59, -9999, -9999, -9999, 2, 32, -9999, 77, -9999, 64, -9999, -9999, -9999, -9999, -9999, -9999, 11, -9999, -9999, 65, 37, -9999, -9999, 8, -9999, 53, -9999, 77, 28, 29, 70, 99, 99, 97, -9999, -9999, -9999, -9999, 90, -9999, -9999, 58, -9999, 62, 89, -9999, -9999, -9999, -9999, 32, -9999, 40, 38, 49, -9999, -9999, 87, 40, -9999, 93, 96, -9999, 64, 14, 82, -9999, -9999, 40],
[-9999, -9999, -9999, 21, -9999, -9999, -9999, -9999, -9999, -9999, 10, -9999, -9999, 89, 91, -9999, -9999, 58, -9999, 15, 48, 59, 10, 46, 39, 29, 50, 17, 28, 43, -9999, 47, -9999, -9999, -9999, -9999, 92, -9999, -9999, 76, -9999, -9999, -9999, -9999, -9999, -9999, -9999, -9999, 49, -9999, 26, -9999, 6, 15, 15, 79, 79, 10, -9999, -9999, 58, 78, 64, 45, 28, 38, -9999, -9999, -9999, 93, -9999, -9999, -9999, 28, -9999, 81, 16, 20, 52, -9999, -9999, 3, -9999, 19, -9999, -9999, -9999, -9999, 56, 93, -9999, 84, 97, -9999, -9999, 37, 74, -9999, -9999, 71],
[-9999, -9999, -9999, -9999, -9999, -9999, -9999, -9999, -9999, -9999, 1, -9999, -9999, -9999, -9999, -9999, -9999, -9999, -9999, -9999, -9999, -9999, -9999, -9999, -9999, -9999, 94, 80, -9999, -9999, -9999, -9999, 14, -9999, -9999, -9999, -9999, -9999, -9999, -9999, -9999, -9999, -9999, -9999, -9999, -9999, -9999, -9999, -9999, -9999, -9999, -9999, -9999, -9999, -9999, -9999, -9999, -9999, -9999, -9999, -9999, -9999, -9999, -9999, -9999, -9999, -9999, -9999, -9999, -9999, -9999, -9999, -9999, -9999, -9999, -9999, -9999, -9999, -9999, -9999, -9999, -9999, -9999, 53, -9999, 6, -9999, -9999, -9999, -9999, -9999, -9999, -9999, -9999, -9999, -9999, 80, -9999, -9999, -9999],
[-9999, -9999, -9999, -9999, -9999, -9999, -9999, -9999, -9999, -9999, -9999, -9999, -9999, -9999, -9999, -9999, -9999, -9999, -9999, -9999, -9999, -9999, -9999, -9999, -9999, -9999, 22, 78, -9999, -9999, -9999, -9999, 53, -9999, -9999, -9999, -9999, -9999, -9999, -9999, -9999, -9999, -9999, -9999, -9999, -9999, -9999, -9999, -9999, -9999, -9999, -9999, -9999, -9999, -9999, -9999, -9999, -9999, -9999, -9999, 70, -9999, -9999, -9999, -9999, -9999, -9999, -9999, -9999, -9999, -9999, -9999, -9999, -9999, -9999, -9999, -9999, -9999, -9999, -9999, -9999, -9999, -9999, 76, -9999, -9999, -9999, -9999, -9999, -9999, -9999, -9999, -9999, -9999, -9999, -9999, 77, -9999, -9999, -9999],
[-9999, -9999, -9999, -9999, -9999, -9999, -9999, -9999, -9999, -9999, 10, -9999, -9999, -9999, -9999, -9999, -9999, -9999, -9999, -9999, -9999, -9999, -9999, -9999, -9999, -9999, 57, 30, -9999, -9999, -9999, -9999, -9999, -9999, -9999, -9999, -9999, -9999, -9999, -9999, -9999, -9999, -9999, -9999, -9999, -9999, -9999, -9999, -9999, -9999, -9999, -9999, -9999, -9999, -9999, -9999, -9999, -9999, -9999, -9999, 80, -9999, -9999, -9999, -9999, -9999, -9999, -9999, -9999, -9999, -9999, -9999, -9999, -9999, -9999, -9999, -9999, -9999, -9999, -9999, -9999, -9999, -9999, 41, -9999, 33, -9999, -9999, -9999, -9999, -9999, -9999, -9999, -9999, -9999, -9999, 85, -9999, -9999, -9999],
[93, -9999, -9999, -9999, 88, -9999, 17, -9999, 60, -9999, -9999, -9999, -9999, -9999, -9999, -9999, 68, 15, -9999, -9999, 72, -9999, -9999, -9999, -9999, -9999, -9999, -9999, 68, 94, -9999, 7, -9999, 39, -9999, -9999, -9999, -9999, -9999, -9999, -9999, -9999, -9999, -9999, 55, 37, -9999, -9999, 53, -9999, -9999, -9999, -9999, -9999, -9999, 29, 52, -9999, -9999, -9999, -9999, 15, 89, -9999, -9999, -9999, -9999, -9999, -9999, 46, -9999, -9999, -9999, -9999, -9999, -9999, 40, -9999, 31, -9999, -9999, -9999, -9999, -9999, -9999, -9999, -9999, -9999, -9999, -9999, -9999, -9999, -9999, -9999, -9999, -9999, -9999, 51, -9999, 69],
[-9999, -9999, -9999, 85, -9999, 59, 65, -9999, 94, -9999, 2, -9999, 71, -9999, 50, -9999, 97, 59, 16, 1, 56, 21, 26, 14, 84, 59, 94, 66, -9999, 33, -9999, -9999, 90, 11, -9999, -9999, -9999, 50, -9999, 78, -9999, 7, -9999, -9999, 63, -9999, -9999, -9999, 50, -9999, 19, 100, 84, -9999, -9999, 39, 78, -9999, -9999, 28, 96, 58, 26, 97, -9999, 71, -9999, -9999, -9999, 75, 14, 45, -9999, 76, -9999, 92, 36, 22, -9999, -9999, -9999, 32, -9999, 24, -9999, 11, -9999, -9999, -9999, 100, -9999, 63, 81, -9999, -9999, -9999, 83, -9999, -9999, 62],
[-9999, -9999, -9999, -9999, -9999, -9999, 98, -9999, 99, -9999, -9999, 3, -9999, -9999, -9999, -9999, 61, -9999, -9999, -9999, 3, -9999, -9999, -9999, -9999, -9999, -9999, -9999, 88, 64, -9999, 86, 13, 39, 25, -9999, -9999, 64, -9999, -9999, -9999, 60, -9999, -9999, 7, -9999, -9999, -9999, 72, -9999, -9999, -9999, -9999, -9999, 34, 31, 77, -9999, -9999, -9999, -9999, 40, 89, -9999, -9999, -9999, -9999, -9999, -9999, 54, -9999, -9999, -9999, 68, -9999, -9999, -9999, 44, 15, -9999, -9999, -9999, -9999, -9999, -9999, -9999, -9999, -9999, 100, -9999, -9999, -9999, -9999, -9999, -9999, -9999, -9999, -9999, -9999, 18],
[-9999, 90, 43, 82, -9999, 81, 31, -9999, 76, -9999, 41, -9999, 11, -9999, 77, -9999, -9999, -9999, -9999, 97, 28, 9, 61, 98, -9999, -9999, 40, 37, -9999, 16, -9999, 66, 74, 39, 69, -9999, 9, 57, -9999, -9999, -9999, 7, -9999, -9999, -9999, -9999, 1, -9999, 9, -9999, 100, 35, 62, 68, 20, -9999, 88, 85, -9999, -9999, 85, 77, 47, -9999, 53, 22, -9999, -9999, -9999, 41, 38, -9999, -9999, 33, -9999, -9999, 14, 72, 3, 75, -9999, -9999, -9999, 1, 68, 15, -9999, -9999, 28, 38, -9999, 11, -9999, -9999, -9999, -9999, 40, -9999, -9999, 12],
[36, 1, -9999, 90, 73, -9999, -9999, -9999, -9999, -9999, 51, -9999, -9999, -9999, 26, -9999, 99, -9999, 37, 8, -9999, 11, -9999, 34, 39, -9999, 42, 75, 49, 19, -9999, 17, -9999, 94, 36, -9999, 73, 13, -9999, 71, -9999, 7, 18, 49, 17, -9999, -9999, -9999, 16, -9999, 25, 35, 12, -9999, 21, 55, 19, 8, -9999, 50, 68, 66, -9999, 53, 92, 43, -9999, -9999, -9999, -9999, 55, -9999, 89, 41, -9999, -9999, -9999, 56, -9999, -9999, 22, 18, -9999, -9999, 74, -9999, -9999, 1, 93, 66, -9999, 46, 69, -9999, -9999, 22, 11, 92, 50, 37],
[-9999, 11, -9999, 14, -9999, 9, 26, -9999, -9999, -9999, 52, -9999, -9999, -9999, 49, -9999, -9999, -9999, 71, 37, 13, 51, 13, 78, 56, 63, 35, 44, -9999, 48, 50, 47, 42, 69, 20, 82, 61, 72, -9999, -9999, -9999, 94, -9999, -9999, -9999, -9999, -9999, -9999, 89, -9999, 22, -9999, 5, -9999, -9999, 91, -9999, 53, -9999, 67, 11, -9999, -9999, 60, 30, -9999, 9, -9999, -9999, -9999, -9999, -9999, -9999, 86, -9999, -9999, 60, 67, -9999, -9999, -9999, 26, -9999, 34, 53, 97, -9999, 51, -9999, 35, 22, -9999, -9999, -9999, 13, 90, 21, -9999, -9999, 69],
[-9999, -9999, -9999, 95, -9999, 31, -9999, -9999, 44, -9999, 35, -9999, -9999, -9999, -9999, -9999, -9999, -9999, 62, 40, 41, -9999, -9999, -9999, 80, 58, 62, 71, -9999, 33, -9999, -9999, -9999, 49, 18, -9999, 30, 58, -9999, -9999, -9999, -9999, -9999, -9999, 22, -9999, -9999, -9999, 29, -9999, 56, 45, 100, 44, 16, 21, 57, 25, -9999, 71, 99, 16, -9999, -9999, 6, 33, -9999, -9999, -9999, -9999, 75, -9999, -9999, 86, -9999, -9999, 12, 27, -9999, -9999, -9999, 74, -9999, -9999, -9999, 24, -9999, 82, -9999, 46, -9999, -9999, 92, -9999, -9999, 14, 69, -9999, -9999, 9],
[22, 90, -9999, 94, 57, 68, -9999, -9999, 65, 100, 21, -9999, 1, -9999, 59, -9999, -9999, -9999, -9999, 97, 79, 67, -9999, 44, 3, 57, 87, 91, 100, 23, -9999, 57, 27, 41, -9999, -9999, 29, -9999, -9999, -9999, -9999, -9999, 69, -9999, 33, -9999, 48, 85, 55, -9999, 68, -9999, 52, -9999, -9999, 60, -9999, 23, -9999, 25, 99, 100, 96, 72, 83, 93, -9999, 86, -9999, -9999, -9999, -9999, 36, 14, -9999, -9999, 44, 85, 53, -9999, -9999, -9999, -9999, 27, -9999, 68, -9999, 21, -9999, 58, -9999, -9999, 73, -9999, 65, -9999, 6, -9999, 90, 76],
[-9999, -9999, -9999, -9999, -9999, -9999, -9999, -9999, -9999, -9999, -9999, -9999, -9999, -9999, -9999, -9999, -9999, -9999, -9999, -9999, -9999, -9999, -9999, -9999, -9999, -9999, 85, 25, -9999, -9999, -9999, -9999, -9999, -9999, -9999, -9999, -9999, -9999, -9999, -9999, -9999, -9999, -9999, -9999, -9999, -9999, -9999, -9999, -9999, -9999, -9999, -9999, -9999, -9999, -9999, -9999, -9999, -9999, -9999, -9999, 11, -9999, -9999, -9999, -9999, -9999, -9999, -9999, -9999, -9999, -9999, -9999, -9999, -9999, -9999, -9999, -9999, -9999, -9999, -9999, -9999, -9999, 1, -9999, -9999, -9999, -9999, -9999, -9999, -9999, -9999, -9999, -9999, -9999, -9999, -9999, 39, -9999, -9999, -9999],
[-9999, -9999, -9999, -9999, -9999, -9999, 84, -9999, -9999, -9999, -9999, -9999, -9999, -9999, -9999, -9999, 77, 48, -9999, -9999, 47, -9999, -9999, -9999, -9999, -9999, -9999, -9999, -9999, 12, -9999, 5, 75, 40, 19, -9999, -9999, -9999, -9999, -9999, -9999, 39, -9999, -9999, 15, -9999, -9999, -9999, 75, -9999, -9999, -9999, -9999, -9999, -9999, 74, 17, -9999, 45, -9999, -9999, 12, -9999, -9999, -9999, -9999, 23, -9999, -9999, 78, -9999, -9999, -9999, 25, -9999, -9999, 77, 67, 75, -9999, -9999, -9999, -9999, -9999, -9999, -9999, -9999, -9999, 37, -9999, -9999, 23, -9999, -9999, -9999, -9999, -9999, -9999, -9999, 76],
[-9999, -9999, -9999, -9999, -9999, -9999, -9999, -9999, 38, -9999, -9999, -9999, -9999, -9999, -9999, -9999, 92, 90, -9999, -9999, 11, -9999, -9999, -9999, -9999, -9999, -9999, -9999, 48, 61, 18, -9999, -9999, -9999, -9999, -9999, -9999, 81, -9999, -9999, -9999, 9, -9999, -9999, 64, -9999, -9999, -9999, 41, -9999, -9999, -9999, -9999, -9999, 88, 62, 82, -9999, -9999, -9999, -9999, 97, 76, -9999, -9999, -9999, -9999, -9999, -9999, 86, -9999, -9999, -9999, -9999, -9999, -9999, 95, 82, -9999, -9999, -9999, -9999, -9999, -9999, -9999, -9999, -9999, -9999, -9999, -9999, -9999, 44, -9999, -9999, -9999, -9999, -9999, -9999, -9999, 70],
[-9999, -9999, 57, 36, -9999, -9999, -9999, -9999, -9999, -9999, 73, -9999, 52, -9999, 78, -9999, 56, 44, -9999, 13, -9999, 21, -9999, 11, -9999, 50, 14, 78, 71, 45, -9999, -9999, -9999, -9999, 27, -9999, -9999, 17, -9999, 20, -9999, -9999, -9999, -9999, -9999, -9999, -9999, -9999, 90, -9999, -9999, 4, 49, 60, -9999, 54, 73, -9999, -9999, -9999, 11, 78, 86, 16, 73, -9999, -9999, -9999, -9999, 73, -9999, -9999, -9999, 50, -9999, 63, 71, -9999, 45, -9999, -9999, 3, -9999, 63, 88, 68, -9999, -9999, -9999, 88, -9999, 42, 93, -9999, -9999, -9999, 21, -9999, -9999, 100],
[-9999, -9999, -9999, -9999, -9999, -9999, 54, -9999, -9999, -9999, -9999, -9999, -9999, -9999, 10, -9999, 35, -9999, -9999, -9999, 79, -9999, -9999, -9999, -9999, -9999, -9999, -9999, -9999, 31, 49, -9999, -9999, 69, -9999, -9999, -9999, 82, -9999, -9999, -9999, 29, -9999, -9999, 95, -9999, -9999, -9999, 40, -9999, -9999, -9999, -9999, -9999, 12, 12, 2, -9999, -9999, -9999, -9999, 53, 75, -9999, -9999, -9999, 80, -9999, -9999, -9999, -9999, -9999, -9999, 20, -9999, -9999, 43, -9999, 79, -9999, -9999, -9999, -9999, -9999, -9999, -9999, -9999, -9999, 46, -9999, 19, 13, -9999, -9999, -9999, -9999, -9999, -9999, -9999, 24],
[-9999, -9999, -9999, 83, -9999, 15, -9999, -9999, 69, -9999, -9999, -9999, 64, -9999, -9999, -9999, 21, 11, -9999, 51, 61, 16, -9999, 82, 32, 55, 26, 63, 62, 39, 54, -9999, -9999, 57, -9999, -9999, 22, 34, -9999, -9999, -9999, 62, -9999, -9999, -9999, -9999, -9999, -9999, 57, -9999, 8, -9999, 87, 37, -9999, 91, 65, 59, -9999, 63, 91, 41, 75, 42, 55, 9, 43, -9999, -9999, -9999, -9999, -9999, -9999, 20, -9999, -9999, -9999, -9999, 25, -9999, -9999, 42, -9999, -9999, -9999, 84, -9999, -9999, -9999, 37, 78, 17, -9999, -9999, -9999, -9999, 33, -9999, -9999, 24],
[-9999, 44, -9999, 30, 94, 58, 20, -9999, 25, 63, 84, -9999, -9999, -9999, 72, -9999, 77, 78, 46, 57, -9999, -9999, -9999, -9999, 75, -9999, 56, 13, 97, 18, -9999, 74, -9999, 76, 30, -9999, 65, 70, -9999, -9999, -9999, 99, 93, -9999, 89, -9999, -9999, -9999, 93, -9999, -9999, -9999, 73, -9999, -9999, 73, 40, 98, -9999, 75, 4, 65, -9999, 1, -9999, 18, -9999, 18, -9999, 31, 19, -9999, 26, 71, -9999, -9999, 26, -9999, -9999, 21, 26, -9999, -9999, 25, -9999, -9999, 74, -9999, 95, -9999, 2, -9999, 71, -9999, -9999, 99, 13, 53, -9999, 49],
[-9999, -9999, -9999, -9999, -9999, -9999, 54, -9999, -9999, -9999, -9999, -9999, -9999, -9999, -9999, -9999, 23, 6, -9999, -9999, -9999, -9999, -9999, -9999, -9999, -9999, -9999, -9999, -9999, 23, -9999, 71, 65, -9999, 34, -9999, -9999, -9999, -9999, -9999, -9999, -9999, -9999, -9999, 20, -9999, -9999, -9999, 40, -9999, -9999, -9999, -9999, -9999, -9999, -9999, -9999, -9999, -9999, -9999, -9999, 41, 73, -9999, -9999, -9999, -9999, -9999, -9999, 20, -9999, -9999, -9999, 1, -9999, -9999, 24, 75, -9999, -9999, -9999, -9999, -9999, -9999, -9999, -9999, -9999, -9999, 98, -9999, -9999, 11, -9999, -9999, -9999, -9999, -9999, -9999, -9999, 32],
[-9999, -9999, -9999, 22, -9999, -9999, 10, -9999, 1, -9999, -9999, -9999, -9999, -9999, -9999, -9999, 41, 20, 66, 79, 68, -9999, -9999, 50, -9999, 37, 37, 58, 12, 84, 29, 50, 96, 72, -9999, -9999, 27, -9999, -9999, -9999, -9999, -9999, -9999, -9999, 2, -9999, -9999, -9999, 78, -9999, 32, -9999, 69, 50, 2, -9999, 32, 87, -9999, 21, 75, 47, -9999, 80, 17, 14, 10, -9999, -9999, 27, -9999, -9999, -9999, 94, -9999, -9999, 39, -9999, -9999, -9999, -9999, -9999, -9999, 80, 92, 61, -9999, 8, -9999, 33, -9999, -9999, 85, 38, -9999, -9999, 32, -9999, -9999, 79],
[-9999, -9999, 98, -9999, -9999, -9999, -9999, -9999, 99, -9999, -9999, -9999, -9999, -9999, -9999, -9999, 59, 56, -9999, -9999, -9999, -9999, -9999, -9999, -9999, -9999, -9999, -9999, -9999, 21, 48, 34, 23, 54, 63, -9999, -9999, -9999, -9999, -9999, -9999, 94, -9999, -9999, 38, -9999, -9999, -9999, 99, -9999, -9999, -9999, -9999, -9999, -9999, -9999, -9999, -9999, -9999, -9999, -9999, 79, -9999, -9999, -9999, -9999, -9999, -9999, -9999, -9999, -9999, -9999, -9999, 46, -9999, -9999, -9999, -9999, -9999, -9999, -9999, -9999, -9999, -9999, -9999, -9999, -9999, -9999, 54, -9999, -9999, 6, -9999, -9999, -9999, -9999, -9999, -9999, -9999, 47],
[-9999, -9999, -9999, -9999, -9999, -9999, -9999, -9999, -9999, -9999, -9999, -9999, -9999, -9999, -9999, -9999, -9999, -9999, -9999, -9999, -9999, -9999, -9999, -9999, -9999, -9999, 65, 3, -9999, -9999, -9999, -9999, 34, -9999, -9999, -9999, -9999, -9999, -9999, -9999, -9999, -9999, -9999, -9999, -9999, -9999, 8, -9999, -9999, -9999, -9999, -9999, -9999, -9999, -9999, -9999, -9999, -9999, -9999, -9999, 90, -9999, -9999, -9999, -9999, -9999, -9999, -9999, -9999, -9999, -9999, -9999, -9999, -9999, -9999, -9999, -9999, -9999, -9999, -9999, -9999, -9999, -9999, 18, -9999, 59, -9999, -9999, -9999, -9999, -9999, -9999, -9999, -9999, -9999, -9999, 49, -9999, -9999, -9999],
[-9999, -9999, -9999, -9999, -9999, -9999, -9999, -9999, 98, -9999, -9999, -9999, -9999, -9999, -9999, -9999, -9999, 58, -9999, -9999, -9999, -9999, -9999, -9999, -9999, -9999, -9999, -9999, -9999, 39, 73, 32, 65, -9999, 55, -9999, -9999, -9999, -9999, -9999, -9999, -9999, -9999, -9999, 99, -9999, -9999, -9999, 4, -9999, -9999, -9999, -9999, -9999, -9999, -9999, 65, -9999, -9999, -9999, -9999, -9999, 83, -9999, -9999, -9999, -9999, -9999, -9999, 40, -9999, -9999, -9999, 90, -9999, -9999, 41, 82, 98, -9999, -9999, -9999, -9999, -9999, -9999, -9999, -9999, -9999, -9999, -9999, -9999, 32, -9999, -9999, -9999, -9999, -9999, -9999, -9999, 86],
[-9999, -9999, -9999, 8, -9999, 87, 35, -9999, -9999, -9999, -9999, -9999, 78, -9999, 68, 18, 92, -9999, 36, 40, -9999, -9999, 56, 75, -9999, 88, 71, 44, 96, 80, -9999, 26, 81, 90, 37, -9999, 56, 44, -9999, 90, -9999, 45, -9999, 51, 99, -9999, -9999, -9999, -9999, -9999, 42, 31, 37, -9999, -9999, -9999, -9999, 87, -9999, -9999, 31, 24, -9999, 35, 71, 49, 37, -9999, -9999, 51, 27, -9999, -9999, 54, -9999, -9999, 27, 61, 53, -9999, -9999, 42, -9999, -9999, -9999, -9999, -9999, 50, -9999, 22, -9999, 72, 82, 65, -9999, -9999, 88, -9999, -9999, 80],
[-9999, -9999, -9999, -9999, -9999, -9999, -9999, -9999, 63, -9999, -9999, 86, -9999, -9999, 32, -9999, -9999, 62, -9999, -9999, -9999, -9999, -9999, -9999, -9999, -9999, -9999, -9999, 16, 19, 20, 68, 85, -9999, 48, -9999, -9999, -9999, -9999, -9999, -9999, -9999, -9999, -9999, 68, -9999, -9999, -9999, 27, -9999, -9999, -9999, -9999, -9999, 91, 22, -9999, -9999, -9999, -9999, -9999, 57, 40, -9999, -9999, -9999, -9999, -9999, -9999, 9, -9999, 54, -9999, 35, -9999, -9999, 86, 74, -9999, -9999, -9999, -9999, -9999, -9999, -9999, -9999, -9999, -9999, -9999, -9999, -9999, -9999, -9999, -9999, -9999, -9999, -9999, -9999, -9999, 26],
[-9999, -9999, 30, -9999, -9999, -9999, 95, -9999, -9999, 69, -9999, -9999, -9999, -9999, 51, -9999, -9999, 87, -9999, -9999, 23, -9999, -9999, -9999, -9999, -9999, -9999, -9999, -9999, 57, 37, -9999, -9999, -9999, 4, 69, -9999, 73, -9999, -9999, -9999, 40, -9999, -9999, 97, -9999, -9999, -9999, 81, -9999, -9999, -9999, -9999, -9999, 39, 12, 37, -9999, -9999, -9999, -9999, 20, 36, -9999, -9999, -9999, -9999, -9999, -9999, -9999, -9999, -9999, -9999, 10, -9999, -9999, 49, 88, 10, -9999, -9999, -9999, -9999, -9999, -9999, -9999, -9999, -9999, 13, -9999, -9999, -9999, -9999, -9999, -9999, -9999, -9999, -9999, -9999, 55],
[-9999, 6, -9999, 46, -9999, 15, 45, -9999, 20, -9999, 74, -9999, -9999, -9999, 47, 28, -9999, 53, 10, 96, 25, -9999, 87, -9999, 96, 82, 46, 93, 72, 41, 70, -9999, -9999, 62, 93, -9999, 71, 100, -9999, -9999, -9999, 3, -9999, -9999, 8, -9999, 38, -9999, 30, -9999, -9999, 21, 24, -9999, -9999, -9999, 67, 100, -9999, 1, 96, 7, 54, -9999, 76, 8, -9999, -9999, -9999, -9999, 22, -9999, -9999, 41, -9999, -9999, -9999, 82, 46, -9999, -9999, 31, -9999, -9999, 8, -9999, -9999, 67, 6, 4, -9999, 88, 9, -9999, -9999, -9999, 5, -9999, -9999, 29],
[-9999, -9999, -9999, -9999, -9999, -9999, -9999, -9999, -9999, -9999, -9999, 20, -9999, -9999, 90, -9999, 51, -9999, -9999, -9999, -9999, -9999, -9999, -9999, -9999, -9999, -9999, -9999, -9999, 61, 84, -9999, -9999, 92, 69, 99, -9999, 30, -9999, -9999, -9999, 18, -9999, -9999, -9999, -9999, -9999, -9999, 68, -9999, -9999, -9999, -9999, -9999, 33, -9999, -9999, -9999, 14, -9999, -9999, 56, 12, -9999, -9999, -9999, -9999, -9999, -9999, 22, -9999, -9999, -9999, 84, -9999, -9999, -9999, 6, -9999, -9999, -9999, -9999, -9999, -9999, -9999, -9999, -9999, -9999, 11, -9999, -9999, 21, -9999, -9999, -9999, -9999, -9999, -9999, -9999, 9],
[-9999, -9999, -9999, -9999, -9999, -9999, -9999, -9999, 93, -9999, -9999, -9999, -9999, -9999, -9999, -9999, 13, -9999, -9999, -9999, -9999, -9999, -9999, -9999, -9999, -9999, -9999, -9999, -9999, 78, 40, -9999, 96, -9999, 82, -9999, -9999, -9999, -9999, -9999, -9999, 90, -9999, -9999, 77, -9999, -9999, -9999, 100, -9999, -9999, -9999, -9999, -9999, -9999, 94, -9999, -9999, -9999, -9999, -9999, 77, -9999, -9999, -9999, -9999, -9999, -9999, -9999, -9999, -9999, -9999, -9999, 59, -9999, -9999, 51, 60, 28, -9999, -9999, -9999, -9999, -9999, -9999, -9999, -9999, -9999, -9999, -9999, -9999, 8, -9999, -9999, -9999, -9999, -9999, -9999, -9999, 44],
[-9999, 12, -9999, 34, -9999, 74, -9999, -9999, 56, -9999, 18, -9999, 22, -9999, 59, -9999, 60, -9999, 48, 8, 34, 55, -9999, -9999, 60, 59, 60, 16, -9999, 78, 60, 95, 81, -9999, -9999, -9999, 57, 57, -9999, -9999, -9999, 60, -9999, -9999, -9999, -9999, -9999, -9999, 16, -9999, 36, 97, 45, 87, 4, 84, -9999, 53, -9999, 67, 9, 72, -9999, 19, -9999, -9999, -9999, -9999, -9999, -9999, 51, -9999, -9999, 79, -9999, -9999, -9999, -9999, 25, -9999, -9999, 63, -9999, 34, -9999, 38, -9999, 11, -9999, -9999, -9999, 75, -9999, -9999, -9999, 18, 96, -9999, -9999, -9999],
[65, -9999, -9999, -9999, -9999, -9999, -9999, -9999, -9999, -9999, -9999, -9999, -9999, -9999, -9999, -9999, -9999, 2, -9999, -9999, -9999, -9999, -9999, -9999, -9999, -9999, -9999, -9999, -9999, 45, 43, 23, -9999, 22, -9999, -9999, -9999, -9999, 15, -9999, -9999, 1, -9999, -9999, 36, -9999, -9999, -9999, 96, -9999, -9999, -9999, -9999, -9999, 39, 90, 16, -9999, -9999, -9999, -9999, 16, 11, -9999, -9999, -9999, -9999, -9999, -9999, -9999, -9999, -9999, -9999, 44, -9999, -9999, 87, -9999, 3, -9999, -9999, -9999, -9999, -9999, -9999, -9999, -9999, -9999, 87, -9999, -9999, 44, -9999, -9999, -9999, -9999, -9999, -9999, -9999, 31],
[-9999, -9999, -9999, -9999, -9999, -9999, 54, -9999, 71, -9999, -9999, -9999, -9999, -9999, -9999, -9999, 69, 22, -9999, -9999, -9999, -9999, -9999, -9999, -9999, -9999, -9999, -9999, 82, 83, 12, 100, 74, -9999, -9999, -9999, -9999, 48, -9999, -9999, -9999, 46, -9999, -9999, -9999, -9999, -9999, -9999, 20, -9999, -9999, -9999, -9999, -9999, -9999, 20, -9999, -9999, -9999, -9999, -9999, 19, -9999, -9999, -9999, -9999, -9999, -9999, -9999, 84, -9999, -9999, -9999, 38, -9999, -9999, 51, 88, 7, -9999, -9999, -9999, -9999, -9999, -9999, -9999, -9999, -9999, -9999, -9999, -9999, -9999, -9999, -9999, -9999, -9999, -9999, -9999, -9999, 68],
[-9999, -9999, -9999, -9999, -9999, -9999, 67, -9999, 47, -9999, -9999, -9999, -9999, -9999, 97, -9999, -9999, -9999, -9999, -9999, -9999, -9999, -9999, -9999, -9999, -9999, -9999, -9999, -9999, 100, 42, 34, -9999, 100, -9999, -9999, -9999, 84, -9999, -9999, -9999, 7, -9999, -9999, 63, -9999, -9999, -9999, -9999, -9999, -9999, -9999, -9999, -9999, -9999, -9999, -9999, -9999, -9999, -9999, -9999, 20, -9999, -9999, -9999, -9999, 2, -9999, -9999, -9999, -9999, -9999, -9999, 45, -9999, -9999, 63, 20, -9999, -9999, -9999, -9999, -9999, -9999, -9999, -9999, -9999, -9999, 12, -9999, -9999, -9999, -9999, 99, -9999, -9999, -9999, -9999, -9999, 77],
[-9999, 23, -9999, 40, -9999, -9999, 20, -9999, 27, -9999, -9999, -9999, -9999, -9999, -9999, -9999, 24, 34, 63, 91, -9999, 68, 45, 51, 61, 14, 25, 38, 21, 49, 83, 99, 4, 34, 58, -9999, -9999, 82, -9999, 38, -9999, -9999, -9999, -9999, -9999, -9999, -9999, -9999, 84, -9999, -9999, 85, 26, 24, -9999, -9999, 24, 20, -9999, -9999, 59, 32, 8, -9999, 57, -9999, -9999, -9999, -9999, -9999, 97, -9999, -9999, 72, -9999, -9999, -9999, 54, 73, -9999, -9999, 22, -9999, 80, 57, -9999, -9999, 21, -9999, 12, -9999, 36, -9999, -9999, 87, -9999, 80, -9999, -9999, 44],
[93, -9999, -9999, 69, 66, 1, 5, 52, -9999, -9999, 46, -9999, 32, -9999, -9999, -9999, -9999, -9999, 61, 19, -9999, -9999, -9999, -9999, 72, 3, 81, 88, 25, 51, -9999, -9999, 68, 43, -9999, -9999, 37, 7, -9999, 18, -9999, -9999, 68, -9999, 64, -9999, -9999, -9999, 20, -9999, 13, -9999, 54, 71, 82, 42, -9999, 16, -9999, 2, 23, 85, 19, -9999, 3, -9999, -9999, -9999, -9999, 47, 69, -9999, 14, 97, -9999, -9999, 8, 40, 12, -9999, -9999, 42, -9999, 5, 32, -9999, 12, -9999, 83, 33, -9999, 91, -9999, -9999, -9999, -9999, 63, 6, -9999, 50],
[-9999, -9999, -9999, -9999, -9999, -9999, 58, -9999, -9999, -9999, -9999, -9999, -9999, -9999, 38, -9999, -9999, 29, -9999, -9999, 16, -9999, -9999, -9999, -9999, -9999, -9999, -9999, 81, 49, 50, 82, -9999, -9999, 92, -9999, -9999, 29, -9999, -9999, -9999, 29, -9999, -9999, 67, -9999, -9999, -9999, -9999, -9999, -9999, -9999, -9999, -9999, 81, 93, 85, -9999, -9999, -9999, -9999, 75, 34, -9999, -9999, -9999, -9999, -9999, -9999, -9999, -9999, 8, -9999, 60, -9999, -9999, 97, 7, 72, -9999, -9999, -9999, -9999, -9999, -9999, -9999, -9999, -9999, -9999, -9999, 94, 15, -9999, 5, -9999, -9999, -9999, -9999, -9999, 79],
[-9999, -9999, -9999, -9999, -9999, -9999, 46, -9999, 15, -9999, -9999, -9999, -9999, -9999, -9999, 86, -9999, -9999, -9999, -9999, 26, -9999, -9999, -9999, -9999, -9999, -9999, -9999, 54, 73, -9999, -9999, -9999, 2, -9999, -9999, -9999, -9999, -9999, -9999, -9999, -9999, -9999, -9999, -9999, -9999, -9999, -9999, 79, -9999, -9999, -9999, -9999, -9999, -9999, -9999, 100, -9999, -9999, -9999, -9999, 78, 11, -9999, -9999, -9999, -9999, -9999, -9999, 54, -9999, -9999, -9999, 81, -9999, -9999, 53, -9999, -9999, -9999, -9999, -9999, -9999, -9999, -9999, -9999, -9999, -9999, 37, -9999, -9999, 75, -9999, -9999, -9999, -9999, -9999, -9999, -9999, 44],
[-9999, -9999, -9999, 20, -9999, -9999, -9999, -9999, 97, -9999, 81, -9999, -9999, -9999, 92, -9999, 79, 99, 80, 81, -9999, -9999, 55, 21, 39, -9999, 25, 87, -9999, 87, 10, 61, 33, -9999, 61, -9999, -9999, -9999, -9999, 66, -9999, 66, -9999, -9999, 32, -9999, -9999, -9999, 48, -9999, 4, 23, 40, -9999, 57, 71, 86, 60, -9999, 71, 60, 86, 2, 41, -9999, 62, -9999, -9999, -9999, -9999, -9999, 79, -9999, 30, -9999, -9999, -9999, 80, -9999, -9999, -9999, 94, 29, 21, -9999, 86, -9999, 25, 42, 36, -9999, 75, 62, -9999, -9999, 83, 22, -9999, -9999, 67],
[-9999, -9999, -9999, -9999, -9999, -9999, -9999, -9999, -9999, -9999, -9999, -9999, -9999, -9999, -9999, -9999, -9999, -9999, -9999, -9999, -9999, -9999, -9999, -9999, -9999, -9999, -9999, -9999, -9999, -9999, -9999, -9999, 47, -9999, -9999, -9999, -9999, -9999, -9999, -9999, -9999, -9999, -9999, -9999, -9999, -9999, -9999, -9999, -9999, -9999, -9999, -9999, -9999, -9999, -9999, -9999, -9999, -9999, -9999, -9999, -9999, -9999, -9999, -9999, -9999, -9999, -9999, -9999, -9999, -9999, -9999, -9999, -9999, -9999, -9999, -9999, -9999, -9999, -9999, -9999, -9999, -9999, -9999, -9999, -9999, -9999, -9999, -9999, -9999, -9999, -9999, -9999, -9999, -9999, -9999, -9999, -9999, -9999, -9999, -9999],
[-9999, -9999, -9999, 42, 87, -9999, 48, 59, 75, 87, 96, -9999, -9999, -9999, -9999, -9999, 59, -9999, -9999, 6, 27, 28, -9999, -9999, 11, 84, 74, 97, 89, 24, 12, -9999, 82, 96, -9999, -9999, 33, 19, -9999, -9999, -9999, 52, 71, -9999, -9999, -9999, 56, -9999, 12, -9999, -9999, 73, 24, -9999, -9999, 9, -9999, -9999, -9999, 32, 23, 44, 27, 57, -9999, -9999, -9999, -9999, -9999, -9999, 57, -9999, -9999, 25, -9999, 78, -9999, 71, -9999, -9999, -9999, 96, -9999, 70, -9999, 41, 3, 70, -9999, 17, -9999, -9999, -9999, -9999, -9999, -9999, 47, 63, -9999, -9999]
];
