NbNodes = 100;
NbNDDs = 0;
NbPairs = 100;
NbTerminals = 0;
K = 0;
L = 102;
Wt = [
[-9999, -9999, -9999, -9999, -9999, -9999, -9999, -9999, 83, -9999, -9999, -9999, -9999, -9999, -9999, -9999, -9999, -9999, -9999, -9999, 77, 19, -9999, 39, -9999, -9999, -9999, -9999, -9999, -9999, -9999, -9999, -9999, -9999, 57, -9999, -9999, -9999, 59, -9999, -9999, -9999, -9999, -9999, -9999, 51, -9999, -9999, -9999, -9999, -9999, -9999, -9999, -9999, -9999, -9999, -9999, 89, -9999, -9999, -9999, -9999, -9999, -9999, -9999, 95, -9999, -9999, 11, -9999, 37, 21, 77, -9999, -9999, -9999, -9999, -9999, -9999, -9999, -9999, -9999, -9999, -9999, -9999, -9999, -9999, 85, -9999, 44, -9999, -9999, -9999, 75, -9999, -9999, -9999, -9999, -9999, -9999],
[-9999, -9999, -9999, -9999, -9999, -9999, -9999, -9999, 79, -9999, 1, -9999, -9999, -9999, 93, -9999, -9999, -9999, -9999, -9999, -9999, 68, -9999, -9999, -9999, -9999, -9999, -9999, -9999, -9999, 67, -9999, -9999, -9999, -9999, 78, -9999, -9999, -9999, -9999, -9999, -9999, -9999, -9999, -9999, -9999, -9999, -9999, -9999, -9999, -9999, -9999, -9999, -9999, -9999, -9999, -9999, 61, -9999, -9999, 42, -9999, -9999, -9999, -9999, 48, -9999, -9999, 35, -9999, 96, -9999, -9999, -9999, -9999, -9999, -9999, -9999, -9999, -9999, -9999, -9999, -9999, -9999, -9999, -9999, -9999, 50, -9999, 28, -9999, -9999, -9999, 28, -9999, -9999, -9999, -9999, 68, -9999],
[-9999, 24, -9999, -9999, -9999, -9999, -9999, -9999, 29, -9999, 21, -9999, -9999, -9999, 53, -9999, -9999, -9999, -9999, -9999, -9999, -9999, -9999, 30, -9999, 68, -9999, -9999, -9999, -9999, 98, -9999, -9999, -9999, 85, 67, -9999, 93, 59, -9999, -9999, -9999, 69, -9999, -9999, -9999, -9999, -9999, 23, -9999, -9999, -9999, -9999, -9999, -9999, -9999, -9999, 37, 48, -9999, -9999, -9999, -9999, 18, -9999, -9999, -9999, -9999, 55, -9999, 38, 46, -9999, -9999, -9999, -9999, -9999, -9999, -9999, -9999, -9999, -9999, -9999, -9999, -9999, -9999, -9999, 45, -9999, -9999, -9999, -9999, -9999, -9999, -9999, -9999, -9999, -9999, -9999, -9999],
[-9999, -9999, -9999, -9999, 18, -9999, -9999, -9999, 78, -9999, 9, -9999, 84, -9999, -9999, -9999, -9999, -9999, -9999, 93, 97, 46, 33, -9999, -9999, -9999, -9999, -9999, -9999, 84, -9999, 65, -9999, 66, 77, -9999, 50, -9999, -9999, -9999, -9999, -9999, -9999, -9999, 48, -9999, 90, -9999, -9999, -9999, -9999, -9999, 15, -9999, 95, -9999, -9999, 80, -9999, -9999, -9999, -9999, 70, -9999, -9999, -9999, -9999, -9999, -9999, -9999, 26, -9999, -9999, -9999, -9999, -9999, -9999, 12, 15, 61, -9999, 83, 86, 2, -9999, 32, -9999, 14, 67, -9999, 100, -9999, 69, -9999, -9999, -9999, 13, 89, 8, 23],
[-9999, -9999, -9999, 37, -9999, -9999, 24, 28, 50, -9999, 50, -9999, 18, -9999, 39, -9999, -9999, -9999, -9999, -9999, -9999, 43, 37, -9999, 90, -9999, -9999, -9999, -9999, -9999, 5, -9999, -9999, -9999, 1, 45, 17, -9999, 21, -9999, 51, -9999, -9999, -9999, -9999, 29, 83, -9999, -9999, -9999, -9999, 66, -9999, 23, 65, -9999, -9999, -9999, -9999, -9999, -9999, -9999, 19, -9999, -9999, -9999, -9999, -9999, 40, -9999, 11, 18, -9999, -9999, -9999, -9999, -9999, 99, 76, 47, -9999, -9999, 84, 45, 95, -9999, -9999, 41, -9999, 79, 60, -9999, 74, -9999, -9999, -9999, 94, -9999, -9999, -9999],
[-9999, -9999, -9999, -9999, -9999, -9999, -9999, -9999, 8, -9999, -9999, -9999, -9999, -9999, 75, -9999, -9999, -9999, -9999, -9999, -9999, 88, -9999, 31, -9999, -9999, -9999, -9999, -9999, -9999, -9999, -9999, -9999, -9999, -9999, -9999, -9999, -9999, -9999, -9999, -9999, -9999, -9999, -9999, -9999, -9999, -9999, -9999, -9999, -9999, -9999, -9999, -9999, -9999, -9999, -9999, -9999, -9999, -9999, -9999, 67, -9999, -9999, -9999, -9999, 60, -9999, -9999, 3, -9999, 88, 30, 19, -9999, -9999, -9999, -9999, -9999, -9999, -9999, -9999, -9999, -9999, -9999, -9999, -9999, -9999, 15, -9999, -9999, -9999, -9999, -9999, -9999, -9999, -9999, -9999, -9999, 98, -9999],
[-9999, -9999, -9999, -9999, -9999, -9999, -9999, -9999, -9999, -9999, 51, -9999, -9999, -9999, 100, -9999, -9999, -9999, -9999, -9999, 7, 63, -9999, -9999, -9999, -9999, -9999, -9999, -9999, -9999, -9999, -9999, -9999, -9999, 52, 32, -9999, -9999, -9999, -9999, -9999, -9999, -9999, -9999, -9999, 7, -9999, -9999, -9999, -9999, -9999, -9999, -9999, -9999, -9999, -9999, -9999, -9999, -9999, -9999, -9999, -9999, -9999, -9999, -9999, 29, -9999, -9999, 27, -9999, 28, -9999, 47, -9999, -9999, -9999, -9999, -9999, -9999, -9999, -9999, -9999, -9999, -9999, -9999, -9999, -9999, 46, -9999, -9999, -9999, -9999, -9999, -9999, -9999, -9999, -9999, -9999, -9999, -9999],
[-9999, 4, -9999, -9999, -9999, -9999, -9999, -9999, 51, -9999, 70, -9999, -9999, -9999, 67, -9999, -9999, -9999, -9999, -9999, -9999, 31, -9999, -9999, -9999, -9999, -9999, -9999, -9999, -9999, -9999, -9999, -9999, -9999, 69, 25, -9999, 61, 31, -9999, -9999, -9999, 42, -9999, -9999, 51, -9999, -9999, 63, -9999, -9999, -9999, -9999, -9999, -9999, -9999, -9999, 18, 63, -9999, -9999, -9999, -9999, -9999, -9999, -9999, -9999, -9999, 69, -9999, 100, -9999, 17, -9999, -9999, -9999, -9999, -9999, -9999, -9999, -9999, -9999, -9999, -9999, -9999, -9999, -9999, -9999, -9999, -9999, -9999, -9999, -9999, 51, -9999, -9999, -9999, -9999, 7, -9999],
[-9999, 2, -9999, -9999, -9999, -9999, -9999, -9999, -9999, -9999, -9999, -9999, -9999, -9999, 97, -9999, -9999, -9999, -9999, -9999, -9999, -9999, -9999, -9999, -9999, -9999, -9999, -9999, -9999, -9999, 38, -9999, -9999, -9999, 13, 93, -9999, 78, 45, -9999, -9999, -9999, 52, -9999, -9999, 59, -9999, -9999, 43, -9999, -9999, -9999, -9999, -9999, -9999, -9999, -9999, -9999, -9999, -9999, 50, -9999, -9999, 8, -9999, -9999, -9999, -9999, 95, -9999, 63, 96, 56, -9999, -9999, -9999, -9999, -9999, -9999, -9999, -9999, -9999, -9999, -9999, -9999, -9999, -9999, 3, -9999, -9999, -9999, -9999, -9999, 20, -9999, -9999, -9999, -9999, -9999, -9999],
[-9999, -9999, -9999, -9999, -9999, -9999, -9999, -9999, -9999, -9999, 13, -9999, -9999, -9999, 55, -9999, -9999, -9999, -9999, -9999, -9999, 1, -9999, -9999, -9999, -9999, -9999, -9999, -9999, -9999, -9999, -9999, -9999, -9999, 83, 29, -9999, -9999, -9999, -9999, -9999, -9999, -9999, -9999, -9999, -9999, -9999, -9999, -9999, -9999, -9999, -9999, -9999, -9999, -9999, -9999, -9999, 13, -9999, -9999, -9999, -9999, -9999, -9999, -9999, -9999, -9999, -9999, -9999, -9999, 9, 14, -9999, -9999, -9999, -9999, -9999, -9999, -9999, -9999, -9999, -9999, -9999, -9999, -9999, -9999, -9999, 85, -9999, -9999, -9999, -9999, -9999, 94, -9999, -9999, -9999, -9999, -9999, -9999],
[-9999, -9999, 61, 86, -9999, -9999, 29, -9999, 93, -9999, -9999, -9999, 98, -9999, 49, -9999, -9999, -9999, -9999, 34, -9999, 52, 36, -9999, 57, -9999, -9999, -9999, -9999, 69, -9999, -9999, -9999, 25, 72, -9999, -9999, -9999, 48, -9999, 30, -9999, -9999, -9999, -9999, -9999, -9999, -9999, -9999, -9999, -9999, 14, -9999, 61, -9999, -9999, -9999, -9999, -9999, -9999, -9999, -9999, 8, -9999, -9999, -9999, -9999, -9999, 87, -9999, 12, -9999, 40, -9999, -9999, -9999, -9999, 14, 62, 36, -9999, 20, 76, -9999, -9999, 37, -9999, 35, 53, 10, -9999, -9999, 62, -9999, -9999, -9999, -9999, -9999, -9999, 55],
[-9999, -9999, -9999, -9999, -9999, -9999, -9999, -9999, 12, -9999, 3, -9999, -9999, -9999, 9, -9999, -9999, -9999, -9999, -9999, -9999, -9999, -9999, -9999, -9999, -9999, -9999, -9999, -9999, -9999, -9999, -9999, -9999, -9999, -9999, 85, -9999, -9999, -9999, -9999, -9999, -9999, -9999, -9999, -9999, 61, -9999, -9999, -9999, -9999, -9999, -9999, -9999, -9999, -9999, -9999, -9999, 48, -9999, -9999, -9999, -9999, -9999, -9999, -9999, 90, -9999, -9999, -9999, -9999, 18, 5, 2, -9999, -9999, -9999, -9999, -9999, -9999, -9999, -9999, -9999, -9999, -9999, -9999, -9999, -9999, 100, -9999, 12, -9999, -9999, -9999, 8, -9999, -9999, -9999, -9999, -9999, -9999],
[-9999, -9999, -9999, 93, 43, -9999, -9999, 6, 29, -9999, 32, -9999, -9999, -9999, 29, -9999, 41, -9999, 25, 84, -9999, 24, -9999, -9999, -9999, -9999, -9999, -9999, -9999, 90, 50, 46, -9999, -9999, -9999, -9999, -9999, -9999, -9999, 99, 7, -9999, -9999, 70, 12, 99, -9999, -9999, -9999, -9999, -9999, -9999, -9999, 16, 48, -9999, -9999, -9999, -9999, -9999, 56, -9999, 85, -9999, 1, 31, -9999, -9999, 32, 73, 19, 96, 25, -9999, -9999, -9999, -9999, 87, 91, 80, -9999, -9999, 14, 19, 94, 50, -9999, 82, 53, -9999, -9999, -9999, 25, 42, 42, -9999, 4, 91, 81, -9999],
[-9999, 28, -9999, -9999, -9999, -9999, -9999, -9999, 3, -9999, -9999, -9999, -9999, -9999, 84, -9999, -9999, -9999, -9999, -9999, -9999, -9999, -9999, -9999, -9999, 47, -9999, -9999, -9999, -9999, -9999, -9999, -9999, -9999, 80, 3, -9999, 39, -9999, -9999, -9999, -9999, 68, -9999, -9999, 68, -9999, -9999, -9999, -9999, -9999, -9999, -9999, -9999, -9999, -9999, -9999, 96, 20, -9999, 91, -9999, -9999, 91, -9999, -9999, -9999, -9999, 38, -9999, 100, -9999, -9999, -9999, -9999, -9999, -9999, -9999, -9999, -9999, -9999, -9999, -9999, -9999, -9999, -9999, -9999, 51, -9999, -9999, -9999, -9999, -9999, 1, 85, -9999, -9999, -9999, -9999, -9999],
[-9999, -9999, -9999, -9999, -9999, -9999, -9999, 65, -9999, -9999, -9999, -9999, -9999, -9999, -9999, -9999, -9999, -9999, -9999, -9999, -9999, -9999, -9999, -9999, -9999, -9999, -9999, -9999, -9999, -9999, -9999, -9999, -9999, -9999, -9999, -9999, -9999, -9999, -9999, -9999, -9999, -9999, -9999, -9999, -9999, -9999, -9999, -9999, -9999, -9999, -9999, -9999, -9999, -9999, -9999, -9999, -9999, -9999, -9999, -9999, 43, -9999, -9999, -9999, -9999, -9999, -9999, -9999, -9999, -9999, -9999, -9999, -9999, -9999, -9999, -9999, -9999, -9999, 54, -9999, -9999, -9999, -9999, -9999, -9999, -9999, -9999, -9999, 84, -9999, -9999, -9999, -9999, -9999, -9999, -9999, -9999, 15, -9999, -9999],
[-9999, -9999, -9999, -9999, -9999, -9999, -9999, -9999, -9999, -9999, 24, -9999, -9999, -9999, -9999, -9999, -9999, -9999, -9999, -9999, -9999, -9999, -9999, 71, -9999, -9999, -9999, -9999, -9999, -9999, 80, -9999, -9999, -9999, 18, 30, -9999, -9999, 4, -9999, -9999, -9999, -9999, -9999, -9999, 19, -9999, -9999, -9999, -9999, -9999, -9999, -9999, -9999, -9999, -9999, -9999, -9999, -9999, -9999, 49, -9999, -9999, -9999, -9999, -9999, -9999, -9999, 19, -9999, 34, -9999, -9999, -9999, -9999, -9999, -9999, -9999, -9999, -9999, -9999, -9999, -9999, -9999, -9999, -9999, -9999, 69, -9999, 72, -9999, -9999, -9999, 97, -9999, -9999, -9999, -9999, 80, -9999],
[-9999, -9999, -9999, -9999, -9999, -9999, -9999, -9999, 58, -9999, -9999, -9999, -9999, -9999, 88, -9999, -9999, -9999, -9999, -9999, -9999, 20, -9999, -9999, -9999, -9999, -9999, -9999, -9999, -9999, 86, -9999, -9999, -9999, 28, -9999, -9999, 79, -9999, -9999, -9999, -9999, 34, -9999, -9999, -9999, -9999, -9999, 26, 59, -9999, -9999, -9999, -9999, -9999, -9999, -9999, 93, 83, -9999, -9999, -9999, -9999, 75, -9999, 50, -9999, -9999, 26, -9999, -9999, 37, -9999, -9999, -9999, -9999, -9999, -9999, -9999, -9999, -9999, -9999, -9999, -9999, -9999, -9999, -9999, 9, -9999, -9999, -9999, -9999, -9999, 66, -9999, -9999, -9999, -9999, -9999, -9999],
[-9999, -9999, -9999, -9999, 59, -9999, -9999, -9999, -9999, -9999, 68, -9999, -9999, -9999, -9999, -9999, -9999, -9999, -9999, -9999, -9999, -9999, -9999, -9999, -9999, -9999, -9999, -9999, -9999, -9999, 19, -9999, -9999, -9999, -9999, 98, -9999, -9999, 35, -9999, -9999, -9999, -9999, -9999, -9999, 53, -9999, -9999, -9999, -9999, -9999, -9999, -9999, -9999, -9999, -9999, -9999, -9999, -9999, -9999, -9999, -9999, -9999, -9999, -9999, -9999, -9999, -9999, -9999, -9999, 98, -9999, -9999, -9999, -9999, -9999, -9999, -9999, -9999, -9999, -9999, -9999, -9999, -9999, -9999, -9999, -9999, 37, -9999, 76, -9999, -9999, -9999, 24, -9999, -9999, -9999, -9999, 60, -9999],
[-9999, -9999, -9999, -9999, -9999, -9999, -9999, -9999, 20, -9999, 21, -9999, -9999, -9999, -9999, -9999, -9999, -9999, -9999, -9999, -9999, -9999, -9999, 55, -9999, -9999, -9999, -9999, -9999, -9999, -9999, -9999, -9999, -9999, -9999, -9999, -9999, -9999, -9999, -9999, -9999, -9999, -9999, -9999, -9999, -9999, -9999, -9999, -9999, -9999, -9999, -9999, -9999, -9999, -9999, -9999, -9999, -9999, -9999, -9999, 81, -9999, -9999, -9999, -9999, 27, -9999, -9999, -9999, -9999, 38, -9999, 82, -9999, -9999, -9999, -9999, -9999, -9999, -9999, -9999, -9999, -9999, -9999, -9999, -9999, -9999, 60, -9999, 44, -9999, -9999, -9999, 61, 68, -9999, -9999, -9999, -9999, -9999],
[40, -9999, 12, 6, -9999, -9999, 17, 42, 79, -9999, 63, -9999, 73, -9999, 22, -9999, -9999, -9999, 37, -9999, -9999, 87, 52, -9999, -9999, -9999, -9999, -9999, -9999, 24, -9999, 24, 14, 52, 96, 92, 22, -9999, -9999, -9999, -9999, -9999, -9999, -9999, 76, -9999, -9999, -9999, -9999, -9999, -9999, 73, -9999, 89, -9999, -9999, -9999, 69, -9999, -9999, -9999, -9999, 56, -9999, -9999, 73, -9999, 15, 4, 98, 94, -9999, 97, -9999, -9999, -9999, -9999, -9999, 48, -9999, -9999, 29, -9999, 98, 82, 19, -9999, 87, 78, 50, 25, -9999, 95, 98, -9999, -9999, -9999, -9999, 38, 61],
[-9999, -9999, -9999, -9999, 44, -9999, -9999, -9999, -9999, -9999, -9999, -9999, -9999, -9999, 73, -9999, -9999, -9999, -9999, -9999, -9999, -9999, -9999, -9999, -9999, -9999, -9999, -9999, -9999, -9999, 44, -9999, -9999, -9999, 2, -9999, -9999, -9999, 82, -9999, -9999, -9999, -9999, -9999, -9999, -9999, -9999, -9999, -9999, -9999, -9999, -9999, -9999, -9999, -9999, -9999, -9999, 57, -9999, -9999, 86, -9999, -9999, -9999, -9999, 67, -9999, -9999, 39, -9999, 65, -9999, 82, -9999, -9999, -9999, -9999, -9999, -9999, -9999, -9999, -9999, -9999, -9999, -9999, -9999, -9999, 91, -9999, -9999, -9999, -9999, -9999, -9999, -9999, -9999, -9999, -9999, 18, -9999],
[-9999, -9999, -9999, -9999, 17, -9999, -9999, -9999, 71, -9999, -9999, -9999, -9999, -9999, -9999, -9999, -9999, -9999, -9999, -9999, -9999, -9999, -9999, 47, -9999, -9999, -9999, -9999, -9999, -9999, 72, -9999, -9999, -9999, 29, -9999, -9999, -9999, 35, -9999, -9999, -9999, -9999, -9999, -9999, -9999, -9999, -9999, -9999, -9999, -9999, -9999, -9999, -9999, -9999, -9999, -9999, 93, -9999, -9999, 60, -9999, -9999, -9999, -9999, -9999, -9999, -9999, -9999, -9999, 3, 75, -9999, -9999, -9999, -9999, -9999, -9999, -9999, -9999, -9999, -9999, -9999, -9999, -9999, -9999, -9999, 58, -9999, -9999, -9999, -9999, -9999, 11, 54, -9999, -9999, -9999, 59, -9999],
[-9999, 46, 84, 10, -9999, -9999, -9999, 70, 80, -9999, 84, 61, 100, -9999, -9999, 16, -9999, 38, 69, -9999, -9999, 11, -9999, -9999, 100, -9999, -9999, 26, 95, 32, 78, -9999, -9999, 78, 84, 58, -9999, -9999, -9999, -9999, 47, -9999, -9999, -9999, -9999, 34, 3, -9999, -9999, -9999, 56, 1, -9999, -9999, 92, -9999, 41, 55, 54, 87, 61, -9999, 13, -9999, -9999, 24, 83, -9999, -9999, -9999, 37, -9999, 21, -9999, -9999, 27, -9999, 1, 3, -9999, -9999, -9999, 7, -9999, 36, 49, -9999, 16, 68, -9999, 47, 24, 59, 49, -9999, 80, -9999, -9999, 78, 65],
[-9999, -9999, -9999, -9999, -9999, -9999, -9999, 7, -9999, -9999, -9999, -9999, -9999, -9999, -9999, -9999, -9999, -9999, -9999, -9999, -9999, -9999, -9999, -9999, -9999, -9999, -9999, -9999, -9999, -9999, -9999, -9999, -9999, -9999, -9999, -9999, -9999, -9999, -9999, -9999, -9999, -9999, -9999, -9999, -9999, -9999, -9999, -9999, -9999, -9999, -9999, -9999, -9999, -9999, -9999, -9999, -9999, -9999, -9999, -9999, 64, -9999, -9999, -9999, -9999, -9999, -9999, -9999, -9999, -9999, -9999, -9999, -9999, -9999, -9999, -9999, -9999, -9999, 33, -9999, -9999, -9999, -9999, -9999, -9999, -9999, -9999, -9999, 69, -9999, -9999, -9999, -9999, -9999, -9999, -9999, -9999, 81, -9999, -9999],
[-9999, -9999, -9999, -9999, -9999, -9999, -9999, -9999, 25, -9999, -9999, -9999, -9999, -9999, -9999, -9999, -9999, -9999, -9999, -9999, -9999, 95, -9999, -9999, -9999, -9999, -9999, -9999, -9999, -9999, -9999, -9999, -9999, -9999, 12, 74, -9999, -9999, 54, -9999, -9999, -9999, -9999, -9999, -9999, -9999, -9999, -9999, -9999, -9999, -9999, -9999, -9999, -9999, -9999, -9999, -9999, 61, -9999, -9999, -9999, -9999, -9999, -9999, -9999, -9999, -9999, -9999, 32, -9999, 41, -9999, 96, -9999, -9999, -9999, -9999, -9999, -9999, -9999, -9999, -9999, -9999, -9999, -9999, -9999, -9999, 69, -9999, 60, -9999, -9999, -9999, -9999, -9999, -9999, -9999, -9999, 22, -9999],
[70, -9999, -9999, -9999, -9999, -9999, -9999, -9999, -9999, 25, 8, 73, 82, -9999, -9999, 73, -9999, 3, 90, 15, -9999, 10, 8, -9999, -9999, -9999, 86, 81, 6, 72, -9999, -9999, 49, 51, -9999, 55, 73, 69, 25, 40, -9999, -9999, 81, -9999, 81, 84, -9999, 14, -9999, -9999, -9999, 83, -9999, -9999, -9999, -9999, -9999, 83, 65, -9999, -9999, -9999, 61, 83, -9999, 10, -9999, -9999, 74, -9999, 25, -9999, -9999, -9999, 17, 35, -9999, 52, 57, -9999, -9999, -9999, -9999, -9999, 12, 72, -9999, 62, 44, -9999, -9999, 86, 51, 60, -9999, -9999, 2, -9999, 34, -9999],
[-9999, -9999, -9999, -9999, -9999, -9999, -9999, -9999, -9999, -9999, 54, -9999, -9999, -9999, 95, -9999, -9999, -9999, -9999, -9999, -9999, 62, -9999, -9999, -9999, -9999, -9999, -9999, -9999, -9999, -9999, -9999, -9999, -9999, -9999, 9, -9999, -9999, -9999, -9999, -9999, -9999, -9999, -9999, -9999, -9999, -9999, -9999, -9999, -9999, -9999, -9999, -9999, -9999, -9999, -9999, -9999, -9999, -9999, -9999, -9999, -9999, -9999, -9999, -9999, 68, -9999, -9999, -9999, -9999, 55, -9999, 60, -9999, -9999, -9999, -9999, -9999, -9999, -9999, -9999, -9999, -9999, -9999, -9999, -9999, -9999, 22, -9999, 11, -9999, -9999, -9999, 37, -9999, -9999, -9999, -9999, -9999, -9999],
[-9999, 40, -9999, -9999, -9999, -9999, -9999, -9999, -9999, -9999, 5, -9999, -9999, -9999, 76, -9999, -9999, -9999, -9999, -9999, 18, 94, -9999, -9999, -9999, -9999, -9999, -9999, -9999, -9999, -9999, -9999, -9999, -9999, 67, -9999, -9999, 74, 14, -9999, -9999, -9999, 78, -9999, -9999, -9999, -9999, -9999, -9999, -9999, -9999, -9999, -9999, -9999, -9999, -9999, -9999, 57, 39, -9999, -9999, -9999, -9999, 65, -9999, 69, -9999, -9999, 54, -9999, 96, 73, -9999, -9999, -9999, -9999, -9999, -9999, -9999, -9999, -9999, -9999, -9999, -9999, -9999, -9999, -9999, 83, -9999, -9999, -9999, -9999, -9999, 75, -9999, -9999, -9999, -9999, 62, -9999],
[-9999, -9999, -9999, -9999, -9999, -9999, -9999, -9999, -9999, -9999, 13, -9999, -9999, -9999, -9999, -9999, -9999, -9999, -9999, -9999, -9999, 33, -9999, -9999, -9999, -9999, -9999, -9999, -9999, -9999, -9999, -9999, -9999, -9999, -9999, 4, -9999, -9999, 10, -9999, -9999, -9999, -9999, -9999, -9999, 61, -9999, -9999, -9999, -9999, -9999, -9999, -9999, -9999, -9999, -9999, -9999, 30, -9999, -9999, -9999, -9999, -9999, -9999, -9999, -9999, -9999, -9999, -9999, -9999, 34, 37, 57, -9999, -9999, -9999, -9999, -9999, -9999, -9999, -9999, -9999, -9999, -9999, -9999, -9999, -9999, 51, -9999, 19, -9999, -9999, -9999, -9999, -9999, -9999, -9999, -9999, 16, -9999],
[-9999, -9999, -9999, -9999, -9999, -9999, -9999, -9999, 26, -9999, 90, -9999, -9999, -9999, 11, -9999, -9999, -9999, -9999, -9999, -9999, 12, -9999, -9999, -9999, -9999, -9999, -9999, -9999, -9999, 97, -9999, -9999, -9999, -9999, 69, -9999, -9999, 14, -9999, -9999, -9999, -9999, -9999, -9999, -9999, -9999, -9999, -9999, -9999, -9999, -9999, -9999, -9999, -9999, -9999, -9999, 77, -9999, -9999, -9999, -9999, -9999, -9999, -9999, 52, -9999, -9999, 2, -9999, -9999, -9999, 10, -9999, -9999, -9999, -9999, -9999, -9999, -9999, -9999, -9999, -9999, -9999, -9999, -9999, -9999, 83, -9999, 1, -9999, -9999, -9999, 92, -9999, -9999, -9999, -9999, 65, -9999],
[80, -9999, -9999, -9999, -9999, -9999, 70, -9999, 53, -9999, 5, -9999, 57, -9999, -9999, -9999, -9999, -9999, 89, 20, -9999, 97, 72, -9999, 82, -9999, -9999, -9999, -9999, 57, -9999, -9999, 6, 3, -9999, 30, 68, -9999, 58, 5, 90, -9999, -9999, -9999, 32, -9999, -9999, -9999, -9999, -9999, -9999, 31, -9999, -9999, -9999, -9999, -9999, 17, -9999, -9999, -9999, -9999, -9999, -9999, -9999, -9999, -9999, -9999, -9999, -9999, 90, 17, 45, -9999, -9999, -9999, -9999, -9999, 15, -9999, -9999, 47, 64, 15, 41, 57, -9999, 10, 61, 98, -9999, -9999, -9999, 48, -9999, -9999, -9999, 39, -9999, 89],
[66, -9999, 23, -9999, -9999, -9999, -9999, 76, 73, -9999, -9999, -9999, -9999, -9999, 36, -9999, -9999, -9999, -9999, 26, -9999, 30, 100, -9999, -9999, -9999, -9999, -9999, -9999, -9999, -9999, -9999, 22, 58, -9999, 100, -9999, -9999, 19, 19, 100, -9999, -9999, -9999, -9999, 74, 4, -9999, -9999, -9999, -9999, 53, -9999, 34, 68, -9999, -9999, 50, -9999, -9999, 79, -9999, -9999, -9999, -9999, 78, -9999, -9999, -9999, -9999, 5, -9999, 26, -9999, -9999, -9999, -9999, -9999, 68, 9, -9999, 50, 44, -9999, -9999, 96, -9999, 91, 29, -9999, -9999, -9999, 1, 83, -9999, -9999, 70, -9999, -9999, 93],
[-9999, -9999, -9999, -9999, -9999, -9999, -9999, -9999, -9999, -9999, 82, -9999, -9999, -9999, 67, -9999, -9999, -9999, -9999, -9999, -9999, -9999, -9999, -9999, -9999, -9999, -9999, -9999, -9999, -9999, -9999, -9999, -9999, -9999, 49, -9999, -9999, -9999, 5, -9999, -9999, -9999, -9999, -9999, -9999, -9999, -9999, -9999, -9999, -9999, -9999, -9999, -9999, -9999, -9999, -9999, -9999, 81, -9999, -9999, 52, -9999, -9999, -9999, -9999, 100, -9999, -9999, -9999, -9999, 81, -9999, -9999, -9999, -9999, -9999, -9999, -9999, -9999, -9999, -9999, -9999, -9999, -9999, -9999, -9999, -9999, 39, -9999, -9999, -9999, -9999, -9999, 3, -9999, -9999, -9999, -9999, 88, -9999],
[-9999, -9999, -9999, -9999, -9999, -9999, -9999, -9999, -9999, -9999, -9999, -9999, -9999, -9999, -9999, -9999, -9999, -9999, -9999, -9999, -9999, 47, -9999, -9999, -9999, -9999, -9999, -9999, -9999, -9999, -9999, -9999, -9999, -9999, -9999, 23, -9999, -9999, -9999, -9999, -9999, -9999, -9999, -9999, -9999, 23, -9999, -9999, -9999, -9999, -9999, -9999, -9999, -9999, -9999, -9999, -9999, 27, -9999, -9999, 11, -9999, -9999, -9999, -9999, 42, -9999, -9999, 98, -9999, 100, -9999, -9999, -9999, -9999, -9999, -9999, -9999, -9999, -9999, -9999, -9999, -9999, -9999, -9999, -9999, -9999, 34, -9999, 68, -9999, -9999, -9999, -9999, -9999, -9999, -9999, -9999, 13, -9999],
[-9999, -9999, 44, -9999, -9999, -9999, 92, 47, 62, 67, 39, 74, 63, -9999, 56, -9999, 2, 10, -9999, -9999, -9999, 11, 33, -9999, -9999, 90, -9999, 45, -9999, -9999, 67, 16, -9999, 43, -9999, -9999, -9999, 59, 10, -9999, 68, -9999, -9999, 88, 1, -9999, -9999, -9999, -9999, -9999, -9999, -9999, -9999, -9999, 37, -9999, -9999, 88, -9999, -9999, -9999, -9999, 23, -9999, -9999, -9999, -9999, -9999, 43, 79, 15, 22, 30, -9999, -9999, 21, -9999, -9999, 20, 54, -9999, 49, 69, 95, 65, 81, 70, 66, 23, 68, -9999, 83, 78, 22, -9999, 99, -9999, 23, -9999, 99],
[-9999, -9999, 77, -9999, -9999, -9999, -9999, -9999, -9999, -9999, 25, -9999, -9999, -9999, 14, -9999, -9999, -9999, 30, -9999, -9999, 24, 26, -9999, 57, -9999, -9999, -9999, -9999, 27, 27, 98, 90, 22, -9999, -9999, -9999, -9999, -9999, -9999, 37, 51, -9999, -9999, 12, -9999, 99, -9999, -9999, -9999, -9999, 24, -9999, 100, 13, -9999, -9999, 25, -9999, -9999, 60, 59, 44, -9999, -9999, 81, -9999, -9999, 17, -9999, 61, 91, 9, -9999, -9999, -9999, -9999, -9999, 99, 9, -9999, 60, -9999, 9, 31, 85, -9999, 89, 79, 31, 55, -9999, 32, -9999, -9999, -9999, 62, 55, 33, 95],
[-9999, -9999, 92, -9999, -9999, -9999, 16, 49, 84, -9999, 37, -9999, 51, -9999, -9999, -9999, -9999, -9999, 71, -9999, -9999, 16, 36, -9999, 75, -9999, -9999, -9999, -9999, -9999, 84, 66, 85, -9999, -9999, -9999, -9999, -9999, 35, 90, 14, 62, -9999, -9999, 78, 39, 95, -9999, -9999, -9999, -9999, -9999, -9999, -9999, -9999, -9999, -9999, -9999, -9999, -9999, 85, -9999, -9999, -9999, -9999, -9999, -9999, -9999, -9999, -9999, 28, 63, 3, -9999, -9999, -9999, -9999, 55, 85, -9999, -9999, 49, 4, 45, 33, 70, -9999, 50, 14, 85, 12, -9999, 64, 70, -9999, -9999, -9999, -9999, -9999, -9999],
[83, -9999, 81, 57, -9999, -9999, -9999, -9999, -9999, -9999, 31, -9999, 52, -9999, -9999, -9999, -9999, -9999, 92, -9999, -9999, 27, 93, -9999, 98, -9999, -9999, -9999, -9999, 34, 78, 67, -9999, 68, 25, 32, -9999, -9999, 41, 74, -9999, -9999, -9999, -9999, 29, 7, -9999, -9999, -9999, -9999, -9999, 87, -9999, 86, -9999, -9999, -9999, 77, -9999, -9999, -9999, -9999, 31, -9999, -9999, -9999, -9999, -9999, 2, -9999, 64, 41, -9999, 87, -9999, -9999, -9999, -9999, 71, 50, -9999, 22, -9999, 20, -9999, 42, -9999, 95, 89, 48, 87, -9999, 79, -9999, -9999, -9999, 26, 42, -9999, 69],
[1, -9999, -9999, 44, -9999, -9999, 29, 49, 74, -9999, -9999, -9999, 86, 84, 8, -9999, -9999, -9999, 26, -9999, 53, -9999, 40, -9999, 33, -9999, -9999, -9999, -9999, 7, -9999, -9999, 100, -9999, 40, -9999, -9999, -9999, -9999, 89, -9999, -9999, -9999, -9999, -9999, 57, -9999, -9999, -9999, -9999, -9999, 95, -9999, 64, -9999, -9999, -9999, 88, -9999, -9999, 48, -9999, 18, -9999, -9999, -9999, -9999, -9999, -9999, -9999, 46, -9999, 94, -9999, -9999, -9999, -9999, 7, 38, -9999, -9999, 90, -9999, 26, 92, 93, -9999, 58, 88, -9999, 100, -9999, 78, 67, -9999, -9999, 86, 31, -9999, 12],
[-9999, -9999, -9999, -9999, -9999, -9999, -9999, -9999, 99, -9999, -9999, -9999, -9999, -9999, -9999, -9999, -9999, -9999, -9999, -9999, -9999, 5, -9999, -9999, -9999, -9999, -9999, -9999, -9999, -9999, -9999, -9999, -9999, -9999, -9999, 5, -9999, -9999, 30, -9999, -9999, -9999, -9999, -9999, -9999, 84, -9999, -9999, -9999, -9999, -9999, -9999, -9999, -9999, -9999, -9999, -9999, -9999, -9999, -9999, -9999, -9999, -9999, -9999, -9999, 65, -9999, -9999, 87, -9999, 50, 65, -9999, -9999, -9999, -9999, -9999, -9999, -9999, -9999, -9999, -9999, -9999, -9999, -9999, -9999, -9999, 78, -9999, -9999, -9999, -9999, -9999, 13, -9999, -9999, -9999, -9999, 89, -9999],
[-9999, -9999, -9999, -9999, -9999, -9999, -9999, -9999, -9999, -9999, -9999, -9999, -9999, -9999, -9999, -9999, -9999, -9999, -9999, -9999, -9999, -9999, -9999, -9999, -9999, -9999, -9999, -9999, -9999, -9999, -9999, -9999, -9999, -9999, -9999, -9999, -9999, -9999, -9999, -9999, -9999, -9999, -9999, -9999, -9999, -9999, -9999, -9999, -9999, -9999, -9999, -9999, -9999, -9999, -9999, -9999, -9999, -9999, -9999, -9999, 46, -9999, -9999, -9999, -9999, -9999, -9999, -9999, -9999, -9999, -9999, -9999, -9999, -9999, -9999, -9999, -9999, -9999, 29, -9999, -9999, -9999, -9999, -9999, -9999, -9999, -9999, -9999, 79, -9999, -9999, -9999, -9999, -9999, -9999, -9999, -9999, 7, -9999, -9999],
[-9999, -9999, -9999, -9999, -9999, -9999, -9999, 97, -9999, -9999, -9999, -9999, -9999, -9999, -9999, -9999, -9999, -9999, -9999, -9999, -9999, -9999, -9999, -9999, -9999, -9999, -9999, -9999, -9999, -9999, -9999, -9999, -9999, -9999, -9999, -9999, -9999, -9999, -9999, -9999, -9999, -9999, -9999, -9999, -9999, -9999, -9999, -9999, -9999, -9999, -9999, -9999, -9999, -9999, -9999, -9999, -9999, -9999, -9999, -9999, 100, -9999, -9999, -9999, -9999, -9999, -9999, -9999, -9999, 64, -9999, -9999, -9999, -9999, -9999, -9999, -9999, -9999, 11, -9999, -9999, -9999, -9999, -9999, -9999, -9999, -9999, -9999, 100, -9999, -9999, -9999, -9999, -9999, -9999, -9999, -9999, 94, -9999, -9999],
[-9999, -9999, -9999, -9999, -9999, -9999, -9999, -9999, 23, -9999, -9999, -9999, -9999, -9999, 43, -9999, -9999, -9999, -9999, -9999, -9999, 75, -9999, -9999, -9999, -9999, -9999, -9999, -9999, -9999, -9999, -9999, -9999, -9999, 8, 93, -9999, -9999, -9999, -9999, -9999, -9999, -9999, -9999, -9999, -9999, -9999, -9999, -9999, -9999, -9999, -9999, -9999, -9999, -9999, -9999, -9999, 86, -9999, -9999, 9, -9999, -9999, -9999, -9999, -9999, -9999, -9999, 90, -9999, 45, 11, 38, -9999, -9999, -9999, -9999, -9999, -9999, -9999, -9999, -9999, -9999, -9999, -9999, -9999, -9999, 36, -9999, 21, -9999, -9999, -9999, 45, -9999, -9999, -9999, -9999, -9999, -9999],
[-9999, -9999, -9999, -9999, 48, -9999, -9999, -9999, -9999, -9999, -9999, -9999, -9999, -9999, 7, -9999, -9999, -9999, -9999, -9999, -9999, 12, -9999, -9999, -9999, -9999, -9999, -9999, -9999, -9999, 4, -9999, -9999, -9999, 2, 14, -9999, -9999, -9999, -9999, -9999, -9999, -9999, -9999, -9999, -9999, -9999, -9999, -9999, -9999, -9999, -9999, -9999, -9999, -9999, -9999, -9999, 99, -9999, -9999, 26, -9999, -9999, -9999, -9999, 77, -9999, -9999, 32, -9999, 97, -9999, -9999, -9999, -9999, -9999, -9999, -9999, -9999, -9999, -9999, -9999, -9999, -9999, -9999, -9999, -9999, 49, -9999, 6, -9999, -9999, -9999, 49, -9999, -9999, -9999, -9999, 6, -9999],
[-9999, -9999, -9999, -9999, -9999, -9999, -9999, -9999, -9999, -9999, -9999, -9999, -9999, -9999, 61, -9999, -9999, -9999, -9999, -9999, -9999, -9999, -9999, -9999, -9999, -9999, -9999, -9999, -9999, -9999, 48, -9999, -9999, -9999, -9999, 17, -9999, -9999, 30, -9999, -9999, -9999, -9999, -9999, -9999, 33, -9999, -9999, -9999, -9999, -9999, -9999, -9999, -9999, -9999, -9999, -9999, -9999, -9999, -9999, 69, -9999, -9999, -9999, -9999, 82, -9999, -9999, -9999, -9999, 82, -9999, -9999, -9999, -9999, -9999, -9999, -9999, -9999, -9999, -9999, -9999, -9999, -9999, -9999, -9999, -9999, 81, -9999, 76, -9999, -9999, -9999, 10, -9999, -9999, -9999, -9999, -9999, -9999],
[-9999, -9999, -9999, 98, -9999, -9999, 40, 47, 32, -9999, 53, -9999, 45, -9999, -9999, -9999, -9999, -9999, 46, 34, -9999, -9999, 83, 78, -9999, -9999, -9999, -9999, -9999, -9999, -9999, 6, 19, 28, 35, 73, 33, -9999, 44, -9999, 13, -9999, -9999, 92, 46, -9999, 16, -9999, -9999, -9999, -9999, 19, -9999, 29, -9999, -9999, -9999, 56, -9999, -9999, 83, -9999, -9999, -9999, -9999, -9999, -9999, -9999, 49, -9999, 69, 43, 70, -9999, -9999, -9999, -9999, 8, 50, -9999, -9999, 64, 46, 33, -9999, 20, -9999, 27, 18, 3, -9999, -9999, 59, 11, -9999, -9999, 70, -9999, 54, -9999],
[9, -9999, -9999, 51, -9999, -9999, 32, -9999, 30, -9999, -9999, -9999, 60, -9999, 9, -9999, -9999, -9999, -9999, 9, -9999, 58, 84, 18, 37, -9999, -9999, -9999, -9999, 33, -9999, 91, 47, 16, 55, 49, 61, -9999, 35, 12, -9999, 38, -9999, 66, 69, 79, -9999, -9999, -9999, -9999, -9999, -9999, -9999, 85, -9999, -9999, -9999, -9999, -9999, -9999, 80, -9999, -9999, -9999, -9999, 41, -9999, -9999, -9999, -9999, 68, -9999, 51, -9999, -9999, -9999, 36, 30, 18, -9999, -9999, 66, 95, 44, 9, 30, -9999, 92, 57, 43, 26, -9999, -9999, 99, 6, -9999, 41, 89, -9999, -9999],
[-9999, -9999, -9999, -9999, -9999, -9999, -9999, -9999, -9999, -9999, -9999, -9999, -9999, -9999, -9999, -9999, -9999, -9999, -9999, -9999, -9999, -9999, -9999, -9999, -9999, -9999, -9999, -9999, -9999, -9999, -9999, -9999, -9999, -9999, -9999, -9999, -9999, -9999, -9999, -9999, -9999, -9999, -9999, -9999, -9999, -9999, -9999, -9999, -9999, -9999, -9999, -9999, -9999, -9999, -9999, -9999, -9999, -9999, -9999, -9999, 95, -9999, -9999, -9999, -9999, -9999, -9999, -9999, -9999, 54, -9999, -9999, -9999, -9999, -9999, -9999, -9999, -9999, 89, -9999, -9999, -9999, -9999, -9999, -9999, -9999, -9999, -9999, 83, -9999, -9999, -9999, -9999, -9999, -9999, -9999, -9999, 52, -9999, -9999],
[-9999, -9999, -9999, -9999, -9999, -9999, -9999, -9999, -9999, -9999, 50, -9999, -9999, -9999, 17, -9999, -9999, -9999, -9999, -9999, 19, 39, -9999, -9999, -9999, -9999, -9999, -9999, -9999, -9999, 83, -9999, -9999, -9999, 28, -9999, -9999, -9999, 17, -9999, -9999, -9999, -9999, -9999, -9999, -9999, -9999, -9999, -9999, -9999, -9999, -9999, -9999, -9999, -9999, -9999, -9999, 75, -9999, -9999, -9999, -9999, -9999, -9999, -9999, 26, -9999, -9999, -9999, -9999, 19, 21, 90, -9999, -9999, -9999, -9999, -9999, -9999, -9999, -9999, -9999, -9999, -9999, -9999, -9999, -9999, 48, -9999, 76, -9999, -9999, -9999, -9999, -9999, -9999, -9999, -9999, -9999, -9999],
[-9999, -9999, 99, -9999, -9999, -9999, -9999, -9999, 5, -9999, 40, -9999, -9999, -9999, 90, -9999, -9999, -9999, 98, 36, 91, 99, 57, -9999, 44, -9999, -9999, -9999, -9999, -9999, 59, -9999, 7, 78, 79, 63, 74, -9999, 94, 69, -9999, -9999, -9999, -9999, 78, 61, -9999, -9999, -9999, -9999, -9999, -9999, -9999, 11, 10, -9999, -9999, 99, -9999, -9999, 6, -9999, -9999, -9999, -9999, -9999, -9999, -9999, 11, -9999, 99, -9999, -9999, -9999, -9999, -9999, -9999, -9999, -9999, 23, -9999, -9999, 91, -9999, 18, 86, -9999, 19, 42, -9999, 2, -9999, 60, -9999, 62, -9999, -9999, 69, 41, 80],
[-9999, -9999, -9999, -9999, -9999, 19, 51, 36, 75, -9999, 59, -9999, -9999, -9999, 65, -9999, -9999, -9999, -9999, 6, -9999, 45, 28, -9999, -9999, -9999, -9999, -9999, -9999, 97, 20, -9999, -9999, -9999, -9999, 13, 76, -9999, 29, 5, 76, -9999, -9999, 39, -9999, 18, -9999, -9999, -9999, -9999, -9999, -9999, -9999, 27, 10, -9999, -9999, -9999, -9999, -9999, 24, -9999, 10, -9999, 81, 95, -9999, -9999, 90, -9999, 84, -9999, -9999, -9999, -9999, -9999, -9999, -9999, 73, 97, -9999, -9999, -9999, -9999, 12, 55, -9999, 58, 15, 90, -9999, -9999, 80, -9999, 100, -9999, 15, 47, 64, -9999],
[20, -9999, 5, -9999, -9999, -9999, 58, 58, 85, -9999, 6, -9999, -9999, 47, 51, -9999, -9999, -9999, 54, 42, -9999, 51, 7, -9999, 93, -9999, -9999, -9999, -9999, -9999, -9999, -9999, 99, 37, -9999, 14, 58, -9999, 20, -9999, -9999, -9999, -9999, 76, -9999, 47, 62, -9999, -9999, -9999, -9999, -9999, -9999, 25, 36, -9999, -9999, 85, -9999, -9999, 29, -9999, 37, -9999, -9999, 38, -9999, -9999, -9999, -9999, 84, -9999, -9999, -9999, -9999, -9999, -9999, 36, 18, -9999, -9999, -9999, 55, 85, 17, 30, -9999, 51, 59, -9999, 65, -9999, 2, -9999, -9999, -9999, -9999, 92, 6, 80],
[-9999, -9999, 85, 20, -9999, 23, 38, -9999, -9999, 25, -9999, -9999, 29, 10, -9999, -9999, -9999, 66, 51, -9999, 1, 40, 81, 16, -9999, -9999, -9999, 54, -9999, 63, 76, 76, -9999, 33, -9999, -9999, 35, -9999, -9999, 24, 93, -9999, -9999, -9999, 100, 98, 84, 24, -9999, -9999, 63, 61, -9999, 7, -9999, 35, -9999, 91, -9999, -9999, 93, -9999, 87, 20, -9999, 51, 96, -9999, -9999, -9999, 72, -9999, -9999, -9999, 8, 56, -9999, 31, 93, 99, -9999, 76, -9999, -9999, -9999, 30, -9999, 54, 60, -9999, 82, 52, 81, 41, -9999, 81, 89, -9999, 43, -9999],
[-9999, -9999, -9999, -9999, -9999, -9999, -9999, -9999, 12, -9999, 61, -9999, -9999, -9999, 90, -9999, -9999, -9999, -9999, -9999, -9999, -9999, -9999, -9999, -9999, -9999, -9999, -9999, -9999, -9999, -9999, -9999, -9999, -9999, -9999, -9999, -9999, -9999, -9999, -9999, -9999, -9999, -9999, -9999, -9999, 37, -9999, -9999, -9999, -9999, -9999, -9999, -9999, -9999, -9999, -9999, -9999, -9999, -9999, -9999, -9999, -9999, -9999, -9999, -9999, 95, -9999, -9999, -9999, -9999, 25, 45, -9999, -9999, -9999, -9999, -9999, -9999, -9999, -9999, -9999, -9999, -9999, -9999, -9999, -9999, -9999, 70, -9999, 44, -9999, -9999, -9999, 5, -9999, -9999, -9999, -9999, -9999, -9999],
[-9999, -9999, -9999, -9999, -9999, -9999, -9999, -9999, 51, -9999, -9999, -9999, -9999, -9999, 19, -9999, -9999, -9999, -9999, -9999, -9999, -9999, -9999, 77, -9999, -9999, -9999, -9999, -9999, -9999, -9999, -9999, -9999, -9999, 20, 86, -9999, -9999, 69, -9999, -9999, -9999, -9999, -9999, -9999, -9999, -9999, -9999, -9999, -9999, -9999, -9999, -9999, -9999, -9999, -9999, -9999, 75, -9999, -9999, 43, -9999, -9999, -9999, -9999, 18, -9999, -9999, -9999, -9999, 20, 58, 18, -9999, -9999, -9999, -9999, -9999, -9999, -9999, -9999, -9999, -9999, -9999, -9999, -9999, -9999, 10, -9999, 35, -9999, -9999, -9999, 89, -9999, -9999, -9999, -9999, 58, -9999],
[-9999, -9999, -9999, -9999, -9999, -9999, -9999, -9999, -9999, -9999, 41, -9999, -9999, -9999, 20, -9999, -9999, -9999, -9999, -9999, -9999, 49, -9999, -9999, -9999, -9999, -9999, -9999, -9999, -9999, 98, -9999, -9999, -9999, 35, -9999, -9999, -9999, 78, -9999, -9999, -9999, -9999, -9999, -9999, -9999, -9999, -9999, -9999, -9999, -9999, -9999, -9999, -9999, -9999, -9999, -9999, 21, -9999, -9999, 33, -9999, -9999, -9999, -9999, -9999, -9999, -9999, -9999, -9999, 4, -9999, 29, -9999, -9999, -9999, -9999, -9999, -9999, -9999, -9999, -9999, -9999, -9999, -9999, -9999, -9999, 42, -9999, -9999, -9999, -9999, -9999, 71, -9999, -9999, -9999, -9999, -9999, -9999],
[-9999, -9999, -9999, -9999, -9999, -9999, 19, 41, -9999, -9999, -9999, -9999, -9999, -9999, -9999, -9999, -9999, -9999, 15, -9999, -9999, 35, 93, -9999, -9999, -9999, -9999, -9999, -9999, -9999, 5, 66, -9999, 82, 74, 91, 17, -9999, -9999, -9999, -9999, -9999, -9999, -9999, 39, -9999, -9999, -9999, -9999, -9999, -9999, 75, -9999, -9999, 44, -9999, -9999, -9999, -9999, -9999, 91, -9999, 96, -9999, -9999, 55, -9999, -9999, -9999, -9999, 26, -9999, 70, -9999, -9999, -9999, -9999, -9999, 43, 63, -9999, 92, 22, 56, 4, -9999, -9999, 86, 53, -9999, -9999, -9999, 59, 52, -9999, -9999, -9999, 89, 8, 50],
[37, 37, 39, -9999, -9999, -9999, 93, -9999, 24, -9999, -9999, -9999, 75, -9999, 12, -9999, -9999, 91, -9999, -9999, -9999, 23, 72, -9999, -9999, 54, 3, 23, -9999, -9999, -9999, 67, 37, 56, 94, 86, 59, -9999, 23, 98, -9999, -9999, -9999, 27, 30, -9999, -9999, -9999, 11, -9999, -9999, -9999, 74, 30, 72, 6, 24, -9999, -9999, -9999, 25, -9999, 30, -9999, -9999, -9999, 20, -9999, 73, -9999, 4, 76, 69, -9999, 78, -9999, -9999, 30, 82, -9999, -9999, -9999, 11, -9999, -9999, -9999, -9999, 46, 82, 10, 28, -9999, 100, -9999, -9999, 58, -9999, 78, 47, 26],
[-9999, -9999, -9999, -9999, -9999, -9999, -9999, -9999, 28, -9999, -9999, -9999, -9999, -9999, -9999, -9999, -9999, -9999, -9999, -9999, 65, 42, -9999, -9999, -9999, -9999, -9999, -9999, -9999, -9999, -9999, -9999, -9999, -9999, 21, -9999, -9999, -9999, -9999, -9999, -9999, -9999, -9999, -9999, -9999, -9999, -9999, -9999, -9999, -9999, -9999, -9999, -9999, -9999, -9999, -9999, -9999, -9999, -9999, -9999, 26, -9999, -9999, -9999, -9999, 5, -9999, -9999, 4, -9999, 5, -9999, -9999, -9999, -9999, -9999, -9999, -9999, -9999, -9999, -9999, -9999, -9999, -9999, -9999, -9999, -9999, 98, -9999, 31, -9999, -9999, -9999, 25, -9999, -9999, -9999, -9999, 98, -9999],
[-9999, -9999, -9999, -9999, -9999, -9999, -9999, -9999, 50, -9999, -9999, -9999, -9999, -9999, -9999, -9999, -9999, -9999, -9999, -9999, -9999, -9999, -9999, -9999, -9999, -9999, -9999, -9999, -9999, -9999, -9999, -9999, -9999, -9999, 74, -9999, -9999, -9999, 40, -9999, -9999, -9999, -9999, -9999, -9999, -9999, -9999, -9999, -9999, -9999, -9999, -9999, -9999, -9999, -9999, -9999, -9999, 64, -9999, -9999, 22, -9999, -9999, -9999, -9999, 92, -9999, -9999, -9999, -9999, 62, 100, 44, -9999, -9999, -9999, -9999, -9999, -9999, -9999, -9999, -9999, -9999, -9999, -9999, -9999, -9999, 55, -9999, 54, -9999, -9999, -9999, -9999, -9999, -9999, -9999, -9999, 45, -9999],
[-9999, -9999, -9999, -9999, -9999, -9999, -9999, -9999, 94, -9999, 66, -9999, -9999, -9999, 27, -9999, -9999, -9999, -9999, -9999, -9999, -9999, -9999, -9999, -9999, -9999, -9999, -9999, -9999, -9999, 9, -9999, -9999, -9999, -9999, 18, -9999, -9999, -9999, -9999, -9999, -9999, -9999, -9999, -9999, 57, -9999, -9999, -9999, -9999, -9999, -9999, -9999, -9999, -9999, -9999, -9999, -9999, -9999, -9999, -9999, -9999, -9999, -9999, -9999, 53, -9999, -9999, 2, -9999, 43, -9999, -9999, -9999, -9999, -9999, -9999, -9999, -9999, -9999, -9999, -9999, -9999, -9999, -9999, -9999, -9999, 30, -9999, -9999, -9999, -9999, -9999, 57, -9999, -9999, -9999, -9999, -9999, -9999],
[-9999, -9999, -9999, -9999, -9999, -9999, -9999, -9999, -9999, -9999, 49, -9999, -9999, -9999, -9999, -9999, -9999, -9999, -9999, -9999, -9999, -9999, -9999, -9999, -9999, -9999, -9999, -9999, -9999, -9999, -9999, -9999, -9999, -9999, -9999, -9999, -9999, -9999, 1, -9999, -9999, -9999, -9999, -9999, -9999, -9999, -9999, -9999, -9999, -9999, -9999, -9999, -9999, -9999, -9999, -9999, -9999, -9999, -9999, -9999, -9999, -9999, -9999, -9999, -9999, 94, -9999, -9999, -9999, -9999, 37, -9999, 100, -9999, -9999, -9999, 44, -9999, -9999, -9999, -9999, -9999, -9999, -9999, -9999, -9999, -9999, 66, -9999, -9999, -9999, -9999, -9999, -9999, -9999, -9999, -9999, -9999, 62, -9999],
[-9999, -9999, -9999, -9999, -9999, -9999, -9999, 13, -9999, -9999, -9999, -9999, -9999, -9999, -9999, -9999, -9999, -9999, -9999, -9999, -9999, -9999, -9999, -9999, -9999, -9999, -9999, -9999, -9999, -9999, -9999, -9999, -9999, -9999, -9999, -9999, -9999, -9999, -9999, -9999, -9999, -9999, -9999, -9999, -9999, -9999, -9999, -9999, -9999, -9999, -9999, -9999, -9999, -9999, -9999, -9999, -9999, -9999, -9999, -9999, -9999, -9999, -9999, -9999, -9999, -9999, -9999, -9999, -9999, -9999, -9999, -9999, -9999, -9999, -9999, -9999, -9999, -9999, 10, -9999, -9999, -9999, -9999, -9999, -9999, -9999, -9999, -9999, 66, -9999, -9999, -9999, -9999, -9999, 95, -9999, -9999, -9999, -9999, -9999],
[-9999, -9999, -9999, -9999, -9999, -9999, -9999, -9999, -9999, -9999, -9999, -9999, -9999, -9999, -9999, -9999, -9999, -9999, -9999, -9999, -9999, -9999, -9999, -9999, -9999, -9999, -9999, -9999, -9999, -9999, -9999, -9999, -9999, -9999, -9999, -9999, -9999, -9999, -9999, -9999, -9999, -9999, -9999, -9999, -9999, -9999, -9999, -9999, -9999, -9999, -9999, -9999, -9999, -9999, -9999, -9999, -9999, -9999, -9999, -9999, 12, -9999, -9999, -9999, -9999, -9999, -9999, -9999, -9999, -9999, -9999, -9999, -9999, -9999, -9999, -9999, -9999, -9999, 15, -9999, -9999, -9999, -9999, -9999, -9999, -9999, -9999, -9999, 30, -9999, -9999, -9999, -9999, -9999, -9999, -9999, -9999, 91, -9999, -9999],
[-9999, -9999, -9999, -9999, -9999, -9999, -9999, -9999, -9999, -9999, -9999, -9999, -9999, -9999, 64, -9999, -9999, -9999, -9999, -9999, -9999, 38, -9999, -9999, -9999, -9999, -9999, -9999, -9999, -9999, -9999, -9999, -9999, -9999, 66, 25, -9999, -9999, -9999, -9999, -9999, -9999, -9999, -9999, -9999, 34, -9999, -9999, -9999, -9999, -9999, -9999, -9999, -9999, -9999, -9999, -9999, -9999, -9999, -9999, -9999, -9999, -9999, -9999, -9999, 47, -9999, -9999, 15, -9999, 43, 21, 51, -9999, -9999, -9999, -9999, -9999, -9999, -9999, -9999, -9999, -9999, -9999, -9999, -9999, -9999, 42, -9999, 8, -9999, -9999, -9999, 84, -9999, -9999, -9999, -9999, 56, -9999],
[-9999, 80, -9999, -9999, -9999, -9999, -9999, -9999, -9999, -9999, 15, -9999, -9999, -9999, 85, -9999, -9999, -9999, -9999, -9999, -9999, -9999, -9999, -9999, -9999, 84, -9999, -9999, -9999, -9999, 66, -9999, -9999, -9999, 88, 13, -9999, 67, -9999, -9999, -9999, -9999, 75, -9999, -9999, -9999, -9999, -9999, -9999, -9999, -9999, -9999, -9999, -9999, -9999, -9999, -9999, 90, 47, -9999, -9999, -9999, -9999, -9999, -9999, -9999, -9999, -9999, -9999, -9999, 14, 86, 65, -9999, -9999, -9999, -9999, -9999, -9999, -9999, -9999, -9999, -9999, -9999, -9999, -9999, -9999, 14, -9999, -9999, -9999, -9999, -9999, 78, -9999, -9999, -9999, -9999, 43, -9999],
[54, -9999, -9999, 46, -9999, -9999, -9999, 68, 66, -9999, -9999, -9999, 67, -9999, 35, -9999, -9999, -9999, 46, 79, -9999, -9999, 96, -9999, -9999, -9999, -9999, -9999, -9999, -9999, 71, 89, -9999, -9999, 74, 57, -9999, -9999, -9999, 2, -9999, -9999, -9999, -9999, -9999, -9999, -9999, -9999, -9999, -9999, -9999, -9999, -9999, -9999, 40, -9999, -9999, -9999, -9999, -9999, -9999, -9999, 42, -9999, -9999, 93, -9999, -9999, 72, -9999, 52, 47, -9999, 25, -9999, -9999, -9999, 68, 96, -9999, -9999, -9999, 16, -9999, -9999, 26, -9999, 56, 8, -9999, 62, -9999, 16, -9999, -9999, -9999, 1, -9999, -9999, -9999],
[-9999, -9999, 72, -9999, -9999, -9999, 100, -9999, 3, -9999, -9999, -9999, -9999, -9999, 96, -9999, -9999, -9999, 41, -9999, -9999, -9999, 81, -9999, -9999, -9999, -9999, -9999, -9999, 69, 100, 60, 22, 38, 26, -9999, -9999, -9999, 63, 82, -9999, -9999, -9999, 27, -9999, 87, 67, -9999, -9999, -9999, -9999, 59, -9999, 73, 19, -9999, -9999, 27, -9999, -9999, -9999, -9999, -9999, -9999, -9999, 97, -9999, -9999, 66, -9999, 91, 57, 74, -9999, -9999, -9999, -9999, 42, 23, 85, -9999, 19, -9999, 87, 39, 57, -9999, 59, 32, 87, -9999, -9999, 6, 86, -9999, -9999, -9999, 29, 74, 73],
[50, -9999, 85, -9999, -9999, -9999, -9999, 32, 14, -9999, -9999, -9999, -9999, -9999, 3, -9999, -9999, -9999, -9999, -9999, -9999, 67, 89, -9999, 40, -9999, -9999, -9999, -9999, 71, 97, 71, 54, 7, -9999, 41, -9999, -9999, 77, -9999, 87, -9999, -9999, 78, 12, 67, 65, -9999, -9999, -9999, -9999, 2, -9999, 96, 97, -9999, -9999, 57, -9999, -9999, 84, -9999, 79, -9999, -9999, -9999, -9999, -9999, -9999, -9999, 3, 65, 69, -9999, -9999, -9999, -9999, 51, 53, 94, -9999, -9999, 17, 93, -9999, 78, -9999, 50, 3, -9999, 98, -9999, 49, -9999, -9999, -9999, -9999, 7, 58, -9999],
[-9999, -9999, -9999, -9999, -9999, -9999, -9999, -9999, -9999, -9999, -9999, -9999, -9999, -9999, -9999, -9999, 86, -9999, -9999, -9999, -9999, -9999, -9999, -9999, -9999, -9999, -9999, -9999, -9999, -9999, -9999, -9999, -9999, -9999, -9999, -9999, -9999, -9999, -9999, -9999, -9999, -9999, -9999, -9999, -9999, -9999, -9999, -9999, -9999, -9999, -9999, -9999, -9999, -9999, -9999, -9999, -9999, -9999, -9999, -9999, -9999, 29, -9999, -9999, -9999, -9999, -9999, -9999, -9999, -9999, -9999, -9999, -9999, 62, -9999, -9999, -9999, -9999, 1, -9999, -9999, -9999, -9999, -9999, -9999, -9999, -9999, -9999, 64, -9999, -9999, -9999, -9999, -9999, -9999, -9999, -9999, 39, -9999, -9999],
[-9999, -9999, -9999, -9999, -9999, -9999, -9999, -9999, -9999, -9999, 33, -9999, -9999, -9999, 8, -9999, -9999, -9999, -9999, -9999, -9999, -9999, -9999, -9999, -9999, -9999, -9999, -9999, -9999, -9999, -9999, -9999, -9999, -9999, 4, 37, -9999, -9999, -9999, -9999, -9999, -9999, -9999, -9999, -9999, -9999, -9999, -9999, -9999, -9999, -9999, -9999, -9999, -9999, -9999, -9999, -9999, -9999, -9999, -9999, -9999, -9999, -9999, -9999, -9999, 3, -9999, -9999, 85, -9999, -9999, -9999, -9999, -9999, -9999, -9999, 94, -9999, -9999, -9999, -9999, -9999, -9999, -9999, -9999, -9999, -9999, 8, -9999, 80, -9999, -9999, -9999, 62, -9999, -9999, -9999, -9999, 49, -9999],
[-9999, -9999, -9999, -9999, 91, -9999, -9999, -9999, 34, -9999, -9999, -9999, -9999, -9999, 95, -9999, -9999, -9999, -9999, -9999, -9999, -9999, -9999, -9999, -9999, -9999, -9999, -9999, -9999, -9999, 47, -9999, -9999, -9999, -9999, 50, -9999, -9999, 7, -9999, -9999, -9999, -9999, -9999, -9999, 34, -9999, -9999, -9999, -9999, -9999, -9999, -9999, -9999, -9999, -9999, -9999, -9999, -9999, -9999, 99, -9999, -9999, -9999, -9999, 86, -9999, -9999, -9999, -9999, 37, -9999, -9999, -9999, -9999, -9999, -9999, -9999, -9999, -9999, -9999, -9999, -9999, -9999, -9999, -9999, -9999, 4, -9999, -9999, -9999, -9999, -9999, 87, -9999, -9999, -9999, -9999, -9999, -9999],
[-9999, -9999, -9999, -9999, -9999, -9999, -9999, -9999, -9999, -9999, -9999, -9999, -9999, -9999, -9999, -9999, -9999, -9999, -9999, -9999, -9999, 20, -9999, -9999, -9999, 95, -9999, -9999, -9999, -9999, 39, -9999, -9999, -9999, 54, -9999, -9999, -9999, 62, -9999, -9999, -9999, -9999, -9999, -9999, 10, -9999, -9999, 32, -9999, -9999, -9999, -9999, -9999, -9999, -9999, -9999, -9999, -9999, -9999, -9999, -9999, -9999, -9999, -9999, 100, -9999, -9999, -9999, -9999, 14, -9999, -9999, -9999, -9999, -9999, -9999, -9999, -9999, -9999, 17, -9999, -9999, -9999, -9999, -9999, -9999, 14, -9999, -9999, -9999, -9999, -9999, -9999, -9999, -9999, -9999, -9999, 26, -9999],
[-9999, -9999, 48, 63, -9999, -9999, -9999, -9999, -9999, -9999, -9999, -9999, 5, -9999, 44, -9999, -9999, -9999, 76, 61, -9999, -9999, 71, -9999, 10, -9999, -9999, -9999, -9999, 91, 65, 43, -9999, -9999, 84, -9999, 37, -9999, 46, 41, 74, -9999, -9999, -9999, -9999, -9999, 25, -9999, -9999, -9999, -9999, 29, -9999, -9999, 37, -9999, -9999, 71, -9999, -9999, 86, -9999, 52, -9999, -9999, -9999, -9999, -9999, 76, -9999, 83, 41, 70, -9999, -9999, -9999, 28, 39, 65, 9, -9999, -9999, 46, -9999, 91, 26, -9999, 62, 92, -9999, 13, -9999, 47, -9999, -9999, -9999, 42, 78, -9999, -9999],
[-9999, -9999, -9999, -9999, -9999, -9999, -9999, -9999, -9999, -9999, 23, -9999, -9999, -9999, -9999, -9999, -9999, -9999, -9999, -9999, 12, -9999, -9999, -9999, -9999, -9999, -9999, -9999, -9999, -9999, 86, -9999, -9999, -9999, -9999, 83, -9999, -9999, 10, -9999, -9999, -9999, -9999, -9999, -9999, -9999, -9999, -9999, -9999, -9999, -9999, -9999, -9999, -9999, -9999, -9999, -9999, -9999, -9999, -9999, -9999, -9999, -9999, -9999, -9999, -9999, -9999, -9999, 26, -9999, 35, -9999, -9999, -9999, -9999, -9999, -9999, -9999, -9999, -9999, -9999, -9999, -9999, -9999, -9999, -9999, -9999, 74, -9999, 59, -9999, -9999, -9999, 51, -9999, -9999, -9999, -9999, -9999, -9999],
[-9999, -9999, -9999, -9999, -9999, -9999, -9999, 84, -9999, -9999, -9999, -9999, -9999, -9999, -9999, -9999, -9999, -9999, -9999, -9999, -9999, -9999, -9999, -9999, -9999, -9999, -9999, -9999, -9999, -9999, -9999, -9999, -9999, -9999, -9999, -9999, -9999, -9999, -9999, -9999, -9999, -9999, -9999, -9999, -9999, -9999, -9999, -9999, -9999, -9999, -9999, -9999, -9999, -9999, -9999, -9999, -9999, -9999, -9999, -9999, 42, -9999, -9999, -9999, -9999, -9999, -9999, -9999, -9999, -9999, -9999, -9999, -9999, -9999, -9999, -9999, -9999, -9999, 37, -9999, -9999, -9999, -9999, -9999, -9999, -9999, -9999, -9999, 83, -9999, -9999, -9999, -9999, -9999, -9999, -9999, -9999, -9999, -9999, -9999],
[-9999, -9999, 11, -9999, -9999, -9999, -9999, 57, -9999, -9999, -9999, -9999, 45, -9999, 76, -9999, -9999, -9999, 58, 52, -9999, -9999, 35, 72, -9999, -9999, -9999, -9999, -9999, -9999, 28, -9999, -9999, 4, 4, 96, 75, -9999, 51, 71, 20, 16, -9999, -9999, 2, -9999, 18, -9999, -9999, -9999, -9999, 8, -9999, 56, -9999, -9999, -9999, 23, -9999, -9999, 38, -9999, 30, -9999, -9999, -9999, -9999, -9999, -9999, -9999, 22, -9999, -9999, 57, -9999, -9999, -9999, 2, 59, -9999, -9999, 29, 43, -9999, -9999, 50, -9999, 55, 91, 85, -9999, -9999, 67, -9999, -9999, -9999, 88, -9999, 34, -9999],
[-9999, -9999, -9999, -9999, -9999, -9999, -9999, 54, -9999, -9999, -9999, -9999, -9999, -9999, -9999, -9999, -9999, -9999, -9999, -9999, -9999, -9999, -9999, -9999, -9999, -9999, -9999, -9999, -9999, -9999, -9999, -9999, -9999, -9999, -9999, -9999, -9999, -9999, -9999, -9999, -9999, -9999, -9999, -9999, -9999, -9999, -9999, -9999, -9999, -9999, -9999, -9999, -9999, -9999, -9999, -9999, -9999, -9999, -9999, -9999, 35, -9999, -9999, -9999, -9999, -9999, -9999, -9999, -9999, -9999, -9999, -9999, -9999, -9999, -9999, -9999, -9999, -9999, 84, -9999, -9999, -9999, -9999, -9999, -9999, -9999, -9999, -9999, 50, -9999, -9999, -9999, -9999, -9999, 23, -9999, -9999, -9999, -9999, -9999],
[-9999, -9999, -9999, -9999, -9999, -9999, -9999, 29, -9999, -9999, -9999, -9999, -9999, -9999, -9999, -9999, -9999, -9999, -9999, -9999, -9999, -9999, -9999, -9999, -9999, -9999, -9999, -9999, -9999, -9999, -9999, -9999, -9999, -9999, -9999, -9999, -9999, -9999, -9999, -9999, -9999, -9999, -9999, -9999, -9999, -9999, -9999, -9999, -9999, -9999, -9999, -9999, -9999, -9999, -9999, -9999, -9999, -9999, -9999, -9999, 41, 96, -9999, -9999, -9999, -9999, -9999, -9999, -9999, -9999, -9999, -9999, -9999, -9999, -9999, -9999, -9999, -9999, -9999, -9999, -9999, -9999, -9999, -9999, -9999, -9999, -9999, -9999, 34, -9999, -9999, -9999, -9999, -9999, -9999, -9999, -9999, -9999, -9999, -9999],
[-9999, -9999, 85, 26, -9999, -9999, 30, 89, 39, -9999, -9999, -9999, -9999, -9999, 88, -9999, -9999, -9999, 64, 83, -9999, -9999, 31, -9999, -9999, -9999, -9999, -9999, -9999, -9999, 90, -9999, -9999, 40, 96, 16, -9999, -9999, 98, 16, -9999, -9999, -9999, -9999, 73, 28, 94, -9999, -9999, -9999, -9999, 15, -9999, 18, -9999, -9999, -9999, -9999, -9999, -9999, 6, -9999, -9999, -9999, -9999, 4, -9999, -9999, 61, 8, 14, 20, 47, -9999, -9999, -9999, -9999, 52, 58, -9999, -9999, 80, 26, 34, 34, -9999, -9999, 8, 75, -9999, -9999, -9999, 58, 87, -9999, -9999, 48, 61, 67, 33],
[-9999, -9999, -9999, -9999, -9999, -9999, -9999, -9999, 59, -9999, -9999, -9999, -9999, -9999, -9999, -9999, -9999, -9999, -9999, -9999, -9999, 31, -9999, -9999, -9999, -9999, -9999, -9999, -9999, -9999, 64, -9999, -9999, -9999, -9999, 29, -9999, -9999, 47, -9999, -9999, -9999, -9999, -9999, -9999, 64, -9999, -9999, -9999, -9999, -9999, -9999, -9999, -9999, -9999, -9999, -9999, -9999, -9999, -9999, -9999, -9999, -9999, -9999, -9999, -9999, -9999, -9999, -9999, -9999, 71, -9999, -9999, -9999, -9999, -9999, 48, -9999, -9999, -9999, -9999, -9999, -9999, -9999, -9999, -9999, -9999, 68, -9999, 29, -9999, -9999, -9999, -9999, -9999, -9999, -9999, -9999, 72, -9999],
[17, -9999, 64, -9999, -9999, -9999, -9999, 90, -9999, -9999, 8, -9999, 26, -9999, 16, -9999, -9999, -9999, -9999, -9999, -9999, 7, 47, -9999, 24, -9999, -9999, -9999, -9999, 31, 73, 95, 10, -9999, 72, 83, -9999, -9999, 88, 72, -9999, 97, -9999, 49, -9999, 91, 93, -9999, -9999, -9999, -9999, -9999, -9999, 17, 28, -9999, -9999, -9999, -9999, -9999, -9999, -9999, -9999, -9999, -9999, -9999, -9999, -9999, -9999, -9999, 68, 24, 69, -9999, -9999, -9999, -9999, 14, 79, 88, -9999, -9999, 79, -9999, 76, 34, -9999, 85, 95, -9999, 38, -9999, 80, 53, 42, -9999, 56, -9999, 83, -9999],
[-9999, -9999, -9999, -9999, -9999, -9999, -9999, -9999, 34, -9999, 28, -9999, -9999, -9999, 77, -9999, -9999, -9999, -9999, -9999, 75, -9999, -9999, -9999, -9999, 62, -9999, -9999, -9999, -9999, -9999, -9999, -9999, -9999, -9999, 90, -9999, -9999, 27, -9999, -9999, -9999, 96, -9999, -9999, -9999, -9999, -9999, -9999, -9999, -9999, -9999, -9999, -9999, -9999, -9999, -9999, 98, 16, -9999, 26, -9999, -9999, -9999, -9999, -9999, -9999, -9999, -9999, -9999, 31, 83, -9999, -9999, -9999, -9999, -9999, -9999, -9999, -9999, -9999, -9999, -9999, -9999, -9999, -9999, -9999, 83, -9999, 37, -9999, -9999, -9999, -9999, -9999, -9999, -9999, -9999, -9999, -9999],
[76, 67, 62, -9999, -9999, -9999, -9999, -9999, 26, -9999, 50, 68, -9999, -9999, 83, -9999, -9999, 31, 60, 94, -9999, -9999, 65, 2, -9999, 8, 13, -9999, 90, 66, 27, 18, 3, 45, -9999, 14, -9999, -9999, -9999, -9999, 53, -9999, 71, 86, -9999, 69, 23, 82, 80, -9999, -9999, -9999, -9999, -9999, 84, 33, -9999, -9999, 88, -9999, -9999, 85, 18, 99, -9999, -9999, 39, -9999, 73, -9999, 10, -9999, -9999, -9999, 49, -9999, -9999, 77, 63, 56, -9999, 33, -9999, -9999, 63, 26, -9999, 75, 4, 83, 75, 16, 50, -9999, -9999, 74, -9999, 7, -9999, -9999],
[-9999, -9999, -9999, -9999, -9999, -9999, 41, 76, -9999, -9999, 20, -9999, -9999, -9999, 35, -9999, -9999, -9999, 42, 4, -9999, 2, 70, -9999, 29, -9999, -9999, -9999, -9999, 98, 86, -9999, -9999, -9999, 10, -9999, 73, -9999, 34, 50, -9999, -9999, -9999, -9999, 25, 96, 98, -9999, -9999, -9999, -9999, 88, -9999, 56, -9999, -9999, -9999, 5, -9999, -9999, 10, -9999, 31, -9999, -9999, -9999, -9999, -9999, 45, -9999, 3, 38, -9999, -9999, -9999, -9999, -9999, 52, 52, -9999, -9999, 91, -9999, 43, -9999, 69, -9999, 47, 69, 49, -9999, -9999, 32, 64, -9999, -9999, -9999, -9999, 36, 41],
[-9999, -9999, -9999, 92, -9999, -9999, 20, -9999, -9999, -9999, 89, -9999, 81, -9999, 54, -9999, -9999, -9999, 62, 59, -9999, 69, 93, -9999, -9999, -9999, -9999, -9999, -9999, 26, -9999, 24, 85, 54, 87, 67, -9999, -9999, -9999, -9999, -9999, -9999, -9999, 95, -9999, -9999, -9999, -9999, -9999, -9999, -9999, 53, -9999, -9999, -9999, -9999, -9999, 37, -9999, -9999, 4, -9999, 93, -9999, -9999, -9999, -9999, -9999, -9999, -9999, 87, -9999, 47, -9999, -9999, -9999, -9999, 54, 10, 53, -9999, 38, 99, 24, 80, -9999, -9999, 78, 70, -9999, -9999, -9999, 22, 31, -9999, -9999, 11, 71, 14, 54],
[41, -9999, -9999, -9999, -9999, -9999, -9999, -9999, 49, -9999, 77, -9999, -9999, -9999, 87, -9999, 95, -9999, 43, -9999, -9999, 45, 22, -9999, 96, -9999, -9999, -9999, -9999, 52, 62, 10, 61, 17, -9999, -9999, -9999, -9999, -9999, -9999, -9999, -9999, -9999, 49, 54, 15, -9999, -9999, -9999, -9999, -9999, -9999, -9999, -9999, 68, -9999, -9999, 85, -9999, -9999, -9999, -9999, -9999, -9999, -9999, -9999, -9999, -9999, 73, -9999, 52, 28, 99, -9999, -9999, -9999, -9999, -9999, 52, 1, -9999, -9999, -9999, -9999, 2, -9999, -9999, 84, 34, 35, 44, -9999, 91, 47, -9999, -9999, 96, 56, -9999, 70],
[-9999, 12, -9999, -9999, 59, -9999, -9999, -9999, 89, -9999, -9999, -9999, -9999, -9999, 77, -9999, -9999, -9999, -9999, -9999, 54, -9999, -9999, -9999, -9999, 26, -9999, -9999, -9999, -9999, -9999, -9999, -9999, -9999, 10, 50, -9999, 11, -9999, -9999, -9999, -9999, -9999, -9999, -9999, 35, -9999, -9999, 14, -9999, -9999, -9999, -9999, -9999, -9999, -9999, -9999, -9999, -9999, -9999, 33, -9999, -9999, -9999, -9999, 46, -9999, -9999, -9999, -9999, 96, -9999, 96, -9999, -9999, -9999, 62, -9999, -9999, -9999, 89, -9999, -9999, -9999, -9999, -9999, -9999, -9999, -9999, -9999, -9999, -9999, -9999, 24, 50, -9999, -9999, -9999, -9999, -9999],
[-9999, -9999, 4, 23, 92, 59, 35, -9999, 40, -9999, 21, -9999, 25, -9999, -9999, -9999, 28, -9999, 23, 46, -9999, 33, 55, -9999, -9999, -9999, -9999, -9999, -9999, -9999, 84, 86, 37, 50, 82, -9999, -9999, -9999, 77, 54, -9999, -9999, -9999, -9999, -9999, 39, 61, -9999, -9999, -9999, -9999, 99, -9999, -9999, 74, -9999, -9999, -9999, -9999, -9999, 89, -9999, 82, -9999, -9999, 24, -9999, -9999, 25, -9999, 32, -9999, 40, -9999, -9999, -9999, -9999, 42, 26, 10, -9999, 17, 19, 81, 39, -9999, -9999, 35, -9999, -9999, 47, -9999, 67, 35, 90, -9999, 7, -9999, 30, 46],
[-9999, 51, -9999, -9999, -9999, -9999, -9999, -9999, -9999, -9999, 61, -9999, -9999, -9999, 12, -9999, -9999, -9999, -9999, -9999, -9999, 55, -9999, -9999, -9999, 68, -9999, -9999, -9999, -9999, -9999, -9999, -9999, -9999, 20, 54, -9999, 50, -9999, -9999, -9999, -9999, 68, -9999, -9999, -9999, -9999, -9999, 55, -9999, -9999, -9999, -9999, -9999, -9999, -9999, -9999, 30, 2, -9999, -9999, -9999, -9999, -9999, -9999, -9999, -9999, -9999, 9, -9999, 55, -9999, 21, -9999, -9999, -9999, -9999, -9999, -9999, -9999, 92, -9999, -9999, -9999, -9999, -9999, -9999, 37, -9999, -9999, -9999, -9999, -9999, 92, -9999, -9999, -9999, -9999, 79, -9999],
[18, -9999, -9999, 60, -9999, -9999, -9999, 87, -9999, -9999, 43, -9999, 51, -9999, -9999, -9999, -9999, -9999, -9999, -9999, -9999, 3, 39, -9999, 52, -9999, -9999, -9999, -9999, -9999, 68, -9999, -9999, 71, -9999, 66, 91, -9999, -9999, 46, -9999, -9999, -9999, 81, 73, 29, 66, -9999, -9999, -9999, -9999, -9999, -9999, 47, -9999, -9999, -9999, 5, -9999, -9999, 100, -9999, 97, -9999, -9999, 1, -9999, -9999, 37, -9999, 39, 10, -9999, -9999, -9999, -9999, -9999, 100, 42, -9999, -9999, -9999, -9999, 36, 80, 91, -9999, 94, 92, 83, -9999, -9999, 20, -9999, 39, -9999, 79, -9999, 11, 71],
[-9999, -9999, -9999, -9999, -9999, -9999, -9999, 16, -9999, -9999, -9999, -9999, -9999, 42, -9999, -9999, -9999, -9999, -9999, -9999, -9999, -9999, -9999, -9999, -9999, -9999, -9999, -9999, -9999, -9999, -9999, -9999, -9999, -9999, -9999, -9999, -9999, -9999, -9999, -9999, -9999, -9999, -9999, -9999, -9999, -9999, -9999, -9999, -9999, -9999, -9999, -9999, -9999, -9999, -9999, -9999, -9999, -9999, -9999, -9999, 98, -9999, -9999, -9999, -9999, -9999, -9999, -9999, -9999, -9999, -9999, -9999, -9999, -9999, -9999, -9999, 61, -9999, 22, -9999, -9999, -9999, -9999, -9999, -9999, -9999, -9999, -9999, 78, -9999, -9999, -9999, -9999, -9999, -9999, -9999, -9999, 82, -9999, -9999],
[-9999, -9999, -9999, -9999, -9999, -9999, -9999, -9999, 1, -9999, -9999, -9999, -9999, -9999, 38, -9999, -9999, -9999, -9999, -9999, -9999, 60, -9999, -9999, -9999, -9999, -9999, -9999, -9999, -9999, -9999, -9999, -9999, -9999, 36, 46, -9999, -9999, 57, -9999, -9999, -9999, -9999, -9999, -9999, 29, -9999, -9999, -9999, -9999, -9999, -9999, -9999, -9999, -9999, -9999, -9999, 25, -9999, -9999, 19, -9999, -9999, -9999, -9999, -9999, -9999, -9999, 38, -9999, 86, -9999, 37, -9999, -9999, -9999, -9999, -9999, -9999, -9999, -9999, -9999, -9999, -9999, -9999, -9999, -9999, 98, -9999, 59, -9999, -9999, -9999, -9999, -9999, -9999, -9999, -9999, -9999, -9999],
[-9999, 19, -9999, -9999, -9999, -9999, -9999, -9999, -9999, -9999, 100, -9999, -9999, -9999, 1, -9999, -9999, -9999, -9999, -9999, -9999, -9999, -9999, -9999, -9999, -9999, -9999, -9999, -9999, -9999, 52, -9999, -9999, -9999, -9999, 48, -9999, -9999, 42, -9999, -9999, -9999, 21, -9999, -9999, -9999, -9999, -9999, -9999, -9999, -9999, -9999, -9999, -9999, -9999, -9999, -9999, -9999, 87, -9999, 48, -9999, -9999, 43, -9999, 95, -9999, -9999, 84, -9999, 5, 98, -9999, -9999, -9999, -9999, -9999, -9999, -9999, -9999, -9999, -9999, -9999, -9999, -9999, -9999, -9999, 67, -9999, 7, -9999, -9999, -9999, -9999, -9999, -9999, -9999, -9999, -9999, -9999],
[-9999, 34, -9999, -9999, -9999, -9999, -9999, -9999, 94, -9999, 40, -9999, -9999, -9999, -9999, -9999, -9999, -9999, -9999, -9999, -9999, 66, -9999, -9999, -9999, 96, -9999, -9999, -9999, -9999, 10, -9999, -9999, -9999, -9999, -9999, -9999, 64, -9999, -9999, -9999, -9999, 100, -9999, -9999, 33, -9999, -9999, -9999, 5, -9999, -9999, -9999, -9999, -9999, -9999, -9999, -9999, -9999, -9999, 32, -9999, -9999, -9999, -9999, -9999, -9999, -9999, 83, -9999, 89, -9999, 14, -9999, -9999, -9999, -9999, -9999, -9999, -9999, -9999, -9999, -9999, -9999, -9999, -9999, -9999, 89, -9999, -9999, -9999, -9999, -9999, 26, -9999, -9999, -9999, -9999, -9999, -9999],
[78, -9999, -9999, -9999, -9999, -9999, 20, 18, 16, -9999, -9999, -9999, 11, -9999, 70, -9999, -9999, -9999, 39, 55, -9999, 72, 21, -9999, 3, -9999, -9999, -9999, -9999, 34, 79, -9999, -9999, -9999, 55, 76, -9999, -9999, -9999, 92, 76, -9999, -9999, 18, 5, 18, -9999, -9999, -9999, -9999, -9999, -9999, -9999, -9999, 49, -9999, -9999, 27, -9999, -9999, -9999, -9999, -9999, -9999, 44, 36, -9999, -9999, -9999, 24, 48, 17, -9999, 74, -9999, -9999, -9999, 36, 66, 69, -9999, -9999, -9999, 39, 17, 95, -9999, 57, 7, 10, -9999, -9999, 6, 79, -9999, -9999, -9999, 95, 47, -9999],
[-9999, -9999, -9999, -9999, -9999, -9999, -9999, -9999, -9999, -9999, -9999, -9999, -9999, -9999, 88, -9999, -9999, -9999, -9999, -9999, -9999, 39, -9999, 31, -9999, -9999, -9999, -9999, -9999, -9999, 17, -9999, -9999, -9999, 89, -9999, -9999, -9999, 14, -9999, -9999, -9999, -9999, -9999, -9999, 41, -9999, -9999, -9999, -9999, -9999, -9999, -9999, -9999, -9999, -9999, -9999, -9999, -9999, -9999, 31, -9999, -9999, -9999, -9999, -9999, -9999, -9999, -9999, -9999, 59, 84, -9999, -9999, -9999, -9999, 48, -9999, -9999, -9999, -9999, -9999, -9999, -9999, -9999, -9999, -9999, 21, -9999, -9999, -9999, -9999, -9999, -9999, -9999, -9999, -9999, -9999, 62, -9999],
[19, 88, 28, -9999, -9999, 63, -9999, 13, 12, 92, 44, 88, 26, -9999, 49, -9999, -9999, 28, -9999, 24, -9999, -9999, 95, -9999, 61, -9999, 94, -9999, 70, 13, 23, 83, -9999, 61, 95, 13, -9999, 23, -9999, 2, 75, 70, 27, -9999, -9999, 1, 25, 55, 78, -9999, 46, 40, -9999, -9999, 9, -9999, 6, -9999, -9999, -9999, -9999, -9999, -9999, 84, -9999, 33, 96, 47, -9999, -9999, 19, 92, -9999, -9999, 67, 31, -9999, -9999, 19, -9999, -9999, -9999, 82, 3, -9999, -9999, -9999, 68, 13, -9999, -9999, -9999, 40, 10, -9999, 33, 94, -9999, -9999, 4],
[56, -9999, -9999, 23, -9999, -9999, -9999, 78, -9999, -9999, -9999, -9999, -9999, -9999, 72, -9999, 63, -9999, 13, 83, -9999, 70, 82, -9999, -9999, -9999, -9999, -9999, -9999, 96, 89, 14, 65, 24, -9999, 4, 72, -9999, -9999, -9999, 84, 49, -9999, -9999, -9999, 48, -9999, -9999, -9999, -9999, -9999, 51, -9999, -9999, 44, -9999, -9999, 92, -9999, -9999, 13, -9999, -9999, -9999, -9999, -9999, -9999, -9999, -9999, -9999, 24, 77, 30, -9999, -9999, -9999, -9999, -9999, 82, 11, -9999, 63, 23, -9999, 23, 36, -9999, 21, 68, 66, -9999, -9999, 8, -9999, -9999, -9999, 41, 56, -9999, -9999],
[62, -9999, -9999, -9999, -9999, -9999, 93, -9999, 56, -9999, 19, -9999, -9999, 94, 89, -9999, -9999, -9999, -9999, 52, -9999, 77, 50, -9999, -9999, -9999, -9999, -9999, -9999, 13, -9999, 3, 42, 24, -9999, 66, -9999, -9999, 40, 65, -9999, 33, -9999, 82, 69, 59, -9999, -9999, -9999, -9999, -9999, 67, -9999, -9999, -9999, -9999, -9999, -9999, -9999, -9999, -9999, -9999, -9999, -9999, -9999, -9999, -9999, -9999, -9999, 2, 26, -9999, 55, -9999, -9999, -9999, -9999, 34, 66, 40, -9999, -9999, -9999, 68, 4, 17, -9999, 58, 18, -9999, -9999, -9999, 25, 61, -9999, -9999, -9999, -9999, 63, -9999]
];
