NbNodes = 100;
NbNDDs = 0;
NbPairs = 100;
NbTerminals = 0;
K = 0;
L = 102;
Wt = [
[-9999, 84, -9999, 83, 63, -9999, -9999, -9999, -9999, -9999, 50, -9999, 5, 11, -9999, -9999, 2, -9999, 77, -9999, 20, -9999, -9999, -9999, 53, -9999, 36, 76, -9999, 2, -9999, -9999, -9999, 5, -9999, 10, -9999, 19, 59, 23, -9999, -9999, -9999, -9999, -9999, -9999, -9999, -9999, 91, -9999, -9999, -9999, -9999, -9999, -9999, -9999, -9999, -9999, 84, -9999, -9999, -9999, -9999, -9999, 90, 84, 20, -9999, 5, -9999, 84, 98, 27, -9999, -9999, -9999, 54, -9999, 18, -9999, -9999, -9999, -9999, -9999, 33, -9999, -9999, -9999, 92, 69, 94, 3, -9999, 65, -9999, 19, -9999, -9999, -9999, -9999],
[10, -9999, -9999, -9999, -9999, -9999, -9999, 90, -9999, -9999, -9999, -9999, -9999, 44, -9999, 85, -9999, 34, 78, -9999, -9999, -9999, -9999, 76, 61, -9999, -9999, 8, 76, 67, -9999, -9999, 13, 57, -9999, 87, 54, 22, -9999, -9999, -9999, 46, 86, 95, -9999, -9999, 74, 74, 31, -9999, 18, -9999, -9999, 2, -9999, 93, -9999, -9999, 88, 57, 31, -9999, -9999, -9999, -9999, -9999, 80, -9999, 24, 23, 99, -9999, -9999, -9999, -9999, -9999, 80, 82, 14, -9999, 36, -9999, 19, -9999, -9999, -9999, -9999, 82, 52, 3, 44, 63, 32, -9999, -9999, 72, -9999, -9999, 68, -9999],
[-9999, -9999, -9999, -9999, -9999, -9999, -9999, 87, -9999, -9999, -9999, -9999, 93, -9999, -9999, -9999, -9999, -9999, -9999, -9999, 84, -9999, -9999, -9999, 99, -9999, -9999, -9999, -9999, -9999, -9999, -9999, 46, -9999, -9999, -9999, 68, -9999, -9999, -9999, -9999, -9999, -9999, -9999, -9999, -9999, 100, -9999, 13, -9999, -9999, -9999, -9999, -9999, -9999, -9999, -9999, -9999, 40, -9999, -9999, -9999, -9999, -9999, 63, -9999, 86, 90, 36, 37, 75, -9999, -9999, -9999, -9999, -9999, 17, -9999, -9999, -9999, -9999, -9999, 10, -9999, -9999, -9999, -9999, -9999, -9999, -9999, -9999, -9999, -9999, -9999, -9999, -9999, -9999, -9999, -9999, -9999],
[-9999, 45, -9999, -9999, -9999, -9999, -9999, 37, -9999, -9999, 62, -9999, -9999, -9999, -9999, 39, 83, -9999, -9999, -9999, 6, -9999, -9999, -9999, -9999, -9999, -9999, -9999, -9999, 58, -9999, -9999, -9999, -9999, -9999, -9999, 76, -9999, -9999, -9999, -9999, -9999, -9999, -9999, -9999, -9999, 61, -9999, 78, -9999, -9999, -9999, -9999, -9999, -9999, -9999, -9999, -9999, 88, -9999, -9999, -9999, -9999, -9999, -9999, -9999, 82, 46, -9999, -9999, 99, -9999, -9999, -9999, -9999, -9999, 35, -9999, -9999, -9999, -9999, -9999, -9999, -9999, -9999, -9999, 92, -9999, -9999, -9999, -9999, -9999, -9999, -9999, -9999, -9999, -9999, -9999, -9999, -9999],
[35, -9999, -9999, -9999, -9999, -9999, -9999, 50, -9999, 11, 81, -9999, 30, 31, 26, -9999, 93, -9999, 17, -9999, 4, 23, -9999, -9999, 27, -9999, 72, -9999, 16, 42, -9999, -9999, -9999, 42, -9999, 76, 2, 71, 1, -9999, -9999, 77, -9999, 41, -9999, -9999, 15, -9999, 55, 82, 59, -9999, -9999, 9, -9999, 79, -9999, 68, 44, -9999, -9999, -9999, 79, 13, 85, 29, 76, 18, -9999, 66, 43, -9999, 17, 23, 96, -9999, 17, 25, 92, 7, 55, -9999, 59, -9999, -9999, 21, 51, 99, 40, -9999, 12, 65, -9999, -9999, -9999, 99, 79, 73, -9999, -9999],
[-9999, 58, -9999, -9999, -9999, -9999, -9999, 96, -9999, 75, 38, -9999, 31, -9999, -9999, -9999, 90, -9999, 81, 53, 1, -9999, -9999, -9999, -9999, -9999, -9999, -9999, -9999, 10, -9999, -9999, 18, -9999, -9999, -9999, -9999, -9999, -9999, -9999, -9999, -9999, -9999, -9999, -9999, -9999, 6, -9999, 43, -9999, -9999, -9999, -9999, -9999, -9999, -9999, -9999, -9999, 32, -9999, 3, -9999, -9999, -9999, 68, -9999, 4, 75, -9999, 1, 59, -9999, -9999, 19, -9999, -9999, 26, -9999, -9999, 11, -9999, 77, 63, -9999, -9999, 73, 57, -9999, -9999, -9999, -9999, -9999, 24, -9999, -9999, -9999, -9999, -9999, -9999, -9999],
[-9999, -9999, -9999, -9999, -9999, -9999, -9999, 10, -9999, -9999, 80, -9999, 89, -9999, -9999, 19, 56, -9999, 59, -9999, 35, -9999, -9999, -9999, 48, -9999, -9999, -9999, -9999, 18, -9999, -9999, -9999, -9999, -9999, -9999, -9999, -9999, -9999, -9999, -9999, -9999, -9999, -9999, -9999, -9999, -9999, -9999, 8, -9999, -9999, -9999, -9999, -9999, -9999, -9999, -9999, -9999, 98, -9999, 85, -9999, -9999, -9999, 84, -9999, 75, 3, -9999, 60, -9999, -9999, -9999, -9999, -9999, -9999, 63, -9999, -9999, -9999, -9999, -9999, 84, -9999, -9999, -9999, -9999, -9999, -9999, -9999, -9999, -9999, -9999, -9999, -9999, -9999, -9999, -9999, -9999, -9999],
[-9999, -9999, -9999, -9999, -9999, -9999, -9999, -9999, -9999, -9999, -9999, -9999, -9999, -9999, -9999, -9999, -9999, -9999, 4, -9999, -9999, 70, -9999, -9999, -9999, -9999, -9999, 83, -9999, -9999, -9999, -9999, -9999, -9999, -9999, -9999, -9999, -9999, 28, -9999, -9999, -9999, -9999, -9999, -9999, -9999, -9999, -9999, -9999, -9999, -9999, -9999, -9999, -9999, -9999, -9999, -9999, -9999, -9999, -9999, -9999, -9999, -9999, -9999, -9999, -9999, -9999, 44, -9999, -9999, -9999, -9999, -9999, 99, -9999, -9999, -9999, -9999, -9999, -9999, -9999, -9999, -9999, -9999, -9999, -9999, -9999, -9999, 68, -9999, -9999, -9999, -9999, -9999, -9999, -9999, -9999, -9999, -9999, -9999],
[63, 93, -9999, 76, -9999, -9999, -9999, -9999, -9999, -9999, 81, 79, -9999, 25, 70, 25, 7, 52, 32, 26, 58, 42, -9999, 32, 14, -9999, -9999, 20, 81, 84, 66, -9999, 25, -9999, 27, 19, 1, -9999, 89, -9999, -9999, 27, 94, 29, 33, -9999, 92, -9999, 29, 61, -9999, -9999, 9, 57, 89, -9999, 2, -9999, 24, 21, 60, 38, 56, -9999, 75, -9999, 67, 78, 85, 90, 8, -9999, 30, -9999, -9999, -9999, 3, 75, 50, 35, 81, 39, 39, -9999, -9999, 74, -9999, 7, 9, 30, 78, 56, -9999, -9999, 18, 20, 53, 49, -9999, -9999],
[-9999, 59, -9999, -9999, -9999, -9999, -9999, 1, -9999, -9999, -9999, -9999, 74, -9999, -9999, 27, 54, -9999, 80, -9999, 57, -9999, -9999, -9999, -9999, -9999, -9999, -9999, -9999, 75, -9999, -9999, 65, -9999, -9999, -9999, 3, -9999, -9999, -9999, -9999, -9999, -9999, -9999, -9999, -9999, -9999, -9999, 30, -9999, -9999, -9999, -9999, -9999, -9999, -9999, -9999, -9999, 57, -9999, 4, -9999, -9999, -9999, 21, -9999, 20, 17, -9999, -9999, 84, -9999, -9999, -9999, -9999, -9999, 97, -9999, -9999, -9999, -9999, -9999, 13, -9999, -9999, -9999, -9999, -9999, -9999, -9999, -9999, -9999, -9999, -9999, -9999, -9999, -9999, -9999, -9999, -9999],
[-9999, -9999, -9999, -9999, -9999, -9999, -9999, -9999, -9999, -9999, -9999, -9999, -9999, -9999, -9999, -9999, -9999, -9999, -9999, -9999, -9999, -9999, -9999, -9999, -9999, -9999, -9999, -9999, -9999, -9999, -9999, -9999, -9999, -9999, -9999, -9999, -9999, -9999, -9999, -9999, -9999, -9999, -9999, -9999, -9999, -9999, -9999, -9999, -9999, -9999, -9999, -9999, -9999, -9999, -9999, -9999, -9999, -9999, -9999, -9999, -9999, -9999, -9999, -9999, -9999, -9999, -9999, 84, -9999, -9999, -9999, -9999, -9999, -9999, -9999, -9999, -9999, -9999, -9999, -9999, -9999, -9999, -9999, -9999, -9999, -9999, -9999, -9999, -9999, -9999, -9999, -9999, -9999, -9999, -9999, -9999, -9999, -9999, -9999, -9999],
[-9999, -9999, -9999, -9999, -9999, -9999, -9999, -9999, -9999, -9999, -9999, -9999, -9999, -9999, -9999, -9999, -9999, -9999, 67, -9999, -9999, -9999, -9999, -9999, -9999, -9999, -9999, -9999, -9999, -9999, -9999, -9999, -9999, -9999, -9999, -9999, -9999, -9999, -9999, -9999, -9999, -9999, -9999, -9999, -9999, -9999, -9999, -9999, -9999, -9999, -9999, -9999, -9999, -9999, -9999, -9999, -9999, -9999, -9999, -9999, -9999, -9999, -9999, -9999, -9999, -9999, -9999, 74, -9999, -9999, -9999, -9999, -9999, 47, -9999, -9999, -9999, -9999, -9999, -9999, -9999, -9999, -9999, -9999, -9999, -9999, -9999, -9999, -9999, -9999, -9999, -9999, -9999, -9999, -9999, -9999, -9999, -9999, -9999, -9999],
[-9999, -9999, -9999, -9999, -9999, -9999, -9999, -9999, -9999, -9999, -9999, -9999, -9999, -9999, -9999, -9999, -9999, -9999, 67, -9999, -9999, -9999, -9999, -9999, -9999, -9999, -9999, -9999, -9999, -9999, -9999, -9999, -9999, -9999, -9999, -9999, -9999, -9999, -9999, -9999, -9999, -9999, -9999, -9999, -9999, -9999, -9999, -9999, -9999, -9999, -9999, -9999, -9999, -9999, -9999, -9999, -9999, -9999, -9999, -9999, -9999, -9999, -9999, -9999, -9999, -9999, -9999, 27, -9999, -9999, -9999, -9999, -9999, -9999, -9999, -9999, -9999, -9999, -9999, -9999, -9999, -9999, -9999, -9999, -9999, -9999, -9999, -9999, -9999, -9999, -9999, -9999, -9999, -9999, -9999, -9999, -9999, -9999, -9999, -9999],
[46, 97, -9999, 83, -9999, -9999, -9999, 1, 8, -9999, 12, -9999, -9999, -9999, -9999, 50, -9999, -9999, 76, -9999, -9999, -9999, -9999, 66, 1, -9999, 5, -9999, 83, 4, 100, -9999, 42, 71, -9999, 34, 90, -9999, -9999, -9999, -9999, 84, -9999, -9999, -9999, -9999, 7, -9999, 64, -9999, 84, -9999, 4, 96, -9999, -9999, 36, -9999, 4, 41, -9999, 2, -9999, -9999, 67, -9999, 94, -9999, 11, -9999, -9999, 69, 2, -9999, -9999, -9999, 62, 46, -9999, -9999, -9999, -9999, 100, -9999, -9999, -9999, -9999, -9999, -9999, -9999, -9999, 83, -9999, -9999, -9999, 26, -9999, -9999, 42, -9999],
[-9999, -9999, -9999, -9999, -9999, -9999, -9999, -9999, -9999, -9999, -9999, -9999, -9999, -9999, -9999, -9999, -9999, -9999, -9999, -9999, -9999, -9999, -9999, -9999, -9999, -9999, -9999, 95, -9999, -9999, -9999, -9999, -9999, -9999, -9999, -9999, -9999, -9999, 62, -9999, -9999, -9999, -9999, -9999, -9999, -9999, -9999, -9999, -9999, -9999, -9999, -9999, -9999, -9999, -9999, -9999, -9999, -9999, -9999, -9999, -9999, -9999, -9999, -9999, -9999, -9999, -9999, 87, -9999, -9999, -9999, -9999, -9999, -9999, -9999, -9999, -9999, -9999, 47, -9999, -9999, -9999, -9999, -9999, -9999, -9999, -9999, -9999, -9999, -9999, -9999, -9999, -9999, -9999, -9999, -9999, -9999, -9999, -9999, -9999],
[-9999, -9999, -9999, -9999, -9999, -9999, -9999, 14, -9999, -9999, 59, -9999, 90, -9999, -9999, -9999, -9999, -9999, 24, -9999, 4, -9999, -9999, -9999, -9999, -9999, -9999, -9999, -9999, -9999, -9999, -9999, -9999, -9999, -9999, -9999, 81, -9999, -9999, -9999, -9999, -9999, -9999, -9999, -9999, -9999, -9999, -9999, 95, -9999, -9999, -9999, -9999, -9999, -9999, -9999, -9999, -9999, 94, -9999, 9, -9999, -9999, -9999, 43, -9999, 61, -9999, 23, 99, 90, -9999, -9999, -9999, -9999, -9999, 30, -9999, -9999, -9999, -9999, -9999, 2, -9999, -9999, -9999, -9999, -9999, -9999, -9999, -9999, -9999, 91, -9999, -9999, -9999, -9999, -9999, -9999, -9999],
[-9999, 86, -9999, -9999, -9999, -9999, -9999, 93, -9999, -9999, 46, -9999, 88, -9999, -9999, 6, -9999, -9999, 14, -9999, 52, -9999, -9999, -9999, 44, -9999, -9999, -9999, -9999, -9999, -9999, -9999, 49, -9999, -9999, -9999, -9999, -9999, -9999, -9999, -9999, -9999, -9999, -9999, -9999, -9999, -9999, -9999, 46, -9999, -9999, -9999, -9999, -9999, -9999, -9999, -9999, -9999, 17, -9999, 67, -9999, -9999, -9999, -9999, -9999, 58, 40, 26, 37, 84, -9999, -9999, -9999, -9999, -9999, 10, -9999, -9999, -9999, -9999, -9999, 3, -9999, -9999, -9999, 29, -9999, -9999, -9999, -9999, -9999, -9999, -9999, -9999, -9999, -9999, -9999, -9999, -9999],
[-9999, -9999, 74, -9999, -9999, -9999, -9999, -9999, -9999, -9999, -9999, -9999, 2, -9999, -9999, 75, -9999, -9999, -9999, -9999, 26, -9999, -9999, -9999, 74, -9999, -9999, -9999, -9999, -9999, -9999, -9999, -9999, -9999, -9999, -9999, -9999, -9999, -9999, -9999, -9999, -9999, -9999, -9999, -9999, -9999, 61, -9999, 18, -9999, -9999, -9999, -9999, -9999, -9999, -9999, -9999, -9999, 98, -9999, -9999, -9999, -9999, -9999, 59, -9999, 79, 53, 5, 14, -9999, -9999, -9999, -9999, -9999, -9999, 61, -9999, -9999, -9999, -9999, -9999, -9999, -9999, -9999, -9999, -9999, -9999, -9999, -9999, -9999, -9999, -9999, -9999, -9999, -9999, -9999, -9999, -9999, -9999],
[93, 23, -9999, -9999, -9999, 41, -9999, 87, -9999, -9999, 24, -9999, 14, 95, 61, -9999, 31, 48, -9999, 63, -9999, 98, -9999, -9999, -9999, -9999, 15, -9999, 98, -9999, -9999, -9999, -9999, 22, -9999, 29, -9999, 75, -9999, -9999, -9999, 65, 44, 72, 55, -9999, -9999, -9999, 84, -9999, 23, -9999, -9999, 39, 56, -9999, -9999, -9999, 25, 67, -9999, -9999, -9999, -9999, -9999, 67, 27, 10, -9999, 6, 8, -9999, 46, -9999, -9999, 43, 1, 21, -9999, 66, -9999, 34, -9999, -9999, -9999, -9999, -9999, -9999, -9999, 47, -9999, 63, -9999, -9999, 45, 2, 32, 23, -9999, -9999],
[6, 81, -9999, 13, 57, -9999, -9999, -9999, -9999, -9999, -9999, -9999, 52, 64, 96, 15, 46, -9999, -9999, -9999, -9999, -9999, 43, 48, -9999, -9999, 52, 96, 24, -9999, -9999, -9999, -9999, -9999, -9999, 85, 50, 46, 100, -9999, -9999, 82, 60, -9999, -9999, -9999, 19, -9999, 51, -9999, 26, -9999, -9999, 19, -9999, 99, -9999, -9999, 97, -9999, 56, 21, -9999, -9999, 44, -9999, 74, 55, 18, -9999, -9999, -9999, -9999, -9999, -9999, -9999, 89, 76, -9999, -9999, -9999, -9999, -9999, -9999, 12, -9999, -9999, 35, -9999, -9999, -9999, 77, -9999, 2, -9999, 29, 76, -9999, 9, -9999],
[-9999, 45, -9999, -9999, -9999, -9999, -9999, -9999, -9999, -9999, -9999, -9999, 62, -9999, -9999, -9999, 16, -9999, -9999, 14, -9999, -9999, -9999, -9999, 13, -9999, -9999, -9999, -9999, 52, -9999, -9999, 2, -9999, -9999, -9999, -9999, -9999, -9999, -9999, -9999, -9999, -9999, -9999, -9999, -9999, 25, -9999, 1, -9999, -9999, -9999, -9999, -9999, -9999, -9999, -9999, -9999, 32, -9999, 69, -9999, -9999, -9999, -9999, -9999, 20, 47, -9999, -9999, 18, -9999, -9999, -9999, -9999, -9999, 100, -9999, -9999, 5, -9999, -9999, -9999, -9999, -9999, -9999, -9999, -9999, -9999, -9999, -9999, -9999, 66, -9999, -9999, -9999, -9999, -9999, -9999, -9999],
[76, -9999, -9999, 64, -9999, -9999, -9999, -9999, -9999, -9999, 4, -9999, -9999, 76, 30, 85, -9999, -9999, 31, -9999, 50, -9999, -9999, -9999, 56, -9999, 10, -9999, 99, 95, -9999, -9999, -9999, 38, -9999, 48, 53, -9999, 41, -9999, -9999, 24, 9, -9999, -9999, -9999, -9999, -9999, 8, -9999, 83, -9999, -9999, -9999, -9999, -9999, -9999, -9999, 10, 35, -9999, -9999, -9999, -9999, -9999, 84, 61, 89, 49, -9999, 65, -9999, 80, -9999, -9999, -9999, 9, -9999, -9999, -9999, 6, -9999, 71, -9999, 36, -9999, -9999, -9999, 3, -9999, -9999, 36, -9999, -9999, -9999, -9999, 90, -9999, -9999, -9999],
[24, 82, 18, 89, -9999, -9999, -9999, 27, -9999, -9999, 48, -9999, 99, 29, 70, 84, 99, 70, 7, 20, -9999, -9999, -9999, 48, -9999, -9999, 9, 71, -9999, 74, -9999, -9999, -9999, 6, -9999, 43, -9999, -9999, -9999, -9999, -9999, -9999, -9999, 26, -9999, -9999, 81, -9999, 91, 94, 46, -9999, -9999, -9999, 7, -9999, 19, -9999, 3, -9999, -9999, -9999, 75, -9999, 59, -9999, 57, 76, -9999, 89, 48, 13, 9, 75, 1, 54, 16, 56, 70, 12, -9999, 39, -9999, -9999, -9999, -9999, -9999, -9999, 38, -9999, 62, 95, -9999, -9999, -9999, -9999, 58, -9999, -9999, -9999],
[-9999, -9999, -9999, -9999, -9999, -9999, -9999, -9999, -9999, 74, -9999, -9999, 68, 43, -9999, 64, 2, 75, -9999, 89, 48, 53, -9999, -9999, -9999, -9999, 27, 96, -9999, 91, 50, -9999, 94, 25, 10, 56, 32, 44, 14, -9999, -9999, -9999, 25, 24, 5, -9999, -9999, -9999, 96, -9999, -9999, -9999, -9999, -9999, -9999, -9999, 66, -9999, 78, -9999, 52, -9999, 35, -9999, -9999, 91, 32, -9999, 19, 42, 77, 34, 20, -9999, -9999, -9999, 95, 92, -9999, 48, -9999, 32, 50, -9999, 49, -9999, -9999, 10, 11, 79, -9999, 46, -9999, 35, 28, 53, 71, 44, 49, -9999],
[-9999, -9999, -9999, -9999, -9999, -9999, -9999, 56, -9999, -9999, 9, -9999, -9999, -9999, -9999, 64, 34, -9999, 90, -9999, 27, -9999, -9999, -9999, -9999, -9999, -9999, -9999, -9999, 89, -9999, -9999, -9999, -9999, -9999, -9999, -9999, -9999, -9999, -9999, -9999, -9999, -9999, -9999, -9999, -9999, -9999, -9999, 73, -9999, -9999, -9999, -9999, -9999, -9999, -9999, -9999, -9999, 23, -9999, -9999, -9999, -9999, -9999, -9999, -9999, 57, 33, -9999, 62, 5, -9999, -9999, -9999, -9999, -9999, 81, -9999, -9999, -9999, -9999, -9999, 81, -9999, -9999, -9999, -9999, -9999, -9999, -9999, -9999, -9999, 16, -9999, -9999, -9999, -9999, -9999, -9999, -9999],
[-9999, -9999, -9999, -9999, -9999, -9999, -9999, -9999, -9999, -9999, 81, -9999, -9999, -9999, -9999, 13, -9999, -9999, 8, -9999, 76, -9999, -9999, -9999, 9, -9999, -9999, -9999, -9999, -9999, -9999, -9999, 8, -9999, -9999, -9999, -9999, -9999, -9999, -9999, -9999, -9999, -9999, -9999, -9999, 52, -9999, -9999, 100, -9999, -9999, -9999, -9999, -9999, -9999, -9999, -9999, -9999, 30, -9999, 98, -9999, -9999, -9999, 37, -9999, 6, 46, -9999, -9999, 22, -9999, -9999, -9999, -9999, -9999, 82, -9999, -9999, -9999, -9999, -9999, 58, -9999, -9999, -9999, -9999, -9999, -9999, -9999, -9999, -9999, -9999, -9999, -9999, -9999, -9999, -9999, -9999, -9999],
[-9999, -9999, -9999, -9999, -9999, -9999, -9999, 76, 42, -9999, -9999, 21, 67, 12, -9999, 2, 25, -9999, -9999, 5, -9999, -9999, 41, 27, 91, -9999, -9999, 39, -9999, 8, -9999, -9999, -9999, -9999, -9999, 52, 49, -9999, -9999, -9999, -9999, -9999, -9999, 81, -9999, 21, 89, -9999, 16, -9999, 63, -9999, -9999, 57, -9999, -9999, -9999, -9999, 97, -9999, -9999, 45, -9999, -9999, -9999, 9, 2, -9999, 92, -9999, -9999, -9999, -9999, 42, -9999, -9999, 67, -9999, 92, 44, 84, -9999, -9999, -9999, 28, 38, -9999, -9999, 42, 91, -9999, 33, -9999, -9999, 42, -9999, 46, -9999, -9999, -9999],
[-9999, 75, -9999, -9999, -9999, -9999, -9999, -9999, -9999, -9999, -9999, -9999, -9999, -9999, -9999, 37, 80, -9999, 12, -9999, 98, -9999, -9999, -9999, -9999, -9999, -9999, -9999, -9999, -9999, -9999, -9999, 20, -9999, -9999, -9999, 41, -9999, -9999, -9999, -9999, -9999, -9999, -9999, -9999, -9999, 61, -9999, 96, -9999, -9999, -9999, -9999, -9999, -9999, -9999, -9999, -9999, 64, -9999, -9999, -9999, -9999, -9999, -9999, -9999, 38, 78, 28, 44, -9999, -9999, -9999, -9999, -9999, -9999, 70, -9999, -9999, -9999, -9999, -9999, -9999, -9999, -9999, -9999, -9999, -9999, -9999, -9999, -9999, -9999, -9999, -9999, -9999, -9999, -9999, -9999, -9999, -9999],
[-9999, 27, -9999, -9999, -9999, -9999, -9999, -9999, -9999, -9999, 46, -9999, 4, -9999, -9999, 62, 96, -9999, 27, -9999, -9999, -9999, -9999, -9999, -9999, -9999, -9999, -9999, -9999, -9999, -9999, -9999, -9999, -9999, -9999, -9999, -9999, -9999, -9999, -9999, -9999, -9999, -9999, -9999, -9999, -9999, 42, -9999, 81, -9999, -9999, -9999, -9999, -9999, -9999, -9999, -9999, -9999, 7, -9999, -9999, -9999, -9999, -9999, 56, -9999, 33, 86, 68, 13, 56, -9999, -9999, -9999, -9999, -9999, 8, -9999, -9999, -9999, -9999, -9999, 40, -9999, -9999, -9999, -9999, -9999, -9999, -9999, -9999, -9999, -9999, -9999, -9999, -9999, -9999, -9999, -9999, -9999],
[-9999, -9999, 60, -9999, -9999, -9999, -9999, 61, -9999, -9999, 52, -9999, -9999, 22, 23, 16, 44, 33, -9999, -9999, 12, -9999, -9999, -9999, 29, -9999, -9999, -9999, 61, -9999, -9999, -9999, 12, -9999, -9999, 47, -9999, 67, 43, -9999, -9999, -9999, 15, -9999, -9999, -9999, -9999, -9999, 50, -9999, -9999, -9999, -9999, 85, -9999, -9999, 30, -9999, 92, 30, 21, -9999, -9999, -9999, -9999, 99, 58, 72, 22, 79, 79, -9999, 97, -9999, -9999, -9999, 38, -9999, 90, -9999, 21, -9999, -9999, -9999, -9999, -9999, -9999, 93, 27, 58, -9999, 78, -9999, 16, -9999, 69, -9999, -9999, -9999, -9999],
[-9999, -9999, -9999, -9999, -9999, 6, -9999, -9999, -9999, -9999, 5, -9999, 89, 39, -9999, 57, -9999, -9999, -9999, 52, 47, -9999, -9999, -9999, 79, -9999, -9999, 85, 3, -9999, -9999, -9999, -9999, -9999, 88, 4, 66, -9999, -9999, -9999, -9999, -9999, 7, 32, -9999, -9999, 67, -9999, 93, -9999, 24, -9999, -9999, 9, 26, 45, 64, 7, 27, 11, 48, -9999, -9999, -9999, 78, 71, 99, -9999, 48, 81, 32, 15, -9999, -9999, -9999, -9999, 69, 53, 85, 89, -9999, 43, 31, -9999, 42, -9999, -9999, 76, -9999, 6, -9999, 94, -9999, -9999, 35, 77, 69, 80, -9999, -9999],
[31, -9999, -9999, 19, -9999, -9999, -9999, -9999, -9999, -9999, 11, -9999, 22, 7, 41, 60, 51, -9999, 77, -9999, -9999, -9999, -9999, 40, 30, -9999, -9999, 68, 85, 94, 41, -9999, 82, -9999, -9999, 35, -9999, 42, 11, -9999, -9999, 82, -9999, -9999, -9999, -9999, -9999, -9999, 82, -9999, 11, -9999, -9999, 81, -9999, 57, 96, 97, 46, 42, 94, 20, -9999, -9999, -9999, 62, 33, 59, 15, -9999, 8, -9999, -9999, -9999, -9999, 7, 5, 76, -9999, -9999, 54, -9999, 89, -9999, 78, -9999, -9999, 67, 92, 50, 8, 95, -9999, 39, -9999, -9999, -9999, -9999, -9999, -9999],
[-9999, 97, -9999, -9999, -9999, -9999, -9999, 4, -9999, -9999, -9999, -9999, 21, -9999, -9999, -9999, 70, -9999, -9999, -9999, 94, -9999, -9999, -9999, -9999, -9999, -9999, -9999, -9999, -9999, -9999, -9999, -9999, -9999, -9999, -9999, 20, -9999, -9999, -9999, -9999, -9999, -9999, -9999, -9999, -9999, 59, -9999, 42, -9999, -9999, -9999, -9999, -9999, -9999, -9999, -9999, -9999, 57, -9999, 48, -9999, -9999, -9999, 1, -9999, 33, 16, 45, 41, -9999, -9999, -9999, -9999, -9999, -9999, 29, -9999, -9999, -9999, -9999, -9999, 71, -9999, -9999, -9999, -9999, -9999, -9999, -9999, -9999, -9999, -9999, -9999, -9999, -9999, -9999, -9999, -9999, -9999],
[-9999, -9999, -9999, -9999, -9999, -9999, -9999, 1, -9999, -9999, 47, -9999, 63, -9999, -9999, 51, 84, -9999, -9999, -9999, 79, -9999, -9999, -9999, -9999, -9999, -9999, -9999, -9999, 95, -9999, -9999, 19, -9999, -9999, -9999, -9999, -9999, -9999, -9999, -9999, -9999, -9999, -9999, -9999, -9999, 21, -9999, 8, -9999, -9999, -9999, 65, -9999, -9999, -9999, -9999, -9999, 69, -9999, 77, -9999, -9999, -9999, 93, -9999, 58, 56, 15, 80, -9999, -9999, -9999, -9999, -9999, -9999, 21, -9999, -9999, -9999, -9999, -9999, 4, -9999, -9999, -9999, -9999, -9999, -9999, -9999, -9999, -9999, -9999, -9999, -9999, -9999, -9999, -9999, -9999, -9999],
[-9999, -9999, -9999, -9999, -9999, -9999, -9999, -9999, -9999, -9999, -9999, -9999, -9999, -9999, -9999, -9999, -9999, -9999, 82, -9999, -9999, -9999, -9999, -9999, -9999, -9999, -9999, -9999, -9999, -9999, -9999, -9999, -9999, -9999, -9999, -9999, -9999, -9999, -9999, -9999, -9999, -9999, -9999, -9999, -9999, -9999, -9999, -9999, -9999, -9999, -9999, -9999, -9999, -9999, -9999, -9999, -9999, -9999, -9999, -9999, -9999, -9999, -9999, -9999, -9999, -9999, -9999, 4, -9999, -9999, -9999, -9999, 95, -9999, -9999, -9999, -9999, -9999, 68, -9999, -9999, -9999, -9999, -9999, -9999, -9999, -9999, -9999, -9999, -9999, -9999, -9999, -9999, -9999, -9999, -9999, -9999, -9999, -9999, -9999],
[-9999, -9999, -9999, -9999, -9999, -9999, -9999, 19, -9999, -9999, 7, -9999, 6, -9999, -9999, -9999, 14, -9999, 28, -9999, -9999, -9999, -9999, -9999, 69, -9999, -9999, -9999, -9999, -9999, -9999, -9999, 83, -9999, -9999, -9999, 99, -9999, -9999, -9999, -9999, -9999, -9999, -9999, -9999, -9999, 54, -9999, 83, -9999, -9999, -9999, -9999, -9999, -9999, -9999, -9999, -9999, 71, -9999, 12, -9999, -9999, -9999, 37, -9999, 74, -9999, 20, 39, -9999, -9999, -9999, -9999, -9999, -9999, 16, -9999, -9999, -9999, -9999, -9999, 28, -9999, -9999, -9999, -9999, -9999, -9999, -9999, -9999, -9999, -9999, -9999, -9999, -9999, -9999, -9999, -9999, -9999],
[2, 40, -9999, -9999, -9999, -9999, -9999, -9999, -9999, -9999, -9999, -9999, 93, 82, -9999, 96, 61, 41, 52, -9999, -9999, -9999, -9999, 97, 34, -9999, -9999, 17, 23, -9999, -9999, -9999, 55, 32, -9999, 3, -9999, 2, 77, -9999, -9999, 55, -9999, -9999, -9999, -9999, -9999, -9999, 54, -9999, 12, -9999, -9999, 72, -9999, 37, 19, -9999, 47, 98, -9999, 61, -9999, -9999, -9999, -9999, 9, 7, 80, 28, 69, 18, 99, -9999, -9999, -9999, 37, 50, 55, -9999, 99, -9999, 86, 12, 95, -9999, -9999, -9999, -9999, -9999, 51, 84, -9999, 1, -9999, 44, 1, -9999, -9999, -9999],
[-9999, -9999, -9999, -9999, -9999, -9999, -9999, -9999, -9999, -9999, -9999, -9999, -9999, -9999, -9999, -9999, -9999, -9999, -9999, -9999, -9999, -9999, -9999, -9999, -9999, -9999, -9999, -9999, -9999, -9999, -9999, -9999, -9999, -9999, -9999, -9999, -9999, -9999, -9999, -9999, -9999, -9999, -9999, -9999, -9999, -9999, -9999, -9999, -9999, -9999, -9999, -9999, -9999, -9999, -9999, -9999, -9999, -9999, -9999, -9999, -9999, -9999, -9999, -9999, -9999, -9999, -9999, 9, -9999, -9999, -9999, -9999, -9999, -9999, -9999, -9999, -9999, -9999, -9999, -9999, -9999, -9999, -9999, -9999, -9999, -9999, -9999, -9999, -9999, -9999, -9999, -9999, -9999, -9999, -9999, -9999, -9999, -9999, -9999, -9999],
[-9999, 59, -9999, 95, 58, -9999, 48, 52, -9999, -9999, -9999, -9999, 69, 58, 98, 18, 35, 40, 53, -9999, -9999, -9999, -9999, 60, 76, -9999, 14, 75, -9999, 72, -9999, -9999, 70, 93, -9999, 37, -9999, -9999, -9999, -9999, -9999, 84, 17, -9999, -9999, -9999, 29, -9999, 83, -9999, 58, -9999, 26, 99, -9999, 41, 8, -9999, 60, 83, -9999, 52, -9999, -9999, 37, 74, 58, 47, 51, -9999, -9999, 85, 17, -9999, -9999, -9999, 34, -9999, 4, -9999, 31, -9999, 26, -9999, 56, -9999, -9999, 54, 56, 59, -9999, 46, -9999, 10, -9999, -9999, 79, -9999, -9999, 41],
[-9999, -9999, 73, 74, 44, -9999, -9999, -9999, -9999, -9999, -9999, -9999, 34, 91, 18, -9999, -9999, -9999, -9999, -9999, -9999, -9999, -9999, 64, 79, -9999, 12, 62, 76, -9999, -9999, -9999, -9999, 16, -9999, 32, 83, -9999, -9999, -9999, -9999, 22, -9999, -9999, -9999, 25, -9999, -9999, -9999, -9999, 56, -9999, 20, 99, -9999, -9999, 31, 95, 78, -9999, -9999, 33, -9999, -9999, -9999, -9999, 83, -9999, -9999, -9999, -9999, 55, -9999, -9999, -9999, -9999, 18, -9999, 36, -9999, 69, -9999, -9999, -9999, 54, -9999, -9999, 29, -9999, 14, 91, 40, 58, 25, -9999, -9999, 100, -9999, -9999, -9999],
[-9999, 58, -9999, -9999, -9999, -9999, -9999, 57, -9999, -9999, 24, -9999, -9999, 80, 90, -9999, 76, -9999, -9999, -9999, 47, -9999, -9999, 31, 13, -9999, 18, 82, -9999, 56, -9999, -9999, 35, -9999, -9999, 36, 50, 8, -9999, 12, -9999, 23, -9999, -9999, -9999, -9999, 100, -9999, 22, -9999, -9999, -9999, -9999, 44, -9999, 31, -9999, 22, 60, 25, -9999, 26, -9999, -9999, -9999, 5, 52, -9999, 57, 40, 98, -9999, -9999, -9999, -9999, -9999, 11, -9999, -9999, -9999, 37, -9999, -9999, -9999, -9999, -9999, -9999, 68, 27, -9999, -9999, 30, -9999, 60, -9999, 46, 78, -9999, -9999, -9999],
[-9999, 11, -9999, -9999, -9999, -9999, -9999, 59, -9999, -9999, 16, -9999, 100, -9999, -9999, -9999, -9999, -9999, 62, -9999, 67, -9999, -9999, -9999, 55, -9999, -9999, -9999, -9999, -9999, -9999, -9999, -9999, -9999, -9999, -9999, -9999, -9999, -9999, -9999, -9999, -9999, -9999, -9999, -9999, -9999, -9999, -9999, 34, -9999, -9999, -9999, -9999, -9999, -9999, -9999, -9999, -9999, 23, -9999, 3, -9999, -9999, -9999, 35, -9999, 56, -9999, -9999, 83, -9999, -9999, -9999, -9999, -9999, -9999, 51, -9999, -9999, -9999, -9999, -9999, 52, -9999, -9999, -9999, -9999, -9999, -9999, -9999, -9999, -9999, -9999, -9999, -9999, -9999, -9999, -9999, -9999, -9999],
[-9999, -9999, -9999, -9999, -9999, -9999, -9999, -9999, -9999, -9999, 47, -9999, -9999, -9999, -9999, 3, -9999, -9999, 93, -9999, -9999, -9999, -9999, -9999, 24, -9999, -9999, -9999, -9999, -9999, -9999, 21, 65, -9999, -9999, -9999, 76, -9999, -9999, -9999, -9999, -9999, -9999, -9999, -9999, -9999, -9999, -9999, 91, -9999, -9999, -9999, 1, -9999, -9999, -9999, -9999, -9999, 5, -9999, 63, -9999, -9999, -9999, 47, -9999, 51, 28, 89, 6, 10, -9999, -9999, -9999, -9999, -9999, 96, -9999, -9999, -9999, -9999, -9999, 9, -9999, -9999, -9999, -9999, -9999, -9999, -9999, -9999, -9999, -9999, -9999, -9999, -9999, -9999, -9999, -9999, -9999],
[3, -9999, -9999, 97, -9999, -9999, 51, 66, -9999, -9999, -9999, -9999, 67, 88, 58, 33, 68, 1, -9999, -9999, 5, -9999, -9999, -9999, 23, -9999, 85, -9999, 77, 62, -9999, -9999, 3, -9999, -9999, 15, 86, 76, 57, -9999, -9999, 82, 19, -9999, -9999, -9999, -9999, -9999, 82, -9999, -9999, -9999, -9999, 65, -9999, -9999, -9999, 12, 93, 62, 88, -9999, -9999, -9999, 66, 23, 64, 17, 74, 29, 66, -9999, 38, -9999, -9999, -9999, 92, -9999, 96, -9999, 43, -9999, 66, -9999, -9999, -9999, -9999, -9999, 27, -9999, -9999, -9999, -9999, 51, -9999, 3, 31, -9999, -9999, -9999],
[-9999, -9999, -9999, -9999, -9999, -9999, -9999, -9999, -9999, -9999, -9999, -9999, -9999, -9999, -9999, -9999, -9999, -9999, 90, -9999, -9999, -9999, -9999, -9999, -9999, -9999, -9999, 1, -9999, -9999, -9999, -9999, -9999, -9999, -9999, -9999, -9999, -9999, 14, -9999, -9999, -9999, -9999, -9999, -9999, -9999, -9999, -9999, -9999, -9999, -9999, -9999, -9999, -9999, -9999, -9999, -9999, -9999, -9999, -9999, -9999, -9999, -9999, -9999, -9999, -9999, -9999, 81, -9999, -9999, -9999, -9999, 84, -9999, -9999, -9999, -9999, -9999, 37, -9999, -9999, -9999, -9999, -9999, -9999, -9999, -9999, -9999, -9999, -9999, -9999, -9999, -9999, -9999, -9999, -9999, -9999, -9999, -9999, -9999],
[28, 2, -9999, -9999, -9999, -9999, 70, 18, -9999, -9999, -9999, -9999, 13, 5, -9999, 82, 70, -9999, -9999, -9999, 28, -9999, -9999, -9999, 54, -9999, -9999, -9999, -9999, 51, -9999, -9999, -9999, -9999, -9999, 51, -9999, -9999, 1, -9999, -9999, 2, 62, 69, -9999, -9999, 20, -9999, 37, -9999, -9999, -9999, 61, 87, -9999, 46, 57, 87, 73, -9999, -9999, -9999, -9999, -9999, 79, -9999, 78, 30, -9999, 85, -9999, -9999, -9999, -9999, -9999, 97, 46, 36, -9999, -9999, -9999, -9999, -9999, -9999, 36, -9999, -9999, 39, 68, -9999, 98, 68, -9999, 78, -9999, 80, 73, -9999, -9999, -9999],
[36, 23, -9999, 8, -9999, -9999, -9999, -9999, -9999, 84, -9999, -9999, 5, 78, 40, 36, -9999, -9999, 49, 79, -9999, 1, -9999, 85, 79, 91, 6, 57, -9999, -9999, -9999, -9999, -9999, 10, -9999, 53, -9999, 100, 45, 49, -9999, -9999, 73, -9999, 63, -9999, -9999, 44, 21, 68, -9999, -9999, -9999, 41, -9999, 91, 61, 86, 63, -9999, 9, 27, -9999, -9999, 12, -9999, 10, 1, 42, 86, -9999, -9999, -9999, 62, -9999, -9999, 4, 60, -9999, 82, 6, -9999, -9999, -9999, 21, 77, -9999, 75, -9999, 38, -9999, 27, -9999, 89, -9999, -9999, -9999, 58, -9999, -9999],
[87, 38, 7, -9999, -9999, -9999, -9999, 99, -9999, 32, 6, -9999, 14, 89, 48, -9999, -9999, -9999, 61, -9999, 26, 62, -9999, -9999, -9999, -9999, 13, 79, -9999, 74, -9999, -9999, 44, 11, 8, 5, 10, 50, -9999, -9999, -9999, 17, -9999, -9999, 89, -9999, 99, -9999, 77, -9999, -9999, -9999, -9999, -9999, -9999, 83, 60, -9999, 7, 68, 60, 50, -9999, -9999, 71, -9999, 12, -9999, 83, -9999, 53, -9999, 90, 72, 58, -9999, 73, 6, 27, 80, -9999, -9999, -9999, -9999, 69, 19, -9999, 97, 76, -9999, -9999, 7, -9999, 97, 95, -9999, -9999, -9999, -9999, -9999],
[-9999, -9999, -9999, 43, -9999, -9999, -9999, 14, -9999, -9999, -9999, -9999, -9999, 24, -9999, -9999, -9999, 32, 45, -9999, -9999, -9999, -9999, 74, 31, -9999, 95, 64, 54, -9999, -9999, -9999, -9999, 68, -9999, 18, -9999, -9999, 40, -9999, -9999, -9999, -9999, 42, -9999, -9999, 75, -9999, -9999, -9999, 32, -9999, -9999, 26, -9999, -9999, 58, 15, 67, -9999, 85, -9999, -9999, -9999, 14, 11, 19, -9999, 97, -9999, 86, -9999, 7, -9999, -9999, -9999, 100, 5, -9999, -9999, -9999, -9999, -9999, 87, 48, -9999, -9999, 3, 90, -9999, 68, 61, -9999, -9999, -9999, -9999, -9999, -9999, 67, -9999],
[-9999, -9999, -9999, -9999, -9999, -9999, -9999, -9999, -9999, -9999, -9999, -9999, -9999, -9999, -9999, -9999, -9999, -9999, 19, -9999, -9999, -9999, -9999, -9999, -9999, -9999, -9999, -9999, -9999, -9999, -9999, -9999, -9999, -9999, -9999, -9999, -9999, -9999, 73, -9999, -9999, -9999, -9999, -9999, -9999, -9999, -9999, -9999, -9999, -9999, -9999, -9999, -9999, -9999, -9999, -9999, -9999, -9999, -9999, -9999, -9999, -9999, -9999, -9999, -9999, -9999, -9999, 42, -9999, -9999, -9999, -9999, -9999, -9999, -9999, -9999, -9999, -9999, 80, -9999, -9999, -9999, -9999, -9999, -9999, -9999, -9999, -9999, 30, -9999, -9999, -9999, -9999, -9999, -9999, -9999, -9999, -9999, -9999, -9999],
[51, -9999, -9999, 82, -9999, -9999, -9999, 53, -9999, -9999, 32, -9999, 12, 44, 94, -9999, 81, 86, -9999, -9999, -9999, -9999, -9999, -9999, 3, -9999, 14, -9999, 9, -9999, -9999, -9999, -9999, 47, -9999, 59, 33, 99, 85, -9999, -9999, 39, 33, -9999, -9999, -9999, 49, -9999, 66, -9999, -9999, -9999, -9999, 94, -9999, 48, 15, 48, 12, 52, 27, -9999, -9999, -9999, -9999, 75, 85, 20, 14, 65, -9999, 81, 44, -9999, -9999, 72, 14, 89, -9999, -9999, 84, -9999, 32, -9999, 9, -9999, -9999, 13, 16, 30, 8, 38, -9999, 51, -9999, -9999, 14, -9999, -9999, -9999],
[-9999, 73, -9999, -9999, -9999, -9999, -9999, 14, -9999, -9999, 92, -9999, -9999, -9999, -9999, 37, -9999, -9999, -9999, -9999, 86, -9999, -9999, -9999, 80, -9999, -9999, -9999, -9999, 70, -9999, -9999, -9999, -9999, -9999, -9999, 69, -9999, -9999, -9999, -9999, -9999, -9999, -9999, -9999, -9999, 76, -9999, 39, -9999, -9999, -9999, -9999, -9999, -9999, -9999, -9999, -9999, 26, -9999, 60, -9999, -9999, -9999, -9999, -9999, 54, 8, -9999, -9999, -9999, -9999, -9999, -9999, -9999, -9999, 34, -9999, -9999, -9999, -9999, -9999, -9999, -9999, -9999, -9999, -9999, -9999, -9999, -9999, -9999, -9999, -9999, -9999, -9999, -9999, -9999, -9999, -9999, -9999],
[-9999, 31, -9999, -9999, -9999, -9999, -9999, -9999, -9999, -9999, 78, -9999, 100, -9999, -9999, 79, -9999, -9999, -9999, -9999, -9999, -9999, -9999, -9999, 71, -9999, -9999, -9999, -9999, 10, -9999, 72, -9999, -9999, -9999, -9999, 95, -9999, -9999, -9999, -9999, -9999, -9999, -9999, -9999, -9999, 31, -9999, 75, -9999, -9999, -9999, -9999, -9999, -9999, -9999, -9999, -9999, 75, -9999, 99, -9999, -9999, -9999, -9999, -9999, 58, 80, 45, 98, 63, -9999, -9999, -9999, -9999, -9999, 64, -9999, -9999, -9999, -9999, -9999, 39, -9999, -9999, -9999, -9999, -9999, -9999, -9999, -9999, -9999, -9999, -9999, -9999, -9999, -9999, -9999, -9999, -9999],
[-9999, 38, -9999, 17, -9999, -9999, -9999, -9999, -9999, -9999, 31, -9999, 32, 56, -9999, -9999, -9999, -9999, -9999, -9999, 79, -9999, -9999, 59, 63, -9999, 68, -9999, 99, 75, -9999, -9999, 58, -9999, -9999, 46, 15, 49, 4, -9999, -9999, -9999, 90, -9999, -9999, -9999, 82, -9999, 80, -9999, -9999, -9999, 94, -9999, -9999, -9999, 82, 7, 21, 21, 4, -9999, -9999, -9999, 74, 46, 53, 49, -9999, 90, 30, 54, -9999, -9999, 27, -9999, 48, -9999, 6, -9999, 6, -9999, -9999, 85, -9999, -9999, -9999, -9999, 100, -9999, -9999, 84, -9999, 61, -9999, -9999, 31, -9999, -9999, -9999],
[-9999, -9999, -9999, -9999, -9999, -9999, 8, -9999, -9999, -9999, 85, -9999, -9999, -9999, -9999, -9999, -9999, -9999, -9999, -9999, 44, -9999, -9999, -9999, 60, -9999, -9999, -9999, -9999, 50, -9999, -9999, 62, -9999, -9999, -9999, -9999, -9999, -9999, -9999, -9999, -9999, -9999, -9999, -9999, -9999, -9999, -9999, -9999, -9999, -9999, -9999, -9999, -9999, -9999, -9999, -9999, -9999, 33, -9999, -9999, -9999, -9999, -9999, 73, -9999, 79, 29, 37, -9999, -9999, -9999, -9999, -9999, -9999, -9999, 47, -9999, -9999, -9999, -9999, -9999, -9999, -9999, -9999, -9999, -9999, -9999, -9999, -9999, -9999, -9999, -9999, -9999, -9999, -9999, -9999, -9999, -9999, -9999],
[-9999, 13, -9999, -9999, -9999, -9999, -9999, 56, -9999, -9999, -9999, -9999, 96, -9999, -9999, 94, 53, -9999, 89, -9999, 99, -9999, -9999, -9999, 74, -9999, -9999, -9999, -9999, -9999, -9999, -9999, 84, -9999, -9999, -9999, 70, -9999, -9999, -9999, -9999, -9999, -9999, -9999, -9999, -9999, -9999, -9999, 13, -9999, -9999, -9999, -9999, -9999, -9999, -9999, -9999, -9999, 38, -9999, -9999, -9999, -9999, -9999, 7, -9999, 50, 84, 5, 69, 2, -9999, -9999, -9999, -9999, -9999, 37, -9999, -9999, -9999, -9999, -9999, 89, -9999, -9999, -9999, -9999, -9999, -9999, -9999, -9999, -9999, -9999, -9999, -9999, -9999, -9999, -9999, -9999, -9999],
[-9999, 39, -9999, -9999, -9999, -9999, -9999, -9999, -9999, -9999, 75, -9999, -9999, -9999, -9999, -9999, -9999, -9999, -9999, -9999, -9999, -9999, -9999, -9999, -9999, -9999, -9999, -9999, -9999, 5, -9999, -9999, -9999, -9999, -9999, -9999, 47, -9999, -9999, -9999, -9999, -9999, -9999, -9999, -9999, -9999, -9999, -9999, 25, -9999, -9999, -9999, -9999, -9999, -9999, -9999, -9999, -9999, 17, -9999, 77, -9999, -9999, -9999, 65, -9999, 26, -9999, -9999, 62, -9999, -9999, -9999, -9999, -9999, -9999, 73, -9999, -9999, -9999, -9999, -9999, 45, -9999, -9999, -9999, -9999, -9999, -9999, -9999, -9999, -9999, -9999, -9999, -9999, -9999, -9999, -9999, -9999, -9999],
[90, -9999, -9999, -9999, -9999, -9999, -9999, 60, -9999, -9999, -9999, -9999, -9999, 5, 68, 97, -9999, 46, -9999, -9999, -9999, -9999, -9999, 59, 43, -9999, 42, -9999, 50, 15, 85, -9999, 92, 60, -9999, 43, 39, 37, -9999, -9999, -9999, 100, -9999, -9999, -9999, -9999, -9999, -9999, 80, -9999, -9999, -9999, -9999, -9999, -9999, 28, 39, -9999, 97, 39, 39, -9999, -9999, -9999, -9999, 79, 6, -9999, 4, 12, -9999, 48, -9999, -9999, -9999, -9999, 70, 32, -9999, -9999, -9999, -9999, 26, -9999, 75, -9999, -9999, 86, 80, -9999, 34, 53, 68, 92, -9999, -9999, -9999, -9999, -9999, -9999],
[-9999, 52, -9999, -9999, -9999, 16, -9999, -9999, -9999, 79, 14, -9999, 66, -9999, -9999, -9999, -9999, -9999, -9999, -9999, -9999, -9999, -9999, -9999, -9999, -9999, -9999, -9999, -9999, -9999, -9999, -9999, -9999, -9999, -9999, -9999, 88, -9999, -9999, -9999, -9999, -9999, -9999, -9999, -9999, -9999, 72, -9999, 43, -9999, -9999, -9999, -9999, -9999, -9999, -9999, -9999, -9999, -9999, -9999, 42, -9999, 30, -9999, 88, -9999, 10, -9999, -9999, -9999, -9999, -9999, -9999, 60, -9999, -9999, 74, -9999, -9999, -9999, -9999, 26, -9999, -9999, -9999, -9999, 33, -9999, -9999, -9999, -9999, -9999, -9999, -9999, -9999, -9999, -9999, -9999, -9999, -9999],
[-9999, -9999, 76, -9999, -9999, -9999, -9999, -9999, -9999, -9999, 29, -9999, -9999, -9999, -9999, -9999, 30, -9999, -9999, -9999, 50, -9999, -9999, -9999, 89, -9999, -9999, -9999, -9999, 12, -9999, -9999, 73, -9999, -9999, -9999, 84, -9999, -9999, -9999, -9999, -9999, -9999, -9999, -9999, -9999, 79, -9999, 61, -9999, -9999, -9999, -9999, -9999, -9999, -9999, -9999, -9999, 65, -9999, 45, -9999, -9999, -9999, 67, -9999, 35, 52, 38, 30, 79, -9999, -9999, -9999, -9999, -9999, 91, -9999, -9999, -9999, -9999, -9999, 96, -9999, -9999, -9999, -9999, -9999, -9999, -9999, -9999, -9999, -9999, -9999, -9999, -9999, -9999, -9999, -9999, -9999],
[-9999, -9999, -9999, 39, -9999, -9999, -9999, 69, -9999, -9999, -9999, -9999, 4, 63, 85, 46, -9999, 80, -9999, -9999, 16, -9999, -9999, 92, -9999, -9999, 14, 32, -9999, -9999, -9999, -9999, -9999, 58, -9999, 91, 33, 10, -9999, -9999, -9999, 68, -9999, -9999, -9999, 37, 41, 33, 54, -9999, -9999, -9999, 22, 76, -9999, 82, 95, -9999, 40, -9999, -9999, 77, -9999, 92, 61, -9999, 100, 38, -9999, -9999, 73, 17, 10, -9999, -9999, 35, 34, -9999, 20, -9999, -9999, -9999, -9999, -9999, 69, -9999, -9999, 44, -9999, 71, -9999, 75, -9999, 54, -9999, 54, -9999, -9999, -9999, -9999],
[-9999, 55, -9999, -9999, -9999, -9999, -9999, 37, -9999, -9999, -9999, -9999, -9999, -9999, -9999, -9999, -9999, -9999, 21, -9999, -9999, -9999, -9999, -9999, 86, -9999, -9999, -9999, -9999, 8, -9999, -9999, 19, -9999, -9999, -9999, 42, -9999, -9999, -9999, -9999, -9999, -9999, -9999, -9999, -9999, 79, -9999, 53, -9999, -9999, -9999, -9999, -9999, -9999, -9999, -9999, -9999, 76, -9999, 86, -9999, -9999, -9999, -9999, -9999, 20, -9999, -9999, 77, 54, -9999, -9999, -9999, -9999, -9999, 4, -9999, -9999, -9999, -9999, -9999, 14, -9999, -9999, -9999, -9999, -9999, -9999, -9999, -9999, -9999, 97, -9999, -9999, -9999, -9999, -9999, -9999, -9999],
[-9999, 88, 23, 67, -9999, -9999, -9999, -9999, -9999, -9999, 76, -9999, 22, 20, -9999, 41, 42, -9999, -9999, -9999, -9999, -9999, -9999, 36, 97, 41, -9999, 33, 93, 49, -9999, -9999, 40, 47, -9999, 1, 72, 86, 15, -9999, -9999, -9999, 68, -9999, -9999, -9999, 56, -9999, 83, -9999, 12, -9999, -9999, 84, -9999, -9999, 69, -9999, 46, 12, -9999, -9999, -9999, -9999, 64, 24, 48, 89, 60, 67, -9999, -9999, -9999, -9999, -9999, -9999, 77, 23, 41, -9999, 84, -9999, 32, -9999, 57, -9999, -9999, -9999, 76, -9999, -9999, 37, -9999, 81, -9999, 31, 86, -9999, -9999, -9999],
[26, 51, -9999, -9999, -9999, -9999, -9999, -9999, -9999, -9999, 80, -9999, 71, 48, 64, 18, -9999, 11, 14, -9999, 55, -9999, -9999, -9999, -9999, 83, 63, 14, -9999, -9999, -9999, -9999, 68, -9999, -9999, 53, -9999, 56, -9999, -9999, -9999, 14, 24, -9999, -9999, -9999, -9999, -9999, 62, -9999, 24, -9999, -9999, 29, -9999, -9999, 17, 82, 100, 81, 63, -9999, -9999, -9999, -9999, 59, 19, 38, 18, -9999, 10, 90, -9999, -9999, 92, -9999, 66, 44, 32, -9999, -9999, -9999, 32, -9999, -9999, -9999, -9999, -9999, 49, -9999, 67, 47, -9999, 59, -9999, -9999, 34, -9999, -9999, -9999],
[85, -9999, -9999, -9999, -9999, -9999, -9999, -9999, -9999, -9999, 23, -9999, 54, 16, 73, 2, 25, -9999, -9999, -9999, -9999, -9999, -9999, 23, 87, -9999, 82, -9999, 16, -9999, 82, -9999, 30, 28, -9999, 68, -9999, 59, -9999, -9999, -9999, 29, -9999, -9999, -9999, -9999, -9999, -9999, 85, -9999, 55, -9999, 13, 1, -9999, -9999, -9999, -9999, 46, 58, -9999, 89, -9999, -9999, -9999, -9999, 23, 6, 8, 55, -9999, 78, 40, -9999, -9999, -9999, 3, 22, -9999, -9999, 67, -9999, 41, -9999, 59, -9999, -9999, 56, 1, 54, 65, 61, -9999, 46, -9999, 66, 44, -9999, -9999, -9999],
[52, -9999, -9999, -9999, -9999, -9999, -9999, -9999, -9999, -9999, 34, -9999, 89, 63, -9999, 33, -9999, -9999, 21, -9999, 11, -9999, -9999, -9999, -9999, -9999, -9999, 73, -9999, 37, -9999, -9999, 92, -9999, -9999, 8, 74, -9999, -9999, -9999, -9999, 35, -9999, 22, -9999, -9999, 28, -9999, 40, -9999, 69, -9999, -9999, 72, -9999, -9999, -9999, -9999, 47, -9999, -9999, 42, -9999, -9999, 14, -9999, 72, 52, 22, -9999, 94, 71, 95, -9999, -9999, -9999, -9999, -9999, 54, -9999, -9999, -9999, 68, -9999, 29, -9999, -9999, -9999, -9999, 96, 19, 12, -9999, 70, -9999, -9999, 45, -9999, -9999, -9999],
[-9999, -9999, -9999, -9999, -9999, -9999, -9999, 40, -9999, -9999, 49, -9999, -9999, 31, -9999, 92, 93, -9999, 37, -9999, 62, -9999, -9999, 53, -9999, -9999, 70, 37, 88, 63, -9999, -9999, -9999, 19, -9999, 9, 46, 94, 70, -9999, -9999, 70, -9999, -9999, -9999, -9999, 89, -9999, 89, -9999, 88, -9999, -9999, 95, -9999, 98, -9999, 31, 13, -9999, 21, 98, -9999, -9999, 58, 13, -9999, -9999, -9999, 35, -9999, -9999, -9999, -9999, -9999, -9999, 27, 93, 64, -9999, -9999, -9999, -9999, -9999, -9999, -9999, -9999, -9999, 28, -9999, 56, 96, -9999, 12, -9999, 10, -9999, -9999, 44, -9999],
[-9999, -9999, -9999, 48, -9999, -9999, -9999, 2, -9999, -9999, 63, -9999, -9999, 34, 75, 16, 10, -9999, 3, -9999, 28, -9999, -9999, 1, 50, -9999, 57, 91, 63, 80, -9999, -9999, -9999, 24, -9999, 59, 72, -9999, 88, -9999, -9999, -9999, -9999, -9999, -9999, -9999, 21, -9999, 63, -9999, 17, -9999, -9999, -9999, -9999, 38, -9999, 72, 34, 33, 82, 83, -9999, -9999, 65, 92, 91, -9999, -9999, 66, -9999, -9999, -9999, -9999, -9999, -9999, -9999, -9999, -9999, -9999, -9999, -9999, 17, -9999, -9999, -9999, -9999, -9999, -9999, 80, 79, 26, -9999, -9999, -9999, -9999, -9999, -9999, -9999, -9999],
[-9999, -9999, -9999, -9999, -9999, -9999, -9999, -9999, -9999, -9999, -9999, -9999, -9999, -9999, -9999, -9999, -9999, -9999, 50, -9999, -9999, -9999, -9999, -9999, -9999, -9999, -9999, 85, -9999, -9999, -9999, -9999, -9999, -9999, -9999, -9999, -9999, -9999, -9999, -9999, -9999, -9999, -9999, -9999, -9999, -9999, -9999, -9999, -9999, -9999, -9999, -9999, -9999, -9999, -9999, -9999, -9999, -9999, -9999, -9999, -9999, -9999, -9999, -9999, -9999, -9999, -9999, -9999, -9999, -9999, -9999, -9999, -9999, -9999, -9999, -9999, -9999, -9999, 45, -9999, -9999, -9999, -9999, -9999, -9999, -9999, -9999, -9999, 70, -9999, -9999, -9999, -9999, -9999, -9999, -9999, -9999, -9999, -9999, -9999],
[-9999, 47, -9999, -9999, -9999, -9999, -9999, -9999, -9999, -9999, 50, -9999, 50, 15, -9999, 91, 4, 5, 58, -9999, -9999, -9999, -9999, 58, 12, -9999, 90, 34, 83, -9999, 82, -9999, -9999, -9999, -9999, 67, 4, 10, 77, -9999, -9999, 20, 37, 58, -9999, -9999, 66, -9999, 55, -9999, -9999, -9999, -9999, -9999, -9999, -9999, -9999, 19, 27, -9999, 74, 57, -9999, -9999, -9999, -9999, 70, 82, 96, -9999, 29, 76, -9999, -9999, -9999, -9999, 33, 69, -9999, -9999, -9999, -9999, 95, -9999, -9999, -9999, -9999, 85, -9999, 36, 67, 18, -9999, 40, -9999, -9999, 38, -9999, -9999, -9999],
[96, 79, -9999, -9999, -9999, -9999, 80, 47, -9999, -9999, -9999, -9999, -9999, -9999, -9999, -9999, -9999, 22, 32, -9999, 57, -9999, -9999, -9999, 20, -9999, -9999, 79, 77, 64, -9999, -9999, 12, -9999, -9999, 98, 64, 70, -9999, -9999, -9999, 37, -9999, 36, -9999, -9999, -9999, -9999, 26, -9999, -9999, -9999, 30, -9999, -9999, 1, 19, -9999, 34, 5, 68, 40, -9999, -9999, 95, 51, 84, -9999, -9999, 91, -9999, 25, 48, -9999, -9999, -9999, 52, 53, 31, -9999, 82, -9999, -9999, -9999, -9999, -9999, -9999, 38, 45, -9999, 87, 22, -9999, -9999, -9999, 68, 29, -9999, -9999, -9999],
[-9999, -9999, -9999, -9999, -9999, -9999, -9999, 95, -9999, -9999, 15, -9999, -9999, -9999, -9999, 5, 7, -9999, 2, 62, -9999, -9999, -9999, -9999, 15, -9999, -9999, -9999, -9999, -9999, -9999, -9999, -9999, -9999, -9999, -9999, -9999, -9999, -9999, -9999, -9999, -9999, -9999, -9999, -9999, -9999, -9999, -9999, 37, -9999, -9999, -9999, -9999, -9999, -9999, -9999, -9999, -9999, 98, -9999, 22, -9999, -9999, -9999, 23, -9999, 51, 43, 9, 67, 6, -9999, -9999, 29, -9999, -9999, 21, -9999, -9999, 94, -9999, -9999, 33, -9999, -9999, -9999, -9999, -9999, -9999, -9999, -9999, -9999, -9999, -9999, -9999, -9999, -9999, -9999, -9999, -9999],
[-9999, -9999, -9999, -9999, -9999, -9999, -9999, -9999, -9999, -9999, -9999, -9999, -9999, -9999, -9999, -9999, -9999, -9999, -9999, -9999, -9999, -9999, -9999, -9999, -9999, -9999, -9999, -9999, -9999, -9999, -9999, -9999, -9999, -9999, -9999, -9999, -9999, -9999, -9999, -9999, -9999, -9999, -9999, -9999, -9999, -9999, -9999, -9999, -9999, -9999, -9999, -9999, -9999, -9999, -9999, -9999, -9999, -9999, -9999, -9999, -9999, -9999, -9999, -9999, -9999, -9999, -9999, 31, -9999, -9999, -9999, -9999, -9999, -9999, -9999, -9999, -9999, -9999, -9999, -9999, -9999, -9999, -9999, -9999, -9999, -9999, -9999, -9999, -9999, -9999, -9999, -9999, -9999, -9999, -9999, -9999, -9999, -9999, -9999, -9999],
[-9999, 17, -9999, -9999, -9999, -9999, -9999, 73, -9999, -9999, -9999, -9999, -9999, 20, 82, 73, 94, 52, -9999, -9999, -9999, -9999, -9999, -9999, 38, -9999, 92, -9999, 84, 85, -9999, -9999, -9999, 91, -9999, 71, 22, 86, 23, -9999, -9999, 50, 22, -9999, -9999, -9999, 98, -9999, 94, -9999, 8, -9999, -9999, 76, -9999, -9999, 22, 76, 29, -9999, 18, -9999, -9999, -9999, -9999, -9999, 29, 30, -9999, 24, 65, 6, -9999, -9999, -9999, 33, 21, -9999, 53, -9999, -9999, -9999, 84, -9999, 96, -9999, -9999, -9999, -9999, -9999, 12, 48, -9999, 49, -9999, -9999, 32, -9999, -9999, -9999],
[-9999, 79, -9999, -9999, -9999, -9999, -9999, 7, -9999, -9999, 61, -9999, 9, -9999, -9999, 83, -9999, -9999, -9999, -9999, 67, -9999, -9999, -9999, -9999, -9999, -9999, -9999, -9999, -9999, -9999, -9999, -9999, -9999, -9999, -9999, 61, -9999, -9999, -9999, -9999, -9999, -9999, -9999, -9999, -9999, 24, -9999, 58, -9999, -9999, -9999, -9999, -9999, -9999, -9999, -9999, -9999, 27, -9999, -9999, -9999, -9999, -9999, 55, -9999, -9999, 38, -9999, 84, 52, -9999, -9999, -9999, -9999, -9999, 83, -9999, -9999, -9999, -9999, -9999, -9999, -9999, -9999, -9999, -9999, -9999, -9999, -9999, -9999, -9999, -9999, -9999, -9999, -9999, -9999, -9999, -9999, -9999],
[47, 51, -9999, 96, -9999, -9999, -9999, -9999, -9999, -9999, -9999, -9999, 72, 75, 65, 60, 45, -9999, -9999, -9999, 37, -9999, -9999, 64, 100, -9999, 39, 2, 88, 32, -9999, -9999, 69, -9999, -9999, 20, -9999, -9999, 81, -9999, -9999, -9999, 2, -9999, -9999, -9999, 43, -9999, 9, -9999, -9999, -9999, -9999, 22, -9999, 91, -9999, 85, 74, 17, 30, -9999, -9999, -9999, 52, 43, 58, -9999, 3, -9999, 65, 24, 53, -9999, -9999, -9999, 7, 13, 10, -9999, -9999, -9999, 76, -9999, 2, -9999, -9999, 33, 56, -9999, -9999, 89, -9999, -9999, -9999, -9999, 36, -9999, -9999, -9999],
[-9999, -9999, -9999, -9999, -9999, -9999, -9999, 10, -9999, -9999, -9999, -9999, -9999, -9999, -9999, -9999, 40, -9999, 43, -9999, 70, -9999, -9999, -9999, 37, -9999, -9999, -9999, -9999, 8, -9999, -9999, -9999, -9999, -9999, -9999, -9999, -9999, -9999, -9999, -9999, -9999, -9999, -9999, -9999, 64, 57, -9999, 8, -9999, -9999, -9999, -9999, -9999, -9999, -9999, -9999, -9999, 19, -9999, 22, -9999, -9999, -9999, -9999, -9999, 9, 84, 43, 81, -9999, -9999, -9999, -9999, -9999, -9999, -9999, -9999, -9999, -9999, -9999, -9999, -9999, -9999, -9999, -9999, -9999, -9999, -9999, -9999, -9999, -9999, -9999, -9999, -9999, -9999, -9999, -9999, -9999, -9999],
[14, -9999, -9999, 36, 47, -9999, -9999, 89, 7, -9999, -9999, -9999, 29, 44, 62, 23, 23, -9999, 95, -9999, 35, -9999, -9999, 73, -9999, -9999, -9999, 23, 82, 57, 85, -9999, 28, 22, -9999, 34, 34, -9999, 66, -9999, -9999, -9999, 74, -9999, -9999, -9999, -9999, -9999, 69, -9999, 37, -9999, -9999, 42, -9999, 51, 53, -9999, 32, -9999, 47, 8, -9999, -9999, -9999, 41, 31, -9999, -9999, -9999, 81, 3, 33, -9999, -9999, -9999, 85, -9999, 26, -9999, 25, -9999, -9999, -9999, -9999, -9999, -9999, 67, -9999, -9999, -9999, 84, -9999, -9999, -9999, 90, 41, -9999, -9999, -9999],
[-9999, -9999, -9999, 32, 83, -9999, -9999, 63, -9999, -9999, 38, 70, 84, 95, 55, 99, -9999, 40, 26, -9999, 27, -9999, -9999, -9999, -9999, 38, -9999, -9999, -9999, 52, -9999, -9999, 34, -9999, -9999, 91, -9999, 99, 45, 50, -9999, 89, 73, 28, -9999, -9999, 94, 86, 95, -9999, 86, -9999, -9999, 98, -9999, -9999, -9999, -9999, 7, 98, -9999, 71, -9999, -9999, 81, 6, 18, -9999, 15, 25, 45, -9999, -9999, -9999, -9999, -9999, 63, 45, -9999, -9999, 73, -9999, -9999, 96, 28, -9999, 91, -9999, -9999, 55, -9999, 41, -9999, 59, -9999, 23, -9999, -9999, -9999, -9999],
[-9999, -9999, -9999, -9999, -9999, -9999, -9999, -9999, -9999, -9999, 34, -9999, -9999, -9999, -9999, -9999, -9999, -9999, -9999, -9999, 26, -9999, -9999, -9999, -9999, -9999, -9999, -9999, -9999, 59, -9999, -9999, 39, -9999, -9999, -9999, -9999, -9999, -9999, -9999, -9999, -9999, -9999, -9999, -9999, -9999, 5, -9999, 78, -9999, -9999, -9999, -9999, -9999, -9999, -9999, -9999, -9999, 97, -9999, -9999, -9999, -9999, -9999, 31, -9999, 57, -9999, 16, -9999, -9999, -9999, -9999, -9999, -9999, -9999, 78, -9999, -9999, -9999, -9999, -9999, 86, -9999, -9999, -9999, -9999, -9999, -9999, -9999, -9999, -9999, 90, -9999, -9999, -9999, -9999, -9999, -9999, -9999],
[-9999, 91, -9999, -9999, -9999, -9999, -9999, 60, -9999, -9999, 99, -9999, -9999, -9999, -9999, 81, -9999, -9999, -9999, -9999, 32, -9999, -9999, -9999, 23, -9999, -9999, -9999, -9999, -9999, -9999, 16, -9999, -9999, -9999, -9999, 22, -9999, -9999, -9999, -9999, -9999, -9999, -9999, -9999, -9999, 56, -9999, 61, -9999, -9999, -9999, -9999, -9999, -9999, -9999, -9999, -9999, 96, -9999, 31, -9999, -9999, -9999, 3, -9999, 54, 43, 40, -9999, -9999, -9999, -9999, -9999, -9999, -9999, 34, -9999, -9999, 83, -9999, -9999, 91, -9999, -9999, -9999, -9999, -9999, -9999, -9999, -9999, -9999, -9999, -9999, -9999, -9999, -9999, -9999, -9999, -9999],
[61, 86, -9999, 84, -9999, 99, -9999, 75, -9999, -9999, 71, -9999, -9999, 67, 80, -9999, 90, 37, 76, -9999, 11, 47, -9999, 15, 78, 33, -9999, -9999, -9999, 82, -9999, -9999, -9999, -9999, 60, 82, -9999, 20, -9999, -9999, -9999, -9999, -9999, 18, 38, -9999, 3, 51, 6, -9999, -9999, -9999, -9999, -9999, -9999, 37, -9999, -9999, 87, -9999, -9999, 2, -9999, -9999, 25, -9999, 43, -9999, -9999, 72, -9999, 13, 10, 97, -9999, -9999, 65, -9999, 8, 98, -9999, -9999, -9999, -9999, 4, 4, 40, 39, -9999, 89, -9999, 95, -9999, 62, -9999, 86, -9999, 81, -9999, -9999],
[-9999, -9999, -9999, -9999, -9999, -9999, -9999, 28, -9999, -9999, 51, -9999, 80, -9999, -9999, -9999, 98, -9999, 38, -9999, -9999, -9999, -9999, -9999, -9999, -9999, -9999, -9999, -9999, -9999, -9999, -9999, 5, -9999, -9999, -9999, -9999, -9999, -9999, -9999, -9999, -9999, -9999, -9999, -9999, -9999, 89, -9999, 91, -9999, -9999, -9999, 32, -9999, -9999, -9999, -9999, -9999, 63, -9999, -9999, -9999, -9999, -9999, 17, -9999, 78, -9999, -9999, 97, 25, -9999, -9999, -9999, -9999, -9999, 14, -9999, -9999, -9999, -9999, -9999, -9999, -9999, -9999, -9999, 39, -9999, -9999, -9999, -9999, -9999, -9999, -9999, -9999, -9999, -9999, -9999, -9999, -9999],
[81, 17, -9999, -9999, -9999, -9999, -9999, -9999, -9999, -9999, -9999, -9999, 73, 15, -9999, 58, -9999, -9999, 17, -9999, 91, -9999, -9999, -9999, 31, -9999, -9999, -9999, 100, 94, -9999, -9999, -9999, 57, -9999, 63, -9999, -9999, 10, -9999, -9999, 73, 70, 1, -9999, -9999, 27, -9999, 22, -9999, -9999, -9999, -9999, 96, -9999, 23, 92, -9999, 97, -9999, -9999, 78, -9999, -9999, 57, -9999, 10, -9999, 47, -9999, -9999, -9999, -9999, -9999, -9999, -9999, 34, -9999, -9999, -9999, 49, -9999, 65, -9999, -9999, -9999, -9999, -9999, 37, 30, 36, 89, -9999, -9999, -9999, 45, -9999, -9999, -9999, -9999],
[-9999, -9999, -9999, 18, -9999, -9999, -9999, -9999, -9999, -9999, 75, -9999, -9999, 59, -9999, 26, 55, 3, 19, -9999, 53, -9999, 24, 54, 21, -9999, 16, -9999, 85, -9999, -9999, -9999, 36, -9999, -9999, 30, 96, 81, 7, -9999, -9999, -9999, -9999, 14, -9999, -9999, 96, -9999, 54, -9999, -9999, -9999, -9999, -9999, -9999, 11, -9999, 76, 56, -9999, -9999, -9999, -9999, -9999, 22, 39, 65, 95, 93, 16, -9999, 18, -9999, -9999, -9999, 44, 51, -9999, 1, -9999, -9999, -9999, 3, -9999, -9999, -9999, -9999, 69, 84, -9999, 53, 56, -9999, -9999, -9999, 64, 56, -9999, 59, -9999],
[-9999, 46, -9999, -9999, -9999, -9999, -9999, -9999, -9999, -9999, -9999, -9999, 37, -9999, -9999, 53, 96, -9999, 29, -9999, 100, -9999, -9999, -9999, -9999, -9999, -9999, -9999, -9999, -9999, -9999, -9999, 10, -9999, -9999, -9999, -9999, -9999, -9999, -9999, -9999, -9999, -9999, -9999, -9999, -9999, -9999, -9999, 86, -9999, -9999, -9999, -9999, -9999, -9999, -9999, -9999, -9999, 33, -9999, 100, -9999, -9999, -9999, 68, -9999, 6, -9999, -9999, 78, -9999, -9999, -9999, -9999, -9999, -9999, 18, -9999, -9999, -9999, -9999, -9999, -9999, -9999, -9999, -9999, -9999, -9999, -9999, -9999, -9999, -9999, -9999, -9999, -9999, -9999, -9999, -9999, -9999, -9999],
[-9999, 27, 35, -9999, -9999, -9999, -9999, 16, -9999, -9999, -9999, -9999, 10, -9999, -9999, 64, -9999, -9999, 90, -9999, -9999, -9999, -9999, -9999, 63, -9999, -9999, -9999, -9999, 4, -9999, 51, -9999, -9999, -9999, -9999, -9999, -9999, -9999, -9999, -9999, -9999, -9999, -9999, -9999, -9999, -9999, -9999, 17, -9999, -9999, -9999, -9999, -9999, -9999, -9999, -9999, -9999, 63, -9999, -9999, -9999, -9999, -9999, 90, -9999, 57, 69, -9999, 70, -9999, -9999, -9999, -9999, -9999, -9999, 68, -9999, -9999, -9999, -9999, -9999, -9999, -9999, -9999, -9999, -9999, -9999, -9999, -9999, -9999, -9999, -9999, -9999, -9999, -9999, -9999, -9999, -9999, -9999],
[81, 53, -9999, 39, -9999, -9999, -9999, 35, -9999, -9999, -9999, -9999, -9999, 66, -9999, -9999, -9999, -9999, -9999, -9999, -9999, -9999, -9999, -9999, -9999, -9999, 41, -9999, 39, 99, -9999, -9999, -9999, -9999, -9999, 8, 93, 82, -9999, -9999, -9999, 71, -9999, -9999, -9999, -9999, 21, -9999, 95, -9999, 6, -9999, 72, 56, -9999, 1, 78, -9999, 22, 9, 45, 37, -9999, -9999, -9999, -9999, 84, -9999, -9999, 90, -9999, 69, -9999, -9999, -9999, 14, 20, 3, -9999, -9999, -9999, -9999, -9999, -9999, 74, -9999, 76, -9999, 20, -9999, -9999, 89, -9999, -9999, -9999, -9999, -9999, -9999, -9999, -9999],
[-9999, 12, -9999, 5, -9999, -9999, 40, 55, -9999, -9999, 30, -9999, -9999, 68, -9999, 95, 82, -9999, 27, -9999, -9999, -9999, -9999, -9999, 70, -9999, 71, 71, 22, -9999, 40, -9999, 85, 29, -9999, 39, 49, 15, 18, -9999, -9999, 18, 79, 19, -9999, -9999, 79, -9999, 26, -9999, -9999, -9999, 41, 61, -9999, 91, 17, 19, 54, -9999, 37, 16, -9999, -9999, 50, -9999, 54, 91, -9999, 43, 21, 47, -9999, -9999, -9999, -9999, 60, 93, 91, -9999, -9999, -9999, 9, -9999, 13, -9999, 56, 6, -9999, -9999, -9999, 63, -9999, -9999, -9999, 18, 6, -9999, -9999, -9999],
[72, 100, -9999, 91, -9999, -9999, -9999, 16, -9999, -9999, 77, -9999, 76, 16, 43, 36, -9999, 64, 83, -9999, 62, -9999, -9999, 89, 100, -9999, -9999, -9999, 28, -9999, -9999, -9999, -9999, 51, -9999, -9999, 88, -9999, 91, -9999, -9999, 38, -9999, -9999, -9999, -9999, -9999, -9999, 15, -9999, 32, -9999, -9999, 12, -9999, -9999, -9999, 81, 45, -9999, 89, -9999, -9999, 100, -9999, 52, 98, 69, 67, 79, 3, 35, 74, -9999, -9999, -9999, 79, -9999, -9999, -9999, -9999, -9999, 90, -9999, 10, -9999, -9999, 7, 95, -9999, 78, 100, -9999, 17, -9999, -9999, 73, -9999, -9999, -9999],
[11, 73, -9999, 59, -9999, -9999, -9999, 21, -9999, -9999, -9999, -9999, -9999, 52, -9999, 87, 56, -9999, 42, -9999, 67, -9999, -9999, -9999, 22, -9999, -9999, -9999, -9999, -9999, -9999, -9999, 10, -9999, -9999, 34, -9999, 62, 32, -9999, -9999, 64, -9999, 72, -9999, -9999, 1, -9999, 91, -9999, 98, -9999, -9999, 23, -9999, -9999, 27, 3, 59, 95, -9999, 56, -9999, -9999, 32, 35, 48, 33, 35, -9999, 82, 66, -9999, -9999, -9999, -9999, 11, 16, -9999, -9999, 61, -9999, -9999, 77, 2, -9999, -9999, 28, -9999, -9999, -9999, 24, -9999, 17, -9999, 88, 7, -9999, -9999, -9999],
[78, 7, -9999, -9999, -9999, -9999, -9999, 22, -9999, -9999, 31, -9999, 89, 77, -9999, 63, 77, -9999, 66, -9999, -9999, -9999, -9999, -9999, 13, -9999, -9999, -9999, 75, -9999, -9999, -9999, 18, 40, -9999, 28, 68, 37, 83, -9999, -9999, 56, -9999, 85, -9999, -9999, 60, -9999, 76, -9999, -9999, -9999, -9999, -9999, -9999, -9999, -9999, -9999, 20, -9999, 91, 53, -9999, -9999, 32, 80, 92, -9999, -9999, -9999, 84, 53, 11, -9999, -9999, -9999, 90, 24, -9999, -9999, 21, -9999, 9, -9999, -9999, -9999, -9999, 51, 46, 76, 43, -9999, -9999, 44, -9999, 63, 22, -9999, -9999, -9999],
[76, 94, -9999, 90, -9999, -9999, -9999, 44, -9999, -9999, 44, -9999, 96, 12, 12, 24, 95, -9999, -9999, -9999, -9999, -9999, -9999, 77, 25, -9999, 74, 23, -9999, -9999, 96, 65, 20, 86, -9999, 51, 7, 59, 93, -9999, -9999, 76, -9999, -9999, -9999, -9999, -9999, -9999, 78, -9999, 61, -9999, -9999, 93, -9999, 5, -9999, -9999, 18, 43, 82, 75, -9999, -9999, -9999, -9999, 49, 100, 54, 25, -9999, -9999, 36, -9999, -9999, 3, 55, 86, 68, -9999, 70, -9999, -9999, -9999, -9999, -9999, -9999, 66, 37, 97, 98, 71, -9999, -9999, -9999, 90, 90, -9999, -9999, -9999],
[-9999, 60, -9999, -9999, -9999, -9999, -9999, -9999, -9999, -9999, 64, -9999, -9999, -9999, -9999, -9999, 24, -9999, -9999, -9999, 89, -9999, -9999, -9999, -9999, -9999, -9999, -9999, -9999, -9999, -9999, -9999, 53, -9999, -9999, -9999, 95, -9999, -9999, -9999, -9999, -9999, -9999, -9999, -9999, -9999, 52, -9999, 71, -9999, -9999, -9999, -9999, -9999, -9999, -9999, -9999, -9999, 93, -9999, -9999, -9999, -9999, -9999, -9999, -9999, 10, 20, 52, -9999, 52, -9999, -9999, -9999, -9999, -9999, 79, -9999, -9999, -9999, -9999, -9999, 31, -9999, -9999, -9999, -9999, -9999, -9999, -9999, -9999, -9999, -9999, -9999, -9999, -9999, -9999, -9999, -9999, -9999],
[-9999, -9999, -9999, -9999, -9999, -9999, -9999, -9999, -9999, -9999, -9999, -9999, -9999, -9999, -9999, -9999, -9999, -9999, 1, -9999, -9999, -9999, -9999, -9999, -9999, -9999, -9999, 64, -9999, -9999, -9999, -9999, -9999, -9999, -9999, -9999, -9999, -9999, -9999, -9999, -9999, -9999, -9999, -9999, -9999, -9999, -9999, 79, -9999, -9999, -9999, -9999, -9999, -9999, -9999, -9999, -9999, -9999, -9999, -9999, -9999, -9999, -9999, -9999, -9999, -9999, -9999, 89, -9999, -9999, -9999, -9999, 62, 57, -9999, -9999, -9999, -9999, 48, -9999, -9999, -9999, -9999, -9999, -9999, -9999, -9999, -9999, 56, -9999, -9999, -9999, -9999, -9999, -9999, -9999, -9999, -9999, -9999, -9999],
[-9999, -9999, -9999, -9999, -9999, -9999, -9999, -9999, -9999, -9999, -9999, -9999, -9999, -9999, -9999, -9999, -9999, -9999, -9999, -9999, -9999, 40, -9999, -9999, -9999, -9999, -9999, 85, -9999, -9999, -9999, -9999, -9999, -9999, -9999, -9999, -9999, -9999, 26, -9999, -9999, -9999, -9999, -9999, -9999, -9999, -9999, -9999, -9999, -9999, -9999, -9999, -9999, -9999, -9999, -9999, -9999, -9999, -9999, -9999, -9999, -9999, -9999, -9999, -9999, -9999, -9999, 82, -9999, -9999, -9999, -9999, -9999, 54, -9999, -9999, -9999, -9999, 65, -9999, -9999, -9999, -9999, -9999, -9999, -9999, -9999, -9999, -9999, -9999, -9999, -9999, -9999, -9999, -9999, -9999, -9999, -9999, -9999, -9999],
[-9999, 16, -9999, -9999, -9999, -9999, -9999, 25, -9999, -9999, 65, -9999, 42, -9999, -9999, 17, -9999, -9999, -9999, -9999, 6, -9999, -9999, -9999, -9999, -9999, -9999, -9999, -9999, -9999, -9999, -9999, 38, -9999, -9999, -9999, 46, -9999, -9999, -9999, -9999, -9999, -9999, -9999, -9999, -9999, -9999, -9999, 35, -9999, -9999, -9999, 91, -9999, -9999, -9999, -9999, -9999, 33, -9999, -9999, -9999, -9999, -9999, -9999, -9999, 96, 9, -9999, 42, -9999, -9999, -9999, -9999, -9999, -9999, 51, -9999, -9999, -9999, -9999, -9999, -9999, -9999, -9999, -9999, -9999, -9999, -9999, -9999, -9999, -9999, -9999, -9999, -9999, -9999, -9999, -9999, -9999, -9999],
[-9999, -9999, -9999, -9999, -9999, -9999, -9999, -9999, -9999, -9999, -9999, -9999, -9999, -9999, -9999, -9999, -9999, -9999, -9999, -9999, -9999, -9999, -9999, -9999, -9999, -9999, -9999, -9999, -9999, -9999, -9999, -9999, -9999, -9999, -9999, -9999, -9999, -9999, -9999, -9999, -9999, -9999, -9999, -9999, -9999, -9999, -9999, -9999, -9999, -9999, -9999, -9999, -9999, -9999, -9999, -9999, -9999, -9999, -9999, -9999, -9999, -9999, -9999, -9999, -9999, -9999, -9999, 14, -9999, -9999, -9999, -9999, -9999, -9999, -9999, -9999, -9999, -9999, -9999, -9999, -9999, -9999, -9999, -9999, -9999, -9999, -9999, -9999, 37, -9999, -9999, -9999, -9999, -9999, -9999, -9999, -9999, -9999, -9999, -9999],
[69, 81, -9999, -9999, -9999, -9999, 42, 89, -9999, -9999, 94, 24, -9999, 32, 88, -9999, -9999, 61, 49, -9999, 65, -9999, -9999, 53, 98, -9999, 78, -9999, 87, 36, -9999, 98, 9, -9999, -9999, 74, -9999, -9999, 78, -9999, -9999, -9999, 48, 41, -9999, -9999, -9999, -9999, 1, -9999, -9999, -9999, -9999, 96, -9999, 3, 37, -9999, 22, 12, 53, 49, -9999, -9999, -9999, -9999, 97, 32, 30, -9999, 80, 27, 88, -9999, -9999, -9999, 52, -9999, -9999, -9999, 10, -9999, 80, -9999, 25, -9999, -9999, 44, 24, -9999, 11, 82, -9999, -9999, -9999, 42, 73, -9999, -9999, -9999],
[-9999, 48, -9999, -9999, -9999, 71, -9999, -9999, -9999, 94, 45, -9999, 25, -9999, -9999, -9999, 18, -9999, 32, -9999, 28, -9999, -9999, -9999, 63, -9999, -9999, -9999, -9999, 23, -9999, -9999, 94, -9999, -9999, -9999, -9999, -9999, -9999, -9999, -9999, -9999, -9999, -9999, -9999, -9999, 62, -9999, 77, -9999, -9999, -9999, -9999, -9999, -9999, -9999, -9999, -9999, 91, -9999, -9999, -9999, 57, -9999, 59, -9999, 48, -9999, 100, 36, -9999, -9999, -9999, 53, -9999, -9999, 62, -9999, -9999, 61, -9999, 1, -9999, -9999, -9999, 46, -9999, -9999, -9999, -9999, -9999, -9999, -9999, -9999, -9999, -9999, -9999, -9999, -9999, -9999]
];
