NbNodes = 100;
NbNDDs = 0;
NbPairs = 100;
NbTerminals = 0;
K = 0;
L = 102;
Wt = [
[-9999, -9999, 31, -9999, -9999, -9999, -9999, -9999, 76, 90, 48, -9999, -9999, 33, -9999, 94, -9999, 17, 18, -9999, 56, -9999, 15, 64, -9999, -9999, 16, -9999, -9999, -9999, 79, 72, 35, 83, 23, 80, -9999, 89, 62, 4, 79, -9999, 62, -9999, -9999, 5, 47, -9999, -9999, 99, -9999, -9999, 83, 13, -9999, 65, -9999, 41, 7, -9999, -9999, -9999, -9999, -9999, -9999, -9999, -9999, -9999, -9999, -9999, -9999, 65, -9999, 92, -9999, 39, 90, -9999, 55, 16, -9999, 71, -9999, -9999, -9999, -9999, 60, -9999, 93, 3, 47, 79, -9999, -9999, -9999, -9999, 12, 10, 2, -9999],
[-9999, -9999, -9999, -9999, -9999, 18, -9999, -9999, -9999, -9999, -9999, 39, -9999, -9999, -9999, 59, -9999, 31, -9999, -9999, 84, 50, -9999, -9999, 55, -9999, -9999, -9999, -9999, -9999, -9999, -9999, -9999, -9999, -9999, 17, -9999, -9999, -9999, -9999, -9999, -9999, -9999, -9999, -9999, 31, -9999, -9999, 53, -9999, -9999, -9999, -9999, -9999, 66, -9999, -9999, -9999, 56, -9999, -9999, 56, 9, 84, -9999, -9999, -9999, -9999, -9999, 67, 90, -9999, -9999, -9999, -9999, -9999, 78, -9999, -9999, -9999, -9999, -9999, -9999, -9999, -9999, 84, -9999, -9999, -9999, -9999, -9999, -9999, -9999, -9999, -9999, -9999, 20, -9999, 79, -9999],
[-9999, -9999, -9999, -9999, -9999, 49, -9999, 67, -9999, -9999, -9999, -9999, -9999, -9999, -9999, 98, -9999, 6, -9999, -9999, 15, -9999, -9999, -9999, 82, 49, -9999, -9999, -9999, -9999, 79, -9999, -9999, 80, -9999, -9999, -9999, -9999, -9999, -9999, -9999, -9999, -9999, -9999, -9999, 82, -9999, -9999, 66, -9999, -9999, -9999, -9999, -9999, -9999, -9999, -9999, -9999, 29, -9999, -9999, 96, -9999, 47, -9999, -9999, 6, -9999, -9999, 94, 15, -9999, -9999, -9999, 7, 33, 95, -9999, -9999, -9999, -9999, -9999, -9999, -9999, -9999, -9999, -9999, -9999, -9999, -9999, -9999, -9999, -9999, -9999, -9999, 79, 44, -9999, -9999, -9999],
[60, -9999, -9999, -9999, 98, -9999, 12, -9999, -9999, 36, 23, 93, 49, 28, -9999, 84, 23, 55, -9999, -9999, 66, -9999, -9999, -9999, -9999, 67, 19, -9999, -9999, 28, -9999, 33, 1, 45, -9999, 1, -9999, -9999, 16, -9999, 12, -9999, -9999, -9999, -9999, 29, 5, -9999, 58, -9999, -9999, 89, -9999, 8, -9999, 90, -9999, -9999, -9999, -9999, -9999, 33, -9999, 22, -9999, 73, -9999, -9999, 70, -9999, 93, 30, -9999, -9999, -9999, 83, 93, 86, -9999, 89, -9999, -9999, 25, -9999, -9999, 90, 100, -9999, 22, -9999, 42, -9999, -9999, -9999, -9999, -9999, -9999, 75, 50, -9999],
[58, -9999, -9999, 59, -9999, -9999, -9999, 98, -9999, -9999, -9999, 36, 84, -9999, -9999, -9999, -9999, -9999, -9999, -9999, 90, -9999, 73, 40, -9999, 65, 93, -9999, -9999, -9999, 54, 76, 35, -9999, 34, 24, 18, 18, 63, -9999, -9999, -9999, -9999, -9999, -9999, 67, 51, -9999, -9999, -9999, -9999, 67, 40, 64, -9999, 85, -9999, -9999, -9999, -9999, 79, 69, 36, -9999, -9999, 32, 4, -9999, -9999, 41, -9999, 85, -9999, -9999, -9999, -9999, 30, -9999, -9999, -9999, -9999, -9999, -9999, -9999, 2, 45, 53, 72, 74, -9999, 32, -9999, -9999, -9999, -9999, -9999, 33, 4, -9999, -9999],
[85, -9999, -9999, 5, -9999, -9999, 23, -9999, -9999, 25, -9999, -9999, 1, -9999, -9999, 27, -9999, 6, -9999, -9999, 46, 53, -9999, 11, -9999, 7, 41, -9999, -9999, -9999, -9999, 60, -9999, -9999, 63, 62, -9999, 56, 5, -9999, 89, -9999, -9999, -9999, -9999, 67, -9999, -9999, -9999, -9999, -9999, 36, 17, 3, -9999, -9999, -9999, -9999, 70, -9999, 99, -9999, 74, -9999, -9999, -9999, -9999, -9999, 89, 93, -9999, 17, -9999, -9999, -9999, -9999, 38, 3, -9999, 13, -9999, -9999, 45, -9999, 32, 86, 70, -9999, -9999, 99, 72, -9999, -9999, -9999, -9999, 36, 8, 13, -9999, -9999],
[-9999, -9999, -9999, -9999, 30, 26, -9999, 44, -9999, 32, 17, -9999, -9999, -9999, -9999, -9999, 10, 59, -9999, -9999, 54, -9999, 41, 50, 51, 31, -9999, -9999, -9999, 68, 9, 87, 47, 8, 69, -9999, 8, -9999, 2, -9999, 98, -9999, -9999, -9999, -9999, 65, -9999, -9999, -9999, -9999, -9999, -9999, 88, 38, -9999, 39, -9999, -9999, 15, -9999, -9999, 80, 58, 56, -9999, 66, -9999, -9999, 96, -9999, 40, -9999, -9999, -9999, -9999, 93, 95, 54, -9999, -9999, -9999, -9999, -9999, -9999, 7, -9999, -9999, -9999, -9999, -9999, 26, -9999, -9999, -9999, -9999, -9999, -9999, 13, 44, -9999],
[-9999, -9999, -9999, 84, -9999, 36, -9999, -9999, -9999, -9999, -9999, 72, -9999, -9999, -9999, 3, 3, -9999, -9999, -9999, 51, 17, 14, 82, 81, 14, 41, -9999, -9999, 55, 29, 68, 21, 23, -9999, 80, 94, 100, 99, -9999, 34, -9999, -9999, -9999, -9999, 99, -9999, -9999, 31, -9999, -9999, 79, -9999, 47, 19, 66, -9999, -9999, -9999, -9999, -9999, -9999, 82, 89, -9999, 97, -9999, -9999, -9999, -9999, -9999, -9999, -9999, -9999, -9999, 58, 33, -9999, -9999, -9999, -9999, -9999, 67, -9999, 73, 22, -9999, -9999, -9999, 91, -9999, -9999, -9999, 68, -9999, -9999, -9999, 35, -9999, -9999],
[-9999, -9999, -9999, 36, -9999, -9999, -9999, -9999, -9999, -9999, -9999, -9999, -9999, -9999, -9999, 86, -9999, -9999, -9999, -9999, 10, -9999, -9999, -9999, 47, -9999, -9999, -9999, -9999, -9999, -9999, -9999, -9999, -9999, -9999, -9999, -9999, -9999, -9999, -9999, -9999, -9999, -9999, -9999, -9999, 46, -9999, -9999, 1, -9999, -9999, -9999, -9999, -9999, -9999, -9999, -9999, -9999, 37, -9999, -9999, -9999, -9999, 13, -9999, -9999, -9999, -9999, -9999, 93, 16, -9999, -9999, 63, -9999, 100, 65, -9999, -9999, -9999, -9999, -9999, -9999, -9999, -9999, -9999, -9999, -9999, 95, -9999, -9999, -9999, -9999, -9999, -9999, -9999, 56, -9999, 11, -9999],
[-9999, -9999, -9999, 53, -9999, 6, -9999, -9999, -9999, -9999, -9999, -9999, -9999, -9999, -9999, -9999, -9999, 44, -9999, -9999, 45, 10, -9999, -9999, 34, -9999, -9999, -9999, -9999, -9999, 36, -9999, -9999, -9999, -9999, 71, -9999, -9999, -9999, -9999, -9999, -9999, -9999, -9999, -9999, 71, -9999, -9999, 86, -9999, -9999, -9999, -9999, -9999, -9999, -9999, -9999, -9999, -9999, -9999, -9999, -9999, 62, 16, -9999, -9999, -9999, -9999, -9999, 17, 34, -9999, -9999, -9999, -9999, -9999, 98, -9999, -9999, -9999, -9999, -9999, -9999, -9999, -9999, 48, -9999, -9999, -9999, 87, -9999, -9999, -9999, 8, 67, -9999, 92, -9999, 86, -9999],
[-9999, -9999, -9999, -9999, -9999, -9999, -9999, -9999, -9999, -9999, -9999, -9999, -9999, -9999, -9999, 20, -9999, -9999, -9999, -9999, 68, 74, -9999, -9999, 46, -9999, -9999, -9999, -9999, -9999, -9999, -9999, -9999, -9999, -9999, 98, -9999, -9999, -9999, -9999, -9999, -9999, -9999, -9999, -9999, 100, -9999, -9999, -9999, 80, -9999, -9999, -9999, -9999, -9999, -9999, -9999, -9999, 27, -9999, -9999, -9999, -9999, -9999, -9999, -9999, 28, -9999, -9999, 15, 58, -9999, -9999, 59, -9999, 27, 9, -9999, -9999, -9999, -9999, -9999, -9999, -9999, -9999, 89, -9999, -9999, 48, 55, -9999, -9999, -9999, 96, -9999, -9999, 94, -9999, -9999, -9999],
[-9999, -9999, -9999, 65, -9999, 86, 6, -9999, -9999, 34, -9999, -9999, -9999, -9999, -9999, 1, -9999, -9999, -9999, -9999, 40, 77, -9999, -9999, -9999, 25, 6, -9999, -9999, -9999, -9999, 1, 3, -9999, 80, -9999, -9999, -9999, 35, -9999, -9999, -9999, -9999, -9999, -9999, 75, -9999, -9999, 74, -9999, -9999, -9999, 38, 9, -9999, -9999, -9999, -9999, 31, 16, -9999, -9999, -9999, 46, -9999, 55, -9999, -9999, 90, 31, 63, -9999, -9999, 59, -9999, 53, 45, -9999, -9999, 51, -9999, -9999, 43, -9999, 56, 43, 73, 9, 26, 9, -9999, -9999, -9999, -9999, -9999, -9999, 37, 27, -9999, -9999],
[-9999, -9999, -9999, -9999, -9999, -9999, 50, -9999, -9999, -9999, -9999, -9999, -9999, -9999, -9999, -9999, 29, -9999, -9999, -9999, -9999, -9999, -9999, -9999, -9999, -9999, -9999, -9999, -9999, -9999, -9999, -9999, -9999, -9999, -9999, -9999, -9999, -9999, -9999, -9999, -9999, -9999, -9999, -9999, -9999, -9999, -9999, -9999, -9999, -9999, -9999, -9999, -9999, -9999, -9999, -9999, -9999, -9999, -9999, -9999, -9999, -9999, -9999, -9999, -9999, 43, -9999, -9999, -9999, -9999, -9999, -9999, -9999, -9999, -9999, -9999, -9999, -9999, -9999, -9999, -9999, -9999, -9999, -9999, -9999, -9999, -9999, -9999, -9999, -9999, -9999, -9999, -9999, -9999, -9999, -9999, -9999, 56, -9999, -9999],
[-9999, -9999, -9999, 26, 72, 97, 98, -9999, -9999, -9999, 46, -9999, -9999, -9999, -9999, 46, 21, -9999, -9999, -9999, 83, 93, 57, -9999, -9999, -9999, -9999, -9999, -9999, -9999, 46, 11, 87, -9999, -9999, 81, -9999, 34, 9, -9999, 100, -9999, -9999, -9999, -9999, 20, -9999, -9999, -9999, -9999, -9999, -9999, 18, 94, -9999, 47, -9999, -9999, 29, -9999, -9999, 11, 91, -9999, -9999, -9999, -9999, -9999, -9999, 44, -9999, -9999, -9999, 45, -9999, -9999, 89, -9999, -9999, -9999, -9999, -9999, -9999, -9999, -9999, -9999, 61, 50, -9999, 55, 53, -9999, -9999, -9999, -9999, -9999, -9999, 76, 93, -9999],
[70, -9999, -9999, 2, -9999, 35, 54, -9999, -9999, 62, -9999, 22, -9999, 25, -9999, 66, -9999, -9999, -9999, -9999, 71, 85, 82, 97, -9999, 79, 31, -9999, -9999, -9999, 8, 76, -9999, 85, 66, -9999, -9999, 72, 48, -9999, -9999, -9999, -9999, -9999, -9999, 85, -9999, -9999, -9999, -9999, -9999, 3, 94, 3, -9999, 24, -9999, -9999, 98, -9999, 17, 71, 13, 27, -9999, 30, 70, -9999, 31, 32, 84, 78, -9999, 50, -9999, 42, 61, 31, -9999, 26, -9999, -9999, 71, -9999, 53, 33, 96, -9999, 83, -9999, 78, -9999, -9999, 38, -9999, -9999, 44, -9999, 5, -9999],
[-9999, -9999, -9999, -9999, -9999, -9999, -9999, -9999, -9999, -9999, -9999, 77, -9999, -9999, -9999, -9999, -9999, -9999, -9999, -9999, 100, -9999, -9999, -9999, 29, -9999, -9999, -9999, -9999, -9999, -9999, -9999, -9999, 13, -9999, -9999, -9999, -9999, -9999, -9999, -9999, -9999, -9999, -9999, -9999, 58, -9999, -9999, 86, -9999, -9999, -9999, -9999, -9999, -9999, -9999, -9999, -9999, -9999, -9999, -9999, 58, 92, -9999, -9999, -9999, -9999, -9999, -9999, -9999, -9999, -9999, -9999, 92, -9999, 5, 74, -9999, -9999, -9999, -9999, -9999, -9999, -9999, -9999, 86, -9999, -9999, 5, -9999, -9999, -9999, -9999, -9999, -9999, 13, 40, -9999, 89, -9999],
[-9999, -9999, -9999, 95, 90, 88, 77, -9999, -9999, 94, 49, 71, -9999, -9999, -9999, -9999, -9999, -9999, -9999, -9999, 11, 9, -9999, 14, 55, -9999, 69, -9999, -9999, -9999, 80, 44, 31, 86, -9999, 69, 52, 45, 27, -9999, 45, -9999, -9999, 69, -9999, 79, -9999, -9999, -9999, -9999, -9999, 96, -9999, 82, -9999, -9999, -9999, -9999, 97, -9999, 10, -9999, 82, 92, -9999, -9999, -9999, -9999, -9999, 79, -9999, -9999, -9999, -9999, -9999, 62, 21, 25, -9999, 74, -9999, -9999, -9999, -9999, 85, 7, 73, -9999, 10, -9999, -9999, -9999, -9999, -9999, -9999, -9999, -9999, 53, 86, -9999],
[-9999, -9999, -9999, -9999, -9999, -9999, 8, -9999, -9999, -9999, -9999, -9999, -9999, -9999, -9999, -9999, 11, -9999, -9999, -9999, -9999, -9999, -9999, -9999, -9999, -9999, -9999, -9999, -9999, -9999, -9999, -9999, -9999, -9999, -9999, -9999, -9999, -9999, -9999, -9999, -9999, -9999, -9999, -9999, -9999, -9999, -9999, -9999, -9999, -9999, -9999, -9999, -9999, -9999, -9999, -9999, -9999, -9999, -9999, -9999, -9999, -9999, -9999, -9999, -9999, 18, -9999, -9999, -9999, -9999, -9999, -9999, -9999, -9999, -9999, -9999, -9999, -9999, -9999, -9999, -9999, -9999, -9999, -9999, -9999, -9999, -9999, -9999, -9999, -9999, -9999, -9999, -9999, -9999, -9999, -9999, -9999, 27, -9999, -9999],
[87, -9999, -9999, -9999, 62, 28, 90, -9999, -9999, -9999, 73, -9999, -9999, -9999, -9999, -9999, 24, 11, -9999, -9999, 3, 71, 10, -9999, -9999, 43, -9999, -9999, -9999, 47, 75, 22, 5, 95, 69, 6, -9999, 1, 66, -9999, 79, -9999, -9999, -9999, -9999, 88, 31, -9999, 79, -9999, -9999, 90, 75, 99, -9999, -9999, -9999, -9999, 76, -9999, 17, -9999, -9999, -9999, -9999, 34, -9999, -9999, -9999, 4, -9999, 32, -9999, -9999, -9999, -9999, 63, 98, -9999, 84, -9999, -9999, -9999, -9999, 3, 78, 69, 62, -9999, 44, 16, -9999, -9999, -9999, -9999, -9999, -9999, 44, 28, -9999],
[-9999, -9999, -9999, -9999, -9999, -9999, -9999, -9999, -9999, -9999, -9999, -9999, -9999, -9999, -9999, -9999, -9999, -9999, -9999, -9999, -9999, -9999, -9999, -9999, -9999, -9999, -9999, -9999, -9999, -9999, -9999, -9999, -9999, -9999, -9999, -9999, -9999, -9999, -9999, -9999, -9999, -9999, -9999, -9999, -9999, -9999, -9999, -9999, -9999, -9999, -9999, -9999, -9999, -9999, -9999, -9999, -9999, -9999, -9999, -9999, -9999, -9999, -9999, -9999, -9999, -9999, -9999, -9999, -9999, -9999, -9999, -9999, -9999, -9999, -9999, -9999, -9999, -9999, -9999, -9999, -9999, -9999, -9999, -9999, -9999, -9999, -9999, -9999, -9999, -9999, -9999, -9999, -9999, -9999, -9999, -9999, -9999, -9999, -9999, -9999],
[-9999, 32, -9999, 14, 34, 6, -9999, -9999, -9999, -9999, -9999, 75, 34, -9999, -9999, 75, 52, 53, -9999, -9999, -9999, 23, -9999, 92, -9999, -9999, 60, -9999, -9999, -9999, 73, 90, 69, 71, -9999, -9999, -9999, 65, 14, -9999, -9999, -9999, -9999, -9999, -9999, 12, 89, -9999, -9999, -9999, -9999, 41, -9999, 66, -9999, -9999, -9999, -9999, 94, -9999, 92, -9999, -9999, 67, -9999, 14, -9999, -9999, 21, -9999, -9999, 96, -9999, 85, -9999, 22, 37, 81, -9999, 56, -9999, -9999, -9999, -9999, 25, 60, -9999, -9999, 68, -9999, -9999, -9999, -9999, -9999, -9999, -9999, 95, 7, 49, -9999],
[-9999, -9999, -9999, -9999, -9999, -9999, 27, -9999, -9999, -9999, -9999, -9999, -9999, -9999, -9999, -9999, 36, -9999, -9999, -9999, -9999, -9999, -9999, -9999, -9999, -9999, -9999, -9999, -9999, -9999, -9999, -9999, -9999, -9999, -9999, -9999, -9999, -9999, -9999, -9999, -9999, -9999, -9999, -9999, -9999, -9999, -9999, -9999, -9999, -9999, -9999, -9999, -9999, -9999, -9999, -9999, -9999, -9999, -9999, -9999, -9999, -9999, -9999, -9999, -9999, -9999, -9999, -9999, -9999, -9999, -9999, -9999, -9999, -9999, -9999, -9999, -9999, -9999, -9999, -9999, -9999, -9999, -9999, -9999, -9999, -9999, -9999, -9999, -9999, -9999, -9999, -9999, -9999, -9999, -9999, -9999, -9999, -9999, -9999, -9999],
[-9999, -9999, 84, -9999, 42, 78, -9999, -9999, -9999, 88, 40, -9999, 17, 53, 19, 32, 1, 92, 47, -9999, 34, 92, -9999, 77, -9999, 53, -9999, -9999, -9999, 19, 52, 61, 15, 39, 5, 100, 52, 43, 31, -9999, 32, 40, 35, -9999, 82, 55, 96, -9999, 99, -9999, 77, 11, -9999, 34, -9999, -9999, -9999, -9999, 9, -9999, -9999, -9999, 93, 36, 96, 81, -9999, 1, 35, 45, -9999, 38, 11, -9999, -9999, 38, 64, 84, -9999, -9999, -9999, -9999, 76, -9999, 78, 74, -9999, -9999, 6, -9999, 11, 55, -9999, -9999, -9999, -9999, 82, 23, 31, -9999],
[24, -9999, -9999, 5, -9999, 34, -9999, -9999, -9999, 94, 83, -9999, -9999, 85, -9999, 36, 14, -9999, -9999, 96, 43, 23, 34, -9999, -9999, -9999, -9999, -9999, -9999, 84, 83, 36, 33, 67, 67, 20, 93, 87, 89, -9999, 55, -9999, -9999, -9999, -9999, 37, -9999, -9999, -9999, -9999, -9999, -9999, 63, 29, -9999, 62, -9999, -9999, 62, -9999, 6, 68, -9999, -9999, -9999, 74, -9999, -9999, -9999, -9999, -9999, -9999, -9999, -9999, -9999, -9999, 47, 28, -9999, -9999, -9999, -9999, -9999, -9999, 72, -9999, -9999, -9999, 82, -9999, 61, -9999, -9999, 12, -9999, 100, -9999, 64, 73, 20],
[-9999, -9999, -9999, -9999, -9999, -9999, -9999, -9999, -9999, -9999, -9999, -9999, -9999, -9999, -9999, -9999, 85, -9999, -9999, -9999, -9999, -9999, -9999, -9999, -9999, -9999, -9999, -9999, -9999, -9999, -9999, -9999, -9999, -9999, -9999, -9999, -9999, -9999, -9999, -9999, -9999, -9999, -9999, -9999, -9999, -9999, -9999, -9999, -9999, -9999, -9999, -9999, -9999, -9999, -9999, -9999, -9999, 95, -9999, -9999, -9999, -9999, -9999, -9999, 70, -9999, -9999, -9999, -9999, -9999, -9999, -9999, -9999, -9999, -9999, -9999, -9999, -9999, -9999, -9999, -9999, -9999, -9999, -9999, -9999, -9999, -9999, -9999, -9999, -9999, -9999, -9999, -9999, -9999, -9999, -9999, -9999, -9999, -9999, -9999],
[-9999, -9999, -9999, 49, -9999, 32, -9999, -9999, -9999, -9999, -9999, 89, -9999, -9999, -9999, 82, -9999, -9999, -9999, -9999, 28, -9999, -9999, -9999, 62, -9999, -9999, -9999, -9999, -9999, 8, -9999, -9999, -9999, -9999, -9999, -9999, -9999, -9999, -9999, -9999, -9999, -9999, -9999, -9999, 53, -9999, -9999, 15, -9999, -9999, -9999, -9999, -9999, -9999, -9999, -9999, -9999, 45, -9999, -9999, -9999, 89, 28, -9999, -9999, -9999, -9999, -9999, 77, 28, -9999, -9999, 47, -9999, 66, 97, -9999, -9999, -9999, -9999, -9999, -9999, -9999, -9999, 2, -9999, -9999, 86, -9999, -9999, -9999, -9999, -9999, -9999, -9999, -9999, -9999, 80, 27],
[86, -9999, -9999, 21, 20, 33, -9999, -9999, -9999, -9999, 31, 18, -9999, 20, -9999, 9, 39, -9999, -9999, -9999, 64, 74, 33, 97, 17, 91, -9999, 20, -9999, 74, 45, 41, 47, -9999, 51, -9999, -9999, -9999, 36, -9999, -9999, -9999, -9999, -9999, -9999, 2, 45, -9999, -9999, -9999, -9999, -9999, -9999, 100, -9999, -9999, -9999, -9999, 20, -9999, -9999, 85, 89, 83, -9999, 65, -9999, -9999, 99, 18, 10, 6, -9999, 82, -9999, 12, 72, 31, -9999, 57, -9999, -9999, -9999, -9999, -9999, 6, 44, 41, -9999, 87, 21, -9999, -9999, -9999, -9999, -9999, -9999, 26, 60, -9999],
[-9999, 43, -9999, -9999, -9999, -9999, -9999, -9999, 3, 58, 31, -9999, 41, -9999, -9999, 67, -9999, 36, 89, -9999, 79, -9999, 88, 1, -9999, 6, -9999, -9999, -9999, 43, 87, 42, -9999, 90, 34, -9999, -9999, 93, 47, -9999, 67, 55, 15, -9999, -9999, 69, -9999, 33, 96, -9999, 49, 66, -9999, 55, -9999, -9999, -9999, 88, -9999, -9999, 22, 100, -9999, 47, 89, 14, -9999, -9999, -9999, -9999, -9999, -9999, -9999, 5, -9999, -9999, 72, 90, -9999, 76, 91, -9999, -9999, -9999, -9999, -9999, 92, -9999, -9999, 79, 93, 48, -9999, 25, 60, 27, 76, -9999, -9999, -9999],
[-9999, -9999, -9999, -9999, -9999, -9999, 45, -9999, -9999, -9999, -9999, -9999, -9999, -9999, -9999, -9999, 88, -9999, -9999, -9999, -9999, -9999, -9999, -9999, -9999, -9999, -9999, -9999, -9999, -9999, -9999, -9999, -9999, -9999, -9999, -9999, -9999, -9999, -9999, -9999, -9999, -9999, -9999, -9999, -9999, -9999, -9999, -9999, -9999, -9999, -9999, -9999, -9999, -9999, -9999, -9999, -9999, -9999, -9999, -9999, -9999, -9999, -9999, -9999, -9999, 26, -9999, -9999, -9999, -9999, -9999, -9999, -9999, -9999, -9999, -9999, -9999, -9999, -9999, -9999, -9999, -9999, -9999, -9999, -9999, -9999, -9999, -9999, -9999, -9999, -9999, -9999, -9999, -9999, -9999, -9999, -9999, -9999, -9999, -9999],
[-9999, -9999, -9999, 10, -9999, 10, 63, -9999, -9999, 20, -9999, -9999, 85, 83, -9999, 40, 48, -9999, -9999, -9999, 12, -9999, -9999, 36, 41, 5, 67, -9999, -9999, -9999, 69, 45, -9999, -9999, 73, 24, 99, -9999, 5, -9999, -9999, -9999, -9999, -9999, -9999, 36, -9999, -9999, -9999, -9999, -9999, -9999, 3, 44, -9999, -9999, -9999, -9999, 41, -9999, 78, 63, 18, -9999, -9999, -9999, -9999, -9999, -9999, 50, -9999, 29, -9999, 55, -9999, 2, 29, 46, -9999, -9999, -9999, -9999, 66, -9999, 65, -9999, 95, 73, -9999, 94, -9999, -9999, -9999, -9999, -9999, -9999, 90, 41, 27, -9999],
[-9999, -9999, -9999, -9999, -9999, 98, -9999, -9999, -9999, -9999, -9999, 26, -9999, -9999, -9999, -9999, -9999, 69, -9999, -9999, 78, 48, -9999, -9999, 47, 59, -9999, -9999, -9999, -9999, -9999, -9999, -9999, -9999, -9999, -9999, -9999, -9999, -9999, -9999, -9999, -9999, -9999, -9999, -9999, 24, -9999, -9999, 49, -9999, -9999, -9999, -9999, -9999, -9999, -9999, -9999, -9999, -9999, -9999, -9999, -9999, 14, 74, -9999, -9999, -9999, -9999, -9999, 3, 4, -9999, -9999, -9999, -9999, 96, 33, -9999, -9999, -9999, -9999, -9999, -9999, -9999, -9999, 69, -9999, -9999, -9999, 78, -9999, -9999, -9999, 34, -9999, -9999, -9999, -9999, 43, -9999],
[-9999, -9999, -9999, 36, -9999, -9999, -9999, -9999, -9999, 5, 93, -9999, 97, -9999, -9999, 96, 17, -9999, -9999, -9999, 17, -9999, -9999, -9999, 1, 99, -9999, 40, -9999, 77, -9999, -9999, 100, 46, 88, 24, 22, -9999, 82, -9999, -9999, -9999, -9999, -9999, -9999, 73, 75, -9999, 45, -9999, -9999, -9999, 31, 85, -9999, 67, -9999, -9999, 86, -9999, 44, 38, -9999, 79, -9999, 47, -9999, -9999, -9999, 37, -9999, -9999, -9999, 49, -9999, 7, 12, -9999, -9999, 5, -9999, -9999, -9999, -9999, 82, -9999, 94, 92, 41, 42, -9999, -9999, -9999, -9999, -9999, -9999, 31, 94, -9999, 89],
[-9999, -9999, -9999, 71, 43, -9999, 43, -9999, -9999, -9999, 48, 16, -9999, -9999, -9999, 35, -9999, 63, -9999, 47, 94, 70, -9999, 95, 56, 32, 12, -9999, -9999, -9999, 40, 99, -9999, 32, -9999, -9999, 82, 24, 76, -9999, -9999, -9999, -9999, -9999, -9999, 77, 5, -9999, 33, -9999, -9999, -9999, -9999, 59, -9999, 51, -9999, -9999, -9999, -9999, 67, 28, 44, 20, -9999, 58, -9999, -9999, 29, 10, 57, -9999, -9999, 44, -9999, -9999, 24, 3, -9999, 54, -9999, -9999, -9999, -9999, -9999, 25, 49, -9999, -9999, 56, -9999, -9999, -9999, -9999, -9999, 39, 63, 43, 4, -9999],
[20, -9999, -9999, -9999, -9999, 21, 89, -9999, -9999, 32, 54, 65, 14, 22, -9999, -9999, -9999, 96, -9999, -9999, 34, 5, 83, 28, 44, -9999, 46, -9999, -9999, 22, 98, 85, 8, -9999, 4, 80, -9999, -9999, 47, 43, -9999, -9999, -9999, -9999, -9999, 47, -9999, -9999, 11, -9999, -9999, 8, 68, 33, -9999, -9999, 96, -9999, -9999, 63, 67, 47, -9999, -9999, -9999, 47, -9999, -9999, -9999, 95, -9999, -9999, -9999, -9999, -9999, -9999, 24, 51, -9999, 32, -9999, -9999, -9999, -9999, -9999, 51, -9999, -9999, -9999, -9999, 95, -9999, -9999, -9999, -9999, -9999, 2, -9999, 45, -9999],
[-9999, -9999, -9999, -9999, -9999, 35, -9999, -9999, -9999, -9999, -9999, 91, -9999, -9999, -9999, -9999, -9999, -9999, -9999, -9999, 2, -9999, -9999, -9999, -9999, 27, -9999, -9999, -9999, -9999, -9999, -9999, -9999, 30, -9999, -9999, -9999, -9999, -9999, -9999, -9999, -9999, -9999, -9999, -9999, 63, -9999, -9999, 92, -9999, -9999, -9999, -9999, -9999, -9999, -9999, -9999, -9999, 88, -9999, -9999, -9999, 51, 58, -9999, -9999, -9999, -9999, -9999, -9999, -9999, -9999, -9999, 77, -9999, -9999, 2, -9999, -9999, -9999, -9999, -9999, -9999, -9999, -9999, 66, -9999, -9999, 13, 74, -9999, -9999, -9999, -9999, -9999, -9999, -9999, -9999, 51, -9999],
[-9999, -9999, -9999, -9999, -9999, -9999, -9999, -9999, -9999, -9999, -9999, -9999, -9999, -9999, -9999, -9999, -9999, -9999, -9999, -9999, -9999, -9999, -9999, -9999, -9999, -9999, -9999, -9999, -9999, -9999, -9999, -9999, -9999, -9999, -9999, -9999, -9999, -9999, -9999, -9999, -9999, -9999, -9999, -9999, -9999, -9999, -9999, -9999, -9999, -9999, -9999, -9999, -9999, -9999, -9999, -9999, -9999, -9999, -9999, -9999, -9999, -9999, -9999, -9999, -9999, -9999, -9999, -9999, -9999, -9999, -9999, -9999, -9999, -9999, -9999, -9999, -9999, -9999, -9999, -9999, -9999, -9999, -9999, -9999, -9999, -9999, -9999, -9999, -9999, -9999, -9999, -9999, -9999, -9999, -9999, -9999, -9999, -9999, -9999, -9999],
[-9999, -9999, -9999, -9999, -9999, 88, -9999, -9999, -9999, -9999, -9999, -9999, -9999, -9999, -9999, 25, -9999, -9999, -9999, -9999, 29, -9999, -9999, -9999, 17, 67, -9999, -9999, -9999, -9999, 72, -9999, -9999, 65, -9999, -9999, -9999, -9999, -9999, -9999, -9999, -9999, -9999, -9999, -9999, 5, -9999, -9999, 79, -9999, -9999, -9999, -9999, -9999, -9999, -9999, -9999, -9999, 40, -9999, -9999, -9999, -9999, 44, -9999, -9999, -9999, -9999, -9999, -9999, 33, -9999, -9999, 94, -9999, 66, 91, -9999, -9999, -9999, -9999, -9999, -9999, -9999, -9999, -9999, -9999, -9999, 4, -9999, -9999, -9999, -9999, -9999, -9999, -9999, 38, -9999, 10, -9999],
[-9999, -9999, -9999, -9999, -9999, -9999, -9999, -9999, -9999, -9999, -9999, -9999, -9999, -9999, -9999, -9999, -9999, -9999, -9999, -9999, -9999, -9999, -9999, -9999, -9999, -9999, -9999, -9999, -9999, -9999, -9999, -9999, -9999, -9999, -9999, -9999, -9999, -9999, -9999, -9999, -9999, -9999, -9999, -9999, -9999, -9999, -9999, -9999, -9999, -9999, -9999, -9999, -9999, -9999, -9999, -9999, -9999, -9999, -9999, -9999, -9999, -9999, -9999, -9999, -9999, -9999, -9999, -9999, -9999, -9999, -9999, -9999, -9999, -9999, -9999, -9999, -9999, -9999, -9999, -9999, -9999, -9999, -9999, -9999, -9999, -9999, -9999, -9999, -9999, -9999, -9999, -9999, -9999, -9999, -9999, -9999, -9999, -9999, -9999, -9999],
[-9999, -9999, -9999, -9999, -9999, 13, -9999, -9999, -9999, -9999, -9999, -9999, -9999, -9999, -9999, 38, -9999, 52, -9999, -9999, 27, 87, -9999, -9999, 16, 41, -9999, -9999, -9999, -9999, 54, -9999, -9999, -9999, -9999, 60, -9999, -9999, -9999, -9999, -9999, -9999, -9999, -9999, -9999, 13, -9999, -9999, -9999, -9999, -9999, -9999, -9999, -9999, -9999, -9999, -9999, -9999, -9999, -9999, -9999, 54, 49, 22, -9999, -9999, -9999, -9999, -9999, -9999, 79, -9999, -9999, -9999, -9999, 60, 39, -9999, -9999, -9999, -9999, -9999, -9999, -9999, -9999, -9999, -9999, -9999, 41, 97, -9999, -9999, -9999, -9999, -9999, -9999, -9999, -9999, -9999, -9999],
[-9999, -9999, -9999, -9999, -9999, 75, -9999, -9999, -9999, -9999, -9999, -9999, -9999, -9999, -9999, 56, -9999, 76, -9999, -9999, 38, -9999, -9999, -9999, 25, -9999, -9999, -9999, -9999, -9999, 25, -9999, -9999, 13, -9999, 66, -9999, -9999, -9999, -9999, -9999, -9999, -9999, -9999, -9999, 32, -9999, -9999, 82, -9999, -9999, -9999, -9999, -9999, -9999, -9999, -9999, -9999, -9999, -9999, -9999, 17, 31, 58, -9999, -9999, 81, -9999, -9999, -9999, 26, -9999, -9999, -9999, 73, 98, 98, -9999, -9999, -9999, -9999, -9999, -9999, -9999, -9999, 74, -9999, -9999, 65, 15, -9999, -9999, -9999, -9999, 53, 49, 44, -9999, -9999, -9999],
[64, -9999, -9999, 40, -9999, -9999, -9999, -9999, -9999, 58, -9999, 21, 91, 17, -9999, -9999, 100, 21, -9999, -9999, -9999, 43, 9, 12, -9999, 27, -9999, -9999, -9999, 31, 48, 53, 46, 100, 49, 79, 65, 79, 98, -9999, -9999, -9999, -9999, -9999, -9999, 17, -9999, -9999, 69, -9999, -9999, -9999, 65, 43, -9999, 23, -9999, -9999, -9999, -9999, 32, 26, 34, -9999, -9999, -9999, -9999, -9999, -9999, 18, -9999, -9999, -9999, 5, -9999, 70, 6, 98, -9999, -9999, -9999, -9999, -9999, -9999, -9999, 77, -9999, 41, 45, -9999, 3, -9999, -9999, -9999, -9999, -9999, -9999, 98, 21, -9999],
[-9999, -9999, -9999, 33, -9999, 93, -9999, -9999, -9999, -9999, -9999, -9999, -9999, -9999, -9999, 20, -9999, -9999, 57, -9999, 87, 87, -9999, -9999, -9999, 75, -9999, -9999, -9999, -9999, -9999, -9999, -9999, 63, -9999, -9999, -9999, -9999, -9999, -9999, -9999, -9999, -9999, -9999, 96, 56, -9999, -9999, 98, -9999, -9999, -9999, -9999, -9999, -9999, -9999, -9999, -9999, 82, -9999, -9999, -9999, -9999, 25, -9999, -9999, -9999, -9999, -9999, -9999, -9999, -9999, -9999, -9999, -9999, -9999, 92, -9999, -9999, -9999, -9999, -9999, -9999, -9999, -9999, -9999, -9999, -9999, 52, -9999, -9999, -9999, -9999, -9999, -9999, -9999, -9999, -9999, -9999, -9999],
[-9999, -9999, -9999, -9999, -9999, -9999, 33, -9999, -9999, -9999, -9999, -9999, -9999, -9999, -9999, -9999, -9999, -9999, -9999, -9999, -9999, -9999, -9999, -9999, -9999, -9999, -9999, -9999, -9999, -9999, -9999, -9999, -9999, -9999, -9999, -9999, -9999, -9999, -9999, -9999, -9999, -9999, -9999, -9999, -9999, -9999, -9999, -9999, -9999, -9999, -9999, -9999, -9999, -9999, -9999, -9999, -9999, -9999, -9999, -9999, -9999, -9999, -9999, -9999, -9999, 17, -9999, -9999, -9999, -9999, -9999, -9999, -9999, -9999, -9999, -9999, -9999, -9999, -9999, -9999, -9999, -9999, -9999, -9999, -9999, -9999, -9999, -9999, -9999, -9999, -9999, -9999, -9999, -9999, -9999, -9999, -9999, -9999, -9999, -9999],
[-9999, -9999, -9999, 52, -9999, -9999, -9999, -9999, -9999, -9999, -9999, -9999, -9999, -9999, -9999, 19, -9999, -9999, -9999, -9999, 35, -9999, -9999, -9999, -9999, -9999, -9999, -9999, -9999, -9999, 59, -9999, -9999, 49, -9999, 96, -9999, -9999, -9999, -9999, -9999, -9999, -9999, -9999, -9999, 60, -9999, -9999, 3, -9999, -9999, -9999, -9999, -9999, -9999, -9999, -9999, -9999, 41, -9999, -9999, 61, 64, -9999, -9999, -9999, -9999, -9999, -9999, 9, 4, -9999, -9999, -9999, 78, 5, 27, -9999, -9999, -9999, -9999, -9999, -9999, -9999, -9999, 35, -9999, -9999, 19, 70, -9999, -9999, -9999, -9999, -9999, 38, 37, -9999, 92, -9999],
[-9999, -9999, -9999, 66, -9999, 42, 12, -9999, -9999, 70, -9999, 27, 69, 79, -9999, -9999, -9999, 36, -9999, -9999, 23, 37, -9999, -9999, 48, 39, 45, -9999, -9999, 78, -9999, 27, -9999, -9999, 89, 84, -9999, -9999, 38, -9999, 50, -9999, -9999, 23, -9999, 2, 8, -9999, 31, -9999, -9999, 2, -9999, 44, 40, -9999, -9999, -9999, 4, -9999, 91, 85, 37, -9999, -9999, -9999, -9999, -9999, 78, 20, -9999, 13, -9999, 11, -9999, -9999, 75, 22, -9999, 55, -9999, -9999, 53, -9999, -9999, 11, -9999, -9999, 38, 22, -9999, -9999, -9999, -9999, -9999, -9999, -9999, 72, 65, 26],
[-9999, -9999, -9999, -9999, -9999, -9999, -9999, -9999, -9999, -9999, -9999, -9999, -9999, -9999, -9999, -9999, 44, -9999, -9999, -9999, -9999, -9999, -9999, -9999, -9999, -9999, -9999, -9999, -9999, -9999, -9999, -9999, -9999, -9999, -9999, -9999, -9999, -9999, -9999, -9999, -9999, -9999, -9999, -9999, -9999, -9999, -9999, -9999, -9999, -9999, -9999, -9999, -9999, -9999, -9999, -9999, -9999, -9999, -9999, -9999, -9999, -9999, -9999, -9999, -9999, 33, -9999, -9999, -9999, -9999, -9999, -9999, -9999, -9999, -9999, -9999, -9999, -9999, -9999, -9999, -9999, -9999, -9999, -9999, -9999, -9999, -9999, -9999, -9999, -9999, -9999, -9999, -9999, -9999, -9999, -9999, -9999, 10, -9999, -9999],
[-9999, -9999, -9999, -9999, -9999, -9999, -9999, -9999, -9999, -9999, -9999, 43, -9999, -9999, -9999, 93, -9999, -9999, -9999, -9999, 53, 18, -9999, -9999, 10, 67, -9999, -9999, -9999, -9999, -9999, -9999, -9999, -9999, -9999, 34, -9999, -9999, -9999, -9999, -9999, -9999, -9999, -9999, -9999, 28, -9999, -9999, 23, -9999, -9999, -9999, -9999, -9999, -9999, -9999, -9999, -9999, -9999, -9999, -9999, -9999, 26, -9999, -9999, -9999, -9999, -9999, -9999, -9999, 53, -9999, -9999, -9999, -9999, 46, -9999, -9999, -9999, -9999, -9999, -9999, -9999, -9999, -9999, -9999, -9999, -9999, 91, -9999, -9999, -9999, -9999, -9999, -9999, -9999, 52, -9999, 25, -9999],
[48, -9999, -9999, -9999, 64, 58, 13, -9999, -9999, 5, 86, 35, -9999, -9999, -9999, 40, -9999, 62, -9999, -9999, 40, -9999, -9999, -9999, 24, 41, -9999, -9999, -9999, 23, -9999, 90, 77, 36, 81, 46, -9999, -9999, 69, -9999, 54, -9999, -9999, -9999, -9999, 38, -9999, -9999, -9999, -9999, -9999, 53, -9999, 94, 44, -9999, -9999, -9999, 86, -9999, 53, 21, 97, 100, -9999, 55, -9999, -9999, -9999, 57, 23, 69, -9999, 60, -9999, 49, 62, -9999, -9999, 10, -9999, -9999, -9999, -9999, 70, 79, 86, -9999, 33, 48, -9999, -9999, -9999, -9999, -9999, -9999, 53, 67, 25, -9999],
[-9999, -9999, -9999, -9999, -9999, -9999, 88, -9999, -9999, -9999, -9999, -9999, -9999, -9999, -9999, -9999, -9999, -9999, -9999, -9999, -9999, -9999, -9999, -9999, -9999, -9999, -9999, -9999, -9999, -9999, -9999, -9999, -9999, -9999, -9999, -9999, -9999, -9999, -9999, -9999, -9999, -9999, -9999, -9999, -9999, -9999, -9999, -9999, -9999, -9999, -9999, -9999, -9999, -9999, -9999, -9999, -9999, -9999, -9999, -9999, -9999, -9999, -9999, -9999, -9999, 30, -9999, -9999, -9999, -9999, -9999, -9999, -9999, -9999, -9999, -9999, -9999, -9999, -9999, -9999, -9999, -9999, -9999, -9999, -9999, -9999, -9999, -9999, -9999, -9999, -9999, -9999, -9999, -9999, -9999, -9999, -9999, -9999, -9999, -9999],
[-9999, -9999, -9999, -9999, -9999, -9999, 27, -9999, -9999, -9999, -9999, -9999, -9999, -9999, -9999, -9999, 72, -9999, -9999, -9999, -9999, -9999, -9999, -9999, -9999, -9999, -9999, -9999, -9999, -9999, -9999, -9999, -9999, -9999, -9999, -9999, -9999, -9999, -9999, -9999, -9999, -9999, -9999, -9999, -9999, -9999, -9999, -9999, -9999, -9999, -9999, -9999, -9999, -9999, -9999, -9999, -9999, -9999, -9999, -9999, -9999, -9999, -9999, -9999, -9999, 61, -9999, -9999, -9999, -9999, -9999, -9999, -9999, -9999, -9999, -9999, -9999, -9999, -9999, -9999, -9999, -9999, -9999, -9999, -9999, -9999, -9999, -9999, -9999, -9999, -9999, -9999, -9999, -9999, -9999, -9999, -9999, -9999, -9999, -9999],
[-9999, -9999, -9999, 51, -9999, -9999, -9999, 84, -9999, -9999, -9999, 83, -9999, -9999, -9999, -9999, -9999, 86, -9999, -9999, 64, 54, -9999, -9999, 50, 99, -9999, -9999, -9999, -9999, 78, -9999, -9999, 82, -9999, 83, -9999, -9999, -9999, 99, -9999, -9999, -9999, -9999, -9999, 41, -9999, -9999, -9999, -9999, -9999, -9999, -9999, -9999, -9999, -9999, -9999, -9999, -9999, -9999, -9999, 8, -9999, 14, -9999, -9999, -9999, -9999, -9999, 17, -9999, -9999, -9999, 2, 81, 62, 68, -9999, -9999, -9999, -9999, -9999, -9999, -9999, -9999, 68, -9999, -9999, 36, 3, -9999, -9999, -9999, -9999, -9999, -9999, 26, -9999, 63, -9999],
[20, -9999, -9999, 39, 81, -9999, 4, -9999, -9999, 37, 20, -9999, -9999, -9999, -9999, 91, 82, 61, -9999, -9999, 48, 64, -9999, 86, 52, 58, -9999, -9999, -9999, 7, 57, 92, 27, 4, 62, -9999, -9999, 60, 72, -9999, 9, -9999, -9999, -9999, -9999, 23, -9999, -9999, -9999, -9999, -9999, -9999, -9999, 52, -9999, -9999, -9999, -9999, 97, -9999, -9999, -9999, -9999, 82, -9999, -9999, 3, -9999, 29, 82, -9999, 50, -9999, 85, -9999, -9999, 54, 67, -9999, 39, -9999, -9999, -9999, -9999, 23, 6, 90, 72, 98, 88, 43, -9999, -9999, -9999, -9999, -9999, -9999, -9999, 18, -9999],
[-9999, -9999, -9999, 28, -9999, 59, -9999, 43, -9999, -9999, -9999, 52, -9999, -9999, -9999, 78, -9999, 42, 61, -9999, -9999, 47, -9999, -9999, 15, -9999, -9999, -9999, -9999, -9999, 87, -9999, -9999, -9999, -9999, -9999, -9999, -9999, -9999, -9999, -9999, -9999, -9999, -9999, 30, 32, -9999, -9999, 95, -9999, -9999, -9999, -9999, -9999, -9999, -9999, -9999, -9999, 67, -9999, -9999, -9999, 87, 17, -9999, -9999, -9999, -9999, -9999, 77, 29, -9999, -9999, -9999, -9999, 10, 57, -9999, -9999, -9999, -9999, -9999, -9999, -9999, -9999, 58, -9999, -9999, -9999, -9999, -9999, -9999, -9999, -9999, -9999, -9999, -9999, -9999, 61, -9999],
[-9999, -9999, -9999, -9999, -9999, -9999, -9999, -9999, -9999, -9999, -9999, -9999, -9999, -9999, -9999, -9999, -9999, -9999, -9999, -9999, -9999, -9999, -9999, -9999, -9999, -9999, -9999, -9999, -9999, -9999, -9999, -9999, -9999, -9999, -9999, -9999, -9999, -9999, -9999, -9999, -9999, -9999, -9999, -9999, -9999, -9999, -9999, -9999, -9999, -9999, -9999, -9999, -9999, -9999, -9999, -9999, -9999, -9999, -9999, -9999, -9999, -9999, -9999, -9999, -9999, 22, -9999, -9999, -9999, -9999, -9999, -9999, -9999, -9999, -9999, -9999, -9999, -9999, -9999, -9999, -9999, -9999, -9999, -9999, -9999, -9999, -9999, -9999, -9999, -9999, -9999, -9999, -9999, -9999, -9999, -9999, -9999, -9999, -9999, -9999],
[84, -9999, -9999, 99, 84, 27, 81, -9999, -9999, 88, -9999, 42, -9999, -9999, -9999, 63, -9999, 10, -9999, -9999, 63, -9999, 60, 22, 54, 18, 87, -9999, -9999, 52, -9999, 27, 68, 24, 77, 98, 76, -9999, 26, -9999, -9999, -9999, -9999, -9999, -9999, 54, 39, -9999, 47, 13, -9999, 83, 74, 95, -9999, 90, -9999, -9999, -9999, -9999, 14, 60, 95, -9999, -9999, 97, -9999, -9999, 82, -9999, -9999, -9999, -9999, 57, -9999, -9999, 22, 21, -9999, 74, -9999, -9999, -9999, -9999, -9999, 38, 57, 15, 28, 74, -9999, -9999, -9999, -9999, -9999, -9999, -9999, -9999, 3, -9999],
[-9999, 100, -9999, 77, -9999, -9999, -9999, -9999, -9999, -9999, -9999, -9999, -9999, -9999, -9999, 94, -9999, -9999, 2, -9999, 97, 71, -9999, -9999, 95, -9999, -9999, -9999, -9999, -9999, -9999, -9999, -9999, -9999, -9999, -9999, -9999, -9999, -9999, -9999, -9999, -9999, -9999, -9999, -9999, 66, -9999, -9999, 21, -9999, -9999, -9999, -9999, -9999, -9999, -9999, -9999, -9999, -9999, -9999, -9999, -9999, -9999, -9999, -9999, -9999, -9999, -9999, -9999, 12, -9999, -9999, -9999, -9999, -9999, 41, 77, -9999, -9999, -9999, -9999, -9999, -9999, -9999, -9999, 56, -9999, -9999, 16, -9999, -9999, 34, -9999, -9999, -9999, -9999, -9999, -9999, -9999, 78],
[99, 91, -9999, -9999, -9999, 64, -9999, -9999, -9999, 15, 18, -9999, 64, 91, -9999, 67, 73, -9999, -9999, -9999, 37, 30, 94, 21, -9999, -9999, 58, -9999, -9999, -9999, 48, 2, -9999, -9999, 16, 51, 5, -9999, 91, -9999, 53, -9999, -9999, -9999, -9999, 76, 62, -9999, 77, 50, -9999, 79, 92, 72, 96, 82, -9999, -9999, -9999, -9999, 47, 12, -9999, -9999, -9999, -9999, -9999, -9999, -9999, -9999, 65, -9999, -9999, 12, -9999, -9999, 20, -9999, -9999, 28, -9999, -9999, 9, -9999, -9999, -9999, 41, -9999, 1, 74, 1, -9999, -9999, -9999, -9999, 39, 1, 57, 98, -9999],
[-9999, -9999, -9999, -9999, -9999, 52, -9999, -9999, -9999, -9999, -9999, 57, -9999, -9999, -9999, 43, -9999, 19, -9999, -9999, 77, -9999, -9999, -9999, 81, 31, -9999, -9999, -9999, -9999, -9999, -9999, -9999, -9999, -9999, 43, -9999, -9999, -9999, -9999, -9999, -9999, -9999, -9999, -9999, 30, -9999, -9999, 70, -9999, -9999, -9999, -9999, -9999, -9999, -9999, -9999, -9999, -9999, -9999, -9999, 19, -9999, -9999, -9999, -9999, -9999, -9999, -9999, -9999, 72, -9999, -9999, -9999, -9999, -9999, 33, -9999, -9999, -9999, -9999, -9999, -9999, -9999, -9999, -9999, -9999, -9999, -9999, 83, -9999, -9999, -9999, -9999, -9999, -9999, -9999, -9999, -9999, -9999],
[-9999, -9999, -9999, -9999, -9999, -9999, -9999, -9999, -9999, -9999, -9999, -9999, -9999, -9999, -9999, -9999, 94, -9999, -9999, -9999, -9999, -9999, -9999, -9999, -9999, -9999, -9999, -9999, -9999, -9999, -9999, -9999, -9999, -9999, -9999, -9999, -9999, -9999, -9999, -9999, -9999, -9999, -9999, -9999, -9999, -9999, -9999, -9999, -9999, -9999, -9999, -9999, -9999, -9999, -9999, -9999, -9999, -9999, -9999, -9999, -9999, -9999, -9999, -9999, -9999, -9999, -9999, -9999, -9999, -9999, -9999, -9999, -9999, -9999, -9999, -9999, -9999, -9999, -9999, -9999, -9999, -9999, -9999, -9999, -9999, -9999, -9999, -9999, -9999, -9999, -9999, -9999, -9999, -9999, -9999, -9999, -9999, -9999, -9999, -9999],
[-9999, 35, -9999, 84, -9999, 46, -9999, -9999, -9999, -9999, -9999, -9999, -9999, -9999, -9999, -9999, -9999, -9999, -9999, -9999, 23, 31, -9999, -9999, 24, -9999, -9999, -9999, -9999, -9999, 77, -9999, -9999, 71, -9999, -9999, -9999, -9999, -9999, -9999, -9999, -9999, -9999, -9999, -9999, 2, -9999, -9999, -9999, -9999, -9999, -9999, -9999, -9999, -9999, -9999, -9999, -9999, 61, -9999, -9999, -9999, 42, -9999, -9999, -9999, -9999, -9999, -9999, 86, 14, -9999, -9999, -9999, -9999, -9999, 95, -9999, -9999, -9999, -9999, -9999, -9999, -9999, -9999, -9999, -9999, -9999, -9999, -9999, -9999, -9999, -9999, -9999, -9999, -9999, 27, -9999, 31, -9999],
[99, -9999, -9999, 69, 80, 73, -9999, -9999, -9999, 96, -9999, -9999, 13, -9999, -9999, 47, 50, -9999, -9999, -9999, 94, -9999, 50, 90, 54, 42, -9999, 42, -9999, 54, -9999, 69, 77, 71, 9, 34, -9999, 69, 1, -9999, -9999, -9999, -9999, -9999, -9999, 14, 7, -9999, 96, -9999, -9999, 51, -9999, 73, -9999, 76, -9999, -9999, 84, 8, -9999, -9999, 7, 82, -9999, 50, -9999, -9999, -9999, -9999, 78, -9999, -9999, 45, -9999, -9999, 62, -9999, -9999, 85, -9999, -9999, 84, -9999, 99, -9999, -9999, -9999, -9999, -9999, 14, -9999, -9999, -9999, -9999, -9999, -9999, -9999, 62, -9999],
[-9999, -9999, -9999, 58, -9999, -9999, -9999, -9999, -9999, -9999, -9999, 68, -9999, -9999, -9999, -9999, -9999, 7, -9999, -9999, 93, 39, -9999, -9999, 12, 77, -9999, -9999, -9999, -9999, 14, -9999, -9999, 67, -9999, -9999, -9999, -9999, -9999, -9999, -9999, -9999, -9999, -9999, -9999, 90, -9999, -9999, -9999, -9999, -9999, -9999, -9999, -9999, -9999, -9999, -9999, -9999, 6, -9999, -9999, -9999, 29, 84, -9999, -9999, -9999, -9999, -9999, -9999, 54, -9999, -9999, 57, -9999, -9999, 34, -9999, -9999, -9999, -9999, -9999, -9999, -9999, -9999, 48, -9999, -9999, -9999, 44, -9999, -9999, -9999, -9999, -9999, 68, 27, -9999, 70, -9999],
[-9999, -9999, -9999, 71, -9999, 36, -9999, -9999, -9999, -9999, -9999, -9999, -9999, -9999, -9999, 19, -9999, -9999, -9999, -9999, 87, 41, -9999, -9999, 95, 69, -9999, -9999, -9999, -9999, -9999, -9999, -9999, 36, -9999, -9999, -9999, -9999, -9999, -9999, -9999, -9999, -9999, -9999, -9999, 70, -9999, -9999, -9999, -9999, -9999, -9999, -9999, -9999, -9999, -9999, -9999, -9999, 37, -9999, -9999, 95, -9999, -9999, -9999, -9999, -9999, -9999, -9999, 42, -9999, -9999, -9999, 28, -9999, 53, -9999, -9999, -9999, -9999, -9999, -9999, -9999, -9999, -9999, -9999, -9999, -9999, 22, 96, -9999, -9999, -9999, -9999, -9999, -9999, -9999, -9999, 5, -9999],
[-9999, -9999, 39, 51, 71, 19, -9999, -9999, -9999, 31, 70, 7, 38, 55, -9999, -9999, 28, -9999, -9999, -9999, 54, -9999, 50, -9999, 43, 94, 67, -9999, -9999, 94, 30, 22, 27, 43, -9999, -9999, -9999, 7, 61, -9999, -9999, -9999, 96, -9999, 41, -9999, 10, -9999, 62, -9999, 5, -9999, 69, 24, -9999, 77, -9999, -9999, -9999, -9999, -9999, 55, -9999, -9999, -9999, -9999, -9999, 78, 88, 52, 29, 74, -9999, -9999, -9999, -9999, 56, 29, -9999, 13, 3, -9999, -9999, 29, 78, 22, -9999, 34, -9999, -9999, -9999, -9999, -9999, -9999, -9999, -9999, 83, -9999, 25, -9999],
[-9999, -9999, -9999, 31, -9999, 57, -9999, -9999, -9999, -9999, -9999, -9999, -9999, -9999, -9999, -9999, -9999, -9999, -9999, -9999, 49, 30, -9999, -9999, 16, 36, -9999, -9999, -9999, -9999, 9, -9999, -9999, 71, -9999, 42, -9999, -9999, -9999, -9999, -9999, -9999, -9999, -9999, -9999, 7, -9999, -9999, 8, -9999, -9999, -9999, -9999, -9999, -9999, -9999, -9999, -9999, -9999, -9999, -9999, 13, -9999, 57, -9999, -9999, -9999, -9999, -9999, -9999, 30, -9999, -9999, -9999, -9999, 2, 76, -9999, -9999, -9999, -9999, -9999, -9999, -9999, -9999, -9999, -9999, -9999, 16, 95, -9999, -9999, -9999, -9999, -9999, -9999, 67, -9999, -9999, -9999],
[18, -9999, -9999, 62, 64, 21, 56, -9999, -9999, 49, 77, 31, -9999, 76, -9999, 34, 77, -9999, 67, -9999, 86, 59, 82, -9999, 43, 93, 16, 4, -9999, -9999, -9999, 23, -9999, 17, -9999, 90, 35, -9999, 55, -9999, -9999, -9999, 42, -9999, 92, 26, 35, 76, 41, -9999, -9999, -9999, -9999, 63, -9999, -9999, 38, 21, -9999, -9999, -9999, 65, 34, -9999, 66, -9999, -9999, -9999, -9999, -9999, 68, 33, 15, -9999, -9999, 53, 17, -9999, -9999, -9999, -9999, 47, 73, -9999, 68, 81, 23, -9999, -9999, 53, -9999, 24, -9999, -9999, -9999, 32, 44, 9, 99, -9999],
[88, -9999, -9999, -9999, -9999, -9999, -9999, -9999, -9999, 28, 8, -9999, 81, 62, -9999, 1, 15, -9999, -9999, -9999, 88, 3, 16, -9999, 14, 66, 33, -9999, -9999, -9999, -9999, 20, 65, 81, 81, 67, 91, -9999, 1, -9999, -9999, -9999, -9999, -9999, -9999, 35, -9999, -9999, 53, -9999, -9999, -9999, -9999, 23, 77, -9999, -9999, -9999, 95, -9999, -9999, 73, 99, 70, -9999, -9999, -9999, -9999, -9999, 63, 79, -9999, -9999, 56, -9999, 46, 27, 59, -9999, 13, -9999, -9999, -9999, -9999, -9999, 87, 96, 25, 77, -9999, -9999, -9999, -9999, -9999, -9999, -9999, 6, 66, 69, -9999],
[57, -9999, -9999, 15, -9999, 10, 90, -9999, -9999, -9999, 41, 25, 6, 4, -9999, -9999, -9999, -9999, -9999, -9999, 47, -9999, 52, -9999, 20, 82, 40, -9999, -9999, 60, 57, 96, -9999, 29, -9999, -9999, 74, 38, -9999, -9999, -9999, -9999, -9999, -9999, -9999, 4, 60, -9999, 15, 20, -9999, 73, 55, 11, 74, -9999, 49, -9999, 49, -9999, -9999, 10, 82, 61, -9999, 74, -9999, -9999, -9999, 8, 81, 36, -9999, 28, -9999, 87, 5, 10, -9999, 78, -9999, -9999, -9999, -9999, 60, 27, 84, -9999, 39, 82, -9999, -9999, -9999, -9999, -9999, -9999, 13, 5, -9999, -9999],
[-9999, -9999, -9999, -9999, -9999, -9999, 12, -9999, -9999, -9999, -9999, -9999, -9999, -9999, -9999, -9999, -9999, -9999, -9999, -9999, -9999, -9999, -9999, -9999, -9999, -9999, -9999, -9999, -9999, -9999, -9999, -9999, -9999, -9999, -9999, -9999, -9999, -9999, -9999, -9999, -9999, -9999, -9999, -9999, -9999, -9999, -9999, -9999, -9999, -9999, -9999, -9999, -9999, -9999, -9999, -9999, -9999, -9999, -9999, -9999, -9999, -9999, -9999, -9999, -9999, -9999, -9999, -9999, -9999, -9999, -9999, -9999, -9999, -9999, -9999, -9999, -9999, -9999, -9999, -9999, -9999, -9999, -9999, -9999, -9999, -9999, -9999, -9999, -9999, -9999, -9999, -9999, -9999, -9999, -9999, -9999, -9999, -9999, -9999, -9999],
[62, -9999, 99, 68, -9999, 15, -9999, -9999, 86, -9999, 67, -9999, -9999, 20, -9999, -9999, -9999, -9999, 74, 9, 89, -9999, 99, -9999, 51, 25, -9999, -9999, 8, -9999, -9999, 75, -9999, 53, 94, 34, 40, -9999, 17, -9999, 43, -9999, 95, 75, 32, 11, -9999, 94, 41, -9999, -9999, 29, 74, 89, -9999, 8, -9999, 83, 18, 96, 13, 89, -9999, -9999, 86, 62, -9999, -9999, 58, -9999, 56, 9, -9999, -9999, -9999, -9999, 82, -9999, -9999, 23, 54, 94, 43, -9999, 24, -9999, -9999, 80, -9999, 12, 45, 13, -9999, -9999, -9999, -9999, 56, -9999, -9999, -9999],
[69, -9999, 23, -9999, 91, 83, -9999, 53, -9999, 23, 44, -9999, -9999, 37, -9999, 86, -9999, 10, -9999, -9999, 65, 31, 14, 8, 83, -9999, 13, -9999, -9999, -9999, 16, 51, 22, 87, 25, -9999, -9999, 50, 86, -9999, -9999, 89, 98, -9999, 10, 75, 95, 32, 64, -9999, -9999, 6, 59, 60, -9999, 27, -9999, 33, 79, -9999, 100, -9999, -9999, 40, -9999, -9999, -9999, -9999, 5, -9999, -9999, 26, 2, -9999, -9999, -9999, 21, 20, -9999, 75, 27, 81, 9, -9999, 81, -9999, 59, 57, 94, 97, 68, 79, -9999, -9999, -9999, -9999, 44, -9999, 31, -9999],
[37, -9999, -9999, -9999, -9999, 80, 3, -9999, -9999, -9999, 70, 17, -9999, -9999, -9999, -9999, 93, -9999, -9999, -9999, 8, 71, -9999, -9999, 16, -9999, -9999, -9999, -9999, 69, -9999, 4, -9999, 54, 39, -9999, 97, -9999, 76, -9999, 89, -9999, -9999, -9999, -9999, 30, 23, -9999, 53, -9999, -9999, 23, 50, 62, 70, -9999, -9999, -9999, 94, -9999, 72, -9999, -9999, 7, -9999, -9999, -9999, -9999, -9999, -9999, 5, -9999, -9999, -9999, -9999, -9999, 82, 38, -9999, -9999, -9999, -9999, 60, 63, 11, 100, 40, 56, -9999, -9999, 48, -9999, -9999, -9999, -9999, -9999, -9999, -9999, -9999, -9999],
[-9999, -9999, -9999, 21, -9999, 24, -9999, -9999, -9999, -9999, -9999, -9999, -9999, -9999, -9999, -9999, -9999, -9999, -9999, -9999, 54, 45, -9999, -9999, 74, -9999, -9999, -9999, -9999, -9999, -9999, -9999, -9999, 85, -9999, -9999, -9999, -9999, -9999, 67, -9999, 31, -9999, -9999, -9999, 52, -9999, -9999, -9999, 16, -9999, -9999, -9999, -9999, -9999, -9999, -9999, -9999, 34, -9999, -9999, 41, 71, -9999, -9999, -9999, -9999, -9999, -9999, 70, 82, -9999, -9999, 36, -9999, -9999, 26, -9999, -9999, -9999, -9999, -9999, -9999, -9999, -9999, 88, -9999, -9999, 49, -9999, -9999, 96, -9999, -9999, -9999, -9999, -9999, -9999, 50, -9999],
[-9999, -9999, -9999, -9999, -9999, -9999, 31, -9999, -9999, -9999, -9999, -9999, -9999, -9999, -9999, -9999, -9999, -9999, -9999, -9999, -9999, -9999, -9999, -9999, -9999, -9999, -9999, -9999, -9999, -9999, -9999, -9999, -9999, -9999, -9999, -9999, -9999, -9999, -9999, -9999, -9999, -9999, -9999, -9999, -9999, -9999, -9999, -9999, -9999, -9999, -9999, -9999, -9999, -9999, -9999, -9999, -9999, -9999, -9999, -9999, -9999, -9999, -9999, -9999, -9999, -9999, -9999, -9999, -9999, -9999, -9999, -9999, -9999, -9999, -9999, -9999, -9999, -9999, -9999, -9999, -9999, -9999, -9999, -9999, -9999, -9999, -9999, -9999, -9999, -9999, -9999, -9999, -9999, -9999, -9999, -9999, -9999, -9999, -9999, -9999],
[-9999, -9999, 48, 68, -9999, 6, -9999, -9999, -9999, 38, 90, -9999, -9999, -9999, -9999, 9, -9999, -9999, -9999, -9999, 61, -9999, 91, -9999, 9, -9999, -9999, -9999, -9999, -9999, -9999, 87, -9999, 24, -9999, 74, 74, 70, 83, -9999, -9999, -9999, 78, -9999, 8, 59, 97, 11, -9999, 56, -9999, -9999, 30, 39, -9999, -9999, -9999, 24, 41, -9999, 43, 77, 69, 81, 73, -9999, -9999, -9999, 66, -9999, -9999, 80, -9999, 79, -9999, 55, 36, 66, -9999, 99, -9999, 79, -9999, -9999, -9999, 87, -9999, 75, -9999, -9999, -9999, -9999, -9999, -9999, -9999, -9999, -9999, -9999, 20, -9999],
[-9999, -9999, -9999, 86, -9999, 95, 65, -9999, -9999, -9999, 6, -9999, 81, -9999, -9999, 19, 19, 32, -9999, -9999, 57, -9999, 66, 75, 50, 88, 75, -9999, -9999, 46, -9999, 43, 25, -9999, 26, -9999, -9999, -9999, 23, -9999, -9999, -9999, -9999, -9999, -9999, -9999, 52, -9999, -9999, -9999, -9999, 13, 100, 52, 85, 19, -9999, -9999, 63, -9999, 30, -9999, -9999, 54, -9999, 80, -9999, -9999, -9999, 12, 91, 58, -9999, -9999, -9999, -9999, 51, 47, -9999, 100, -9999, -9999, 16, -9999, 3, -9999, 36, 7, -9999, 73, 37, -9999, -9999, -9999, -9999, -9999, -9999, -9999, -9999, -9999],
[-9999, -9999, -9999, -9999, -9999, 43, -9999, -9999, -9999, -9999, -9999, 46, -9999, -9999, -9999, -9999, -9999, 38, 27, -9999, 61, -9999, -9999, -9999, 85, 88, -9999, -9999, -9999, -9999, -9999, -9999, -9999, 19, -9999, -9999, -9999, -9999, -9999, -9999, -9999, 56, -9999, -9999, 18, 51, -9999, -9999, -9999, -9999, -9999, -9999, -9999, -9999, 76, -9999, -9999, -9999, 7, -9999, -9999, -9999, -9999, -9999, -9999, -9999, -9999, -9999, -9999, -9999, 35, -9999, -9999, 5, -9999, -9999, -9999, -9999, -9999, -9999, -9999, -9999, -9999, -9999, -9999, -9999, -9999, -9999, 67, -9999, -9999, 19, -9999, -9999, -9999, -9999, 8, -9999, -9999, -9999],
[-9999, -9999, -9999, -9999, 97, -9999, 24, -9999, -9999, 52, 28, 33, 26, 7, -9999, -9999, 79, -9999, -9999, -9999, 45, -9999, -9999, 36, 27, -9999, 10, 3, -9999, 32, -9999, 48, -9999, -9999, 11, 93, 63, 76, 43, -9999, 26, -9999, -9999, -9999, -9999, 34, 87, -9999, -9999, -9999, -9999, 16, 80, 10, -9999, -9999, -9999, -9999, 66, -9999, 6, -9999, 94, -9999, -9999, 30, -9999, -9999, -9999, 70, 74, 57, -9999, -9999, -9999, 93, 6, -9999, -9999, -9999, -9999, -9999, 7, 2, 73, 60, 31, 27, -9999, -9999, -9999, -9999, -9999, -9999, -9999, -9999, 6, -9999, 23, -9999],
[-9999, -9999, -9999, -9999, -9999, -9999, -9999, -9999, -9999, -9999, -9999, -9999, -9999, -9999, -9999, -9999, -9999, -9999, -9999, -9999, -9999, -9999, -9999, -9999, -9999, -9999, -9999, -9999, -9999, -9999, -9999, -9999, -9999, -9999, -9999, -9999, -9999, -9999, -9999, -9999, -9999, -9999, -9999, -9999, -9999, -9999, -9999, -9999, -9999, -9999, -9999, -9999, -9999, -9999, -9999, -9999, -9999, 3, -9999, -9999, -9999, -9999, -9999, -9999, 80, -9999, -9999, -9999, -9999, -9999, -9999, -9999, -9999, -9999, -9999, -9999, -9999, -9999, -9999, -9999, -9999, -9999, -9999, -9999, -9999, -9999, -9999, -9999, -9999, -9999, -9999, -9999, -9999, -9999, -9999, -9999, -9999, -9999, -9999, -9999],
[-9999, -9999, -9999, -9999, -9999, -9999, 91, -9999, -9999, -9999, -9999, -9999, -9999, -9999, -9999, -9999, -9999, -9999, -9999, -9999, -9999, -9999, -9999, -9999, -9999, -9999, -9999, -9999, -9999, -9999, -9999, -9999, -9999, -9999, -9999, -9999, -9999, -9999, -9999, -9999, -9999, -9999, -9999, -9999, -9999, -9999, -9999, -9999, -9999, -9999, -9999, -9999, -9999, -9999, -9999, -9999, -9999, -9999, -9999, -9999, -9999, -9999, -9999, -9999, -9999, 70, -9999, -9999, -9999, -9999, -9999, -9999, -9999, -9999, -9999, -9999, -9999, -9999, -9999, -9999, -9999, -9999, -9999, -9999, -9999, -9999, -9999, -9999, -9999, -9999, -9999, -9999, -9999, -9999, -9999, -9999, -9999, -9999, -9999, -9999],
[-9999, -9999, 94, -9999, -9999, 51, -9999, -9999, -9999, 45, -9999, -9999, -9999, 46, -9999, 29, -9999, -9999, -9999, -9999, 27, 64, -9999, 96, 16, -9999, -9999, -9999, -9999, 74, -9999, 36, 7, -9999, 42, -9999, 38, -9999, 50, -9999, -9999, -9999, 91, 66, 72, 93, 47, 20, -9999, -9999, 81, -9999, -9999, 93, -9999, -9999, -9999, -9999, 4, 32, 47, -9999, -9999, 86, 61, 98, -9999, -9999, -9999, -9999, -9999, -9999, 15, -9999, -9999, -9999, 20, 81, -9999, 25, -9999, -9999, -9999, -9999, 48, -9999, 89, 86, 44, 50, 1, 6, -9999, -9999, -9999, -9999, 7, 86, -9999, -9999],
[-9999, -9999, -9999, 68, -9999, 34, -9999, -9999, -9999, -9999, -9999, 25, -9999, -9999, -9999, -9999, -9999, 18, -9999, -9999, 22, 60, -9999, -9999, 23, -9999, -9999, -9999, -9999, -9999, -9999, -9999, -9999, 93, -9999, -9999, -9999, -9999, -9999, -9999, -9999, -9999, -9999, -9999, -9999, 37, -9999, -9999, 83, -9999, -9999, -9999, -9999, -9999, -9999, -9999, -9999, -9999, -9999, -9999, -9999, 96, -9999, 91, -9999, -9999, -9999, -9999, -9999, 82, -9999, -9999, -9999, -9999, 89, 28, -9999, -9999, -9999, -9999, -9999, -9999, -9999, -9999, -9999, 23, -9999, -9999, 26, 27, -9999, -9999, -9999, -9999, -9999, 43, -9999, -9999, 88, -9999],
[-9999, -9999, -9999, -9999, -9999, 6, -9999, -9999, -9999, -9999, -9999, 62, -9999, -9999, -9999, -9999, -9999, -9999, -9999, -9999, 98, 59, -9999, -9999, 18, -9999, -9999, -9999, -9999, -9999, 57, -9999, -9999, 29, -9999, -9999, -9999, -9999, -9999, -9999, -9999, -9999, -9999, -9999, -9999, 19, -9999, -9999, 47, -9999, -9999, -9999, -9999, -9999, -9999, -9999, -9999, -9999, -9999, -9999, -9999, 85, 62, -9999, -9999, -9999, -9999, -9999, -9999, 2, -9999, -9999, -9999, 55, -9999, -9999, 49, -9999, -9999, -9999, -9999, -9999, -9999, -9999, -9999, -9999, -9999, -9999, 78, 83, -9999, -9999, -9999, -9999, 31, -9999, 79, -9999, -9999, -9999],
[-9999, -9999, -9999, 48, -9999, -9999, 79, -9999, -9999, 27, 84, 53, 19, -9999, -9999, 65, 56, -9999, -9999, -9999, 45, 56, 16, 40, -9999, 72, 86, -9999, -9999, 24, 21, 12, 48, -9999, 7, 63, 55, 14, 94, -9999, 92, -9999, -9999, -9999, -9999, 44, 34, -9999, -9999, -9999, -9999, 69, -9999, 94, -9999, 71, -9999, -9999, 10, -9999, 17, 51, -9999, 52, -9999, 74, -9999, -9999, -9999, 49, -9999, 11, -9999, -9999, -9999, 4, 34, -9999, -9999, 22, -9999, -9999, 29, -9999, 87, 12, 80, 53, -9999, 47, 36, -9999, -9999, -9999, -9999, -9999, 84, 63, 18, -9999],
[-9999, -9999, -9999, -9999, -9999, 48, -9999, -9999, -9999, -9999, -9999, -9999, -9999, -9999, -9999, 7, -9999, -9999, -9999, -9999, 72, 57, -9999, -9999, -9999, 80, -9999, -9999, -9999, -9999, -9999, -9999, -9999, 7, -9999, 1, -9999, -9999, -9999, -9999, -9999, -9999, -9999, -9999, -9999, 77, -9999, -9999, -9999, -9999, -9999, -9999, -9999, -9999, -9999, -9999, -9999, -9999, -9999, -9999, -9999, 48, -9999, -9999, -9999, -9999, -9999, -9999, -9999, -9999, 61, -9999, -9999, 48, -9999, 54, 87, -9999, -9999, -9999, -9999, -9999, -9999, -9999, -9999, 22, -9999, -9999, -9999, 3, -9999, -9999, -9999, -9999, -9999, -9999, 17, -9999, 97, -9999],
[25, -9999, -9999, 87, -9999, 95, -9999, -9999, -9999, 76, 65, 26, -9999, 91, -9999, -9999, -9999, 51, -9999, -9999, 54, 27, 53, 87, -9999, -9999, -9999, -9999, -9999, 90, -9999, 94, 21, 43, 75, 76, -9999, 16, 58, -9999, 58, -9999, -9999, -9999, -9999, 11, 2, -9999, 1, -9999, -9999, -9999, 2, 81, -9999, -9999, -9999, -9999, 7, -9999, 47, 95, -9999, 18, -9999, -9999, -9999, -9999, 24, -9999, 36, -9999, -9999, -9999, -9999, -9999, 45, -9999, -9999, 35, -9999, -9999, 86, 13, -9999, -9999, 42, 72, 19, 75, 72, -9999, -9999, -9999, -9999, -9999, -9999, 63, -9999, -9999],
[-9999, -9999, -9999, -9999, -9999, 26, -9999, -9999, -9999, -9999, -9999, -9999, -9999, -9999, -9999, 97, -9999, -9999, -9999, -9999, 80, 54, -9999, -9999, 9, -9999, -9999, -9999, -9999, -9999, -9999, -9999, -9999, 36, -9999, 36, -9999, -9999, -9999, -9999, -9999, -9999, -9999, -9999, -9999, 53, -9999, -9999, 75, 51, -9999, -9999, -9999, -9999, -9999, -9999, -9999, -9999, 26, -9999, -9999, 69, 99, -9999, -9999, -9999, -9999, -9999, -9999, 100, 13, -9999, -9999, 84, -9999, 14, 41, -9999, -9999, -9999, -9999, -9999, -9999, -9999, -9999, -9999, -9999, -9999, 32, 39, -9999, -9999, -9999, -9999, -9999, -9999, 96, -9999, 70, -9999],
[-9999, -9999, -9999, -9999, 10, 42, -9999, -9999, -9999, 94, 91, 63, -9999, -9999, -9999, -9999, -9999, 47, -9999, -9999, 36, 24, 46, -9999, -9999, -9999, 29, -9999, -9999, -9999, 57, 80, -9999, -9999, -9999, -9999, 73, -9999, 73, 64, 30, -9999, -9999, -9999, -9999, 63, -9999, -9999, 23, 50, -9999, 98, 6, 45, -9999, -9999, -9999, -9999, 63, -9999, -9999, -9999, 29, 58, -9999, 99, -9999, -9999, 38, 56, 78, 41, -9999, -9999, 33, -9999, 83, -9999, -9999, -9999, -9999, -9999, 46, -9999, 1, 37, 40, -9999, 56, -9999, -9999, -9999, -9999, -9999, -9999, -9999, 21, 90, -9999, -9999],
[-9999, -9999, -9999, 25, 27, -9999, -9999, -9999, -9999, -9999, 77, -9999, 94, 92, -9999, 69, 76, 86, -9999, -9999, 64, 97, -9999, -9999, -9999, 48, -9999, -9999, -9999, 60, 38, 9, -9999, -9999, -9999, 67, -9999, -9999, 72, -9999, -9999, -9999, -9999, -9999, -9999, -9999, -9999, -9999, 10, 7, -9999, -9999, -9999, 23, -9999, -9999, -9999, -9999, 46, -9999, 4, 88, -9999, 81, -9999, 96, 68, -9999, 40, -9999, 12, -9999, -9999, 69, -9999, 69, 5, 67, -9999, 40, -9999, -9999, 96, 83, 58, 90, -9999, -9999, -9999, -9999, 42, -9999, -9999, -9999, -9999, -9999, 61, 6, 94, -9999],
[6, -9999, -9999, -9999, 80, 22, 46, -9999, -9999, 19, -9999, 97, -9999, 18, -9999, -9999, 85, 42, -9999, -9999, 51, 49, 45, 83, -9999, 100, 94, -9999, -9999, 73, 93, 57, 29, 67, 21, 16, -9999, 30, 76, -9999, 90, -9999, -9999, -9999, -9999, 26, 40, -9999, -9999, -9999, -9999, 22, 30, 68, -9999, -9999, -9999, -9999, 94, -9999, 3, -9999, 41, 74, -9999, 41, -9999, -9999, 51, 29, 94, -9999, -9999, -9999, -9999, 91, 16, 26, -9999, 58, -9999, -9999, -9999, -9999, -9999, -9999, 19, 84, 10, -9999, 11, -9999, -9999, -9999, -9999, -9999, 8, -9999, -9999, -9999],
[-9999, -9999, -9999, -9999, -9999, -9999, -9999, -9999, -9999, -9999, -9999, 62, -9999, -9999, -9999, 33, -9999, 4, 23, -9999, 39, 1, -9999, -9999, -9999, -9999, -9999, -9999, -9999, -9999, 30, -9999, -9999, -9999, -9999, 28, -9999, -9999, -9999, -9999, -9999, -9999, -9999, -9999, 51, 2, -9999, -9999, 46, -9999, -9999, -9999, -9999, -9999, -9999, -9999, -9999, -9999, -9999, -9999, -9999, 35, 67, 80, -9999, -9999, -9999, -9999, -9999, -9999, 57, -9999, -9999, -9999, 48, -9999, 52, -9999, -9999, -9999, -9999, -9999, -9999, -9999, -9999, 43, -9999, -9999, 4, -9999, -9999, -9999, -9999, -9999, -9999, -9999, 9, -9999, -9999, -9999],
[-9999, -9999, -9999, 46, 23, -9999, 42, -9999, -9999, 37, -9999, -9999, 27, -9999, -9999, -9999, 50, 81, -9999, -9999, 5, -9999, 6, -9999, 89, -9999, 94, -9999, 77, 56, 39, 75, 3, 60, 26, -9999, 74, 89, 6, -9999, 100, -9999, -9999, -9999, -9999, -9999, 60, -9999, -9999, -9999, -9999, -9999, 22, 68, -9999, -9999, -9999, -9999, 96, 41, 52, -9999, 24, -9999, -9999, -9999, -9999, -9999, -9999, -9999, -9999, 32, -9999, -9999, -9999, -9999, 20, -9999, -9999, 3, -9999, -9999, 76, 100, -9999, -9999, 3, 13, 30, 84, 16, -9999, -9999, -9999, -9999, -9999, -9999, 50, -9999, -9999],
[-9999, 27, -9999, -9999, -9999, -9999, 23, 33, -9999, -9999, -9999, 4, 6, -9999, -9999, 4, 44, -9999, -9999, -9999, 24, 11, 19, -9999, 21, -9999, 51, -9999, -9999, 47, -9999, 50, -9999, 60, 47, 99, -9999, -9999, 94, -9999, 97, -9999, -9999, -9999, -9999, 73, 55, -9999, -9999, -9999, -9999, -9999, 43, 19, -9999, 48, -9999, -9999, 7, -9999, -9999, -9999, 85, 41, -9999, 93, -9999, -9999, 49, -9999, 57, -9999, -9999, -9999, 97, 44, 67, 44, -9999, 38, -9999, -9999, -9999, -9999, 42, -9999, 73, -9999, -9999, -9999, 12, -9999, -9999, -9999, -9999, -9999, 15, 90, -9999, -9999],
[-9999, -9999, -9999, -9999, -9999, 8, -9999, -9999, -9999, -9999, -9999, -9999, -9999, -9999, -9999, -9999, -9999, 7, 85, -9999, 98, -9999, -9999, -9999, -9999, 41, -9999, -9999, -9999, -9999, 57, -9999, -9999, -9999, -9999, 90, -9999, -9999, -9999, -9999, -9999, 57, -9999, -9999, -9999, 70, -9999, -9999, 43, -9999, -9999, -9999, -9999, -9999, -9999, -9999, -9999, -9999, 35, -9999, -9999, 46, 93, 25, -9999, -9999, -9999, -9999, -9999, 5, 89, -9999, -9999, 58, 14, -9999, 52, -9999, -9999, -9999, -9999, -9999, -9999, -9999, -9999, 56, -9999, -9999, 66, 3, -9999, 6, -9999, -9999, -9999, -9999, -9999, -9999, 18, -9999],
[-9999, 32, -9999, 3, -9999, 15, -9999, -9999, -9999, -9999, -9999, 15, -9999, -9999, -9999, 82, -9999, 2, -9999, -9999, 46, -9999, -9999, -9999, 91, -9999, -9999, -9999, -9999, -9999, 69, -9999, -9999, 33, -9999, 99, -9999, -9999, -9999, -9999, -9999, -9999, -9999, -9999, -9999, 51, -9999, -9999, 9, -9999, -9999, -9999, -9999, -9999, -9999, -9999, -9999, -9999, -9999, -9999, -9999, 3, -9999, 91, -9999, -9999, -9999, -9999, -9999, 39, -9999, -9999, -9999, 58, -9999, -9999, 34, -9999, -9999, -9999, -9999, -9999, -9999, -9999, -9999, -9999, -9999, -9999, -9999, 47, -9999, -9999, -9999, -9999, -9999, -9999, -9999, -9999, 11, 3],
[100, -9999, -9999, -9999, -9999, 74, 97, -9999, -9999, 93, -9999, 78, 51, -9999, -9999, 15, 40, 27, -9999, -9999, 41, -9999, 13, -9999, 100, 96, -9999, -9999, -9999, 44, 21, 55, 93, 82, 51, 63, 79, 99, 62, -9999, -9999, -9999, -9999, -9999, -9999, 2, 78, -9999, -9999, -9999, -9999, -9999, -9999, 69, -9999, 37, -9999, -9999, 60, -9999, -9999, -9999, 46, -9999, -9999, -9999, -9999, -9999, -9999, -9999, -9999, -9999, -9999, 71, 75, -9999, 62, 98, -9999, 94, -9999, -9999, 55, 55, 10, 6, -9999, 19, -9999, 31, 65, -9999, -9999, -9999, -9999, -9999, -9999, -9999, -9999, -9999],
[-9999, -9999, -9999, 4, -9999, 49, -9999, -9999, -9999, -9999, -9999, -9999, -9999, -9999, -9999, 26, -9999, -9999, -9999, -9999, 16, 77, -9999, -9999, -9999, 65, -9999, -9999, -9999, -9999, 93, -9999, -9999, 81, -9999, -9999, -9999, -9999, -9999, -9999, -9999, -9999, -9999, -9999, -9999, 28, -9999, -9999, 75, -9999, -9999, -9999, -9999, -9999, -9999, -9999, -9999, -9999, 85, -9999, -9999, 16, -9999, -9999, -9999, -9999, -9999, -9999, -9999, -9999, 6, -9999, -9999, -9999, -9999, 85, 83, -9999, -9999, -9999, -9999, -9999, -9999, -9999, -9999, 74, -9999, -9999, -9999, -9999, -9999, -9999, -9999, -9999, -9999, 61, -9999, -9999, 82, -9999],
[33, -9999, -9999, 96, 89, -9999, 62, -9999, -9999, -9999, 36, 13, -9999, 28, -9999, 55, -9999, -9999, -9999, -9999, 93, 1, -9999, 57, 92, 13, -9999, -9999, -9999, 100, 79, 38, 15, -9999, -9999, -9999, -9999, 17, 31, -9999, 15, 71, -9999, -9999, -9999, 57, 95, -9999, -9999, -9999, 63, -9999, 88, 42, -9999, -9999, -9999, 99, 43, -9999, -9999, -9999, 8, 26, 25, -9999, -9999, -9999, -9999, 17, -9999, -9999, 38, 88, -9999, 15, 92, -9999, -9999, 81, -9999, 93, 8, -9999, -9999, 70, -9999, 14, 15, 41, 14, 47, -9999, -9999, -9999, -9999, 66, -9999, -9999, -9999],
[53, -9999, -9999, -9999, 97, -9999, -9999, -9999, -9999, 51, 8, 67, 78, -9999, -9999, 5, -9999, -9999, -9999, -9999, 66, 12, 56, 31, -9999, -9999, -9999, -9999, -9999, 21, 84, 58, 83, 73, 79, 72, 48, 19, 45, -9999, 85, -9999, -9999, -9999, -9999, 43, 58, -9999, -9999, -9999, -9999, -9999, -9999, 5, -9999, -9999, -9999, -9999, -9999, 9, -9999, 28, 66, -9999, -9999, 18, -9999, -9999, 47, 12, 87, 64, -9999, -9999, -9999, 23, 27, 88, -9999, -9999, -9999, -9999, -9999, -9999, -9999, 3, 73, -9999, -9999, 21, -9999, -9999, -9999, -9999, -9999, 79, 45, 99, -9999, -9999],
[-9999, -9999, -9999, -9999, -9999, -9999, -9999, -9999, -9999, -9999, -9999, -9999, -9999, -9999, -9999, -9999, -9999, -9999, -9999, -9999, -9999, -9999, -9999, -9999, -9999, -9999, -9999, -9999, -9999, -9999, -9999, -9999, -9999, -9999, -9999, -9999, -9999, -9999, -9999, -9999, -9999, -9999, -9999, -9999, -9999, -9999, -9999, -9999, -9999, -9999, -9999, -9999, -9999, -9999, -9999, -9999, -9999, -9999, -9999, -9999, -9999, -9999, -9999, -9999, -9999, -9999, -9999, -9999, -9999, -9999, -9999, -9999, -9999, -9999, -9999, -9999, -9999, -9999, -9999, -9999, -9999, -9999, -9999, -9999, -9999, -9999, -9999, -9999, -9999, -9999, -9999, -9999, -9999, -9999, -9999, -9999, -9999, 59, -9999, -9999]
];
