NbNodes = 100;
NbNDDs = 0;
NbPairs = 100;
NbTerminals = 0;
K = 0;
L = 102;
Wt = [
[-9999, -9999, -9999, -9999, -9999, -9999, -9999, -9999, -9999, -9999, -9999, -9999, -9999, -9999, -9999, 70, -9999, -9999, -9999, -9999, -9999, -9999, -9999, -9999, -9999, -9999, -9999, -9999, -9999, -9999, -9999, -9999, -9999, -9999, -9999, -9999, -9999, -9999, -9999, -9999, -9999, -9999, -9999, -9999, -9999, -9999, -9999, -9999, -9999, -9999, -9999, -9999, -9999, -9999, -9999, -9999, -9999, -9999, -9999, -9999, -9999, -9999, -9999, -9999, -9999, -9999, -9999, -9999, -9999, -9999, -9999, -9999, -9999, -9999, -9999, -9999, -9999, -9999, -9999, -9999, -9999, -9999, -9999, -9999, -9999, -9999, -9999, -9999, -9999, -9999, 75, -9999, -9999, -9999, -9999, -9999, -9999, -9999, -9999, 91],
[-9999, -9999, -9999, -9999, -9999, -9999, -9999, -9999, 11, -9999, -9999, -9999, -9999, -9999, -9999, 52, -9999, 48, -9999, -9999, -9999, -9999, -9999, -9999, -9999, -9999, -9999, -9999, -9999, -9999, -9999, -9999, -9999, -9999, -9999, -9999, -9999, -9999, -9999, -9999, -9999, -9999, -9999, -9999, -9999, -9999, -9999, -9999, -9999, -9999, 23, -9999, -9999, 32, -9999, 78, -9999, -9999, 31, 36, -9999, -9999, -9999, -9999, -9999, 65, -9999, 84, -9999, -9999, -9999, -9999, 6, 64, -9999, -9999, 33, -9999, -9999, -9999, 54, -9999, -9999, 85, -9999, -9999, -9999, -9999, -9999, -9999, -9999, 52, -9999, 78, -9999, -9999, -9999, 28, -9999, -9999],
[-9999, -9999, -9999, 57, -9999, -9999, -9999, 32, -9999, -9999, -9999, -9999, -9999, 1, 61, -9999, -9999, 47, -9999, -9999, -9999, 54, -9999, 3, -9999, 54, 77, 44, -9999, -9999, -9999, -9999, 12, -9999, -9999, 100, 57, -9999, -9999, -9999, -9999, -9999, 12, 49, -9999, -9999, -9999, 30, -9999, -9999, -9999, -9999, -9999, -9999, 15, 8, -9999, -9999, 17, 57, -9999, -9999, -9999, -9999, -9999, -9999, -9999, 82, -9999, -9999, -9999, 75, -9999, -9999, 11, -9999, 55, -9999, -9999, 14, -9999, 23, 1, -9999, -9999, -9999, -9999, 76, -9999, -9999, 18, 95, -9999, -9999, -9999, -9999, -9999, -9999, -9999, 43],
[-9999, 81, -9999, -9999, -9999, -9999, -9999, -9999, -9999, -9999, 20, -9999, -9999, -9999, 19, -9999, -9999, 90, -9999, -9999, 93, -9999, -9999, -9999, -9999, -9999, 26, -9999, -9999, -9999, 75, -9999, -9999, -9999, -9999, -9999, -9999, -9999, -9999, -9999, -9999, -9999, -9999, -9999, -9999, -9999, -9999, -9999, -9999, -9999, -9999, -9999, -9999, -9999, -9999, -9999, -9999, -9999, -9999, 65, -9999, -9999, -9999, -9999, -9999, -9999, -9999, -9999, -9999, -9999, -9999, -9999, 85, -9999, -9999, -9999, 99, -9999, -9999, -9999, -9999, -9999, 30, -9999, -9999, -9999, -9999, -9999, -9999, 33, -9999, -9999, -9999, -9999, -9999, -9999, -9999, -9999, -9999, -9999],
[94, -9999, 17, 54, -9999, 17, -9999, -9999, 21, 74, 8, -9999, -9999, -9999, 80, 12, -9999, 34, 55, -9999, 66, 11, -9999, -9999, 48, -9999, 82, -9999, -9999, 85, 43, 77, 58, -9999, -9999, 24, -9999, 1, 98, -9999, -9999, 44, -9999, 34, -9999, -9999, 2, 39, 60, -9999, -9999, 61, -9999, 2, 30, -9999, 20, -9999, -9999, 51, 31, 100, 45, 4, -9999, 9, -9999, 30, 39, -9999, -9999, 19, 85, 40, 47, 35, -9999, 39, -9999, -9999, 99, 12, -9999, -9999, -9999, 84, -9999, -9999, 98, 62, -9999, 25, 71, -9999, 32, -9999, -9999, 90, -9999, 64],
[-9999, -9999, 72, 26, -9999, -9999, 88, -9999, -9999, 87, -9999, 99, -9999, 62, -9999, 4, -9999, 100, -9999, -9999, -9999, 79, -9999, 42, 26, 61, 87, 41, -9999, 12, -9999, 2, 8, -9999, -9999, -9999, 100, 85, -9999, -9999, -9999, 37, -9999, 79, 30, 9, -9999, 74, -9999, -9999, 3, -9999, 11, -9999, -9999, 74, 62, -9999, -9999, 11, -9999, 67, -9999, -9999, -9999, -9999, -9999, -9999, -9999, -9999, -9999, -9999, 92, 93, 56, 12, 81, 33, 33, 22, -9999, 95, -9999, -9999, -9999, -9999, -9999, -9999, 8, -9999, 87, -9999, 83, -9999, 30, -9999, -9999, -9999, -9999, 53],
[-9999, 71, 69, -9999, -9999, -9999, -9999, -9999, -9999, -9999, -9999, -9999, -9999, -9999, -9999, -9999, -9999, 59, 33, 92, 65, 44, -9999, 3, 86, 58, 83, -9999, -9999, 92, -9999, 83, 14, -9999, -9999, 18, -9999, -9999, -9999, -9999, -9999, 48, -9999, 11, -9999, -9999, -9999, 19, -9999, -9999, 63, -9999, -9999, -9999, 17, -9999, 97, 83, -9999, 32, -9999, 91, -9999, 39, -9999, -9999, -9999, 83, 76, -9999, -9999, 22, 47, 31, 36, -9999, -9999, 18, -9999, -9999, -9999, 25, -9999, -9999, -9999, -9999, -9999, 92, 53, -9999, 46, -9999, 13, -9999, 6, -9999, -9999, -9999, -9999, 67],
[-9999, -9999, -9999, -9999, -9999, -9999, -9999, -9999, -9999, -9999, 40, -9999, -9999, -9999, -9999, -9999, -9999, 55, -9999, -9999, -9999, 7, -9999, -9999, -9999, -9999, 11, -9999, -9999, -9999, -9999, -9999, -9999, -9999, -9999, -9999, -9999, -9999, -9999, -9999, -9999, -9999, -9999, 24, 61, -9999, -9999, -9999, -9999, -9999, 29, -9999, -9999, -9999, -9999, 88, -9999, -9999, 89, 91, -9999, -9999, -9999, -9999, -9999, -9999, -9999, 2, -9999, -9999, -9999, -9999, -9999, 57, -9999, -9999, -9999, -9999, -9999, -9999, -9999, -9999, 88, -9999, -9999, -9999, -9999, -9999, -9999, 27, -9999, 20, -9999, -9999, -9999, -9999, -9999, -9999, -9999, -9999],
[-9999, 74, -9999, -9999, -9999, -9999, -9999, -9999, -9999, -9999, -9999, -9999, -9999, -9999, 54, 6, -9999, 80, -9999, -9999, -9999, -9999, -9999, -9999, -9999, -9999, -9999, -9999, -9999, 57, 81, -9999, -9999, -9999, -9999, -9999, -9999, -9999, -9999, -9999, -9999, -9999, -9999, 80, -9999, -9999, -9999, -9999, -9999, -9999, 99, -9999, -9999, -9999, -9999, 61, -9999, -9999, 27, 48, -9999, -9999, -9999, -9999, -9999, -9999, -9999, -9999, -9999, -9999, -9999, -9999, -9999, 85, -9999, -9999, -9999, -9999, -9999, -9999, -9999, -9999, -9999, -9999, -9999, -9999, -9999, -9999, -9999, 45, -9999, 48, -9999, -9999, -9999, -9999, -9999, -9999, -9999, -9999],
[-9999, 85, -9999, -9999, -9999, -9999, -9999, -9999, -9999, -9999, 80, -9999, -9999, -9999, 60, -9999, -9999, 23, -9999, -9999, 11, -9999, -9999, -9999, -9999, -9999, 79, -9999, -9999, 37, -9999, -9999, -9999, -9999, -9999, -9999, -9999, -9999, -9999, -9999, -9999, -9999, -9999, 21, 82, -9999, -9999, -9999, -9999, -9999, 37, -9999, -9999, -9999, -9999, 5, -9999, -9999, 59, 100, -9999, -9999, -9999, -9999, -9999, -9999, -9999, -9999, -9999, -9999, -9999, -9999, 99, 34, -9999, -9999, -9999, -9999, -9999, -9999, -9999, -9999, 75, -9999, -9999, -9999, -9999, -9999, -9999, -9999, -9999, 80, -9999, -9999, -9999, -9999, -9999, -9999, -9999, -9999],
[-9999, 98, 79, 1, -9999, 77, -9999, -9999, -9999, 65, -9999, -9999, -9999, 71, -9999, 56, -9999, 78, -9999, -9999, 76, 90, -9999, -9999, 4, 91, 28, -9999, -9999, -9999, -9999, 54, -9999, -9999, -9999, -9999, 82, 60, -9999, -9999, 13, 17, -9999, 9, -9999, -9999, -9999, -9999, -9999, -9999, -9999, 37, 42, -9999, 87, -9999, -9999, -9999, 46, 61, -9999, -9999, -9999, 83, -9999, -9999, -9999, -9999, -9999, -9999, -9999, 94, -9999, 7, 60, -9999, -9999, 44, 83, 14, -9999, 35, 95, -9999, -9999, -9999, -9999, -9999, 6, 72, -9999, 7, -9999, -9999, 28, -9999, -9999, -9999, -9999, 31],
[-9999, 98, 13, 70, -9999, 40, -9999, 22, -9999, 22, 74, -9999, -9999, 100, 46, 97, -9999, 44, -9999, 70, -9999, -9999, -9999, 16, -9999, 88, 63, -9999, -9999, -9999, -9999, 42, -9999, -9999, -9999, 80, 30, -9999, -9999, -9999, -9999, -9999, 19, 18, -9999, -9999, -9999, -9999, -9999, -9999, 13, -9999, 14, -9999, 59, 39, -9999, -9999, 44, 76, -9999, -9999, -9999, 76, -9999, -9999, -9999, -9999, 56, -9999, -9999, 51, 93, -9999, 16, -9999, 8, -9999, -9999, -9999, -9999, 96, -9999, -9999, -9999, -9999, -9999, 74, -9999, -9999, 95, 17, 45, -9999, 43, -9999, -9999, -9999, -9999, 8],
[-9999, 30, 3, 95, -9999, 57, -9999, -9999, -9999, -9999, 9, -9999, -9999, 72, -9999, 76, -9999, 18, -9999, -9999, -9999, 2, -9999, 66, 39, 76, 61, -9999, -9999, 70, -9999, 34, -9999, -9999, -9999, 8, 63, -9999, -9999, -9999, -9999, 94, -9999, 68, -9999, -9999, -9999, 87, -9999, -9999, 31, -9999, 56, -9999, 26, 83, 47, -9999, -9999, 32, -9999, 16, 45, -9999, -9999, -9999, -9999, -9999, 92, -9999, -9999, -9999, -9999, 67, 75, -9999, 66, -9999, 99, -9999, -9999, 33, 37, -9999, -9999, -9999, -9999, 91, 5, 5, 61, -9999, 58, -9999, 64, -9999, -9999, -9999, -9999, 99],
[-9999, 95, -9999, -9999, -9999, -9999, -9999, 68, -9999, -9999, -9999, -9999, -9999, -9999, 10, 32, -9999, 20, -9999, -9999, 33, 51, -9999, -9999, -9999, -9999, 99, -9999, -9999, -9999, -9999, -9999, -9999, -9999, -9999, -9999, -9999, -9999, -9999, -9999, -9999, -9999, -9999, 73, -9999, -9999, -9999, -9999, -9999, -9999, 57, -9999, -9999, -9999, -9999, 58, -9999, -9999, 14, 39, -9999, -9999, -9999, -9999, -9999, -9999, -9999, -9999, -9999, -9999, -9999, -9999, 86, 69, -9999, -9999, -9999, -9999, -9999, -9999, -9999, -9999, -9999, -9999, -9999, -9999, -9999, -9999, -9999, 88, -9999, 80, -9999, -9999, -9999, 12, -9999, -9999, -9999, -9999],
[-9999, 3, 85, -9999, -9999, 37, -9999, 93, -9999, -9999, -9999, -9999, -9999, -9999, -9999, 54, -9999, 83, -9999, 48, -9999, 57, -9999, -9999, -9999, -9999, 18, -9999, -9999, 40, -9999, 81, 96, -9999, 4, -9999, 46, 5, -9999, 49, 34, -9999, -9999, 47, 42, -9999, -9999, 41, -9999, -9999, 27, -9999, 60, -9999, 44, 63, 34, -9999, 72, 71, -9999, 82, -9999, -9999, -9999, -9999, -9999, 9, 76, -9999, -9999, -9999, 14, 25, 66, 1, 3, 70, 65, 92, -9999, 37, 81, -9999, -9999, -9999, -9999, -9999, 99, -9999, -9999, -9999, 28, -9999, -9999, -9999, -9999, -9999, -9999, 89],
[-9999, -9999, 11, -9999, -9999, -9999, -9999, 43, -9999, 39, 38, 26, -9999, 99, 31, -9999, -9999, 94, -9999, -9999, 22, 15, -9999, -9999, -9999, -9999, -9999, -9999, -9999, 12, -9999, 81, 37, -9999, -9999, -9999, -9999, -9999, -9999, -9999, -9999, -9999, -9999, -9999, -9999, -9999, -9999, -9999, -9999, -9999, 69, 95, 15, -9999, -9999, 70, 16, -9999, -9999, 53, -9999, 80, -9999, -9999, -9999, -9999, -9999, 50, 93, -9999, -9999, 58, 17, 11, 36, 54, -9999, -9999, 37, 43, -9999, 21, -9999, -9999, -9999, -9999, -9999, 51, 79, -9999, 93, 22, -9999, -9999, 8, -9999, 99, -9999, 11, 96],
[-9999, 75, -9999, -9999, -9999, -9999, -9999, -9999, -9999, -9999, 85, -9999, -9999, -9999, 3, -9999, -9999, 87, -9999, -9999, -9999, 55, -9999, -9999, -9999, -9999, 41, -9999, -9999, 91, -9999, -9999, -9999, -9999, -9999, -9999, -9999, -9999, -9999, -9999, -9999, -9999, -9999, 48, -9999, 76, -9999, -9999, -9999, -9999, 70, -9999, -9999, -9999, -9999, 60, -9999, -9999, 18, 72, -9999, -9999, -9999, -9999, -9999, -9999, -9999, 58, -9999, -9999, 46, -9999, -9999, 16, -9999, -9999, 23, -9999, -9999, -9999, -9999, -9999, 22, -9999, -9999, -9999, -9999, -9999, -9999, 29, -9999, 78, -9999, -9999, -9999, 72, -9999, -9999, -9999, -9999],
[-9999, 25, 39, -9999, 46, -9999, -9999, 20, -9999, -9999, 18, -9999, -9999, 26, -9999, 9, -9999, -9999, -9999, 55, 74, 53, -9999, -9999, -9999, -9999, 77, -9999, -9999, 52, -9999, 47, -9999, -9999, -9999, 82, -9999, 12, -9999, -9999, 12, -9999, -9999, 7, -9999, -9999, -9999, 10, -9999, -9999, -9999, 22, -9999, -9999, 11, -9999, -9999, -9999, -9999, 87, -9999, 100, -9999, 66, -9999, -9999, -9999, 15, 86, -9999, -9999, 66, -9999, -9999, 1, 31, -9999, 5, 3, 62, -9999, 3, -9999, -9999, -9999, -9999, -9999, -9999, -9999, 80, 60, 38, 89, -9999, -9999, -9999, -9999, -9999, -9999, 39],
[-9999, 71, -9999, -9999, -9999, -9999, -9999, 97, -9999, -9999, 28, -9999, -9999, -9999, -9999, 51, -9999, 86, -9999, -9999, -9999, 12, -9999, -9999, -9999, -9999, -9999, -9999, -9999, -9999, -9999, -9999, -9999, -9999, -9999, -9999, -9999, -9999, -9999, -9999, -9999, -9999, -9999, -9999, -9999, -9999, -9999, -9999, -9999, -9999, 86, -9999, -9999, -9999, -9999, 22, -9999, -9999, 14, 47, -9999, -9999, -9999, -9999, -9999, -9999, -9999, -9999, -9999, -9999, -9999, -9999, -9999, 97, -9999, -9999, 90, -9999, -9999, -9999, -9999, -9999, 65, -9999, -9999, -9999, -9999, -9999, -9999, -9999, -9999, -9999, -9999, -9999, -9999, -9999, -9999, -9999, -9999, -9999],
[-9999, 75, -9999, -9999, -9999, -9999, -9999, 23, 62, -9999, 48, -9999, -9999, -9999, -9999, 57, -9999, 31, -9999, -9999, 33, 84, 64, -9999, -9999, -9999, -9999, -9999, -9999, 33, -9999, -9999, -9999, -9999, -9999, -9999, -9999, -9999, -9999, -9999, -9999, -9999, -9999, 58, -9999, -9999, -9999, -9999, 9, -9999, 98, -9999, -9999, 84, -9999, 60, -9999, -9999, 14, 58, -9999, -9999, -9999, -9999, -9999, 28, -9999, -9999, -9999, -9999, -9999, -9999, 44, -9999, -9999, -9999, 30, -9999, -9999, -9999, 34, -9999, 72, 5, -9999, -9999, -9999, -9999, -9999, -9999, -9999, -9999, -9999, -9999, -9999, -9999, -9999, 99, -9999, -9999],
[-9999, 78, 5, -9999, -9999, 70, -9999, 22, -9999, 79, 22, -9999, -9999, -9999, 52, 3, -9999, 83, -9999, -9999, -9999, 15, -9999, 53, 27, 50, 40, 2, -9999, -9999, -9999, 32, 23, -9999, -9999, 92, 92, 28, -9999, -9999, 12, -9999, 74, 56, -9999, -9999, -9999, -9999, -9999, -9999, 91, -9999, -9999, -9999, 12, 5, -9999, 15, -9999, 17, -9999, 8, -9999, -9999, -9999, -9999, -9999, 76, 53, -9999, -9999, -9999, 24, -9999, 49, -9999, -9999, 1, 76, 14, -9999, 38, -9999, -9999, -9999, -9999, -9999, 53, 82, -9999, 15, -9999, -9999, -9999, 38, -9999, -9999, -9999, 2, 46],
[-9999, 46, 99, -9999, -9999, 21, -9999, 85, -9999, -9999, 82, -9999, -9999, -9999, -9999, -9999, -9999, 24, -9999, 32, 35, -9999, -9999, 14, -9999, 82, 25, -9999, 59, -9999, -9999, 30, 87, -9999, -9999, -9999, -9999, -9999, 11, -9999, 1, 19, -9999, -9999, 74, -9999, 82, -9999, 49, -9999, -9999, -9999, -9999, 10, 63, 6, 75, -9999, -9999, 98, 32, 42, -9999, 71, -9999, 83, -9999, -9999, 33, 1, -9999, -9999, -9999, 63, 14, 61, -9999, -9999, 62, 37, -9999, 57, 87, -9999, -9999, -9999, -9999, -9999, -9999, 81, 96, 22, 15, -9999, 90, -9999, -9999, 36, -9999, 33],
[-9999, 47, 29, 50, -9999, 48, -9999, -9999, -9999, 70, 48, 16, 27, 69, -9999, 8, -9999, 68, -9999, 28, -9999, 59, -9999, 52, -9999, -9999, -9999, -9999, -9999, 79, -9999, 13, 90, -9999, 5, 85, -9999, 43, 97, -9999, -9999, 16, -9999, -9999, 41, -9999, 40, -9999, -9999, -9999, 76, -9999, 87, 89, 92, 39, 10, -9999, 12, 69, 13, -9999, 40, 67, -9999, 56, 59, 43, -9999, 72, -9999, 26, -9999, 7, 25, 89, -9999, -9999, 22, 63, -9999, 1, 93, -9999, -9999, -9999, -9999, -9999, 46, 14, 38, 10, 2, 45, 60, -9999, -9999, -9999, -9999, 35],
[-9999, 6, 98, 4, -9999, 5, -9999, -9999, -9999, 98, 23, -9999, -9999, 44, 62, -9999, -9999, 40, -9999, 4, 26, 34, -9999, -9999, 18, 64, -9999, -9999, -9999, 85, -9999, 96, 56, -9999, -9999, 4, -9999, -9999, -9999, -9999, -9999, -9999, -9999, 4, 15, 15, -9999, -9999, -9999, -9999, 81, 74, 22, -9999, -9999, -9999, 30, -9999, 17, 83, -9999, 13, -9999, -9999, -9999, -9999, -9999, -9999, 97, -9999, 45, -9999, -9999, -9999, 26, 85, 54, 47, -9999, 4, -9999, 100, 53, -9999, -9999, -9999, 48, 45, 10, 95, -9999, 36, 33, -9999, -9999, -9999, -9999, -9999, -9999, 74],
[-9999, 22, 38, -9999, -9999, 57, -9999, 62, -9999, 98, 14, 70, -9999, 39, 80, 84, -9999, 44, -9999, -9999, 88, 72, -9999, 44, -9999, -9999, 20, 93, -9999, -9999, -9999, 27, 30, -9999, -9999, 3, 10, 26, -9999, -9999, 12, 73, -9999, -9999, -9999, -9999, -9999, -9999, -9999, -9999, 7, -9999, 100, -9999, -9999, 8, 63, -9999, -9999, 24, -9999, -9999, -9999, -9999, -9999, -9999, -9999, 33, -9999, -9999, -9999, 25, -9999, 57, 91, -9999, -9999, 56, -9999, 76, -9999, 46, 90, -9999, -9999, -9999, -9999, -9999, 8, 17, -9999, -9999, -9999, -9999, 44, -9999, 44, -9999, -9999, 28],
[-9999, 4, 99, -9999, -9999, -9999, 39, -9999, -9999, 83, -9999, 48, -9999, 43, 3, 26, -9999, 8, -9999, 77, 88, 74, -9999, 41, 96, -9999, -9999, 65, -9999, 73, -9999, 46, -9999, -9999, -9999, 7, 93, -9999, -9999, -9999, 7, 97, 41, -9999, -9999, -9999, -9999, 60, -9999, -9999, 28, 90, -9999, -9999, 55, -9999, -9999, -9999, 50, 36, -9999, 33, -9999, -9999, -9999, -9999, -9999, -9999, -9999, -9999, -9999, -9999, 80, 47, 38, 62, 50, 59, 11, 95, -9999, 53, 41, -9999, -9999, -9999, -9999, 37, 70, -9999, 13, 22, -9999, -9999, -9999, -9999, -9999, -9999, -9999, 69],
[-9999, -9999, -9999, -9999, -9999, -9999, -9999, -9999, -9999, -9999, -9999, -9999, -9999, -9999, -9999, -9999, -9999, -9999, -9999, -9999, -9999, -9999, -9999, -9999, -9999, -9999, -9999, -9999, -9999, -9999, -9999, -9999, -9999, -9999, -9999, 9, -9999, -9999, -9999, -9999, -9999, -9999, -9999, -9999, -9999, -9999, -9999, -9999, -9999, -9999, 67, -9999, 20, -9999, -9999, -9999, -9999, -9999, -9999, -9999, -9999, -9999, -9999, -9999, -9999, -9999, -9999, -9999, -9999, -9999, -9999, -9999, -9999, -9999, -9999, -9999, -9999, -9999, -9999, -9999, -9999, -9999, -9999, -9999, -9999, -9999, -9999, -9999, 96, -9999, 27, -9999, -9999, -9999, -9999, -9999, -9999, -9999, -9999, 87],
[-9999, 61, -9999, -9999, -9999, -9999, -9999, 95, 100, -9999, 27, -9999, -9999, -9999, -9999, -9999, 38, 4, -9999, -9999, 98, 61, -9999, -9999, -9999, -9999, 16, -9999, -9999, -9999, -9999, -9999, -9999, 48, 88, -9999, -9999, -9999, -9999, -9999, -9999, -9999, -9999, 71, 39, -9999, -9999, -9999, -9999, -9999, -9999, -9999, -9999, 61, -9999, -9999, -9999, -9999, 12, 53, -9999, -9999, -9999, -9999, -9999, -9999, -9999, 81, -9999, -9999, -9999, -9999, 84, 64, -9999, -9999, 66, -9999, -9999, -9999, 11, -9999, -9999, 39, -9999, -9999, -9999, -9999, -9999, 1, -9999, 60, -9999, -9999, -9999, -9999, -9999, -9999, -9999, -9999],
[-9999, 70, -9999, -9999, -9999, -9999, -9999, 21, -9999, -9999, 4, -9999, -9999, -9999, -9999, -9999, -9999, 77, -9999, -9999, 60, 7, -9999, -9999, -9999, -9999, 37, -9999, -9999, -9999, -9999, -9999, -9999, -9999, 43, -9999, -9999, -9999, -9999, -9999, -9999, -9999, -9999, -9999, -9999, -9999, -9999, -9999, -9999, -9999, 70, -9999, -9999, -9999, -9999, -9999, -9999, -9999, -9999, 92, -9999, -9999, -9999, -9999, -9999, -9999, -9999, 8, -9999, -9999, -9999, -9999, 24, 20, -9999, -9999, 29, -9999, -9999, -9999, -9999, -9999, 49, -9999, -9999, -9999, -9999, -9999, -9999, 81, -9999, 90, -9999, -9999, -9999, -9999, -9999, -9999, -9999, -9999],
[-9999, 46, 75, 98, -9999, 82, -9999, 19, -9999, -9999, -9999, -9999, -9999, 88, 85, 9, -9999, 10, -9999, 18, 1, -9999, -9999, -9999, -9999, -9999, 100, -9999, -9999, -9999, 55, 79, -9999, -9999, -9999, 28, -9999, -9999, -9999, -9999, 98, 56, -9999, -9999, -9999, -9999, -9999, -9999, -9999, -9999, 85, 38, 81, -9999, 20, -9999, 26, -9999, -9999, 24, -9999, 91, -9999, 98, -9999, -9999, -9999, 26, 81, -9999, -9999, -9999, 10, 23, 20, 98, 17, -9999, -9999, -9999, -9999, 54, 53, -9999, -9999, -9999, -9999, -9999, -9999, 27, 2, 51, 79, -9999, -9999, -9999, -9999, -9999, -9999, 15],
[-9999, -9999, 56, -9999, -9999, -9999, -9999, 48, -9999, 78, 89, -9999, -9999, 42, 27, 7, -9999, 88, -9999, -9999, -9999, -9999, -9999, 88, -9999, 65, -9999, -9999, -9999, -9999, -9999, 23, -9999, -9999, -9999, -9999, -9999, -9999, -9999, -9999, -9999, -9999, 91, 44, -9999, -9999, -9999, 56, -9999, -9999, -9999, 33, 65, -9999, -9999, 92, 13, -9999, -9999, 55, -9999, 35, -9999, 42, -9999, -9999, -9999, 29, -9999, -9999, -9999, -9999, 26, 62, 19, 14, -9999, 90, 48, -9999, -9999, 75, 79, -9999, -9999, -9999, -9999, -9999, -9999, -9999, 41, 72, 69, -9999, 18, -9999, -9999, -9999, -9999, 7],
[-9999, -9999, -9999, -9999, -9999, -9999, -9999, -9999, -9999, -9999, -9999, -9999, -9999, -9999, -9999, 79, -9999, -9999, -9999, -9999, -9999, -9999, -9999, -9999, -9999, -9999, -9999, -9999, -9999, -9999, -9999, -9999, -9999, -9999, -9999, -9999, -9999, -9999, -9999, -9999, -9999, -9999, -9999, -9999, -9999, -9999, -9999, -9999, -9999, -9999, 79, -9999, -9999, -9999, -9999, -9999, -9999, -9999, -9999, -9999, -9999, -9999, -9999, -9999, -9999, -9999, -9999, -9999, -9999, -9999, -9999, -9999, -9999, -9999, -9999, -9999, -9999, -9999, -9999, -9999, -9999, -9999, -9999, -9999, -9999, -9999, -9999, -9999, -9999, -9999, -9999, -9999, -9999, -9999, -9999, -9999, -9999, -9999, -9999, -9999],
[-9999, -9999, -9999, -9999, -9999, -9999, -9999, -9999, -9999, -9999, -9999, -9999, -9999, -9999, -9999, 57, -9999, -9999, -9999, -9999, -9999, -9999, -9999, -9999, -9999, -9999, -9999, -9999, -9999, -9999, -9999, -9999, -9999, -9999, -9999, -9999, -9999, -9999, -9999, -9999, -9999, -9999, -9999, -9999, -9999, -9999, -9999, -9999, -9999, -9999, -9999, -9999, 9, -9999, 67, -9999, -9999, -9999, -9999, -9999, -9999, -9999, -9999, -9999, -9999, -9999, -9999, -9999, -9999, -9999, -9999, -9999, -9999, -9999, -9999, -9999, -9999, -9999, -9999, -9999, -9999, -9999, -9999, -9999, -9999, -9999, -9999, -9999, 66, -9999, 1, -9999, -9999, -9999, -9999, -9999, -9999, -9999, -9999, 57],
[-9999, 34, 60, 29, -9999, 72, -9999, -9999, -9999, 45, 65, 49, -9999, 23, 22, -9999, -9999, 44, -9999, 32, 85, 75, -9999, 92, 90, 100, -9999, -9999, -9999, 62, -9999, 80, 31, -9999, -9999, -9999, 25, 4, -9999, -9999, -9999, 24, -9999, -9999, -9999, -9999, -9999, 34, -9999, -9999, -9999, -9999, -9999, -9999, 55, 39, 55, -9999, -9999, 53, -9999, -9999, -9999, 63, -9999, -9999, -9999, 4, -9999, -9999, -9999, -9999, -9999, 13, 29, 43, 83, -9999, 83, 35, -9999, 10, 50, -9999, -9999, -9999, -9999, -9999, -9999, -9999, 18, -9999, 54, -9999, 96, -9999, -9999, -9999, 55, 50],
[-9999, -9999, -9999, -9999, -9999, -9999, -9999, -9999, -9999, -9999, 15, -9999, -9999, -9999, -9999, -9999, -9999, 22, -9999, -9999, -9999, -9999, -9999, -9999, -9999, -9999, 46, -9999, -9999, 72, -9999, -9999, -9999, -9999, -9999, -9999, -9999, -9999, -9999, -9999, -9999, -9999, -9999, 81, 85, 60, -9999, -9999, -9999, -9999, 59, -9999, -9999, -9999, -9999, 67, -9999, -9999, 20, 58, -9999, -9999, -9999, -9999, -9999, -9999, -9999, 10, -9999, -9999, -9999, -9999, -9999, -9999, -9999, -9999, 1, -9999, -9999, -9999, -9999, -9999, 81, -9999, -9999, -9999, -9999, -9999, -9999, -9999, -9999, 23, -9999, -9999, -9999, -9999, -9999, -9999, -9999, -9999],
[-9999, -9999, 5, -9999, -9999, 71, -9999, 59, -9999, -9999, 78, 6, -9999, -9999, -9999, 23, -9999, 30, 51, -9999, 24, 4, -9999, -9999, 34, 67, -9999, -9999, -9999, 41, -9999, 94, 4, -9999, -9999, -9999, -9999, 10, -9999, -9999, -9999, 42, -9999, 71, -9999, -9999, -9999, 72, -9999, -9999, -9999, -9999, -9999, -9999, 58, -9999, -9999, -9999, 78, 42, -9999, 9, -9999, 24, -9999, -9999, -9999, -9999, 66, -9999, -9999, 43, 94, 49, 91, 4, 83, 72, -9999, 74, -9999, 53, 65, -9999, -9999, -9999, 40, 61, 99, 21, 3, -9999, 18, -9999, -9999, -9999, -9999, -9999, -9999, 35],
[-9999, -9999, 38, 21, -9999, 90, -9999, 65, -9999, -9999, -9999, 7, -9999, 44, 83, 41, -9999, 79, -9999, 72, 82, 86, -9999, -9999, -9999, 26, 90, -9999, -9999, -9999, -9999, 84, -9999, -9999, -9999, 14, -9999, -9999, -9999, -9999, 16, 22, -9999, 26, -9999, -9999, -9999, 28, -9999, -9999, -9999, 46, -9999, -9999, -9999, 88, 77, -9999, 77, 7, -9999, 4, -9999, 18, -9999, -9999, -9999, 24, -9999, -9999, -9999, -9999, 97, -9999, 86, -9999, -9999, 31, 89, -9999, -9999, 58, 35, -9999, -9999, -9999, -9999, -9999, 7, -9999, 19, -9999, -9999, -9999, 73, -9999, -9999, -9999, -9999, 98],
[-9999, 35, 51, -9999, -9999, -9999, -9999, -9999, -9999, 75, -9999, 16, -9999, 6, -9999, 13, -9999, 9, -9999, 11, 63, 23, -9999, -9999, 56, -9999, -9999, -9999, 53, 29, -9999, 30, -9999, -9999, -9999, 54, 16, -9999, -9999, -9999, -9999, -9999, 43, 96, -9999, -9999, -9999, 71, -9999, -9999, 14, 96, 35, -9999, 38, 73, -9999, -9999, -9999, 100, -9999, 94, -9999, 33, -9999, -9999, -9999, -9999, -9999, -9999, -9999, 35, 34, -9999, 59, 64, 48, 61, 77, 43, -9999, 74, -9999, -9999, -9999, -9999, -9999, 92, 45, -9999, -9999, 82, 48, -9999, 21, -9999, -9999, -9999, 65, 88],
[-9999, 12, 60, 17, -9999, -9999, -9999, 85, -9999, 68, -9999, 4, -9999, -9999, -9999, 15, -9999, 39, -9999, 57, -9999, -9999, -9999, 40, 8, 47, -9999, 49, -9999, -9999, -9999, 73, 31, -9999, -9999, 22, 74, -9999, -9999, -9999, -9999, 51, -9999, -9999, -9999, -9999, -9999, 46, -9999, -9999, 28, 14, 32, -9999, -9999, -9999, 88, -9999, -9999, 33, -9999, 40, 15, 34, -9999, -9999, -9999, -9999, 49, -9999, -9999, 90, -9999, 88, 12, -9999, -9999, 81, 46, 10, -9999, 37, -9999, -9999, -9999, -9999, -9999, 74, 88, -9999, -9999, -9999, -9999, -9999, 69, -9999, -9999, -9999, -9999, 32],
[-9999, 23, 15, -9999, -9999, 23, -9999, 30, -9999, 73, 75, -9999, -9999, -9999, 46, -9999, -9999, -9999, 42, 10, -9999, -9999, -9999, -9999, 51, -9999, 87, -9999, -9999, 93, -9999, 59, 66, -9999, -9999, 57, -9999, 80, -9999, -9999, 58, -9999, -9999, 92, -9999, -9999, -9999, 25, -9999, -9999, 9, 18, 98, -9999, 48, 50, 32, -9999, 49, 56, -9999, 93, -9999, 46, -9999, -9999, -9999, 38, -9999, -9999, -9999, 6, -9999, -9999, 93, -9999, -9999, -9999, 92, 83, -9999, 7, 34, -9999, -9999, -9999, -9999, 49, 81, 80, 13, -9999, 37, -9999, -9999, -9999, -9999, -9999, -9999, 66],
[-9999, 81, 92, 31, -9999, 15, -9999, -9999, -9999, -9999, -9999, 72, -9999, -9999, 35, -9999, -9999, 17, -9999, 88, 11, -9999, -9999, -9999, -9999, -9999, 84, -9999, -9999, 40, -9999, 1, -9999, -9999, -9999, -9999, 11, 74, -9999, -9999, -9999, 43, -9999, 36, 80, -9999, -9999, 98, -9999, -9999, 80, -9999, -9999, -9999, -9999, 20, 48, -9999, 48, 59, -9999, -9999, 68, -9999, -9999, -9999, -9999, 1, 9, -9999, -9999, -9999, 62, 71, 86, 18, 39, 5, 61, 58, -9999, 14, 53, -9999, -9999, -9999, -9999, -9999, 79, 45, 11, 87, -9999, -9999, -9999, -9999, -9999, -9999, -9999, 11],
[-9999, -9999, 1, 55, -9999, -9999, -9999, -9999, -9999, 27, -9999, 4, -9999, -9999, 53, -9999, -9999, 42, -9999, 85, 28, -9999, -9999, 94, 24, 32, 13, 42, -9999, 78, -9999, 18, 57, -9999, -9999, -9999, 8, -9999, -9999, -9999, -9999, -9999, 54, 51, -9999, -9999, -9999, 82, -9999, -9999, 68, -9999, 41, -9999, -9999, 76, -9999, -9999, 80, 32, -9999, -9999, -9999, 36, -9999, -9999, -9999, 46, 59, -9999, -9999, -9999, -9999, -9999, 72, -9999, 69, -9999, -9999, -9999, -9999, 8, 76, -9999, -9999, -9999, -9999, 18, 73, 98, -9999, 29, 75, -9999, -9999, -9999, -9999, -9999, -9999, 94],
[-9999, -9999, -9999, -9999, -9999, -9999, -9999, 17, -9999, -9999, 84, -9999, -9999, -9999, -9999, 93, -9999, 93, -9999, -9999, -9999, -9999, -9999, -9999, -9999, -9999, 58, -9999, -9999, 62, -9999, -9999, -9999, -9999, -9999, -9999, -9999, -9999, -9999, -9999, -9999, -9999, -9999, -9999, -9999, -9999, -9999, -9999, -9999, -9999, 76, -9999, -9999, -9999, -9999, 51, -9999, -9999, -9999, 73, -9999, -9999, -9999, -9999, -9999, -9999, -9999, 100, -9999, -9999, -9999, -9999, -9999, -9999, -9999, -9999, 19, -9999, -9999, -9999, -9999, -9999, 35, -9999, -9999, -9999, -9999, -9999, -9999, 89, -9999, -9999, -9999, -9999, -9999, -9999, -9999, -9999, -9999, -9999],
[-9999, 27, -9999, -9999, -9999, -9999, -9999, -9999, -9999, -9999, -9999, -9999, -9999, -9999, -9999, -9999, -9999, 96, -9999, -9999, -9999, 77, -9999, -9999, -9999, -9999, -9999, -9999, -9999, 65, -9999, -9999, -9999, -9999, -9999, -9999, -9999, -9999, -9999, -9999, -9999, -9999, -9999, -9999, -9999, 35, -9999, -9999, -9999, -9999, 21, -9999, -9999, -9999, -9999, -9999, -9999, -9999, -9999, 63, -9999, -9999, -9999, -9999, -9999, -9999, -9999, 65, -9999, -9999, -9999, -9999, 61, 77, -9999, -9999, 60, -9999, -9999, -9999, -9999, -9999, 20, -9999, -9999, -9999, -9999, -9999, -9999, 91, -9999, -9999, -9999, -9999, -9999, -9999, -9999, -9999, -9999, -9999],
[-9999, 57, 81, -9999, -9999, 58, -9999, 79, -9999, 9, 83, 87, -9999, 34, 69, 97, -9999, 67, -9999, 91, -9999, -9999, -9999, 24, 1, -9999, 34, -9999, -9999, 46, -9999, 86, -9999, -9999, -9999, -9999, 37, 12, -9999, -9999, -9999, 82, -9999, -9999, -9999, -9999, -9999, -9999, -9999, -9999, 69, -9999, 62, -9999, 3, 55, -9999, -9999, 26, 47, -9999, 18, -9999, 51, -9999, -9999, -9999, -9999, 17, -9999, -9999, -9999, 9, 33, 49, 6, -9999, -9999, 9, 92, -9999, 84, -9999, -9999, -9999, -9999, -9999, -9999, -9999, 5, -9999, 94, 87, -9999, -9999, -9999, -9999, -9999, 95, 40],
[-9999, 37, 61, 6, -9999, -9999, -9999, -9999, -9999, -9999, 34, 80, -9999, 38, -9999, 65, -9999, 100, -9999, -9999, 95, 40, -9999, 38, -9999, -9999, 85, -9999, -9999, 84, -9999, 15, -9999, -9999, -9999, 11, 80, 89, -9999, -9999, -9999, 64, -9999, 85, 9, -9999, -9999, -9999, -9999, -9999, 52, 76, -9999, -9999, -9999, 33, -9999, -9999, -9999, 89, -9999, 68, -9999, -9999, -9999, -9999, -9999, -9999, 7, -9999, -9999, 25, -9999, 37, 5, -9999, -9999, -9999, -9999, 19, -9999, 93, -9999, -9999, -9999, -9999, -9999, 93, -9999, -9999, 95, -9999, 64, -9999, -9999, -9999, -9999, -9999, -9999, 2],
[-9999, 13, 72, 37, -9999, -9999, -9999, 72, -9999, 57, 1, -9999, -9999, 47, -9999, -9999, -9999, 11, -9999, 90, 75, 88, -9999, 81, 41, 79, 94, -9999, -9999, -9999, -9999, 15, -9999, -9999, -9999, 90, 46, 57, -9999, -9999, -9999, 4, -9999, 53, -9999, -9999, -9999, 56, -9999, -9999, 55, -9999, 37, -9999, 16, 42, -9999, -9999, -9999, 51, -9999, -9999, -9999, 53, -9999, -9999, -9999, 25, 80, -9999, -9999, -9999, -9999, 11, 27, -9999, 22, 14, 30, 64, -9999, 40, 47, -9999, -9999, -9999, -9999, 16, 88, 18, -9999, 41, 73, -9999, -9999, -9999, -9999, -9999, -9999, 66],
[-9999, 47, -9999, -9999, -9999, -9999, -9999, 59, -9999, -9999, -9999, -9999, -9999, -9999, -9999, 46, -9999, 65, 63, -9999, 87, -9999, -9999, -9999, -9999, -9999, 93, -9999, -9999, 69, -9999, -9999, -9999, -9999, -9999, -9999, -9999, -9999, -9999, -9999, -9999, -9999, -9999, -9999, -9999, -9999, -9999, -9999, -9999, -9999, -9999, -9999, -9999, -9999, -9999, 92, -9999, -9999, 83, 93, -9999, -9999, -9999, -9999, -9999, -9999, -9999, 33, -9999, -9999, -9999, -9999, -9999, 39, -9999, -9999, -9999, -9999, -9999, -9999, -9999, -9999, -9999, -9999, -9999, -9999, -9999, -9999, -9999, -9999, -9999, 78, -9999, -9999, -9999, -9999, -9999, -9999, -9999, -9999],
[-9999, -9999, -9999, -9999, -9999, -9999, -9999, 10, -9999, -9999, 100, -9999, -9999, -9999, -9999, -9999, -9999, 95, -9999, -9999, -9999, -9999, -9999, -9999, -9999, -9999, 91, -9999, -9999, -9999, 82, -9999, -9999, -9999, -9999, -9999, -9999, -9999, -9999, -9999, -9999, -9999, -9999, -9999, -9999, -9999, -9999, -9999, -9999, -9999, 60, -9999, -9999, -9999, -9999, -9999, -9999, -9999, 45, 35, -9999, -9999, -9999, -9999, -9999, -9999, -9999, -9999, -9999, -9999, -9999, -9999, -9999, 72, -9999, -9999, -9999, -9999, -9999, -9999, -9999, -9999, -9999, -9999, -9999, -9999, -9999, -9999, -9999, 40, -9999, 78, -9999, -9999, -9999, -9999, -9999, -9999, -9999, -9999],
[-9999, 27, -9999, -9999, -9999, -9999, -9999, -9999, -9999, -9999, -9999, -9999, -9999, -9999, 64, 63, -9999, 51, -9999, -9999, 82, 42, -9999, -9999, -9999, -9999, 72, -9999, -9999, -9999, -9999, -9999, -9999, -9999, -9999, -9999, -9999, -9999, -9999, -9999, -9999, -9999, -9999, 82, -9999, -9999, -9999, -9999, 51, -9999, -9999, -9999, -9999, -9999, -9999, -9999, -9999, -9999, -9999, 55, -9999, -9999, -9999, -9999, -9999, 62, -9999, -9999, -9999, -9999, -9999, -9999, 93, 31, -9999, -9999, -9999, -9999, -9999, -9999, 80, -9999, 16, 30, -9999, -9999, -9999, -9999, -9999, 47, -9999, -9999, -9999, -9999, -9999, -9999, -9999, -9999, -9999, -9999],
[-9999, -9999, 34, 62, -9999, 80, -9999, 67, -9999, 70, -9999, -9999, -9999, -9999, -9999, 16, -9999, 64, -9999, 80, 21, -9999, -9999, 38, -9999, 68, 24, -9999, 31, -9999, -9999, 25, 48, -9999, -9999, -9999, -9999, -9999, -9999, -9999, 63, 41, -9999, 23, -9999, -9999, -9999, 30, -9999, -9999, -9999, -9999, 78, -9999, 22, -9999, 44, -9999, 44, 29, -9999, 7, -9999, 77, -9999, -9999, -9999, 53, -9999, -9999, -9999, 81, 58, 57, 16, 29, 55, -9999, -9999, 71, -9999, 17, -9999, -9999, -9999, -9999, -9999, -9999, -9999, 38, 59, 52, -9999, -9999, 47, 33, -9999, -9999, -9999, 59],
[-9999, -9999, 88, 70, -9999, -9999, -9999, 81, 25, 40, -9999, -9999, -9999, -9999, 37, 9, -9999, 71, -9999, 74, 75, 76, -9999, -9999, -9999, -9999, 14, -9999, -9999, 52, -9999, 94, 91, -9999, -9999, -9999, 81, 44, -9999, -9999, 54, 47, -9999, 63, -9999, -9999, 67, 66, 97, -9999, 75, -9999, 41, 52, -9999, 48, 49, -9999, 69, 49, -9999, 19, 34, 23, -9999, -9999, -9999, -9999, -9999, 61, -9999, 34, 34, 39, 56, -9999, 47, 34, 4, -9999, 31, 34, 22, -9999, 68, 89, -9999, 82, -9999, 45, 55, 21, 65, -9999, -9999, -9999, -9999, -9999, -9999, 70],
[-9999, 64, 2, 12, -9999, 99, -9999, 19, -9999, -9999, -9999, 96, 16, -9999, 78, -9999, 7, 34, -9999, 2, 46, 47, 24, 6, 15, 85, 25, 12, -9999, 88, -9999, 23, -9999, -9999, -9999, 48, 87, 53, 51, -9999, 34, -9999, -9999, -9999, -9999, -9999, 25, 80, 98, -9999, 52, -9999, -9999, 90, -9999, 44, -9999, -9999, -9999, 4, 5, 79, -9999, 11, -9999, -9999, 11, -9999, -9999, 12, -9999, -9999, 87, -9999, 33, -9999, -9999, 98, -9999, 68, -9999, 90, -9999, 100, 73, -9999, -9999, 31, 90, 36, 6, 76, 66, -9999, -9999, -9999, -9999, -9999, -9999, 15],
[-9999, 31, -9999, -9999, -9999, -9999, -9999, -9999, -9999, -9999, 79, -9999, -9999, -9999, -9999, -9999, -9999, 21, -9999, -9999, 85, -9999, -9999, -9999, -9999, -9999, -9999, 97, -9999, 79, -9999, -9999, -9999, -9999, -9999, -9999, -9999, -9999, -9999, -9999, -9999, -9999, -9999, -9999, 49, -9999, -9999, -9999, -9999, -9999, 61, -9999, -9999, -9999, -9999, -9999, -9999, -9999, 90, 43, -9999, -9999, -9999, -9999, -9999, -9999, -9999, -9999, -9999, -9999, -9999, -9999, -9999, -9999, -9999, -9999, 12, -9999, -9999, -9999, 86, -9999, 60, 73, -9999, -9999, -9999, -9999, -9999, 44, -9999, -9999, -9999, -9999, -9999, -9999, -9999, -9999, -9999, -9999],
[-9999, 6, 69, 56, -9999, 97, -9999, 45, -9999, 48, 100, -9999, -9999, 48, -9999, 60, -9999, 15, -9999, 57, -9999, -9999, -9999, 65, -9999, -9999, 44, -9999, -9999, -9999, -9999, 93, -9999, -9999, -9999, -9999, -9999, -9999, -9999, -9999, -9999, -9999, -9999, -9999, -9999, -9999, -9999, 17, -9999, -9999, -9999, 67, -9999, -9999, -9999, 3, 54, -9999, 1, 21, -9999, 21, -9999, -9999, -9999, -9999, -9999, -9999, 26, -9999, -9999, 11, 78, 82, 75, 42, 38, -9999, -9999, 87, -9999, 92, -9999, -9999, -9999, -9999, -9999, -9999, 70, 67, 29, 47, 48, -9999, 29, -9999, -9999, -9999, -9999, 64],
[-9999, 73, -9999, -9999, -9999, -9999, -9999, 8, 88, -9999, 20, -9999, -9999, -9999, 88, 22, -9999, 55, -9999, -9999, -9999, -9999, 70, -9999, -9999, -9999, 48, -9999, -9999, -9999, -9999, -9999, -9999, -9999, -9999, -9999, -9999, -9999, -9999, -9999, -9999, -9999, -9999, -9999, -9999, -9999, -9999, -9999, 80, -9999, 91, -9999, -9999, 14, -9999, -9999, -9999, -9999, -9999, 69, -9999, -9999, -9999, -9999, -9999, -9999, -9999, 51, -9999, -9999, -9999, -9999, -9999, 50, -9999, -9999, 90, -9999, -9999, -9999, -9999, -9999, -9999, 72, -9999, -9999, -9999, -9999, -9999, -9999, -9999, -9999, -9999, -9999, -9999, -9999, -9999, 85, -9999, -9999],
[-9999, -9999, 89, 96, -9999, 66, -9999, -9999, -9999, 56, 81, -9999, -9999, 50, 19, -9999, -9999, 69, -9999, 9, -9999, 31, -9999, 37, 13, 94, -9999, -9999, -9999, -9999, -9999, 43, 8, -9999, -9999, -9999, 19, -9999, -9999, 73, 15, 28, -9999, -9999, -9999, -9999, -9999, -9999, -9999, -9999, 23, -9999, 43, -9999, 86, -9999, -9999, -9999, 10, 7, -9999, -9999, -9999, -9999, -9999, -9999, -9999, 20, 27, -9999, -9999, -9999, -9999, 65, 66, 75, -9999, 39, 21, -9999, -9999, 9, 70, -9999, -9999, -9999, -9999, -9999, 26, -9999, -9999, -9999, -9999, -9999, -9999, -9999, -9999, -9999, -9999, 5],
[-9999, -9999, -9999, -9999, -9999, -9999, -9999, -9999, -9999, -9999, 72, -9999, -9999, -9999, 76, 1, -9999, 32, -9999, -9999, -9999, 91, -9999, -9999, -9999, -9999, 91, -9999, -9999, 85, 83, -9999, -9999, -9999, -9999, -9999, -9999, -9999, -9999, -9999, -9999, -9999, -9999, 71, -9999, -9999, -9999, -9999, -9999, -9999, -9999, -9999, -9999, -9999, -9999, 92, -9999, -9999, 96, 17, -9999, -9999, -9999, -9999, -9999, 44, -9999, -9999, -9999, -9999, -9999, -9999, -9999, -9999, -9999, -9999, -9999, -9999, -9999, -9999, 12, -9999, 91, -9999, -9999, -9999, -9999, -9999, -9999, -9999, -9999, -9999, -9999, -9999, -9999, -9999, -9999, 23, -9999, -9999],
[-9999, 27, -9999, -9999, -9999, -9999, -9999, -9999, -9999, -9999, 2, -9999, -9999, -9999, 19, -9999, -9999, 24, -9999, -9999, 72, 27, -9999, -9999, -9999, -9999, -9999, -9999, -9999, -9999, -9999, -9999, -9999, -9999, -9999, -9999, -9999, -9999, -9999, -9999, -9999, -9999, -9999, 32, -9999, -9999, -9999, -9999, -9999, -9999, 87, -9999, -9999, -9999, -9999, -9999, -9999, -9999, -9999, 52, -9999, -9999, -9999, -9999, -9999, -9999, -9999, 68, -9999, -9999, -9999, -9999, 50, -9999, -9999, -9999, -9999, -9999, -9999, -9999, -9999, -9999, -9999, -9999, -9999, -9999, -9999, -9999, -9999, 97, -9999, 93, -9999, -9999, -9999, -9999, -9999, -9999, -9999, -9999],
[-9999, 5, 67, 20, -9999, -9999, -9999, -9999, -9999, -9999, 81, 30, -9999, -9999, 45, -9999, -9999, 89, -9999, 27, 3, -9999, -9999, 96, 98, 9, -9999, -9999, -9999, 100, -9999, 41, -9999, -9999, -9999, 55, -9999, -9999, -9999, -9999, 11, 17, -9999, 93, -9999, -9999, -9999, -9999, -9999, -9999, 27, 57, 66, -9999, 25, -9999, -9999, -9999, 65, -9999, -9999, -9999, -9999, 4, -9999, -9999, -9999, -9999, 60, -9999, -9999, -9999, 94, 79, 36, 80, 42, -9999, 33, -9999, -9999, 21, -9999, -9999, -9999, -9999, -9999, 68, 38, 66, 60, -9999, -9999, -9999, 33, -9999, -9999, -9999, -9999, 65],
[3, -9999, 51, -9999, -9999, -9999, 84, 41, 53, -9999, -9999, 19, 27, -9999, 59, 60, 87, 32, -9999, -9999, 3, -9999, -9999, -9999, 19, -9999, 24, -9999, -9999, -9999, -9999, 97, -9999, -9999, -9999, -9999, 59, -9999, 40, -9999, 47, 19, -9999, 42, -9999, -9999, -9999, 21, -9999, -9999, 28, -9999, 1, 18, -9999, 91, 43, -9999, 60, 3, -9999, 14, -9999, 35, -9999, 97, 9, 21, 11, -9999, -9999, 55, -9999, 39, 61, -9999, 18, 32, 52, -9999, -9999, 14, 17, -9999, 71, 81, -9999, -9999, 41, 21, 21, -9999, 70, 26, 18, -9999, -9999, -9999, -9999, 70],
[-9999, -9999, 61, 32, -9999, -9999, -9999, 37, -9999, -9999, 84, -9999, -9999, -9999, 25, 15, -9999, 27, 77, 95, -9999, -9999, -9999, -9999, -9999, 48, -9999, -9999, -9999, 1, -9999, 16, 38, -9999, -9999, 64, 34, -9999, -9999, -9999, 76, 25, -9999, -9999, -9999, -9999, -9999, 18, -9999, -9999, -9999, 39, -9999, -9999, 20, 85, -9999, -9999, 77, 50, -9999, -9999, -9999, -9999, -9999, -9999, -9999, 85, -9999, -9999, -9999, 74, 78, -9999, 15, 80, -9999, 15, 48, 86, -9999, -9999, 81, -9999, -9999, -9999, -9999, -9999, -9999, 44, 31, -9999, 66, -9999, -9999, -9999, 19, -9999, -9999, 61],
[-9999, -9999, 89, -9999, -9999, -9999, -9999, 78, -9999, -9999, -9999, -9999, -9999, 76, -9999, 71, -9999, 17, -9999, -9999, 73, -9999, -9999, -9999, -9999, -9999, -9999, -9999, 36, 24, -9999, 4, -9999, -9999, -9999, 48, -9999, -9999, -9999, -9999, -9999, 100, -9999, -9999, -9999, 95, -9999, 45, -9999, -9999, -9999, -9999, -9999, -9999, 20, 46, 97, -9999, 82, 85, -9999, -9999, -9999, -9999, -9999, -9999, -9999, -9999, -9999, -9999, -9999, -9999, 9, 58, 85, -9999, 67, 20, -9999, 25, -9999, 90, -9999, -9999, -9999, -9999, -9999, 9, 7, 70, 26, -9999, -9999, -9999, 16, -9999, -9999, -9999, -9999, 61],
[-9999, 60, 38, 14, 93, -9999, -9999, -9999, -9999, 43, -9999, -9999, 97, -9999, -9999, -9999, -9999, 1, -9999, 89, -9999, -9999, -9999, 14, 29, 21, 37, -9999, -9999, -9999, -9999, 82, -9999, -9999, -9999, 8, 65, 46, 91, 72, 33, 26, -9999, 59, -9999, -9999, -9999, 91, -9999, -9999, 72, 14, -9999, -9999, 88, 99, 67, -9999, -9999, 15, 85, 89, -9999, -9999, -9999, -9999, 90, 50, 13, 53, -9999, 14, 99, -9999, 35, -9999, 15, 88, 69, -9999, -9999, 29, 42, 25, 9, -9999, -9999, 22, -9999, 95, 42, -9999, -9999, 7, -9999, -9999, -9999, -9999, -9999, 45],
[-9999, 61, -9999, -9999, -9999, -9999, -9999, 44, -9999, -9999, 86, -9999, -9999, -9999, 68, -9999, -9999, 85, -9999, -9999, 42, -9999, -9999, -9999, -9999, -9999, -9999, 5, -9999, 51, -9999, -9999, -9999, 4, -9999, -9999, -9999, -9999, -9999, -9999, -9999, -9999, -9999, 57, -9999, -9999, -9999, -9999, -9999, -9999, 72, -9999, -9999, -9999, -9999, 41, -9999, -9999, 71, 98, -9999, -9999, -9999, -9999, -9999, 49, -9999, 62, -9999, -9999, -9999, -9999, 2, 15, -9999, -9999, 6, -9999, -9999, -9999, 65, -9999, -9999, -9999, -9999, -9999, -9999, -9999, -9999, -9999, -9999, 59, -9999, -9999, -9999, -9999, -9999, 30, -9999, -9999],
[-9999, -9999, -9999, -9999, -9999, -9999, -9999, -9999, -9999, -9999, -9999, -9999, -9999, -9999, -9999, -9999, -9999, -9999, -9999, -9999, -9999, -9999, -9999, -9999, -9999, -9999, -9999, -9999, -9999, -9999, -9999, -9999, -9999, -9999, -9999, 49, -9999, -9999, -9999, -9999, -9999, -9999, -9999, -9999, -9999, -9999, -9999, -9999, -9999, -9999, 91, -9999, -9999, -9999, -9999, -9999, -9999, -9999, -9999, -9999, -9999, -9999, -9999, -9999, -9999, -9999, -9999, -9999, -9999, -9999, -9999, -9999, -9999, -9999, -9999, -9999, -9999, -9999, -9999, -9999, -9999, -9999, -9999, -9999, -9999, -9999, -9999, -9999, -9999, -9999, 73, -9999, -9999, -9999, -9999, -9999, -9999, -9999, -9999, 1],
[-9999, -9999, 81, 23, -9999, 41, -9999, 4, -9999, 88, -9999, -9999, -9999, 69, -9999, -9999, -9999, 47, -9999, -9999, -9999, 86, -9999, 57, 31, -9999, -9999, -9999, -9999, 96, -9999, 29, 34, -9999, -9999, 11, 14, -9999, -9999, -9999, 37, 97, -9999, 78, -9999, -9999, -9999, 46, -9999, -9999, 89, 94, 31, -9999, 46, 23, 66, -9999, 92, 16, -9999, -9999, -9999, 67, -9999, -9999, -9999, 56, 40, -9999, -9999, -9999, 61, 93, 6, 72, -9999, 16, 71, 17, -9999, 56, 9, -9999, -9999, -9999, -9999, -9999, -9999, -9999, 83, -9999, 11, -9999, -9999, -9999, -9999, -9999, -9999, 21],
[-9999, -9999, -9999, -9999, -9999, -9999, -9999, -9999, -9999, -9999, -9999, -9999, -9999, -9999, -9999, 72, -9999, -9999, -9999, -9999, -9999, -9999, -9999, -9999, -9999, 67, -9999, -9999, -9999, -9999, -9999, -9999, -9999, -9999, -9999, -9999, -9999, -9999, -9999, -9999, -9999, -9999, -9999, -9999, -9999, -9999, -9999, -9999, -9999, -9999, -9999, -9999, 13, -9999, 45, -9999, -9999, -9999, -9999, -9999, -9999, -9999, -9999, -9999, -9999, -9999, -9999, -9999, -9999, -9999, -9999, -9999, -9999, -9999, -9999, -9999, -9999, -9999, -9999, -9999, -9999, -9999, -9999, -9999, -9999, -9999, -9999, -9999, 16, -9999, 21, -9999, -9999, -9999, -9999, -9999, -9999, -9999, -9999, 93],
[-9999, -9999, 80, -9999, -9999, -9999, -9999, -9999, -9999, 33, -9999, 11, -9999, 32, 29, -9999, -9999, 40, 8, 62, 35, 41, -9999, 68, 48, 38, -9999, -9999, -9999, 71, -9999, 13, 44, -9999, -9999, 29, -9999, 100, -9999, -9999, 79, -9999, -9999, 22, -9999, -9999, -9999, 31, -9999, -9999, -9999, -9999, -9999, -9999, 26, -9999, -9999, -9999, 71, 39, -9999, -9999, -9999, -9999, -9999, -9999, -9999, 74, -9999, -9999, -9999, 98, 5, -9999, 39, -9999, 83, -9999, 13, -9999, -9999, 8, 32, -9999, -9999, -9999, -9999, -9999, 35, 93, -9999, -9999, 44, -9999, 65, -9999, -9999, -9999, -9999, 50],
[-9999, -9999, -9999, -9999, -9999, -9999, -9999, -9999, -9999, -9999, -9999, -9999, -9999, -9999, -9999, 74, -9999, -9999, -9999, -9999, -9999, -9999, -9999, -9999, -9999, 74, -9999, -9999, -9999, -9999, -9999, -9999, -9999, -9999, -9999, -9999, -9999, -9999, -9999, -9999, -9999, -9999, -9999, -9999, -9999, -9999, -9999, -9999, -9999, -9999, 52, -9999, -9999, -9999, -9999, -9999, -9999, -9999, -9999, -9999, -9999, -9999, 14, -9999, -9999, -9999, -9999, -9999, -9999, -9999, -9999, -9999, -9999, -9999, -9999, -9999, -9999, -9999, -9999, -9999, -9999, -9999, -9999, -9999, -9999, -9999, -9999, -9999, -9999, -9999, -9999, -9999, -9999, -9999, -9999, -9999, -9999, -9999, -9999, 4],
[-9999, -9999, -9999, -9999, -9999, -9999, -9999, -9999, -9999, -9999, -9999, -9999, -9999, -9999, -9999, 8, -9999, -9999, -9999, -9999, -9999, -9999, -9999, -9999, -9999, -9999, -9999, -9999, -9999, -9999, -9999, -9999, -9999, -9999, -9999, -9999, -9999, -9999, -9999, -9999, -9999, -9999, -9999, -9999, -9999, -9999, -9999, -9999, -9999, -9999, 57, -9999, 71, -9999, 79, -9999, -9999, -9999, -9999, -9999, -9999, -9999, -9999, -9999, -9999, -9999, -9999, -9999, -9999, -9999, -9999, -9999, -9999, -9999, -9999, -9999, -9999, -9999, -9999, -9999, -9999, -9999, -9999, -9999, -9999, -9999, -9999, -9999, 8, -9999, 83, -9999, -9999, -9999, -9999, -9999, -9999, -9999, -9999, 16],
[-9999, -9999, 79, -9999, -9999, -9999, -9999, 7, -9999, -9999, -9999, 53, -9999, -9999, 61, 60, -9999, 88, 75, -9999, -9999, 76, -9999, 59, -9999, 83, 60, -9999, -9999, 94, 19, 6, 78, -9999, -9999, -9999, 40, 90, -9999, -9999, 70, 100, -9999, -9999, -9999, -9999, -9999, 83, -9999, -9999, 4, -9999, -9999, -9999, 90, -9999, -9999, -9999, 52, 70, -9999, -9999, -9999, -9999, -9999, -9999, -9999, 83, -9999, -9999, -9999, -9999, 48, 13, 66, -9999, 84, -9999, -9999, 34, -9999, 18, 98, -9999, -9999, -9999, -9999, 52, -9999, -9999, -9999, 73, -9999, -9999, -9999, -9999, -9999, -9999, -9999, 4],
[-9999, -9999, 1, 94, -9999, 29, -9999, -9999, -9999, 69, 74, -9999, -9999, -9999, 98, -9999, -9999, 69, -9999, 100, 89, -9999, -9999, 87, -9999, 52, 5, -9999, -9999, -9999, -9999, 41, 82, -9999, -9999, 65, 80, 70, -9999, -9999, 44, 16, -9999, 1, -9999, -9999, -9999, -9999, -9999, -9999, 73, -9999, -9999, -9999, -9999, -9999, 91, -9999, 63, 65, -9999, 70, -9999, -9999, -9999, -9999, -9999, 4, 68, -9999, -9999, -9999, -9999, 65, 42, 96, -9999, -9999, 32, -9999, -9999, 83, 65, -9999, -9999, -9999, 74, -9999, 49, 24, 21, 11, -9999, -9999, -9999, -9999, -9999, -9999, -9999, 17],
[-9999, -9999, -9999, -9999, -9999, -9999, -9999, -9999, 75, -9999, -9999, -9999, -9999, -9999, 81, -9999, -9999, 85, -9999, -9999, 38, 15, 2, -9999, -9999, -9999, -9999, -9999, -9999, 64, -9999, -9999, -9999, 32, 94, -9999, -9999, -9999, -9999, -9999, -9999, -9999, -9999, 49, -9999, -9999, -9999, -9999, 15, -9999, 39, -9999, -9999, 24, -9999, 9, -9999, -9999, 54, 95, -9999, -9999, -9999, -9999, -9999, 95, -9999, 15, -9999, -9999, -9999, -9999, 98, -9999, -9999, -9999, 93, -9999, -9999, -9999, 97, -9999, -9999, -9999, -9999, -9999, -9999, -9999, -9999, 95, -9999, 26, -9999, -9999, -9999, -9999, -9999, 22, -9999, -9999],
[48, 4, 51, 5, -9999, -9999, -9999, 14, 60, 89, -9999, -9999, 41, 33, 47, 57, -9999, 39, -9999, 85, -9999, 84, 5, -9999, 97, -9999, -9999, 12, -9999, -9999, -9999, 43, -9999, -9999, -9999, -9999, 46, -9999, 15, -9999, 13, -9999, -9999, 83, -9999, 10, -9999, 39, -9999, -9999, -9999, 85, 98, 75, -9999, 89, 30, -9999, 93, 43, -9999, 12, -9999, -9999, -9999, -9999, -9999, -9999, -9999, 50, -9999, -9999, 5, 21, -9999, 10, -9999, 41, 79, 40, 21, 12, 69, -9999, -9999, -9999, 53, 46, -9999, 43, 92, -9999, 69, -9999, 47, -9999, -9999, -9999, -9999, 68],
[-9999, -9999, 61, 38, -9999, 57, -9999, -9999, -9999, -9999, 25, -9999, -9999, -9999, -9999, -9999, -9999, 43, -9999, 38, -9999, -9999, -9999, -9999, -9999, 18, 66, -9999, -9999, -9999, 3, 38, 36, -9999, -9999, 20, -9999, 85, -9999, -9999, 13, 32, -9999, -9999, -9999, -9999, -9999, 34, -9999, -9999, 41, 97, 85, -9999, -9999, -9999, 35, -9999, -9999, 49, -9999, 100, 11, 47, -9999, -9999, -9999, -9999, 21, -9999, -9999, -9999, -9999, 15, 39, -9999, -9999, -9999, -9999, -9999, -9999, 79, -9999, -9999, -9999, -9999, -9999, 32, -9999, 46, 99, -9999, 24, -9999, 76, -9999, 72, -9999, -9999, 59],
[-9999, -9999, 7, 61, 18, 82, -9999, 17, -9999, 75, 81, 72, -9999, 61, -9999, -9999, -9999, 10, -9999, -9999, 88, 74, -9999, -9999, 77, 74, 22, -9999, -9999, -9999, -9999, 25, 79, -9999, -9999, 59, -9999, 52, -9999, 22, -9999, -9999, -9999, 16, -9999, -9999, -9999, 31, -9999, -9999, 1, 53, 25, -9999, 42, -9999, 30, -9999, 3, 61, -9999, -9999, -9999, -9999, -9999, -9999, -9999, 35, 69, -9999, -9999, -9999, 21, -9999, 48, -9999, -9999, -9999, -9999, 48, -9999, 18, -9999, -9999, -9999, -9999, -9999, -9999, 31, 15, -9999, -9999, -9999, -9999, 6, 44, -9999, -9999, -9999, 56],
[-9999, 28, 89, -9999, -9999, 68, -9999, 74, -9999, -9999, 89, -9999, -9999, 65, 26, 62, -9999, 65, -9999, -9999, 78, 49, -9999, 35, -9999, -9999, 40, -9999, -9999, -9999, -9999, 58, 42, -9999, -9999, 41, 87, -9999, -9999, 54, -9999, 2, -9999, 31, -9999, -9999, -9999, 10, -9999, -9999, 58, -9999, 76, -9999, 86, -9999, -9999, -9999, 6, 36, -9999, 34, -9999, -9999, -9999, -9999, -9999, 86, 31, -9999, -9999, -9999, -9999, 63, 89, -9999, -9999, -9999, -9999, 95, -9999, 39, 9, -9999, -9999, -9999, -9999, -9999, 44, -9999, 91, 58, 48, -9999, 8, -9999, -9999, -9999, 17, 93],
[-9999, 65, -9999, 98, -9999, 20, -9999, 91, 4, 84, 45, 24, 56, 15, -9999, 15, -9999, 49, 32, 14, 31, -9999, 75, 16, -9999, 61, -9999, -9999, -9999, -9999, -9999, 21, -9999, -9999, -9999, -9999, 22, 97, 49, -9999, -9999, -9999, -9999, -9999, 64, -9999, -9999, 96, -9999, -9999, 86, 79, 58, 62, 46, -9999, 72, -9999, -9999, 48, 43, 82, -9999, 51, 29, 72, -9999, -9999, 19, 96, -9999, 7, 1, -9999, 24, -9999, -9999, 36, -9999, -9999, -9999, 7, -9999, 46, 64, 63, -9999, -9999, -9999, 59, 26, -9999, 37, -9999, -9999, 18, -9999, 50, -9999, 29],
[-9999, -9999, -9999, -9999, -9999, -9999, -9999, 83, -9999, -9999, 32, -9999, -9999, -9999, -9999, 12, -9999, 70, -9999, -9999, -9999, 39, 52, -9999, -9999, -9999, 48, -9999, -9999, 81, -9999, -9999, -9999, -9999, -9999, -9999, -9999, -9999, -9999, -9999, -9999, -9999, -9999, 27, -9999, -9999, -9999, -9999, -9999, -9999, 71, -9999, -9999, 16, -9999, 17, -9999, -9999, -9999, 54, -9999, -9999, -9999, -9999, -9999, 7, -9999, 4, -9999, -9999, -9999, -9999, 98, -9999, -9999, -9999, -9999, -9999, -9999, -9999, 83, -9999, 100, 57, -9999, -9999, -9999, -9999, -9999, 38, -9999, 58, -9999, -9999, -9999, -9999, -9999, -9999, -9999, -9999],
[-9999, 92, 63, 52, -9999, -9999, -9999, -9999, -9999, 24, 60, 47, -9999, -9999, 89, -9999, -9999, 67, -9999, 34, 27, 31, -9999, 31, -9999, 100, 13, -9999, -9999, 92, -9999, 82, -9999, -9999, -9999, 29, 81, 17, -9999, -9999, -9999, -9999, -9999, 56, 23, -9999, -9999, 26, -9999, -9999, 83, 65, -9999, -9999, -9999, -9999, -9999, 3, 75, 33, -9999, 61, -9999, 59, -9999, -9999, -9999, -9999, 48, -9999, -9999, -9999, 89, 89, 92, 27, 71, 92, -9999, -9999, -9999, 38, -9999, -9999, -9999, -9999, -9999, 30, 54, 89, 95, -9999, -9999, -9999, 28, -9999, -9999, -9999, -9999, 49],
[87, 29, 87, 25, -9999, -9999, -9999, -9999, -9999, -9999, 18, 25, 43, 15, 59, -9999, -9999, 34, -9999, -9999, -9999, 85, 25, -9999, 98, -9999, -9999, 31, -9999, -9999, -9999, 99, -9999, -9999, -9999, 30, -9999, -9999, -9999, 63, -9999, 53, 19, -9999, -9999, -9999, 65, 87, 93, -9999, 18, -9999, -9999, -9999, -9999, 99, -9999, -9999, 40, 49, 5, 77, -9999, 57, 21, -9999, 14, 80, -9999, 53, -9999, 47, -9999, 56, 53, 22, -9999, -9999, -9999, 96, -9999, -9999, 75, 50, 95, 39, 31, 89, 98, -9999, 24, 11, -9999, -9999, -9999, -9999, -9999, 47, -9999, 75],
[-9999, -9999, -9999, -9999, -9999, -9999, -9999, -9999, -9999, -9999, 15, -9999, -9999, -9999, 67, 54, -9999, 19, -9999, -9999, 14, 15, -9999, -9999, -9999, -9999, 52, -9999, -9999, -9999, -9999, -9999, -9999, -9999, -9999, -9999, -9999, -9999, -9999, -9999, -9999, -9999, -9999, 4, -9999, -9999, -9999, -9999, -9999, -9999, -9999, -9999, -9999, -9999, -9999, 64, -9999, -9999, -9999, 64, -9999, -9999, -9999, -9999, -9999, -9999, -9999, -9999, -9999, -9999, -9999, -9999, -9999, 72, -9999, -9999, 77, -9999, -9999, -9999, -9999, -9999, -9999, -9999, -9999, -9999, -9999, -9999, -9999, -9999, -9999, -9999, -9999, -9999, -9999, -9999, -9999, -9999, -9999, -9999],
[-9999, -9999, 73, -9999, -9999, 89, -9999, -9999, -9999, 73, 27, 60, -9999, -9999, 6, -9999, -9999, 56, -9999, -9999, 17, -9999, -9999, -9999, 64, 15, 12, -9999, 69, 65, -9999, 40, -9999, -9999, -9999, -9999, -9999, 91, -9999, 82, 18, 48, -9999, -9999, -9999, -9999, -9999, 1, -9999, -9999, 51, 36, -9999, -9999, -9999, 1, 97, -9999, 39, 87, -9999, 14, -9999, 22, -9999, -9999, -9999, 4, 12, -9999, -9999, 86, -9999, 92, 3, 52, 80, 86, -9999, -9999, -9999, 22, 47, -9999, -9999, -9999, -9999, -9999, 97, -9999, -9999, 81, 25, -9999, -9999, -9999, -9999, -9999, -9999, 80],
[-9999, 56, 43, 41, -9999, 100, 55, 66, -9999, 61, 45, -9999, -9999, -9999, 25, -9999, -9999, 58, -9999, -9999, 91, 46, -9999, -9999, 4, 1, 3, -9999, 100, 21, -9999, 23, -9999, -9999, -9999, -9999, 57, 52, -9999, -9999, 1, 40, -9999, -9999, -9999, -9999, -9999, -9999, -9999, -9999, 92, -9999, 90, -9999, -9999, 14, 82, -9999, 82, 51, -9999, 51, 13, 89, -9999, -9999, -9999, -9999, 28, -9999, -9999, 30, -9999, 1, 47, 95, 64, -9999, -9999, -9999, -9999, 6, -9999, -9999, -9999, -9999, -9999, -9999, -9999, -9999, 18, -9999, 52, -9999, 98, -9999, -9999, -9999, -9999, 45],
[-9999, 58, 88, -9999, -9999, -9999, -9999, -9999, -9999, -9999, 52, 88, -9999, 81, -9999, -9999, -9999, 28, -9999, 95, 100, -9999, -9999, 94, -9999, -9999, 73, -9999, -9999, 84, -9999, 16, 56, -9999, -9999, -9999, -9999, -9999, -9999, -9999, -9999, 93, -9999, -9999, -9999, -9999, -9999, -9999, -9999, -9999, -9999, -9999, 35, -9999, 73, -9999, -9999, -9999, 22, 4, -9999, 42, -9999, 73, -9999, -9999, -9999, -9999, 85, -9999, -9999, -9999, -9999, -9999, 66, -9999, 2, -9999, -9999, -9999, -9999, 10, -9999, -9999, -9999, -9999, -9999, 25, 15, 57, -9999, 89, 71, -9999, -9999, -9999, -9999, -9999, -9999, 41],
[-9999, 53, -9999, -9999, -9999, -9999, -9999, 60, -9999, -9999, -9999, -9999, -9999, -9999, -9999, 18, -9999, 40, -9999, -9999, -9999, -9999, -9999, -9999, -9999, -9999, -9999, -9999, -9999, 36, 36, -9999, -9999, -9999, 85, -9999, -9999, -9999, -9999, -9999, -9999, -9999, -9999, 54, 39, -9999, -9999, -9999, -9999, -9999, 47, -9999, -9999, -9999, -9999, 87, -9999, -9999, 18, 27, -9999, -9999, -9999, -9999, -9999, -9999, -9999, 37, -9999, -9999, 15, -9999, -9999, 88, -9999, -9999, 39, -9999, -9999, -9999, -9999, -9999, 4, -9999, -9999, -9999, -9999, -9999, -9999, 3, -9999, -9999, -9999, -9999, -9999, -9999, -9999, -9999, -9999, -9999],
[-9999, -9999, 23, 43, -9999, 38, -9999, 99, 83, -9999, -9999, -9999, 26, 62, -9999, -9999, -9999, 93, -9999, -9999, 60, 91, 72, -9999, 69, 26, 62, -9999, -9999, 29, -9999, 43, 15, -9999, -9999, 99, 74, -9999, -9999, -9999, 20, 94, -9999, 28, -9999, -9999, 90, 72, 23, -9999, 60, 46, 51, 98, 14, 29, 76, -9999, -9999, 28, 69, 12, -9999, 60, -9999, -9999, -9999, 51, -9999, 81, -9999, -9999, 28, 92, 47, 100, -9999, 19, 7, 66, -9999, 18, 75, 1, -9999, 15, -9999, -9999, -9999, 97, -9999, -9999, 83, -9999, 53, -9999, -9999, -9999, 66, 93],
[-9999, -9999, -9999, -9999, -9999, -9999, -9999, 60, -9999, -9999, -9999, -9999, -9999, -9999, 66, 80, -9999, 85, 54, -9999, 100, 32, -9999, -9999, -9999, -9999, -9999, -9999, -9999, 90, -9999, -9999, -9999, -9999, 21, -9999, -9999, -9999, -9999, -9999, -9999, -9999, -9999, 2, -9999, 84, -9999, -9999, -9999, -9999, 18, -9999, -9999, -9999, -9999, 54, -9999, -9999, 5, 2, -9999, -9999, -9999, -9999, -9999, -9999, -9999, 23, -9999, -9999, -9999, -9999, 70, 92, -9999, -9999, 87, -9999, -9999, -9999, -9999, -9999, 77, -9999, -9999, -9999, -9999, -9999, -9999, 96, -9999, 55, -9999, -9999, -9999, -9999, -9999, -9999, -9999, -9999],
[-9999, -9999, -9999, -9999, -9999, -9999, -9999, -9999, -9999, -9999, -9999, -9999, -9999, -9999, -9999, 13, -9999, -9999, -9999, -9999, -9999, -9999, -9999, -9999, -9999, -9999, -9999, -9999, -9999, -9999, -9999, -9999, -9999, -9999, -9999, 13, -9999, -9999, -9999, -9999, -9999, -9999, -9999, -9999, -9999, -9999, -9999, -9999, -9999, -9999, 33, -9999, 14, -9999, -9999, -9999, -9999, -9999, -9999, -9999, -9999, -9999, -9999, -9999, -9999, -9999, -9999, -9999, -9999, -9999, -9999, -9999, -9999, -9999, -9999, -9999, -9999, -9999, -9999, -9999, -9999, -9999, -9999, -9999, -9999, -9999, -9999, -9999, -9999, -9999, 22, -9999, -9999, -9999, -9999, -9999, -9999, -9999, -9999, 23],
[-9999, -9999, -9999, -9999, -9999, -9999, -9999, 6, -9999, -9999, 14, -9999, -9999, -9999, -9999, 86, -9999, 23, -9999, -9999, -9999, 55, -9999, -9999, -9999, -9999, -9999, -9999, -9999, 5, -9999, -9999, -9999, -9999, -9999, -9999, -9999, -9999, -9999, -9999, -9999, -9999, -9999, 24, -9999, -9999, -9999, -9999, -9999, -9999, -9999, -9999, -9999, -9999, -9999, 75, -9999, -9999, -9999, 34, -9999, -9999, -9999, -9999, -9999, -9999, -9999, 66, -9999, -9999, -9999, -9999, 25, -9999, -9999, -9999, 1, -9999, -9999, -9999, -9999, -9999, -9999, -9999, -9999, -9999, -9999, -9999, -9999, 45, -9999, -9999, -9999, -9999, -9999, -9999, -9999, -9999, -9999, -9999],
[-9999, 94, 61, 34, -9999, 94, -9999, 12, -9999, -9999, -9999, -9999, -9999, -9999, -9999, -9999, -9999, 66, -9999, 63, -9999, 51, -9999, 78, 88, -9999, -9999, -9999, -9999, -9999, -9999, 63, 50, -9999, -9999, -9999, 74, 71, -9999, -9999, -9999, -9999, -9999, 8, -9999, -9999, -9999, 25, -9999, -9999, 77, 61, -9999, -9999, -9999, 31, 64, -9999, 29, 93, -9999, 42, -9999, -9999, -9999, -9999, -9999, 69, 72, -9999, -9999, -9999, 27, 59, 89, -9999, 67, -9999, 4, -9999, -9999, 73, 38, -9999, -9999, -9999, -9999, -9999, 72, -9999, -9999, -9999, -9999, -9999, -9999, -9999, -9999, -9999, -9999, 96],
[-9999, -9999, 74, 5, -9999, 58, -9999, 26, -9999, -9999, 17, 7, -9999, -9999, -9999, 68, -9999, 37, -9999, 89, -9999, -9999, -9999, -9999, 99, -9999, 92, 50, -9999, -9999, -9999, 78, -9999, -9999, -9999, 38, 52, 73, -9999, -9999, -9999, 91, -9999, 65, -9999, -9999, -9999, -9999, -9999, -9999, 3, -9999, 85, -9999, 43, 99, -9999, -9999, -9999, 94, -9999, 18, -9999, 77, -9999, -9999, -9999, -9999, -9999, -9999, -9999, -9999, 87, 69, 7, 35, -9999, -9999, 50, -9999, -9999, 88, 71, -9999, -9999, -9999, -9999, 27, 29, -9999, -9999, 9, -9999, -9999, -9999, -9999, -9999, -9999, -9999, 46],
[-9999, 6, 31, -9999, -9999, 13, -9999, 88, -9999, -9999, 60, 81, -9999, -9999, -9999, -9999, -9999, 95, -9999, -9999, 89, 5, -9999, -9999, 15, -9999, 77, -9999, -9999, -9999, 60, 86, 79, -9999, -9999, 89, 70, -9999, -9999, -9999, 67, 47, -9999, 63, -9999, -9999, -9999, -9999, -9999, -9999, -9999, -9999, -9999, -9999, -9999, -9999, -9999, -9999, 95, 58, -9999, 42, 27, 24, -9999, -9999, -9999, 10, 55, -9999, 31, 20, 42, 77, 38, 93, 34, -9999, 12, 5, -9999, -9999, -9999, -9999, -9999, -9999, -9999, -9999, -9999, -9999, -9999, 68, 13, -9999, 41, -9999, -9999, -9999, -9999, 59],
[-9999, -9999, 61, -9999, -9999, 14, 19, -9999, -9999, 26, 32, 66, -9999, 52, -9999, -9999, -9999, 40, -9999, 20, 56, -9999, -9999, 11, -9999, -9999, -9999, -9999, -9999, 79, -9999, 97, -9999, -9999, -9999, 96, 86, -9999, -9999, -9999, -9999, 46, -9999, -9999, -9999, -9999, -9999, 20, -9999, -9999, 26, 85, -9999, -9999, 77, -9999, 63, -9999, 19, 84, -9999, 55, -9999, -9999, -9999, -9999, -9999, -9999, -9999, -9999, -9999, -9999, 70, 47, 26, 35, 10, -9999, 57, 21, -9999, 61, 12, -9999, -9999, -9999, -9999, 62, -9999, 15, -9999, -9999, 18, -9999, -9999, -9999, -9999, -9999, -9999, 98],
[-9999, 50, -9999, -9999, -9999, -9999, -9999, -9999, -9999, -9999, 21, -9999, -9999, -9999, 28, 72, -9999, 64, 19, -9999, -9999, -9999, -9999, -9999, -9999, -9999, 21, -9999, -9999, 49, 18, -9999, -9999, -9999, -9999, -9999, -9999, -9999, -9999, -9999, -9999, -9999, -9999, 66, -9999, -9999, -9999, -9999, -9999, -9999, 32, -9999, -9999, -9999, -9999, -9999, -9999, -9999, 88, 28, -9999, -9999, -9999, -9999, -9999, -9999, -9999, 92, -9999, -9999, -9999, -9999, -9999, 12, -9999, -9999, 40, -9999, -9999, -9999, -9999, -9999, 22, -9999, -9999, -9999, -9999, -9999, -9999, 47, -9999, 26, -9999, -9999, -9999, -9999, -9999, -9999, -9999, -9999],
[-9999, 27, -9999, -9999, -9999, -9999, -9999, 49, -9999, -9999, -9999, -9999, -9999, -9999, 75, 81, -9999, 56, -9999, -9999, 96, -9999, -9999, -9999, -9999, -9999, 63, -9999, -9999, 91, -9999, -9999, -9999, -9999, -9999, -9999, -9999, -9999, -9999, -9999, -9999, -9999, -9999, 58, -9999, -9999, -9999, -9999, -9999, -9999, -9999, -9999, -9999, -9999, -9999, 79, -9999, -9999, -9999, 80, -9999, -9999, -9999, -9999, -9999, -9999, -9999, -9999, -9999, -9999, -9999, -9999, -9999, 46, -9999, -9999, 40, -9999, -9999, -9999, -9999, -9999, 18, -9999, -9999, -9999, -9999, -9999, -9999, -9999, -9999, 79, -9999, -9999, -9999, -9999, -9999, -9999, -9999, -9999],
[-9999, -9999, 49, 12, -9999, 44, -9999, -9999, -9999, -9999, -9999, 36, -9999, 5, 72, -9999, -9999, 75, -9999, 73, 63, -9999, -9999, 100, -9999, 15, 34, -9999, -9999, 67, -9999, 3, 78, -9999, -9999, -9999, -9999, 42, -9999, -9999, -9999, 42, 61, -9999, -9999, -9999, -9999, -9999, -9999, -9999, 71, 70, -9999, -9999, 72, 7, 49, -9999, -9999, 14, -9999, -9999, -9999, 72, -9999, -9999, -9999, 87, 96, -9999, -9999, 19, 31, -9999, 5, 24, -9999, 98, 29, 64, -9999, 36, 23, -9999, -9999, -9999, -9999, -9999, 20, 28, -9999, -9999, -9999, -9999, 15, 45, -9999, -9999, -9999, 23],
[-9999, -9999, -9999, -9999, -9999, -9999, -9999, 15, -9999, -9999, -9999, -9999, -9999, -9999, -9999, -9999, -9999, 32, -9999, -9999, -9999, -9999, -9999, -9999, -9999, -9999, -9999, -9999, -9999, -9999, -9999, -9999, -9999, -9999, 61, -9999, -9999, -9999, -9999, -9999, -9999, -9999, -9999, -9999, 96, -9999, -9999, -9999, -9999, -9999, -9999, -9999, -9999, -9999, -9999, 69, -9999, -9999, -9999, 87, -9999, -9999, -9999, -9999, -9999, -9999, -9999, -9999, -9999, -9999, -9999, -9999, -9999, -9999, -9999, -9999, -9999, -9999, -9999, -9999, -9999, -9999, 7, -9999, -9999, -9999, -9999, -9999, -9999, -9999, -9999, 69, -9999, -9999, -9999, -9999, 74, -9999, -9999, -9999],
[-9999, 51, 53, -9999, -9999, -9999, -9999, -9999, -9999, -9999, 98, 6, -9999, -9999, 50, -9999, -9999, 8, -9999, -9999, 42, -9999, -9999, -9999, -9999, 23, 32, -9999, -9999, -9999, -9999, 76, 76, -9999, -9999, -9999, -9999, 37, -9999, -9999, -9999, 97, -9999, 67, -9999, 88, -9999, 45, -9999, -9999, -9999, -9999, 76, -9999, -9999, -9999, -9999, -9999, -9999, 34, -9999, 97, -9999, 1, -9999, -9999, -9999, 67, 12, -9999, -9999, -9999, -9999, 78, 69, -9999, 1, 68, 47, 4, -9999, 35, 85, -9999, -9999, -9999, -9999, 55, -9999, 99, 51, -9999, -9999, -9999, 53, -9999, -9999, -9999, -9999, -9999]
];
