NbNodes = 100;
NbNDDs = 0;
NbPairs = 100;
NbTerminals = 0;
K = 0;
L = 102;
Wt = [
[-9999, 9, -9999, -9999, -9999, -9999, -9999, -9999, -9999, -9999, -9999, -9999, -9999, -9999, -9999, -9999, -9999, -9999, -9999, -9999, -9999, -9999, -9999, -9999, -9999, -9999, 93, -9999, -9999, -9999, -9999, -9999, -9999, -9999, -9999, -9999, -9999, -9999, -9999, -9999, -9999, -9999, 51, -9999, -9999, -9999, -9999, -9999, -9999, -9999, -9999, -9999, -9999, -9999, -9999, -9999, -9999, -9999, -9999, -9999, 67, -9999, -9999, -9999, -9999, -9999, -9999, -9999, -9999, -9999, 50, -9999, -9999, -9999, -9999, -9999, -9999, -9999, -9999, -9999, -9999, -9999, -9999, 42, -9999, -9999, -9999, -9999, -9999, -9999, -9999, -9999, -9999, -9999, -9999, -9999, -9999, 82, -9999, -9999],
[-9999, -9999, -9999, -9999, -9999, -9999, -9999, -9999, -9999, -9999, -9999, -9999, -9999, -9999, 44, -9999, -9999, -9999, -9999, -9999, -9999, -9999, 7, -9999, 16, -9999, -9999, -9999, -9999, -9999, -9999, 100, 100, -9999, -9999, -9999, -9999, 41, -9999, 38, -9999, -9999, -9999, -9999, 86, -9999, -9999, 78, -9999, -9999, -9999, -9999, 72, -9999, -9999, -9999, -9999, -9999, -9999, -9999, -9999, 94, 2, 15, -9999, 18, -9999, -9999, -9999, -9999, -9999, 100, -9999, 89, -9999, 7, -9999, 22, -9999, -9999, -9999, -9999, -9999, -9999, 52, -9999, 55, -9999, -9999, -9999, -9999, 96, -9999, -9999, -9999, -9999, -9999, -9999, -9999, -9999],
[-9999, 47, -9999, 50, -9999, 66, 44, -9999, 50, -9999, 22, -9999, -9999, -9999, -9999, -9999, 23, -9999, -9999, -9999, -9999, -9999, 76, 86, 7, -9999, 38, 66, 64, -9999, -9999, -9999, 58, 90, 30, -9999, -9999, -9999, -9999, 81, -9999, 30, 74, -9999, -9999, 6, 2, 14, -9999, -9999, 23, -9999, 49, 18, -9999, -9999, -9999, 75, 73, -9999, -9999, -9999, -9999, 89, 71, 18, 94, -9999, -9999, 34, -9999, 54, -9999, 11, -9999, 50, 91, 3, 2, 58, 69, -9999, -9999, 83, -9999, -9999, 34, 43, -9999, -9999, 76, 44, -9999, 95, 10, -9999, -9999, 65, -9999, 85],
[-9999, -9999, -9999, -9999, 74, -9999, -9999, -9999, -9999, -9999, -9999, -9999, 36, -9999, 64, -9999, -9999, -9999, -9999, -9999, -9999, -9999, -9999, -9999, 98, -9999, -9999, -9999, -9999, -9999, -9999, 47, 36, -9999, -9999, -9999, -9999, -9999, -9999, 4, -9999, -9999, 93, 82, 97, -9999, -9999, 58, -9999, -9999, -9999, -9999, 92, -9999, -9999, -9999, -9999, -9999, -9999, -9999, -9999, -9999, -9999, 67, -9999, -9999, -9999, 58, -9999, -9999, -9999, 100, -9999, 62, -9999, -9999, -9999, -9999, -9999, -9999, -9999, -9999, -9999, -9999, -9999, -9999, -9999, -9999, -9999, -9999, -9999, -9999, -9999, -9999, -9999, -9999, -9999, -9999, -9999, -9999],
[-9999, 39, 38, -9999, -9999, 23, 86, 34, 20, -9999, 62, -9999, -9999, -9999, 24, 21, -9999, -9999, -9999, -9999, -9999, -9999, 34, 49, -9999, -9999, 73, 8, 26, -9999, -9999, 98, -9999, -9999, -9999, 85, -9999, -9999, 2, 36, -9999, -9999, 64, 52, -9999, -9999, -9999, -9999, -9999, -9999, -9999, -9999, 98, -9999, -9999, -9999, -9999, 15, -9999, 4, -9999, 25, -9999, 28, 100, -9999, 29, -9999, -9999, 45, -9999, -9999, -9999, 21, -9999, 36, 65, -9999, 9, 98, -9999, -9999, -9999, 93, 82, -9999, 27, 24, -9999, -9999, 34, 34, -9999, 86, -9999, -9999, -9999, 54, 93, -9999],
[-9999, -9999, -9999, -9999, 85, -9999, -9999, -9999, -9999, -9999, -9999, -9999, -9999, -9999, -9999, -9999, -9999, -9999, -9999, -9999, -9999, -9999, 69, -9999, 23, -9999, -9999, -9999, -9999, -9999, -9999, 22, 70, -9999, -9999, -9999, -9999, 34, -9999, -9999, -9999, -9999, 85, -9999, 94, -9999, -9999, 6, -9999, 6, -9999, -9999, -9999, -9999, -9999, -9999, -9999, -9999, -9999, -9999, -9999, 70, 37, 47, -9999, -9999, -9999, -9999, -9999, -9999, -9999, 39, -9999, -9999, -9999, -9999, -9999, 70, -9999, -9999, -9999, -9999, -9999, -9999, -9999, -9999, -9999, -9999, -9999, -9999, -9999, 36, -9999, -9999, -9999, -9999, -9999, -9999, -9999, -9999],
[-9999, 76, -9999, -9999, -9999, -9999, -9999, -9999, -9999, -9999, -9999, -9999, -9999, -9999, -9999, 17, -9999, -9999, -9999, -9999, 66, -9999, -9999, -9999, -9999, -9999, 4, -9999, -9999, -9999, -9999, -9999, -9999, -9999, -9999, -9999, -9999, -9999, -9999, -9999, -9999, -9999, -9999, -9999, -9999, -9999, -9999, -9999, -9999, -9999, -9999, -9999, -9999, -9999, -9999, -9999, -9999, -9999, -9999, -9999, 86, -9999, -9999, -9999, -9999, -9999, -9999, -9999, -9999, -9999, 62, -9999, 47, -9999, -9999, -9999, -9999, -9999, -9999, -9999, -9999, -9999, 3, 50, -9999, -9999, -9999, -9999, -9999, -9999, -9999, -9999, -9999, -9999, -9999, -9999, -9999, -9999, -9999, -9999],
[-9999, 26, 17, 20, 41, -9999, 59, -9999, 72, -9999, 49, -9999, 44, -9999, -9999, -9999, 30, -9999, -9999, 67, -9999, 16, -9999, 78, -9999, -9999, 83, 29, 74, -9999, -9999, -9999, 76, -9999, -9999, 72, -9999, 54, -9999, 17, -9999, -9999, -9999, 44, -9999, 64, 87, -9999, -9999, -9999, 21, -9999, 24, -9999, -9999, -9999, -9999, 18, 38, 91, 79, 51, 94, 49, 70, -9999, 27, -9999, -9999, 84, -9999, 9, -9999, 56, -9999, 41, 33, 30, -9999, 29, -9999, -9999, -9999, 48, 60, -9999, 51, -9999, -9999, -9999, -9999, 27, -9999, 91, 12, 4, -9999, -9999, 53, 89],
[-9999, 56, -9999, -9999, 52, -9999, 77, 87, -9999, -9999, 82, -9999, -9999, -9999, 8, 87, -9999, -9999, -9999, 86, -9999, 43, -9999, 82, 9, -9999, 26, 53, 92, -9999, -9999, 100, 86, -9999, 8, 91, -9999, 56, -9999, -9999, -9999, -9999, -9999, 51, 98, 49, 18, 46, -9999, 75, 12, -9999, 82, -9999, 34, 58, 5, -9999, -9999, 46, 11, 60, 100, 74, -9999, 65, 100, -9999, -9999, -9999, -9999, 70, -9999, 68, 61, 28, 50, -9999, -9999, 3, 8, -9999, -9999, 62, -9999, -9999, 14, -9999, -9999, -9999, -9999, -9999, 79, 54, 71, 90, -9999, -9999, 27, 67],
[-9999, 32, 48, 33, -9999, -9999, 56, 82, -9999, -9999, 84, -9999, -9999, -9999, -9999, 36, -9999, -9999, -9999, 63, -9999, 6, 65, 81, 80, -9999, 23, 91, 8, -9999, -9999, 55, -9999, -9999, 93, 34, -9999, 17, -9999, 81, -9999, -9999, -9999, 7, 64, 58, -9999, 52, -9999, 16, -9999, -9999, -9999, -9999, 36, 45, -9999, -9999, -9999, -9999, 89, 83, -9999, 90, 21, -9999, 61, 23, -9999, -9999, -9999, -9999, -9999, 23, 5, 84, 3, -9999, 84, 75, -9999, -9999, -9999, 59, 32, -9999, -9999, 67, -9999, -9999, 69, 52, -9999, 43, -9999, 14, -9999, 92, 16, 17],
[-9999, -9999, -9999, -9999, 64, -9999, -9999, -9999, -9999, -9999, -9999, -9999, 66, -9999, 63, -9999, -9999, -9999, -9999, -9999, -9999, -9999, 78, -9999, -9999, -9999, -9999, -9999, -9999, -9999, -9999, 36, -9999, -9999, -9999, -9999, -9999, -9999, -9999, -9999, -9999, -9999, -9999, 11, 52, -9999, -9999, 92, -9999, -9999, -9999, -9999, -9999, -9999, -9999, -9999, -9999, -9999, -9999, -9999, -9999, 99, 25, 12, -9999, -9999, -9999, -9999, -9999, -9999, -9999, 9, -9999, 15, -9999, -9999, -9999, 25, -9999, -9999, -9999, -9999, -9999, -9999, -9999, -9999, 93, -9999, -9999, -9999, -9999, -9999, -9999, -9999, -9999, -9999, -9999, -9999, -9999, -9999],
[-9999, 91, 3, -9999, -9999, 53, 72, 33, 80, -9999, 13, -9999, 94, -9999, -9999, -9999, 32, -9999, -9999, 91, -9999, 37, 45, 55, -9999, -9999, -9999, 14, 79, -9999, -9999, -9999, -9999, -9999, 86, -9999, -9999, -9999, -9999, -9999, -9999, 18, 48, -9999, -9999, -9999, -9999, 92, -9999, -9999, 66, -9999, -9999, -9999, 32, 28, 14, -9999, -9999, 30, -9999, 100, -9999, 78, 63, -9999, 53, -9999, -9999, -9999, -9999, 81, -9999, 5, -9999, -9999, 41, 41, -9999, 8, 6, -9999, -9999, 9, -9999, -9999, -9999, -9999, -9999, -9999, -9999, 83, 37, 10, 14, -9999, -9999, -9999, 21, 11],
[-9999, -9999, -9999, -9999, -9999, -9999, -9999, -9999, -9999, -9999, -9999, -9999, -9999, -9999, 25, -9999, -9999, -9999, -9999, -9999, -9999, -9999, -9999, -9999, -9999, -9999, -9999, -9999, -9999, -9999, -9999, 44, 6, -9999, -9999, -9999, -9999, -9999, -9999, -9999, -9999, -9999, -9999, 76, -9999, -9999, -9999, -9999, -9999, -9999, -9999, -9999, -9999, -9999, -9999, -9999, -9999, -9999, -9999, -9999, -9999, -9999, 96, 45, -9999, -9999, -9999, -9999, -9999, -9999, -9999, 52, -9999, 25, -9999, 60, -9999, -9999, -9999, -9999, -9999, -9999, -9999, -9999, 50, -9999, 30, -9999, -9999, -9999, -9999, -9999, -9999, -9999, -9999, -9999, -9999, -9999, -9999, -9999],
[-9999, -9999, -9999, -9999, -9999, -9999, -9999, -9999, -9999, -9999, -9999, -9999, 11, -9999, 24, -9999, -9999, -9999, -9999, -9999, -9999, -9999, 72, -9999, 66, -9999, -9999, -9999, -9999, -9999, -9999, -9999, -9999, -9999, -9999, -9999, -9999, -9999, -9999, 80, -9999, -9999, 96, 80, -9999, -9999, -9999, -9999, -9999, 30, -9999, -9999, 87, -9999, -9999, -9999, -9999, -9999, -9999, -9999, -9999, 78, -9999, 85, -9999, -9999, -9999, -9999, -9999, -9999, -9999, 93, -9999, -9999, -9999, 58, -9999, -9999, -9999, -9999, -9999, -9999, -9999, -9999, 77, -9999, -9999, -9999, -9999, -9999, -9999, 25, -9999, -9999, -9999, -9999, -9999, -9999, -9999, -9999],
[-9999, 66, 91, 84, -9999, -9999, 5, 44, 79, -9999, 34, -9999, -9999, -9999, -9999, 23, -9999, -9999, -9999, 33, -9999, 49, -9999, 98, -9999, -9999, -9999, 36, 19, -9999, -9999, -9999, -9999, -9999, 96, -9999, -9999, -9999, 17, -9999, -9999, -9999, 34, -9999, 16, -9999, 8, 29, -9999, 37, 7, -9999, -9999, -9999, 30, 92, -9999, -9999, -9999, -9999, -9999, -9999, -9999, 99, 4, -9999, -9999, -9999, -9999, 34, -9999, -9999, -9999, 14, 67, 88, 49, -9999, -9999, 53, 20, -9999, -9999, 3, -9999, -9999, -9999, -9999, -9999, -9999, -9999, -9999, 83, 62, 43, 93, -9999, -9999, -9999, -9999],
[-9999, -9999, -9999, -9999, 35, -9999, -9999, -9999, -9999, -9999, -9999, -9999, 87, -9999, -9999, -9999, -9999, -9999, -9999, -9999, -9999, -9999, -9999, -9999, -9999, -9999, -9999, -9999, -9999, -9999, -9999, 30, -9999, -9999, -9999, -9999, -9999, 89, -9999, 12, -9999, -9999, -9999, 63, 29, -9999, -9999, -9999, -9999, 88, -9999, -9999, -9999, -9999, -9999, -9999, -9999, -9999, -9999, -9999, -9999, -9999, -9999, 82, -9999, -9999, -9999, -9999, -9999, -9999, -9999, -9999, -9999, -9999, -9999, -9999, -9999, -9999, -9999, -9999, -9999, -9999, -9999, -9999, -9999, -9999, -9999, -9999, -9999, -9999, -9999, 45, -9999, -9999, -9999, -9999, -9999, -9999, -9999, -9999],
[-9999, -9999, -9999, -9999, 99, -9999, -9999, -9999, -9999, -9999, -9999, -9999, 58, -9999, -9999, -9999, -9999, -9999, -9999, -9999, -9999, -9999, -9999, -9999, 87, -9999, -9999, -9999, -9999, -9999, -9999, 39, -9999, -9999, -9999, -9999, -9999, 72, -9999, -9999, -9999, -9999, 38, -9999, -9999, -9999, -9999, 9, -9999, 72, -9999, -9999, 32, -9999, -9999, -9999, -9999, -9999, -9999, -9999, -9999, -9999, 55, 26, -9999, -9999, -9999, 18, -9999, -9999, -9999, -9999, -9999, 35, -9999, 58, -9999, 78, -9999, -9999, -9999, -9999, -9999, -9999, 74, -9999, 18, -9999, -9999, -9999, -9999, -9999, -9999, -9999, -9999, -9999, -9999, -9999, -9999, -9999],
[-9999, -9999, -9999, -9999, 95, -9999, -9999, -9999, -9999, -9999, -9999, -9999, 64, -9999, 73, -9999, -9999, -9999, -9999, -9999, -9999, -9999, 51, -9999, -9999, -9999, -9999, -9999, -9999, -9999, -9999, 84, -9999, -9999, -9999, -9999, -9999, 20, -9999, 30, -9999, -9999, 22, 8, 4, -9999, -9999, -9999, -9999, -9999, -9999, -9999, 3, -9999, -9999, -9999, -9999, -9999, -9999, -9999, -9999, 83, 63, 52, -9999, -9999, -9999, -9999, -9999, -9999, -9999, 78, -9999, -9999, -9999, 59, -9999, 1, -9999, -9999, -9999, -9999, -9999, -9999, 52, -9999, 46, -9999, -9999, -9999, -9999, -9999, -9999, -9999, -9999, -9999, -9999, -9999, -9999, -9999],
[-9999, 46, -9999, -9999, -9999, -9999, -9999, 53, -9999, -9999, -9999, -9999, -9999, -9999, -9999, 88, -9999, -9999, -9999, -9999, 2, -9999, -9999, -9999, -9999, -9999, 52, -9999, -9999, -9999, -9999, -9999, -9999, -9999, -9999, -9999, -9999, -9999, -9999, -9999, -9999, -9999, 94, -9999, -9999, -9999, -9999, -9999, -9999, -9999, -9999, -9999, -9999, -9999, -9999, -9999, -9999, -9999, -9999, -9999, 22, -9999, -9999, -9999, -9999, -9999, -9999, -9999, -9999, -9999, -9999, -9999, -9999, -9999, -9999, -9999, -9999, -9999, -9999, -9999, -9999, -9999, -9999, 14, -9999, -9999, -9999, -9999, -9999, -9999, -9999, -9999, -9999, -9999, -9999, -9999, -9999, 70, -9999, -9999],
[25, 100, -9999, -9999, 97, 80, 54, -9999, 56, 60, 45, -9999, 55, 89, 40, -9999, 4, -9999, -9999, -9999, 3, 96, -9999, 44, -9999, -9999, 84, 98, 95, -9999, -9999, 49, -9999, -9999, 26, 73, -9999, 76, 99, 79, 5, 26, 36, 49, 64, -9999, 30, -9999, -9999, 88, -9999, -9999, 38, -9999, 85, 9, 80, 34, -9999, 38, -9999, -9999, 54, 73, -9999, -9999, 13, -9999, 84, -9999, -9999, -9999, -9999, 83, -9999, 81, -9999, 90, 91, 75, -9999, -9999, 13, 89, -9999, -9999, 12, -9999, -9999, -9999, 24, 6, -9999, 12, 36, 98, -9999, 46, -9999, 69],
[-9999, 83, -9999, 35, 13, 55, 2, -9999, 13, -9999, 43, -9999, -9999, -9999, 57, -9999, -9999, -9999, -9999, -9999, -9999, 67, -9999, 6, 22, -9999, -9999, 10, 91, -9999, -9999, -9999, 72, -9999, 38, 45, -9999, 71, 11, -9999, -9999, 96, 43, 75, 16, 51, -9999, 2, -9999, 98, -9999, -9999, 96, -9999, 28, 56, -9999, -9999, -9999, 34, 44, 20, 45, 47, 13, -9999, 57, -9999, -9999, 77, -9999, -9999, -9999, 23, -9999, -9999, -9999, -9999, -9999, 5, 36, -9999, -9999, 26, 18, -9999, -9999, 9, -9999, -9999, -9999, -9999, 54, 26, -9999, 98, -9999, 95, 33, -9999],
[-9999, 51, -9999, -9999, -9999, -9999, -9999, 94, -9999, -9999, -9999, -9999, -9999, -9999, -9999, 77, -9999, -9999, -9999, -9999, -9999, -9999, -9999, -9999, -9999, -9999, 11, -9999, -9999, -9999, -9999, -9999, -9999, -9999, -9999, -9999, -9999, -9999, -9999, -9999, -9999, -9999, -9999, -9999, -9999, -9999, -9999, -9999, -9999, -9999, -9999, -9999, -9999, -9999, -9999, -9999, -9999, -9999, -9999, -9999, -9999, -9999, -9999, -9999, -9999, -9999, -9999, -9999, -9999, -9999, 86, -9999, -9999, -9999, -9999, -9999, -9999, -9999, -9999, -9999, -9999, -9999, -9999, 36, -9999, -9999, -9999, -9999, -9999, -9999, -9999, -9999, -9999, -9999, -9999, -9999, -9999, -9999, -9999, -9999],
[-9999, -9999, -9999, -9999, 14, -9999, -9999, -9999, -9999, -9999, -9999, -9999, -9999, -9999, -9999, -9999, -9999, -9999, -9999, -9999, -9999, -9999, -9999, -9999, 57, -9999, -9999, -9999, -9999, -9999, -9999, -9999, -9999, -9999, -9999, -9999, -9999, -9999, -9999, -9999, -9999, -9999, -9999, 34, -9999, -9999, -9999, -9999, -9999, 19, -9999, -9999, -9999, -9999, -9999, -9999, -9999, -9999, -9999, -9999, -9999, 63, 8, 84, -9999, 30, -9999, -9999, -9999, -9999, -9999, -9999, -9999, 55, -9999, 33, -9999, 87, -9999, -9999, -9999, -9999, -9999, -9999, 85, -9999, 97, -9999, -9999, -9999, -9999, -9999, -9999, -9999, -9999, -9999, 14, -9999, -9999, -9999],
[-9999, 29, 65, -9999, 93, -9999, 86, 4, 10, 36, 22, -9999, -9999, -9999, -9999, 87, 41, 14, -9999, -9999, 49, 84, -9999, -9999, -9999, 20, 96, 66, 63, -9999, -9999, 3, 48, 28, 59, 31, -9999, -9999, 46, 29, 31, 53, 49, 46, -9999, -9999, -9999, -9999, -9999, 61, 59, -9999, 34, -9999, 99, 2, 28, -9999, -9999, -9999, 58, -9999, 9, 84, -9999, -9999, 17, -9999, 78, 96, 37, 28, 44, 17, 50, 35, -9999, -9999, 48, 24, -9999, -9999, 88, 15, -9999, -9999, 91, 77, -9999, -9999, 16, -9999, 36, 71, -9999, -9999, -9999, -9999, 46, -9999],
[-9999, 82, 55, 19, -9999, 17, 34, 12, -9999, -9999, 16, -9999, -9999, -9999, -9999, -9999, 37, -9999, -9999, 60, -9999, -9999, 79, 72, -9999, -9999, 47, 30, 95, -9999, -9999, 31, 82, -9999, 13, 1, -9999, -9999, 38, 69, -9999, -9999, 35, -9999, 71, -9999, -9999, -9999, -9999, -9999, 26, -9999, -9999, 6, -9999, 13, 31, -9999, -9999, 92, 16, 31, -9999, 28, 6, -9999, 82, -9999, -9999, 11, -9999, -9999, -9999, 36, 48, 16, 38, 52, -9999, 64, -9999, -9999, -9999, 44, 55, -9999, -9999, 56, -9999, -9999, -9999, 11, -9999, 13, 52, -9999, -9999, 89, 88, -9999],
[-9999, -9999, -9999, -9999, 17, -9999, -9999, -9999, -9999, -9999, -9999, -9999, -9999, -9999, -9999, -9999, -9999, -9999, -9999, -9999, -9999, -9999, 37, -9999, 84, -9999, -9999, -9999, -9999, -9999, -9999, 75, 49, -9999, -9999, -9999, -9999, -9999, -9999, 72, -9999, -9999, 58, 12, -9999, -9999, -9999, -9999, -9999, 48, -9999, -9999, 13, -9999, -9999, -9999, -9999, -9999, -9999, -9999, -9999, -9999, 54, 76, -9999, -9999, -9999, 1, -9999, -9999, -9999, -9999, -9999, -9999, -9999, 52, -9999, 75, -9999, -9999, -9999, -9999, -9999, -9999, 50, -9999, 19, -9999, -9999, -9999, -9999, 36, -9999, -9999, -9999, -9999, -9999, -9999, -9999, -9999],
[96, 52, 60, 36, -9999, 41, 27, 74, 77, 34, 28, 87, 9, 94, 70, 61, -9999, -9999, -9999, 20, 46, 44, 79, 31, -9999, 64, -9999, 98, 80, -9999, -9999, -9999, 9, -9999, 72, 42, -9999, -9999, 33, 37, -9999, 25, 68, 81, -9999, -9999, 24, 37, -9999, 68, -9999, -9999, -9999, -9999, 89, 87, 48, -9999, -9999, -9999, -9999, 29, 30, 43, -9999, -9999, -9999, -9999, 89, 45, -9999, 88, 40, 36, -9999, 82, 92, 42, 57, 75, 69, -9999, 24, 69, -9999, 76, 85, 5, -9999, -9999, 46, -9999, 48, 39, -9999, 42, -9999, 4, 20, -9999],
[3, -9999, -9999, -9999, 9, -9999, -9999, -9999, -9999, -9999, -9999, 80, 46, 37, 10, -9999, -9999, -9999, -9999, -9999, -9999, -9999, 2, -9999, -9999, -9999, -9999, -9999, -9999, -9999, -9999, 11, -9999, -9999, -9999, -9999, -9999, 83, -9999, 67, -9999, -9999, 87, 20, 55, -9999, -9999, 23, -9999, 10, -9999, -9999, 1, -9999, -9999, -9999, -9999, -9999, -9999, -9999, -9999, 97, 13, 48, -9999, -9999, -9999, -9999, -9999, -9999, -9999, 32, -9999, 3, -9999, 16, -9999, 32, -9999, -9999, -9999, -9999, -9999, -9999, -9999, -9999, 87, -9999, -9999, 79, -9999, 17, -9999, -9999, -9999, -9999, -9999, -9999, -9999, -9999],
[41, 96, 22, 49, -9999, 49, 1, 97, 22, 38, 63, 12, 46, -9999, 9, 82, -9999, -9999, -9999, -9999, 25, 12, 66, 13, 12, 68, 80, 52, -9999, -9999, -9999, 79, 47, -9999, 50, 93, -9999, 21, -9999, 14, 70, 38, -9999, -9999, -9999, -9999, -9999, 86, -9999, 89, -9999, -9999, -9999, 48, 48, -9999, -9999, -9999, 52, -9999, 76, 79, -9999, 35, -9999, -9999, -9999, -9999, 13, -9999, -9999, -9999, 35, 23, 13, 100, -9999, -9999, 62, 38, 62, 9, -9999, 42, -9999, 90, -9999, -9999, -9999, -9999, 19, 87, 47, 33, -9999, -9999, -9999, 2, -9999, 24],
[-9999, 31, 6, -9999, 67, 8, 89, 90, 70, -9999, 26, -9999, -9999, -9999, -9999, -9999, -9999, 15, 70, 34, -9999, 81, 29, 5, 15, -9999, 36, 83, -9999, -9999, -9999, 67, 31, -9999, 1, 21, -9999, -9999, -9999, -9999, -9999, -9999, -9999, 85, -9999, 95, 87, 39, -9999, -9999, 43, -9999, -9999, -9999, -9999, -9999, 14, 2, 41, -9999, 44, -9999, -9999, 31, 30, -9999, 28, -9999, -9999, -9999, -9999, -9999, -9999, -9999, -9999, -9999, 69, -9999, 35, 94, -9999, -9999, -9999, 55, 59, -9999, 67, 6, -9999, -9999, -9999, 75, 75, 71, -9999, -9999, -9999, -9999, -9999, 2],
[-9999, 18, -9999, -9999, -9999, -9999, -9999, -9999, -9999, -9999, -9999, -9999, -9999, -9999, -9999, 62, -9999, -9999, -9999, -9999, -9999, -9999, -9999, -9999, -9999, -9999, -9999, -9999, -9999, -9999, -9999, -9999, -9999, -9999, -9999, -9999, -9999, -9999, -9999, -9999, -9999, -9999, -9999, -9999, -9999, -9999, -9999, -9999, -9999, -9999, -9999, -9999, -9999, -9999, -9999, -9999, -9999, -9999, -9999, -9999, 56, -9999, -9999, -9999, -9999, -9999, -9999, -9999, -9999, -9999, -9999, -9999, -9999, -9999, -9999, -9999, -9999, -9999, -9999, -9999, -9999, -9999, -9999, 36, -9999, -9999, -9999, -9999, -9999, -9999, -9999, -9999, -9999, -9999, -9999, -9999, -9999, 36, -9999, -9999],
[-9999, 33, -9999, -9999, -9999, -9999, 84, -9999, -9999, -9999, 29, -9999, 93, -9999, 44, -9999, 45, -9999, -9999, 88, -9999, 32, 22, 51, 76, -9999, 96, 76, 11, -9999, -9999, -9999, -9999, -9999, 45, 75, -9999, 74, 89, 3, -9999, 8, 51, 51, 12, -9999, -9999, 38, -9999, -9999, 1, -9999, 84, -9999, -9999, -9999, -9999, -9999, 40, -9999, 37, 80, 76, 27, 42, -9999, -9999, -9999, -9999, -9999, -9999, 77, -9999, 4, 35, 90, 24, 99, -9999, 63, 47, -9999, -9999, 3, 39, -9999, -9999, 75, -9999, -9999, 33, -9999, -9999, 40, -9999, 12, -9999, -9999, 100, 36],
[38, -9999, -9999, 7, 61, -9999, 92, -9999, 42, 22, 4, 23, 21, 38, 63, 5, -9999, -9999, -9999, -9999, 65, 38, 42, 57, 39, 69, 16, 38, 39, -9999, -9999, -9999, -9999, -9999, 94, -9999, -9999, -9999, -9999, 59, -9999, 76, 24, -9999, 30, -9999, 36, -9999, -9999, 15, 95, -9999, -9999, 54, 88, 99, 28, -9999, 85, 68, 56, 14, -9999, 57, 83, -9999, -9999, -9999, 23, -9999, -9999, 85, 10, -9999, -9999, 71, 88, 63, 33, 76, 59, -9999, -9999, 25, 83, 91, -9999, -9999, -9999, -9999, -9999, -9999, -9999, 81, -9999, 34, -9999, -9999, 23, -9999],
[-9999, 39, -9999, -9999, -9999, -9999, -9999, -9999, -9999, -9999, -9999, -9999, -9999, -9999, -9999, 48, -9999, -9999, -9999, -9999, -9999, -9999, -9999, -9999, -9999, -9999, -9999, -9999, -9999, -9999, -9999, -9999, -9999, -9999, -9999, -9999, -9999, -9999, -9999, -9999, -9999, -9999, 11, -9999, -9999, -9999, -9999, -9999, -9999, -9999, -9999, -9999, -9999, -9999, -9999, -9999, -9999, -9999, -9999, -9999, 66, -9999, -9999, -9999, -9999, -9999, -9999, -9999, -9999, -9999, -9999, -9999, -9999, -9999, -9999, -9999, -9999, -9999, -9999, -9999, -9999, -9999, -9999, 71, -9999, -9999, -9999, -9999, -9999, -9999, -9999, -9999, -9999, -9999, -9999, -9999, -9999, 59, -9999, -9999],
[-9999, -9999, -9999, -9999, -9999, -9999, -9999, -9999, -9999, -9999, -9999, -9999, 64, -9999, 90, -9999, -9999, -9999, -9999, -9999, -9999, -9999, -9999, -9999, 97, -9999, -9999, -9999, -9999, -9999, -9999, 12, 62, -9999, -9999, -9999, -9999, -9999, -9999, 24, -9999, -9999, -9999, -9999, -9999, -9999, -9999, -9999, -9999, 19, -9999, -9999, 12, -9999, -9999, -9999, -9999, -9999, -9999, -9999, -9999, 34, 68, 52, -9999, -9999, -9999, -9999, -9999, -9999, -9999, -9999, -9999, 8, -9999, 4, -9999, 74, -9999, -9999, -9999, -9999, -9999, -9999, -9999, -9999, 99, -9999, -9999, -9999, -9999, -9999, -9999, -9999, -9999, -9999, -9999, -9999, -9999, -9999],
[-9999, 64, 50, 67, 41, 75, 62, 52, 28, -9999, 31, -9999, -9999, -9999, -9999, 10, 27, -9999, -9999, -9999, -9999, -9999, -9999, 31, -9999, -9999, -9999, 18, 37, -9999, -9999, -9999, 45, -9999, 72, -9999, -9999, 45, 6, -9999, -9999, -9999, -9999, -9999, 95, 46, 85, 75, -9999, -9999, 8, -9999, 15, -9999, 40, 91, -9999, 8, 25, -9999, 63, -9999, 96, 33, 82, -9999, 82, -9999, -9999, 46, -9999, -9999, -9999, 96, 94, 62, 29, 97, 37, 25, 78, -9999, -9999, 17, -9999, -9999, -9999, 53, -9999, -9999, 19, 8, -9999, 93, 80, 30, -9999, -9999, 17, 70],
[-9999, 87, 23, 50, 97, 86, 67, 66, -9999, -9999, 26, -9999, 85, -9999, 96, 19, -9999, -9999, -9999, 2, -9999, 86, 50, 12, 59, -9999, -9999, 7, 58, -9999, -9999, -9999, 85, -9999, 75, 3, -9999, -9999, 49, 80, -9999, -9999, 32, 42, 49, 35, 77, -9999, -9999, -9999, -9999, -9999, -9999, -9999, -9999, 87, -9999, 29, 28, 43, 38, -9999, -9999, 73, -9999, -9999, -9999, -9999, -9999, 38, -9999, -9999, -9999, 17, 91, -9999, -9999, 34, 3, 43, -9999, -9999, -9999, 3, 55, -9999, 30, 38, -9999, -9999, 3, -9999, -9999, 70, 40, -9999, -9999, 46, -9999, 12],
[-9999, -9999, -9999, -9999, 55, -9999, -9999, -9999, -9999, -9999, -9999, -9999, 81, -9999, -9999, -9999, -9999, -9999, -9999, -9999, -9999, -9999, -9999, -9999, 1, -9999, -9999, -9999, -9999, -9999, -9999, 61, -9999, -9999, -9999, -9999, -9999, -9999, -9999, 46, -9999, -9999, 61, 6, -9999, -9999, -9999, -9999, -9999, 41, -9999, -9999, -9999, -9999, -9999, -9999, -9999, -9999, -9999, -9999, -9999, -9999, 34, 13, -9999, -9999, -9999, -9999, -9999, -9999, -9999, 72, -9999, 10, -9999, 3, -9999, 54, -9999, -9999, -9999, -9999, -9999, -9999, -9999, -9999, 22, -9999, -9999, -9999, -9999, 64, -9999, -9999, -9999, -9999, -9999, -9999, -9999, -9999],
[-9999, 98, -9999, -9999, 63, 66, 1, -9999, 20, -9999, 61, -9999, 7, -9999, -9999, 9, -9999, -9999, 91, 87, -9999, 75, -9999, 27, 84, -9999, 28, 10, 94, -9999, -9999, 40, 22, -9999, 72, 16, -9999, -9999, -9999, 17, -9999, -9999, 67, -9999, -9999, -9999, 31, -9999, -9999, 49, -9999, -9999, 51, -9999, 53, -9999, 54, 31, 65, -9999, -9999, 7, -9999, 97, 32, -9999, -9999, -9999, -9999, 12, -9999, -9999, -9999, 20, 34, 34, 63, 44, 48, 65, -9999, -9999, -9999, 85, -9999, -9999, 56, 89, -9999, -9999, 12, 21, -9999, 22, -9999, 68, -9999, 59, 20, 85],
[-9999, -9999, -9999, -9999, -9999, -9999, -9999, -9999, -9999, -9999, -9999, -9999, -9999, -9999, 30, -9999, -9999, -9999, -9999, -9999, -9999, -9999, 92, -9999, -9999, -9999, -9999, -9999, -9999, -9999, -9999, 96, 1, -9999, -9999, -9999, -9999, 43, -9999, -9999, -9999, -9999, 12, 72, 99, -9999, -9999, 70, -9999, 30, -9999, -9999, 41, -9999, -9999, -9999, -9999, -9999, -9999, -9999, -9999, 64, -9999, 72, -9999, -9999, -9999, -9999, -9999, -9999, -9999, -9999, -9999, 43, -9999, -9999, -9999, -9999, -9999, -9999, -9999, -9999, -9999, -9999, 36, -9999, -9999, -9999, -9999, -9999, -9999, -9999, -9999, -9999, -9999, -9999, -9999, -9999, -9999, -9999],
[-9999, -9999, -9999, -9999, 98, -9999, -9999, -9999, -9999, -9999, -9999, -9999, -9999, -9999, 12, -9999, -9999, -9999, -9999, -9999, -9999, -9999, 80, -9999, 57, -9999, -9999, -9999, -9999, -9999, -9999, -9999, 10, -9999, -9999, -9999, -9999, -9999, -9999, 46, -9999, -9999, -9999, 15, 51, -9999, -9999, 92, -9999, 44, -9999, -9999, 40, -9999, -9999, -9999, -9999, -9999, -9999, -9999, -9999, 82, -9999, 65, -9999, -9999, -9999, -9999, -9999, -9999, -9999, 73, -9999, -9999, -9999, 49, -9999, 33, -9999, -9999, -9999, -9999, -9999, -9999, -9999, -9999, -9999, -9999, -9999, -9999, -9999, 98, -9999, -9999, -9999, -9999, -9999, -9999, -9999, -9999],
[-9999, -9999, -9999, -9999, -9999, -9999, -9999, -9999, -9999, -9999, -9999, -9999, 31, -9999, 89, -9999, -9999, -9999, -9999, -9999, -9999, -9999, 56, -9999, 43, -9999, -9999, -9999, -9999, -9999, -9999, 8, -9999, -9999, -9999, -9999, -9999, 82, -9999, -9999, -9999, -9999, 18, 1, 44, -9999, -9999, -9999, -9999, 92, -9999, -9999, -9999, -9999, -9999, -9999, -9999, -9999, -9999, -9999, -9999, 57, 4, 23, -9999, -9999, -9999, -9999, -9999, -9999, -9999, 51, -9999, -9999, -9999, 65, -9999, 4, -9999, -9999, -9999, -9999, -9999, -9999, 7, -9999, 18, -9999, -9999, -9999, -9999, -9999, -9999, -9999, -9999, -9999, -9999, -9999, -9999, -9999],
[-9999, 80, -9999, -9999, 62, -9999, 83, -9999, 51, -9999, 68, -9999, -9999, -9999, 85, -9999, -9999, -9999, -9999, -9999, -9999, -9999, 55, 20, 89, -9999, -9999, 33, 77, -9999, -9999, -9999, 59, -9999, 54, 88, -9999, 22, 13, 59, -9999, -9999, -9999, -9999, 26, -9999, 10, -9999, -9999, 70, -9999, -9999, 15, -9999, 59, -9999, 14, 69, 20, 41, 53, 42, -9999, 38, 32, -9999, -9999, 1, -9999, 9, -9999, -9999, -9999, -9999, -9999, 73, 95, -9999, 11, 99, -9999, -9999, -9999, -9999, -9999, -9999, 6, 90, -9999, -9999, -9999, -9999, 24, 67, 54, 53, -9999, 12, 19, 2],
[100, 73, -9999, -9999, 96, 80, 28, 23, -9999, 36, 81, 96, -9999, -9999, 99, 38, 7, -9999, -9999, -9999, -9999, 29, 31, 64, -9999, 67, -9999, 16, 19, -9999, 17, 30, -9999, -9999, 49, -9999, -9999, -9999, 71, 62, -9999, -9999, -9999, -9999, 73, 91, 68, -9999, -9999, 84, 95, -9999, 38, -9999, -9999, -9999, 36, 9, 19, 65, -9999, 99, -9999, 94, 4, 4, 83, -9999, 60, 43, -9999, -9999, 14, -9999, 48, 83, -9999, 86, 81, 58, 32, -9999, -9999, 91, -9999, -9999, 72, -9999, -9999, 52, 77, 99, 35, 8, -9999, 94, -9999, -9999, -9999, -9999],
[13, -9999, -9999, -9999, -9999, -9999, -9999, -9999, -9999, -9999, -9999, -9999, 75, 99, 29, -9999, -9999, -9999, -9999, -9999, -9999, -9999, 100, -9999, 43, -9999, -9999, -9999, -9999, -9999, -9999, 27, 63, -9999, -9999, -9999, -9999, 56, -9999, -9999, -9999, -9999, -9999, -9999, -9999, -9999, -9999, -9999, -9999, 38, -9999, -9999, -9999, -9999, -9999, -9999, -9999, -9999, -9999, -9999, -9999, 45, 41, 38, -9999, -9999, -9999, -9999, -9999, -9999, -9999, -9999, -9999, -9999, -9999, -9999, -9999, -9999, -9999, -9999, -9999, -9999, -9999, -9999, 59, -9999, -9999, -9999, -9999, -9999, -9999, 63, -9999, -9999, -9999, -9999, 48, -9999, -9999, -9999],
[-9999, 22, 84, -9999, -9999, 98, 99, 47, 59, -9999, 21, -9999, -9999, -9999, 98, -9999, -9999, -9999, -9999, -9999, -9999, 70, -9999, 40, -9999, -9999, 69, 45, 99, -9999, -9999, 98, -9999, -9999, 84, 38, -9999, 4, -9999, -9999, -9999, -9999, -9999, 48, 8, -9999, 80, -9999, -9999, -9999, 3, 72, 96, -9999, 39, -9999, 41, 77, 79, -9999, 10, 66, 79, 65, 5, -9999, 25, -9999, -9999, 16, -9999, -9999, -9999, -9999, 80, 55, -9999, 32, 90, 19, -9999, -9999, -9999, 95, 50, -9999, 59, -9999, -9999, -9999, 35, 8, -9999, 86, -9999, 97, -9999, -9999, 91, 25],
[-9999, -9999, -9999, -9999, -9999, -9999, -9999, -9999, -9999, -9999, -9999, -9999, 76, -9999, -9999, -9999, -9999, -9999, -9999, -9999, -9999, -9999, 57, -9999, 22, -9999, -9999, -9999, -9999, -9999, -9999, 83, 62, -9999, -9999, -9999, -9999, -9999, -9999, 25, -9999, -9999, 36, 50, -9999, -9999, -9999, 25, -9999, 3, -9999, -9999, 14, -9999, -9999, -9999, -9999, -9999, -9999, -9999, -9999, 17, 25, 72, -9999, -9999, -9999, -9999, -9999, -9999, -9999, 65, -9999, -9999, -9999, 29, -9999, 75, -9999, -9999, -9999, -9999, -9999, -9999, 17, -9999, -9999, -9999, -9999, -9999, -9999, 71, -9999, -9999, -9999, -9999, -9999, -9999, -9999, -9999],
[-9999, 26, 80, -9999, 78, 67, 21, 86, -9999, 59, 65, 24, 50, 20, 50, -9999, -9999, -9999, -9999, 36, -9999, 100, -9999, 51, 23, -9999, 89, 12, 56, 20, 23, -9999, -9999, -9999, 22, -9999, 46, 53, 47, 16, -9999, -9999, -9999, -9999, -9999, -9999, -9999, -9999, -9999, 36, -9999, -9999, 39, -9999, 22, 30, 12, -9999, -9999, -9999, 49, 88, 48, 1, -9999, -9999, 88, -9999, -9999, 25, 98, -9999, 87, 13, -9999, -9999, -9999, -9999, 57, 9, -9999, -9999, -9999, 66, -9999, 27, -9999, 51, 18, -9999, 55, 32, -9999, 82, 34, 83, -9999, -9999, 27, -9999],
[-9999, 20, 47, -9999, 44, 49, 62, 96, -9999, -9999, 22, -9999, 39, -9999, 22, 14, 87, -9999, -9999, 64, -9999, 100, 22, 36, -9999, -9999, -9999, 53, 33, -9999, -9999, 20, 43, -9999, 35, 72, 63, 6, -9999, -9999, -9999, -9999, 79, 28, -9999, -9999, -9999, -9999, -9999, -9999, -9999, -9999, 90, -9999, -9999, -9999, 89, -9999, 89, -9999, 25, 32, -9999, 17, -9999, -9999, -9999, -9999, -9999, -9999, -9999, 37, -9999, 100, -9999, -9999, 14, -9999, -9999, 55, -9999, -9999, -9999, 86, 29, -9999, 83, -9999, -9999, -9999, 89, -9999, -9999, 42, 89, -9999, -9999, -9999, 16, -9999],
[-9999, -9999, -9999, -9999, 100, -9999, -9999, -9999, -9999, -9999, -9999, -9999, 91, -9999, -9999, -9999, -9999, -9999, -9999, -9999, -9999, -9999, 48, -9999, 42, -9999, -9999, -9999, -9999, -9999, -9999, 76, 15, -9999, -9999, -9999, -9999, -9999, -9999, 13, -9999, -9999, -9999, -9999, -9999, -9999, -9999, 63, -9999, -9999, -9999, -9999, 87, -9999, -9999, -9999, -9999, -9999, -9999, -9999, -9999, 55, -9999, 22, -9999, -9999, -9999, -9999, -9999, -9999, -9999, -9999, -9999, -9999, -9999, 8, -9999, -9999, -9999, -9999, -9999, -9999, -9999, -9999, 28, -9999, 56, -9999, -9999, -9999, -9999, 84, -9999, -9999, -9999, -9999, -9999, -9999, -9999, -9999],
[84, -9999, -9999, -9999, 6, -9999, -9999, -9999, -9999, -9999, -9999, -9999, 3, -9999, 71, -9999, -9999, -9999, -9999, -9999, -9999, -9999, 99, -9999, 26, -9999, -9999, -9999, -9999, -9999, -9999, -9999, 80, -9999, -9999, -9999, -9999, -9999, -9999, 76, -9999, -9999, 68, 56, -9999, -9999, -9999, 19, -9999, 15, -9999, -9999, -9999, -9999, -9999, -9999, -9999, -9999, -9999, -9999, -9999, -9999, 35, 24, -9999, -9999, -9999, 10, -9999, -9999, -9999, 4, 70, -9999, -9999, 38, -9999, -9999, -9999, -9999, -9999, -9999, -9999, -9999, -9999, -9999, 57, -9999, -9999, -9999, -9999, 25, -9999, -9999, -9999, -9999, -9999, -9999, -9999, -9999],
[-9999, 56, 48, 79, 100, 29, 39, 80, 31, 8, 48, 64, 31, -9999, 21, -9999, 90, -9999, -9999, -9999, 21, 51, -9999, 62, -9999, -9999, 25, 84, 12, -9999, 79, 27, 27, -9999, 44, -9999, -9999, -9999, 69, 91, 86, -9999, 38, -9999, -9999, -9999, -9999, 45, -9999, 56, -9999, -9999, -9999, -9999, -9999, -9999, 58, 30, -9999, 43, 12, -9999, -9999, 42, 98, 52, -9999, -9999, -9999, 78, -9999, 44, 31, 11, 72, 24, -9999, -9999, -9999, 27, 46, -9999, 86, 38, -9999, 77, 84, 35, 80, -9999, -9999, 28, 97, -9999, 24, -9999, -9999, 69, 29, -9999],
[-9999, -9999, -9999, -9999, -9999, -9999, -9999, -9999, -9999, -9999, -9999, -9999, -9999, -9999, 99, -9999, -9999, -9999, -9999, -9999, -9999, -9999, 29, -9999, 21, -9999, -9999, -9999, -9999, -9999, -9999, -9999, -9999, -9999, -9999, -9999, -9999, 76, -9999, 32, -9999, -9999, 65, 41, 27, -9999, -9999, 71, -9999, 62, -9999, -9999, -9999, -9999, -9999, -9999, -9999, -9999, -9999, -9999, -9999, 12, -9999, 13, -9999, -9999, -9999, -9999, -9999, -9999, -9999, -9999, -9999, 92, -9999, 53, -9999, -9999, -9999, -9999, -9999, -9999, -9999, -9999, 64, -9999, -9999, -9999, -9999, -9999, -9999, 34, -9999, -9999, -9999, -9999, -9999, -9999, -9999, -9999],
[-9999, 96, 100, -9999, 30, 50, 26, -9999, 45, -9999, 1, -9999, 87, -9999, 74, -9999, -9999, -9999, 37, 42, -9999, 13, 50, 39, -9999, -9999, 61, 41, 37, -9999, -9999, 30, -9999, -9999, 54, 64, -9999, 86, 21, -9999, -9999, 69, -9999, 99, -9999, -9999, -9999, 11, -9999, 49, 27, -9999, -9999, -9999, 73, 22, 93, 40, -9999, 39, 91, 75, -9999, 42, 46, -9999, 14, -9999, -9999, 86, -9999, 26, -9999, -9999, 82, 39, 38, 54, -9999, 86, 37, -9999, -9999, 38, 41, -9999, 51, 82, -9999, -9999, 6, 21, -9999, 67, 93, 44, -9999, 8, 12, 80],
[-9999, -9999, -9999, -9999, -9999, -9999, -9999, -9999, -9999, -9999, -9999, -9999, 97, -9999, 9, -9999, -9999, -9999, -9999, -9999, -9999, -9999, -9999, -9999, 33, -9999, -9999, -9999, -9999, -9999, -9999, -9999, 58, -9999, -9999, -9999, -9999, -9999, -9999, -9999, -9999, -9999, 52, -9999, 26, -9999, -9999, -9999, -9999, 91, -9999, -9999, 6, -9999, -9999, -9999, -9999, -9999, -9999, -9999, -9999, 98, 54, 37, -9999, -9999, -9999, -9999, -9999, -9999, -9999, -9999, -9999, 39, -9999, -9999, -9999, -9999, -9999, -9999, -9999, -9999, -9999, -9999, 30, -9999, -9999, -9999, -9999, -9999, -9999, 68, -9999, -9999, -9999, -9999, 59, -9999, -9999, -9999],
[-9999, -9999, -9999, -9999, 67, -9999, -9999, -9999, -9999, -9999, -9999, -9999, 42, -9999, -9999, -9999, -9999, -9999, -9999, -9999, -9999, -9999, -9999, -9999, 27, -9999, -9999, -9999, -9999, -9999, -9999, -9999, 43, -9999, -9999, -9999, -9999, 20, -9999, -9999, -9999, -9999, 33, 73, 30, -9999, -9999, 47, -9999, 100, -9999, -9999, 26, -9999, -9999, -9999, -9999, -9999, -9999, -9999, -9999, 58, -9999, 84, -9999, 15, -9999, -9999, -9999, -9999, -9999, -9999, -9999, -9999, -9999, -9999, -9999, 70, -9999, -9999, -9999, -9999, -9999, -9999, 71, -9999, 91, -9999, -9999, -9999, -9999, 22, -9999, -9999, -9999, -9999, 8, -9999, -9999, -9999],
[82, 34, 18, -9999, 39, 30, 16, -9999, 23, 22, 39, 48, -9999, -9999, -9999, 53, 20, -9999, -9999, -9999, 91, -9999, -9999, 31, -9999, 86, -9999, 43, 91, -9999, -9999, 35, -9999, -9999, 22, 71, -9999, 49, 79, 90, 56, -9999, 3, 80, -9999, -9999, -9999, -9999, -9999, 78, 6, -9999, -9999, -9999, -9999, -9999, -9999, -9999, 53, -9999, -9999, 21, 88, 19, -9999, -9999, 75, -9999, -9999, -9999, -9999, -9999, -9999, -9999, -9999, 19, 49, -9999, 6, 3, -9999, -9999, -9999, 31, -9999, -9999, -9999, 96, 43, 1, 33, 63, -9999, 14, 94, 53, -9999, -9999, -9999, 77],
[-9999, 43, -9999, 98, -9999, -9999, 56, 3, -9999, -9999, 14, -9999, 32, -9999, -9999, 55, 74, -9999, -9999, -9999, -9999, 18, 75, 10, 13, -9999, -9999, 41, 99, -9999, -9999, 93, 88, -9999, 83, 15, 1, -9999, 64, 83, -9999, 65, -9999, 17, -9999, 83, 28, -9999, -9999, 29, -9999, -9999, -9999, -9999, 89, -9999, -9999, -9999, 99, -9999, 7, 43, 59, 29, 65, -9999, 84, -9999, -9999, 52, -9999, 34, -9999, 14, 49, 23, -9999, -9999, -9999, 2, 9, -9999, -9999, 81, -9999, -9999, 99, -9999, -9999, -9999, 71, -9999, -9999, 66, 97, -9999, -9999, 27, 1, 50],
[-9999, -9999, -9999, -9999, -9999, -9999, -9999, -9999, -9999, -9999, -9999, -9999, -9999, -9999, 12, -9999, -9999, -9999, -9999, -9999, -9999, -9999, -9999, -9999, -9999, -9999, -9999, -9999, -9999, -9999, -9999, -9999, -9999, -9999, -9999, -9999, -9999, -9999, -9999, 60, -9999, -9999, 100, -9999, -9999, -9999, -9999, 76, -9999, 2, -9999, -9999, -9999, -9999, -9999, -9999, -9999, -9999, -9999, -9999, -9999, 32, 41, 44, -9999, -9999, -9999, -9999, -9999, -9999, -9999, 14, -9999, -9999, -9999, -9999, -9999, 33, -9999, -9999, -9999, -9999, -9999, -9999, 40, -9999, 15, -9999, -9999, -9999, -9999, 64, -9999, -9999, -9999, -9999, -9999, -9999, -9999, -9999],
[-9999, -9999, -9999, -9999, -9999, -9999, -9999, -9999, -9999, -9999, -9999, -9999, 8, -9999, 66, -9999, -9999, -9999, -9999, -9999, -9999, -9999, 7, -9999, -9999, -9999, -9999, -9999, -9999, -9999, -9999, 76, -9999, -9999, -9999, -9999, -9999, -9999, -9999, 29, -9999, -9999, -9999, 54, -9999, -9999, -9999, 44, -9999, 3, -9999, -9999, 62, -9999, -9999, -9999, -9999, -9999, -9999, -9999, -9999, 37, -9999, 66, -9999, -9999, -9999, -9999, -9999, -9999, -9999, -9999, -9999, 68, -9999, 75, -9999, -9999, -9999, -9999, -9999, -9999, -9999, -9999, 11, -9999, 27, -9999, -9999, -9999, -9999, -9999, -9999, -9999, -9999, -9999, -9999, -9999, -9999, -9999],
[-9999, 93, 3, 88, -9999, -9999, 50, -9999, 9, -9999, 79, -9999, 58, -9999, -9999, 67, 97, -9999, -9999, -9999, -9999, 54, -9999, 79, 8, -9999, 41, 39, 53, -9999, -9999, -9999, 59, -9999, 21, 35, -9999, 36, 90, 87, -9999, 92, -9999, -9999, 25, -9999, -9999, -9999, -9999, -9999, 85, -9999, 10, -9999, 4, -9999, -9999, 71, 17, -9999, -9999, 81, 61, 86, -9999, -9999, -9999, -9999, -9999, -9999, -9999, -9999, -9999, -9999, 26, -9999, -9999, 68, -9999, 2, -9999, -9999, -9999, 49, -9999, -9999, 53, -9999, -9999, -9999, 50, 38, 71, 19, 48, 46, -9999, -9999, -9999, -9999],
[-9999, 72, 39, -9999, -9999, -9999, 46, 65, -9999, -9999, 51, -9999, 27, -9999, 74, 46, 2, -9999, -9999, -9999, -9999, -9999, -9999, 45, -9999, -9999, 43, 27, 78, -9999, -9999, 1, 91, 54, 97, -9999, -9999, 78, -9999, -9999, -9999, 15, -9999, -9999, 4, -9999, -9999, -9999, -9999, 71, -9999, -9999, -9999, -9999, 89, -9999, 19, -9999, -9999, -9999, 6, -9999, 46, 95, -9999, -9999, 83, -9999, -9999, 38, -9999, 62, -9999, -9999, 35, -9999, 58, -9999, -9999, 26, -9999, -9999, -9999, 15, 18, -9999, 42, 36, -9999, -9999, 45, -9999, 34, 83, 36, -9999, -9999, -9999, 7, -9999],
[-9999, 95, -9999, -9999, -9999, -9999, -9999, -9999, -9999, -9999, -9999, -9999, -9999, -9999, -9999, 17, -9999, -9999, -9999, -9999, -9999, -9999, -9999, -9999, -9999, -9999, 82, -9999, -9999, -9999, -9999, -9999, -9999, -9999, -9999, -9999, -9999, -9999, -9999, -9999, -9999, -9999, -9999, -9999, -9999, -9999, -9999, -9999, -9999, -9999, -9999, -9999, -9999, -9999, -9999, -9999, -9999, -9999, -9999, -9999, 58, -9999, -9999, -9999, -9999, -9999, -9999, -9999, -9999, -9999, -9999, -9999, -9999, -9999, -9999, -9999, -9999, -9999, -9999, -9999, -9999, -9999, -9999, 94, -9999, -9999, -9999, -9999, -9999, -9999, -9999, -9999, -9999, -9999, -9999, -9999, -9999, 35, -9999, -9999],
[-9999, -9999, -9999, -9999, 33, -9999, -9999, -9999, -9999, -9999, -9999, -9999, 41, -9999, -9999, -9999, -9999, -9999, -9999, -9999, -9999, -9999, -9999, -9999, 16, -9999, -9999, -9999, -9999, -9999, -9999, 47, 60, -9999, -9999, -9999, -9999, -9999, -9999, 54, -9999, -9999, 12, 99, 1, -9999, -9999, 19, -9999, 11, -9999, -9999, -9999, -9999, -9999, -9999, -9999, -9999, -9999, -9999, -9999, -9999, -9999, -9999, -9999, -9999, -9999, -9999, -9999, -9999, -9999, 62, -9999, -9999, -9999, -9999, -9999, -9999, -9999, -9999, -9999, -9999, -9999, -9999, -9999, -9999, -9999, -9999, -9999, -9999, -9999, 6, -9999, -9999, -9999, -9999, -9999, -9999, -9999, -9999],
[-9999, -9999, -9999, -9999, 42, -9999, -9999, -9999, -9999, -9999, -9999, 20, 37, -9999, -9999, -9999, -9999, -9999, -9999, -9999, -9999, -9999, 42, -9999, 67, 61, -9999, -9999, -9999, -9999, -9999, -9999, 25, -9999, -9999, -9999, -9999, -9999, -9999, 48, -9999, -9999, 39, 51, -9999, -9999, -9999, 43, -9999, -9999, -9999, -9999, 61, -9999, -9999, -9999, -9999, -9999, -9999, -9999, -9999, 49, -9999, 96, -9999, -9999, -9999, -9999, -9999, -9999, -9999, 89, -9999, -9999, -9999, -9999, -9999, -9999, -9999, -9999, -9999, -9999, -9999, -9999, 70, -9999, 26, -9999, -9999, -9999, -9999, 77, -9999, -9999, -9999, -9999, -9999, -9999, -9999, -9999],
[-9999, 97, 83, 16, 47, 75, 19, 82, 51, -9999, 53, -9999, -9999, -9999, 79, -9999, 96, 27, -9999, -9999, -9999, -9999, 36, 11, 16, -9999, -9999, 49, 9, -9999, -9999, -9999, 35, -9999, 19, 89, -9999, -9999, -9999, -9999, -9999, -9999, -9999, 77, -9999, 16, -9999, 29, -9999, 24, 24, 4, 57, -9999, -9999, 40, 16, 70, 60, -9999, -9999, 5, 33, 29, 85, -9999, 73, -9999, -9999, 80, -9999, 2, -9999, -9999, -9999, -9999, 38, -9999, 24, 15, 13, -9999, -9999, 62, -9999, -9999, 56, 93, -9999, -9999, -9999, 76, -9999, 13, -9999, 42, -9999, 23, 34, 34],
[-9999, 5, -9999, 49, 34, 70, 90, -9999, 37, -9999, 52, -9999, 40, -9999, -9999, -9999, -9999, -9999, 26, 16, -9999, -9999, -9999, 81, -9999, -9999, -9999, 96, 30, -9999, -9999, 87, 19, -9999, 4, -9999, 12, 23, -9999, 40, -9999, 42, -9999, -9999, 100, -9999, 59, 4, -9999, -9999, 4, -9999, 69, -9999, -9999, -9999, 10, -9999, -9999, 17, 50, 52, 29, 40, 75, -9999, -9999, -9999, -9999, 44, -9999, -9999, -9999, -9999, 64, 39, 12, -9999, 97, 76, -9999, -9999, -9999, -9999, 48, -9999, -9999, -9999, -9999, -9999, -9999, -9999, 1, 99, -9999, 15, -9999, 58, 86, -9999],
[-9999, -9999, -9999, -9999, -9999, -9999, -9999, -9999, -9999, -9999, -9999, -9999, 22, -9999, 1, -9999, -9999, -9999, -9999, -9999, -9999, -9999, -9999, -9999, -9999, -9999, -9999, -9999, -9999, -9999, -9999, -9999, -9999, -9999, -9999, -9999, -9999, -9999, -9999, -9999, -9999, -9999, -9999, 9, 86, -9999, -9999, -9999, -9999, 34, -9999, -9999, 7, -9999, -9999, -9999, -9999, -9999, -9999, -9999, -9999, 29, -9999, 43, -9999, 50, -9999, -9999, -9999, -9999, -9999, -9999, -9999, -9999, -9999, -9999, -9999, 82, -9999, -9999, -9999, -9999, -9999, -9999, 26, -9999, 85, -9999, -9999, -9999, -9999, -9999, -9999, -9999, -9999, -9999, -9999, -9999, -9999, -9999],
[68, 26, -9999, 94, -9999, 13, 44, -9999, -9999, 86, 34, 93, -9999, 99, -9999, 72, 71, 36, -9999, -9999, -9999, 22, 89, 64, 59, 67, 40, 17, 32, -9999, -9999, -9999, -9999, -9999, 37, -9999, -9999, -9999, 93, -9999, -9999, -9999, 26, 98, 92, 21, -9999, 74, -9999, 75, 80, -9999, 37, -9999, -9999, 17, -9999, 21, 31, -9999, 51, 35, 51, 89, -9999, -9999, 75, -9999, -9999, 81, -9999, -9999, 90, -9999, 75, 62, 93, 12, -9999, 50, 92, -9999, 100, 11, 19, -9999, 13, 40, 17, -9999, 25, 82, 36, 85, 6, 63, -9999, 36, -9999, 81],
[-9999, -9999, -9999, -9999, 4, -9999, -9999, -9999, -9999, -9999, -9999, -9999, 18, -9999, -9999, -9999, -9999, -9999, -9999, -9999, -9999, -9999, 15, -9999, 65, -9999, -9999, -9999, -9999, -9999, -9999, 46, 12, -9999, -9999, -9999, -9999, 59, -9999, 30, -9999, -9999, -9999, 68, -9999, -9999, -9999, 98, -9999, 17, -9999, -9999, 24, -9999, -9999, -9999, -9999, -9999, -9999, -9999, -9999, 38, 87, 66, -9999, -9999, -9999, -9999, -9999, -9999, -9999, -9999, -9999, -9999, -9999, 85, -9999, 24, -9999, -9999, -9999, -9999, -9999, -9999, 95, -9999, -9999, -9999, -9999, -9999, -9999, 82, -9999, -9999, -9999, -9999, -9999, -9999, -9999, -9999],
[-9999, 78, 8, 48, -9999, 10, 1, -9999, 40, 34, 27, 98, -9999, -9999, 14, -9999, 73, -9999, -9999, 37, 68, 9, 75, 80, 9, 40, -9999, 95, 98, -9999, -9999, 90, -9999, -9999, 77, 84, 12, 85, 40, 2, -9999, -9999, 34, 30, 4, 72, -9999, -9999, -9999, -9999, -9999, -9999, 14, -9999, 28, -9999, 38, -9999, 91, -9999, -9999, -9999, 19, 36, -9999, -9999, 54, 96, 49, -9999, -9999, -9999, -9999, 57, -9999, 20, -9999, 65, 92, 95, 99, -9999, 12, 27, 7, -9999, 48, -9999, 54, -9999, -9999, 81, 63, 80, 74, -9999, -9999, 20, 96, 72],
[-9999, 46, 39, 7, -9999, 56, 17, -9999, -9999, -9999, 13, -9999, 59, -9999, 74, 98, 73, -9999, -9999, 73, -9999, 91, -9999, 85, 30, -9999, 16, 99, 29, -9999, -9999, -9999, 30, -9999, 23, 48, -9999, -9999, 57, 44, -9999, 83, 73, 63, -9999, -9999, 12, -9999, -9999, -9999, -9999, -9999, -9999, 60, -9999, -9999, -9999, 49, 74, 13, 8, -9999, -9999, 18, 65, -9999, -9999, -9999, -9999, 65, -9999, -9999, -9999, 10, 1, -9999, -9999, -9999, -9999, 42, -9999, -9999, -9999, 52, -9999, -9999, -9999, -9999, -9999, -9999, 62, 85, -9999, 67, -9999, 88, -9999, 37, 96, 92],
[-9999, 70, -9999, -9999, -9999, -9999, -9999, 53, -9999, -9999, -9999, -9999, -9999, -9999, -9999, 25, -9999, -9999, -9999, -9999, 84, -9999, -9999, -9999, -9999, -9999, -9999, -9999, -9999, -9999, -9999, -9999, -9999, -9999, -9999, -9999, -9999, -9999, -9999, -9999, -9999, -9999, -9999, -9999, -9999, -9999, -9999, -9999, -9999, -9999, -9999, -9999, -9999, -9999, -9999, -9999, -9999, -9999, -9999, -9999, 47, -9999, -9999, -9999, -9999, -9999, -9999, -9999, -9999, -9999, -9999, -9999, -9999, -9999, -9999, -9999, -9999, -9999, -9999, -9999, -9999, -9999, 52, 71, -9999, -9999, -9999, -9999, -9999, -9999, -9999, -9999, -9999, -9999, -9999, -9999, -9999, 49, -9999, -9999],
[-9999, -9999, -9999, -9999, -9999, -9999, -9999, -9999, -9999, -9999, -9999, -9999, 84, -9999, 8, -9999, -9999, -9999, -9999, -9999, -9999, -9999, 41, -9999, -9999, -9999, -9999, -9999, -9999, -9999, -9999, 53, -9999, -9999, -9999, -9999, -9999, -9999, -9999, 78, -9999, -9999, 22, 19, -9999, -9999, -9999, -9999, -9999, 28, -9999, -9999, -9999, -9999, -9999, -9999, -9999, -9999, -9999, -9999, -9999, 79, 62, 21, -9999, -9999, -9999, -9999, -9999, -9999, -9999, 11, -9999, -9999, -9999, -9999, -9999, 10, -9999, -9999, -9999, -9999, -9999, -9999, 39, -9999, -9999, -9999, -9999, -9999, -9999, -9999, -9999, -9999, -9999, -9999, -9999, -9999, -9999, -9999],
[-9999, -9999, -9999, -9999, 1, -9999, -9999, -9999, -9999, -9999, -9999, -9999, -9999, -9999, 74, -9999, -9999, -9999, -9999, -9999, -9999, -9999, -9999, -9999, 14, -9999, -9999, -9999, -9999, -9999, -9999, -9999, -9999, -9999, -9999, -9999, -9999, 54, -9999, 4, -9999, -9999, 75, -9999, 94, -9999, -9999, 25, -9999, -9999, -9999, -9999, 1, -9999, -9999, -9999, -9999, -9999, -9999, -9999, -9999, 74, -9999, 42, -9999, 93, -9999, -9999, -9999, -9999, -9999, 60, -9999, 11, -9999, 17, -9999, -9999, -9999, -9999, -9999, -9999, -9999, -9999, -9999, -9999, -9999, -9999, -9999, -9999, -9999, 94, -9999, -9999, -9999, -9999, -9999, -9999, -9999, -9999],
[74, 87, -9999, 48, -9999, -9999, 99, 39, 52, 18, 90, -9999, 58, -9999, 19, 29, 100, -9999, -9999, -9999, -9999, 35, -9999, 95, 61, 45, -9999, 48, 29, 19, 98, 18, 30, -9999, 39, 26, -9999, 53, 52, -9999, -9999, 41, 79, 76, -9999, -9999, -9999, -9999, -9999, 94, 3, -9999, 65, -9999, -9999, 41, -9999, -9999, 21, 68, -9999, -9999, 49, 78, -9999, -9999, 91, -9999, 54, -9999, -9999, -9999, -9999, -9999, 39, -9999, 41, -9999, 66, 4, 14, -9999, 46, 52, -9999, -9999, -9999, -9999, -9999, -9999, 60, 20, 15, 62, -9999, -9999, -9999, -9999, -9999, 6],
[-9999, 18, -9999, 53, 85, -9999, 9, 89, 39, -9999, 26, -9999, 61, -9999, 16, 21, 19, -9999, -9999, 41, -9999, 79, -9999, 93, -9999, -9999, -9999, 69, 2, -9999, -9999, 76, 97, 97, 35, 89, -9999, 43, -9999, 37, -9999, -9999, 21, 1, -9999, -9999, -9999, -9999, -9999, 100, 57, -9999, 59, -9999, 54, 84, 71, -9999, 30, 82, -9999, 37, 1, 7, -9999, 82, -9999, -9999, -9999, 7, 12, 83, -9999, 32, 23, 66, -9999, 52, 32, 36, -9999, -9999, -9999, -9999, 83, -9999, -9999, 98, -9999, -9999, 14, -9999, 5, 45, 16, 46, -9999, -9999, 48, 74],
[-9999, -9999, -9999, -9999, 59, -9999, -9999, -9999, -9999, -9999, -9999, -9999, -9999, -9999, -9999, -9999, -9999, -9999, -9999, -9999, -9999, -9999, 96, -9999, -9999, -9999, -9999, -9999, -9999, -9999, -9999, 23, 84, -9999, -9999, -9999, -9999, 37, -9999, 29, -9999, -9999, 42, 93, 34, -9999, -9999, 1, -9999, -9999, -9999, -9999, 80, -9999, -9999, -9999, -9999, -9999, -9999, -9999, -9999, -9999, 16, 48, -9999, -9999, -9999, -9999, -9999, -9999, -9999, -9999, -9999, 38, -9999, -9999, -9999, -9999, -9999, -9999, -9999, -9999, -9999, -9999, 43, -9999, -9999, -9999, -9999, -9999, -9999, 83, -9999, -9999, -9999, -9999, -9999, -9999, -9999, -9999],
[-9999, -9999, -9999, -9999, 7, -9999, -9999, -9999, -9999, -9999, -9999, -9999, 4, -9999, 96, -9999, -9999, -9999, -9999, -9999, -9999, -9999, -9999, -9999, 52, -9999, -9999, -9999, -9999, -9999, -9999, -9999, -9999, -9999, -9999, -9999, -9999, -9999, -9999, -9999, -9999, -9999, 71, 72, 2, -9999, -9999, -9999, -9999, -9999, -9999, -9999, 93, -9999, -9999, -9999, -9999, -9999, -9999, -9999, -9999, 52, 19, 79, -9999, -9999, -9999, -9999, -9999, -9999, -9999, 64, -9999, -9999, -9999, -9999, -9999, -9999, -9999, -9999, -9999, -9999, -9999, -9999, 34, -9999, -9999, -9999, -9999, -9999, -9999, 10, -9999, -9999, -9999, -9999, -9999, -9999, -9999, -9999],
[-9999, 62, -9999, -9999, -9999, -9999, -9999, -9999, -9999, -9999, -9999, -9999, -9999, -9999, -9999, 66, -9999, -9999, -9999, -9999, -9999, -9999, -9999, -9999, -9999, -9999, -9999, -9999, -9999, -9999, -9999, -9999, -9999, -9999, -9999, -9999, -9999, -9999, -9999, -9999, -9999, -9999, 25, -9999, -9999, -9999, -9999, -9999, -9999, -9999, -9999, -9999, -9999, -9999, -9999, -9999, -9999, -9999, -9999, -9999, -9999, -9999, -9999, -9999, -9999, -9999, -9999, -9999, -9999, -9999, -9999, -9999, -9999, -9999, -9999, -9999, -9999, -9999, -9999, -9999, -9999, -9999, -9999, 89, -9999, -9999, -9999, -9999, -9999, -9999, -9999, -9999, -9999, -9999, -9999, -9999, -9999, 21, -9999, -9999],
[-9999, 38, 46, 59, -9999, 88, 17, -9999, 63, -9999, 8, -9999, 7, -9999, -9999, -9999, -9999, 84, -9999, 20, -9999, 60, -9999, 23, 38, -9999, -9999, 82, 36, -9999, -9999, 21, 57, -9999, 75, 57, -9999, -9999, 40, 79, -9999, 14, 78, 78, 58, 25, 52, -9999, -9999, -9999, 89, -9999, -9999, -9999, 81, -9999, 65, 28, 10, -9999, 31, 26, -9999, 49, -9999, -9999, 54, -9999, -9999, 51, -9999, -9999, -9999, -9999, 57, 54, 95, -9999, -9999, 40, -9999, -9999, -9999, 79, -9999, -9999, 11, 54, -9999, -9999, 12, 29, 86, -9999, 85, 73, -9999, 23, 28, 55],
[-9999, 95, 39, -9999, 32, -9999, 70, -9999, -9999, -9999, 70, -9999, 43, -9999, 23, 42, -9999, -9999, -9999, 59, -9999, 53, -9999, 87, 54, -9999, 54, -9999, 72, -9999, -9999, 39, -9999, -9999, 12, -9999, -9999, 8, 13, 80, -9999, 96, 7, -9999, 70, 85, 83, -9999, -9999, -9999, -9999, -9999, 74, -9999, 78, 67, -9999, 83, 67, -9999, -9999, 51, 54, 69, 26, -9999, 6, -9999, -9999, -9999, -9999, -9999, -9999, -9999, 72, -9999, -9999, -9999, 11, 70, 54, -9999, -9999, 75, 38, -9999, 18, 66, -9999, -9999, -9999, 46, 51, 11, -9999, -9999, -9999, -9999, -9999, 13],
[-9999, 43, -9999, -9999, 96, -9999, 82, -9999, 56, -9999, 64, -9999, 28, -9999, 10, 28, 96, -9999, 40, -9999, -9999, 86, 67, 56, 89, -9999, -9999, 51, 52, -9999, -9999, 55, 2, 24, 42, -9999, -9999, 66, 33, 85, -9999, 69, -9999, 96, 77, -9999, -9999, 53, -9999, -9999, 48, -9999, 56, -9999, 55, 92, -9999, -9999, -9999, -9999, 17, 2, 11, 96, 64, -9999, 33, -9999, -9999, 21, -9999, -9999, -9999, 47, -9999, 29, -9999, 16, 18, 88, 97, -9999, -9999, 64, 66, -9999, 89, 25, -9999, -9999, 92, 53, 7, 94, 10, 46, -9999, -9999, 58, -9999],
[-9999, 71, -9999, -9999, 2, 42, 27, -9999, 4, -9999, 51, -9999, 59, -9999, -9999, 79, 11, -9999, 33, 8, -9999, 5, 66, 91, 43, -9999, 93, 81, 43, -9999, -9999, -9999, -9999, -9999, 86, 46, 22, -9999, 40, -9999, -9999, 56, -9999, 17, -9999, -9999, 41, -9999, -9999, -9999, -9999, -9999, -9999, -9999, 72, -9999, 38, 51, -9999, 40, 40, 62, 36, 73, 4, 67, -9999, -9999, -9999, -9999, -9999, 29, -9999, -9999, -9999, 54, -9999, 19, 62, 42, 42, -9999, -9999, -9999, -9999, -9999, 47, 70, -9999, -9999, -9999, 7, -9999, 43, -9999, -9999, -9999, 13, 66, 72],
[-9999, -9999, -9999, -9999, 94, -9999, -9999, -9999, -9999, -9999, -9999, -9999, 73, -9999, -9999, -9999, -9999, -9999, -9999, -9999, -9999, -9999, 47, -9999, 96, -9999, -9999, -9999, -9999, -9999, -9999, 64, -9999, -9999, -9999, -9999, -9999, 26, -9999, -9999, -9999, -9999, 26, -9999, 68, -9999, -9999, -9999, -9999, 4, -9999, -9999, -9999, -9999, -9999, -9999, -9999, -9999, -9999, -9999, -9999, 3, -9999, 96, -9999, -9999, -9999, -9999, -9999, -9999, -9999, -9999, -9999, 77, -9999, -9999, -9999, 35, -9999, -9999, -9999, -9999, -9999, -9999, -9999, -9999, 60, -9999, -9999, -9999, -9999, -9999, -9999, -9999, -9999, -9999, -9999, -9999, -9999, -9999],
[-9999, 47, -9999, -9999, -9999, -9999, -9999, 57, -9999, -9999, -9999, -9999, -9999, -9999, -9999, -9999, -9999, -9999, -9999, -9999, -9999, -9999, -9999, -9999, -9999, -9999, -9999, -9999, -9999, -9999, -9999, -9999, -9999, -9999, -9999, -9999, 49, -9999, -9999, -9999, -9999, -9999, -9999, -9999, -9999, -9999, -9999, -9999, -9999, -9999, -9999, -9999, -9999, -9999, -9999, -9999, -9999, -9999, -9999, -9999, 45, -9999, -9999, -9999, -9999, -9999, -9999, -9999, -9999, -9999, -9999, -9999, -9999, -9999, -9999, -9999, -9999, -9999, -9999, -9999, -9999, -9999, -9999, 45, -9999, -9999, -9999, -9999, -9999, -9999, -9999, -9999, -9999, -9999, -9999, -9999, -9999, 46, -9999, -9999],
[-9999, 48, 55, 53, -9999, 42, 43, -9999, 46, -9999, 62, -9999, 92, -9999, 20, 61, 38, 33, -9999, 78, -9999, -9999, 8, 40, -9999, -9999, -9999, 32, 78, -9999, -9999, -9999, 72, -9999, 54, 63, 91, 99, 95, -9999, -9999, 13, 71, -9999, -9999, -9999, -9999, 75, -9999, 79, -9999, -9999, 95, -9999, 8, 83, 51, -9999, -9999, -9999, 76, 54, -9999, 45, -9999, -9999, -9999, -9999, -9999, 33, -9999, 48, -9999, 75, -9999, 30, 25, 82, 56, 89, -9999, -9999, -9999, 57, -9999, -9999, -9999, -9999, -9999, -9999, -9999, -9999, -9999, 65, 25, 3, -9999, 12, 36, 10],
[-9999, 61, -9999, 69, -9999, -9999, 9, -9999, 54, -9999, 38, -9999, -9999, -9999, -9999, -9999, -9999, -9999, -9999, 40, -9999, 17, 4, 38, 46, -9999, 87, 41, 83, -9999, -9999, 96, 15, -9999, 27, -9999, -9999, -9999, 79, 51, -9999, -9999, 39, -9999, 53, 83, 2, -9999, -9999, 40, 59, -9999, -9999, -9999, 68, -9999, -9999, 41, 75, 1, -9999, -9999, -9999, 61, 48, -9999, 22, -9999, -9999, 33, -9999, -9999, -9999, -9999, 25, -9999, -9999, 85, 37, 74, 32, -9999, -9999, 69, -9999, -9999, 67, -9999, -9999, -9999, -9999, -9999, -9999, 64, 68, 52, -9999, 6, 70, 86],
[-9999, 75, 20, 44, -9999, -9999, 64, 38, -9999, -9999, 71, -9999, 73, -9999, 68, 70, 22, -9999, -9999, -9999, -9999, 89, 46, 93, 93, -9999, -9999, 16, 38, -9999, -9999, 85, -9999, -9999, 56, 83, -9999, -9999, 72, -9999, -9999, -9999, -9999, 51, 53, 58, 57, 76, -9999, 65, -9999, -9999, 90, -9999, 72, 42, 22, 11, 76, 61, -9999, -9999, -9999, 80, -9999, -9999, 32, -9999, -9999, 16, 42, -9999, -9999, 7, 45, -9999, -9999, 4, 53, 31, -9999, -9999, -9999, -9999, 55, -9999, 60, 35, -9999, -9999, 67, 9, -9999, 43, 73, -9999, -9999, 99, -9999, -9999],
[-9999, 62, 84, 99, -9999, -9999, 17, 57, 82, -9999, 64, -9999, 92, -9999, -9999, 3, -9999, -9999, -9999, 16, -9999, 86, -9999, 88, 52, -9999, 63, 98, 96, -9999, -9999, -9999, 68, -9999, 15, 27, -9999, 63, -9999, -9999, -9999, 47, 5, -9999, -9999, 78, -9999, 36, -9999, 57, -9999, -9999, 87, -9999, 95, -9999, 5, 27, 70, 27, 36, 12, 47, 59, -9999, -9999, 10, -9999, -9999, 42, -9999, 45, -9999, -9999, 19, 73, -9999, 82, -9999, 87, 78, -9999, -9999, 16, 79, -9999, -9999, -9999, -9999, -9999, -9999, -9999, 77, 6, -9999, -9999, -9999, 76, -9999, -9999],
[-9999, 22, 11, 35, -9999, -9999, 87, 29, -9999, -9999, 58, -9999, 46, -9999, -9999, -9999, 68, -9999, 44, -9999, -9999, 49, -9999, 42, -9999, -9999, -9999, 77, 96, -9999, -9999, -9999, 20, -9999, 97, 76, 7, -9999, 69, 17, -9999, -9999, 47, 21, 88, 78, 77, 72, -9999, 74, 100, 41, 92, 70, 26, 91, 36, -9999, 4, 89, -9999, 2, -9999, 86, -9999, -9999, -9999, -9999, -9999, 41, -9999, 87, -9999, -9999, 10, 14, 51, 78, 18, 25, -9999, -9999, -9999, 90, -9999, -9999, -9999, 80, -9999, -9999, -9999, 55, -9999, 93, 43, -9999, -9999, -9999, -9999, -9999],
[-9999, -9999, -9999, -9999, 64, -9999, -9999, -9999, -9999, -9999, -9999, -9999, -9999, -9999, 16, -9999, -9999, -9999, -9999, -9999, -9999, -9999, 88, -9999, 76, -9999, -9999, -9999, -9999, -9999, -9999, -9999, -9999, -9999, -9999, -9999, -9999, -9999, -9999, 40, -9999, -9999, 38, 59, -9999, -9999, -9999, 72, -9999, 24, -9999, -9999, 85, -9999, -9999, -9999, -9999, -9999, -9999, -9999, -9999, 31, -9999, 74, -9999, -9999, -9999, -9999, -9999, -9999, -9999, 39, -9999, 98, -9999, 60, -9999, 14, -9999, -9999, -9999, -9999, -9999, -9999, 98, -9999, 13, -9999, -9999, -9999, -9999, -9999, -9999, -9999, -9999, -9999, -9999, -9999, -9999, -9999],
[-9999, -9999, -9999, -9999, -9999, -9999, -9999, -9999, -9999, -9999, -9999, -9999, -9999, -9999, 70, -9999, -9999, -9999, -9999, -9999, -9999, -9999, 4, -9999, 55, -9999, -9999, -9999, -9999, -9999, -9999, -9999, -9999, -9999, -9999, -9999, -9999, 85, -9999, -9999, -9999, -9999, 76, 83, 98, -9999, -9999, 2, -9999, 27, -9999, -9999, 19, -9999, -9999, -9999, -9999, -9999, -9999, -9999, -9999, -9999, -9999, 36, -9999, -9999, -9999, 38, -9999, -9999, -9999, 38, -9999, 17, -9999, 85, -9999, -9999, -9999, -9999, -9999, -9999, -9999, -9999, 34, -9999, 86, -9999, -9999, -9999, -9999, 32, -9999, -9999, -9999, -9999, -9999, -9999, -9999, -9999],
[-9999, -9999, -9999, -9999, 62, -9999, -9999, -9999, -9999, -9999, -9999, -9999, 52, -9999, -9999, -9999, -9999, -9999, -9999, -9999, -9999, -9999, -9999, -9999, -9999, -9999, -9999, -9999, -9999, -9999, -9999, -9999, 54, -9999, -9999, -9999, -9999, -9999, -9999, 36, -9999, -9999, -9999, 16, -9999, -9999, -9999, 26, -9999, -9999, -9999, -9999, -9999, -9999, -9999, -9999, -9999, -9999, -9999, -9999, -9999, -9999, 22, 90, -9999, 32, -9999, -9999, -9999, -9999, -9999, 96, -9999, 42, -9999, -9999, -9999, 61, -9999, -9999, -9999, -9999, -9999, -9999, 58, -9999, 76, -9999, -9999, -9999, -9999, 53, -9999, -9999, -9999, -9999, -9999, -9999, -9999, -9999],
[-9999, 74, 11, 99, 79, -9999, 46, 24, -9999, -9999, 44, -9999, -9999, -9999, 19, -9999, -9999, -9999, -9999, -9999, -9999, 77, 31, 61, -9999, -9999, 64, 81, 99, -9999, -9999, 84, 3, -9999, 68, 46, -9999, -9999, -9999, -9999, -9999, 25, -9999, -9999, -9999, 70, -9999, 11, -9999, 7, -9999, -9999, -9999, -9999, 10, -9999, -9999, 50, -9999, 8, -9999, -9999, -9999, 51, -9999, -9999, 50, -9999, -9999, 1, -9999, -9999, -9999, -9999, -9999, 21, 45, 45, 45, 74, 9, -9999, -9999, 58, 17, -9999, -9999, 15, -9999, -9999, 52, -9999, -9999, 70, -9999, -9999, -9999, 22, 79, -9999],
[-9999, 5, -9999, -9999, -9999, -9999, -9999, -9999, -9999, -9999, -9999, -9999, -9999, -9999, -9999, 49, -9999, -9999, -9999, -9999, -9999, -9999, -9999, -9999, -9999, -9999, -9999, -9999, -9999, -9999, -9999, -9999, -9999, -9999, -9999, -9999, -9999, -9999, -9999, -9999, -9999, -9999, -9999, -9999, -9999, -9999, -9999, -9999, -9999, -9999, -9999, -9999, -9999, -9999, -9999, -9999, -9999, -9999, -9999, -9999, -9999, -9999, -9999, -9999, -9999, -9999, -9999, -9999, -9999, -9999, -9999, -9999, -9999, -9999, -9999, -9999, -9999, -9999, -9999, -9999, -9999, -9999, -9999, 37, -9999, -9999, -9999, -9999, -9999, -9999, -9999, -9999, -9999, -9999, -9999, -9999, -9999, -9999, -9999, -9999],
[-9999, 5, -9999, 14, 70, 62, 10, 37, -9999, -9999, 8, -9999, 84, -9999, 87, 35, 10, -9999, -9999, -9999, -9999, 64, 38, 19, -9999, -9999, -9999, 25, 86, -9999, -9999, -9999, 81, -9999, 29, 76, -9999, 20, 69, -9999, -9999, -9999, 38, 74, -9999, -9999, 23, -9999, -9999, 68, -9999, -9999, 99, -9999, -9999, 69, 25, 98, 48, 57, -9999, 97, 80, 60, 38, -9999, 26, -9999, -9999, 62, 20, 100, -9999, 24, -9999, 61, 92, -9999, 25, 53, 86, -9999, -9999, 73, 28, -9999, 31, 96, -9999, -9999, -9999, 80, 31, 70, 81, 67, -9999, 92, -9999, 20],
[-9999, 21, -9999, -9999, -9999, -9999, -9999, -9999, -9999, -9999, -9999, -9999, -9999, -9999, -9999, 20, -9999, -9999, -9999, -9999, -9999, -9999, -9999, -9999, -9999, -9999, 61, -9999, -9999, -9999, -9999, -9999, -9999, -9999, -9999, -9999, -9999, -9999, -9999, -9999, -9999, -9999, -9999, -9999, -9999, -9999, -9999, -9999, -9999, -9999, -9999, -9999, -9999, -9999, -9999, -9999, -9999, -9999, -9999, -9999, 75, -9999, -9999, -9999, -9999, -9999, -9999, -9999, -9999, -9999, -9999, -9999, -9999, -9999, -9999, -9999, -9999, -9999, -9999, -9999, -9999, -9999, -9999, 42, -9999, -9999, -9999, -9999, -9999, -9999, -9999, -9999, -9999, -9999, -9999, -9999, -9999, -9999, -9999, -9999],
[-9999, -9999, -9999, -9999, 94, -9999, -9999, -9999, -9999, -9999, -9999, -9999, -9999, -9999, 51, -9999, -9999, -9999, -9999, -9999, -9999, -9999, -9999, -9999, 34, -9999, -9999, -9999, -9999, -9999, -9999, -9999, 61, -9999, -9999, -9999, -9999, 54, -9999, 66, -9999, -9999, 100, 61, 20, -9999, -9999, 77, -9999, 20, -9999, -9999, -9999, -9999, -9999, -9999, -9999, -9999, -9999, -9999, -9999, -9999, 83, 83, -9999, -9999, -9999, -9999, -9999, -9999, -9999, -9999, -9999, -9999, -9999, 64, -9999, 50, -9999, -9999, -9999, -9999, -9999, -9999, -9999, -9999, -9999, -9999, -9999, -9999, -9999, -9999, -9999, -9999, -9999, -9999, 49, -9999, -9999, -9999],
[-9999, 68, 17, -9999, 66, 28, 74, -9999, 51, -9999, 82, -9999, -9999, -9999, 74, 29, 61, -9999, -9999, 12, -9999, 63, 78, 2, 8, -9999, 100, 15, 54, -9999, -9999, -9999, 94, -9999, 79, 74, -9999, -9999, -9999, 26, -9999, -9999, -9999, 99, -9999, 1, -9999, 1, -9999, -9999, 76, -9999, 43, -9999, 77, 6, 44, -9999, -9999, -9999, 12, 3, -9999, 35, 18, -9999, 86, 14, -9999, 58, -9999, 8, -9999, -9999, 31, 79, 19, -9999, 5, 82, 38, -9999, -9999, 11, 28, -9999, -9999, 46, -9999, -9999, 57, -9999, 30, 62, -9999, -9999, -9999, 75, 1, -9999]
];
