NbNodes = 100;
NbNDDs = 0;
NbPairs = 100;
NbTerminals = 0;
K = 0;
L = 102;
Wt = [
[-9999, -9999, -9999, -9999, 92, -9999, -9999, -9999, -9999, -9999, -9999, -9999, -9999, -9999, -9999, 32, -9999, 37, -9999, -9999, 59, -9999, -9999, -9999, -9999, -9999, -9999, -9999, -9999, 3, -9999, -9999, -9999, -9999, -9999, -9999, -9999, -9999, -9999, -9999, -9999, -9999, -9999, 87, -9999, 69, -9999, 17, 38, -9999, -9999, -9999, -9999, -9999, -9999, -9999, -9999, -9999, -9999, -9999, 31, -9999, -9999, -9999, 26, -9999, 2, -9999, 99, -9999, -9999, 12, 92, -9999, -9999, -9999, -9999, 25, -9999, -9999, -9999, -9999, -9999, -9999, -9999, -9999, -9999, 15, -9999, 10, -9999, -9999, -9999, 31, 74, 82, -9999, -9999, -9999, -9999],
[-9999, -9999, -9999, -9999, -9999, -9999, -9999, -9999, -9999, -9999, -9999, -9999, -9999, -9999, -9999, 28, -9999, -9999, -9999, -9999, -9999, -9999, -9999, -9999, -9999, -9999, -9999, -9999, 100, -9999, -9999, -9999, -9999, -9999, -9999, -9999, -9999, -9999, -9999, -9999, -9999, -9999, -9999, -9999, -9999, -9999, -9999, -9999, -9999, 40, -9999, -9999, -9999, -9999, -9999, -9999, -9999, -9999, -9999, -9999, -9999, -9999, -9999, -9999, -9999, -9999, -9999, -9999, -9999, -9999, -9999, -9999, -9999, -9999, -9999, -9999, -9999, -9999, -9999, -9999, -9999, -9999, -9999, -9999, -9999, -9999, -9999, -9999, -9999, -9999, -9999, -9999, -9999, -9999, -9999, -9999, -9999, -9999, -9999, -9999],
[97, -9999, -9999, 51, 1, -9999, 54, 69, 63, -9999, 44, 25, -9999, -9999, 72, 92, -9999, 60, 30, -9999, 2, -9999, -9999, -9999, -9999, -9999, -9999, -9999, 79, 45, -9999, -9999, -9999, -9999, -9999, 81, -9999, -9999, -9999, -9999, -9999, 1, -9999, -9999, -9999, 42, -9999, -9999, -9999, 96, -9999, 34, 57, 37, -9999, -9999, -9999, -9999, -9999, 18, 64, -9999, -9999, -9999, -9999, 79, -9999, -9999, -9999, -9999, -9999, -9999, 5, -9999, -9999, -9999, -9999, 67, 22, -9999, 75, 68, -9999, -9999, -9999, -9999, -9999, -9999, -9999, -9999, 66, -9999, -9999, -9999, -9999, 63, 25, 83, -9999, -9999],
[-9999, -9999, -9999, -9999, 55, -9999, -9999, -9999, -9999, -9999, -9999, -9999, -9999, -9999, -9999, -9999, -9999, 84, 50, -9999, 99, 78, 77, -9999, -9999, -9999, -9999, -9999, -9999, -9999, -9999, -9999, -9999, -9999, -9999, -9999, -9999, -9999, -9999, -9999, -9999, -9999, -9999, -9999, 21, 60, -9999, 32, 2, -9999, -9999, -9999, 20, -9999, -9999, -9999, 71, -9999, -9999, -9999, 61, 92, -9999, -9999, 43, 71, 33, -9999, -9999, -9999, -9999, -9999, -9999, 89, -9999, -9999, -9999, 98, -9999, -9999, -9999, -9999, -9999, -9999, -9999, -9999, -9999, 3, -9999, 52, 51, -9999, -9999, -9999, 57, -9999, -9999, -9999, -9999, -9999],
[30, -9999, -9999, 64, -9999, -9999, -9999, -9999, 19, -9999, 73, 8, -9999, -9999, 71, 68, -9999, -9999, 84, 75, 49, -9999, 5, 94, 69, -9999, -9999, -9999, -9999, 87, 63, 23, -9999, 46, -9999, -9999, -9999, -9999, 24, -9999, 19, -9999, -9999, -9999, -9999, 68, -9999, 72, 20, 71, -9999, -9999, -9999, 6, -9999, 76, 96, 100, -9999, -9999, -9999, -9999, -9999, -9999, -9999, 30, -9999, -9999, 28, 29, -9999, 53, -9999, -9999, -9999, 29, 81, 80, 46, -9999, -9999, -9999, 73, -9999, -9999, -9999, -9999, 22, -9999, -9999, 54, -9999, 70, 1, -9999, 94, -9999, 6, -9999, -9999],
[-9999, -9999, -9999, -9999, -9999, -9999, -9999, -9999, -9999, -9999, -9999, -9999, -9999, -9999, -9999, -9999, -9999, -9999, -9999, -9999, -9999, -9999, -9999, -9999, -9999, -9999, -9999, -9999, 91, -9999, -9999, -9999, 91, -9999, -9999, -9999, -9999, -9999, -9999, -9999, -9999, 75, -9999, -9999, -9999, -9999, -9999, -9999, -9999, 82, 36, -9999, -9999, -9999, -9999, -9999, -9999, -9999, -9999, -9999, -9999, -9999, -9999, -9999, -9999, -9999, -9999, -9999, -9999, -9999, -9999, -9999, -9999, -9999, -9999, -9999, -9999, -9999, -9999, -9999, -9999, -9999, -9999, -9999, -9999, -9999, -9999, -9999, -9999, -9999, -9999, -9999, -9999, -9999, -9999, -9999, -9999, -9999, -9999, -9999],
[-9999, 43, -9999, 96, -9999, 84, -9999, 81, 40, -9999, -9999, 20, -9999, -9999, 100, -9999, -9999, 44, 75, 46, 30, -9999, -9999, 57, 98, -9999, -9999, -9999, 33, 63, -9999, 15, -9999, -9999, -9999, -9999, -9999, -9999, 97, -9999, -9999, 51, 65, 4, 30, 22, -9999, 46, 55, -9999, -9999, 70, -9999, 33, -9999, -9999, -9999, 65, -9999, 62, 25, -9999, 94, -9999, 54, -9999, -9999, -9999, 21, 80, -9999, -9999, -9999, -9999, -9999, 57, -9999, 19, -9999, -9999, -9999, -9999, -9999, -9999, -9999, -9999, 89, 10, -9999, -9999, 40, -9999, -9999, -9999, 71, 44, -9999, -9999, -9999, -9999],
[99, 71, -9999, 76, 3, 95, -9999, -9999, -9999, -9999, 51, 28, -9999, -9999, 74, 91, -9999, 29, 39, 84, 65, -9999, 27, 84, -9999, -9999, 78, -9999, 36, -9999, -9999, 76, -9999, -9999, -9999, -9999, -9999, 89, -9999, -9999, -9999, 85, 59, 43, 59, 93, -9999, 44, 24, 2, -9999, 87, 73, 4, -9999, 59, 57, 66, -9999, -9999, 85, -9999, 23, -9999, 82, 1, -9999, -9999, -9999, -9999, -9999, -9999, -9999, -9999, -9999, -9999, 11, 39, -9999, -9999, 69, 1, -9999, -9999, -9999, -9999, -9999, -9999, -9999, 47, -9999, -9999, -9999, 26, 53, -9999, 23, 82, -9999, -9999],
[-9999, -9999, -9999, -9999, -9999, -9999, -9999, -9999, -9999, -9999, -9999, -9999, -9999, -9999, -9999, 66, -9999, -9999, -9999, -9999, 75, 100, 66, -9999, -9999, -9999, 79, -9999, -9999, 65, -9999, -9999, -9999, -9999, -9999, -9999, -9999, -9999, -9999, -9999, -9999, -9999, -9999, 90, 37, 34, -9999, 78, -9999, -9999, -9999, -9999, -9999, -9999, -9999, -9999, 32, -9999, -9999, -9999, 51, -9999, -9999, -9999, 23, 76, 8, -9999, -9999, -9999, -9999, -9999, -9999, -9999, -9999, 36, -9999, 38, -9999, -9999, -9999, -9999, -9999, 49, -9999, -9999, -9999, 23, -9999, 18, 52, -9999, -9999, 1, 79, -9999, -9999, -9999, 18, -9999],
[-9999, -9999, -9999, -9999, -9999, -9999, -9999, -9999, -9999, -9999, -9999, -9999, -9999, -9999, -9999, 54, -9999, -9999, 99, -9999, 99, 26, -9999, -9999, -9999, -9999, -9999, -9999, -9999, 49, -9999, -9999, -9999, -9999, -9999, -9999, -9999, -9999, -9999, -9999, 52, -9999, -9999, -9999, 95, 3, -9999, 39, -9999, -9999, -9999, -9999, -9999, -9999, -9999, -9999, -9999, -9999, -9999, -9999, -9999, 90, -9999, -9999, 13, 86, 9, -9999, -9999, -9999, -9999, -9999, -9999, -9999, -9999, -9999, -9999, 21, -9999, -9999, -9999, -9999, -9999, -9999, -9999, -9999, -9999, 59, -9999, 85, 90, -9999, -9999, -9999, 4, -9999, -9999, -9999, -9999, -9999],
[-9999, 39, -9999, 93, 79, 45, -9999, -9999, -9999, -9999, -9999, 11, -9999, -9999, -9999, 70, -9999, -9999, -9999, 79, 48, -9999, 58, -9999, 70, -9999, -9999, -9999, 14, -9999, -9999, 12, -9999, 54, -9999, -9999, -9999, 25, 38, 78, -9999, -9999, -9999, -9999, -9999, 17, -9999, 87, -9999, 84, -9999, 36, 19, 34, -9999, 92, 83, 6, -9999, 30, -9999, -9999, 24, -9999, 17, -9999, 63, -9999, 77, 43, -9999, -9999, 63, -9999, -9999, -9999, 93, 97, 70, -9999, -9999, -9999, -9999, -9999, -9999, -9999, -9999, 21, -9999, -9999, -9999, -9999, -9999, 25, 95, -9999, 85, -9999, -9999, -9999],
[-9999, -9999, -9999, 95, -9999, 13, -9999, 63, 3, 2, -9999, -9999, 38, -9999, 54, 12, -9999, -9999, 41, 16, 21, 97, -9999, 54, 70, 83, -9999, -9999, -9999, 59, 12, 56, -9999, 17, 33, -9999, 26, 46, -9999, -9999, 38, 53, -9999, 42, 66, 67, -9999, 39, 66, 43, -9999, -9999, -9999, -9999, -9999, 64, -9999, 44, 97, -9999, -9999, -9999, -9999, -9999, -9999, 49, -9999, -9999, -9999, -9999, -9999, -9999, -9999, -9999, -9999, -9999, -9999, 71, 61, -9999, -9999, -9999, -9999, 25, 47, -9999, -9999, 81, 21, 55, -9999, -9999, -9999, -9999, 1, -9999, -9999, 5, -9999, -9999],
[-9999, -9999, -9999, -9999, 73, -9999, -9999, -9999, -9999, -9999, -9999, -9999, -9999, -9999, -9999, 14, -9999, 10, -9999, -9999, 57, -9999, -9999, -9999, -9999, -9999, -9999, -9999, -9999, 27, -9999, -9999, -9999, -9999, -9999, -9999, -9999, -9999, -9999, -9999, 33, -9999, -9999, -9999, -9999, 28, -9999, -9999, -9999, -9999, -9999, -9999, 65, -9999, -9999, -9999, -9999, -9999, -9999, -9999, 71, -9999, -9999, -9999, -9999, 97, 18, -9999, 38, -9999, -9999, 38, -9999, -9999, -9999, -9999, -9999, 100, -9999, -9999, -9999, -9999, -9999, -9999, -9999, -9999, -9999, -9999, -9999, 38, -9999, -9999, -9999, -9999, -9999, 87, -9999, -9999, -9999, -9999],
[-9999, -9999, -9999, -9999, -9999, -9999, -9999, -9999, -9999, -9999, -9999, -9999, -9999, -9999, -9999, 77, -9999, -9999, -9999, -9999, 99, -9999, 95, -9999, -9999, -9999, -9999, -9999, -9999, 57, -9999, -9999, -9999, -9999, -9999, 88, -9999, -9999, -9999, -9999, 20, -9999, -9999, 100, 50, 90, -9999, 23, -9999, -9999, -9999, -9999, 76, -9999, -9999, -9999, 60, -9999, -9999, -9999, -9999, -9999, -9999, -9999, 9, -9999, 87, -9999, 51, -9999, -9999, -9999, -9999, -9999, -9999, -9999, -9999, 70, -9999, -9999, -9999, -9999, 35, -9999, -9999, -9999, -9999, 97, -9999, -9999, 45, -9999, -9999, -9999, 91, -9999, -9999, 35, -9999, -9999],
[-9999, -9999, -9999, -9999, -9999, -9999, -9999, -9999, -9999, -9999, -9999, -9999, -9999, -9999, -9999, 16, -9999, -9999, -9999, -9999, -9999, -9999, -9999, 73, -9999, -9999, -9999, -9999, 72, -9999, -9999, -9999, -9999, -9999, -9999, -9999, -9999, -9999, -9999, -9999, -9999, -9999, -9999, -9999, -9999, -9999, -9999, -9999, -9999, 47, -9999, -9999, -9999, -9999, -9999, -9999, -9999, -9999, -9999, -9999, -9999, -9999, -9999, -9999, -9999, -9999, -9999, -9999, -9999, -9999, -9999, -9999, -9999, -9999, -9999, -9999, 47, -9999, -9999, -9999, -9999, -9999, -9999, -9999, -9999, -9999, -9999, -9999, -9999, -9999, -9999, -9999, -9999, -9999, -9999, -9999, -9999, -9999, -9999, -9999],
[-9999, 71, -9999, 26, 21, 41, -9999, 31, -9999, -9999, 95, 51, -9999, -9999, -9999, -9999, -9999, -9999, 51, 33, 51, -9999, -9999, 75, 97, -9999, -9999, -9999, -9999, 82, 52, 59, -9999, 5, -9999, -9999, 15, 70, -9999, 35, -9999, 6, 86, -9999, -9999, 73, -9999, 55, 26, 91, 46, -9999, -9999, 6, -9999, 95, 62, 78, -9999, -9999, -9999, -9999, 83, -9999, 25, 4, 63, -9999, -9999, -9999, -9999, -9999, 71, -9999, -9999, -9999, 83, 51, -9999, -9999, -9999, 5, -9999, -9999, -9999, -9999, 84, -9999, -9999, 84, -9999, 93, -9999, -9999, 63, 73, -9999, -9999, -9999, -9999],
[46, -9999, 22, 40, 57, -9999, -9999, 71, 48, -9999, 54, 82, 59, -9999, -9999, -9999, -9999, 28, 96, 90, 45, -9999, 47, -9999, -9999, -9999, 96, -9999, -9999, -9999, 75, 97, -9999, -9999, -9999, -9999, -9999, -9999, -9999, -9999, 23, -9999, 37, 11, 46, 97, -9999, 35, 85, 51, -9999, 59, 93, -9999, 10, -9999, 59, 48, 81, -9999, 36, -9999, 73, -9999, -9999, -9999, -9999, -9999, 97, -9999, -9999, -9999, -9999, -9999, -9999, -9999, 100, 36, 12, 5, -9999, -9999, -9999, 57, 37, -9999, 92, 92, 33, 72, 67, 9, -9999, -9999, -9999, 23, 79, 95, -9999, -9999],
[-9999, -9999, -9999, 100, 77, 65, -9999, 68, -9999, 73, 81, -9999, 36, -9999, 62, -9999, 34, -9999, -9999, 3, 70, 28, 9, -9999, 82, 1, -9999, -9999, -9999, 48, -9999, 29, -9999, 13, -9999, -9999, -9999, 77, -9999, 31, 5, 97, -9999, 4, 68, 3, -9999, -9999, 45, 85, -9999, 50, 49, 98, 3, 8, -9999, 58, -9999, -9999, -9999, 89, 57, -9999, 18, 23, 74, -9999, 20, 81, -9999, -9999, -9999, -9999, -9999, -9999, 18, 18, 58, 88, -9999, 47, -9999, 10, 90, -9999, -9999, -9999, 23, -9999, 33, -9999, -9999, -9999, 48, -9999, 81, 34, -9999, 69],
[-9999, -9999, -9999, -9999, 64, -9999, -9999, -9999, -9999, -9999, -9999, -9999, -9999, -9999, -9999, -9999, -9999, -9999, -9999, -9999, 20, 92, -9999, -9999, -9999, -9999, -9999, -9999, -9999, -9999, -9999, -9999, -9999, -9999, 68, -9999, -9999, -9999, -9999, -9999, -9999, -9999, -9999, -9999, 59, 9, -9999, 69, -9999, -9999, -9999, -9999, 76, -9999, -9999, -9999, -9999, -9999, -9999, -9999, 68, 97, -9999, 81, 45, -9999, -9999, -9999, -9999, -9999, -9999, -9999, -9999, -9999, -9999, -9999, -9999, -9999, -9999, -9999, -9999, -9999, -9999, -9999, -9999, -9999, -9999, 75, -9999, -9999, 35, -9999, -9999, -9999, -9999, 2, -9999, 7, -9999, -9999],
[-9999, -9999, -9999, -9999, 15, -9999, -9999, -9999, -9999, -9999, -9999, -9999, -9999, -9999, -9999, -9999, -9999, 24, 17, -9999, 44, -9999, 93, -9999, -9999, -9999, -9999, -9999, -9999, 7, -9999, -9999, -9999, -9999, -9999, -9999, -9999, -9999, -9999, -9999, -9999, -9999, -9999, -9999, 80, 85, -9999, 92, -9999, -9999, -9999, -9999, -9999, -9999, -9999, -9999, 30, -9999, -9999, -9999, 70, -9999, -9999, -9999, -9999, -9999, -9999, -9999, 40, -9999, -9999, -9999, -9999, -9999, -9999, -9999, -9999, 30, -9999, -9999, -9999, -9999, -9999, -9999, -9999, -9999, -9999, -9999, -9999, -9999, -9999, -9999, -9999, 67, 47, -9999, -9999, 56, -9999, -9999],
[-9999, -9999, -9999, 78, -9999, -9999, -9999, -9999, 96, -9999, -9999, 73, -9999, -9999, 41, 63, -9999, 26, -9999, 70, -9999, -9999, 30, 55, -9999, -9999, -9999, -9999, -9999, 88, 48, -9999, -9999, -9999, -9999, -9999, -9999, 30, 62, -9999, -9999, 76, -9999, 98, 94, 42, -9999, -9999, 30, 100, -9999, -9999, 91, 87, -9999, 19, 39, 83, -9999, 17, -9999, -9999, -9999, -9999, 23, -9999, 89, -9999, -9999, 10, -9999, -9999, -9999, -9999, -9999, -9999, 55, 79, 31, -9999, -9999, 18, -9999, -9999, -9999, -9999, 81, 74, -9999, -9999, -9999, 18, -9999, -9999, -9999, -9999, 37, 11, -9999, 94],
[-9999, -9999, -9999, -9999, 94, -9999, -9999, -9999, -9999, -9999, -9999, -9999, -9999, -9999, -9999, 55, -9999, -9999, 93, -9999, 90, -9999, 58, -9999, -9999, -9999, -9999, -9999, -9999, -9999, -9999, -9999, -9999, -9999, -9999, -9999, -9999, -9999, -9999, -9999, -9999, -9999, -9999, 31, -9999, 64, -9999, 99, 41, -9999, -9999, -9999, -9999, -9999, -9999, -9999, 67, -9999, -9999, -9999, -9999, -9999, -9999, -9999, -9999, 22, 82, -9999, -9999, -9999, -9999, -9999, -9999, -9999, -9999, -9999, -9999, 36, -9999, -9999, -9999, -9999, -9999, -9999, -9999, -9999, -9999, 35, -9999, -9999, 17, -9999, -9999, 77, -9999, 6, -9999, 50, -9999, -9999],
[-9999, -9999, -9999, -9999, 14, -9999, -9999, -9999, -9999, -9999, -9999, -9999, -9999, -9999, -9999, 36, -9999, 30, 45, -9999, 99, -9999, -9999, -9999, -9999, -9999, 37, -9999, -9999, 50, -9999, -9999, -9999, -9999, -9999, -9999, -9999, -9999, -9999, -9999, 37, -9999, -9999, 72, 31, 15, -9999, -9999, -9999, -9999, -9999, -9999, -9999, -9999, -9999, -9999, 71, -9999, -9999, -9999, 90, -9999, -9999, -9999, -9999, 66, -9999, -9999, 100, -9999, -9999, -9999, -9999, 67, -9999, -9999, -9999, 43, -9999, -9999, -9999, -9999, -9999, -9999, -9999, -9999, -9999, 100, -9999, 38, -9999, -9999, -9999, -9999, 68, 43, -9999, 8, -9999, -9999],
[-9999, -9999, -9999, -9999, 8, -9999, -9999, -9999, -9999, -9999, -9999, -9999, -9999, -9999, -9999, -9999, -9999, 12, -9999, -9999, 32, -9999, 26, -9999, -9999, -9999, -9999, -9999, -9999, -9999, -9999, -9999, -9999, -9999, -9999, -9999, -9999, -9999, -9999, -9999, -9999, -9999, -9999, -9999, -9999, 4, -9999, -9999, 82, -9999, -9999, -9999, 98, -9999, -9999, -9999, 61, -9999, -9999, -9999, -9999, -9999, -9999, -9999, 9, -9999, 100, -9999, -9999, -9999, -9999, -9999, -9999, 73, -9999, -9999, -9999, 82, -9999, -9999, -9999, -9999, -9999, -9999, -9999, -9999, -9999, 98, -9999, -9999, 79, -9999, -9999, -9999, 57, -9999, -9999, 88, -9999, -9999],
[74, -9999, -9999, 75, 36, 44, -9999, 20, 40, -9999, 43, 30, -9999, -9999, 2, -9999, -9999, -9999, -9999, -9999, 68, 65, 39, 44, -9999, -9999, -9999, -9999, -9999, 17, 96, 24, -9999, 14, 42, -9999, 27, 97, -9999, -9999, -9999, 59, -9999, 54, 54, 5, -9999, -9999, 31, 94, 72, -9999, 36, 34, 83, -9999, 49, 43, 21, -9999, 63, -9999, 56, -9999, -9999, 81, 54, -9999, -9999, -9999, 4, -9999, -9999, 87, -9999, 35, 66, 97, 34, 34, -9999, -9999, -9999, -9999, -9999, -9999, -9999, -9999, 27, -9999, -9999, 16, -9999, -9999, 48, 35, 83, 83, -9999, -9999],
[-9999, 53, -9999, 6, 49, 25, -9999, 77, -9999, -9999, -9999, -9999, -9999, -9999, 48, 87, -9999, -9999, 49, -9999, 50, -9999, -9999, 82, 56, -9999, -9999, -9999, -9999, 71, 38, 40, -9999, 7, -9999, -9999, -9999, -9999, -9999, -9999, 60, -9999, 37, -9999, -9999, 86, -9999, 81, 39, 46, -9999, 74, -9999, 15, -9999, 27, 45, 64, -9999, 70, -9999, -9999, 59, -9999, -9999, 31, 7, -9999, 43, 66, -9999, -9999, -9999, -9999, -9999, -9999, 35, 57, 80, -9999, -9999, 3, -9999, -9999, -9999, -9999, -9999, 32, -9999, -9999, 65, -9999, -9999, 75, 23, 62, 56, -9999, -9999, -9999],
[-9999, -9999, -9999, -9999, -9999, -9999, -9999, -9999, -9999, -9999, -9999, -9999, -9999, -9999, -9999, -9999, -9999, -9999, -9999, -9999, -9999, -9999, -9999, 28, -9999, -9999, -9999, -9999, 8, -9999, -9999, -9999, -9999, -9999, -9999, -9999, -9999, -9999, -9999, -9999, -9999, 48, -9999, -9999, -9999, -9999, -9999, -9999, -9999, 9, -9999, -9999, -9999, -9999, -9999, -9999, -9999, -9999, -9999, -9999, -9999, -9999, -9999, -9999, -9999, -9999, -9999, -9999, -9999, -9999, -9999, -9999, -9999, -9999, -9999, -9999, 49, -9999, -9999, -9999, -9999, -9999, -9999, -9999, -9999, -9999, -9999, -9999, -9999, -9999, -9999, -9999, -9999, -9999, -9999, -9999, -9999, -9999, -9999, -9999],
[-9999, -9999, -9999, -9999, -9999, -9999, -9999, -9999, -9999, -9999, -9999, -9999, -9999, -9999, -9999, -9999, -9999, -9999, -9999, -9999, -9999, -9999, -9999, -9999, -9999, -9999, -9999, -9999, -9999, -9999, -9999, -9999, -9999, -9999, -9999, -9999, -9999, -9999, -9999, -9999, -9999, -9999, -9999, -9999, -9999, -9999, -9999, -9999, -9999, -9999, -9999, -9999, -9999, -9999, -9999, -9999, -9999, -9999, -9999, -9999, -9999, -9999, -9999, -9999, -9999, -9999, -9999, -9999, -9999, -9999, -9999, -9999, -9999, -9999, -9999, -9999, -9999, -9999, -9999, -9999, -9999, -9999, -9999, -9999, -9999, -9999, -9999, -9999, -9999, -9999, -9999, -9999, -9999, -9999, -9999, -9999, -9999, -9999, -9999, -9999],
[-9999, -9999, -9999, -9999, 50, -9999, -9999, -9999, -9999, -9999, -9999, -9999, -9999, -9999, -9999, 7, -9999, 7, -9999, -9999, 61, -9999, 25, -9999, -9999, -9999, -9999, -9999, -9999, 82, -9999, -9999, -9999, -9999, -9999, -9999, -9999, -9999, -9999, -9999, -9999, -9999, -9999, 67, 4, 77, -9999, -9999, 67, -9999, -9999, -9999, 91, -9999, -9999, -9999, -9999, -9999, -9999, -9999, 40, -9999, -9999, -9999, -9999, -9999, 64, -9999, -9999, -9999, -9999, -9999, -9999, -9999, -9999, -9999, -9999, 73, -9999, -9999, -9999, -9999, 31, -9999, -9999, -9999, -9999, 25, -9999, 91, 95, -9999, -9999, 49, -9999, 25, -9999, -9999, -9999, -9999],
[63, -9999, -9999, 28, 86, 15, -9999, -9999, 45, -9999, 64, 78, -9999, -9999, -9999, 28, -9999, 1, -9999, 48, 68, -9999, 64, 14, 73, -9999, 60, -9999, -9999, -9999, 68, -9999, -9999, 15, -9999, -9999, 14, 8, 76, -9999, -9999, 84, -9999, 38, 76, 70, -9999, 34, 77, 75, 54, -9999, 33, 37, -9999, -9999, 19, -9999, -9999, 80, -9999, -9999, -9999, -9999, 36, -9999, 30, -9999, 25, -9999, -9999, -9999, -9999, -9999, -9999, 87, 18, 74, 66, -9999, -9999, -9999, -9999, -9999, -9999, -9999, 74, -9999, -9999, 72, -9999, -9999, -9999, -9999, 29, -9999, 92, 25, -9999, -9999],
[-9999, -9999, -9999, -9999, 95, -9999, -9999, -9999, -9999, -9999, -9999, -9999, -9999, -9999, -9999, 74, -9999, 80, 52, -9999, 63, -9999, 91, -9999, -9999, -9999, -9999, -9999, -9999, -9999, -9999, -9999, -9999, -9999, -9999, -9999, -9999, -9999, -9999, -9999, 42, -9999, -9999, 42, -9999, 95, -9999, 81, 18, -9999, -9999, -9999, 61, -9999, -9999, -9999, -9999, -9999, -9999, -9999, 14, -9999, -9999, -9999, 54, 14, 50, -9999, 6, -9999, -9999, -9999, -9999, -9999, -9999, -9999, -9999, 5, -9999, -9999, -9999, -9999, -9999, -9999, -9999, -9999, -9999, -9999, -9999, 48, 82, -9999, -9999, 28, 20, 93, -9999, -9999, -9999, -9999],
[-9999, -9999, -9999, -9999, -9999, -9999, -9999, -9999, -9999, -9999, -9999, -9999, -9999, -9999, -9999, -9999, -9999, -9999, -9999, -9999, -9999, -9999, -9999, 39, -9999, -9999, -9999, -9999, 98, -9999, -9999, -9999, -9999, -9999, -9999, -9999, -9999, -9999, -9999, -9999, -9999, 99, -9999, -9999, -9999, -9999, -9999, -9999, -9999, 86, -9999, -9999, -9999, -9999, -9999, -9999, -9999, -9999, -9999, -9999, -9999, -9999, -9999, -9999, -9999, -9999, -9999, -9999, -9999, -9999, -9999, -9999, -9999, -9999, -9999, -9999, -9999, -9999, -9999, -9999, -9999, -9999, -9999, -9999, -9999, -9999, -9999, -9999, -9999, -9999, -9999, -9999, -9999, -9999, -9999, -9999, -9999, -9999, -9999, -9999],
[86, -9999, -9999, 64, 73, 57, -9999, -9999, -9999, -9999, -9999, -9999, -9999, -9999, -9999, -9999, -9999, -9999, 41, 8, 73, -9999, 57, 92, -9999, -9999, -9999, -9999, 2, 25, 7, -9999, -9999, 70, -9999, -9999, -9999, -9999, -9999, -9999, 96, -9999, 100, -9999, 65, -9999, -9999, 14, -9999, 78, 77, 69, 32, 38, -9999, 55, 52, -9999, -9999, 81, 64, -9999, 23, -9999, 93, -9999, -9999, -9999, -9999, 49, -9999, -9999, -9999, -9999, -9999, -9999, 66, 35, -9999, -9999, -9999, 51, -9999, -9999, -9999, -9999, 87, 91, -9999, 19, -9999, -9999, 10, -9999, -9999, 9, 75, 41, -9999, -9999],
[-9999, -9999, -9999, -9999, -9999, -9999, -9999, -9999, -9999, -9999, -9999, -9999, -9999, -9999, -9999, 77, -9999, -9999, 35, -9999, 67, -9999, 31, -9999, -9999, -9999, -9999, -9999, -9999, 2, -9999, -9999, -9999, -9999, -9999, -9999, -9999, -9999, -9999, -9999, -9999, -9999, -9999, 37, 94, 31, -9999, 30, 37, -9999, -9999, -9999, -9999, -9999, -9999, -9999, -9999, -9999, -9999, -9999, 25, -9999, -9999, 51, 22, -9999, -9999, -9999, 12, -9999, -9999, -9999, -9999, -9999, -9999, -9999, -9999, 96, -9999, -9999, -9999, -9999, -9999, -9999, -9999, -9999, -9999, 58, -9999, 40, 90, -9999, -9999, -9999, 24, 38, -9999, 30, -9999, -9999],
[-9999, -9999, -9999, -9999, 41, -9999, -9999, -9999, -9999, -9999, -9999, -9999, -9999, -9999, -9999, 11, -9999, 18, 43, -9999, 52, -9999, 8, -9999, -9999, -9999, -9999, -9999, -9999, -9999, -9999, -9999, -9999, -9999, -9999, -9999, -9999, -9999, -9999, -9999, 28, -9999, -9999, 51, 74, 67, -9999, -9999, 34, -9999, -9999, -9999, -9999, -9999, -9999, -9999, 14, -9999, -9999, -9999, 38, -9999, -9999, -9999, -9999, 37, 73, -9999, 60, -9999, -9999, 28, -9999, -9999, -9999, -9999, -9999, 24, -9999, -9999, -9999, -9999, -9999, -9999, -9999, -9999, -9999, -9999, -9999, 64, 58, -9999, -9999, 92, 73, 65, -9999, -9999, -9999, -9999],
[-9999, 5, -9999, 57, 97, 88, -9999, 26, 52, -9999, 56, -9999, -9999, -9999, -9999, -9999, -9999, -9999, 73, 27, 45, -9999, 25, 23, 81, -9999, -9999, -9999, -9999, -9999, 4, 44, -9999, -9999, -9999, -9999, -9999, 70, -9999, -9999, 66, -9999, -9999, 48, -9999, 76, -9999, 51, -9999, 2, -9999, 43, -9999, -9999, -9999, -9999, -9999, 48, -9999, -9999, -9999, -9999, 79, 9, 14, -9999, -9999, -9999, 72, 88, -9999, 81, -9999, -9999, -9999, -9999, -9999, 86, -9999, -9999, -9999, 79, -9999, -9999, -9999, -9999, 59, 50, -9999, -9999, -9999, -9999, -9999, 14, 67, 20, -9999, -9999, -9999, -9999],
[57, 35, -9999, 19, -9999, 31, 12, 48, 42, -9999, 89, 10, -9999, -9999, -9999, -9999, -9999, 57, 76, 83, 29, -9999, 20, -9999, 70, -9999, -9999, -9999, 97, 36, 51, 30, -9999, 80, -9999, -9999, -9999, 56, 66, -9999, 98, 44, 26, -9999, 69, 63, -9999, -9999, -9999, 64, -9999, -9999, -9999, 51, -9999, -9999, 14, 93, -9999, -9999, 84, -9999, 45, -9999, 65, 42, -9999, -9999, 6, 10, -9999, -9999, -9999, -9999, -9999, -9999, -9999, 26, -9999, -9999, -9999, -9999, -9999, -9999, -9999, -9999, 6, 23, -9999, 79, 33, 21, -9999, 63, -9999, 28, -9999, 71, -9999, -9999],
[79, -9999, -9999, 2, -9999, 16, -9999, -9999, 42, 57, -9999, 54, 72, -9999, 82, 75, 30, 22, -9999, -9999, 65, 55, 3, 18, 90, 53, -9999, -9999, -9999, 44, 21, -9999, -9999, -9999, -9999, -9999, -9999, -9999, -9999, -9999, 38, 9, 82, -9999, 76, 4, -9999, 43, 46, 45, -9999, -9999, 97, -9999, 42, -9999, 17, -9999, -9999, -9999, -9999, 59, 59, -9999, 11, -9999, 96, -9999, -9999, 26, -9999, -9999, -9999, 49, -9999, -9999, -9999, 7, -9999, 38, -9999, 87, -9999, 96, 81, -9999, -9999, 43, 66, -9999, -9999, 65, -9999, 5, 28, 21, -9999, 89, -9999, -9999],
[-9999, -9999, -9999, -9999, -9999, -9999, -9999, -9999, -9999, -9999, -9999, -9999, -9999, -9999, -9999, -9999, -9999, -9999, -9999, -9999, -9999, -9999, -9999, 5, -9999, -9999, -9999, -9999, 7, -9999, -9999, -9999, -9999, -9999, -9999, -9999, -9999, -9999, -9999, -9999, -9999, -9999, -9999, -9999, -9999, -9999, -9999, -9999, -9999, 69, -9999, -9999, -9999, -9999, -9999, -9999, -9999, -9999, -9999, -9999, -9999, -9999, -9999, -9999, -9999, -9999, -9999, -9999, -9999, -9999, -9999, -9999, -9999, -9999, -9999, -9999, 61, -9999, -9999, -9999, -9999, -9999, -9999, -9999, -9999, -9999, -9999, -9999, -9999, -9999, -9999, -9999, -9999, -9999, -9999, -9999, -9999, -9999, -9999, -9999],
[-9999, -9999, -9999, -9999, -9999, -9999, -9999, -9999, -9999, -9999, -9999, -9999, -9999, -9999, -9999, -9999, -9999, 63, 81, -9999, 97, 9, -9999, -9999, -9999, -9999, -9999, -9999, -9999, 20, -9999, -9999, -9999, -9999, -9999, -9999, -9999, -9999, -9999, -9999, 97, -9999, -9999, 92, -9999, 82, -9999, 82, -9999, -9999, -9999, -9999, -9999, -9999, -9999, -9999, 86, -9999, -9999, -9999, -9999, 67, -9999, -9999, -9999, -9999, 18, -9999, 68, -9999, -9999, -9999, -9999, -9999, -9999, -9999, -9999, 36, -9999, -9999, -9999, -9999, 14, -9999, -9999, -9999, -9999, -9999, -9999, -9999, 17, -9999, -9999, 47, 22, 99, -9999, 38, -9999, -9999],
[58, -9999, -9999, 52, -9999, -9999, -9999, 79, 58, -9999, 24, -9999, -9999, -9999, 66, 18, -9999, 79, -9999, -9999, 18, -9999, 51, 1, 22, -9999, -9999, -9999, 70, -9999, 15, 40, -9999, 76, -9999, -9999, -9999, -9999, 43, -9999, -9999, -9999, 34, 25, 45, 99, -9999, -9999, 53, 2, -9999, -9999, -9999, -9999, -9999, -9999, 24, 44, -9999, 18, 90, -9999, -9999, -9999, -9999, 43, 39, -9999, 8, -9999, -9999, -9999, -9999, -9999, -9999, -9999, 90, 54, 17, -9999, -9999, -9999, -9999, -9999, -9999, -9999, 50, -9999, -9999, 74, 91, 57, -9999, -9999, -9999, -9999, 1, 4, -9999, -9999],
[-9999, -9999, -9999, -9999, -9999, -9999, -9999, -9999, -9999, -9999, -9999, -9999, -9999, -9999, -9999, -9999, -9999, 24, -9999, -9999, 25, -9999, 69, -9999, -9999, -9999, -9999, -9999, -9999, 48, -9999, -9999, -9999, -9999, -9999, -9999, -9999, -9999, -9999, -9999, 70, -9999, -9999, 83, 70, 90, -9999, -9999, 95, -9999, -9999, -9999, 81, -9999, -9999, -9999, 17, -9999, -9999, -9999, 42, -9999, -9999, -9999, 47, -9999, -9999, -9999, 43, -9999, -9999, 92, -9999, -9999, -9999, -9999, -9999, 9, -9999, -9999, -9999, -9999, -9999, -9999, -9999, -9999, -9999, -9999, -9999, 41, 99, -9999, -9999, 71, 74, 19, -9999, -9999, -9999, -9999],
[-9999, -9999, -9999, -9999, 98, -9999, -9999, -9999, -9999, -9999, -9999, -9999, -9999, -9999, -9999, 98, -9999, -9999, 19, -9999, 8, -9999, 11, -9999, -9999, -9999, -9999, -9999, -9999, -9999, -9999, -9999, -9999, -9999, -9999, 91, -9999, -9999, -9999, -9999, 62, -9999, -9999, 42, -9999, 22, -9999, 27, 49, -9999, -9999, -9999, -9999, -9999, -9999, -9999, -9999, -9999, -9999, -9999, 63, -9999, -9999, -9999, -9999, 45, -9999, -9999, -9999, -9999, -9999, -9999, -9999, -9999, -9999, -9999, -9999, 15, -9999, -9999, -9999, -9999, -9999, -9999, -9999, -9999, -9999, 29, -9999, 22, -9999, -9999, -9999, -9999, -9999, 61, -9999, 30, -9999, -9999],
[37, -9999, -9999, 23, 6, 43, -9999, 94, -9999, -9999, 89, -9999, -9999, -9999, -9999, 46, -9999, -9999, 7, -9999, 22, -9999, 2, -9999, 82, -9999, -9999, -9999, 85, -9999, -9999, 40, -9999, -9999, -9999, -9999, 45, 13, 100, 20, -9999, 35, 19, -9999, 42, 5, -9999, 75, -9999, 4, 83, 3, -9999, 8, -9999, -9999, 4, -9999, -9999, -9999, -9999, -9999, 44, -9999, 89, 16, -9999, -9999, 53, 52, -9999, -9999, -9999, -9999, -9999, -9999, 6, 71, 2, -9999, -9999, -9999, -9999, -9999, -9999, -9999, 4, 14, -9999, 6, 36, -9999, -9999, 41, 42, -9999, 14, 4, -9999, -9999],
[72, -9999, -9999, 29, -9999, -9999, -9999, 69, 41, -9999, 41, 75, -9999, -9999, -9999, 24, -9999, 75, 42, 1, 34, -9999, 11, 10, 54, -9999, -9999, -9999, 28, 63, 71, 53, -9999, -9999, -9999, -9999, 81, 79, 30, 76, 97, 19, -9999, 98, -9999, 43, -9999, 75, 7, 33, -9999, -9999, -9999, -9999, -9999, 59, 35, 13, -9999, -9999, 61, -9999, -9999, -9999, 73, -9999, -9999, -9999, -9999, -9999, -9999, -9999, -9999, -9999, -9999, -9999, 62, 73, 73, -9999, -9999, 22, -9999, -9999, -9999, 39, -9999, -9999, -9999, -9999, 76, 35, -9999, -9999, 15, 70, 10, 34, -9999, -9999],
[-9999, -9999, -9999, -9999, -9999, -9999, -9999, -9999, -9999, -9999, -9999, -9999, -9999, -9999, -9999, 55, -9999, -9999, -9999, -9999, -9999, 10, 82, -9999, -9999, -9999, 94, -9999, -9999, 49, -9999, -9999, -9999, -9999, 60, -9999, -9999, -9999, -9999, -9999, 31, -9999, -9999, 67, 87, -9999, -9999, 80, 55, -9999, -9999, -9999, -9999, -9999, -9999, -9999, -9999, -9999, -9999, -9999, 84, 4, -9999, 73, 80, -9999, 54, -9999, 76, -9999, -9999, -9999, -9999, 88, -9999, -9999, -9999, 37, -9999, -9999, -9999, -9999, -9999, 45, -9999, -9999, -9999, -9999, -9999, -9999, 12, -9999, -9999, -9999, -9999, 38, -9999, 84, -9999, -9999],
[25, 47, 49, 7, 24, 22, -9999, 73, -9999, 88, -9999, -9999, 92, -9999, 32, -9999, 7, 51, 95, 82, 89, 11, -9999, 67, -9999, -9999, -9999, -9999, 34, -9999, 71, 41, -9999, 71, -9999, -9999, 59, 29, 59, -9999, -9999, -9999, 56, -9999, -9999, 27, -9999, -9999, -9999, 97, -9999, 51, -9999, -9999, -9999, -9999, -9999, -9999, -9999, -9999, 63, 40, 65, -9999, 71, -9999, 23, -9999, -9999, -9999, 93, -9999, -9999, 51, -9999, 74, -9999, 52, 87, 16, -9999, 72, -9999, -9999, 89, -9999, -9999, 96, 10, -9999, 96, 28, -9999, -9999, -9999, 40, -9999, -9999, -9999, -9999],
[10, -9999, -9999, 28, -9999, 34, -9999, 34, 79, -9999, -9999, -9999, -9999, -9999, -9999, 67, -9999, -9999, 48, -9999, 35, -9999, -9999, 64, 99, -9999, -9999, -9999, 13, -9999, 74, 61, -9999, -9999, -9999, -9999, -9999, -9999, -9999, -9999, 26, -9999, 41, -9999, 71, 73, -9999, -9999, 67, 42, -9999, 71, 52, 90, -9999, 78, 66, 99, -9999, 66, 32, -9999, 45, -9999, 74, -9999, 9, 13, 76, -9999, -9999, -9999, -9999, -9999, -9999, -9999, -9999, 31, 35, -9999, -9999, 25, -9999, -9999, -9999, -9999, -9999, -9999, -9999, -9999, -9999, -9999, -9999, -9999, -9999, 79, 34, 45, -9999, -9999],
[-9999, -9999, -9999, -9999, -9999, -9999, -9999, -9999, -9999, -9999, -9999, -9999, -9999, -9999, -9999, -9999, -9999, 72, -9999, -9999, 58, -9999, -9999, -9999, -9999, -9999, -9999, -9999, -9999, 31, -9999, -9999, -9999, -9999, -9999, -9999, -9999, -9999, -9999, -9999, 60, -9999, -9999, 75, -9999, 51, -9999, 90, -9999, -9999, -9999, -9999, 74, -9999, -9999, -9999, 51, -9999, -9999, -9999, 80, -9999, -9999, -9999, -9999, 19, -9999, -9999, 18, -9999, -9999, -9999, -9999, -9999, -9999, -9999, -9999, 4, -9999, -9999, -9999, -9999, -9999, -9999, -9999, -9999, -9999, 4, -9999, 71, 22, -9999, -9999, 82, -9999, -9999, -9999, 9, -9999, -9999],
[-9999, -9999, -9999, 73, -9999, 32, -9999, 3, -9999, -9999, 78, 13, -9999, -9999, -9999, 59, -9999, 25, 42, 37, 51, -9999, -9999, 48, -9999, -9999, -9999, -9999, 9, -9999, 57, -9999, -9999, -9999, -9999, -9999, -9999, 93, 34, -9999, 8, 50, 4, 56, 84, 55, -9999, 84, 87, -9999, -9999, 39, -9999, 29, -9999, -9999, -9999, -9999, -9999, 11, 63, -9999, 58, -9999, -9999, 42, -9999, 31, -9999, -9999, -9999, -9999, -9999, -9999, -9999, -9999, 17, 99, 29, -9999, 65, -9999, -9999, -9999, -9999, -9999, -9999, -9999, -9999, 71, -9999, 48, -9999, -9999, -9999, -9999, -9999, -9999, -9999, -9999],
[-9999, -9999, -9999, -9999, 15, -9999, -9999, -9999, -9999, -9999, -9999, -9999, -9999, -9999, -9999, 76, -9999, -9999, 30, -9999, 36, -9999, -9999, -9999, -9999, -9999, -9999, -9999, -9999, -9999, -9999, -9999, -9999, -9999, -9999, -9999, -9999, -9999, -9999, -9999, -9999, -9999, -9999, -9999, 21, 27, -9999, 70, -9999, -9999, -9999, -9999, -9999, -9999, -9999, -9999, 40, -9999, -9999, -9999, 88, -9999, -9999, -9999, 46, -9999, -9999, -9999, 27, -9999, -9999, 76, -9999, -9999, -9999, -9999, -9999, 29, -9999, -9999, -9999, -9999, -9999, -9999, -9999, -9999, -9999, -9999, -9999, 10, -9999, -9999, -9999, -9999, 98, 10, -9999, 39, -9999, -9999],
[-9999, -9999, -9999, -9999, 81, -9999, -9999, -9999, -9999, -9999, -9999, -9999, -9999, -9999, -9999, 24, -9999, 9, 41, -9999, 11, -9999, -9999, -9999, -9999, -9999, -9999, -9999, -9999, -9999, -9999, -9999, -9999, -9999, -9999, -9999, -9999, -9999, -9999, -9999, -9999, -9999, -9999, 62, 42, 15, -9999, 61, 17, -9999, -9999, -9999, -9999, -9999, -9999, -9999, 84, -9999, -9999, -9999, -9999, -9999, -9999, -9999, -9999, -9999, -9999, -9999, 44, -9999, -9999, -9999, -9999, -9999, -9999, -9999, -9999, 68, -9999, -9999, -9999, -9999, -9999, -9999, -9999, -9999, -9999, 57, -9999, 5, 43, -9999, -9999, 41, 71, -9999, -9999, 48, -9999, -9999],
[-9999, -9999, -9999, -9999, 72, -9999, -9999, -9999, -9999, -9999, -9999, -9999, -9999, -9999, -9999, -9999, -9999, 21, -9999, -9999, 35, -9999, 62, -9999, -9999, -9999, -9999, -9999, -9999, 24, -9999, -9999, -9999, -9999, -9999, -9999, -9999, -9999, -9999, -9999, 42, -9999, -9999, -9999, 52, 67, -9999, -9999, -9999, -9999, -9999, -9999, -9999, -9999, -9999, -9999, 66, -9999, -9999, -9999, 83, -9999, -9999, -9999, 7, -9999, -9999, -9999, -9999, -9999, -9999, -9999, -9999, -9999, -9999, -9999, -9999, 46, -9999, -9999, -9999, -9999, -9999, -9999, -9999, -9999, -9999, 61, -9999, 82, -9999, -9999, -9999, 93, 98, -9999, -9999, 9, -9999, -9999],
[-9999, 57, -9999, 41, 44, -9999, -9999, -9999, 42, -9999, 71, 89, -9999, -9999, 95, 12, -9999, 13, -9999, -9999, 25, -9999, 54, 16, -9999, -9999, 4, -9999, 41, -9999, 46, 42, 22, 50, -9999, -9999, 96, -9999, -9999, -9999, 47, -9999, 22, 86, 23, 60, -9999, -9999, 12, 18, 98, 22, 79, -9999, -9999, 87, 19, 40, -9999, -9999, 61, -9999, 56, -9999, 87, -9999, -9999, -9999, 62, 55, -9999, 80, -9999, -9999, -9999, -9999, 42, 29, -9999, -9999, -9999, 45, -9999, -9999, -9999, -9999, -9999, 45, -9999, 96, -9999, 50, 26, 70, 67, -9999, 72, 42, -9999, -9999],
[-9999, -9999, -9999, 64, 44, 3, -9999, 2, -9999, -9999, -9999, -9999, -9999, -9999, 57, -9999, -9999, 20, -9999, 55, 33, -9999, -9999, -9999, 34, -9999, 95, -9999, 30, -9999, -9999, -9999, -9999, 77, -9999, -9999, -9999, 29, 88, -9999, 51, 87, 65, -9999, 58, 86, -9999, 10, 100, 15, -9999, -9999, -9999, -9999, -9999, -9999, 48, -9999, -9999, -9999, 21, -9999, -9999, -9999, 67, 1, 32, -9999, 57, 71, -9999, -9999, -9999, -9999, -9999, 9, -9999, 54, -9999, -9999, -9999, -9999, -9999, -9999, -9999, -9999, -9999, -9999, -9999, 44, 37, 15, -9999, 97, -9999, 75, 75, 27, -9999, -9999],
[-9999, -9999, -9999, 7, -9999, 90, -9999, 27, -9999, -9999, 75, -9999, -9999, -9999, -9999, -9999, -9999, -9999, -9999, -9999, 27, -9999, 90, -9999, 48, -9999, -9999, -9999, 50, -9999, 73, -9999, -9999, 49, -9999, -9999, -9999, 18, 14, -9999, 77, -9999, -9999, 22, -9999, 75, -9999, -9999, 26, 68, 79, 76, -9999, 43, -9999, -9999, -9999, -9999, -9999, 44, -9999, -9999, -9999, -9999, 70, -9999, -9999, -9999, 36, 11, -9999, 85, -9999, -9999, -9999, -9999, 79, 77, -9999, -9999, -9999, 47, -9999, -9999, -9999, -9999, -9999, -9999, -9999, 10, -9999, 60, -9999, 39, 59, 4, 53, 62, -9999, -9999],
[-9999, -9999, -9999, -9999, -9999, -9999, -9999, -9999, -9999, -9999, -9999, -9999, -9999, -9999, -9999, 65, -9999, -9999, -9999, -9999, -9999, -9999, -9999, -9999, -9999, -9999, -9999, -9999, 3, -9999, -9999, -9999, -9999, -9999, -9999, 39, -9999, -9999, -9999, -9999, -9999, -9999, -9999, -9999, -9999, -9999, -9999, -9999, -9999, 92, -9999, -9999, -9999, -9999, -9999, -9999, -9999, -9999, -9999, -9999, -9999, -9999, -9999, -9999, -9999, -9999, -9999, -9999, -9999, -9999, -9999, -9999, -9999, -9999, -9999, -9999, 70, -9999, -9999, -9999, -9999, -9999, -9999, -9999, -9999, -9999, -9999, -9999, -9999, -9999, -9999, -9999, -9999, -9999, -9999, -9999, -9999, -9999, -9999, -9999],
[36, -9999, -9999, 3, 79, 46, -9999, 83, -9999, -9999, 53, 24, -9999, 70, 90, 3, -9999, 96, 32, -9999, 70, -9999, -9999, 56, -9999, -9999, 39, -9999, -9999, 95, 18, 20, -9999, 27, -9999, -9999, -9999, 37, 9, -9999, 66, -9999, 26, 47, -9999, -9999, -9999, -9999, 59, 24, 21, 7, 77, -9999, -9999, -9999, 98, -9999, -9999, 33, -9999, -9999, 41, 73, -9999, 37, -9999, -9999, 52, -9999, -9999, -9999, -9999, -9999, -9999, -9999, 61, 65, 3, -9999, -9999, 93, -9999, -9999, -9999, -9999, -9999, 27, -9999, 2, -9999, 29, -9999, 13, -9999, 24, -9999, 21, -9999, 68],
[48, 29, -9999, 7, 61, 72, -9999, -9999, 93, -9999, -9999, 74, -9999, -9999, 65, 72, -9999, -9999, -9999, -9999, 33, -9999, -9999, 75, 100, -9999, -9999, -9999, 87, 40, -9999, -9999, -9999, 83, -9999, -9999, 24, -9999, -9999, -9999, 40, -9999, -9999, 61, 68, 35, -9999, 41, 58, 33, -9999, 9, -9999, 95, -9999, -9999, 13, -9999, -9999, 71, -9999, -9999, 35, -9999, 58, 74, 28, -9999, -9999, 57, -9999, -9999, 8, -9999, -9999, -9999, -9999, 11, -9999, -9999, -9999, 4, -9999, -9999, -9999, -9999, 91, -9999, -9999, -9999, -9999, 20, -9999, 78, -9999, 88, 82, 37, -9999, -9999],
[26, -9999, -9999, 39, 46, -9999, -9999, -9999, 25, -9999, 18, 42, -9999, -9999, 12, -9999, -9999, -9999, 10, -9999, 40, -9999, -9999, 63, 73, -9999, -9999, -9999, 88, 37, -9999, 28, -9999, 68, -9999, -9999, 92, -9999, 48, -9999, -9999, 9, 99, 58, -9999, 62, -9999, -9999, -9999, 5, -9999, 11, 91, -9999, -9999, 71, 82, -9999, -9999, -9999, -9999, -9999, 70, -9999, -9999, -9999, 95, -9999, 9, -9999, -9999, -9999, -9999, -9999, -9999, -9999, 4, 90, -9999, -9999, -9999, 63, -9999, -9999, -9999, -9999, 24, 8, -9999, 58, -9999, 56, -9999, 86, -9999, 3, -9999, -9999, -9999, 98],
[58, -9999, -9999, 5, -9999, 5, -9999, 16, 22, -9999, 19, -9999, -9999, -9999, -9999, 18, -9999, 47, 86, -9999, 51, -9999, 71, 10, -9999, -9999, -9999, -9999, -9999, 44, 23, 2, -9999, 77, -9999, -9999, 46, 9, 18, 69, 64, -9999, 88, -9999, -9999, 75, -9999, 69, 37, 8, -9999, 33, -9999, 7, -9999, -9999, 28, 74, -9999, -9999, -9999, -9999, -9999, -9999, -9999, -9999, 50, -9999, -9999, 56, -9999, -9999, -9999, -9999, -9999, 70, -9999, 32, 92, -9999, -9999, 24, -9999, -9999, -9999, -9999, 51, -9999, -9999, -9999, 9, -9999, -9999, -9999, -9999, 69, -9999, 26, -9999, -9999],
[70, 17, 80, 5, 63, -9999, -9999, 71, -9999, 98, -9999, 17, 7, -9999, 41, 72, -9999, -9999, 76, -9999, 54, 5, -9999, 98, 32, 34, -9999, -9999, 32, 5, 50, 49, -9999, 11, 23, -9999, 89, 57, 8, -9999, -9999, -9999, -9999, -9999, 75, 71, -9999, 92, 25, 26, -9999, -9999, -9999, 13, -9999, 34, -9999, 92, 52, 83, -9999, -9999, -9999, -9999, -9999, -9999, -9999, -9999, 32, 10, 36, -9999, -9999, 43, -9999, -9999, 77, 6, -9999, 63, 82, 33, -9999, -9999, 70, -9999, -9999, 9, 26, 22, 11, 96, -9999, -9999, -9999, 69, -9999, -9999, -9999, -9999],
[80, 82, -9999, 78, -9999, -9999, -9999, 67, 33, -9999, 32, 98, -9999, -9999, 88, 28, -9999, 95, 74, 80, 18, -9999, 64, 84, -9999, -9999, -9999, -9999, 47, -9999, 16, 58, -9999, 84, -9999, -9999, 60, 10, -9999, -9999, -9999, -9999, -9999, 26, -9999, 28, -9999, 95, 82, 35, -9999, 21, 42, 68, -9999, 99, 35, -9999, -9999, -9999, 75, -9999, -9999, -9999, 39, 8, 87, -9999, 97, 48, -9999, -9999, -9999, -9999, -9999, -9999, 69, 31, 86, -9999, -9999, 70, -9999, -9999, -9999, -9999, 3, -9999, -9999, -9999, -9999, -9999, -9999, -9999, 43, -9999, 39, -9999, -9999, -9999],
[-9999, -9999, 69, 91, 94, -9999, -9999, 72, 71, 45, -9999, 79, 57, -9999, 59, 8, 20, -9999, 79, 1, 95, 25, -9999, -9999, 9, -9999, -9999, -9999, -9999, 23, 99, -9999, 69, -9999, 26, -9999, 44, 29, -9999, -9999, 15, -9999, 66, 70, 5, 35, -9999, 100, 67, 86, -9999, -9999, -9999, -9999, -9999, 20, -9999, -9999, 10, 97, -9999, -9999, 50, -9999, 51, 47, -9999, 92, 4, 99, 28, -9999, -9999, -9999, -9999, -9999, 13, 45, 36, 59, -9999, 44, -9999, 42, 41, -9999, 74, 58, 3, 76, -9999, -9999, -9999, -9999, -9999, 29, 27, 54, 65, -9999],
[30, 62, -9999, 29, 34, 56, -9999, 29, -9999, -9999, 48, 97, -9999, -9999, -9999, -9999, -9999, -9999, 84, 53, 95, -9999, 70, 8, -9999, -9999, -9999, -9999, 27, 46, -9999, -9999, -9999, -9999, -9999, -9999, 86, -9999, 83, -9999, 89, -9999, -9999, 72, 14, 70, -9999, -9999, 18, 1, -9999, -9999, -9999, 34, -9999, 83, -9999, 52, -9999, 81, -9999, -9999, -9999, -9999, -9999, 46, -9999, -9999, 11, -9999, -9999, -9999, 23, -9999, -9999, -9999, 61, 64, 84, -9999, -9999, -9999, -9999, -9999, -9999, -9999, -9999, -9999, -9999, 34, -9999, -9999, -9999, 78, -9999, 13, 29, -9999, -9999, 71],
[44, 68, -9999, 17, 25, 56, -9999, -9999, -9999, -9999, -9999, -9999, -9999, -9999, -9999, 58, -9999, 72, 94, 94, 94, -9999, 69, 97, 32, -9999, -9999, -9999, 61, 83, 74, 80, -9999, 89, -9999, 66, 74, 72, -9999, -9999, 97, -9999, 76, -9999, 65, 10, -9999, -9999, -9999, 96, -9999, 4, -9999, -9999, -9999, -9999, 49, -9999, -9999, 89, 74, -9999, 43, -9999, 18, -9999, -9999, -9999, 36, 23, -9999, -9999, -9999, -9999, -9999, -9999, 82, 52, 13, -9999, -9999, -9999, -9999, -9999, -9999, -9999, 7, 43, -9999, -9999, -9999, -9999, -9999, -9999, 13, 47, 14, -9999, -9999, -9999],
[32, -9999, -9999, 6, 5, 68, -9999, 86, 68, -9999, -9999, 73, -9999, -9999, 21, -9999, -9999, 24, 34, 94, 7, -9999, 38, -9999, 80, -9999, -9999, -9999, -9999, 94, 3, -9999, 3, 96, -9999, -9999, 45, 72, -9999, -9999, 16, 59, 100, 48, -9999, 85, -9999, 12, 43, 66, -9999, -9999, -9999, -9999, -9999, -9999, -9999, 33, -9999, 49, 71, -9999, 17, -9999, -9999, 6, -9999, 96, -9999, 14, -9999, -9999, -9999, -9999, -9999, -9999, -9999, 79, -9999, -9999, -9999, -9999, -9999, -9999, -9999, -9999, 45, 78, -9999, -9999, 43, -9999, -9999, -9999, 95, -9999, -9999, -9999, -9999, -9999],
[22, -9999, -9999, 9, 26, -9999, -9999, 72, 58, -9999, 36, 24, -9999, -9999, 16, -9999, -9999, -9999, 46, 30, 91, -9999, 6, -9999, 75, -9999, -9999, -9999, 76, -9999, -9999, -9999, -9999, -9999, -9999, -9999, 12, 7, -9999, -9999, 76, 48, 4, 19, 94, 65, -9999, 40, -9999, 28, -9999, 82, 21, 40, -9999, -9999, -9999, 24, -9999, 88, 60, -9999, 49, -9999, -9999, -9999, 75, -9999, -9999, -9999, -9999, -9999, -9999, -9999, -9999, -9999, -9999, 75, 5, -9999, -9999, -9999, -9999, -9999, -9999, -9999, -9999, 3, -9999, 8, 75, 17, -9999, -9999, -9999, -9999, 30, 78, -9999, -9999],
[-9999, -9999, -9999, -9999, 36, -9999, -9999, -9999, -9999, -9999, -9999, -9999, -9999, -9999, -9999, -9999, -9999, -9999, -9999, -9999, 38, -9999, -9999, -9999, -9999, -9999, -9999, -9999, -9999, 36, -9999, -9999, -9999, -9999, -9999, -9999, -9999, -9999, -9999, -9999, 6, -9999, -9999, -9999, 16, 60, -9999, -9999, 32, -9999, -9999, -9999, 60, -9999, -9999, -9999, -9999, -9999, -9999, -9999, -9999, -9999, -9999, -9999, -9999, -9999, 80, -9999, -9999, -9999, -9999, -9999, -9999, -9999, -9999, -9999, -9999, 66, -9999, -9999, -9999, -9999, -9999, -9999, -9999, -9999, -9999, -9999, -9999, -9999, 25, -9999, -9999, 97, 13, 78, -9999, 31, -9999, -9999],
[60, 48, -9999, 18, -9999, 2, -9999, 31, 73, -9999, 33, 94, -9999, 10, 2, 71, -9999, 57, 25, 72, 45, -9999, -9999, 27, -9999, -9999, -9999, -9999, -9999, 67, -9999, -9999, -9999, 1, -9999, -9999, -9999, -9999, -9999, 39, 79, 33, -9999, -9999, 68, 21, -9999, 14, 4, 1, 20, 24, 27, -9999, -9999, -9999, 65, 100, -9999, 6, 66, -9999, 42, -9999, 48, -9999, 46, -9999, 12, -9999, -9999, -9999, -9999, -9999, -9999, -9999, 5, 72, -9999, -9999, -9999, 29, -9999, -9999, -9999, -9999, -9999, 58, -9999, -9999, 44, -9999, -9999, 6, -9999, -9999, 28, -9999, -9999, 68],
[-9999, -9999, -9999, -9999, -9999, -9999, -9999, -9999, -9999, -9999, -9999, -9999, -9999, -9999, -9999, 59, -9999, -9999, -9999, -9999, -9999, -9999, -9999, -9999, -9999, -9999, -9999, -9999, -9999, -9999, -9999, -9999, -9999, -9999, -9999, -9999, -9999, -9999, -9999, -9999, -9999, -9999, -9999, -9999, -9999, -9999, -9999, -9999, -9999, -9999, -9999, -9999, -9999, -9999, -9999, -9999, -9999, -9999, -9999, -9999, -9999, -9999, -9999, -9999, -9999, -9999, -9999, -9999, -9999, -9999, -9999, -9999, -9999, -9999, -9999, -9999, -9999, -9999, -9999, -9999, -9999, -9999, -9999, -9999, -9999, -9999, -9999, -9999, -9999, -9999, -9999, -9999, -9999, -9999, -9999, -9999, -9999, -9999, -9999, 96],
[96, 98, 89, 30, 90, 39, -9999, 29, 61, -9999, -9999, 27, 6, -9999, -9999, -9999, 99, -9999, 90, -9999, 71, 68, -9999, 45, -9999, 79, -9999, -9999, 65, 92, -9999, -9999, -9999, -9999, 82, -9999, -9999, -9999, 74, -9999, -9999, 36, 56, -9999, 91, 76, -9999, 49, -9999, 32, -9999, 19, -9999, -9999, 28, -9999, 96, 82, 66, -9999, 64, -9999, -9999, -9999, 60, 21, -9999, -9999, -9999, 25, 92, -9999, -9999, -9999, -9999, -9999, 17, 90, -9999, 45, -9999, -9999, -9999, -9999, 74, -9999, -9999, 91, 70, 35, 88, 46, 16, 76, 41, 63, 54, 86, -9999, -9999],
[-9999, -9999, -9999, 9, -9999, 86, -9999, 15, -9999, -9999, -9999, 79, -9999, -9999, 58, -9999, -9999, 60, 51, 17, 73, -9999, -9999, -9999, -9999, -9999, 75, -9999, 97, 100, -9999, 66, -9999, 83, -9999, -9999, 86, 28, -9999, -9999, 97, -9999, 80, 85, -9999, 66, -9999, 40, 91, 17, -9999, -9999, 7, 44, -9999, 92, 92, -9999, -9999, 98, 32, -9999, -9999, -9999, -9999, 60, 66, -9999, 55, -9999, -9999, -9999, -9999, -9999, -9999, -9999, 77, 70, 92, -9999, -9999, 9, -9999, -9999, -9999, -9999, -9999, 6, -9999, -9999, 43, -9999, -9999, 60, -9999, 77, 30, -9999, -9999, -9999],
[-9999, -9999, -9999, -9999, 6, -9999, -9999, -9999, -9999, -9999, -9999, -9999, -9999, -9999, -9999, 50, -9999, 21, 64, -9999, 24, -9999, 73, -9999, -9999, -9999, -9999, -9999, -9999, 11, -9999, -9999, -9999, -9999, -9999, -9999, -9999, -9999, -9999, -9999, 26, -9999, -9999, -9999, -9999, 7, -9999, -9999, 11, -9999, -9999, -9999, -9999, -9999, -9999, -9999, -9999, -9999, -9999, -9999, -9999, -9999, -9999, -9999, -9999, 8, -9999, -9999, 43, -9999, -9999, -9999, -9999, -9999, -9999, -9999, -9999, 50, -9999, -9999, -9999, -9999, 99, -9999, -9999, -9999, -9999, 63, -9999, -9999, 32, -9999, -9999, 95, 27, 40, -9999, -9999, -9999, -9999],
[-9999, -9999, -9999, -9999, -9999, -9999, -9999, -9999, -9999, -9999, -9999, -9999, -9999, -9999, -9999, -9999, -9999, -9999, -9999, -9999, -9999, -9999, -9999, 55, -9999, -9999, -9999, -9999, 82, -9999, -9999, -9999, -9999, -9999, -9999, -9999, -9999, -9999, -9999, -9999, -9999, -9999, -9999, -9999, -9999, -9999, -9999, -9999, -9999, 81, -9999, -9999, -9999, -9999, -9999, -9999, -9999, -9999, -9999, -9999, -9999, -9999, -9999, -9999, -9999, -9999, -9999, -9999, -9999, -9999, -9999, -9999, -9999, -9999, -9999, -9999, 84, -9999, -9999, -9999, -9999, -9999, -9999, -9999, -9999, -9999, -9999, -9999, -9999, -9999, -9999, -9999, -9999, -9999, -9999, -9999, -9999, -9999, -9999, -9999],
[11, 1, -9999, 61, -9999, 45, -9999, 96, 54, 25, 25, 6, 27, -9999, 64, 62, 23, 91, -9999, 19, 26, 12, 97, -9999, -9999, 25, -9999, -9999, 29, 100, 32, 29, -9999, 9, -9999, -9999, 1, 15, -9999, 27, 52, 32, -9999, -9999, -9999, 81, -9999, 6, -9999, 70, -9999, 66, 28, 63, 19, 33, 24, 48, 70, 47, 70, 64, -9999, -9999, 96, 83, -9999, -9999, -9999, 21, -9999, -9999, 38, 74, -9999, -9999, -9999, 11, 30, -9999, 71, -9999, -9999, -9999, 100, -9999, 11, -9999, 89, -9999, -9999, 88, 52, -9999, 93, -9999, -9999, -9999, -9999, -9999],
[-9999, -9999, -9999, -9999, -9999, -9999, -9999, -9999, -9999, -9999, -9999, -9999, -9999, -9999, -9999, 58, -9999, 65, -9999, -9999, 77, -9999, 26, -9999, -9999, -9999, -9999, -9999, -9999, -9999, -9999, -9999, -9999, -9999, 95, 66, -9999, -9999, -9999, -9999, -9999, -9999, -9999, -9999, 33, 83, -9999, 72, 96, -9999, -9999, -9999, 7, -9999, -9999, -9999, -9999, -9999, -9999, -9999, -9999, -9999, -9999, -9999, -9999, 15, 61, -9999, 50, -9999, -9999, 17, -9999, 16, -9999, -9999, -9999, 66, -9999, -9999, -9999, -9999, -9999, 7, -9999, -9999, -9999, -9999, -9999, 36, 86, -9999, -9999, -9999, -9999, 64, -9999, 59, -9999, -9999],
[50, -9999, -9999, 96, 37, 34, -9999, 25, 19, -9999, 95, 89, -9999, 35, -9999, -9999, -9999, 22, 97, 23, 71, -9999, 79, -9999, 10, -9999, -9999, -9999, 8, -9999, 84, 80, -9999, 70, -9999, -9999, 100, 39, -9999, -9999, 88, -9999, -9999, -9999, 13, 22, -9999, -9999, 11, 20, -9999, -9999, 29, 50, -9999, -9999, -9999, 41, -9999, 62, 39, -9999, -9999, -9999, -9999, 61, 38, -9999, -9999, 40, -9999, 11, -9999, -9999, -9999, -9999, 5, -9999, -9999, -9999, -9999, -9999, -9999, -9999, -9999, -9999, 100, 100, -9999, 74, 5, 47, -9999, -9999, 39, -9999, -9999, -9999, -9999, -9999],
[-9999, -9999, -9999, -9999, -9999, -9999, -9999, -9999, -9999, -9999, -9999, -9999, -9999, -9999, -9999, 52, -9999, 96, 55, -9999, 93, -9999, -9999, -9999, -9999, -9999, -9999, -9999, -9999, 3, -9999, -9999, -9999, -9999, -9999, -9999, -9999, -9999, -9999, -9999, 23, -9999, -9999, 37, -9999, 55, -9999, 7, -9999, -9999, -9999, -9999, 3, -9999, -9999, -9999, -9999, -9999, -9999, -9999, -9999, -9999, -9999, -9999, 17, 2, 20, -9999, -9999, -9999, -9999, -9999, -9999, -9999, -9999, -9999, -9999, 78, -9999, -9999, -9999, -9999, -9999, -9999, -9999, -9999, -9999, 55, -9999, 93, 20, -9999, -9999, -9999, -9999, 61, -9999, -9999, -9999, 29],
[-9999, -9999, -9999, -9999, 93, -9999, -9999, -9999, -9999, -9999, -9999, -9999, -9999, -9999, -9999, 70, -9999, 53, -9999, -9999, 48, 41, 22, -9999, -9999, -9999, -9999, -9999, -9999, -9999, -9999, -9999, -9999, -9999, 15, -9999, -9999, -9999, -9999, -9999, 9, -9999, -9999, -9999, -9999, 96, -9999, 5, 1, -9999, -9999, -9999, -9999, -9999, -9999, -9999, 96, -9999, -9999, -9999, 70, 2, -9999, -9999, 73, -9999, 94, -9999, -9999, -9999, -9999, -9999, -9999, 23, -9999, -9999, -9999, 77, -9999, -9999, -9999, -9999, -9999, -9999, -9999, -9999, -9999, -9999, -9999, -9999, 70, -9999, -9999, 69, 60, -9999, -9999, 55, -9999, -9999],
[34, 95, -9999, 88, -9999, 46, 72, 39, 48, -9999, 54, 4, -9999, -9999, 4, 58, -9999, -9999, 49, 81, 50, -9999, 75, -9999, 37, -9999, 43, -9999, 52, 83, 7, -9999, -9999, -9999, -9999, -9999, 52, 15, 8, -9999, -9999, 37, 14, -9999, 3, 93, -9999, -9999, 29, 41, -9999, -9999, 72, 76, -9999, -9999, 44, -9999, -9999, 98, -9999, -9999, -9999, 93, 82, -9999, -9999, -9999, 86, -9999, -9999, -9999, -9999, -9999, -9999, -9999, 21, 1, 57, -9999, -9999, -9999, -9999, -9999, -9999, -9999, 79, -9999, -9999, -9999, 75, 83, -9999, 8, 81, -9999, -9999, -9999, -9999, -9999],
[-9999, -9999, -9999, -9999, 18, -9999, -9999, -9999, -9999, -9999, -9999, -9999, -9999, -9999, -9999, 99, -9999, 75, -9999, -9999, 93, -9999, 58, -9999, -9999, -9999, 50, -9999, -9999, -9999, -9999, -9999, -9999, -9999, 72, -9999, -9999, -9999, -9999, -9999, 25, -9999, -9999, 32, -9999, 23, -9999, 38, -9999, -9999, -9999, -9999, 58, -9999, -9999, -9999, -9999, -9999, -9999, -9999, 42, 51, -9999, 53, -9999, 8, -9999, -9999, 45, -9999, -9999, -9999, -9999, 63, -9999, -9999, -9999, 48, -9999, -9999, -9999, -9999, -9999, -9999, -9999, -9999, -9999, -9999, -9999, 12, -9999, -9999, -9999, 71, -9999, 13, -9999, 15, -9999, -9999],
[77, 25, -9999, 32, 20, -9999, -9999, -9999, 75, -9999, 54, -9999, -9999, -9999, 73, 3, -9999, 66, -9999, 12, 69, -9999, 25, -9999, 99, -9999, -9999, -9999, -9999, 57, -9999, -9999, -9999, -9999, -9999, -9999, -9999, 17, -9999, -9999, 90, -9999, -9999, -9999, 41, 29, 19, -9999, 84, 37, -9999, 24, 97, 32, -9999, 64, 82, 88, -9999, -9999, 5, -9999, -9999, 29, -9999, -9999, 97, -9999, 21, -9999, -9999, -9999, 64, -9999, -9999, -9999, -9999, 75, -9999, -9999, -9999, 26, -9999, -9999, -9999, -9999, -9999, -9999, -9999, 78, -9999, 100, -9999, -9999, 43, -9999, 56, 75, -9999, -9999],
[97, -9999, -9999, 86, -9999, -9999, -9999, 27, 49, -9999, -9999, 88, -9999, -9999, 27, -9999, -9999, 14, 34, 42, 51, -9999, -9999, 94, 11, -9999, 73, -9999, -9999, 50, 76, -9999, -9999, 15, -9999, -9999, 98, 83, 23, -9999, -9999, 60, -9999, -9999, -9999, 5, 53, 84, 62, 61, -9999, 53, 69, 48, -9999, -9999, 12, 67, -9999, 60, -9999, -9999, 88, -9999, -9999, 72, -9999, -9999, 45, 78, -9999, -9999, -9999, -9999, -9999, -9999, -9999, 80, -9999, -9999, 97, -9999, -9999, -9999, -9999, 36, 7, -9999, -9999, 11, -9999, 65, -9999, 35, 43, -9999, 98, -9999, -9999, -9999],
[-9999, -9999, -9999, 78, -9999, -9999, -9999, 33, -9999, -9999, 70, 30, -9999, -9999, -9999, 84, -9999, 13, -9999, 82, 65, -9999, -9999, 77, 92, -9999, -9999, -9999, 41, -9999, -9999, 94, 36, -9999, -9999, -9999, 20, 21, 75, -9999, 22, -9999, -9999, 67, 77, 81, -9999, -9999, 67, 84, -9999, -9999, -9999, -9999, -9999, 28, -9999, -9999, -9999, -9999, 22, -9999, 47, 89, 80, 68, 2, -9999, 27, 88, -9999, -9999, -9999, -9999, -9999, -9999, -9999, 16, 43, -9999, 54, -9999, -9999, -9999, -9999, -9999, 68, 88, -9999, 40, 50, 51, -9999, -9999, -9999, 45, 27, 29, -9999, -9999],
[-9999, 32, -9999, 83, -9999, -9999, -9999, 22, -9999, -9999, 82, -9999, -9999, -9999, 92, 64, -9999, 48, 33, 74, 4, -9999, -9999, 85, -9999, -9999, -9999, -9999, 42, -9999, -9999, 84, -9999, -9999, -9999, -9999, 77, 87, -9999, -9999, 26, -9999, 1, 48, 65, 100, -9999, -9999, 20, 76, -9999, 23, 49, 13, -9999, -9999, 32, 70, -9999, 25, -9999, -9999, -9999, 72, 12, -9999, 66, -9999, 80, 12, -9999, -9999, 5, -9999, -9999, -9999, 16, 100, 12, -9999, -9999, 80, -9999, -9999, -9999, -9999, -9999, -9999, -9999, -9999, -9999, 92, -9999, -9999, 4, -9999, 75, -9999, -9999, -9999],
[-9999, 48, -9999, 5, 99, 47, -9999, 57, 47, -9999, 29, 52, -9999, -9999, 48, -9999, -9999, 29, 93, 70, 51, -9999, 14, 1, 22, -9999, -9999, -9999, -9999, 37, 75, -9999, -9999, 4, -9999, -9999, 56, 88, 58, -9999, -9999, -9999, 39, 21, 47, 45, 78, 67, -9999, 40, -9999, -9999, 68, 23, -9999, -9999, -9999, 91, -9999, -9999, 53, -9999, 90, -9999, 34, -9999, 10, -9999, -9999, -9999, -9999, -9999, -9999, -9999, -9999, -9999, 49, 2, -9999, -9999, -9999, 8, -9999, -9999, -9999, -9999, -9999, -9999, -9999, 100, 2, 33, -9999, -9999, -9999, -9999, 6, -9999, -9999, -9999],
[14, 58, -9999, 21, -9999, 36, -9999, 80, 10, -9999, -9999, -9999, -9999, -9999, -9999, -9999, -9999, -9999, 10, -9999, 100, -9999, 92, -9999, 28, -9999, -9999, -9999, -9999, -9999, -9999, -9999, 41, -9999, -9999, -9999, -9999, -9999, -9999, -9999, -9999, -9999, -9999, 75, 58, 96, -9999, -9999, -9999, 26, -9999, -9999, 25, -9999, -9999, 63, 35, 44, -9999, 66, -9999, -9999, -9999, -9999, 72, 22, 23, -9999, -9999, 41, -9999, -9999, 47, -9999, -9999, -9999, 8, 51, 15, -9999, 9, -9999, 19, -9999, -9999, -9999, 22, -9999, -9999, 98, 75, 38, -9999, -9999, 26, 63, -9999, -9999, -9999, -9999],
[-9999, -9999, -9999, -9999, -9999, -9999, -9999, -9999, -9999, -9999, -9999, -9999, -9999, -9999, -9999, -9999, -9999, -9999, 2, -9999, 67, 53, 52, -9999, -9999, -9999, -9999, -9999, -9999, 58, -9999, -9999, -9999, -9999, 1, -9999, -9999, -9999, -9999, -9999, 51, -9999, -9999, 60, -9999, 76, -9999, 50, 27, -9999, -9999, -9999, 27, -9999, -9999, -9999, 39, -9999, -9999, -9999, 60, -9999, -9999, -9999, 30, -9999, 22, -9999, 40, -9999, -9999, -9999, -9999, 90, -9999, -9999, -9999, 27, -9999, -9999, -9999, -9999, -9999, 32, -9999, -9999, -9999, -9999, -9999, -9999, 83, -9999, -9999, 64, 50, -9999, -9999, 82, -9999, -9999],
[18, 55, -9999, 93, -9999, 13, -9999, -9999, 83, -9999, 79, 61, -9999, -9999, 44, 75, -9999, 60, 95, 97, 43, -9999, -9999, -9999, 72, -9999, -9999, -9999, 3, 23, 51, 20, -9999, 84, -9999, -9999, 77, -9999, -9999, -9999, 37, 9, 28, 35, -9999, 82, -9999, 59, -9999, 83, -9999, 22, -9999, 11, -9999, 17, -9999, -9999, -9999, -9999, 3, -9999, -9999, -9999, 12, -9999, 62, -9999, 97, 58, -9999, -9999, -9999, -9999, -9999, -9999, -9999, 59, -9999, -9999, -9999, 86, -9999, -9999, -9999, -9999, -9999, -9999, -9999, -9999, 93, 72, -9999, -9999, -9999, 87, 90, -9999, -9999, -9999],
[3, 78, -9999, 66, 42, 57, -9999, 77, -9999, -9999, 60, 17, -9999, -9999, -9999, 36, -9999, -9999, -9999, -9999, 20, -9999, -9999, -9999, 55, -9999, -9999, -9999, 43, 92, 2, -9999, -9999, 69, -9999, -9999, 9, -9999, -9999, -9999, -9999, 9, -9999, 67, -9999, 96, -9999, -9999, -9999, 43, -9999, 84, 85, 75, -9999, 77, 25, 68, -9999, -9999, -9999, -9999, -9999, 15, -9999, -9999, 13, -9999, 99, -9999, -9999, -9999, -9999, -9999, -9999, -9999, 33, 99, 40, -9999, -9999, -9999, 79, -9999, -9999, -9999, -9999, -9999, -9999, -9999, -9999, 33, -9999, -9999, -9999, 12, 58, -9999, -9999, -9999],
[82, 91, -9999, 67, 81, -9999, -9999, 96, -9999, -9999, 76, 65, -9999, -9999, 43, -9999, -9999, 61, -9999, 10, 58, -9999, 97, -9999, 14, -9999, -9999, -9999, -9999, 60, -9999, 37, -9999, 14, -9999, -9999, 15, 77, 28, -9999, 18, 93, -9999, 43, 47, 64, -9999, 34, 76, -9999, -9999, 5, 98, -9999, -9999, 71, 65, 73, -9999, -9999, 47, -9999, -9999, -9999, 25, -9999, 29, -9999, 20, 83, -9999, -9999, -9999, -9999, -9999, -9999, 8, 53, -9999, -9999, -9999, -9999, -9999, -9999, -9999, -9999, -9999, -9999, -9999, -9999, 18, -9999, -9999, 44, 29, 37, 61, 84, -9999, 67],
[-9999, -9999, -9999, -9999, 55, -9999, -9999, -9999, -9999, -9999, -9999, -9999, -9999, -9999, -9999, 67, -9999, -9999, 64, -9999, 76, -9999, -9999, -9999, -9999, -9999, -9999, -9999, -9999, -9999, -9999, -9999, -9999, -9999, -9999, -9999, -9999, -9999, -9999, -9999, -9999, -9999, -9999, 15, 87, 88, -9999, 13, 90, -9999, -9999, -9999, -9999, -9999, -9999, -9999, -9999, -9999, -9999, -9999, 73, -9999, -9999, -9999, -9999, -9999, 47, -9999, 26, -9999, -9999, -9999, -9999, -9999, -9999, -9999, -9999, 94, -9999, -9999, -9999, -9999, -9999, -9999, -9999, -9999, -9999, 67, -9999, -9999, 4, -9999, -9999, 6, 1, -9999, -9999, 51, -9999, -9999],
[-9999, -9999, -9999, -9999, -9999, -9999, -9999, -9999, -9999, -9999, -9999, -9999, -9999, -9999, -9999, 27, -9999, -9999, -9999, -9999, -9999, -9999, -9999, -9999, -9999, -9999, -9999, -9999, -9999, -9999, -9999, -9999, -9999, -9999, -9999, -9999, -9999, -9999, -9999, -9999, -9999, -9999, -9999, -9999, -9999, -9999, -9999, -9999, -9999, -9999, -9999, -9999, -9999, -9999, -9999, -9999, -9999, -9999, -9999, -9999, -9999, -9999, -9999, 81, -9999, -9999, -9999, -9999, -9999, -9999, -9999, -9999, -9999, -9999, -9999, -9999, -9999, -9999, -9999, -9999, -9999, -9999, -9999, -9999, -9999, -9999, -9999, -9999, -9999, -9999, -9999, -9999, -9999, -9999, -9999, -9999, -9999, -9999, -9999, -9999],
[-9999, 29, 50, 82, 54, -9999, 10, 65, 95, 32, -9999, -9999, 50, -9999, 15, 98, -9999, 69, -9999, 49, 72, -9999, -9999, -9999, -9999, -9999, -9999, -9999, -9999, -9999, -9999, -9999, -9999, -9999, -9999, -9999, -9999, 62, 64, -9999, -9999, 53, 29, 54, 91, -9999, -9999, 16, 87, 89, -9999, 100, 32, 90, -9999, -9999, 81, -9999, -9999, 42, 43, -9999, 24, -9999, 13, 18, 45, -9999, 6, -9999, 66, -9999, -9999, -9999, -9999, -9999, 91, 13, -9999, 17, -9999, 19, 39, 80, 16, -9999, -9999, -9999, 70, -9999, 3, -9999, -9999, -9999, -9999, 30, -9999, 31, -9999, -9999],
[-9999, 39, -9999, 69, 71, 46, -9999, -9999, 78, -9999, 85, -9999, -9999, -9999, 8, -9999, -9999, 22, 53, 10, 75, -9999, 64, 81, -9999, -9999, -9999, -9999, 39, 44, 18, 56, -9999, 83, -9999, -9999, 42, 17, 42, -9999, -9999, 59, 31, -9999, -9999, 35, -9999, 14, 45, 37, -9999, -9999, -9999, -9999, -9999, 38, -9999, 85, -9999, 78, 40, -9999, -9999, -9999, -9999, 53, 40, -9999, -9999, -9999, -9999, -9999, -9999, -9999, -9999, -9999, 42, -9999, 36, -9999, -9999, 100, -9999, -9999, -9999, -9999, -9999, 92, -9999, -9999, 67, 60, -9999, 90, -9999, -9999, 95, -9999, -9999, -9999],
[69, -9999, -9999, 55, 74, 44, -9999, 8, 11, 35, 15, 53, 99, -9999, 16, 86, 63, -9999, -9999, 23, 70, -9999, 68, 14, -9999, -9999, -9999, -9999, 89, 9, 49, 39, -9999, -9999, 35, -9999, 40, 35, 43, -9999, -9999, 86, -9999, 68, 1, 22, -9999, -9999, 10, 4, -9999, 45, -9999, 96, -9999, 44, 27, 63, 86, -9999, 91, 77, -9999, -9999, -9999, 14, -9999, -9999, 35, -9999, 45, -9999, -9999, -9999, -9999, -9999, 9, 16, -9999, -9999, -9999, -9999, -9999, 95, 87, -9999, 55, 68, 90, 14, -9999, 65, -9999, -9999, -9999, 43, -9999, 84, -9999, -9999],
[-9999, -9999, -9999, -9999, 17, -9999, -9999, -9999, -9999, -9999, -9999, -9999, -9999, -9999, -9999, -9999, -9999, 74, 36, -9999, 23, -9999, -9999, -9999, -9999, -9999, -9999, -9999, -9999, 31, -9999, -9999, -9999, -9999, -9999, 15, -9999, -9999, -9999, -9999, -9999, -9999, -9999, 19, -9999, 2, -9999, 93, 74, -9999, -9999, -9999, -9999, -9999, -9999, -9999, 73, -9999, -9999, -9999, 86, -9999, -9999, -9999, 91, 5, -9999, -9999, 97, -9999, -9999, -9999, -9999, -9999, -9999, -9999, -9999, 91, -9999, -9999, -9999, -9999, -9999, -9999, -9999, -9999, -9999, 5, -9999, 59, -9999, -9999, -9999, -9999, 59, -9999, -9999, -9999, -9999, -9999],
[-9999, -9999, -9999, -9999, 100, -9999, -9999, -9999, -9999, -9999, -9999, -9999, -9999, -9999, -9999, -9999, -9999, 72, -9999, -9999, 28, -9999, -9999, -9999, -9999, -9999, -9999, -9999, -9999, -9999, -9999, -9999, -9999, -9999, -9999, -9999, -9999, -9999, -9999, -9999, -9999, -9999, -9999, -9999, 35, 43, -9999, -9999, -9999, -9999, -9999, -9999, 63, -9999, -9999, -9999, 33, -9999, -9999, -9999, 41, -9999, -9999, -9999, 16, 85, 80, -9999, -9999, -9999, -9999, -9999, -9999, -9999, -9999, -9999, -9999, 3, -9999, -9999, -9999, -9999, -9999, -9999, -9999, -9999, -9999, 98, -9999, -9999, 10, -9999, -9999, 29, 99, -9999, -9999, -9999, -9999, -9999],
[-9999, -9999, -9999, -9999, -9999, -9999, -9999, -9999, -9999, -9999, -9999, -9999, -9999, -9999, -9999, 6, -9999, -9999, 80, -9999, 48, -9999, -9999, -9999, -9999, -9999, -9999, -9999, -9999, 13, -9999, -9999, -9999, -9999, -9999, -9999, -9999, -9999, -9999, -9999, 81, -9999, -9999, 67, 53, 37, -9999, 87, 43, -9999, -9999, -9999, -9999, -9999, -9999, -9999, 4, -9999, -9999, -9999, 37, -9999, -9999, -9999, -9999, 7, 81, -9999, 87, -9999, -9999, 32, -9999, -9999, -9999, -9999, -9999, 64, -9999, -9999, -9999, -9999, -9999, -9999, -9999, -9999, -9999, 95, -9999, 51, 20, -9999, -9999, 9, 60, 85, -9999, -9999, -9999, -9999]
];
