NbNodes = 100;
NbNDDs = 0;
NbPairs = 100;
NbTerminals = 0;
K = 0;
L = 102;
Wt = [
[-9999, -9999, -9999, -9999, -9999, -9999, -9999, -9999, -9999, -9999, -9999, -9999, -9999, -9999, -9999, 41, -9999, -9999, -9999, 82, -9999, -9999, -9999, -9999, -9999, -9999, 25, -9999, -9999, -9999, 46, -9999, -9999, -9999, -9999, -9999, -9999, -9999, 88, 42, -9999, -9999, -9999, -9999, 73, -9999, 54, -9999, -9999, -9999, 45, -9999, -9999, 13, -9999, -9999, -9999, -9999, -9999, -9999, 69, -9999, -9999, -9999, -9999, 99, 26, -9999, -9999, 41, -9999, -9999, -9999, 14, -9999, -9999, -9999, 86, -9999, -9999, -9999, -9999, -9999, -9999, 97, 40, -9999, -9999, 43, -9999, -9999, -9999, -9999, 94, 71, -9999, -9999, -9999, 46, -9999],
[-9999, -9999, -9999, -9999, -9999, -9999, -9999, -9999, -9999, -9999, -9999, 61, -9999, -9999, -9999, 81, -9999, -9999, -9999, -9999, -9999, -9999, -9999, -9999, -9999, 37, 45, -9999, -9999, -9999, 48, -9999, -9999, -9999, -9999, -9999, -9999, -9999, 58, 25, -9999, -9999, -9999, -9999, 37, -9999, 43, -9999, -9999, -9999, 74, -9999, -9999, -9999, -9999, -9999, -9999, -9999, -9999, -9999, -9999, -9999, -9999, -9999, -9999, -9999, -9999, -9999, -9999, 98, -9999, -9999, -9999, -9999, -9999, -9999, -9999, 25, -9999, 38, -9999, 60, -9999, -9999, -9999, 30, 87, -9999, -9999, -9999, -9999, -9999, -9999, 36, -9999, -9999, -9999, -9999, -9999, 78],
[-9999, -9999, -9999, -9999, 45, -9999, 60, -9999, 77, 61, 17, 40, 36, 51, -9999, 79, 60, 84, -9999, -9999, -9999, 49, -9999, -9999, 43, -9999, 45, -9999, 83, -9999, -9999, -9999, 36, -9999, 57, 27, -9999, 95, 39, 56, -9999, -9999, 78, -9999, 44, -9999, 83, -9999, -9999, -9999, -9999, 66, 29, -9999, 80, -9999, -9999, -9999, -9999, 30, -9999, -9999, 34, -9999, -9999, -9999, -9999, 6, -9999, -9999, -9999, -9999, 64, 99, -9999, -9999, -9999, -9999, 89, -9999, 90, -9999, 14, 86, 39, -9999, 82, -9999, -9999, -9999, 73, -9999, -9999, 12, -9999, 55, -9999, 84, 95, -9999],
[47, -9999, -9999, -9999, -9999, 56, -9999, -9999, -9999, -9999, 15, 14, 73, -9999, -9999, 94, -9999, -9999, -9999, -9999, -9999, -9999, 67, -9999, -9999, -9999, 57, 26, -9999, -9999, -9999, 78, -9999, 53, -9999, 36, -9999, -9999, 7, 25, -9999, -9999, 80, -9999, 76, -9999, -9999, -9999, -9999, -9999, -9999, 36, 91, 67, 5, 23, -9999, 51, -9999, 9, -9999, -9999, -9999, -9999, -9999, -9999, 54, 73, 6, -9999, -9999, 89, 93, 61, -9999, -9999, -9999, 100, -9999, -9999, -9999, -9999, 21, -9999, -9999, 60, -9999, -9999, 34, -9999, 83, -9999, -9999, 89, 90, -9999, 41, -9999, -9999, 92],
[12, -9999, 46, 27, -9999, -9999, 17, -9999, -9999, -9999, 93, -9999, 34, -9999, 12, 59, 69, 82, -9999, -9999, -9999, 94, -9999, -9999, -9999, -9999, -9999, -9999, -9999, -9999, 34, -9999, -9999, -9999, 46, 65, 67, -9999, 17, 30, -9999, -9999, 18, -9999, 27, 48, -9999, -9999, -9999, -9999, -9999, 41, 90, -9999, 24, 20, 66, 49, -9999, 22, -9999, -9999, -9999, -9999, -9999, -9999, 63, -9999, -9999, -9999, -9999, 2, -9999, -9999, -9999, -9999, -9999, -9999, -9999, 79, -9999, -9999, 27, -9999, -9999, 88, 73, -9999, -9999, 99, 23, -9999, -9999, -9999, -9999, -9999, -9999, -9999, 37, -9999],
[-9999, -9999, -9999, -9999, -9999, -9999, -9999, -9999, -9999, -9999, -9999, -9999, -9999, -9999, 27, 58, -9999, -9999, -9999, -9999, -9999, -9999, -9999, -9999, -9999, 81, 64, -9999, -9999, -9999, 76, 62, -9999, -9999, -9999, -9999, -9999, -9999, 62, 90, -9999, -9999, -9999, -9999, 79, -9999, 22, -9999, -9999, -9999, -9999, -9999, -9999, 64, -9999, -9999, -9999, -9999, -9999, -9999, 72, -9999, -9999, -9999, -9999, -9999, 57, -9999, -9999, 63, -9999, -9999, -9999, -9999, -9999, -9999, -9999, 60, -9999, -9999, -9999, -9999, -9999, -9999, -9999, -9999, 14, -9999, -9999, -9999, -9999, -9999, -9999, 16, 72, -9999, -9999, -9999, 67, -9999],
[20, -9999, -9999, -9999, 38, -9999, -9999, -9999, -9999, -9999, 93, 94, 77, -9999, -9999, 47, 69, 21, -9999, -9999, -9999, -9999, -9999, -9999, 12, 72, -9999, -9999, 3, -9999, 86, -9999, -9999, 93, -9999, 74, -9999, -9999, 87, -9999, -9999, -9999, 78, -9999, 62, -9999, 23, -9999, -9999, -9999, -9999, 98, 22, 44, 56, 41, -9999, -9999, -9999, -9999, 96, -9999, -9999, -9999, -9999, -9999, 46, 93, 98, -9999, -9999, -9999, -9999, -9999, -9999, -9999, 38, 78, 10, -9999, -9999, -9999, 51, -9999, -9999, -9999, 39, -9999, -9999, -9999, 69, -9999, -9999, -9999, 31, -9999, -9999, -9999, 20, 47],
[-9999, -9999, -9999, -9999, -9999, -9999, -9999, -9999, -9999, -9999, -9999, 3, -9999, -9999, -9999, 21, -9999, -9999, -9999, -9999, -9999, -9999, -9999, -9999, -9999, -9999, -9999, -9999, -9999, -9999, -9999, 42, -9999, -9999, -9999, -9999, -9999, -9999, 84, 47, -9999, -9999, -9999, -9999, 74, -9999, -9999, -9999, -9999, -9999, 28, -9999, -9999, -9999, -9999, -9999, -9999, -9999, -9999, -9999, 25, -9999, -9999, -9999, -9999, -9999, 92, -9999, -9999, 24, -9999, -9999, -9999, 89, -9999, -9999, -9999, -9999, -9999, 75, -9999, 13, -9999, -9999, -9999, 18, 73, -9999, 4, -9999, -9999, -9999, -9999, 21, -9999, -9999, -9999, -9999, 77, -9999],
[34, -9999, 83, -9999, 18, -9999, -9999, -9999, -9999, -9999, 3, 81, 35, -9999, 22, 20, 73, -9999, -9999, -9999, -9999, 31, -9999, -9999, 89, -9999, 93, -9999, -9999, -9999, -9999, 79, -9999, -9999, 98, 50, -9999, -9999, 65, 27, -9999, -9999, 50, -9999, 38, -9999, -9999, -9999, -9999, -9999, 63, 22, 55, -9999, 94, 31, -9999, -9999, -9999, 45, 33, -9999, -9999, 28, -9999, -9999, 3, 48, 58, 47, -9999, -9999, 20, -9999, -9999, -9999, -9999, -9999, 100, -9999, -9999, -9999, 96, -9999, -9999, -9999, 15, -9999, 100, 19, -9999, 21, -9999, -9999, 11, -9999, 73, -9999, 57, -9999],
[-9999, -9999, -9999, -9999, -9999, -9999, -9999, -9999, -9999, -9999, -9999, 77, -9999, 2, -9999, 17, -9999, -9999, -9999, 25, -9999, -9999, -9999, -9999, -9999, 15, 35, -9999, -9999, -9999, 45, -9999, -9999, -9999, -9999, -9999, 63, -9999, 6, 40, -9999, -9999, -9999, -9999, 72, -9999, 55, -9999, -9999, -9999, 8, -9999, -9999, -9999, -9999, -9999, -9999, -9999, -9999, -9999, 81, -9999, -9999, -9999, -9999, 18, 76, -9999, -9999, 11, -9999, -9999, -9999, 91, -9999, -9999, -9999, -9999, -9999, -9999, -9999, -9999, -9999, -9999, -9999, -9999, 30, -9999, 72, -9999, -9999, -9999, -9999, 68, -9999, -9999, -9999, -9999, -9999, 21],
[8, -9999, 33, -9999, -9999, -9999, 35, -9999, -9999, -9999, -9999, 75, 89, -9999, 68, -9999, -9999, -9999, 82, -9999, -9999, -9999, 4, -9999, -9999, -9999, -9999, -9999, -9999, -9999, 33, -9999, 44, 63, 81, 30, -9999, -9999, 55, 47, -9999, -9999, -9999, -9999, 13, -9999, 50, -9999, -9999, -9999, -9999, 42, 61, -9999, 24, 25, 87, -9999, 28, 47, 28, -9999, -9999, 12, -9999, -9999, 94, 59, 3, 28, -9999, 53, 27, 14, -9999, 10, -9999, 44, 31, 1, -9999, -9999, 100, -9999, 97, 8, 95, -9999, -9999, -9999, 64, -9999, -9999, -9999, -9999, -9999, -9999, -9999, -9999, -9999],
[9, -9999, -9999, -9999, 11, -9999, -9999, -9999, -9999, -9999, 45, -9999, -9999, -9999, -9999, 5, 54, 55, -9999, 76, -9999, -9999, -9999, -9999, -9999, 100, 93, -9999, -9999, -9999, 8, 92, -9999, -9999, 7, 28, -9999, -9999, 43, 25, -9999, -9999, -9999, -9999, 22, -9999, 73, -9999, -9999, -9999, -9999, 42, 82, 36, 91, -9999, 36, 52, -9999, 74, -9999, -9999, -9999, 27, -9999, -9999, -9999, 98, -9999, 16, -9999, 34, 79, 44, -9999, -9999, -9999, 84, 90, -9999, -9999, -9999, 53, -9999, -9999, 73, -9999, -9999, -9999, -9999, -9999, -9999, -9999, -9999, 35, -9999, -9999, 98, -9999, -9999],
[-9999, -9999, -9999, -9999, -9999, -9999, -9999, -9999, -9999, -9999, -9999, -9999, -9999, -9999, -9999, -9999, -9999, -9999, -9999, 85, -9999, -9999, -9999, -9999, -9999, 22, -9999, -9999, -9999, -9999, 23, 83, -9999, -9999, -9999, -9999, -9999, -9999, 74, 39, -9999, -9999, -9999, -9999, 69, -9999, 75, -9999, -9999, -9999, -9999, -9999, -9999, 34, -9999, -9999, -9999, -9999, -9999, -9999, 52, -9999, -9999, -9999, -9999, -9999, -9999, -9999, -9999, 45, -9999, -9999, -9999, -9999, -9999, -9999, -9999, 76, -9999, 12, -9999, -9999, -9999, -9999, -9999, 15, 26, -9999, -9999, -9999, -9999, -9999, -9999, 17, -9999, -9999, -9999, -9999, 57, 17],
[-9999, -9999, -9999, -9999, -9999, -9999, 48, -9999, -9999, -9999, 6, -9999, 34, -9999, 58, -9999, 76, -9999, -9999, 89, -9999, 26, -9999, -9999, -9999, 64, -9999, -9999, 51, -9999, 7, 11, -9999, -9999, 81, 81, -9999, -9999, -9999, -9999, -9999, -9999, 72, 61, 44, -9999, -9999, -9999, -9999, -9999, 11, 71, 98, -9999, 89, -9999, -9999, -9999, -9999, 87, -9999, -9999, -9999, 36, -9999, -9999, 29, 60, -9999, 14, -9999, 66, -9999, 56, 93, -9999, -9999, 88, 87, 36, -9999, -9999, -9999, -9999, -9999, 37, 50, -9999, 72, -9999, 59, 21, -9999, -9999, -9999, -9999, -9999, 12, 23, 43],
[98, -9999, -9999, -9999, 45, -9999, -9999, -9999, -9999, -9999, 52, -9999, 22, -9999, -9999, -9999, 93, -9999, -9999, -9999, 51, -9999, -9999, -9999, 92, 86, -9999, -9999, -9999, -9999, 35, 25, 4, -9999, -9999, 9, -9999, -9999, -9999, -9999, -9999, -9999, 13, -9999, 31, -9999, 69, -9999, -9999, -9999, 57, 53, 62, -9999, 52, -9999, 12, 16, 54, 100, 40, -9999, -9999, -9999, -9999, -9999, 79, -9999, -9999, -9999, -9999, -9999, 31, 46, 84, -9999, -9999, 44, 53, 67, -9999, -9999, -9999, -9999, -9999, 34, -9999, -9999, 53, -9999, -9999, -9999, -9999, 12, -9999, -9999, -9999, 29, 29, 57],
[15, -9999, -9999, -9999, 18, -9999, 21, -9999, -9999, -9999, 30, 98, 9, -9999, 37, -9999, 61, -9999, -9999, 60, -9999, -9999, -9999, -9999, -9999, 65, -9999, -9999, -9999, -9999, 66, -9999, 24, -9999, -9999, 5, 78, -9999, 30, 15, -9999, -9999, 55, -9999, 93, -9999, 64, -9999, -9999, -9999, -9999, 29, 39, -9999, 71, 3, 61, 80, -9999, 9, 25, -9999, -9999, -9999, -9999, -9999, -9999, -9999, -9999, -9999, -9999, 6, -9999, 68, -9999, -9999, -9999, -9999, -9999, -9999, -9999, -9999, 35, -9999, -9999, -9999, -9999, -9999, 13, -9999, 83, 61, -9999, -9999, -9999, -9999, -9999, 15, 55, -9999],
[10, -9999, 14, 71, 61, -9999, 7, -9999, -9999, -9999, -9999, -9999, 57, -9999, 46, 65, -9999, -9999, -9999, 66, -9999, 40, -9999, -9999, 35, -9999, -9999, 47, -9999, -9999, -9999, 56, 3, -9999, -9999, 11, -9999, -9999, 41, -9999, -9999, -9999, -9999, -9999, 29, -9999, -9999, -9999, -9999, -9999, 99, 30, 20, -9999, 74, -9999, 39, 72, 76, 27, 8, -9999, -9999, -9999, -9999, -9999, 68, -9999, 91, 12, -9999, 99, 40, 82, -9999, -9999, -9999, 56, -9999, -9999, -9999, -9999, 12, -9999, -9999, 43, 38, -9999, -9999, -9999, -9999, 10, -9999, 82, 38, -9999, -9999, -9999, 96, 27],
[-9999, -9999, -9999, -9999, -9999, -9999, -9999, -9999, -9999, -9999, -9999, 96, -9999, -9999, 88, -9999, -9999, -9999, -9999, -9999, -9999, -9999, -9999, -9999, -9999, 68, 25, -9999, -9999, -9999, 4, -9999, -9999, -9999, -9999, -9999, -9999, -9999, 62, -9999, -9999, -9999, -9999, -9999, 55, -9999, 56, -9999, -9999, -9999, 67, -9999, -9999, 7, -9999, -9999, -9999, -9999, -9999, -9999, 73, -9999, -9999, -9999, -9999, -9999, -9999, -9999, -9999, -9999, -9999, -9999, -9999, 93, -9999, -9999, -9999, 65, -9999, 21, -9999, -9999, -9999, -9999, 51, 62, -9999, -9999, -9999, -9999, -9999, -9999, -9999, -9999, -9999, -9999, -9999, -9999, 72, -9999],
[90, 19, -9999, -9999, 5, -9999, 28, -9999, 43, 49, 36, 33, 53, 34, -9999, 20, -9999, -9999, -9999, -9999, -9999, 49, -9999, 33, -9999, -9999, -9999, -9999, -9999, -9999, 37, -9999, 99, -9999, -9999, 52, -9999, 47, 64, 72, -9999, -9999, 14, -9999, 5, -9999, -9999, -9999, -9999, -9999, 26, 72, 2, -9999, 3, 42, -9999, 72, 86, 55, -9999, -9999, 22, -9999, 35, -9999, 34, -9999, -9999, -9999, -9999, -9999, -9999, 61, -9999, -9999, -9999, -9999, 8, -9999, 65, 33, -9999, 46, -9999, 15, 24, -9999, 48, -9999, -9999, 86, -9999, 18, -9999, 100, -9999, 38, 1, 62],
[-9999, -9999, -9999, -9999, -9999, -9999, -9999, -9999, -9999, -9999, -9999, -9999, -9999, -9999, 11, 60, -9999, -9999, 23, -9999, -9999, -9999, -9999, -9999, -9999, 33, 59, -9999, -9999, -9999, 42, 55, -9999, -9999, -9999, -9999, -9999, -9999, 19, 75, -9999, -9999, -9999, -9999, 91, -9999, 36, -9999, -9999, -9999, -9999, -9999, -9999, 47, -9999, -9999, -9999, -9999, -9999, -9999, 61, -9999, -9999, -9999, -9999, -9999, -9999, -9999, -9999, -9999, -9999, -9999, -9999, 52, -9999, -9999, -9999, 28, -9999, 86, -9999, -9999, -9999, -9999, -9999, -9999, 90, -9999, 12, -9999, -9999, -9999, -9999, 5, -9999, -9999, 2, -9999, 13, 95],
[35, -9999, -9999, 73, 52, -9999, -9999, -9999, -9999, -9999, 66, -9999, 15, -9999, -9999, -9999, 32, 49, 28, 52, -9999, 77, -9999, -9999, -9999, 6, 43, -9999, -9999, -9999, -9999, 80, -9999, -9999, -9999, 52, -9999, -9999, 48, 87, -9999, -9999, -9999, 25, 45, -9999, -9999, -9999, -9999, -9999, -9999, 41, 42, 72, 12, -9999, 47, 21, -9999, -9999, 73, -9999, -9999, 31, -9999, -9999, 76, 48, 40, 36, -9999, 66, 61, -9999, -9999, -9999, -9999, -9999, 54, 9, -9999, -9999, 26, -9999, -9999, 56, -9999, -9999, 61, 33, 54, -9999, -9999, -9999, -9999, -9999, 59, -9999, 18, 65],
[16, -9999, 1, -9999, 87, -9999, 85, -9999, -9999, -9999, 80, 84, 71, -9999, 9, 69, 9, -9999, -9999, -9999, -9999, -9999, -9999, -9999, 14, -9999, -9999, -9999, -9999, -9999, -9999, 82, -9999, 65, 77, 58, -9999, -9999, 64, -9999, -9999, -9999, 67, 35, 23, -9999, 9, -9999, -9999, -9999, 3, 24, 38, 71, 61, 16, -9999, 65, 87, 40, -9999, -9999, -9999, 87, -9999, -9999, 25, -9999, -9999, 2, -9999, 61, -9999, -9999, -9999, -9999, -9999, -9999, 13, -9999, -9999, -9999, 49, -9999, -9999, -9999, 48, -9999, -9999, -9999, -9999, 51, -9999, -9999, 65, -9999, -9999, -9999, 44, 24],
[16, -9999, 65, -9999, 40, -9999, -9999, -9999, -9999, -9999, -9999, -9999, 42, -9999, 23, 66, 2, 46, -9999, 65, -9999, 36, -9999, -9999, 80, 86, 33, -9999, -9999, -9999, 38, -9999, 6, -9999, 88, 55, -9999, -9999, 15, 80, -9999, -9999, -9999, -9999, 72, -9999, 43, -9999, -9999, -9999, -9999, 35, 4, -9999, 13, 42, -9999, -9999, 2, -9999, 50, -9999, -9999, 49, -9999, -9999, -9999, 72, -9999, 22, -9999, 56, 73, 66, -9999, -9999, -9999, -9999, 47, -9999, -9999, -9999, 88, -9999, -9999, 1, 55, -9999, 46, -9999, 15, 49, -9999, -9999, 31, -9999, -9999, -9999, -9999, 15],
[18, -9999, 98, 75, 76, -9999, 30, 53, 10, 90, 71, -9999, 67, 16, -9999, -9999, 49, 57, -9999, -9999, -9999, 68, -9999, -9999, 79, -9999, 75, -9999, -9999, 54, -9999, -9999, -9999, 62, 43, 31, -9999, 36, 32, 81, -9999, -9999, 3, -9999, 35, -9999, -9999, -9999, -9999, -9999, 87, 38, 84, 63, 9, 34, 12, 76, -9999, 58, 39, -9999, 53, -9999, -9999, -9999, 23, -9999, -9999, -9999, 87, 76, 64, 83, -9999, -9999, -9999, 100, -9999, 83, 79, -9999, -9999, 63, -9999, 5, 44, -9999, -9999, -9999, 82, 21, -9999, 10, 100, 95, -9999, 8, -9999, 5],
[64, -9999, 14, -9999, -9999, -9999, 85, -9999, -9999, -9999, 63, 54, 80, -9999, 27, 62, 55, 16, -9999, 99, -9999, 10, -9999, -9999, -9999, 13, -9999, -9999, -9999, -9999, 28, 96, 61, -9999, 64, 95, -9999, -9999, 37, -9999, -9999, -9999, -9999, -9999, 7, -9999, 71, -9999, -9999, -9999, -9999, 17, 86, 7, 77, 22, 99, -9999, -9999, 64, 86, -9999, -9999, 4, -9999, -9999, 79, 74, 7, 88, -9999, -9999, 1, -9999, -9999, -9999, -9999, -9999, 70, -9999, -9999, -9999, -9999, -9999, -9999, 13, -9999, -9999, 54, -9999, 43, 37, -9999, 98, -9999, -9999, -9999, -9999, 11, 61],
[-9999, -9999, -9999, -9999, -9999, -9999, -9999, -9999, -9999, -9999, -9999, -9999, -9999, -9999, 65, 92, -9999, -9999, -9999, -9999, -9999, -9999, 22, -9999, -9999, -9999, -9999, -9999, -9999, -9999, 28, 51, -9999, -9999, -9999, -9999, 50, -9999, 64, 4, -9999, -9999, -9999, -9999, 72, -9999, -9999, -9999, -9999, 70, -9999, -9999, -9999, -9999, -9999, -9999, -9999, -9999, -9999, -9999, 68, -9999, -9999, -9999, -9999, -9999, -9999, -9999, -9999, -9999, -9999, -9999, -9999, 55, -9999, -9999, -9999, 60, -9999, 21, -9999, -9999, -9999, -9999, -9999, 50, -9999, -9999, 44, -9999, -9999, -9999, -9999, -9999, 93, -9999, -9999, -9999, 8, 76],
[30, -9999, -9999, -9999, -9999, -9999, 33, 13, -9999, 38, 55, -9999, 87, 63, -9999, -9999, 34, 50, -9999, -9999, -9999, 68, -9999, 66, 30, 73, -9999, 96, -9999, 18, -9999, 11, 24, -9999, 77, 17, -9999, 33, 43, 47, -9999, -9999, 16, -9999, 79, -9999, 37, -9999, -9999, -9999, 28, 99, 18, 90, 12, -9999, 98, 38, 38, -9999, -9999, 86, -9999, -9999, 92, -9999, 7, -9999, 44, -9999, -9999, 70, -9999, 47, -9999, -9999, -9999, -9999, 48, 47, 85, 64, -9999, -9999, -9999, 56, 28, -9999, 66, 23, 69, -9999, -9999, 98, 40, 57, -9999, 80, -9999, 96],
[-9999, -9999, -9999, -9999, -9999, -9999, -9999, -9999, -9999, -9999, -9999, 42, -9999, -9999, 85, -9999, -9999, -9999, -9999, 72, -9999, -9999, -9999, -9999, -9999, -9999, 5, -9999, -9999, -9999, 40, 2, -9999, -9999, -9999, -9999, -9999, -9999, 38, 54, -9999, -9999, -9999, -9999, 4, -9999, -9999, -9999, -9999, -9999, -9999, -9999, -9999, 36, -9999, -9999, -9999, -9999, -9999, -9999, 20, -9999, -9999, -9999, -9999, -9999, -9999, -9999, -9999, 99, -9999, -9999, -9999, 88, -9999, -9999, -9999, -9999, -9999, 64, -9999, -9999, -9999, -9999, -9999, 29, -9999, -9999, 43, -9999, -9999, -9999, -9999, 95, -9999, -9999, -9999, -9999, 57, -9999],
[-9999, -9999, -9999, -9999, -9999, -9999, -9999, -9999, -9999, -9999, -9999, 70, -9999, 29, 100, 85, -9999, -9999, -9999, 62, -9999, -9999, -9999, -9999, -9999, 8, 61, -9999, -9999, -9999, 73, -9999, -9999, -9999, -9999, -9999, -9999, -9999, 45, 12, -9999, -9999, -9999, -9999, 28, -9999, 3, -9999, -9999, -9999, -9999, -9999, -9999, 19, -9999, -9999, -9999, -9999, -9999, -9999, 64, -9999, 72, -9999, -9999, -9999, -9999, -9999, -9999, 83, -9999, -9999, -9999, 52, -9999, -9999, -9999, 50, -9999, -9999, -9999, -9999, -9999, -9999, -9999, 75, -9999, 76, 5, -9999, -9999, -9999, -9999, 89, -9999, -9999, -9999, -9999, 33, 54],
[-9999, -9999, -9999, -9999, -9999, -9999, -9999, -9999, -9999, -9999, -9999, -9999, -9999, -9999, 42, -9999, -9999, -9999, -9999, 22, -9999, -9999, -9999, -9999, -9999, -9999, 30, -9999, -9999, -9999, 31, -9999, -9999, -9999, -9999, -9999, -9999, -9999, 50, 93, -9999, -9999, -9999, -9999, 17, -9999, 99, -9999, -9999, -9999, 19, -9999, -9999, 32, -9999, -9999, -9999, -9999, -9999, -9999, 8, -9999, -9999, -9999, -9999, -9999, 82, -9999, -9999, 68, -9999, -9999, -9999, 9, -9999, -9999, -9999, 71, -9999, -9999, -9999, -9999, -9999, -9999, -9999, 67, 59, -9999, 52, -9999, -9999, -9999, -9999, 83, 73, -9999, -9999, -9999, 13, 27],
[39, -9999, -9999, -9999, 34, -9999, -9999, -9999, -9999, -9999, 52, 28, 62, -9999, 75, 26, -9999, -9999, 33, 71, -9999, -9999, -9999, -9999, 98, 25, 75, -9999, -9999, -9999, -9999, -9999, 66, -9999, 82, 14, -9999, -9999, 45, 3, -9999, -9999, 94, -9999, 38, -9999, -9999, -9999, -9999, -9999, 87, 38, 100, -9999, 25, -9999, 79, -9999, 11, -9999, -9999, -9999, -9999, 64, -9999, -9999, 37, 24, -9999, -9999, -9999, 17, 86, 17, -9999, -9999, -9999, 71, -9999, -9999, -9999, -9999, 24, -9999, -9999, 75, -9999, -9999, -9999, 28, 72, 83, -9999, -9999, 31, -9999, -9999, -9999, -9999, 27],
[-9999, -9999, 88, -9999, -9999, -9999, 41, -9999, -9999, -9999, -9999, 71, 14, -9999, -9999, -9999, 88, 35, -9999, 21, -9999, 33, -9999, -9999, 33, -9999, 58, 82, -9999, -9999, 74, -9999, 100, 62, -9999, 60, -9999, -9999, 22, -9999, -9999, -9999, -9999, -9999, 68, -9999, 71, -9999, -9999, -9999, 16, -9999, 69, -9999, -9999, -9999, -9999, 2, -9999, 69, 48, -9999, -9999, 66, -9999, -9999, -9999, -9999, 4, 35, -9999, -9999, -9999, 88, -9999, -9999, -9999, 100, -9999, -9999, -9999, -9999, 12, -9999, -9999, 25, 54, -9999, -9999, -9999, -9999, -9999, -9999, 96, 86, -9999, -9999, 37, 84, 56],
[79, -9999, -9999, 1, -9999, -9999, 1, -9999, -9999, -9999, -9999, -9999, 6, -9999, 57, 75, -9999, -9999, 42, 3, 82, 20, -9999, -9999, -9999, -9999, 5, -9999, -9999, -9999, 61, -9999, -9999, -9999, -9999, 92, -9999, -9999, 19, -9999, -9999, -9999, -9999, 84, 24, -9999, 15, -9999, -9999, -9999, 82, 7, 12, 68, 2, 63, -9999, -9999, 33, 95, 16, -9999, -9999, -9999, -9999, -9999, -9999, 100, -9999, -9999, -9999, -9999, 27, -9999, -9999, -9999, -9999, 54, 84, -9999, -9999, -9999, 59, -9999, -9999, 80, 77, -9999, -9999, -9999, 94, 37, -9999, 22, 91, -9999, -9999, -9999, 43, -9999],
[29, -9999, -9999, -9999, -9999, -9999, -9999, -9999, -9999, -9999, 46, 85, 92, -9999, 32, 61, -9999, 26, -9999, -9999, -9999, -9999, -9999, -9999, -9999, 54, 20, 1, -9999, -9999, -9999, -9999, -9999, -9999, 10, 82, -9999, -9999, 70, 99, -9999, -9999, -9999, -9999, 92, -9999, 82, -9999, 42, -9999, 96, 93, 46, 7, 2, 8, 22, 11, 29, -9999, 41, -9999, -9999, -9999, -9999, -9999, 73, 84, -9999, -9999, -9999, 78, 20, -9999, -9999, -9999, 82, -9999, -9999, 83, -9999, -9999, -9999, -9999, -9999, 28, 80, -9999, -9999, -9999, 61, -9999, -9999, 64, -9999, -9999, -9999, -9999, 21, -9999],
[95, -9999, 10, -9999, 89, -9999, -9999, -9999, -9999, -9999, 41, -9999, 18, -9999, -9999, -9999, -9999, 34, -9999, -9999, -9999, -9999, -9999, -9999, 16, -9999, 85, -9999, -9999, -9999, 61, -9999, 13, 72, -9999, 58, 44, -9999, 85, -9999, -9999, -9999, 84, -9999, 89, -9999, -9999, -9999, -9999, 18, 38, 89, 98, -9999, 99, 83, -9999, 100, -9999, 21, -9999, -9999, -9999, -9999, -9999, 95, -9999, 62, -9999, 23, -9999, -9999, 69, 15, -9999, -9999, 81, 78, 2, -9999, -9999, -9999, 84, -9999, -9999, -9999, 36, -9999, 42, -9999, 42, 44, -9999, 10, 73, -9999, -9999, 16, 16, 85],
[-9999, -9999, -9999, -9999, -9999, -9999, -9999, -9999, -9999, -9999, -9999, -9999, -9999, -9999, 64, 80, -9999, -9999, -9999, -9999, -9999, -9999, 85, -9999, -9999, -9999, 86, -9999, -9999, -9999, -9999, -9999, -9999, -9999, -9999, -9999, 71, -9999, 62, 49, -9999, -9999, -9999, -9999, 42, -9999, 75, -9999, -9999, -9999, -9999, -9999, -9999, -9999, -9999, -9999, -9999, -9999, -9999, -9999, 52, -9999, -9999, -9999, -9999, -9999, -9999, -9999, -9999, -9999, -9999, -9999, -9999, 76, 57, -9999, 71, 34, -9999, 25, -9999, -9999, -9999, -9999, -9999, 32, -9999, -9999, -9999, -9999, -9999, -9999, -9999, -9999, 31, -9999, 48, -9999, 86, -9999],
[-9999, -9999, -9999, -9999, -9999, -9999, -9999, -9999, -9999, -9999, -9999, -9999, -9999, -9999, -9999, -9999, -9999, -9999, 22, -9999, -9999, -9999, -9999, -9999, -9999, 29, 96, -9999, -9999, -9999, 48, 77, -9999, -9999, -9999, -9999, -9999, -9999, 94, -9999, -9999, -9999, -9999, -9999, 68, -9999, 22, -9999, -9999, -9999, 28, -9999, -9999, -9999, -9999, -9999, -9999, -9999, -9999, -9999, -9999, -9999, -9999, -9999, -9999, -9999, 88, -9999, -9999, 99, -9999, -9999, -9999, 55, -9999, -9999, -9999, 87, -9999, 3, -9999, -9999, -9999, -9999, -9999, 64, 97, -9999, 4, -9999, -9999, -9999, -9999, 70, 37, -9999, -9999, -9999, 14, 60],
[71, -9999, 15, -9999, -9999, -9999, -9999, -9999, -9999, -9999, 75, 22, 19, -9999, 14, -9999, -9999, 19, -9999, 39, 97, -9999, 40, -9999, -9999, 15, 68, 23, 5, -9999, -9999, -9999, 70, -9999, 27, 49, -9999, -9999, 44, -9999, -9999, -9999, -9999, -9999, 53, -9999, -9999, -9999, -9999, -9999, 45, 77, 54, -9999, 4, -9999, 26, -9999, -9999, -9999, 89, -9999, -9999, 96, -9999, -9999, -9999, -9999, -9999, -9999, -9999, 80, -9999, -9999, -9999, -9999, 60, 52, -9999, -9999, -9999, -9999, -9999, -9999, -9999, -9999, -9999, -9999, 21, 72, 31, -9999, -9999, -9999, 95, -9999, -9999, -9999, 82, 51],
[12, -9999, -9999, -9999, -9999, -9999, -9999, -9999, -9999, -9999, -9999, -9999, 64, -9999, -9999, 52, 35, -9999, -9999, 26, -9999, 35, 87, -9999, -9999, 66, 88, -9999, -9999, -9999, -9999, 56, 49, 60, 69, 9, 53, -9999, -9999, -9999, -9999, -9999, 9, -9999, 62, -9999, 22, -9999, -9999, -9999, -9999, 30, 76, 32, 95, -9999, 27, -9999, -9999, 59, 25, -9999, -9999, -9999, -9999, -9999, 9, -9999, -9999, 99, -9999, 71, -9999, -9999, -9999, -9999, 7, -9999, -9999, 59, -9999, -9999, -9999, -9999, -9999, 94, -9999, -9999, -9999, -9999, 6, -9999, -9999, -9999, -9999, -9999, -9999, 79, 15, -9999],
[35, -9999, -9999, -9999, -9999, -9999, -9999, -9999, -9999, -9999, 68, -9999, -9999, -9999, -9999, -9999, -9999, -9999, -9999, -9999, -9999, -9999, -9999, -9999, -9999, -9999, -9999, -9999, -9999, -9999, -9999, -9999, -9999, -9999, -9999, -9999, -9999, -9999, -9999, -9999, -9999, -9999, -9999, -9999, -9999, -9999, -9999, -9999, -9999, -9999, -9999, -9999, 77, -9999, 54, -9999, -9999, -9999, -9999, -9999, -9999, -9999, -9999, -9999, -9999, -9999, 23, -9999, -9999, -9999, -9999, -9999, -9999, -9999, -9999, -9999, -9999, -9999, -9999, -9999, -9999, -9999, -9999, -9999, -9999, -9999, -9999, -9999, -9999, -9999, -9999, -9999, -9999, -9999, -9999, -9999, -9999, -9999, -9999, -9999],
[-9999, -9999, -9999, -9999, 100, -9999, 96, -9999, -9999, -9999, -9999, -9999, 80, -9999, -9999, 36, -9999, 9, -9999, 35, -9999, 55, 5, -9999, 61, 86, 25, -9999, -9999, -9999, -9999, -9999, 34, -9999, 34, 47, -9999, -9999, 76, -9999, -9999, -9999, -9999, -9999, 80, -9999, 98, -9999, -9999, -9999, 66, 79, 8, 98, 9, -9999, 50, 27, 90, 48, 15, -9999, -9999, 39, -9999, -9999, -9999, -9999, 96, 76, -9999, -9999, -9999, 2, -9999, -9999, -9999, 28, 52, 70, -9999, -9999, 54, -9999, -9999, 85, 60, -9999, -9999, -9999, -9999, -9999, -9999, 66, 69, -9999, -9999, 38, 60, 20],
[80, -9999, 38, -9999, -9999, -9999, 49, -9999, -9999, 96, 3, 39, 54, 92, -9999, 9, -9999, 34, -9999, 21, -9999, -9999, -9999, 76, 29, 68, -9999, -9999, -9999, -9999, 5, -9999, 56, -9999, 4, 75, 60, 58, 45, 23, -9999, -9999, -9999, -9999, 45, -9999, -9999, -9999, -9999, -9999, 72, 6, 20, 55, 84, -9999, 18, 3, 57, 2, -9999, -9999, -9999, 94, 45, -9999, 37, 97, -9999, 7, 92, -9999, -9999, -9999, -9999, -9999, -9999, 69, 78, 50, 60, -9999, 75, 22, 87, 70, 97, -9999, -9999, -9999, 44, 48, -9999, -9999, -9999, 54, -9999, -9999, 14, -9999],
[-9999, -9999, -9999, -9999, -9999, -9999, -9999, -9999, -9999, -9999, -9999, -9999, -9999, -9999, -9999, -9999, -9999, -9999, -9999, -9999, -9999, -9999, -9999, -9999, -9999, -9999, -9999, -9999, -9999, -9999, -9999, -9999, -9999, -9999, -9999, -9999, -9999, -9999, -9999, -9999, -9999, -9999, -9999, -9999, -9999, -9999, -9999, -9999, -9999, -9999, -9999, -9999, -9999, -9999, -9999, -9999, -9999, -9999, -9999, -9999, -9999, -9999, -9999, -9999, -9999, -9999, 95, -9999, -9999, -9999, -9999, -9999, -9999, -9999, -9999, -9999, -9999, -9999, -9999, -9999, -9999, -9999, -9999, -9999, -9999, -9999, -9999, -9999, -9999, -9999, -9999, -9999, -9999, -9999, -9999, -9999, -9999, -9999, -9999, -9999],
[-9999, -9999, -9999, -9999, -9999, -9999, -9999, -9999, -9999, -9999, -9999, 94, -9999, -9999, 49, -9999, -9999, -9999, -9999, 25, -9999, -9999, -9999, -9999, -9999, 86, -9999, -9999, -9999, -9999, 53, -9999, -9999, -9999, -9999, -9999, -9999, -9999, 51, -9999, -9999, -9999, -9999, -9999, 12, -9999, -9999, -9999, -9999, -9999, 31, -9999, -9999, 69, -9999, -9999, -9999, -9999, -9999, -9999, -9999, -9999, -9999, -9999, -9999, -9999, -9999, -9999, -9999, 85, -9999, -9999, -9999, -9999, -9999, -9999, -9999, 14, -9999, 81, -9999, -9999, -9999, -9999, -9999, 33, 55, -9999, 37, -9999, -9999, -9999, -9999, -9999, 1, -9999, 3, -9999, -9999, -9999],
[51, -9999, -9999, -9999, 82, -9999, -9999, -9999, -9999, -9999, 72, 17, 16, -9999, 43, -9999, 53, 45, -9999, 16, -9999, -9999, -9999, -9999, -9999, 66, 7, -9999, -9999, -9999, -9999, -9999, 98, -9999, 53, 67, -9999, -9999, 18, 78, -9999, -9999, -9999, -9999, -9999, -9999, 64, -9999, -9999, -9999, 25, 75, 63, 56, 89, -9999, 14, -9999, -9999, 35, 42, -9999, -9999, 55, -9999, -9999, -9999, 10, 23, 14, -9999, -9999, 24, 35, 21, -9999, -9999, -9999, 83, -9999, -9999, 12, 64, -9999, -9999, 41, 53, -9999, -9999, -9999, -9999, 5, -9999, 16, 55, -9999, -9999, 36, -9999, -9999],
[-9999, -9999, -9999, -9999, -9999, -9999, -9999, -9999, -9999, -9999, -9999, 62, -9999, -9999, 37, -9999, -9999, -9999, 24, 63, -9999, -9999, -9999, -9999, -9999, 14, 50, -9999, -9999, -9999, -9999, -9999, -9999, -9999, -9999, -9999, -9999, -9999, 89, 54, -9999, -9999, -9999, -9999, 17, -9999, 81, -9999, -9999, -9999, -9999, -9999, -9999, 61, -9999, -9999, -9999, -9999, -9999, -9999, 40, -9999, -9999, -9999, -9999, -9999, -9999, -9999, -9999, 57, -9999, -9999, -9999, -9999, -9999, -9999, -9999, 33, -9999, -9999, -9999, -9999, -9999, -9999, -9999, 54, 41, -9999, 60, -9999, -9999, -9999, -9999, 96, 55, -9999, 19, -9999, -9999, -9999],
[-9999, -9999, 27, 68, 32, -9999, 27, -9999, -9999, -9999, -9999, 38, 98, -9999, 20, -9999, -9999, -9999, -9999, 24, -9999, -9999, -9999, -9999, 90, 24, 80, -9999, -9999, -9999, -9999, 78, 63, -9999, 94, 61, -9999, -9999, 28, 17, -9999, -9999, -9999, -9999, 44, -9999, -9999, -9999, -9999, -9999, 17, 81, 50, 80, 17, -9999, 60, -9999, 17, 38, 55, -9999, -9999, -9999, -9999, 77, 92, 40, 62, 29, -9999, -9999, 3, 51, 45, -9999, -9999, 44, 95, 92, -9999, -9999, 36, -9999, -9999, 22, 87, -9999, -9999, -9999, 93, 86, -9999, 2, -9999, -9999, -9999, -9999, 42, 15],
[11, -9999, -9999, -9999, -9999, -9999, 4, -9999, 51, 3, 29, 71, 74, 38, 29, -9999, 1, 32, -9999, 50, -9999, 60, 98, -9999, 77, 63, 89, -9999, -9999, -9999, -9999, 35, 28, -9999, -9999, 23, -9999, 60, 33, 60, -9999, -9999, -9999, -9999, 35, -9999, -9999, -9999, 34, -9999, -9999, 92, 84, -9999, 66, -9999, -9999, 81, 98, 14, -9999, -9999, 86, 2, 89, -9999, -9999, -9999, 57, 87, -9999, 66, 52, 3, -9999, -9999, -9999, 62, 12, -9999, 46, -9999, 11, -9999, -9999, 72, -9999, 3, 52, -9999, -9999, 54, -9999, -9999, -9999, 37, -9999, 63, 90, 27],
[7, -9999, 91, -9999, 65, -9999, 11, -9999, -9999, -9999, -9999, -9999, -9999, -9999, 68, -9999, 2, -9999, -9999, -9999, -9999, -9999, -9999, -9999, 21, 13, -9999, -9999, -9999, -9999, 61, 65, 37, -9999, 60, 11, -9999, -9999, 5, 29, -9999, -9999, -9999, -9999, 6, -9999, 47, -9999, -9999, -9999, -9999, 35, 7, 15, 71, 92, -9999, 30, 40, 63, 84, -9999, -9999, 13, -9999, -9999, 11, -9999, 88, 5, -9999, 57, 78, 96, -9999, -9999, -9999, -9999, 18, -9999, -9999, -9999, -9999, -9999, -9999, 79, 37, -9999, 7, -9999, -9999, -9999, -9999, -9999, 27, -9999, -9999, 33, 72, 30],
[92, -9999, -9999, -9999, -9999, -9999, 29, -9999, -9999, -9999, -9999, 60, 57, -9999, 41, 42, 41, 10, -9999, 25, -9999, -9999, -9999, -9999, 89, 98, 54, -9999, 30, -9999, -9999, 82, 19, -9999, 40, 79, -9999, -9999, 92, -9999, -9999, -9999, -9999, -9999, 33, -9999, -9999, -9999, 70, -9999, -9999, 24, 91, 17, 96, -9999, 80, 99, -9999, -9999, 96, -9999, -9999, 64, -9999, -9999, 16, -9999, 33, 2, -9999, 73, 48, 66, -9999, -9999, -9999, 95, 47, 70, -9999, -9999, 89, -9999, -9999, 43, 65, -9999, -9999, -9999, 3, -9999, -9999, -9999, -9999, -9999, -9999, 14, -9999, 67],
[19, -9999, -9999, -9999, -9999, -9999, 88, -9999, -9999, -9999, -9999, -9999, 88, -9999, -9999, 67, -9999, 42, 31, 16, -9999, -9999, -9999, -9999, 36, -9999, 87, 39, -9999, -9999, 71, 30, -9999, -9999, -9999, 42, -9999, -9999, 98, 25, -9999, -9999, 64, -9999, 4, -9999, -9999, -9999, -9999, -9999, -9999, 95, 99, 34, 70, 65, 70, 70, 62, 34, -9999, -9999, -9999, 97, -9999, -9999, 18, -9999, -9999, 37, -9999, 15, 64, 82, 68, -9999, -9999, 41, 24, 8, -9999, -9999, 53, -9999, -9999, 86, 39, -9999, -9999, -9999, 82, -9999, -9999, 2, 60, -9999, -9999, 78, 11, 41],
[-9999, -9999, 37, -9999, -9999, -9999, -9999, 13, 25, 72, -9999, -9999, 96, 95, 37, -9999, 57, 13, -9999, 78, -9999, -9999, -9999, -9999, -9999, 87, -9999, -9999, -9999, -9999, -9999, -9999, 82, -9999, 21, 57, -9999, 88, 10, 55, -9999, 75, 27, -9999, 6, -9999, 5, -9999, -9999, -9999, -9999, -9999, 38, 42, 19, -9999, 60, 47, 13, -9999, -9999, -9999, 25, 28, -9999, -9999, -9999, -9999, 31, -9999, -9999, 74, 23, 11, -9999, 84, -9999, 52, 20, 53, 94, -9999, -9999, 89, -9999, 23, -9999, -9999, 20, -9999, -9999, -9999, -9999, -9999, -9999, 100, -9999, -9999, 77, -9999],
[-9999, -9999, -9999, -9999, -9999, -9999, -9999, -9999, -9999, -9999, -9999, -9999, -9999, -9999, 8, -9999, -9999, -9999, -9999, -9999, -9999, -9999, -9999, -9999, -9999, -9999, 15, -9999, -9999, -9999, -9999, 18, -9999, -9999, -9999, -9999, -9999, -9999, 61, -9999, -9999, -9999, -9999, -9999, 45, -9999, 69, -9999, -9999, -9999, -9999, -9999, -9999, -9999, -9999, -9999, -9999, -9999, -9999, -9999, 43, -9999, -9999, -9999, -9999, -9999, 25, -9999, -9999, 61, -9999, -9999, -9999, 30, -9999, -9999, -9999, -9999, -9999, 78, -9999, 66, -9999, -9999, -9999, 80, 8, -9999, 37, -9999, -9999, -9999, -9999, 16, 1, -9999, 83, -9999, -9999, 55],
[7, -9999, -9999, -9999, -9999, -9999, -9999, 59, -9999, -9999, -9999, -9999, -9999, -9999, -9999, -9999, -9999, -9999, -9999, -9999, -9999, -9999, -9999, 50, -9999, -9999, -9999, -9999, -9999, 71, -9999, -9999, -9999, -9999, -9999, -9999, -9999, -9999, -9999, -9999, -9999, -9999, 69, -9999, -9999, -9999, -9999, -9999, -9999, -9999, -9999, -9999, 97, -9999, 15, -9999, -9999, -9999, -9999, -9999, -9999, -9999, -9999, -9999, -9999, -9999, 37, -9999, -9999, -9999, -9999, -9999, -9999, -9999, -9999, -9999, -9999, -9999, -9999, -9999, -9999, -9999, -9999, -9999, -9999, -9999, -9999, -9999, -9999, -9999, -9999, -9999, -9999, -9999, -9999, -9999, -9999, 28, -9999, -9999],
[65, -9999, 100, 64, -9999, -9999, -9999, -9999, -9999, -9999, -9999, 70, 97, -9999, -9999, 35, 86, 62, -9999, 55, 88, -9999, -9999, -9999, 87, 21, 98, -9999, -9999, -9999, 60, -9999, 96, -9999, -9999, -9999, 28, -9999, 28, 70, -9999, -9999, -9999, -9999, 46, -9999, -9999, -9999, -9999, -9999, 94, 58, 67, -9999, -9999, 79, 19, 5, 11, 13, 89, -9999, -9999, -9999, -9999, -9999, -9999, 77, 59, 55, -9999, -9999, 11, 71, -9999, -9999, -9999, 93, 37, 75, -9999, 3, -9999, -9999, -9999, -9999, 47, -9999, 81, -9999, 31, -9999, -9999, -9999, 20, -9999, -9999, 64, -9999, 82],
[-9999, -9999, -9999, -9999, -9999, -9999, -9999, -9999, -9999, -9999, -9999, 8, -9999, -9999, -9999, 46, -9999, -9999, -9999, 75, -9999, -9999, -9999, -9999, -9999, -9999, 35, -9999, -9999, -9999, -9999, -9999, -9999, -9999, -9999, -9999, 55, -9999, 56, 2, -9999, -9999, -9999, -9999, 85, -9999, 70, -9999, -9999, -9999, 10, -9999, -9999, 40, -9999, -9999, -9999, -9999, -9999, -9999, 1, -9999, -9999, -9999, -9999, -9999, -9999, -9999, -9999, 17, -9999, -9999, -9999, 85, -9999, -9999, -9999, -9999, -9999, -9999, -9999, -9999, -9999, -9999, -9999, 37, 15, -9999, -9999, -9999, -9999, -9999, -9999, 43, -9999, -9999, 89, -9999, 98, 49],
[30, -9999, -9999, -9999, -9999, -9999, 94, -9999, -9999, -9999, 55, 15, 57, -9999, 19, -9999, 54, -9999, -9999, -9999, -9999, 29, -9999, -9999, 63, -9999, 96, -9999, -9999, -9999, 57, -9999, -9999, -9999, 68, 5, -9999, -9999, 98, 35, -9999, -9999, -9999, -9999, 58, -9999, -9999, -9999, -9999, -9999, -9999, 52, 2, 40, 15, -9999, -9999, 75, 11, 22, 23, -9999, -9999, 16, -9999, -9999, 66, -9999, 7, 15, -9999, -9999, -9999, 15, -9999, -9999, -9999, -9999, 77, -9999, -9999, 55, -9999, -9999, -9999, -9999, 5, -9999, 22, -9999, 58, 42, -9999, 39, 97, -9999, -9999, -9999, 48, 64],
[-9999, -9999, -9999, -9999, -9999, -9999, -9999, -9999, -9999, -9999, -9999, -9999, -9999, -9999, 75, -9999, -9999, -9999, 28, -9999, -9999, -9999, -9999, -9999, -9999, -9999, 4, -9999, -9999, -9999, 51, -9999, -9999, -9999, -9999, -9999, -9999, -9999, 16, -9999, -9999, -9999, -9999, -9999, -9999, -9999, -9999, -9999, -9999, -9999, -9999, -9999, -9999, -9999, -9999, -9999, -9999, -9999, -9999, -9999, 81, -9999, -9999, -9999, -9999, -9999, 90, -9999, -9999, 85, -9999, -9999, -9999, 28, -9999, -9999, -9999, 8, -9999, -9999, -9999, -9999, -9999, -9999, -9999, 98, 78, -9999, 30, -9999, -9999, -9999, -9999, 10, 49, -9999, -9999, -9999, 97, -9999],
[-9999, -9999, -9999, -9999, -9999, -9999, -9999, -9999, -9999, -9999, -9999, 74, -9999, -9999, 49, 64, -9999, -9999, -9999, -9999, -9999, -9999, -9999, -9999, -9999, 75, 60, -9999, -9999, -9999, 98, 72, -9999, -9999, -9999, -9999, -9999, -9999, 70, -9999, -9999, -9999, -9999, -9999, 9, -9999, 6, -9999, -9999, -9999, 17, -9999, -9999, -9999, -9999, -9999, -9999, -9999, -9999, -9999, 83, -9999, -9999, -9999, -9999, -9999, -9999, -9999, -9999, -9999, -9999, -9999, -9999, -9999, -9999, -9999, -9999, 49, -9999, 85, -9999, -9999, -9999, -9999, -9999, 70, 90, -9999, -9999, -9999, -9999, -9999, -9999, -9999, -9999, -9999, -9999, -9999, -9999, -9999],
[-9999, -9999, 29, -9999, 49, -9999, 57, -9999, -9999, -9999, -9999, 67, 83, -9999, -9999, 67, -9999, 79, -9999, 29, -9999, 28, -9999, -9999, -9999, 17, -9999, 49, -9999, -9999, -9999, 52, -9999, -9999, -9999, 60, -9999, -9999, 41, 10, -9999, -9999, -9999, -9999, 59, -9999, 70, -9999, -9999, -9999, -9999, 35, 99, 76, 42, -9999, 99, 15, 72, -9999, -9999, -9999, -9999, 4, -9999, -9999, -9999, -9999, -9999, -9999, -9999, 70, 81, -9999, 33, -9999, -9999, -9999, 49, 54, -9999, -9999, 73, -9999, -9999, -9999, 31, -9999, -9999, -9999, 11, -9999, -9999, 25, 88, -9999, 49, -9999, 57, -9999],
[-9999, -9999, -9999, -9999, -9999, -9999, -9999, -9999, -9999, -9999, -9999, 71, -9999, -9999, -9999, 32, -9999, -9999, -9999, 85, -9999, -9999, -9999, -9999, -9999, 73, 56, -9999, -9999, -9999, 15, 66, -9999, -9999, -9999, -9999, 10, -9999, 65, -9999, -9999, -9999, -9999, -9999, 90, -9999, 18, -9999, -9999, -9999, -9999, -9999, -9999, 8, -9999, -9999, -9999, -9999, -9999, -9999, -9999, -9999, -9999, -9999, -9999, -9999, 12, -9999, -9999, -9999, -9999, -9999, -9999, -9999, -9999, -9999, -9999, 16, -9999, 27, -9999, -9999, -9999, -9999, -9999, 58, 46, -9999, 90, -9999, -9999, -9999, -9999, 41, 76, -9999, -9999, -9999, -9999, -9999],
[45, -9999, -9999, -9999, 56, -9999, -9999, -9999, -9999, -9999, 63, 98, 28, -9999, -9999, -9999, 67, -9999, -9999, 43, -9999, 88, -9999, -9999, -9999, 68, -9999, -9999, -9999, -9999, -9999, -9999, -9999, -9999, -9999, 29, -9999, -9999, 13, 91, -9999, -9999, -9999, -9999, 18, -9999, -9999, -9999, -9999, -9999, -9999, 25, 46, 68, 47, 8, 44, 53, 52, 84, 2, -9999, -9999, 62, -9999, -9999, 50, 51, 93, -9999, -9999, 16, 10, -9999, -9999, -9999, -9999, 50, 49, 31, -9999, -9999, -9999, -9999, -9999, -9999, -9999, -9999, 7, 2, -9999, 50, -9999, 87, -9999, -9999, -9999, -9999, 94, 13],
[-9999, -9999, -9999, -9999, -9999, -9999, -9999, -9999, -9999, -9999, -9999, -9999, -9999, -9999, 21, 3, -9999, -9999, 14, 88, -9999, -9999, -9999, -9999, -9999, 67, 38, -9999, -9999, -9999, -9999, -9999, -9999, -9999, -9999, -9999, -9999, -9999, 36, 66, -9999, -9999, -9999, -9999, 77, -9999, 24, -9999, -9999, -9999, 87, -9999, -9999, 69, -9999, -9999, -9999, -9999, -9999, -9999, 70, -9999, -9999, -9999, -9999, 80, -9999, -9999, -9999, 18, -9999, -9999, -9999, -9999, 77, -9999, -9999, -9999, -9999, 61, -9999, -9999, -9999, -9999, -9999, -9999, 56, -9999, -9999, -9999, -9999, -9999, -9999, -9999, 54, -9999, -9999, -9999, 84, 60],
[-9999, -9999, 58, -9999, 74, -9999, -9999, 62, -9999, 25, -9999, 100, 61, 22, 3, -9999, 49, 48, -9999, -9999, -9999, -9999, -9999, -9999, -9999, 80, 40, -9999, -9999, -9999, -9999, 50, 82, -9999, 45, 47, -9999, 26, 48, 33, 42, -9999, 82, -9999, 85, -9999, 84, -9999, -9999, -9999, 50, 90, 35, -9999, 20, 43, 39, 31, 49, -9999, 13, -9999, 15, -9999, -9999, -9999, 1, -9999, 30, -9999, -9999, 3, 82, 3, -9999, -9999, -9999, 91, -9999, 5, 32, -9999, 5, 76, -9999, -9999, -9999, 49, -9999, -9999, -9999, -9999, -9999, 52, 41, 79, -9999, -9999, 79, 20],
[-9999, -9999, -9999, -9999, -9999, -9999, -9999, -9999, -9999, -9999, -9999, -9999, -9999, 58, -9999, 21, -9999, -9999, -9999, 3, -9999, -9999, -9999, -9999, -9999, -9999, 38, -9999, -9999, -9999, 30, 19, -9999, -9999, -9999, -9999, -9999, -9999, 73, -9999, -9999, -9999, -9999, -9999, 47, -9999, -9999, -9999, -9999, -9999, 73, -9999, -9999, -9999, -9999, -9999, -9999, -9999, -9999, -9999, -9999, -9999, 23, -9999, -9999, -9999, 93, -9999, -9999, 2, -9999, -9999, -9999, 83, -9999, -9999, -9999, -9999, -9999, 26, -9999, -9999, -9999, -9999, -9999, 28, 53, 93, -9999, -9999, -9999, -9999, -9999, 43, -9999, -9999, -9999, -9999, 49, 95],
[-9999, -9999, -9999, -9999, -9999, -9999, -9999, -9999, -9999, -9999, -9999, 79, -9999, -9999, 36, 69, -9999, -9999, -9999, 97, -9999, -9999, -9999, -9999, -9999, 26, -9999, -9999, 44, -9999, 61, 56, -9999, -9999, -9999, -9999, -9999, -9999, 45, 9, -9999, -9999, -9999, -9999, 2, -9999, 95, -9999, -9999, -9999, -9999, -9999, -9999, 63, -9999, -9999, -9999, -9999, -9999, -9999, -9999, -9999, -9999, -9999, -9999, -9999, 72, -9999, -9999, -9999, -9999, -9999, -9999, -9999, -9999, -9999, -9999, -9999, -9999, -9999, -9999, -9999, -9999, -9999, -9999, -9999, 90, -9999, 62, -9999, -9999, -9999, -9999, -9999, 76, -9999, -9999, -9999, 24, 81],
[91, -9999, -9999, -9999, 73, -9999, 49, -9999, -9999, -9999, 80, -9999, 17, -9999, 30, 95, 48, 68, -9999, 20, -9999, 34, -9999, -9999, -9999, -9999, -9999, -9999, -9999, -9999, -9999, -9999, 73, -9999, -9999, 5, 69, -9999, 100, 7, -9999, -9999, 36, -9999, 39, -9999, -9999, -9999, -9999, -9999, 71, 25, 19, -9999, 90, 32, -9999, -9999, 29, 80, 67, -9999, -9999, -9999, -9999, -9999, -9999, -9999, 44, -9999, 65, 74, -9999, -9999, -9999, -9999, -9999, 1, -9999, -9999, -9999, -9999, -9999, -9999, -9999, -9999, 40, -9999, 94, -9999, 23, 18, -9999, -9999, 85, -9999, -9999, 58, -9999, 69],
[80, -9999, -9999, 85, 36, -9999, -9999, -9999, -9999, -9999, 59, -9999, 71, -9999, -9999, -9999, 95, 70, -9999, 25, -9999, 92, -9999, -9999, 53, -9999, -9999, -9999, -9999, -9999, 43, -9999, 32, -9999, -9999, 52, -9999, -9999, 29, -9999, -9999, -9999, -9999, -9999, 88, -9999, 61, -9999, -9999, -9999, -9999, 89, 23, -9999, 45, -9999, 56, -9999, 44, 48, -9999, -9999, -9999, -9999, -9999, -9999, -9999, -9999, 53, 46, -9999, 44, -9999, 16, -9999, -9999, -9999, 99, -9999, 21, -9999, -9999, 46, -9999, -9999, -9999, 93, -9999, 9, -9999, 32, 40, -9999, 6, 12, -9999, -9999, 16, -9999, 34],
[52, -9999, 25, -9999, 45, -9999, 33, -9999, -9999, -9999, -9999, 41, 86, -9999, -9999, -9999, -9999, -9999, -9999, 61, -9999, 34, -9999, -9999, 3, 31, 7, -9999, -9999, -9999, 29, 28, 1, -9999, -9999, 86, -9999, -9999, 5, 55, -9999, -9999, 31, -9999, 40, -9999, 32, -9999, -9999, -9999, 47, 40, 54, 45, 85, -9999, 28, -9999, 2, 76, 76, -9999, -9999, -9999, -9999, -9999, -9999, 22, -9999, 11, -9999, 20, 97, -9999, 59, -9999, -9999, -9999, 51, -9999, -9999, -9999, 89, -9999, -9999, 99, 42, -9999, 2, -9999, -9999, 83, -9999, -9999, -9999, -9999, -9999, 38, 72, -9999],
[-9999, -9999, -9999, -9999, -9999, -9999, -9999, -9999, -9999, -9999, -9999, -9999, -9999, -9999, 17, 67, -9999, -9999, -9999, -9999, -9999, -9999, -9999, -9999, -9999, 86, -9999, -9999, -9999, -9999, -9999, -9999, -9999, -9999, -9999, -9999, -9999, -9999, 4, 100, -9999, -9999, -9999, -9999, 92, -9999, 51, -9999, -9999, -9999, 86, -9999, -9999, -9999, -9999, -9999, -9999, -9999, -9999, -9999, 15, -9999, -9999, -9999, -9999, -9999, -9999, -9999, -9999, -9999, -9999, -9999, -9999, -9999, -9999, -9999, -9999, 90, -9999, 96, -9999, -9999, -9999, -9999, -9999, 36, -9999, -9999, 100, -9999, -9999, -9999, -9999, -9999, 60, -9999, -9999, -9999, -9999, -9999],
[66, -9999, -9999, -9999, -9999, -9999, -9999, -9999, -9999, -9999, -9999, -9999, -9999, -9999, -9999, -9999, -9999, -9999, -9999, -9999, -9999, -9999, -9999, -9999, -9999, -9999, -9999, -9999, -9999, -9999, -9999, -9999, -9999, -9999, -9999, -9999, -9999, -9999, -9999, -9999, -9999, -9999, 96, -9999, -9999, -9999, -9999, -9999, -9999, -9999, -9999, -9999, 57, -9999, 5, -9999, -9999, -9999, -9999, -9999, -9999, -9999, -9999, -9999, -9999, -9999, -9999, -9999, -9999, -9999, -9999, -9999, 22, -9999, -9999, -9999, -9999, -9999, -9999, -9999, -9999, -9999, -9999, -9999, -9999, -9999, -9999, -9999, -9999, -9999, -9999, -9999, -9999, -9999, -9999, -9999, -9999, 74, -9999, -9999],
[57, -9999, 99, -9999, -9999, -9999, 71, -9999, -9999, -9999, 35, -9999, 22, -9999, 90, -9999, -9999, 66, -9999, 51, -9999, -9999, -9999, -9999, -9999, 89, 26, -9999, -9999, -9999, -9999, 92, 20, -9999, 63, 79, -9999, -9999, 26, -9999, -9999, -9999, -9999, -9999, 28, -9999, 15, -9999, -9999, -9999, -9999, 62, 95, 69, 52, 16, -9999, 87, 5, 34, -9999, -9999, -9999, -9999, -9999, -9999, 70, -9999, 45, -9999, -9999, -9999, -9999, -9999, -9999, -9999, -9999, -9999, 42, 50, -9999, -9999, 82, -9999, -9999, 30, 19, -9999, -9999, -9999, 44, 58, -9999, 16, -9999, -9999, -9999, -9999, -9999, -9999],
[-9999, -9999, -9999, -9999, -9999, -9999, -9999, -9999, -9999, -9999, -9999, -9999, -9999, -9999, 97, -9999, -9999, -9999, -9999, 26, -9999, -9999, -9999, -9999, -9999, 85, 39, -9999, -9999, -9999, 80, 30, -9999, -9999, -9999, -9999, -9999, -9999, 85, -9999, -9999, -9999, -9999, -9999, 26, -9999, -9999, -9999, 19, -9999, -9999, -9999, -9999, 8, -9999, -9999, -9999, -9999, -9999, -9999, 96, -9999, -9999, -9999, -9999, -9999, 61, -9999, -9999, 81, -9999, -9999, -9999, -9999, -9999, -9999, -9999, 5, -9999, -9999, -9999, -9999, -9999, -9999, -9999, 92, 19, -9999, -9999, -9999, -9999, -9999, -9999, -9999, -9999, -9999, -9999, -9999, -9999, 35],
[53, -9999, 82, -9999, 5, -9999, 22, -9999, 18, 31, -9999, -9999, 96, 64, 42, -9999, 2, -9999, -9999, -9999, -9999, -9999, -9999, -9999, 31, 47, -9999, -9999, -9999, 80, -9999, 52, -9999, -9999, -9999, 61, -9999, 12, 21, 42, -9999, -9999, 95, -9999, 27, -9999, -9999, -9999, -9999, -9999, 26, 38, 97, 83, 59, -9999, -9999, -9999, 22, 74, -9999, -9999, 89, -9999, -9999, -9999, 88, 55, 97, -9999, -9999, 31, 20, -9999, -9999, -9999, -9999, 96, -9999, 69, 52, -9999, 77, -9999, 24, -9999, 53, 60, 22, -9999, 81, 45, -9999, 56, 96, 49, -9999, 43, 34, 20],
[59, -9999, 52, -9999, 68, -9999, -9999, -9999, -9999, -9999, -9999, 91, 96, -9999, -9999, -9999, 96, 15, -9999, 50, -9999, -9999, -9999, -9999, -9999, -9999, 10, -9999, -9999, -9999, -9999, 19, -9999, -9999, -9999, 29, -9999, -9999, 100, 36, -9999, -9999, 17, 88, 44, -9999, 80, -9999, -9999, -9999, -9999, 99, 8, 36, 14, 64, -9999, 67, 20, -9999, -9999, -9999, -9999, -9999, -9999, -9999, 58, -9999, 32, 18, -9999, 11, 17, -9999, -9999, -9999, -9999, 64, -9999, 44, -9999, -9999, 32, -9999, -9999, 55, 44, -9999, 84, -9999, -9999, -9999, -9999, 2, -9999, -9999, -9999, -9999, 51, 90],
[97, -9999, -9999, 14, 30, -9999, 60, -9999, -9999, -9999, -9999, 14, 98, -9999, -9999, -9999, 1, -9999, 7, -9999, -9999, 41, -9999, -9999, 21, 38, 27, -9999, -9999, -9999, -9999, 45, 57, -9999, -9999, -9999, -9999, -9999, 5, 83, -9999, -9999, 68, -9999, 33, -9999, 40, -9999, -9999, -9999, -9999, 35, 53, -9999, 15, 86, 64, -9999, 39, -9999, 48, -9999, -9999, -9999, -9999, -9999, 20, 25, -9999, 70, -9999, 29, -9999, 58, -9999, -9999, -9999, 70, -9999, 37, -9999, -9999, -9999, -9999, -9999, 42, 82, -9999, -9999, -9999, 36, 26, -9999, 27, -9999, -9999, -9999, 61, -9999, 73],
[-9999, -9999, -9999, -9999, -9999, -9999, -9999, -9999, -9999, -9999, -9999, 58, -9999, -9999, 85, -9999, -9999, -9999, -9999, 35, -9999, -9999, -9999, -9999, -9999, 90, -9999, -9999, -9999, -9999, -9999, -9999, -9999, -9999, -9999, -9999, -9999, -9999, 9, 83, -9999, -9999, -9999, -9999, 1, -9999, -9999, -9999, -9999, -9999, 96, -9999, -9999, -9999, -9999, -9999, -9999, -9999, -9999, -9999, 68, -9999, -9999, -9999, -9999, -9999, 79, -9999, -9999, 87, -9999, -9999, -9999, -9999, -9999, -9999, -9999, -9999, -9999, -9999, -9999, -9999, -9999, -9999, -9999, -9999, 84, -9999, 98, -9999, -9999, -9999, -9999, 37, 87, -9999, -9999, -9999, -9999, -9999],
[-9999, -9999, -9999, -9999, -9999, -9999, -9999, -9999, -9999, -9999, -9999, -9999, -9999, -9999, 49, -9999, -9999, -9999, 43, 93, -9999, -9999, -9999, -9999, -9999, -9999, -9999, -9999, -9999, -9999, 16, 19, -9999, -9999, -9999, -9999, -9999, -9999, 17, -9999, -9999, -9999, -9999, -9999, 64, -9999, -9999, -9999, -9999, -9999, 49, -9999, -9999, 14, -9999, -9999, -9999, -9999, -9999, -9999, -9999, -9999, -9999, -9999, -9999, -9999, 40, -9999, -9999, -9999, -9999, -9999, -9999, 74, -9999, -9999, -9999, -9999, -9999, 75, -9999, -9999, -9999, -9999, -9999, 78, 97, -9999, 12, -9999, -9999, -9999, -9999, -9999, -9999, -9999, 41, -9999, 78, -9999],
[-9999, -9999, -9999, -9999, -9999, -9999, 22, -9999, -9999, -9999, 38, 96, 24, -9999, -9999, -9999, -9999, 10, -9999, 69, -9999, 42, -9999, -9999, 94, -9999, 89, -9999, -9999, -9999, 85, 14, -9999, -9999, 8, 100, -9999, -9999, 56, 59, -9999, -9999, 22, -9999, 71, -9999, 86, -9999, -9999, -9999, 36, 23, 5, 82, 92, 44, -9999, -9999, -9999, 79, -9999, -9999, -9999, 50, -9999, -9999, -9999, 45, 63, 67, 54, -9999, -9999, -9999, -9999, -9999, -9999, -9999, -9999, 23, -9999, -9999, -9999, -9999, -9999, -9999, 49, -9999, 1, -9999, 100, 69, -9999, -9999, 62, -9999, -9999, -9999, -9999, -9999],
[43, -9999, -9999, -9999, -9999, -9999, -9999, 94, -9999, -9999, 98, -9999, -9999, -9999, -9999, -9999, -9999, -9999, -9999, -9999, -9999, -9999, -9999, 100, -9999, -9999, -9999, -9999, -9999, 4, -9999, -9999, -9999, -9999, -9999, -9999, -9999, -9999, -9999, -9999, -9999, -9999, 21, -9999, -9999, -9999, -9999, -9999, -9999, -9999, -9999, -9999, 88, -9999, 99, -9999, -9999, -9999, -9999, -9999, -9999, -9999, -9999, -9999, -9999, -9999, 14, -9999, -9999, -9999, -9999, -9999, 5, -9999, -9999, -9999, -9999, -9999, -9999, -9999, -9999, -9999, -9999, -9999, -9999, -9999, -9999, -9999, -9999, -9999, -9999, -9999, -9999, -9999, -9999, -9999, -9999, 23, -9999, -9999],
[-9999, -9999, -9999, -9999, -9999, -9999, -9999, -9999, -9999, -9999, -9999, 7, -9999, -9999, -9999, 50, -9999, -9999, -9999, -9999, -9999, -9999, -9999, -9999, -9999, 4, -9999, -9999, -9999, -9999, 65, 99, -9999, -9999, -9999, -9999, -9999, -9999, 55, -9999, -9999, -9999, -9999, -9999, 14, -9999, 2, -9999, -9999, -9999, 48, -9999, -9999, 37, -9999, -9999, -9999, -9999, -9999, -9999, 38, -9999, -9999, -9999, -9999, -9999, -9999, -9999, -9999, 34, -9999, -9999, -9999, 83, -9999, -9999, -9999, 7, -9999, 68, -9999, -9999, -9999, -9999, -9999, 79, 19, -9999, 55, -9999, -9999, -9999, -9999, 35, 83, -9999, -9999, -9999, -9999, -9999],
[7, -9999, -9999, -9999, -9999, -9999, 75, -9999, -9999, -9999, 51, -9999, 35, -9999, 27, 83, -9999, 89, -9999, -9999, -9999, 91, -9999, -9999, -9999, 100, -9999, -9999, -9999, -9999, -9999, -9999, 83, -9999, 58, 65, -9999, -9999, 56, -9999, -9999, -9999, -9999, -9999, 35, -9999, 55, -9999, -9999, -9999, -9999, 35, 64, 95, 51, -9999, 33, 40, 98, -9999, 81, -9999, -9999, 1, -9999, -9999, 41, -9999, 56, -9999, -9999, 54, 80, -9999, -9999, -9999, -9999, 79, -9999, -9999, -9999, -9999, 67, -9999, -9999, 54, -9999, -9999, 47, -9999, 60, -9999, -9999, -9999, 27, -9999, -9999, -9999, 98, 84],
[27, -9999, -9999, -9999, 32, -9999, 68, -9999, -9999, -9999, 29, -9999, 29, -9999, 15, 8, 82, 25, -9999, 12, -9999, 45, -9999, -9999, -9999, 34, 7, -9999, -9999, -9999, -9999, -9999, 83, -9999, 75, 13, 41, -9999, -9999, 48, -9999, -9999, -9999, -9999, 52, -9999, 75, -9999, -9999, -9999, 69, 59, 61, -9999, 100, 50, -9999, -9999, -9999, -9999, 89, -9999, -9999, 59, -9999, -9999, -9999, -9999, 50, -9999, -9999, -9999, 89, 2, -9999, -9999, -9999, 36, 65, -9999, -9999, -9999, -9999, -9999, -9999, 6, 31, -9999, 68, 49, -9999, -9999, -9999, 80, 8, -9999, -9999, 48, 47, 41],
[44, -9999, 50, -9999, 22, -9999, 66, -9999, -9999, -9999, 42, 53, 17, -9999, 98, 5, 67, 79, -9999, 54, -9999, 95, -9999, -9999, -9999, 40, -9999, -9999, -9999, -9999, -9999, 66, -9999, -9999, -9999, 59, -9999, -9999, 86, 82, -9999, -9999, 98, -9999, 95, -9999, -9999, -9999, 67, -9999, 97, 75, 29, -9999, 40, 38, 28, 47, 80, 71, -9999, -9999, -9999, -9999, -9999, -9999, 91, -9999, -9999, 33, -9999, -9999, 94, 87, -9999, -9999, -9999, -9999, -9999, 42, -9999, -9999, -9999, -9999, -9999, 44, -9999, -9999, -9999, -9999, 28, 16, -9999, 23, 15, -9999, -9999, 74, -9999, 97],
[44, -9999, 83, -9999, 26, -9999, 50, -9999, -9999, -9999, 29, -9999, 23, -9999, 76, 45, -9999, 2, -9999, 92, -9999, -9999, -9999, -9999, 91, -9999, -9999, -9999, -9999, -9999, -9999, -9999, 77, -9999, 72, 20, -9999, -9999, 17, 28, -9999, -9999, -9999, -9999, 94, -9999, 93, -9999, -9999, -9999, -9999, 99, 56, -9999, 39, -9999, 72, -9999, 8, 87, -9999, -9999, -9999, -9999, -9999, -9999, 63, -9999, -9999, -9999, -9999, -9999, -9999, 5, -9999, -9999, -9999, 60, 88, 12, -9999, -9999, -9999, -9999, -9999, 7, -9999, -9999, 8, -9999, -9999, 81, -9999, 6, 60, -9999, -9999, 94, 78, 23],
[-9999, -9999, 83, -9999, -9999, -9999, 21, 75, -9999, 93, 40, -9999, 42, 90, 54, 27, 3, -9999, -9999, 49, -9999, 52, -9999, -9999, 87, -9999, 72, -9999, -9999, -9999, 73, -9999, 93, -9999, 54, 22, -9999, 44, 66, 49, -9999, 4, -9999, -9999, 1, -9999, 15, -9999, -9999, -9999, 61, 97, 41, -9999, 75, 21, -9999, 57, 42, -9999, 84, -9999, 43, -9999, -9999, -9999, 29, 74, 91, -9999, -9999, 83, 4, -9999, -9999, -9999, -9999, -9999, -9999, -9999, 83, -9999, -9999, 31, -9999, -9999, 2, 93, 11, -9999, 73, 52, -9999, -9999, 72, 17, 63, 11, -9999, -9999],
[44, -9999, 51, -9999, 70, -9999, -9999, -9999, -9999, -9999, 16, -9999, 34, -9999, 47, 41, -9999, 78, -9999, -9999, -9999, 31, -9999, -9999, 90, -9999, 36, -9999, -9999, -9999, 97, -9999, 38, -9999, 1, 85, -9999, -9999, 72, 24, -9999, -9999, 29, 96, 35, -9999, 45, -9999, -9999, -9999, 29, 51, 97, 60, 77, -9999, 58, -9999, 39, -9999, -9999, -9999, -9999, -9999, -9999, -9999, 5, 81, -9999, -9999, -9999, 81, 81, -9999, 14, -9999, -9999, -9999, 22, 37, -9999, -9999, 25, -9999, -9999, 96, -9999, -9999, -9999, -9999, 84, -9999, -9999, -9999, -9999, -9999, -9999, 20, 68, 30],
[30, -9999, 54, -9999, -9999, -9999, 79, -9999, -9999, -9999, -9999, 87, 75, -9999, -9999, 75, 17, 71, -9999, 2, -9999, 43, -9999, -9999, 77, -9999, -9999, -9999, -9999, -9999, 27, -9999, -9999, -9999, 36, 86, -9999, -9999, 75, 11, -9999, -9999, 60, -9999, 12, -9999, 96, -9999, -9999, -9999, 37, 72, 77, 24, 23, 46, 91, 82, 70, 61, 75, -9999, -9999, 36, -9999, -9999, -9999, 84, -9999, -9999, -9999, 100, 49, 73, -9999, -9999, -9999, 41, -9999, -9999, -9999, -9999, -9999, -9999, -9999, -9999, 57, -9999, -9999, -9999, 95, 65, -9999, -9999, -9999, -9999, -9999, 54, -9999, 43],
[-9999, -9999, -9999, -9999, -9999, -9999, -9999, -9999, -9999, -9999, -9999, 96, -9999, 66, -9999, -9999, -9999, -9999, 71, 83, -9999, -9999, 54, -9999, -9999, 26, 27, -9999, -9999, -9999, 87, -9999, -9999, -9999, -9999, -9999, -9999, -9999, 31, 54, -9999, -9999, -9999, -9999, 12, -9999, 13, -9999, -9999, -9999, 43, -9999, -9999, -9999, -9999, -9999, -9999, -9999, -9999, -9999, 93, -9999, -9999, -9999, 17, -9999, -9999, -9999, -9999, 99, -9999, -9999, -9999, -9999, -9999, -9999, -9999, -9999, -9999, 71, -9999, -9999, -9999, -9999, -9999, -9999, 57, -9999, -9999, -9999, -9999, -9999, -9999, 83, -9999, -9999, -9999, -9999, -9999, -9999],
[-9999, -9999, -9999, -9999, 40, -9999, 71, -9999, -9999, -9999, 62, 31, 98, -9999, -9999, -9999, 66, -9999, -9999, 87, -9999, -9999, -9999, -9999, 88, 51, 64, -9999, -9999, -9999, -9999, 72, 84, -9999, 51, 83, -9999, -9999, 36, 95, -9999, -9999, -9999, -9999, 56, -9999, 42, -9999, -9999, -9999, 24, 66, 55, -9999, 4, -9999, 18, 1, -9999, 19, 21, -9999, -9999, 15, -9999, -9999, 53, 76, 52, 89, -9999, 71, -9999, 17, -9999, -9999, -9999, -9999, 67, -9999, -9999, -9999, -9999, -9999, 28, 80, 19, -9999, 75, -9999, 91, -9999, -9999, 33, 70, -9999, -9999, 82, -9999, 74],
[50, -9999, 10, -9999, 67, 66, -9999, -9999, -9999, -9999, 6, -9999, 73, -9999, -9999, 42, 40, 93, -9999, -9999, 90, -9999, -9999, -9999, -9999, -9999, 58, -9999, -9999, -9999, -9999, -9999, 85, -9999, -9999, -9999, 85, -9999, 98, -9999, -9999, -9999, 11, -9999, 90, 86, 14, -9999, -9999, -9999, -9999, 55, 95, 93, 53, -9999, -9999, -9999, -9999, -9999, -9999, -9999, -9999, 71, -9999, -9999, -9999, 12, -9999, 17, -9999, 15, 12, 6, -9999, -9999, -9999, 17, 62, 96, -9999, -9999, -9999, -9999, -9999, 40, 74, -9999, 89, -9999, -9999, 74, -9999, 100, 89, -9999, -9999, -9999, 8, -9999],
[-9999, -9999, -9999, -9999, -9999, -9999, -9999, -9999, -9999, -9999, -9999, 21, -9999, -9999, -9999, 70, -9999, -9999, -9999, 43, -9999, -9999, 56, -9999, -9999, 78, 66, -9999, -9999, -9999, -9999, -9999, -9999, -9999, -9999, -9999, -9999, -9999, 42, 56, -9999, -9999, -9999, -9999, 42, -9999, 27, -9999, 32, 36, 36, -9999, -9999, 11, -9999, -9999, -9999, -9999, -9999, -9999, 67, -9999, -9999, -9999, -9999, -9999, 97, -9999, -9999, -9999, -9999, -9999, -9999, -9999, -9999, -9999, -9999, 25, -9999, 74, -9999, -9999, -9999, -9999, -9999, -9999, 49, -9999, 81, -9999, -9999, -9999, -9999, 48, 21, -9999, -9999, -9999, -9999, -9999],
[-9999, -9999, -9999, -9999, -9999, -9999, -9999, -9999, -9999, -9999, -9999, -9999, -9999, -9999, 4, 44, -9999, -9999, 25, -9999, -9999, -9999, -9999, -9999, -9999, -9999, -9999, -9999, -9999, -9999, 97, 88, -9999, -9999, -9999, -9999, -9999, -9999, 62, 92, -9999, -9999, -9999, -9999, 95, -9999, -9999, -9999, 8, -9999, -9999, -9999, -9999, 9, -9999, -9999, -9999, -9999, -9999, -9999, 89, -9999, -9999, -9999, -9999, -9999, 42, -9999, -9999, 19, -9999, -9999, -9999, 74, -9999, -9999, -9999, -9999, -9999, 57, -9999, -9999, -9999, -9999, 15, -9999, 27, -9999, 91, -9999, -9999, -9999, -9999, -9999, 32, -9999, -9999, -9999, 46, 83],
[-9999, -9999, -9999, -9999, 20, -9999, 71, 74, -9999, 74, -9999, -9999, 43, 63, 87, -9999, -9999, -9999, -9999, -9999, -9999, -9999, -9999, 91, -9999, 75, -9999, -9999, 6, 9, 82, -9999, 66, -9999, 10, 3, -9999, 17, 74, 1, -9999, -9999, -9999, -9999, 59, 45, -9999, -9999, -9999, -9999, -9999, 36, 6, -9999, 52, 1, 20, 20, -9999, -9999, -9999, -9999, 46, 84, -9999, -9999, -9999, 13, -9999, 24, -9999, -9999, 76, 74, 88, -9999, 45, -9999, -9999, 7, 71, -9999, 72, 27, -9999, 72, 4, 62, 61, -9999, -9999, -9999, -9999, -9999, -9999, 23, -9999, -9999, -9999, 43],
[85, -9999, -9999, -9999, -9999, -9999, -9999, -9999, -9999, -9999, -9999, -9999, -9999, -9999, -9999, -9999, -9999, -9999, -9999, -9999, -9999, -9999, -9999, -9999, -9999, -9999, -9999, -9999, -9999, -9999, -9999, -9999, -9999, -9999, -9999, -9999, -9999, -9999, -9999, -9999, -9999, -9999, -9999, -9999, -9999, -9999, -9999, -9999, -9999, -9999, -9999, -9999, -9999, -9999, 4, -9999, -9999, -9999, -9999, -9999, -9999, -9999, -9999, -9999, -9999, -9999, 78, -9999, -9999, -9999, -9999, -9999, 72, -9999, -9999, -9999, -9999, -9999, -9999, -9999, -9999, -9999, -9999, -9999, -9999, -9999, -9999, -9999, -9999, -9999, -9999, -9999, -9999, -9999, -9999, -9999, -9999, 82, -9999, -9999],
[-9999, -9999, -9999, -9999, -9999, -9999, -9999, -9999, -9999, -9999, -9999, -9999, -9999, -9999, -9999, -9999, -9999, -9999, -9999, -9999, -9999, -9999, -9999, -9999, -9999, -9999, -9999, -9999, -9999, -9999, -9999, -9999, -9999, -9999, -9999, -9999, -9999, -9999, -9999, -9999, -9999, -9999, -9999, -9999, -9999, -9999, -9999, -9999, -9999, -9999, -9999, -9999, -9999, -9999, -9999, -9999, -9999, -9999, -9999, -9999, -9999, -9999, -9999, -9999, -9999, -9999, 60, -9999, -9999, -9999, -9999, -9999, -9999, -9999, -9999, -9999, -9999, -9999, -9999, -9999, -9999, -9999, -9999, -9999, -9999, -9999, -9999, -9999, -9999, -9999, -9999, -9999, -9999, -9999, -9999, -9999, -9999, -9999, -9999, -9999],
[45, -9999, -9999, -9999, 19, 21, 82, 61, 45, 3, -9999, -9999, 80, 49, -9999, 77, -9999, -9999, -9999, 12, -9999, -9999, -9999, -9999, 24, 13, 37, -9999, -9999, -9999, 19, 5, 6, -9999, 12, 96, -9999, 20, 51, 93, -9999, -9999, -9999, -9999, 26, -9999, 71, -9999, -9999, -9999, 10, 71, 19, 56, 45, 93, 56, -9999, -9999, -9999, 93, -9999, 37, -9999, -9999, -9999, -9999, -9999, -9999, -9999, -9999, -9999, 85, -9999, -9999, -9999, -9999, -9999, 98, 29, 21, -9999, 26, -9999, -9999, -9999, 6, 58, 45, -9999, 55, 92, -9999, -9999, 3, 44, -9999, -9999, -9999, 27],
[-9999, -9999, -9999, -9999, -9999, -9999, -9999, -9999, -9999, -9999, -9999, 52, -9999, -9999, -9999, -9999, -9999, -9999, 59, 70, -9999, -9999, 88, -9999, -9999, 61, 54, -9999, 55, -9999, 12, -9999, -9999, -9999, -9999, -9999, -9999, -9999, 57, 90, -9999, -9999, -9999, -9999, 22, -9999, 86, -9999, -9999, -9999, 8, -9999, -9999, 31, -9999, -9999, -9999, -9999, -9999, -9999, 75, -9999, -9999, -9999, -9999, -9999, -9999, -9999, -9999, 42, -9999, -9999, -9999, 89, -9999, -9999, -9999, -9999, -9999, 99, -9999, -9999, -9999, -9999, -9999, 56, -9999, -9999, 33, -9999, -9999, -9999, -9999, 93, 57, -9999, -9999, -9999, -9999, -9999],
[-9999, -9999, -9999, -9999, -9999, -9999, -9999, -9999, -9999, -9999, 96, -9999, -9999, -9999, -9999, -9999, -9999, -9999, -9999, -9999, -9999, -9999, -9999, -9999, -9999, -9999, -9999, -9999, -9999, -9999, -9999, -9999, -9999, -9999, -9999, -9999, -9999, -9999, -9999, -9999, -9999, -9999, -9999, -9999, -9999, -9999, -9999, -9999, -9999, -9999, -9999, -9999, 14, -9999, 98, -9999, -9999, -9999, -9999, -9999, -9999, -9999, -9999, -9999, -9999, -9999, 10, -9999, -9999, -9999, -9999, -9999, 31, -9999, -9999, -9999, -9999, -9999, -9999, -9999, -9999, -9999, -9999, -9999, -9999, -9999, -9999, -9999, -9999, -9999, -9999, -9999, -9999, -9999, -9999, -9999, -9999, 95, -9999, -9999],
[69, -9999, 14, -9999, 2, -9999, -9999, -9999, -9999, -9999, -9999, 72, 30, -9999, 13, -9999, 55, -9999, -9999, 21, -9999, 92, -9999, -9999, -9999, 100, -9999, -9999, -9999, -9999, 27, 62, -9999, -9999, -9999, 70, -9999, -9999, 59, 86, -9999, -9999, 78, -9999, 78, -9999, 8, -9999, -9999, 20, 73, 2, 79, 17, 36, 19, 41, -9999, -9999, 71, -9999, -9999, -9999, -9999, -9999, -9999, 74, -9999, 7, -9999, -9999, 6, -9999, 12, -9999, -9999, 63, -9999, 72, 84, -9999, -9999, 18, -9999, -9999, -9999, 77, -9999, 14, -9999, 42, 6, -9999, 28, 93, -9999, -9999, -9999, -9999, -9999]
];
