NbNodes = 100;
NbNDDs = 0;
NbPairs = 100;
NbTerminals = 0;
K = 0;
L = 102;
Wt = [
[-9999, 61, -9999, -9999, -9999, -9999, -9999, -9999, 24, -9999, -9999, -9999, -9999, -9999, -9999, -9999, 63, -9999, -9999, -9999, -9999, -9999, -9999, -9999, -9999, -9999, -9999, -9999, -9999, -9999, -9999, -9999, -9999, -9999, -9999, -9999, -9999, -9999, -9999, -9999, -9999, -9999, -9999, -9999, -9999, -9999, -9999, -9999, -9999, -9999, -9999, -9999, -9999, -9999, -9999, -9999, -9999, -9999, -9999, -9999, -9999, -9999, 41, -9999, -9999, -9999, -9999, -9999, -9999, -9999, -9999, 16, -9999, -9999, -9999, -9999, -9999, -9999, -9999, -9999, 25, -9999, -9999, -9999, -9999, -9999, -9999, -9999, -9999, -9999, 89, 6, 5, -9999, -9999, -9999, -9999, -9999, -9999, -9999],
[-9999, -9999, 50, 78, -9999, -9999, -9999, -9999, 46, -9999, 98, -9999, -9999, -9999, -9999, 61, -9999, -9999, -9999, -9999, 91, 24, -9999, -9999, -9999, 100, -9999, -9999, 84, -9999, 67, -9999, 28, -9999, 44, -9999, 87, 59, 90, -9999, -9999, -9999, -9999, -9999, 47, -9999, 93, -9999, -9999, -9999, -9999, 88, 7, -9999, -9999, -9999, 84, 67, -9999, 73, 76, -9999, 72, 47, 87, -9999, -9999, 15, 90, -9999, -9999, -9999, 69, -9999, -9999, -9999, 56, 26, 87, -9999, -9999, -9999, 29, -9999, 4, 16, 35, 66, -9999, -9999, 92, 38, -9999, -9999, -9999, 78, -9999, 33, -9999, -9999],
[-9999, -9999, -9999, -9999, -9999, -9999, -9999, -9999, 93, 51, -9999, -9999, -9999, -9999, -9999, 18, 39, -9999, -9999, -9999, -9999, -9999, -9999, -9999, -9999, -9999, -9999, -9999, -9999, -9999, -9999, -9999, -9999, -9999, -9999, -9999, -9999, -9999, -9999, -9999, -9999, -9999, -9999, -9999, -9999, -9999, -9999, -9999, -9999, -9999, -9999, -9999, -9999, -9999, -9999, -9999, -9999, -9999, -9999, -9999, -9999, -9999, -9999, -9999, -9999, -9999, -9999, -9999, -9999, -9999, -9999, -9999, -9999, -9999, -9999, -9999, -9999, -9999, -9999, -9999, 51, -9999, -9999, -9999, 18, -9999, -9999, -9999, -9999, -9999, 88, 66, -9999, -9999, -9999, 66, -9999, 51, -9999, -9999],
[76, -9999, -9999, -9999, 7, -9999, 31, -9999, -9999, 4, -9999, -9999, -9999, 53, 55, -9999, 32, -9999, 83, -9999, 53, -9999, -9999, -9999, -9999, 76, -9999, -9999, -9999, -9999, 78, -9999, 77, -9999, 49, -9999, -9999, 49, -9999, -9999, -9999, -9999, -9999, -9999, 76, -9999, 14, -9999, -9999, -9999, -9999, 53, -9999, -9999, -9999, 57, 39, 97, -9999, -9999, 14, -9999, -9999, 83, -9999, 12, -9999, -9999, 15, -9999, -9999, -9999, 93, -9999, -9999, -9999, -9999, 26, 51, -9999, 1, 57, 65, -9999, 21, -9999, -9999, 23, -9999, -9999, 97, 66, 71, -9999, -9999, 62, -9999, 19, -9999, -9999],
[-9999, -9999, 96, -9999, -9999, -9999, 69, -9999, 25, -9999, 46, -9999, 18, 69, -9999, 62, -9999, -9999, -9999, -9999, 40, -9999, -9999, -9999, -9999, -9999, 30, -9999, -9999, 89, -9999, -9999, 27, 42, 20, -9999, 26, 44, 99, -9999, -9999, -9999, 71, -9999, 38, -9999, 9, -9999, -9999, -9999, -9999, 42, 54, -9999, -9999, 80, 3, 69, -9999, 52, 10, -9999, 97, 95, 64, 84, -9999, 10, 80, -9999, -9999, -9999, 29, -9999, 50, 66, -9999, -9999, 3, -9999, 27, 89, 23, -9999, -9999, -9999, -9999, 10, -9999, -9999, 64, -9999, -9999, -9999, -9999, -9999, -9999, 8, -9999, -9999],
[-9999, 81, -9999, 49, -9999, -9999, -9999, -9999, -9999, 5, -9999, -9999, 7, 42, 9, -9999, 89, -9999, 57, -9999, 61, 78, -9999, -9999, -9999, 33, 66, -9999, 99, -9999, -9999, -9999, 89, -9999, -9999, -9999, 42, -9999, 66, -9999, -9999, -9999, 54, -9999, 23, -9999, 65, -9999, -9999, -9999, 1, 100, 54, -9999, -9999, 33, 83, 29, -9999, 5, 93, -9999, -9999, 76, -9999, -9999, -9999, 88, 73, 57, -9999, -9999, 67, -9999, -9999, -9999, -9999, -9999, 72, -9999, -9999, 11, 55, -9999, 33, 67, 19, 18, -9999, 6, 76, -9999, 2, -9999, -9999, 16, -9999, 15, -9999, -9999],
[10, -9999, -9999, -9999, -9999, -9999, -9999, -9999, -9999, 18, 78, -9999, -9999, -9999, -9999, 47, -9999, -9999, 35, -9999, 48, -9999, -9999, -9999, -9999, 32, -9999, -9999, 86, 6, -9999, -9999, 80, -9999, 11, 43, 27, 28, 94, -9999, -9999, -9999, -9999, -9999, 84, 65, 67, -9999, -9999, -9999, -9999, 72, 51, -9999, -9999, 56, 30, 58, -9999, -9999, -9999, -9999, -9999, 17, 25, 91, -9999, 90, 30, -9999, -9999, -9999, -9999, -9999, -9999, -9999, -9999, -9999, 13, -9999, -9999, 11, 63, -9999, 77, 56, -9999, 85, -9999, -9999, 10, 57, -9999, -9999, -9999, -9999, -9999, -9999, -9999, -9999],
[8, 31, 44, 43, 18, -9999, 73, -9999, 98, 3, 61, 23, 37, 51, 74, -9999, -9999, -9999, -9999, -9999, 32, 84, -9999, -9999, 75, 19, 81, 29, -9999, 39, 36, -9999, 62, -9999, 95, -9999, -9999, -9999, 8, -9999, 60, 24, 77, -9999, 75, -9999, -9999, 97, 20, -9999, -9999, 41, -9999, 29, 59, 55, 40, 77, -9999, -9999, 34, 6, -9999, 41, 92, 8, -9999, 67, 74, -9999, 94, -9999, 86, -9999, -9999, -9999, 25, 11, 97, -9999, 47, 62, 73, -9999, 65, -9999, 30, -9999, 73, -9999, 95, 89, 4, -9999, -9999, -9999, 99, -9999, 89, -9999],
[28, 54, -9999, 48, 34, -9999, 40, -9999, -9999, 93, 73, -9999, 93, -9999, -9999, 10, 30, -9999, -9999, -9999, 37, 25, -9999, -9999, -9999, -9999, 39, -9999, 30, 77, 90, -9999, 66, -9999, 12, -9999, 90, 44, 28, -9999, -9999, -9999, 56, -9999, 71, 29, -9999, -9999, -9999, -9999, -9999, 54, 92, -9999, -9999, 79, 99, -9999, -9999, -9999, -9999, -9999, 17, 23, 91, -9999, -9999, 70, 85, -9999, -9999, -9999, -9999, -9999, -9999, -9999, -9999, 61, -9999, -9999, 69, 9, 73, -9999, 51, 16, 21, 20, -9999, -9999, 38, 58, 34, -9999, -9999, 30, -9999, -9999, -9999, -9999],
[52, -9999, 76, 68, -9999, 78, -9999, -9999, -9999, -9999, 84, -9999, 37, 9, 97, 22, -9999, -9999, -9999, -9999, 43, 2, -9999, -9999, -9999, -9999, 70, -9999, 80, -9999, -9999, -9999, 22, -9999, -9999, 3, 78, 71, -9999, -9999, -9999, -9999, 81, -9999, 68, -9999, -9999, -9999, -9999, -9999, -9999, 75, 74, -9999, -9999, 6, 94, 88, -9999, -9999, 37, -9999, 68, 91, 78, -9999, -9999, 50, 43, -9999, -9999, -9999, 12, -9999, -9999, -9999, -9999, 16, -9999, -9999, 38, 10, 64, -9999, -9999, -9999, -9999, -9999, -9999, -9999, 59, 96, 4, -9999, -9999, 94, -9999, 6, -9999, -9999],
[22, 82, 75, 17, 70, -9999, 84, -9999, 90, 98, -9999, -9999, 61, -9999, 77, -9999, 63, -9999, 12, -9999, 65, -9999, -9999, -9999, -9999, 63, -9999, -9999, -9999, 3, 46, -9999, 10, -9999, 33, -9999, 11, 67, 48, -9999, -9999, -9999, 10, -9999, 49, -9999, -9999, 13, -9999, -9999, -9999, -9999, 75, -9999, -9999, 40, 92, 62, -9999, 77, -9999, -9999, 50, 47, -9999, 27, -9999, 84, 21, -9999, -9999, -9999, 35, -9999, -9999, -9999, -9999, 63, -9999, -9999, -9999, -9999, 20, -9999, 63, -9999, 14, -9999, -9999, -9999, 98, 89, 30, -9999, -9999, -9999, -9999, 78, -9999, -9999],
[79, 11, 48, 64, 10, -9999, 50, 68, 34, 98, 31, -9999, -9999, -9999, -9999, 69, 78, 89, -9999, 29, 2, 27, -9999, -9999, 52, -9999, 18, 86, 40, 47, 30, -9999, 82, -9999, 29, -9999, 8, -9999, 96, -9999, -9999, -9999, -9999, -9999, 28, 56, 28, 91, -9999, -9999, -9999, -9999, 61, 10, -9999, 88, 20, -9999, -9999, 40, 19, -9999, 68, 16, -9999, 65, 17, -9999, 97, -9999, 53, -9999, 21, -9999, -9999, -9999, -9999, -9999, 62, -9999, -9999, 59, 39, 65, -9999, -9999, -9999, -9999, -9999, -9999, 66, -9999, 47, -9999, -9999, 19, 75, 16, 95, -9999],
[-9999, 59, 2, 40, 3, 90, -9999, -9999, -9999, 59, 94, -9999, -9999, 72, -9999, -9999, 23, -9999, 70, -9999, 62, 53, 99, -9999, -9999, 96, -9999, -9999, -9999, 40, 77, -9999, 100, -9999, -9999, -9999, 2, -9999, 94, -9999, -9999, -9999, -9999, -9999, 64, -9999, 53, -9999, -9999, -9999, -9999, 97, 58, -9999, -9999, -9999, 77, -9999, -9999, 52, 86, -9999, -9999, 6, 80, -9999, -9999, -9999, 19, -9999, -9999, -9999, -9999, -9999, -9999, -9999, -9999, 32, 33, -9999, 32, -9999, 60, -9999, 99, -9999, 57, -9999, -9999, -9999, 21, 71, 12, -9999, -9999, 66, -9999, -9999, -9999, -9999],
[-9999, 63, -9999, -9999, -9999, -9999, 3, 6, 44, 56, -9999, -9999, -9999, -9999, -9999, 43, 20, -9999, -9999, -9999, -9999, -9999, -9999, -9999, -9999, -9999, -9999, -9999, -9999, -9999, -9999, -9999, -9999, -9999, -9999, -9999, -9999, -9999, 56, -9999, -9999, -9999, -9999, -9999, -9999, -9999, -9999, -9999, -9999, -9999, -9999, -9999, -9999, -9999, -9999, -9999, -9999, -9999, -9999, -9999, -9999, -9999, -9999, -9999, -9999, -9999, -9999, -9999, -9999, -9999, -9999, -9999, -9999, -9999, -9999, -9999, -9999, -9999, -9999, 72, -9999, -9999, -9999, -9999, -9999, -9999, -9999, -9999, -9999, -9999, 12, -9999, 45, -9999, -9999, 6, -9999, 63, -9999, -9999],
[32, 98, -9999, 99, -9999, -9999, -9999, -9999, 95, 64, -9999, -9999, 98, 48, -9999, 46, -9999, -9999, -9999, 44, 100, -9999, -9999, -9999, -9999, -9999, -9999, -9999, -9999, 37, -9999, -9999, 8, -9999, 90, -9999, 51, 30, 62, -9999, -9999, -9999, -9999, -9999, 15, 84, -9999, -9999, -9999, -9999, -9999, 39, -9999, -9999, -9999, 30, 54, 21, -9999, 49, 46, -9999, -9999, 48, 84, 20, -9999, 32, 55, -9999, -9999, 14, 41, -9999, -9999, -9999, -9999, 79, -9999, -9999, 71, 73, 26, -9999, -9999, -9999, -9999, -9999, -9999, -9999, 98, -9999, 25, -9999, -9999, 44, -9999, -9999, -9999, -9999],
[22, -9999, -9999, -9999, -9999, -9999, -9999, -9999, -9999, -9999, -9999, -9999, -9999, -9999, -9999, -9999, -9999, -9999, -9999, -9999, -9999, -9999, -9999, -9999, -9999, -9999, -9999, -9999, -9999, -9999, -9999, -9999, -9999, -9999, 75, -9999, -9999, 22, -9999, -9999, -9999, -9999, -9999, -9999, -9999, 73, -9999, -9999, -9999, -9999, -9999, -9999, -9999, -9999, -9999, -9999, -9999, -9999, -9999, -9999, 59, -9999, -9999, -9999, -9999, -9999, -9999, -9999, -9999, -9999, -9999, -9999, 73, -9999, -9999, -9999, -9999, -9999, -9999, -9999, -9999, -9999, -9999, -9999, -9999, -9999, -9999, -9999, -9999, -9999, -9999, -9999, -9999, -9999, -9999, -9999, -9999, -9999, -9999, -9999],
[-9999, 7, 42, 75, 82, -9999, 69, -9999, 34, -9999, -9999, -9999, -9999, 8, -9999, 18, -9999, -9999, 100, -9999, 38, 60, -9999, -9999, -9999, 25, -9999, -9999, -9999, 46, -9999, -9999, 35, -9999, 18, -9999, 75, 100, -9999, -9999, -9999, -9999, 42, -9999, 39, 77, 16, -9999, -9999, -9999, -9999, 27, 45, -9999, -9999, -9999, 15, -9999, -9999, 36, 94, -9999, -9999, 30, -9999, -9999, -9999, 33, 14, 76, -9999, -9999, -9999, -9999, -9999, -9999, -9999, 31, 16, -9999, 75, 8, 24, -9999, -9999, -9999, -9999, 100, -9999, -9999, 92, -9999, 28, -9999, -9999, -9999, -9999, -9999, -9999, -9999],
[17, -9999, 5, -9999, 30, -9999, 92, -9999, -9999, 2, -9999, 82, 4, 47, -9999, 34, 50, -9999, 61, -9999, -9999, 88, -9999, 58, -9999, -9999, -9999, -9999, -9999, 87, 65, -9999, 94, -9999, 42, -9999, -9999, -9999, -9999, -9999, -9999, -9999, 7, -9999, 94, -9999, 99, 65, 86, -9999, -9999, -9999, -9999, 3, 20, 3, 99, 79, 3, 31, -9999, -9999, -9999, 93, 17, -9999, -9999, -9999, 96, -9999, -9999, -9999, -9999, 46, -9999, -9999, 97, 56, -9999, 21, 89, 29, 1, -9999, 75, -9999, -9999, 55, 59, -9999, 22, 25, 81, -9999, -9999, 82, -9999, 2, -9999, -9999],
[-9999, 27, -9999, -9999, -9999, -9999, -9999, -9999, 54, 78, -9999, -9999, -9999, -9999, -9999, 33, 63, -9999, -9999, -9999, -9999, -9999, -9999, -9999, -9999, -9999, -9999, -9999, -9999, -9999, -9999, -9999, -9999, -9999, -9999, -9999, 76, -9999, 65, -9999, -9999, -9999, -9999, -9999, -9999, -9999, -9999, -9999, -9999, -9999, -9999, -9999, -9999, -9999, -9999, -9999, -9999, -9999, -9999, -9999, -9999, -9999, 82, -9999, -9999, -9999, -9999, -9999, -9999, -9999, -9999, -9999, -9999, -9999, -9999, -9999, -9999, -9999, -9999, -9999, -9999, -9999, -9999, -9999, 98, -9999, -9999, -9999, -9999, -9999, 16, 67, 83, -9999, -9999, 48, -9999, 88, -9999, -9999],
[84, 30, -9999, -9999, 7, -9999, 29, -9999, 13, 68, -9999, -9999, 75, 47, -9999, -9999, 82, -9999, 66, -9999, 42, 20, -9999, -9999, -9999, -9999, -9999, -9999, 42, 48, 95, -9999, 51, -9999, 51, -9999, -9999, 44, 49, 28, -9999, -9999, -9999, -9999, 88, 95, 14, -9999, -9999, -9999, -9999, 27, -9999, -9999, -9999, -9999, 42, 6, -9999, 1, 69, -9999, 15, 71, 36, -9999, -9999, 46, 31, 94, -9999, -9999, 11, -9999, -9999, -9999, -9999, 9, 38, -9999, -9999, -9999, 51, -9999, 17, -9999, -9999, 58, -9999, -9999, 6, 88, 76, -9999, -9999, 90, -9999, 68, -9999, -9999],
[20, -9999, 33, -9999, 98, -9999, -9999, -9999, -9999, 51, 39, -9999, 4, 27, 91, 87, 87, -9999, 90, -9999, -9999, -9999, 99, -9999, -9999, -9999, 99, -9999, 46, 59, 41, -9999, 78, -9999, -9999, 30, -9999, 74, 1, -9999, -9999, -9999, -9999, -9999, 2, 99, 42, -9999, -9999, -9999, -9999, 3, 44, -9999, -9999, 81, 30, 55, -9999, -9999, -9999, -9999, 14, 36, 78, 23, -9999, 90, 63, -9999, -9999, -9999, -9999, -9999, -9999, -9999, -9999, 55, 89, -9999, 70, -9999, 70, -9999, 38, -9999, 74, -9999, -9999, -9999, 30, 1, -9999, -9999, -9999, 32, -9999, -9999, -9999, -9999],
[-9999, 80, -9999, -9999, -9999, -9999, 72, -9999, 44, 3, -9999, -9999, -9999, -9999, -9999, -9999, 69, -9999, -9999, -9999, -9999, -9999, -9999, -9999, -9999, -9999, -9999, -9999, -9999, -9999, -9999, -9999, -9999, -9999, -9999, -9999, -9999, -9999, 29, -9999, -9999, -9999, -9999, -9999, -9999, -9999, -9999, -9999, -9999, -9999, -9999, -9999, -9999, -9999, -9999, -9999, -9999, -9999, -9999, -9999, -9999, -9999, 53, -9999, -9999, -9999, -9999, -9999, -9999, -9999, -9999, -9999, -9999, -9999, -9999, -9999, -9999, -9999, -9999, -9999, 27, -9999, -9999, -9999, 18, -9999, -9999, -9999, -9999, -9999, 29, 82, 18, -9999, -9999, -9999, -9999, 18, -9999, -9999],
[-9999, 48, -9999, -9999, -9999, -9999, -9999, -9999, 25, -9999, -9999, -9999, -9999, -9999, -9999, 1, 22, -9999, -9999, -9999, -9999, -9999, -9999, -9999, -9999, -9999, -9999, -9999, -9999, -9999, -9999, -9999, -9999, -9999, -9999, -9999, 7, -9999, 68, -9999, -9999, -9999, -9999, -9999, -9999, -9999, -9999, -9999, -9999, -9999, -9999, -9999, -9999, -9999, -9999, -9999, -9999, -9999, -9999, -9999, -9999, -9999, 50, -9999, -9999, -9999, -9999, -9999, -9999, -9999, -9999, -9999, -9999, -9999, -9999, -9999, -9999, -9999, -9999, -9999, 77, -9999, -9999, -9999, -9999, -9999, -9999, -9999, -9999, -9999, 14, 38, 34, -9999, -9999, -9999, -9999, -9999, -9999, -9999],
[-9999, -9999, 25, -9999, 66, 45, 63, -9999, -9999, 12, 86, -9999, -9999, -9999, -9999, -9999, 63, -9999, 32, -9999, 100, 45, -9999, -9999, -9999, -9999, -9999, -9999, 47, -9999, 62, -9999, 7, -9999, 24, -9999, -9999, 39, 64, -9999, -9999, -9999, 61, -9999, 19, 87, -9999, -9999, -9999, -9999, -9999, 80, 74, -9999, -9999, 73, 74, -9999, -9999, 47, -9999, -9999, 47, 33, -9999, -9999, -9999, -9999, 43, -9999, -9999, -9999, -9999, -9999, -9999, -9999, -9999, -9999, 69, -9999, 49, -9999, 11, -9999, 39, -9999, -9999, 27, -9999, 51, 53, 53, 95, -9999, -9999, -9999, -9999, 30, -9999, -9999],
[-9999, -9999, -9999, -9999, -9999, -9999, -9999, -9999, -9999, -9999, -9999, -9999, -9999, -9999, -9999, -9999, -9999, -9999, -9999, -9999, -9999, -9999, -9999, -9999, -9999, 84, -9999, -9999, -9999, -9999, -9999, -9999, -9999, -9999, 8, -9999, -9999, 34, -9999, -9999, -9999, -9999, 24, -9999, -9999, -9999, -9999, -9999, -9999, -9999, -9999, -9999, -9999, -9999, -9999, -9999, -9999, -9999, -9999, -9999, 12, -9999, -9999, -9999, -9999, -9999, -9999, -9999, -9999, -9999, -9999, -9999, 15, -9999, -9999, -9999, -9999, -9999, -9999, -9999, -9999, -9999, -9999, -9999, -9999, -9999, -9999, -9999, -9999, -9999, -9999, -9999, -9999, -9999, -9999, -9999, -9999, -9999, -9999, -9999],
[-9999, -9999, 17, -9999, -9999, -9999, 51, -9999, 22, 71, -9999, -9999, 15, -9999, -9999, 55, 83, -9999, 24, 64, 27, -9999, 78, -9999, -9999, -9999, 62, -9999, 79, 84, -9999, -9999, 71, -9999, 40, -9999, 75, 11, 21, -9999, -9999, -9999, -9999, -9999, 67, 53, 38, -9999, -9999, -9999, -9999, 62, -9999, -9999, -9999, 7, 14, 7, -9999, 47, 65, -9999, 17, 78, 3, -9999, -9999, 48, 82, -9999, -9999, -9999, 28, -9999, -9999, -9999, -9999, -9999, 40, -9999, 71, -9999, 2, -9999, -9999, -9999, 25, -9999, -9999, -9999, 82, -9999, -9999, -9999, -9999, 92, -9999, 56, -9999, -9999],
[-9999, -9999, -9999, -9999, -9999, -9999, 44, -9999, -9999, 92, -9999, -9999, -9999, -9999, -9999, -9999, -9999, -9999, -9999, -9999, -9999, -9999, -9999, -9999, -9999, -9999, -9999, -9999, -9999, -9999, -9999, -9999, -9999, -9999, -9999, -9999, -9999, -9999, -9999, -9999, -9999, -9999, -9999, -9999, -9999, -9999, -9999, -9999, -9999, -9999, -9999, -9999, -9999, -9999, -9999, -9999, -9999, -9999, -9999, -9999, -9999, -9999, -9999, -9999, -9999, -9999, -9999, -9999, -9999, -9999, -9999, -9999, -9999, -9999, -9999, -9999, -9999, -9999, -9999, -9999, -9999, -9999, -9999, -9999, 3, -9999, -9999, -9999, -9999, -9999, 81, 60, -9999, -9999, -9999, -9999, -9999, 20, -9999, -9999],
[-9999, -9999, -9999, -9999, -9999, -9999, 56, -9999, 44, -9999, -9999, -9999, -9999, -9999, -9999, -9999, -9999, -9999, -9999, -9999, -9999, -9999, -9999, -9999, -9999, -9999, -9999, -9999, -9999, -9999, -9999, -9999, -9999, -9999, -9999, -9999, -9999, -9999, 18, -9999, -9999, -9999, -9999, -9999, -9999, -9999, -9999, -9999, -9999, -9999, -9999, -9999, -9999, -9999, -9999, -9999, -9999, -9999, -9999, -9999, -9999, -9999, -9999, -9999, -9999, -9999, -9999, -9999, -9999, -9999, -9999, -9999, -9999, -9999, -9999, -9999, -9999, -9999, -9999, 11, 14, -9999, -9999, -9999, 66, -9999, -9999, -9999, -9999, -9999, 83, 29, 22, -9999, -9999, 3, -9999, -9999, -9999, -9999],
[-9999, 70, -9999, 28, 29, -9999, 39, -9999, 26, -9999, 97, -9999, -9999, 14, 81, -9999, -9999, -9999, 45, -9999, 37, 45, -9999, -9999, -9999, -9999, 44, -9999, -9999, 30, 61, -9999, 81, -9999, -9999, -9999, 85, 3, -9999, -9999, -9999, -9999, 16, -9999, 55, 98, 81, 15, -9999, -9999, -9999, 55, 97, -9999, -9999, -9999, 56, 14, -9999, 6, 99, -9999, 73, 59, -9999, -9999, -9999, 48, 79, -9999, -9999, -9999, -9999, -9999, -9999, -9999, -9999, 1, -9999, -9999, 27, 19, 4, -9999, -9999, -9999, 30, -9999, -9999, -9999, 4, -9999, 28, -9999, -9999, 44, -9999, 93, -9999, -9999],
[-9999, -9999, -9999, -9999, -9999, -9999, 20, -9999, -9999, 56, -9999, -9999, -9999, -9999, -9999, 68, -9999, 61, -9999, -9999, -9999, -9999, -9999, -9999, 72, -9999, -9999, -9999, -9999, -9999, -9999, -9999, -9999, -9999, -9999, -9999, 59, -9999, -9999, -9999, -9999, -9999, -9999, -9999, -9999, -9999, -9999, 28, 4, -9999, -9999, -9999, -9999, 91, 5, -9999, -9999, -9999, -9999, -9999, -9999, -9999, 7, -9999, -9999, -9999, -9999, -9999, -9999, -9999, -9999, -9999, -9999, -9999, -9999, -9999, -9999, -9999, -9999, -9999, -9999, -9999, -9999, 44, -9999, -9999, -9999, -9999, -9999, -9999, 17, 29, 26, -9999, -9999, 33, 13, 7, -9999, -9999],
[-9999, -9999, -9999, -9999, -9999, -9999, 43, -9999, 88, 39, -9999, -9999, -9999, -9999, -9999, -9999, 35, -9999, -9999, -9999, -9999, -9999, -9999, -9999, -9999, -9999, -9999, -9999, -9999, -9999, -9999, -9999, -9999, -9999, -9999, -9999, -9999, -9999, 51, -9999, -9999, -9999, -9999, -9999, -9999, -9999, -9999, 41, -9999, -9999, -9999, -9999, -9999, -9999, -9999, -9999, -9999, -9999, -9999, -9999, -9999, -9999, 80, -9999, -9999, -9999, -9999, -9999, -9999, -9999, -9999, -9999, -9999, -9999, -9999, -9999, -9999, -9999, -9999, -9999, 77, -9999, -9999, -9999, 91, -9999, -9999, -9999, -9999, -9999, 64, -9999, 94, -9999, -9999, -9999, -9999, 41, -9999, -9999],
[-9999, 60, -9999, -9999, -9999, -9999, -9999, -9999, 97, -9999, -9999, -9999, -9999, -9999, -9999, 23, -9999, -9999, -9999, -9999, -9999, -9999, -9999, -9999, -9999, -9999, -9999, -9999, -9999, -9999, -9999, -9999, -9999, -9999, -9999, -9999, 56, -9999, 55, -9999, -9999, -9999, -9999, -9999, -9999, -9999, -9999, -9999, -9999, -9999, -9999, -9999, -9999, -9999, -9999, -9999, -9999, -9999, -9999, -9999, -9999, -9999, -9999, -9999, -9999, -9999, -9999, -9999, -9999, -9999, -9999, -9999, -9999, -9999, -9999, -9999, -9999, -9999, -9999, -9999, -9999, -9999, -9999, -9999, 26, -9999, -9999, -9999, -9999, -9999, -9999, 33, 32, -9999, -9999, -9999, -9999, -9999, -9999, -9999],
[94, 9, -9999, 2, -9999, -9999, 44, -9999, 14, 27, 23, 44, 77, 27, -9999, 13, 10, -9999, -9999, -9999, 31, 83, -9999, -9999, -9999, 74, 44, 45, 45, -9999, -9999, 19, -9999, -9999, 85, -9999, -9999, 79, -9999, -9999, -9999, 76, 9, -9999, 20, 10, 55, -9999, 87, -9999, -9999, 77, -9999, 59, 30, 75, 17, -9999, -9999, 62, 57, -9999, 49, 72, -9999, 75, 17, 48, 97, -9999, -9999, -9999, -9999, -9999, -9999, -9999, -9999, 87, -9999, -9999, 41, 5, 35, 62, -9999, -9999, -9999, 83, 36, -9999, 75, 80, -9999, -9999, -9999, -9999, 27, 93, 57, -9999],
[-9999, -9999, -9999, 78, -9999, -9999, 20, -9999, 88, 98, 95, -9999, -9999, -9999, -9999, -9999, -9999, -9999, -9999, -9999, 61, -9999, -9999, -9999, -9999, 29, 55, -9999, -9999, 18, 75, -9999, 85, -9999, 10, -9999, -9999, -9999, 35, -9999, -9999, -9999, -9999, -9999, 50, -9999, 3, -9999, -9999, -9999, -9999, -9999, 96, -9999, -9999, 88, 77, -9999, -9999, 5, 75, -9999, 76, 71, 5, -9999, -9999, -9999, 93, -9999, -9999, 83, 94, -9999, -9999, -9999, -9999, -9999, 21, -9999, -9999, -9999, 80, -9999, 5, -9999, 62, -9999, -9999, -9999, 6, -9999, -9999, -9999, -9999, -9999, -9999, 95, -9999, -9999],
[-9999, 93, -9999, -9999, -9999, -9999, -9999, -9999, 46, -9999, -9999, -9999, -9999, -9999, -9999, -9999, -9999, -9999, -9999, -9999, -9999, -9999, -9999, -9999, -9999, -9999, -9999, -9999, -9999, -9999, -9999, -9999, -9999, -9999, -9999, -9999, 37, -9999, 1, -9999, -9999, -9999, -9999, -9999, -9999, -9999, -9999, -9999, -9999, -9999, -9999, -9999, -9999, -9999, -9999, -9999, -9999, -9999, -9999, -9999, -9999, -9999, 74, -9999, -9999, -9999, -9999, -9999, -9999, -9999, -9999, -9999, -9999, -9999, -9999, -9999, -9999, -9999, -9999, 59, -9999, -9999, -9999, -9999, -9999, -9999, -9999, -9999, -9999, -9999, 37, -9999, 56, -9999, -9999, 3, -9999, 71, -9999, -9999],
[-9999, -9999, -9999, -9999, -9999, -9999, -9999, -9999, -9999, -9999, -9999, -9999, -9999, -9999, -9999, -9999, -9999, -9999, -9999, -9999, -9999, -9999, -9999, -9999, -9999, 36, -9999, -9999, -9999, -9999, -9999, -9999, -9999, -9999, 80, -9999, -9999, -9999, -9999, -9999, -9999, -9999, 20, -9999, -9999, -9999, -9999, -9999, -9999, -9999, -9999, -9999, -9999, -9999, -9999, -9999, -9999, -9999, -9999, -9999, 74, -9999, -9999, -9999, -9999, -9999, -9999, -9999, -9999, -9999, -9999, -9999, -9999, -9999, -9999, -9999, -9999, -9999, -9999, -9999, -9999, -9999, -9999, -9999, -9999, -9999, -9999, -9999, -9999, -9999, -9999, -9999, -9999, -9999, -9999, -9999, -9999, -9999, -9999, -9999],
[-9999, 89, 61, -9999, 83, -9999, 61, -9999, 83, 50, 84, -9999, 10, -9999, -9999, 18, -9999, 10, 62, 17, 90, -9999, -9999, 15, 87, -9999, 93, -9999, 72, -9999, 93, -9999, 8, -9999, 57, -9999, -9999, -9999, 98, -9999, -9999, -9999, 96, -9999, 90, -9999, 63, -9999, -9999, -9999, -9999, 11, -9999, 46, 18, -9999, 95, 38, 56, 50, 48, -9999, 40, 15, 90, -9999, 12, 29, 88, -9999, 16, -9999, 4, -9999, -9999, -9999, -9999, -9999, -9999, 77, -9999, -9999, 45, 92, 8, -9999, 43, 82, -9999, 80, 51, -9999, -9999, -9999, -9999, 60, -9999, 7, 29, -9999],
[-9999, 96, -9999, -9999, -9999, -9999, 5, -9999, 77, 39, -9999, -9999, -9999, -9999, -9999, -9999, 70, -9999, -9999, -9999, -9999, -9999, -9999, -9999, -9999, -9999, -9999, -9999, -9999, -9999, -9999, -9999, -9999, -9999, -9999, -9999, 43, -9999, 57, -9999, -9999, -9999, -9999, -9999, -9999, -9999, -9999, -9999, -9999, -9999, -9999, -9999, -9999, -9999, -9999, -9999, -9999, -9999, -9999, -9999, -9999, -9999, -9999, -9999, -9999, -9999, -9999, -9999, -9999, -9999, -9999, -9999, -9999, -9999, 95, -9999, -9999, -9999, -9999, -9999, 31, -9999, -9999, -9999, 96, -9999, -9999, -9999, -9999, -9999, 57, -9999, -9999, -9999, -9999, 47, -9999, 39, -9999, -9999],
[-9999, -9999, -9999, -9999, -9999, -9999, -9999, -9999, -9999, -9999, -9999, -9999, -9999, -9999, -9999, -9999, -9999, -9999, -9999, -9999, -9999, -9999, -9999, -9999, -9999, -9999, -9999, -9999, -9999, -9999, -9999, -9999, -9999, -9999, -9999, -9999, -9999, -9999, -9999, -9999, -9999, -9999, -9999, -9999, -9999, -9999, -9999, -9999, -9999, -9999, -9999, -9999, -9999, -9999, -9999, -9999, -9999, -9999, -9999, -9999, -9999, -9999, -9999, -9999, -9999, -9999, -9999, -9999, -9999, -9999, -9999, -9999, -9999, -9999, -9999, -9999, -9999, -9999, -9999, -9999, -9999, -9999, -9999, -9999, -9999, -9999, -9999, -9999, -9999, -9999, -9999, -9999, -9999, -9999, -9999, -9999, -9999, -9999, -9999, -9999],
[58, -9999, -9999, -9999, -9999, -9999, -9999, -9999, -9999, -9999, -9999, -9999, -9999, -9999, -9999, -9999, -9999, -9999, -9999, -9999, -9999, -9999, -9999, -9999, -9999, 13, -9999, -9999, -9999, -9999, -9999, -9999, -9999, -9999, 65, -9999, -9999, 84, -9999, -9999, -9999, -9999, 31, -9999, -9999, 77, -9999, -9999, -9999, -9999, -9999, -9999, -9999, -9999, -9999, -9999, -9999, -9999, -9999, -9999, -9999, -9999, -9999, -9999, -9999, -9999, -9999, -9999, -9999, -9999, -9999, -9999, 21, -9999, -9999, -9999, -9999, -9999, -9999, -9999, -9999, -9999, -9999, -9999, -9999, -9999, -9999, -9999, -9999, -9999, -9999, -9999, -9999, -9999, -9999, -9999, -9999, -9999, -9999, -9999],
[-9999, -9999, 25, 42, 57, -9999, 4, -9999, -9999, -9999, 65, -9999, 94, -9999, 22, -9999, -9999, -9999, -9999, -9999, 19, -9999, -9999, -9999, -9999, -9999, -9999, -9999, -9999, 20, 56, -9999, 97, -9999, 25, -9999, -9999, -9999, 49, -9999, -9999, -9999, 95, -9999, 35, -9999, 1, 70, -9999, -9999, -9999, 74, -9999, -9999, -9999, -9999, 34, 69, -9999, -9999, -9999, -9999, -9999, 52, 82, 65, -9999, 38, 59, -9999, -9999, -9999, 55, -9999, -9999, -9999, -9999, -9999, 29, -9999, 49, -9999, 83, -9999, 46, -9999, 4, -9999, -9999, -9999, 59, -9999, -9999, -9999, -9999, -9999, -9999, 53, -9999, -9999],
[-9999, 36, 44, -9999, -9999, -9999, -9999, -9999, 14, -9999, 11, 54, -9999, 85, 49, 46, 89, 18, 37, -9999, 70, 74, -9999, 74, -9999, 75, 100, -9999, 83, -9999, 73, -9999, 7, -9999, 24, -9999, 93, -9999, -9999, 9, -9999, -9999, 51, -9999, 5, 56, 39, -9999, -9999, -9999, -9999, 82, 36, 69, 59, -9999, 83, 46, -9999, 55, 93, -9999, 15, 3, -9999, -9999, 90, 27, 80, -9999, 38, -9999, 76, -9999, -9999, -9999, -9999, 45, -9999, -9999, -9999, 72, 43, 90, 45, -9999, 23, -9999, -9999, -9999, 59, -9999, 10, -9999, 93, 6, -9999, 23, 9, -9999],
[-9999, -9999, -9999, -9999, -9999, -9999, -9999, -9999, 96, 34, -9999, -9999, -9999, -9999, -9999, 28, -9999, 62, -9999, -9999, -9999, -9999, -9999, -9999, 94, -9999, -9999, -9999, -9999, -9999, -9999, -9999, -9999, -9999, -9999, -9999, 4, -9999, -9999, -9999, -9999, -9999, -9999, -9999, -9999, -9999, -9999, -9999, 84, -9999, -9999, -9999, -9999, 98, 15, -9999, -9999, -9999, -9999, -9999, -9999, -9999, 9, -9999, -9999, -9999, -9999, -9999, -9999, -9999, -9999, -9999, -9999, -9999, -9999, -9999, -9999, -9999, -9999, -9999, -9999, -9999, -9999, 19, 12, -9999, -9999, -9999, -9999, -9999, -9999, -9999, 83, 70, -9999, -9999, -9999, -9999, -9999, -9999],
[13, 89, 63, -9999, 81, -9999, -9999, 93, 92, 35, -9999, -9999, 76, 80, -9999, 14, 63, -9999, 31, -9999, 10, -9999, -9999, -9999, -9999, -9999, 1, -9999, -9999, 24, -9999, -9999, 23, -9999, -9999, -9999, 72, 58, 77, -9999, -9999, -9999, 1, -9999, 45, 94, 28, -9999, -9999, -9999, -9999, 98, -9999, -9999, -9999, -9999, 41, 11, -9999, -9999, -9999, -9999, 27, 53, 34, 6, -9999, -9999, 59, 11, -9999, -9999, 83, -9999, -9999, -9999, -9999, 58, 2, -9999, 89, -9999, 66, -9999, 12, -9999, 19, -9999, -9999, -9999, 79, 42, 53, -9999, -9999, 96, -9999, 81, -9999, -9999],
[-9999, 97, -9999, -9999, -9999, -9999, -9999, -9999, 45, 32, -9999, -9999, -9999, -9999, -9999, 56, -9999, -9999, -9999, -9999, -9999, -9999, -9999, -9999, -9999, -9999, -9999, -9999, -9999, -9999, -9999, -9999, -9999, -9999, -9999, -9999, -9999, -9999, 41, -9999, -9999, -9999, -9999, -9999, -9999, -9999, -9999, 26, -9999, -9999, -9999, -9999, -9999, -9999, -9999, -9999, -9999, -9999, -9999, -9999, -9999, -9999, 34, -9999, -9999, -9999, -9999, -9999, -9999, -9999, -9999, -9999, -9999, -9999, 33, -9999, -9999, -9999, -9999, -9999, 26, -9999, -9999, -9999, -9999, -9999, -9999, -9999, -9999, -9999, -9999, -9999, 68, -9999, -9999, 22, -9999, 6, -9999, -9999],
[-9999, -9999, 33, 81, -9999, -9999, 90, 26, 26, -9999, 34, -9999, 65, 33, 10, 45, 7, -9999, -9999, -9999, 78, 32, -9999, -9999, -9999, 33, 61, -9999, -9999, 11, -9999, -9999, 26, -9999, 37, -9999, -9999, 77, -9999, -9999, -9999, -9999, -9999, -9999, 10, -9999, -9999, -9999, -9999, -9999, -9999, 12, -9999, -9999, -9999, 5, 29, -9999, -9999, 97, 65, -9999, -9999, 88, 51, 51, -9999, 16, 11, -9999, -9999, -9999, 51, -9999, -9999, -9999, -9999, 96, -9999, -9999, 66, -9999, 33, -9999, 2, -9999, -9999, -9999, -9999, -9999, 20, -9999, 69, -9999, -9999, -9999, -9999, 6, -9999, -9999],
[87, 91, -9999, -9999, 45, -9999, -9999, 96, 74, -9999, 73, -9999, 96, 77, 97, 2, -9999, -9999, -9999, 85, 96, -9999, -9999, -9999, -9999, 59, -9999, -9999, 69, -9999, 59, -9999, 12, -9999, 24, -9999, 63, 46, 94, -9999, -9999, -9999, 56, -9999, 67, -9999, -9999, -9999, -9999, -9999, 82, -9999, 2, -9999, -9999, -9999, 44, -9999, -9999, -9999, 52, -9999, -9999, 66, 21, 25, -9999, 34, 45, -9999, -9999, -9999, 34, -9999, -9999, -9999, -9999, -9999, 10, -9999, 53, 45, 53, -9999, -9999, -9999, 52, 96, -9999, -9999, 77, 18, -9999, -9999, -9999, -9999, -9999, 83, -9999, -9999],
[-9999, 50, -9999, -9999, -9999, -9999, -9999, 7, 74, -9999, -9999, -9999, -9999, -9999, -9999, 29, 6, -9999, -9999, -9999, -9999, -9999, -9999, -9999, -9999, -9999, -9999, -9999, -9999, -9999, -9999, -9999, -9999, -9999, -9999, -9999, 90, -9999, 25, -9999, -9999, -9999, -9999, -9999, -9999, -9999, -9999, -9999, -9999, -9999, -9999, -9999, -9999, -9999, -9999, -9999, -9999, -9999, -9999, -9999, -9999, -9999, 72, -9999, -9999, -9999, -9999, -9999, -9999, -9999, -9999, -9999, -9999, -9999, -9999, -9999, -9999, -9999, -9999, -9999, 93, -9999, -9999, -9999, -9999, -9999, -9999, -9999, -9999, -9999, 58, -9999, -9999, -9999, -9999, 100, -9999, 70, -9999, -9999],
[68, 80, -9999, -9999, -9999, -9999, -9999, -9999, -9999, -9999, 100, 52, 67, 28, -9999, -9999, 14, 94, 36, -9999, 45, -9999, -9999, 55, 60, -9999, 59, 60, 33, -9999, -9999, -9999, 51, -9999, -9999, -9999, 3, 80, 52, -9999, -9999, -9999, -9999, -9999, 39, -9999, 14, -9999, -9999, -9999, -9999, -9999, -9999, 62, 9, -9999, 40, -9999, -9999, 17, -9999, -9999, -9999, 51, 5, 2, 67, -9999, 7, -9999, 80, -9999, 19, -9999, -9999, -9999, -9999, 89, 13, -9999, 37, -9999, 96, 65, 36, 81, 84, -9999, -9999, -9999, 11, -9999, -9999, 47, -9999, 93, 57, 44, 97, -9999],
[-9999, 47, -9999, -9999, -9999, -9999, 60, -9999, 25, 55, -9999, -9999, -9999, -9999, -9999, -9999, 24, -9999, -9999, -9999, -9999, -9999, -9999, -9999, -9999, -9999, -9999, -9999, -9999, -9999, -9999, -9999, -9999, -9999, -9999, -9999, 75, -9999, 30, -9999, -9999, -9999, -9999, -9999, -9999, -9999, -9999, -9999, -9999, -9999, -9999, -9999, -9999, -9999, -9999, -9999, -9999, -9999, -9999, -9999, -9999, -9999, 68, -9999, -9999, -9999, -9999, -9999, -9999, -9999, -9999, -9999, -9999, -9999, -9999, -9999, -9999, -9999, -9999, -9999, -9999, -9999, -9999, -9999, -9999, -9999, -9999, -9999, -9999, -9999, -9999, 17, 46, -9999, -9999, -9999, -9999, -9999, -9999, -9999],
[-9999, -9999, -9999, 58, -9999, -9999, 95, -9999, 91, 9, 37, -9999, 54, 57, 33, 51, 85, -9999, -9999, -9999, 36, 91, 16, -9999, -9999, 29, 15, -9999, 55, 42, 13, -9999, 62, -9999, 50, -9999, -9999, 4, 15, -9999, -9999, -9999, 82, -9999, 92, 60, -9999, -9999, -9999, -9999, -9999, -9999, -9999, -9999, -9999, 5, 89, -9999, -9999, 22, 47, -9999, 66, 64, 51, -9999, -9999, 81, 55, -9999, -9999, 29, -9999, -9999, -9999, -9999, -9999, -9999, 27, -9999, -9999, -9999, 34, -9999, 85, 74, 43, 42, -9999, -9999, 43, 96, 95, -9999, -9999, -9999, -9999, 6, -9999, -9999],
[-9999, -9999, 89, -9999, 56, -9999, -9999, -9999, 89, 14, 48, -9999, -9999, 96, 82, 62, -9999, -9999, 51, -9999, 38, 84, -9999, -9999, -9999, -9999, -9999, -9999, 10, 51, 3, -9999, 30, -9999, -9999, -9999, -9999, -9999, -9999, -9999, -9999, -9999, -9999, -9999, 92, 53, -9999, -9999, -9999, -9999, -9999, -9999, 91, -9999, -9999, 8, 8, -9999, -9999, -9999, -9999, -9999, 91, 65, 86, -9999, -9999, 67, 79, -9999, -9999, -9999, 17, -9999, -9999, 54, -9999, 9, 4, -9999, -9999, 12, 45, -9999, 9, -9999, -9999, 40, -9999, -9999, 18, -9999, 57, -9999, -9999, 6, -9999, -9999, -9999, -9999],
[-9999, 86, -9999, -9999, -9999, -9999, -9999, -9999, -9999, 40, -9999, 67, -9999, -9999, 60, 39, -9999, 75, 58, -9999, 41, 68, -9999, 79, 48, 67, 97, -9999, -9999, 31, -9999, -9999, 87, -9999, 98, -9999, -9999, -9999, 72, -9999, -9999, -9999, -9999, -9999, 79, -9999, -9999, -9999, -9999, -9999, -9999, 56, -9999, 41, -9999, 22, 24, 42, -9999, 82, 82, 78, -9999, 77, -9999, 82, 97, -9999, 47, -9999, -9999, -9999, 8, -9999, -9999, -9999, -9999, 98, 71, -9999, 81, -9999, 64, -9999, -9999, -9999, -9999, -9999, -9999, -9999, 64, 60, 99, 6, -9999, -9999, 13, 37, 49, -9999],
[29, 38, -9999, 99, 14, -9999, 69, -9999, -9999, 75, 35, -9999, 70, 18, 54, 33, 89, -9999, 87, -9999, 62, -9999, 16, -9999, -9999, -9999, 1, -9999, 90, 71, 24, -9999, 76, -9999, 7, -9999, -9999, -9999, 54, -9999, -9999, -9999, 72, -9999, 76, -9999, -9999, -9999, -9999, -9999, -9999, -9999, 80, -9999, -9999, -9999, 82, -9999, -9999, 63, 69, -9999, 73, 82, -9999, 16, -9999, 43, -9999, 46, -9999, -9999, 74, -9999, -9999, -9999, -9999, 18, -9999, -9999, -9999, -9999, 98, -9999, 64, -9999, 6, 52, -9999, -9999, 96, -9999, -9999, -9999, -9999, 48, -9999, 5, -9999, -9999],
[-9999, 36, -9999, -9999, -9999, -9999, 27, -9999, -9999, 78, -9999, -9999, -9999, -9999, -9999, 74, 24, -9999, -9999, -9999, -9999, -9999, -9999, -9999, -9999, -9999, -9999, -9999, -9999, -9999, -9999, -9999, -9999, 29, -9999, -9999, 72, -9999, 93, -9999, -9999, -9999, -9999, -9999, -9999, -9999, -9999, 19, -9999, -9999, -9999, -9999, -9999, 9, -9999, -9999, -9999, -9999, -9999, -9999, -9999, -9999, 84, -9999, -9999, -9999, -9999, -9999, -9999, -9999, 55, -9999, -9999, -9999, -9999, -9999, -9999, -9999, -9999, -9999, -9999, -9999, -9999, 25, -9999, -9999, -9999, -9999, -9999, -9999, 4, 73, -9999, -9999, -9999, 53, 79, -9999, -9999, -9999],
[-9999, -9999, 96, 96, 98, -9999, 49, -9999, -9999, -9999, 91, -9999, 54, 30, 1, 33, -9999, -9999, -9999, -9999, 40, 73, -9999, -9999, -9999, 16, 86, -9999, 14, 22, -9999, -9999, 55, -9999, 95, -9999, 50, -9999, 5, -9999, -9999, -9999, 56, -9999, 9, -9999, -9999, -9999, -9999, -9999, -9999, -9999, -9999, -9999, -9999, -9999, -9999, -9999, -9999, 6, 99, -9999, 64, 72, 15, 59, -9999, -9999, 85, -9999, -9999, -9999, 72, -9999, -9999, -9999, -9999, 10, 61, -9999, -9999, 18, 12, -9999, 21, -9999, 93, -9999, -9999, -9999, 68, -9999, 6, -9999, -9999, -9999, -9999, 39, -9999, -9999],
[-9999, 79, 70, 51, -9999, -9999, 85, -9999, -9999, 17, -9999, -9999, 10, 69, 100, 52, 93, -9999, -9999, -9999, 63, 72, -9999, -9999, -9999, 81, -9999, -9999, 31, 6, -9999, -9999, 91, -9999, 50, -9999, -9999, 31, 10, -9999, -9999, -9999, -9999, -9999, 67, -9999, 88, -9999, -9999, -9999, -9999, -9999, 14, -9999, -9999, 97, -9999, -9999, -9999, 9, 50, -9999, 65, 3, 50, 16, -9999, 1, 19, -9999, -9999, -9999, -9999, -9999, -9999, 73, -9999, 5, 41, -9999, -9999, -9999, 19, -9999, 20, -9999, 75, -9999, -9999, -9999, 6, 34, 70, -9999, -9999, 27, -9999, -9999, -9999, -9999],
[54, -9999, 16, -9999, 27, -9999, 1, -9999, -9999, -9999, 90, -9999, 18, -9999, 26, -9999, 25, -9999, -9999, -9999, 20, 93, -9999, -9999, -9999, 44, -9999, -9999, 30, -9999, -9999, -9999, 76, -9999, 77, -9999, 40, 76, -9999, -9999, -9999, -9999, -9999, -9999, 8, -9999, -9999, -9999, -9999, -9999, -9999, 58, 61, -9999, -9999, 75, 19, -9999, -9999, -9999, -9999, -9999, -9999, 72, 10, 63, -9999, 3, 68, -9999, -9999, -9999, 25, -9999, -9999, -9999, 43, 31, 10, 80, -9999, 56, 57, -9999, 71, 8, 69, -9999, -9999, -9999, 88, 34, -9999, -9999, -9999, 23, -9999, 68, -9999, -9999],
[-9999, 2, -9999, 80, 45, -9999, -9999, -9999, 85, -9999, 15, -9999, -9999, -9999, 62, -9999, -9999, -9999, 59, 74, 93, 15, -9999, 82, 75, 77, 96, 87, 56, 91, -9999, -9999, 68, -9999, -9999, -9999, 86, 34, 21, -9999, -9999, -9999, 33, -9999, 64, 14, 5, -9999, -9999, -9999, -9999, 23, -9999, 16, 81, 18, 98, -9999, -9999, -9999, 17, 71, -9999, 87, 30, -9999, 38, -9999, 13, -9999, -9999, 46, -9999, 66, -9999, -9999, -9999, 45, 89, -9999, -9999, 46, 85, -9999, 93, -9999, 92, 94, 64, -9999, 86, 63, 44, 81, -9999, -9999, 66, 34, -9999, -9999],
[-9999, 34, -9999, -9999, -9999, -9999, 85, -9999, -9999, -9999, -9999, -9999, -9999, -9999, -9999, 74, 52, -9999, -9999, -9999, -9999, -9999, -9999, -9999, -9999, -9999, -9999, -9999, -9999, -9999, -9999, -9999, -9999, -9999, -9999, -9999, 37, -9999, -9999, -9999, -9999, -9999, -9999, -9999, -9999, -9999, -9999, -9999, -9999, -9999, -9999, -9999, -9999, -9999, -9999, -9999, -9999, -9999, -9999, -9999, -9999, -9999, 70, -9999, -9999, -9999, -9999, -9999, -9999, -9999, -9999, 23, -9999, -9999, -9999, -9999, -9999, -9999, -9999, -9999, -9999, -9999, -9999, -9999, -9999, -9999, -9999, -9999, -9999, -9999, 98, 23, 12, -9999, -9999, 43, -9999, -9999, -9999, -9999],
[22, -9999, -9999, 50, -9999, -9999, 32, -9999, 62, -9999, 67, -9999, 4, -9999, 57, 99, 96, -9999, 18, -9999, 23, 41, -9999, -9999, -9999, 71, 49, -9999, 69, -9999, 25, -9999, 48, 45, -9999, -9999, -9999, 33, 3, -9999, -9999, -9999, 81, -9999, 22, 34, -9999, -9999, -9999, -9999, -9999, -9999, -9999, -9999, -9999, -9999, 85, -9999, -9999, -9999, -9999, -9999, -9999, 91, 58, 75, -9999, 37, 63, -9999, -9999, -9999, 78, -9999, 50, -9999, -9999, 93, 5, 41, 73, -9999, 25, -9999, 77, -9999, -9999, -9999, -9999, -9999, 20, 11, 44, -9999, -9999, -9999, -9999, -9999, -9999, -9999],
[-9999, -9999, 40, 99, 75, -9999, -9999, -9999, 51, 47, -9999, -9999, 35, 95, -9999, 13, 67, -9999, 36, -9999, 41, 32, -9999, -9999, -9999, 91, 61, -9999, 23, 9, -9999, -9999, 93, -9999, -9999, -9999, 90, 22, -9999, -9999, -9999, -9999, -9999, -9999, 25, 89, -9999, -9999, -9999, -9999, -9999, -9999, 39, -9999, -9999, -9999, 83, 64, -9999, 89, 84, -9999, 98, 15, 67, 82, -9999, 79, 48, -9999, -9999, -9999, -9999, -9999, -9999, -9999, -9999, 66, 93, -9999, 68, -9999, 71, -9999, 90, -9999, 63, -9999, -9999, 73, 64, 6, -9999, -9999, -9999, 39, -9999, 77, -9999, -9999],
[-9999, 47, -9999, -9999, -9999, -9999, 33, -9999, -9999, -9999, -9999, -9999, -9999, -9999, -9999, 14, -9999, -9999, -9999, -9999, -9999, -9999, 32, -9999, -9999, -9999, -9999, -9999, -9999, -9999, -9999, -9999, -9999, -9999, -9999, -9999, 19, -9999, 11, -9999, -9999, -9999, -9999, -9999, -9999, -9999, -9999, -9999, -9999, -9999, -9999, -9999, -9999, -9999, -9999, -9999, -9999, -9999, -9999, -9999, -9999, -9999, -9999, -9999, -9999, -9999, -9999, -9999, -9999, -9999, -9999, -9999, -9999, -9999, -9999, -9999, -9999, -9999, -9999, -9999, 8, -9999, -9999, -9999, 57, -9999, -9999, -9999, -9999, -9999, 68, 71, -9999, -9999, -9999, 99, -9999, 79, -9999, -9999],
[1, 57, -9999, 100, 63, 80, 67, -9999, 91, 94, 30, -9999, 76, 30, 66, -9999, -9999, -9999, -9999, -9999, 12, 64, -9999, -9999, -9999, -9999, 1, -9999, -9999, -9999, 67, -9999, 59, -9999, 91, -9999, -9999, -9999, -9999, -9999, -9999, -9999, 20, -9999, 44, -9999, 72, -9999, -9999, -9999, -9999, 27, 90, -9999, -9999, -9999, 79, 85, -9999, -9999, 43, -9999, 88, -9999, 62, -9999, -9999, 91, 16, -9999, -9999, -9999, -9999, -9999, -9999, 59, -9999, -9999, -9999, -9999, 83, 48, 66, -9999, 37, -9999, -9999, -9999, -9999, -9999, 81, 69, 77, -9999, -9999, 48, -9999, 68, -9999, -9999],
[-9999, -9999, -9999, -9999, -9999, -9999, -9999, -9999, -9999, -9999, -9999, -9999, -9999, -9999, -9999, -9999, -9999, -9999, -9999, -9999, -9999, -9999, -9999, -9999, -9999, 92, -9999, -9999, -9999, -9999, -9999, -9999, -9999, -9999, -9999, -9999, -9999, -9999, -9999, 22, -9999, -9999, -9999, -9999, -9999, 52, -9999, -9999, -9999, -9999, -9999, -9999, -9999, -9999, -9999, -9999, -9999, -9999, -9999, -9999, 47, -9999, -9999, -9999, -9999, -9999, -9999, -9999, -9999, -9999, -9999, -9999, 51, -9999, -9999, -9999, -9999, -9999, -9999, -9999, -9999, -9999, -9999, -9999, -9999, -9999, -9999, -9999, -9999, -9999, -9999, -9999, -9999, -9999, -9999, -9999, -9999, -9999, -9999, -9999],
[3, 20, -9999, -9999, 45, -9999, 85, -9999, -9999, 8, -9999, -9999, 33, 86, 37, 52, 32, -9999, -9999, -9999, 66, 81, -9999, -9999, -9999, -9999, 68, -9999, -9999, 63, 92, -9999, 16, -9999, 67, -9999, -9999, -9999, -9999, 60, -9999, -9999, -9999, -9999, 34, -9999, -9999, -9999, -9999, -9999, -9999, 83, 50, -9999, -9999, 15, 19, 48, -9999, -9999, -9999, -9999, 90, 73, -9999, -9999, -9999, 45, 10, -9999, -9999, -9999, -9999, -9999, -9999, -9999, -9999, -9999, -9999, 20, -9999, -9999, 76, -9999, 72, -9999, 79, 27, -9999, 27, 43, 10, -9999, -9999, -9999, -9999, -9999, -9999, -9999, -9999],
[49, 90, -9999, -9999, 64, -9999, 52, -9999, 64, 74, 39, -9999, 32, -9999, 9, -9999, -9999, -9999, -9999, -9999, 66, -9999, 74, -9999, -9999, 100, 30, -9999, -9999, 68, 88, -9999, 48, -9999, 43, -9999, -9999, 50, 44, -9999, -9999, -9999, -9999, -9999, 71, -9999, 93, 100, -9999, -9999, -9999, 100, 11, -9999, -9999, 40, 66, 80, -9999, 76, -9999, -9999, 47, 83, 60, 23, -9999, 6, -9999, -9999, -9999, -9999, 7, -9999, -9999, 32, -9999, -9999, 28, -9999, 89, 43, 4, -9999, 7, -9999, 71, 34, -9999, -9999, 29, 71, -9999, -9999, -9999, -9999, -9999, 3, -9999, -9999],
[-9999, -9999, -9999, -9999, -9999, -9999, -9999, -9999, -9999, 36, -9999, -9999, -9999, -9999, -9999, 61, -9999, -9999, -9999, -9999, -9999, -9999, -9999, -9999, -9999, -9999, -9999, -9999, -9999, -9999, -9999, -9999, -9999, -9999, -9999, -9999, -9999, -9999, 39, -9999, -9999, -9999, -9999, -9999, -9999, -9999, -9999, -9999, -9999, -9999, -9999, -9999, -9999, -9999, -9999, -9999, -9999, -9999, -9999, -9999, -9999, -9999, -9999, -9999, -9999, -9999, -9999, -9999, -9999, -9999, -9999, -9999, -9999, -9999, -9999, -9999, -9999, -9999, -9999, -9999, -9999, -9999, -9999, -9999, 26, -9999, -9999, -9999, -9999, -9999, 86, 63, 77, -9999, -9999, 76, -9999, -9999, -9999, -9999],
[88, -9999, 100, -9999, -9999, -9999, 58, -9999, -9999, 81, 25, 32, -9999, 4, 61, -9999, 63, 30, -9999, -9999, 90, -9999, -9999, 2, 34, -9999, 6, 87, -9999, 22, 97, -9999, 65, 65, -9999, -9999, -9999, 63, -9999, -9999, -9999, -9999, -9999, 8, 54, 32, -9999, -9999, 57, -9999, -9999, -9999, -9999, 82, -9999, 20, 90, -9999, 32, 19, -9999, 100, -9999, 69, 38, -9999, 30, -9999, -9999, -9999, -9999, -9999, -9999, -9999, -9999, -9999, -9999, -9999, -9999, -9999, -9999, 90, 64, 71, -9999, -9999, 40, 3, -9999, -9999, 82, 59, 22, 15, 43, 69, -9999, 82, -9999, -9999],
[-9999, -9999, -9999, -9999, -9999, -9999, -9999, -9999, -9999, -9999, -9999, -9999, -9999, -9999, -9999, -9999, -9999, -9999, -9999, -9999, -9999, -9999, -9999, -9999, -9999, -9999, -9999, -9999, -9999, -9999, -9999, -9999, -9999, -9999, -9999, -9999, -9999, -9999, -9999, -9999, -9999, -9999, 8, -9999, -9999, 76, -9999, -9999, -9999, -9999, -9999, -9999, -9999, -9999, -9999, -9999, -9999, -9999, -9999, -9999, 99, -9999, -9999, -9999, -9999, -9999, -9999, -9999, -9999, -9999, -9999, -9999, -9999, -9999, -9999, -9999, -9999, -9999, -9999, -9999, -9999, -9999, -9999, -9999, -9999, -9999, -9999, -9999, -9999, -9999, -9999, -9999, -9999, -9999, -9999, -9999, -9999, -9999, -9999, -9999],
[42, -9999, -9999, -9999, -9999, -9999, -9999, -9999, -9999, -9999, -9999, -9999, -9999, -9999, -9999, -9999, -9999, -9999, -9999, -9999, -9999, -9999, -9999, -9999, -9999, 18, -9999, -9999, -9999, -9999, -9999, -9999, -9999, -9999, 96, -9999, -9999, 2, -9999, 78, -9999, -9999, 25, -9999, -9999, -9999, -9999, -9999, -9999, -9999, -9999, -9999, -9999, -9999, -9999, -9999, -9999, -9999, -9999, -9999, -9999, -9999, -9999, -9999, -9999, -9999, -9999, -9999, -9999, -9999, -9999, -9999, 27, -9999, -9999, -9999, -9999, -9999, -9999, -9999, -9999, -9999, -9999, -9999, -9999, -9999, -9999, -9999, -9999, -9999, -9999, -9999, -9999, -9999, -9999, -9999, -9999, -9999, -9999, -9999],
[-9999, -9999, -9999, -9999, -9999, -9999, 10, -9999, -9999, -9999, -9999, -9999, -9999, -9999, -9999, -9999, 15, -9999, -9999, -9999, -9999, -9999, -9999, -9999, -9999, -9999, -9999, -9999, -9999, -9999, -9999, -9999, -9999, -9999, -9999, -9999, -9999, -9999, -9999, -9999, -9999, -9999, -9999, -9999, -9999, -9999, -9999, -9999, -9999, -9999, -9999, -9999, -9999, -9999, -9999, -9999, -9999, -9999, -9999, -9999, -9999, -9999, -9999, -9999, -9999, -9999, -9999, -9999, -9999, -9999, -9999, -9999, -9999, -9999, -9999, -9999, -9999, -9999, -9999, -9999, 43, -9999, -9999, -9999, -9999, -9999, -9999, -9999, -9999, -9999, 20, 99, 8, -9999, -9999, 84, -9999, 17, -9999, -9999],
[95, 44, 71, -9999, 41, -9999, -9999, -9999, 94, 31, 49, -9999, 24, 91, -9999, 38, 63, -9999, 38, -9999, 46, 81, -9999, -9999, -9999, 95, 26, -9999, -9999, 53, -9999, -9999, 84, -9999, 28, -9999, 4, 70, 76, -9999, -9999, -9999, -9999, -9999, 25, 96, 10, -9999, -9999, -9999, -9999, -9999, 92, -9999, -9999, -9999, 33, -9999, -9999, -9999, -9999, -9999, -9999, 64, 24, 27, -9999, 36, 84, -9999, -9999, -9999, -9999, -9999, -9999, -9999, -9999, 95, -9999, -9999, 68, 3, 63, -9999, -9999, -9999, 96, 33, -9999, -9999, 58, 46, -9999, -9999, -9999, 63, -9999, 73, -9999, -9999],
[-9999, -9999, -9999, -9999, -9999, -9999, -9999, -9999, -9999, -9999, -9999, -9999, -9999, -9999, -9999, -9999, -9999, -9999, -9999, -9999, -9999, -9999, -9999, -9999, -9999, 54, -9999, -9999, -9999, -9999, -9999, -9999, -9999, -9999, -9999, -9999, -9999, 58, -9999, -9999, -9999, -9999, -9999, -9999, -9999, 12, -9999, -9999, -9999, -9999, -9999, -9999, -9999, -9999, -9999, -9999, -9999, -9999, -9999, -9999, 22, -9999, -9999, -9999, -9999, -9999, -9999, -9999, -9999, -9999, -9999, -9999, 81, -9999, -9999, -9999, -9999, -9999, -9999, -9999, -9999, -9999, -9999, -9999, -9999, -9999, -9999, -9999, -9999, -9999, -9999, -9999, -9999, -9999, -9999, -9999, -9999, -9999, -9999, -9999],
[-9999, 38, -9999, -9999, -9999, -9999, -9999, -9999, -9999, 2, -9999, -9999, -9999, -9999, -9999, -9999, -9999, -9999, -9999, 16, -9999, -9999, -9999, -9999, -9999, -9999, -9999, -9999, -9999, -9999, -9999, -9999, -9999, -9999, -9999, -9999, 48, -9999, -9999, -9999, -9999, -9999, -9999, -9999, -9999, -9999, -9999, -9999, -9999, -9999, -9999, -9999, -9999, -9999, -9999, -9999, -9999, -9999, -9999, -9999, -9999, -9999, 96, -9999, -9999, -9999, -9999, -9999, -9999, -9999, -9999, -9999, -9999, -9999, -9999, -9999, -9999, -9999, -9999, 56, 41, -9999, -9999, -9999, 47, -9999, -9999, -9999, -9999, -9999, 42, -9999, 50, -9999, -9999, 16, -9999, 95, -9999, -9999],
[-9999, -9999, -9999, -9999, -9999, -9999, -9999, -9999, 82, 77, -9999, -9999, -9999, -9999, -9999, -9999, -9999, -9999, -9999, -9999, -9999, -9999, -9999, -9999, -9999, -9999, -9999, -9999, -9999, -9999, -9999, -9999, -9999, -9999, -9999, -9999, -9999, -9999, 89, -9999, -9999, -9999, -9999, -9999, -9999, -9999, -9999, -9999, -9999, -9999, -9999, -9999, -9999, -9999, -9999, -9999, -9999, -9999, -9999, -9999, -9999, -9999, -9999, -9999, -9999, -9999, -9999, -9999, -9999, -9999, -9999, -9999, -9999, -9999, -9999, -9999, -9999, -9999, -9999, -9999, -9999, -9999, -9999, -9999, 71, -9999, -9999, -9999, -9999, -9999, 44, 97, 90, -9999, -9999, -9999, -9999, 61, -9999, -9999],
[47, -9999, 61, -9999, 59, -9999, 98, -9999, 76, -9999, 96, -9999, 20, 64, 78, -9999, -9999, -9999, 32, -9999, 84, -9999, 60, -9999, -9999, -9999, 13, -9999, 24, 35, -9999, -9999, 58, -9999, 92, -9999, 75, 87, 50, -9999, -9999, -9999, -9999, -9999, 4, 75, 35, -9999, -9999, -9999, -9999, 57, 53, -9999, -9999, -9999, 20, -9999, -9999, -9999, 85, -9999, -9999, 17, -9999, 67, -9999, -9999, 62, -9999, -9999, -9999, 53, -9999, -9999, 36, -9999, 19, -9999, -9999, 59, 59, 97, -9999, -9999, -9999, 79, -9999, -9999, -9999, 35, -9999, -9999, -9999, -9999, 31, -9999, 53, -9999, -9999],
[-9999, 70, -9999, -9999, -9999, -9999, -9999, -9999, -9999, 58, -9999, -9999, -9999, -9999, -9999, -9999, -9999, -9999, -9999, -9999, -9999, -9999, -9999, -9999, -9999, -9999, -9999, -9999, -9999, -9999, -9999, -9999, -9999, 57, -9999, -9999, 18, -9999, 39, -9999, -9999, -9999, -9999, -9999, -9999, -9999, -9999, 52, -9999, -9999, -9999, -9999, -9999, -9999, -9999, -9999, -9999, -9999, -9999, -9999, -9999, -9999, -9999, -9999, -9999, -9999, -9999, -9999, -9999, -9999, -9999, 83, -9999, -9999, -9999, -9999, -9999, -9999, -9999, -9999, 37, -9999, -9999, -9999, 76, -9999, -9999, -9999, -9999, -9999, 2, -9999, 98, -9999, -9999, -9999, -9999, 7, -9999, -9999],
[-9999, 86, 84, 40, 69, -9999, -9999, -9999, -9999, 100, -9999, -9999, 87, 29, -9999, 76, -9999, -9999, 12, -9999, 4, 61, -9999, -9999, -9999, -9999, 71, -9999, 40, 75, 2, -9999, 32, -9999, 35, -9999, -9999, 11, 52, -9999, -9999, -9999, 93, -9999, 66, 64, -9999, -9999, -9999, -9999, -9999, 51, -9999, -9999, -9999, 8, 71, 67, -9999, -9999, 86, -9999, -9999, 62, 8, -9999, -9999, 51, 25, -9999, -9999, -9999, 97, -9999, -9999, -9999, -9999, 16, -9999, -9999, 70, -9999, 28, -9999, 60, -9999, -9999, 86, -9999, -9999, 35, -9999, 73, -9999, -9999, -9999, -9999, 69, -9999, -9999],
[17, -9999, 92, 45, -9999, -9999, -9999, -9999, -9999, 38, 41, -9999, -9999, 8, 73, 50, -9999, 63, 94, 54, 76, 27, -9999, 85, 59, 54, 57, 58, 45, -9999, 58, -9999, 25, -9999, 93, -9999, -9999, 34, -9999, -9999, -9999, -9999, 35, -9999, 5, 49, 96, -9999, -9999, -9999, -9999, -9999, 49, 80, 48, 60, 14, -9999, 66, 76, -9999, -9999, -9999, 38, -9999, -9999, -9999, -9999, 73, -9999, -9999, -9999, 79, -9999, -9999, 70, -9999, 92, 56, -9999, 26, -9999, 60, -9999, 92, -9999, -9999, -9999, 5, -9999, 45, 72, 12, 64, -9999, -9999, -9999, -9999, -9999, -9999],
[-9999, 35, -9999, -9999, -9999, -9999, 92, -9999, 71, -9999, -9999, -9999, -9999, -9999, -9999, 41, 100, 32, -9999, -9999, -9999, -9999, -9999, -9999, -9999, -9999, -9999, -9999, -9999, -9999, -9999, 60, -9999, 42, -9999, -9999, 19, -9999, 56, -9999, -9999, -9999, -9999, -9999, -9999, -9999, -9999, -9999, 61, -9999, -9999, -9999, -9999, 16, 49, -9999, -9999, -9999, -9999, -9999, -9999, -9999, -9999, -9999, -9999, -9999, -9999, -9999, -9999, -9999, 33, -9999, -9999, -9999, -9999, -9999, -9999, -9999, -9999, -9999, -9999, -9999, -9999, -9999, -9999, -9999, -9999, -9999, -9999, -9999, 30, 77, 24, 61, -9999, -9999, 67, 91, -9999, -9999],
[-9999, -9999, -9999, -9999, -9999, -9999, 99, -9999, 89, -9999, -9999, -9999, -9999, -9999, -9999, 84, -9999, -9999, -9999, -9999, -9999, -9999, -9999, -9999, -9999, -9999, -9999, -9999, -9999, -9999, -9999, -9999, -9999, -9999, -9999, -9999, 33, -9999, 11, -9999, -9999, -9999, -9999, -9999, -9999, -9999, -9999, -9999, -9999, -9999, -9999, -9999, -9999, -9999, -9999, -9999, -9999, -9999, -9999, -9999, -9999, -9999, -9999, -9999, -9999, -9999, -9999, -9999, -9999, -9999, -9999, -9999, -9999, -9999, -9999, -9999, -9999, -9999, -9999, -9999, -9999, -9999, -9999, -9999, -9999, -9999, -9999, -9999, -9999, -9999, 85, -9999, 64, -9999, -9999, 82, -9999, -9999, -9999, -9999],
[67, -9999, 25, -9999, -9999, 12, 74, -9999, -9999, -9999, 67, -9999, -9999, 20, 14, -9999, -9999, -9999, 87, -9999, 60, 35, -9999, -9999, -9999, 45, -9999, -9999, 39, -9999, -9999, -9999, 73, -9999, -9999, -9999, -9999, -9999, -9999, -9999, -9999, -9999, -9999, -9999, 25, 17, 79, -9999, -9999, -9999, -9999, -9999, -9999, -9999, -9999, 73, 78, -9999, -9999, 25, -9999, -9999, -9999, 88, -9999, -9999, -9999, 92, 12, 62, -9999, -9999, -9999, -9999, -9999, -9999, -9999, -9999, -9999, 45, 77, 99, -9999, -9999, 66, -9999, 17, 66, -9999, -9999, 38, 82, 40, -9999, -9999, 81, -9999, 36, -9999, -9999],
[79, -9999, -9999, 2, 11, -9999, 51, -9999, 14, -9999, 33, -9999, 94, -9999, -9999, 36, 93, -9999, -9999, -9999, 80, -9999, -9999, -9999, -9999, 97, -9999, -9999, 29, 26, 7, -9999, 72, -9999, 46, -9999, 39, 9, 64, 7, -9999, -9999, 30, -9999, 65, 56, -9999, -9999, -9999, -9999, 75, -9999, -9999, -9999, -9999, -9999, 75, 58, -9999, 21, -9999, -9999, 89, 19, 68, 87, -9999, -9999, 46, -9999, -9999, -9999, -9999, -9999, -9999, -9999, -9999, -9999, 44, 52, 30, -9999, 3, -9999, 96, 10, 43, -9999, -9999, -9999, 29, -9999, -9999, -9999, -9999, -9999, -9999, -9999, -9999, -9999],
[-9999, -9999, -9999, -9999, -9999, -9999, -9999, -9999, -9999, -9999, -9999, -9999, -9999, -9999, -9999, -9999, -9999, -9999, -9999, -9999, -9999, -9999, -9999, -9999, -9999, -9999, -9999, -9999, -9999, -9999, -9999, -9999, -9999, -9999, -9999, -9999, -9999, -9999, -9999, -9999, -9999, -9999, -9999, -9999, -9999, -9999, -9999, -9999, -9999, -9999, -9999, -9999, -9999, -9999, -9999, -9999, -9999, -9999, -9999, -9999, -9999, -9999, -9999, -9999, -9999, -9999, -9999, -9999, -9999, -9999, -9999, -9999, -9999, -9999, -9999, -9999, -9999, -9999, -9999, -9999, -9999, -9999, -9999, -9999, -9999, -9999, -9999, -9999, -9999, -9999, -9999, -9999, -9999, -9999, -9999, -9999, -9999, -9999, -9999, -9999],
[-9999, -9999, -9999, -9999, -9999, -9999, 93, -9999, 50, -9999, -9999, -9999, -9999, -9999, -9999, 72, 95, -9999, -9999, -9999, -9999, -9999, -9999, -9999, -9999, -9999, -9999, -9999, -9999, -9999, -9999, -9999, -9999, 25, -9999, -9999, 33, -9999, -9999, -9999, -9999, -9999, -9999, -9999, -9999, -9999, -9999, -9999, -9999, -9999, -9999, -9999, -9999, -9999, -9999, -9999, -9999, -9999, -9999, -9999, -9999, -9999, 18, -9999, -9999, -9999, -9999, -9999, -9999, -9999, -9999, -9999, -9999, -9999, -9999, -9999, -9999, -9999, -9999, -9999, -9999, -9999, -9999, -9999, -9999, -9999, -9999, -9999, -9999, -9999, 46, -9999, -9999, -9999, -9999, 14, -9999, 98, -9999, -9999],
[94, -9999, 41, 86, 44, -9999, -9999, 99, 97, 26, 65, -9999, 85, 80, 18, -9999, 28, -9999, -9999, -9999, 47, 14, 100, -9999, -9999, 59, -9999, -9999, -9999, -9999, 36, -9999, 94, 55, -9999, -9999, 64, 80, -9999, -9999, -9999, -9999, 66, -9999, 18, -9999, -9999, -9999, -9999, -9999, -9999, -9999, 84, -9999, -9999, 8, 69, -9999, -9999, 33, -9999, -9999, -9999, 73, 73, -9999, -9999, 94, 58, -9999, -9999, -9999, -9999, -9999, -9999, -9999, -9999, 28, 96, -9999, 32, 35, 19, -9999, 75, -9999, -9999, 90, -9999, -9999, 55, -9999, 22, -9999, -9999, 58, -9999, -9999, -9999, -9999],
[-9999, 12, -9999, -9999, -9999, -9999, 99, -9999, -9999, 22, -9999, -9999, -9999, -9999, -9999, 15, -9999, -9999, -9999, -9999, -9999, -9999, -9999, -9999, -9999, -9999, -9999, -9999, -9999, -9999, -9999, -9999, -9999, -9999, -9999, -9999, -9999, -9999, -9999, -9999, -9999, -9999, -9999, -9999, -9999, -9999, -9999, 7, -9999, -9999, -9999, -9999, -9999, -9999, -9999, -9999, -9999, -9999, -9999, -9999, -9999, -9999, 13, -9999, -9999, -9999, -9999, -9999, -9999, -9999, -9999, -9999, -9999, -9999, -9999, -9999, -9999, -9999, -9999, -9999, 58, -9999, -9999, -9999, -9999, -9999, -9999, -9999, -9999, -9999, 84, 62, -9999, -9999, -9999, 90, -9999, 31, -9999, -9999],
[71, -9999, -9999, 24, -9999, -9999, 30, -9999, -9999, 78, 70, 43, 84, 36, 45, 76, -9999, -9999, -9999, -9999, 89, -9999, -9999, 37, 78, 15, -9999, 81, -9999, 47, 24, -9999, 70, -9999, 16, -9999, -9999, 27, 73, -9999, -9999, -9999, 1, -9999, 54, -9999, 22, -9999, 96, -9999, -9999, 35, 39, 85, -9999, -9999, 4, 11, -9999, 37, 29, -9999, -9999, 93, 19, 93, -9999, -9999, 46, -9999, 48, -9999, 67, -9999, -9999, -9999, -9999, 19, 65, -9999, 80, -9999, 36, -9999, -9999, -9999, -9999, -9999, -9999, -9999, 73, 51, 26, 41, -9999, 87, -9999, 74, 89, -9999],
[-9999, -9999, 2, -9999, 28, 23, 77, -9999, 44, -9999, 16, -9999, -9999, -9999, -9999, -9999, -9999, -9999, -9999, -9999, 62, -9999, -9999, -9999, -9999, 51, 28, -9999, 71, -9999, -9999, -9999, 47, -9999, -9999, -9999, -9999, -9999, 86, -9999, -9999, -9999, -9999, -9999, 18, 27, 65, -9999, -9999, -9999, -9999, 83, 73, -9999, -9999, -9999, 49, -9999, -9999, 35, 88, -9999, -9999, 77, 21, 57, -9999, 44, 52, -9999, -9999, -9999, 24, -9999, -9999, -9999, -9999, 80, 55, -9999, 78, 90, -9999, -9999, 26, -9999, 73, -9999, -9999, -9999, 39, 17, -9999, -9999, -9999, 46, -9999, 71, -9999, -9999],
[-9999, -9999, 49, -9999, -9999, -9999, -9999, -9999, -9999, 17, -9999, -9999, -9999, -9999, 87, 10, 86, -9999, 13, -9999, 53, 74, -9999, -9999, -9999, -9999, -9999, -9999, 83, 6, 85, -9999, 55, -9999, -9999, -9999, -9999, 91, 71, -9999, -9999, -9999, -9999, -9999, 2, 6, 12, -9999, -9999, -9999, -9999, 75, -9999, -9999, -9999, -9999, 23, 67, -9999, -9999, -9999, -9999, 92, 75, 64, -9999, -9999, 66, 67, -9999, -9999, -9999, 9, -9999, -9999, -9999, -9999, -9999, 24, -9999, -9999, 59, 39, -9999, -9999, -9999, -9999, -9999, -9999, -9999, -9999, -9999, -9999, -9999, -9999, -9999, -9999, -9999, -9999, -9999],
[-9999, -9999, -9999, 75, -9999, -9999, -9999, -9999, 37, 88, -9999, -9999, -9999, -9999, -9999, -9999, 5, -9999, 84, -9999, 66, 62, 14, -9999, -9999, -9999, 8, -9999, 87, 31, -9999, -9999, 91, -9999, -9999, -9999, 25, 81, 54, -9999, -9999, -9999, 88, -9999, 40, 4, 55, -9999, -9999, -9999, -9999, -9999, 98, -9999, -9999, 56, 36, 72, -9999, 29, 24, -9999, -9999, 4, 5, 83, -9999, -9999, 51, -9999, -9999, -9999, 1, -9999, -9999, 63, -9999, -9999, 6, -9999, 76, -9999, 39, -9999, -9999, -9999, -9999, 70, -9999, -9999, 28, -9999, 18, -9999, -9999, -9999, -9999, -9999, -9999, -9999],
[-9999, 64, -9999, 97, 9, -9999, -9999, -9999, -9999, 85, -9999, -9999, 34, -9999, -9999, 89, 58, -9999, 80, -9999, 51, -9999, -9999, -9999, -9999, 40, 19, -9999, 68, -9999, 69, -9999, 80, -9999, -9999, -9999, 58, 34, -9999, 45, -9999, -9999, -9999, -9999, 100, 62, 6, -9999, -9999, -9999, -9999, 54, -9999, -9999, -9999, 43, 41, 30, -9999, -9999, -9999, -9999, 61, 57, -9999, -9999, -9999, 64, 37, -9999, -9999, -9999, 92, -9999, -9999, 86, 79, 53, 89, -9999, 67, 48, 90, -9999, -9999, -9999, 71, 1, -9999, -9999, 34, -9999, -9999, -9999, -9999, 36, -9999, -9999, -9999, -9999],
[-9999, 47, -9999, -9999, -9999, -9999, -9999, -9999, 86, -9999, -9999, -9999, -9999, -9999, -9999, -9999, 47, -9999, -9999, -9999, -9999, -9999, -9999, -9999, -9999, -9999, -9999, -9999, -9999, -9999, -9999, -9999, -9999, -9999, -9999, -9999, 60, -9999, 76, -9999, -9999, -9999, -9999, -9999, -9999, -9999, -9999, -9999, -9999, -9999, -9999, -9999, -9999, -9999, -9999, -9999, -9999, -9999, -9999, -9999, -9999, -9999, -9999, -9999, -9999, -9999, -9999, -9999, -9999, -9999, -9999, -9999, -9999, -9999, -9999, -9999, -9999, -9999, -9999, -9999, 38, -9999, -9999, -9999, -9999, -9999, -9999, -9999, -9999, -9999, 97, -9999, -9999, -9999, -9999, 1, -9999, 19, -9999, -9999],
[49, 90, 91, 64, -9999, -9999, -9999, -9999, -9999, 17, 79, -9999, -9999, 74, 91, 69, 30, -9999, -9999, -9999, 96, 57, -9999, -9999, -9999, 4, -9999, -9999, -9999, 40, 28, -9999, 2, -9999, 27, -9999, -9999, 43, 61, -9999, -9999, -9999, 17, -9999, 75, 42, 91, -9999, -9999, -9999, -9999, -9999, 1, -9999, -9999, 85, 28, 65, -9999, -9999, 46, -9999, -9999, 96, -9999, 36, -9999, -9999, 21, -9999, -9999, -9999, 56, -9999, -9999, -9999, -9999, -9999, -9999, -9999, 20, 80, 76, -9999, 82, -9999, -9999, 7, -9999, -9999, 35, -9999, -9999, -9999, -9999, -9999, -9999, -9999, -9999, -9999],
[-9999, -9999, -9999, -9999, -9999, -9999, -9999, 12, 63, 13, -9999, -9999, -9999, -9999, -9999, -9999, -9999, -9999, -9999, -9999, -9999, -9999, -9999, -9999, -9999, -9999, -9999, -9999, -9999, -9999, -9999, -9999, -9999, -9999, -9999, -9999, -9999, -9999, 81, -9999, -9999, -9999, -9999, -9999, -9999, -9999, -9999, -9999, -9999, -9999, -9999, -9999, -9999, -9999, -9999, -9999, -9999, -9999, -9999, -9999, -9999, -9999, -9999, -9999, -9999, -9999, -9999, -9999, -9999, -9999, -9999, -9999, -9999, -9999, -9999, -9999, -9999, -9999, -9999, 25, -9999, -9999, -9999, -9999, -9999, -9999, -9999, -9999, -9999, -9999, 87, -9999, 73, -9999, -9999, -9999, -9999, 29, -9999, -9999],
[80, -9999, -9999, -9999, -9999, -9999, -9999, -9999, -9999, -9999, -9999, -9999, -9999, -9999, -9999, -9999, -9999, -9999, -9999, -9999, -9999, -9999, -9999, -9999, -9999, 30, -9999, -9999, -9999, -9999, -9999, -9999, -9999, -9999, -9999, -9999, -9999, 83, -9999, -9999, -9999, -9999, 96, -9999, -9999, -9999, -9999, -9999, -9999, -9999, -9999, -9999, -9999, -9999, -9999, -9999, -9999, -9999, -9999, -9999, 95, -9999, -9999, -9999, -9999, -9999, -9999, -9999, -9999, -9999, -9999, -9999, -9999, -9999, -9999, -9999, -9999, -9999, -9999, -9999, -9999, -9999, -9999, -9999, -9999, -9999, -9999, -9999, -9999, -9999, -9999, -9999, -9999, -9999, -9999, -9999, -9999, -9999, -9999, -9999],
[-9999, -9999, 8, 59, -9999, 93, 22, 14, 82, 62, 43, 25, -9999, -9999, 53, 52, -9999, -9999, -9999, 45, 22, -9999, -9999, -9999, -9999, -9999, 94, 51, -9999, 25, 81, -9999, 26, 38, -9999, -9999, 71, -9999, 57, -9999, -9999, -9999, 87, -9999, 70, 56, 51, -9999, 58, -9999, -9999, 52, 48, 77, 27, -9999, 50, -9999, -9999, 42, 29, 48, -9999, -9999, -9999, 61, 52, 35, 77, -9999, -9999, -9999, 90, -9999, -9999, -9999, -9999, -9999, 86, -9999, -9999, 83, 24, 56, -9999, -9999, 26, -9999, 78, -9999, 8, -9999, -9999, 50, -9999, 76, 41, -9999, 36, -9999],
[100, 4, -9999, 13, -9999, -9999, 55, -9999, 92, -9999, 34, -9999, 3, -9999, -9999, 4, 74, -9999, 61, -9999, 26, 89, -9999, -9999, -9999, 73, 60, -9999, -9999, -9999, 84, -9999, 96, -9999, 31, -9999, -9999, 10, -9999, -9999, -9999, -9999, 77, -9999, 44, -9999, 30, -9999, -9999, -9999, -9999, -9999, 64, -9999, -9999, -9999, 49, -9999, -9999, -9999, 52, -9999, -9999, 12, 92, 99, -9999, 80, 51, 14, -9999, -9999, -9999, -9999, -9999, -9999, -9999, 2, 31, -9999, -9999, -9999, 63, -9999, 25, 100, 83, -9999, -9999, -9999, 5, -9999, -9999, -9999, -9999, 45, -9999, -9999, -9999, -9999],
[48, 97, 20, -9999, 8, -9999, 61, -9999, 41, -9999, 94, -9999, 50, -9999, -9999, 36, -9999, -9999, 7, -9999, 21, 71, -9999, -9999, -9999, 17, 76, -9999, 44, -9999, -9999, -9999, 24, -9999, -9999, -9999, 75, -9999, 92, 89, -9999, -9999, 86, -9999, 51, 31, 30, 70, -9999, -9999, -9999, 77, 58, -9999, -9999, -9999, 6, 83, -9999, -9999, 28, -9999, 6, 38, -9999, 33, -9999, 59, 36, -9999, -9999, -9999, -9999, -9999, 17, -9999, -9999, -9999, -9999, 27, -9999, 87, 50, -9999, 31, -9999, 45, 23, -9999, -9999, 73, 49, 80, -9999, -9999, 8, -9999, -9999, -9999, -9999]
];
