NbNodes = 100;
NbNDDs = 0;
NbPairs = 100;
NbTerminals = 0;
K = 0;
L = 102;
Wt = [
[-9999, 6, -9999, -9999, 94, -9999, 54, -9999, 89, -9999, 38, -9999, -9999, 46, 61, -9999, 69, -9999, -9999, -9999, 48, 45, 96, 59, 91, -9999, -9999, 74, -9999, -9999, 1, -9999, -9999, -9999, -9999, 10, 86, -9999, 60, 24, -9999, 33, 47, 20, -9999, 94, -9999, 12, 50, -9999, 98, 91, 71, -9999, 1, -9999, -9999, 95, 85, -9999, 80, -9999, 90, -9999, -9999, 92, -9999, 59, -9999, -9999, 74, 46, -9999, 54, 34, -9999, 29, 97, -9999, 21, 15, 11, 27, 19, -9999, 95, 4, 25, -9999, -9999, 3, 85, -9999, -9999, -9999, -9999, -9999, 99, 1, -9999],
[-9999, -9999, -9999, -9999, 42, -9999, -9999, -9999, -9999, 44, -9999, -9999, -9999, -9999, -9999, -9999, -9999, -9999, -9999, -9999, -9999, -9999, -9999, -9999, -9999, -9999, -9999, -9999, -9999, -9999, -9999, -9999, -9999, -9999, -9999, 44, -9999, 98, -9999, 65, -9999, -9999, -9999, -9999, -9999, 96, 100, -9999, -9999, -9999, -9999, -9999, -9999, -9999, -9999, -9999, -9999, -9999, -9999, -9999, -9999, -9999, -9999, -9999, -9999, 65, 88, -9999, -9999, -9999, -9999, -9999, -9999, -9999, -9999, -9999, -9999, -9999, -9999, -9999, -9999, -9999, -9999, 68, -9999, -9999, -9999, -9999, 75, -9999, -9999, -9999, 83, 48, -9999, -9999, -9999, -9999, -9999, -9999],
[-9999, 66, -9999, -9999, -9999, -9999, -9999, -9999, -9999, -9999, -9999, -9999, -9999, -9999, -9999, -9999, -9999, -9999, -9999, -9999, -9999, -9999, -9999, -9999, -9999, -9999, -9999, -9999, -9999, -9999, -9999, -9999, -9999, -9999, -9999, -9999, -9999, -9999, -9999, -9999, -9999, -9999, -9999, -9999, -9999, -9999, -9999, -9999, -9999, -9999, -9999, -9999, -9999, 48, -9999, -9999, -9999, -9999, -9999, -9999, -9999, -9999, 65, -9999, -9999, -9999, -9999, -9999, -9999, -9999, -9999, -9999, 86, -9999, -9999, -9999, -9999, -9999, -9999, -9999, -9999, -9999, -9999, -9999, -9999, -9999, -9999, -9999, -9999, -9999, -9999, -9999, -9999, -9999, -9999, -9999, -9999, -9999, -9999, -9999],
[-9999, 16, -9999, -9999, 12, -9999, -9999, -9999, -9999, -9999, 99, -9999, -9999, -9999, 88, -9999, -9999, -9999, -9999, -9999, -9999, -9999, 39, 48, -9999, -9999, -9999, -9999, 49, 78, -9999, -9999, -9999, -9999, -9999, 6, -9999, -9999, -9999, 98, 52, -9999, -9999, -9999, 1, 2, 82, -9999, 70, -9999, -9999, -9999, -9999, -9999, -9999, -9999, -9999, 18, -9999, -9999, -9999, -9999, -9999, 54, -9999, -9999, 17, -9999, -9999, -9999, 99, -9999, 96, 52, -9999, 34, 57, -9999, -9999, -9999, 31, 54, 27, -9999, 18, 87, -9999, -9999, -9999, -9999, 77, 54, 67, -9999, -9999, -9999, 17, -9999, 62, -9999],
[-9999, -9999, -9999, -9999, -9999, -9999, -9999, -9999, -9999, 59, 10, -9999, -9999, -9999, -9999, -9999, -9999, -9999, -9999, -9999, -9999, -9999, -9999, -9999, -9999, -9999, -9999, -9999, -9999, -9999, 23, -9999, -9999, -9999, -9999, 15, -9999, -9999, -9999, 40, 81, -9999, -9999, -9999, -9999, 17, 69, -9999, -9999, -9999, -9999, -9999, -9999, -9999, -9999, 61, -9999, -9999, -9999, -9999, -9999, -9999, -9999, -9999, -9999, -9999, 74, -9999, -9999, -9999, 31, -9999, -9999, -9999, -9999, -9999, -9999, -9999, -9999, -9999, -9999, -9999, -9999, 45, -9999, -9999, -9999, -9999, 97, -9999, -9999, -9999, 77, 16, -9999, 31, -9999, -9999, -9999, -9999],
[-9999, 50, 71, 11, -9999, -9999, -9999, -9999, -9999, 61, 32, -9999, 63, 39, 20, -9999, 97, 68, -9999, 7, -9999, -9999, 67, 23, -9999, -9999, -9999, 72, -9999, -9999, 73, -9999, -9999, 60, -9999, 15, 32, -9999, 35, -9999, -9999, -9999, 84, 80, 67, 24, -9999, 59, 43, 91, -9999, 24, 51, 92, -9999, -9999, -9999, -9999, -9999, -9999, 70, -9999, -9999, 81, -9999, 19, 17, -9999, -9999, 59, -9999, -9999, -9999, 6, 8, -9999, 17, -9999, -9999, 32, 52, 52, 47, -9999, 49, 25, 8, -9999, -9999, -9999, 57, 71, 49, -9999, 98, 64, -9999, 65, 21, -9999],
[-9999, -9999, -9999, -9999, -9999, -9999, -9999, -9999, -9999, 30, 56, -9999, -9999, -9999, -9999, -9999, -9999, -9999, -9999, -9999, -9999, -9999, -9999, -9999, -9999, 41, -9999, -9999, -9999, -9999, -9999, -9999, -9999, -9999, -9999, -9999, -9999, -9999, -9999, -9999, -9999, -9999, -9999, -9999, -9999, 23, 58, 42, -9999, -9999, -9999, -9999, -9999, -9999, -9999, -9999, -9999, -9999, -9999, -9999, -9999, -9999, -9999, -9999, -9999, -9999, 28, -9999, -9999, -9999, -9999, -9999, -9999, -9999, 14, -9999, -9999, -9999, -9999, -9999, -9999, -9999, 77, 49, -9999, -9999, -9999, -9999, 9, -9999, -9999, -9999, 88, -9999, -9999, 68, -9999, -9999, -9999, -9999],
[-9999, -9999, -9999, -9999, 60, -9999, -9999, -9999, -9999, 1, 28, -9999, -9999, -9999, -9999, -9999, -9999, -9999, -9999, -9999, -9999, -9999, -9999, -9999, -9999, -9999, -9999, -9999, -9999, -9999, -9999, -9999, -9999, -9999, -9999, -9999, -9999, -9999, -9999, 41, -9999, -9999, -9999, -9999, -9999, 81, -9999, 9, -9999, -9999, -9999, -9999, -9999, -9999, -9999, -9999, -9999, -9999, -9999, -9999, -9999, -9999, -9999, -9999, -9999, 53, -9999, -9999, -9999, -9999, 46, -9999, -9999, -9999, 7, -9999, -9999, -9999, -9999, -9999, -9999, -9999, -9999, 72, -9999, -9999, -9999, -9999, 26, -9999, -9999, -9999, 53, -9999, -9999, 39, -9999, -9999, -9999, -9999],
[-9999, -9999, -9999, -9999, 24, -9999, -9999, -9999, -9999, 11, -9999, -9999, -9999, -9999, -9999, -9999, -9999, -9999, -9999, -9999, -9999, -9999, -9999, -9999, -9999, 43, -9999, -9999, -9999, -9999, -9999, -9999, -9999, -9999, -9999, 51, -9999, -9999, -9999, 28, 97, -9999, -9999, -9999, -9999, 65, -9999, -9999, -9999, -9999, -9999, 9, -9999, -9999, -9999, -9999, -9999, -9999, -9999, -9999, -9999, -9999, -9999, -9999, -9999, -9999, -9999, -9999, 88, -9999, 37, -9999, -9999, -9999, -9999, -9999, -9999, -9999, -9999, -9999, -9999, -9999, -9999, 28, -9999, -9999, -9999, -9999, -9999, -9999, -9999, -9999, -9999, 39, -9999, 51, -9999, -9999, -9999, -9999],
[-9999, -9999, -9999, -9999, 8, -9999, -9999, -9999, -9999, -9999, -9999, -9999, -9999, -9999, -9999, -9999, -9999, -9999, -9999, -9999, -9999, -9999, -9999, -9999, -9999, -9999, -9999, -9999, -9999, -9999, 18, -9999, -9999, -9999, -9999, 88, -9999, -9999, -9999, 64, 57, -9999, -9999, -9999, -9999, 22, 39, -9999, -9999, -9999, -9999, -9999, -9999, -9999, -9999, -9999, -9999, -9999, -9999, -9999, -9999, -9999, -9999, -9999, -9999, 6, 100, -9999, -9999, -9999, -9999, -9999, -9999, -9999, -9999, -9999, -9999, -9999, -9999, -9999, -9999, -9999, -9999, -9999, -9999, -9999, -9999, -9999, 90, -9999, -9999, -9999, -9999, -9999, -9999, 22, -9999, -9999, -9999, -9999],
[-9999, -9999, -9999, -9999, -9999, -9999, -9999, -9999, -9999, 59, -9999, -9999, -9999, -9999, -9999, -9999, -9999, -9999, -9999, -9999, -9999, -9999, -9999, -9999, -9999, -9999, -9999, -9999, -9999, -9999, -9999, -9999, -9999, -9999, -9999, 22, -9999, -9999, -9999, 99, 57, -9999, -9999, -9999, -9999, 20, -9999, 44, -9999, -9999, -9999, -9999, -9999, -9999, -9999, -9999, -9999, -9999, -9999, -9999, -9999, -9999, -9999, -9999, -9999, 45, -9999, -9999, -9999, -9999, -9999, -9999, -9999, -9999, 72, -9999, -9999, -9999, -9999, -9999, -9999, -9999, 92, -9999, -9999, -9999, -9999, -9999, 97, -9999, -9999, -9999, 63, -9999, -9999, 69, -9999, -9999, -9999, -9999],
[19, 79, -9999, 47, 80, -9999, 74, -9999, -9999, 67, -9999, -9999, -9999, 29, 44, 74, 92, -9999, -9999, 24, -9999, 59, -9999, 65, 53, -9999, 28, -9999, -9999, 43, -9999, 71, -9999, -9999, 71, -9999, -9999, -9999, 68, 22, 33, 6, 56, -9999, 80, 58, -9999, 64, 1, 66, 6, -9999, 38, -9999, -9999, -9999, -9999, 56, -9999, 95, -9999, -9999, 92, 11, -9999, -9999, 53, 40, -9999, 50, 48, 86, -9999, 12, 33, -9999, 12, -9999, -9999, 78, 51, -9999, 99, 28, 64, 61, -9999, -9999, -9999, -9999, -9999, 70, -9999, 81, -9999, 21, -9999, 7, -9999, -9999],
[-9999, 76, -9999, -9999, -9999, -9999, -9999, -9999, 77, 46, -9999, -9999, -9999, -9999, 83, -9999, -9999, -9999, -9999, -9999, -9999, -9999, 13, 33, -9999, -9999, -9999, 11, -9999, -9999, 88, -9999, -9999, -9999, -9999, -9999, 14, -9999, -9999, 77, 62, 27, -9999, -9999, -9999, 80, 36, 16, 94, -9999, -9999, -9999, -9999, 41, 68, -9999, -9999, -9999, -9999, -9999, 31, -9999, 77, 43, -9999, 29, 44, -9999, -9999, -9999, 68, 74, 88, 60, 82, -9999, -9999, -9999, -9999, -9999, 87, 79, 52, -9999, 63, 35, 73, 23, 38, -9999, -9999, 86, -9999, 82, -9999, 42, 1, -9999, 65, -9999],
[16, 24, -9999, 13, -9999, -9999, 92, -9999, 1, 73, 1, -9999, -9999, -9999, -9999, -9999, 29, -9999, -9999, 70, -9999, -9999, -9999, -9999, -9999, -9999, -9999, -9999, -9999, 14, -9999, 68, -9999, -9999, 2, -9999, -9999, -9999, 41, -9999, -9999, -9999, -9999, -9999, 35, 4, 42, -9999, 84, -9999, -9999, 35, 8, -9999, 45, -9999, -9999, 56, 96, 82, -9999, -9999, -9999, 99, -9999, 76, -9999, 63, -9999, 66, 78, -9999, -9999, 23, -9999, -9999, 46, -9999, -9999, 1, 49, 91, 46, -9999, -9999, -9999, 22, 76, 44, -9999, -9999, 46, 100, 34, -9999, 11, 23, 96, 14, 91],
[-9999, 100, -9999, -9999, -9999, -9999, -9999, -9999, -9999, 4, 20, -9999, -9999, -9999, -9999, -9999, -9999, -9999, -9999, -9999, 34, -9999, 86, 46, -9999, -9999, -9999, 32, -9999, 97, 36, -9999, -9999, -9999, -9999, 63, 31, -9999, -9999, 3, 23, -9999, -9999, 54, -9999, 85, 56, 49, 54, -9999, -9999, -9999, -9999, 24, -9999, -9999, -9999, 32, -9999, -9999, 10, -9999, -9999, 30, -9999, -9999, -9999, 85, -9999, -9999, 70, -9999, -9999, 47, -9999, -9999, -9999, -9999, -9999, 3, 91, 54, -9999, 96, 64, -9999, 94, -9999, 84, -9999, 18, 92, -9999, -9999, -9999, -9999, -9999, -9999, -9999, -9999],
[-9999, -9999, -9999, -9999, 33, -9999, -9999, -9999, -9999, -9999, 21, -9999, -9999, -9999, -9999, -9999, -9999, -9999, -9999, -9999, -9999, -9999, -9999, -9999, -9999, -9999, -9999, -9999, -9999, -9999, 33, -9999, -9999, -9999, -9999, 76, -9999, -9999, -9999, -9999, -9999, -9999, -9999, -9999, -9999, 16, 75, 59, -9999, -9999, -9999, 21, -9999, -9999, -9999, -9999, -9999, -9999, -9999, -9999, -9999, -9999, -9999, -9999, -9999, -9999, 81, -9999, -9999, -9999, 16, -9999, -9999, -9999, 19, -9999, -9999, -9999, 70, -9999, -9999, -9999, 80, 58, -9999, -9999, -9999, -9999, 89, -9999, -9999, -9999, 94, 4, -9999, -9999, -9999, -9999, -9999, -9999],
[-9999, -9999, -9999, -9999, 32, -9999, -9999, -9999, 59, 39, 3, -9999, -9999, -9999, 18, -9999, -9999, -9999, -9999, 29, 74, -9999, -9999, 47, 33, -9999, -9999, 100, -9999, 96, -9999, -9999, -9999, -9999, -9999, 39, -9999, 2, 51, -9999, -9999, 86, -9999, -9999, -9999, 98, 65, -9999, 8, 58, -9999, 71, -9999, 78, -9999, -9999, -9999, -9999, -9999, -9999, -9999, -9999, 60, 16, -9999, 98, 10, 77, -9999, -9999, -9999, -9999, 2, 43, -9999, -9999, -9999, -9999, -9999, -9999, 49, -9999, -9999, -9999, 79, 41, -9999, 74, -9999, -9999, -9999, 64, 53, -9999, -9999, 7, -9999, -9999, 37, -9999],
[-9999, -9999, -9999, -9999, 23, -9999, -9999, -9999, -9999, 10, 8, -9999, -9999, -9999, 57, 58, -9999, -9999, -9999, 87, -9999, -9999, 97, 97, 41, 80, -9999, -9999, 76, -9999, 12, -9999, -9999, -9999, -9999, 71, 72, -9999, -9999, 30, 20, 94, -9999, -9999, -9999, 79, 71, 21, 89, -9999, -9999, 100, -9999, 79, 61, -9999, -9999, -9999, -9999, -9999, 52, -9999, -9999, 15, -9999, -9999, 48, 97, -9999, -9999, 4, 56, 29, 2, 82, -9999, -9999, -9999, -9999, -9999, 99, 45, 9, 83, -9999, -9999, 30, -9999, -9999, -9999, -9999, 73, 75, 19, -9999, 95, 74, -9999, -9999, -9999],
[51, 61, -9999, 21, -9999, -9999, -9999, -9999, 90, 68, -9999, -9999, -9999, 26, 94, -9999, 30, 98, -9999, -9999, 68, -9999, 22, 81, -9999, -9999, 59, -9999, -9999, 23, 72, 58, -9999, -9999, -9999, -9999, 66, -9999, 87, 9, 36, 74, 7, 35, -9999, 92, -9999, 6, 27, -9999, -9999, 69, 55, 1, 54, -9999, -9999, -9999, 63, 43, -9999, -9999, 23, 58, -9999, -9999, 6, 69, -9999, -9999, -9999, 57, 60, 75, 29, -9999, 18, -9999, -9999, -9999, -9999, 68, -9999, 99, 100, -9999, 25, 20, -9999, -9999, 26, 90, -9999, 8, -9999, -9999, -9999, -9999, 86, -9999],
[-9999, 27, -9999, -9999, -9999, -9999, -9999, -9999, -9999, 77, 48, -9999, -9999, -9999, -9999, -9999, -9999, -9999, -9999, -9999, 99, -9999, 83, 19, 96, -9999, -9999, 85, 80, -9999, -9999, -9999, -9999, 97, -9999, 41, 33, -9999, -9999, 2, 94, -9999, -9999, 54, 67, 60, 58, -9999, 77, -9999, -9999, -9999, -9999, 21, -9999, -9999, -9999, -9999, -9999, -9999, 23, -9999, 57, 58, -9999, -9999, 47, 89, -9999, -9999, 64, 30, -9999, 76, 100, -9999, 78, 36, -9999, -9999, 31, 71, 67, -9999, 95, -9999, -9999, 37, 37, -9999, 82, 28, 38, 71, -9999, -9999, 83, -9999, 1, -9999],
[-9999, -9999, -9999, -9999, -9999, -9999, -9999, -9999, -9999, -9999, 38, -9999, -9999, -9999, 98, -9999, -9999, -9999, 90, 42, -9999, -9999, 30, 8, 95, -9999, -9999, 47, -9999, 59, 2, -9999, -9999, -9999, -9999, -9999, 65, -9999, 22, -9999, -9999, -9999, -9999, 43, 24, 96, 21, -9999, 45, -9999, -9999, 46, -9999, -9999, 58, -9999, -9999, -9999, -9999, -9999, 72, -9999, 90, 18, -9999, -9999, 26, -9999, -9999, -9999, 33, 17, -9999, 82, -9999, -9999, 44, 82, -9999, 6, -9999, 4, -9999, -9999, -9999, -9999, -9999, 58, 20, -9999, 3, 47, 3, 96, -9999, 59, 40, -9999, 9, -9999],
[-9999, 17, -9999, -9999, -9999, -9999, -9999, -9999, -9999, -9999, -9999, -9999, -9999, -9999, -9999, -9999, -9999, -9999, -9999, -9999, -9999, -9999, -9999, -9999, -9999, -9999, -9999, -9999, -9999, -9999, -9999, -9999, -9999, -9999, -9999, -9999, -9999, -9999, -9999, -9999, -9999, -9999, -9999, -9999, -9999, -9999, -9999, -9999, -9999, -9999, -9999, -9999, -9999, -9999, -9999, -9999, -9999, -9999, -9999, -9999, -9999, -9999, -9999, -9999, -9999, -9999, -9999, -9999, -9999, -9999, -9999, -9999, 1, -9999, -9999, -9999, -9999, -9999, -9999, -9999, -9999, -9999, -9999, -9999, -9999, -9999, -9999, -9999, -9999, -9999, 62, -9999, -9999, 22, -9999, -9999, -9999, -9999, -9999, -9999],
[-9999, 31, -9999, -9999, -9999, -9999, -9999, -9999, -9999, 59, -9999, -9999, -9999, -9999, -9999, -9999, -9999, -9999, 87, -9999, 55, -9999, -9999, 66, -9999, -9999, -9999, -9999, -9999, -9999, 75, -9999, -9999, -9999, -9999, 53, 80, 40, 8, -9999, -9999, 46, -9999, -9999, 13, 74, 41, -9999, 15, -9999, -9999, 37, -9999, -9999, 76, -9999, -9999, -9999, -9999, -9999, 99, -9999, 24, 8, -9999, -9999, 9, 57, -9999, -9999, 16, -9999, 69, 11, 89, 77, 90, 70, 95, 29, 10, 20, -9999, 44, -9999, -9999, 52, -9999, 79, -9999, -9999, 91, -9999, 32, -9999, 40, -9999, -9999, -9999, -9999],
[-9999, -9999, -9999, -9999, -9999, -9999, -9999, -9999, -9999, -9999, -9999, -9999, -9999, -9999, -9999, -9999, -9999, -9999, -9999, -9999, -9999, -9999, -9999, -9999, -9999, -9999, 78, -9999, -9999, -9999, -9999, -9999, -9999, -9999, -9999, -9999, -9999, -9999, -9999, -9999, -9999, -9999, -9999, -9999, -9999, -9999, -9999, -9999, -9999, -9999, -9999, -9999, -9999, -9999, -9999, -9999, -9999, -9999, -9999, -9999, -9999, -9999, -9999, -9999, -9999, -9999, -9999, -9999, -9999, 44, -9999, -9999, -9999, -9999, -9999, -9999, -9999, -9999, -9999, -9999, -9999, -9999, -9999, -9999, -9999, -9999, -9999, -9999, -9999, -9999, -9999, -9999, -9999, 41, -9999, -9999, -9999, -9999, -9999, -9999],
[-9999, -9999, -9999, 59, -9999, -9999, -9999, -9999, -9999, 90, -9999, -9999, -9999, 18, -9999, -9999, 20, -9999, -9999, -9999, -9999, -9999, -9999, -9999, -9999, -9999, 29, -9999, -9999, -9999, 92, -9999, -9999, -9999, -9999, 92, -9999, -9999, -9999, -9999, 53, -9999, -9999, -9999, -9999, 98, 37, 37, -9999, -9999, -9999, 50, 77, -9999, -9999, -9999, -9999, -9999, -9999, -9999, -9999, -9999, -9999, -9999, -9999, 43, 55, -9999, -9999, -9999, -9999, -9999, -9999, -9999, -9999, -9999, -9999, -9999, -9999, -9999, -9999, -9999, 30, 62, -9999, -9999, -9999, -9999, -9999, -9999, -9999, -9999, 90, 57, -9999, 25, -9999, 66, -9999, -9999],
[-9999, -9999, -9999, -9999, 88, -9999, -9999, -9999, -9999, 86, 96, -9999, -9999, -9999, -9999, -9999, -9999, -9999, -9999, -9999, -9999, -9999, -9999, -9999, -9999, -9999, -9999, -9999, -9999, -9999, 49, -9999, -9999, -9999, -9999, -9999, -9999, -9999, -9999, 2, 91, -9999, -9999, -9999, -9999, 96, 30, -9999, -9999, -9999, -9999, -9999, -9999, -9999, -9999, 64, -9999, -9999, -9999, -9999, -9999, -9999, -9999, -9999, -9999, 56, 14, -9999, -9999, -9999, 78, -9999, -9999, -9999, 94, -9999, -9999, -9999, -9999, -9999, -9999, -9999, 71, 74, -9999, -9999, -9999, -9999, -9999, -9999, -9999, -9999, 31, 77, -9999, 20, -9999, -9999, -9999, -9999],
[-9999, -9999, -9999, -9999, 79, -9999, -9999, -9999, -9999, 49, 65, -9999, -9999, -9999, -9999, -9999, -9999, -9999, -9999, -9999, -9999, -9999, -9999, -9999, -9999, -9999, -9999, -9999, -9999, -9999, 82, -9999, -9999, -9999, -9999, 21, -9999, -9999, -9999, 75, 48, -9999, -9999, -9999, -9999, 25, 24, 99, -9999, -9999, -9999, 52, -9999, -9999, -9999, 83, -9999, -9999, -9999, -9999, -9999, -9999, -9999, -9999, -9999, 20, -9999, -9999, -9999, -9999, -9999, -9999, -9999, -9999, -9999, -9999, -9999, -9999, -9999, -9999, -9999, -9999, 87, -9999, -9999, -9999, -9999, -9999, 63, -9999, -9999, -9999, 54, 87, -9999, 96, -9999, -9999, -9999, -9999],
[-9999, -9999, -9999, -9999, 62, -9999, -9999, -9999, -9999, -9999, 78, -9999, -9999, -9999, -9999, -9999, -9999, -9999, -9999, -9999, -9999, -9999, -9999, -9999, -9999, -9999, -9999, -9999, -9999, -9999, -9999, -9999, -9999, -9999, -9999, 97, -9999, -9999, -9999, 38, 15, -9999, -9999, -9999, -9999, 97, -9999, 66, -9999, -9999, -9999, 4, -9999, -9999, -9999, -9999, -9999, -9999, -9999, -9999, -9999, -9999, -9999, -9999, -9999, -9999, -9999, -9999, 46, -9999, 53, -9999, -9999, -9999, 59, -9999, -9999, -9999, -9999, -9999, -9999, -9999, 7, 42, -9999, -9999, -9999, -9999, -9999, -9999, -9999, -9999, -9999, -9999, -9999, 62, -9999, -9999, -9999, -9999],
[-9999, -9999, -9999, -9999, -9999, -9999, -9999, -9999, 73, -9999, 30, -9999, -9999, -9999, 43, -9999, -9999, -9999, -9999, 78, 33, -9999, 93, 5, 82, -9999, -9999, 16, -9999, 3, 99, -9999, -9999, -9999, -9999, -9999, -9999, -9999, -9999, 63, 68, 88, -9999, 28, 66, 92, 72, 83, 75, -9999, -9999, 6, -9999, -9999, 77, -9999, -9999, 75, -9999, -9999, -9999, -9999, 92, 68, -9999, -9999, 98, -9999, -9999, -9999, -9999, 68, 14, 97, -9999, -9999, -9999, -9999, -9999, -9999, -9999, 76, 4, -9999, 81, -9999, -9999, 6, 17, -9999, 13, 11, 46, -9999, -9999, 50, -9999, -9999, 32, -9999],
[-9999, -9999, -9999, -9999, -9999, -9999, -9999, -9999, -9999, -9999, 19, -9999, -9999, -9999, -9999, -9999, -9999, -9999, -9999, -9999, -9999, -9999, -9999, -9999, -9999, -9999, -9999, -9999, -9999, -9999, 17, -9999, -9999, -9999, -9999, 69, -9999, -9999, -9999, -9999, -9999, -9999, -9999, -9999, -9999, 78, 74, 36, -9999, -9999, -9999, -9999, -9999, -9999, -9999, -9999, -9999, -9999, -9999, -9999, -9999, -9999, -9999, -9999, -9999, 15, -9999, -9999, -9999, -9999, 41, -9999, -9999, -9999, 50, -9999, -9999, -9999, 54, -9999, -9999, -9999, -9999, 52, -9999, -9999, -9999, -9999, -9999, -9999, -9999, -9999, -9999, 9, -9999, 92, -9999, -9999, -9999, -9999],
[-9999, 95, -9999, -9999, -9999, -9999, 72, -9999, 16, 48, 71, -9999, -9999, -9999, 16, -9999, -9999, -9999, -9999, 45, 86, -9999, 95, 29, -9999, -9999, -9999, -9999, -9999, -9999, -9999, -9999, -9999, -9999, -9999, -9999, -9999, -9999, 41, 25, 77, 79, -9999, 1, 24, 72, 4, -9999, 41, 97, -9999, 24, -9999, 90, -9999, -9999, -9999, 51, -9999, -9999, -9999, -9999, 21, 8, -9999, 32, -9999, 13, -9999, -9999, 90, -9999, 65, 40, 7, 24, 48, 37, -9999, 63, -9999, -9999, 82, -9999, -9999, 46, 7, -9999, -9999, -9999, 12, 27, -9999, -9999, -9999, 6, 44, -9999, 18, -9999],
[-9999, -9999, -9999, -9999, 71, -9999, -9999, -9999, -9999, -9999, -9999, -9999, -9999, 80, -9999, -9999, 99, -9999, -9999, -9999, -9999, -9999, -9999, -9999, -9999, -9999, 99, -9999, -9999, -9999, 49, -9999, 56, -9999, 72, 79, -9999, -9999, -9999, 68, 55, -9999, -9999, -9999, -9999, 46, 65, 43, -9999, -9999, 83, -9999, 90, -9999, -9999, -9999, -9999, -9999, -9999, -9999, -9999, -9999, -9999, -9999, -9999, 50, 23, -9999, -9999, -9999, 74, -9999, -9999, -9999, -9999, -9999, -9999, -9999, -9999, -9999, -9999, -9999, -9999, -9999, -9999, -9999, -9999, -9999, -9999, -9999, -9999, -9999, -9999, 20, -9999, 2, -9999, 66, -9999, -9999],
[-9999, 4, -9999, -9999, 39, -9999, -9999, 63, 14, -9999, 82, -9999, -9999, -9999, -9999, 75, -9999, -9999, -9999, 81, -9999, -9999, 43, -9999, -9999, -9999, -9999, -9999, -9999, -9999, 39, -9999, -9999, -9999, -9999, -9999, 65, -9999, 30, 59, 65, 91, -9999, -9999, 52, 22, -9999, 17, 28, -9999, -9999, 84, -9999, -9999, -9999, 9, -9999, -9999, -9999, -9999, 43, -9999, 76, 14, -9999, -9999, 13, 36, -9999, -9999, 66, 69, 66, 63, -9999, -9999, 83, -9999, -9999, -9999, -9999, 79, 38, -9999, 39, 88, 56, -9999, 74, -9999, 91, 16, 71, 71, -9999, 59, 59, -9999, -9999, -9999],
[-9999, -9999, -9999, -9999, 48, -9999, -9999, -9999, -9999, -9999, 38, -9999, -9999, -9999, -9999, -9999, -9999, -9999, -9999, -9999, -9999, -9999, -9999, -9999, -9999, 7, -9999, -9999, -9999, -9999, 25, -9999, -9999, -9999, -9999, 67, -9999, -9999, -9999, 89, -9999, -9999, -9999, -9999, -9999, 33, 17, 96, -9999, -9999, -9999, -9999, -9999, -9999, -9999, 23, -9999, -9999, -9999, -9999, -9999, -9999, -9999, -9999, -9999, 24, 81, -9999, 44, -9999, -9999, -9999, -9999, -9999, 23, -9999, -9999, -9999, -9999, -9999, -9999, -9999, 52, -9999, -9999, -9999, -9999, -9999, 73, -9999, -9999, -9999, 26, 91, -9999, 46, -9999, -9999, -9999, -9999],
[-9999, 58, -9999, -9999, 37, -9999, -9999, -9999, -9999, -9999, 73, -9999, -9999, -9999, 98, -9999, -9999, -9999, -9999, 8, 76, -9999, -9999, -9999, 22, -9999, -9999, -9999, -9999, 51, 84, -9999, 89, -9999, -9999, 22, 34, -9999, 14, -9999, -9999, -9999, -9999, 64, -9999, 24, 97, 57, 80, -9999, -9999, 96, -9999, 91, -9999, -9999, 66, -9999, -9999, -9999, 3, -9999, -9999, 66, 96, 53, -9999, -9999, -9999, -9999, -9999, -9999, 11, 61, 30, -9999, 29, 24, 69, 91, -9999, -9999, -9999, 16, -9999, -9999, -9999, -9999, 32, -9999, -9999, 2, -9999, 45, -9999, 26, 5, -9999, -9999, -9999],
[-9999, -9999, -9999, -9999, -9999, -9999, -9999, -9999, -9999, 78, 85, -9999, 62, -9999, 34, -9999, -9999, -9999, -9999, -9999, 79, -9999, 40, -9999, 65, -9999, -9999, 39, -9999, 49, 52, -9999, -9999, 49, -9999, -9999, 28, -9999, 15, 70, 24, -9999, -9999, 47, -9999, 92, -9999, 93, -9999, 64, -9999, -9999, -9999, -9999, 29, -9999, -9999, 36, -9999, -9999, 91, -9999, 38, 13, -9999, 62, 20, 24, -9999, -9999, 90, -9999, 24, 42, 56, -9999, 76, -9999, -9999, -9999, 25, -9999, -9999, -9999, 7, -9999, 13, -9999, 29, -9999, 74, 6, 27, -9999, -9999, 90, 51, -9999, -9999, -9999],
[-9999, -9999, -9999, -9999, 26, -9999, -9999, -9999, -9999, 73, 36, -9999, -9999, -9999, -9999, -9999, -9999, -9999, -9999, -9999, -9999, -9999, -9999, -9999, -9999, -9999, -9999, -9999, -9999, -9999, 87, -9999, -9999, -9999, 15, 45, -9999, -9999, -9999, -9999, 20, -9999, -9999, -9999, -9999, 6, -9999, -9999, -9999, -9999, -9999, -9999, -9999, -9999, -9999, -9999, -9999, -9999, -9999, -9999, -9999, -9999, -9999, -9999, -9999, 30, 10, -9999, 69, -9999, -9999, -9999, -9999, -9999, 25, -9999, -9999, -9999, -9999, -9999, -9999, -9999, -9999, -9999, -9999, -9999, -9999, -9999, -9999, -9999, -9999, -9999, 69, 3, -9999, -9999, -9999, -9999, -9999, -9999],
[-9999, 30, -9999, -9999, -9999, -9999, -9999, -9999, 1, 30, 33, -9999, -9999, -9999, 4, -9999, -9999, -9999, 62, -9999, 6, -9999, 16, -9999, -9999, -9999, -9999, -9999, -9999, 85, 62, -9999, -9999, -9999, -9999, -9999, -9999, -9999, 33, 83, -9999, 26, -9999, 65, 38, 89, 61, 61, 98, -9999, -9999, -9999, -9999, -9999, -9999, -9999, 88, -9999, -9999, -9999, -9999, -9999, 28, 90, -9999, 47, -9999, 95, -9999, -9999, 75, -9999, 96, 74, 97, 27, 9, 95, -9999, 46, 31, 25, 27, 39, 18, 92, -9999, 47, -9999, -9999, 2, 15, 15, 55, -9999, -9999, -9999, -9999, 38, -9999],
[36, 100, 96, 12, -9999, -9999, -9999, -9999, 88, -9999, 99, -9999, -9999, 2, 68, -9999, 96, 99, -9999, 64, 88, 19, 71, 85, -9999, -9999, 90, -9999, -9999, -9999, 56, 12, -9999, -9999, -9999, -9999, 96, -9999, -9999, 13, 40, -9999, -9999, 78, -9999, 2, 89, 18, 18, -9999, 65, 39, 96, -9999, -9999, -9999, -9999, 47, 55, 8, -9999, -9999, 52, 18, -9999, 33, 97, 65, -9999, -9999, 78, -9999, 77, 42, -9999, -9999, 93, 66, -9999, 80, -9999, -9999, -9999, -9999, 67, 91, -9999, 19, -9999, -9999, 26, 26, 62, 20, -9999, 78, -9999, -9999, -9999, 41],
[46, 52, -9999, -9999, 12, -9999, 82, 8, -9999, 2, 44, -9999, -9999, 23, -9999, -9999, 18, 86, -9999, -9999, -9999, -9999, 93, -9999, -9999, -9999, 50, 29, -9999, 56, 57, 16, -9999, -9999, 17, 73, 37, -9999, 44, -9999, 92, -9999, -9999, 71, 90, 58, 10, 85, 4, 78, 87, 46, 3, -9999, -9999, -9999, -9999, -9999, -9999, 69, -9999, -9999, 20, 82, -9999, 79, -9999, 79, 1, -9999, -9999, 11, 93, 22, -9999, -9999, -9999, 64, -9999, -9999, 38, 42, -9999, 32, 34, -9999, 4, -9999, -9999, -9999, 100, 3, 98, -9999, -9999, 66, 41, -9999, 84, -9999],
[-9999, -9999, -9999, -9999, -9999, -9999, -9999, -9999, -9999, 89, 48, -9999, -9999, -9999, -9999, -9999, -9999, -9999, -9999, -9999, -9999, -9999, -9999, -9999, -9999, -9999, -9999, -9999, -9999, -9999, -9999, -9999, -9999, -9999, -9999, 80, -9999, -9999, -9999, -9999, -9999, -9999, -9999, -9999, -9999, 39, 50, 54, -9999, -9999, -9999, -9999, -9999, -9999, -9999, -9999, -9999, -9999, -9999, -9999, -9999, -9999, -9999, -9999, -9999, 97, -9999, -9999, -9999, -9999, -9999, -9999, -9999, -9999, 47, -9999, -9999, -9999, -9999, -9999, -9999, -9999, 60, 27, -9999, -9999, -9999, -9999, 25, -9999, -9999, -9999, -9999, 1, -9999, -9999, -9999, -9999, -9999, -9999],
[-9999, 93, -9999, -9999, -9999, -9999, -9999, -9999, -9999, -9999, -9999, -9999, -9999, -9999, -9999, -9999, -9999, -9999, -9999, -9999, -9999, -9999, -9999, -9999, -9999, -9999, -9999, -9999, -9999, -9999, -9999, -9999, -9999, -9999, -9999, -9999, -9999, -9999, -9999, -9999, -9999, -9999, -9999, -9999, -9999, -9999, -9999, -9999, -9999, -9999, -9999, -9999, -9999, -9999, -9999, -9999, -9999, -9999, -9999, -9999, -9999, -9999, -9999, -9999, -9999, -9999, -9999, -9999, -9999, -9999, -9999, -9999, 81, -9999, -9999, -9999, -9999, -9999, -9999, -9999, -9999, -9999, -9999, -9999, -9999, -9999, -9999, -9999, -9999, -9999, -9999, -9999, -9999, 4, -9999, -9999, -9999, -9999, -9999, -9999],
[-9999, -9999, -9999, -9999, -9999, -9999, -9999, -9999, -9999, 36, -9999, -9999, -9999, -9999, -9999, -9999, -9999, -9999, -9999, -9999, -9999, -9999, -9999, -9999, -9999, -9999, -9999, -9999, -9999, -9999, 62, -9999, -9999, -9999, -9999, 10, -9999, -9999, -9999, 64, 83, -9999, -9999, -9999, -9999, 91, -9999, 12, -9999, -9999, -9999, -9999, -9999, -9999, -9999, -9999, -9999, -9999, -9999, -9999, -9999, -9999, -9999, -9999, -9999, -9999, -9999, -9999, -9999, -9999, 60, -9999, -9999, -9999, -9999, -9999, -9999, -9999, -9999, -9999, -9999, -9999, -9999, 54, -9999, -9999, -9999, -9999, 53, -9999, -9999, -9999, -9999, 85, -9999, -9999, -9999, -9999, -9999, -9999],
[-9999, -9999, -9999, -9999, 33, -9999, -9999, -9999, -9999, -9999, 62, -9999, -9999, -9999, -9999, -9999, -9999, -9999, -9999, -9999, -9999, -9999, -9999, -9999, -9999, -9999, -9999, -9999, -9999, -9999, -9999, -9999, -9999, -9999, -9999, 63, -9999, -9999, -9999, -9999, 38, -9999, -9999, -9999, -9999, 69, -9999, -9999, -9999, -9999, -9999, -9999, -9999, -9999, -9999, -9999, -9999, -9999, -9999, -9999, -9999, -9999, -9999, -9999, -9999, 33, 69, -9999, -9999, -9999, 97, -9999, -9999, -9999, 13, -9999, -9999, -9999, -9999, -9999, -9999, -9999, 78, -9999, -9999, -9999, -9999, -9999, 3, -9999, -9999, -9999, -9999, -9999, -9999, -9999, -9999, -9999, -9999, -9999],
[-9999, 95, -9999, -9999, -9999, -9999, -9999, -9999, 58, -9999, 50, -9999, -9999, -9999, 33, -9999, -9999, -9999, -9999, 39, 10, -9999, -9999, -9999, -9999, -9999, -9999, -9999, 66, -9999, 57, -9999, -9999, -9999, -9999, 56, -9999, -9999, 56, 67, -9999, 44, -9999, -9999, -9999, 21, 74, -9999, 8, -9999, -9999, 59, -9999, 4, 34, -9999, -9999, 12, -9999, -9999, 97, -9999, 93, -9999, -9999, 14, -9999, -9999, -9999, -9999, 8, -9999, -9999, 74, 28, -9999, -9999, 85, -9999, 65, 98, 50, 99, -9999, -9999, 66, 76, -9999, 89, -9999, 71, 42, -9999, -9999, -9999, 78, -9999, -9999, -9999, -9999],
[-9999, -9999, -9999, -9999, 46, -9999, -9999, -9999, 81, -9999, 17, 81, -9999, 51, 57, 69, 2, -9999, 67, 34, -9999, 47, -9999, -9999, -9999, -9999, -9999, 43, -9999, -9999, 10, -9999, -9999, 46, -9999, -9999, -9999, 89, 48, -9999, 28, -9999, 49, 34, 80, -9999, 75, -9999, 64, -9999, 28, 44, 13, 48, 39, -9999, -9999, 14, 17, 17, -9999, -9999, -9999, 24, -9999, -9999, 18, -9999, -9999, -9999, -9999, -9999, -9999, 75, 34, 21, 55, -9999, -9999, -9999, 97, 92, -9999, -9999, -9999, 16, 64, -9999, 28, -9999, -9999, 72, -9999, 93, -9999, -9999, 98, 38, -9999, -9999],
[-9999, -9999, -9999, -9999, -9999, -9999, -9999, -9999, 90, 54, -9999, -9999, -9999, -9999, 37, -9999, -9999, -9999, -9999, -9999, -9999, -9999, -9999, 86, -9999, -9999, -9999, 25, -9999, -9999, 19, -9999, -9999, -9999, -9999, 22, 49, -9999, 42, 14, -9999, 44, -9999, 2, 78, 72, -9999, -9999, 7, -9999, -9999, -9999, -9999, 41, -9999, -9999, -9999, 1, -9999, -9999, -9999, -9999, 38, 75, -9999, 64, 62, 55, -9999, -9999, -9999, -9999, 63, 7, 27, -9999, -9999, -9999, -9999, -9999, 31, 65, 29, -9999, 32, -9999, 70, -9999, -9999, -9999, 29, 37, 66, 99, -9999, 53, 51, -9999, 95, -9999],
[56, 35, -9999, 21, -9999, -9999, -9999, -9999, -9999, -9999, -9999, -9999, -9999, 22, -9999, -9999, 49, 25, -9999, 87, -9999, -9999, -9999, 45, 59, -9999, 37, -9999, -9999, -9999, 21, 50, -9999, -9999, -9999, 90, -9999, 35, -9999, -9999, -9999, 7, 34, -9999, -9999, 1, -9999, -9999, 27, -9999, -9999, 39, 75, -9999, 62, -9999, -9999, 12, 74, -9999, 72, -9999, 24, 80, -9999, 63, -9999, 65, -9999, -9999, -9999, 47, 22, 36, 19, -9999, -9999, 84, -9999, -9999, 66, 94, -9999, -9999, 46, 53, 35, 92, 5, -9999, 30, -9999, 62, 39, -9999, -9999, 27, -9999, -9999, 69],
[-9999, 66, -9999, -9999, -9999, 52, -9999, -9999, 11, -9999, 81, -9999, -9999, -9999, 70, -9999, -9999, -9999, -9999, 26, 25, -9999, 79, 70, 89, -9999, -9999, 71, 80, -9999, 86, -9999, 27, -9999, -9999, -9999, 94, -9999, 61, 73, 61, -9999, -9999, 58, 35, 67, 66, 34, -9999, 99, -9999, 27, -9999, 4, 36, -9999, -9999, -9999, -9999, -9999, 66, -9999, 75, 12, -9999, -9999, -9999, -9999, -9999, -9999, 73, 15, -9999, 19, 11, -9999, -9999, 90, -9999, 60, -9999, -9999, -9999, -9999, 29, -9999, -9999, 33, -9999, -9999, -9999, 46, 7, -9999, -9999, 91, -9999, -9999, -9999, -9999],
[-9999, -9999, -9999, 31, 97, -9999, -9999, -9999, -9999, -9999, 25, -9999, -9999, 18, -9999, -9999, 40, -9999, -9999, -9999, -9999, -9999, -9999, -9999, -9999, -9999, -9999, -9999, -9999, -9999, 15, -9999, -9999, -9999, -9999, 94, -9999, -9999, -9999, 66, 91, -9999, -9999, -9999, -9999, 52, -9999, -9999, -9999, -9999, -9999, 78, 56, -9999, -9999, -9999, -9999, -9999, -9999, -9999, -9999, -9999, -9999, -9999, -9999, -9999, 32, -9999, -9999, 62, -9999, -9999, -9999, -9999, 99, -9999, -9999, -9999, -9999, -9999, -9999, -9999, -9999, -9999, -9999, -9999, -9999, -9999, 80, -9999, -9999, -9999, 63, 19, -9999, -9999, -9999, -9999, -9999, -9999],
[-9999, -9999, -9999, -9999, 32, -9999, -9999, -9999, -9999, -9999, 31, -9999, -9999, -9999, -9999, -9999, -9999, -9999, -9999, -9999, -9999, -9999, -9999, -9999, -9999, -9999, -9999, -9999, -9999, -9999, -9999, -9999, -9999, -9999, -9999, -9999, -9999, -9999, -9999, 35, 34, -9999, -9999, -9999, -9999, 3, -9999, 30, -9999, -9999, -9999, -9999, -9999, -9999, -9999, -9999, -9999, -9999, -9999, -9999, -9999, -9999, -9999, -9999, -9999, 69, -9999, -9999, -9999, -9999, 27, -9999, -9999, -9999, 31, -9999, -9999, -9999, -9999, -9999, -9999, -9999, 9, 39, -9999, -9999, -9999, -9999, 53, -9999, -9999, -9999, 27, -9999, -9999, -9999, -9999, -9999, -9999, -9999],
[-9999, 7, -9999, -9999, -9999, -9999, -9999, -9999, 100, 26, 74, 56, -9999, -9999, 31, -9999, -9999, -9999, -9999, -9999, 54, -9999, -9999, 70, 81, -9999, -9999, -9999, -9999, 66, 2, -9999, -9999, 70, -9999, 8, 71, -9999, 70, -9999, 67, 1, -9999, 10, 34, 94, 22, 54, 81, -9999, -9999, -9999, -9999, 36, -9999, -9999, -9999, -9999, -9999, -9999, 25, -9999, 25, 96, -9999, -9999, -9999, 17, -9999, -9999, -9999, -9999, -9999, 63, 53, -9999, -9999, 59, -9999, 100, 61, 90, 59, 52, 64, 75, -9999, 55, 97, -9999, -9999, 77, 32, -9999, -9999, -9999, 11, -9999, 35, -9999],
[-9999, -9999, -9999, -9999, 66, -9999, -9999, -9999, -9999, 82, 34, -9999, -9999, -9999, -9999, -9999, -9999, -9999, -9999, -9999, -9999, -9999, -9999, -9999, -9999, -9999, -9999, -9999, -9999, -9999, -9999, -9999, -9999, -9999, -9999, -9999, -9999, -9999, -9999, -9999, -9999, -9999, -9999, -9999, -9999, 38, 15, -9999, -9999, -9999, -9999, 55, -9999, -9999, -9999, -9999, -9999, -9999, -9999, -9999, -9999, -9999, -9999, -9999, -9999, -9999, 35, -9999, -9999, -9999, 70, -9999, -9999, -9999, 32, -9999, -9999, -9999, -9999, -9999, -9999, -9999, -9999, -9999, -9999, -9999, -9999, -9999, -9999, -9999, -9999, -9999, 23, 62, -9999, -9999, -9999, -9999, -9999, -9999],
[-9999, 67, -9999, -9999, 73, -9999, -9999, -9999, 26, 61, 86, 91, 32, -9999, 60, -9999, -9999, -9999, -9999, 95, 1, -9999, -9999, 36, -9999, -9999, -9999, -9999, -9999, -9999, 99, -9999, -9999, -9999, -9999, 41, 25, -9999, -9999, -9999, 79, 54, -9999, -9999, 85, 23, -9999, -9999, 7, -9999, -9999, 3, -9999, -9999, -9999, -9999, -9999, 54, -9999, -9999, 82, -9999, -9999, 63, -9999, 56, 7, -9999, -9999, -9999, -9999, 76, -9999, 38, -9999, -9999, 61, -9999, -9999, -9999, -9999, -9999, -9999, 52, 52, -9999, -9999, -9999, 84, -9999, 21, 4, -9999, -9999, -9999, 87, -9999, -9999, -9999, -9999],
[-9999, 71, -9999, -9999, -9999, -9999, -9999, -9999, -9999, -9999, -9999, -9999, -9999, -9999, -9999, -9999, -9999, -9999, -9999, -9999, -9999, -9999, -9999, -9999, -9999, -9999, -9999, -9999, -9999, -9999, -9999, -9999, -9999, -9999, -9999, -9999, -9999, -9999, -9999, -9999, -9999, -9999, -9999, -9999, -9999, -9999, -9999, -9999, -9999, -9999, -9999, -9999, -9999, 5, -9999, -9999, -9999, -9999, -9999, -9999, -9999, -9999, 70, -9999, -9999, -9999, -9999, -9999, -9999, -9999, -9999, -9999, 98, -9999, -9999, -9999, -9999, -9999, -9999, -9999, -9999, -9999, -9999, -9999, -9999, -9999, -9999, -9999, -9999, -9999, 17, -9999, -9999, -9999, -9999, -9999, -9999, -9999, -9999, -9999],
[-9999, 81, -9999, -9999, 30, -9999, -9999, -9999, 26, -9999, 45, -9999, 86, -9999, 39, 52, -9999, -9999, -9999, 59, 17, -9999, -9999, 8, -9999, -9999, -9999, 62, -9999, -9999, 67, -9999, -9999, -9999, -9999, 42, -9999, -9999, 89, -9999, 19, -9999, -9999, 63, 10, 43, 69, 32, 5, -9999, -9999, 26, -9999, -9999, -9999, -9999, -9999, 56, -9999, -9999, 83, -9999, 55, 1, -9999, -9999, 24, -9999, -9999, -9999, 96, 6, -9999, 93, 73, -9999, 65, 80, -9999, 70, -9999, 62, -9999, -9999, 88, -9999, 92, 81, 31, -9999, -9999, 54, -9999, 71, -9999, 49, 45, -9999, -9999, -9999],
[-9999, 25, -9999, -9999, 53, -9999, -9999, -9999, -9999, 17, 15, -9999, -9999, -9999, -9999, -9999, -9999, -9999, -9999, 4, 97, -9999, 14, -9999, 72, -9999, -9999, 65, -9999, 60, -9999, -9999, -9999, -9999, -9999, -9999, 8, 58, 27, -9999, 94, 14, -9999, -9999, -9999, 6, 97, 52, 12, -9999, -9999, -9999, -9999, 58, 31, -9999, -9999, 48, -9999, -9999, 17, -9999, 83, 8, -9999, 22, 91, 48, -9999, -9999, -9999, 65, -9999, 76, 65, -9999, 51, -9999, 35, 97, 60, 5, 4, 84, 34, -9999, 62, -9999, 43, -9999, 57, 33, -9999, 7, -9999, -9999, -9999, -9999, -9999, -9999],
[-9999, 52, -9999, -9999, -9999, -9999, -9999, -9999, -9999, -9999, -9999, -9999, -9999, -9999, -9999, -9999, -9999, -9999, -9999, -9999, -9999, -9999, -9999, -9999, -9999, -9999, -9999, -9999, -9999, -9999, -9999, -9999, -9999, -9999, -9999, -9999, -9999, -9999, -9999, -9999, -9999, -9999, -9999, -9999, -9999, -9999, -9999, -9999, -9999, -9999, -9999, -9999, -9999, 28, -9999, -9999, -9999, -9999, -9999, -9999, -9999, -9999, 56, -9999, -9999, -9999, -9999, -9999, -9999, -9999, -9999, -9999, 53, -9999, -9999, 67, -9999, -9999, -9999, -9999, -9999, -9999, -9999, -9999, -9999, -9999, -9999, -9999, -9999, -9999, -9999, -9999, -9999, -9999, -9999, -9999, -9999, -9999, -9999, -9999],
[-9999, -9999, -9999, 36, -9999, -9999, -9999, -9999, -9999, -9999, 97, -9999, -9999, 47, -9999, -9999, 89, -9999, -9999, -9999, -9999, -9999, -9999, -9999, -9999, -9999, -9999, -9999, -9999, -9999, -9999, -9999, -9999, -9999, -9999, -9999, -9999, -9999, -9999, 58, -9999, -9999, -9999, -9999, -9999, 15, 33, 62, -9999, -9999, 68, 40, 21, -9999, -9999, -9999, -9999, -9999, -9999, -9999, -9999, -9999, -9999, -9999, -9999, 23, 7, -9999, -9999, -9999, 54, -9999, -9999, -9999, 82, -9999, -9999, -9999, -9999, -9999, -9999, -9999, -9999, -9999, -9999, -9999, -9999, -9999, 25, -9999, -9999, -9999, -9999, -9999, -9999, 16, -9999, -9999, -9999, -9999],
[-9999, 71, -9999, -9999, 27, -9999, 88, -9999, -9999, 97, 21, -9999, -9999, -9999, 60, -9999, -9999, -9999, -9999, -9999, -9999, -9999, -9999, -9999, -9999, -9999, -9999, 95, -9999, 11, 63, -9999, -9999, -9999, -9999, 52, 19, 21, -9999, 75, 51, 55, -9999, 3, -9999, 45, -9999, -9999, 24, -9999, -9999, 3, -9999, 50, 42, -9999, -9999, 99, -9999, -9999, -9999, -9999, -9999, 4, 48, 17, 75, 5, -9999, -9999, 37, -9999, -9999, 92, 50, 63, 95, -9999, 66, -9999, 25, 40, 49, 28, 15, 36, 88, 13, -9999, -9999, 32, 47, -9999, -9999, -9999, -9999, 44, -9999, 55, -9999],
[-9999, -9999, -9999, -9999, -9999, -9999, -9999, -9999, -9999, 24, 64, -9999, -9999, -9999, -9999, -9999, -9999, -9999, -9999, -9999, -9999, -9999, -9999, -9999, -9999, -9999, -9999, -9999, -9999, -9999, -9999, -9999, -9999, -9999, -9999, 98, -9999, -9999, -9999, 38, 9, -9999, -9999, -9999, -9999, 45, -9999, -9999, -9999, -9999, -9999, -9999, -9999, -9999, -9999, -9999, -9999, -9999, -9999, -9999, -9999, -9999, -9999, -9999, -9999, 11, 37, -9999, -9999, -9999, -9999, -9999, -9999, -9999, 19, -9999, -9999, -9999, -9999, -9999, -9999, -9999, 45, 1, -9999, -9999, -9999, -9999, 74, -9999, -9999, -9999, -9999, -9999, -9999, 64, -9999, -9999, -9999, -9999],
[-9999, -9999, -9999, -9999, -9999, -9999, -9999, -9999, -9999, 30, -9999, -9999, -9999, -9999, -9999, -9999, -9999, -9999, -9999, -9999, -9999, -9999, -9999, -9999, -9999, -9999, -9999, -9999, -9999, -9999, 91, -9999, -9999, -9999, -9999, -9999, -9999, -9999, -9999, 44, 49, -9999, -9999, -9999, -9999, 15, 76, 61, -9999, -9999, -9999, 63, -9999, -9999, -9999, -9999, -9999, -9999, -9999, -9999, -9999, -9999, -9999, -9999, -9999, -9999, 61, -9999, -9999, -9999, 32, -9999, -9999, -9999, 10, -9999, -9999, -9999, -9999, -9999, -9999, -9999, 80, -9999, -9999, -9999, -9999, -9999, 11, -9999, -9999, -9999, -9999, -9999, -9999, 32, -9999, -9999, -9999, -9999],
[-9999, 68, -9999, -9999, -9999, -9999, -9999, -9999, -9999, -9999, 34, -9999, -9999, -9999, 14, 51, -9999, -9999, -9999, 38, -9999, -9999, 75, -9999, -9999, 56, -9999, 91, -9999, -9999, -9999, -9999, -9999, -9999, -9999, -9999, 71, -9999, 13, -9999, -9999, -9999, -9999, -9999, -9999, 13, 40, 49, 84, -9999, -9999, -9999, -9999, 32, 40, -9999, 34, 71, -9999, -9999, 94, -9999, -9999, 45, -9999, 80, -9999, -9999, -9999, -9999, 53, 32, -9999, 87, -9999, -9999, 10, 10, 86, -9999, -9999, -9999, 68, 5, -9999, 79, 83, -9999, 46, -9999, 23, 70, -9999, 86, -9999, 39, -9999, -9999, 49, -9999],
[-9999, -9999, -9999, -9999, 36, 37, 40, -9999, 88, 38, -9999, 14, -9999, -9999, -9999, -9999, -9999, -9999, -9999, 31, -9999, -9999, 80, 99, -9999, -9999, -9999, 99, -9999, -9999, -9999, -9999, -9999, -9999, -9999, 43, -9999, -9999, -9999, -9999, -9999, 4, -9999, -9999, -9999, 45, -9999, -9999, 11, -9999, -9999, 38, -9999, 36, -9999, -9999, -9999, -9999, -9999, -9999, -9999, -9999, -9999, -9999, -9999, 32, 91, 62, -9999, -9999, 44, 21, -9999, 32, 99, -9999, 46, 74, -9999, 73, 8, -9999, 18, 29, 12, 83, 18, 46, -9999, -9999, 91, 1, 85, 24, -9999, -9999, 73, -9999, 48, -9999],
[-9999, 49, -9999, -9999, -9999, -9999, -9999, -9999, -9999, -9999, -9999, -9999, -9999, -9999, -9999, -9999, -9999, -9999, -9999, -9999, -9999, -9999, -9999, -9999, -9999, -9999, -9999, -9999, -9999, -9999, -9999, -9999, -9999, -9999, -9999, -9999, -9999, -9999, -9999, -9999, -9999, -9999, -9999, -9999, -9999, -9999, -9999, -9999, -9999, -9999, -9999, -9999, -9999, 94, -9999, -9999, -9999, -9999, -9999, -9999, -9999, -9999, -9999, -9999, -9999, -9999, -9999, -9999, 68, -9999, -9999, -9999, -9999, -9999, -9999, -9999, -9999, -9999, -9999, -9999, -9999, -9999, -9999, -9999, -9999, -9999, -9999, -9999, -9999, -9999, -9999, -9999, -9999, 83, -9999, -9999, -9999, -9999, -9999, -9999],
[-9999, -9999, -9999, -9999, 8, -9999, -9999, -9999, -9999, 82, 31, 99, -9999, -9999, -9999, -9999, -9999, -9999, 85, 5, -9999, -9999, 33, 86, 87, -9999, -9999, 4, -9999, -9999, 2, -9999, 56, -9999, -9999, 100, 30, -9999, 87, -9999, 94, -9999, -9999, 28, -9999, 81, 72, 47, 3, -9999, -9999, -9999, -9999, 29, -9999, -9999, -9999, 45, -9999, -9999, 18, -9999, 78, 61, -9999, -9999, -9999, -9999, -9999, -9999, 61, -9999, 56, 16, 81, -9999, -9999, -9999, 3, -9999, 75, 89, -9999, -9999, 18, -9999, 65, -9999, -9999, -9999, 26, 48, 65, -9999, -9999, -9999, -9999, -9999, 10, -9999],
[-9999, -9999, -9999, -9999, -9999, -9999, -9999, -9999, -9999, 77, 33, -9999, -9999, -9999, -9999, -9999, -9999, -9999, -9999, -9999, -9999, -9999, -9999, -9999, -9999, -9999, -9999, -9999, -9999, -9999, 48, -9999, -9999, -9999, 25, 55, -9999, -9999, -9999, -9999, -9999, -9999, -9999, -9999, -9999, 81, 18, -9999, -9999, -9999, -9999, 39, -9999, -9999, -9999, -9999, -9999, -9999, -9999, -9999, -9999, -9999, -9999, -9999, -9999, 55, -9999, -9999, -9999, -9999, -9999, -9999, -9999, -9999, 48, -9999, -9999, -9999, -9999, -9999, -9999, -9999, -9999, -9999, -9999, -9999, -9999, -9999, -9999, -9999, -9999, -9999, -9999, 58, -9999, 72, -9999, -9999, -9999, -9999],
[-9999, 31, -9999, -9999, 56, -9999, -9999, -9999, 55, 37, -9999, -9999, -9999, -9999, 90, -9999, -9999, -9999, -9999, 14, 69, -9999, -9999, -9999, 42, -9999, -9999, 78, -9999, 23, 29, -9999, -9999, 41, -9999, -9999, 96, -9999, -9999, 24, 77, 15, -9999, 32, 4, 16, 37, -9999, 42, -9999, -9999, 68, -9999, 94, 60, -9999, -9999, -9999, -9999, -9999, -9999, -9999, -9999, 60, -9999, 100, -9999, -9999, 2, -9999, 42, 54, -9999, 7, 62, -9999, -9999, -9999, -9999, 54, 48, -9999, 90, 50, 62, 72, 41, -9999, 53, -9999, -9999, 64, 34, -9999, -9999, 25, 65, -9999, -9999, -9999],
[-9999, -9999, -9999, -9999, 67, -9999, -9999, -9999, -9999, -9999, 48, -9999, -9999, -9999, -9999, -9999, -9999, -9999, -9999, -9999, -9999, -9999, -9999, -9999, -9999, -9999, -9999, -9999, -9999, -9999, 18, -9999, 81, -9999, 23, 30, -9999, -9999, -9999, -9999, -9999, -9999, -9999, -9999, -9999, 68, -9999, 94, -9999, -9999, -9999, 47, -9999, -9999, -9999, -9999, -9999, -9999, -9999, -9999, -9999, -9999, -9999, -9999, -9999, 47, 35, -9999, -9999, -9999, 81, -9999, -9999, -9999, 13, -9999, -9999, -9999, 70, -9999, -9999, -9999, -9999, 3, -9999, -9999, -9999, -9999, -9999, -9999, -9999, -9999, 56, 82, -9999, 3, -9999, -9999, -9999, -9999],
[-9999, 71, -9999, -9999, 66, -9999, -9999, -9999, 33, 33, -9999, -9999, -9999, -9999, -9999, -9999, -9999, -9999, -9999, -9999, 56, -9999, -9999, -9999, 56, -9999, -9999, 58, -9999, -9999, 36, -9999, -9999, -9999, -9999, 22, -9999, -9999, 51, 86, -9999, 39, -9999, 36, -9999, 45, 7, 63, 46, -9999, -9999, 19, -9999, 14, 73, -9999, -9999, 47, -9999, -9999, 54, -9999, -9999, 44, -9999, 39, 39, -9999, 82, -9999, -9999, 17, 42, 24, 1, -9999, -9999, -9999, 39, 83, -9999, 59, 10, 40, -9999, 63, 97, -9999, -9999, -9999, -9999, 46, -9999, -9999, -9999, 51, 16, -9999, -9999, -9999],
[-9999, 46, -9999, -9999, -9999, -9999, -9999, -9999, -9999, -9999, -9999, -9999, -9999, -9999, 30, -9999, -9999, -9999, -9999, 100, -9999, -9999, -9999, -9999, -9999, -9999, -9999, 29, -9999, 1, 86, -9999, -9999, -9999, -9999, -9999, -9999, -9999, -9999, 17, 35, 57, -9999, 37, -9999, 51, 93, 16, 33, 79, -9999, 79, -9999, -9999, -9999, -9999, -9999, 3, -9999, -9999, -9999, -9999, -9999, 99, -9999, -9999, 9, -9999, -9999, -9999, -9999, -9999, -9999, 11, -9999, -9999, -9999, 35, -9999, 8, 77, -9999, 15, 30, -9999, 83, 8, -9999, 16, -9999, 67, 55, 28, -9999, -9999, -9999, -9999, -9999, 87, -9999],
[-9999, -9999, -9999, -9999, -9999, -9999, -9999, -9999, -9999, 7, 56, -9999, -9999, -9999, 68, -9999, -9999, -9999, -9999, 66, 33, -9999, -9999, 95, -9999, -9999, -9999, 81, -9999, 74, -9999, -9999, -9999, -9999, -9999, 10, -9999, -9999, 61, -9999, -9999, 47, -9999, 1, 82, 22, -9999, 93, 40, -9999, -9999, 38, -9999, 81, -9999, -9999, -9999, -9999, -9999, -9999, 40, -9999, 15, 60, -9999, -9999, -9999, -9999, 38, -9999, -9999, -9999, 92, 57, 66, -9999, 5, -9999, -9999, -9999, -9999, 81, -9999, -9999, 54, -9999, -9999, -9999, -9999, -9999, 65, 18, -9999, 82, -9999, 51, 8, -9999, 30, -9999],
[-9999, -9999, -9999, -9999, -9999, -9999, -9999, -9999, -9999, -9999, -9999, -9999, -9999, -9999, -9999, -9999, -9999, -9999, -9999, -9999, -9999, -9999, -9999, -9999, -9999, -9999, -9999, -9999, -9999, -9999, 31, -9999, -9999, -9999, -9999, -9999, -9999, -9999, -9999, -9999, 17, -9999, -9999, -9999, -9999, 72, 84, 23, -9999, -9999, -9999, -9999, -9999, -9999, -9999, -9999, -9999, -9999, -9999, -9999, -9999, -9999, -9999, -9999, -9999, -9999, 84, -9999, -9999, -9999, 4, -9999, -9999, -9999, 80, -9999, -9999, -9999, -9999, -9999, -9999, -9999, 79, 4, -9999, -9999, -9999, -9999, 84, -9999, -9999, -9999, -9999, 41, -9999, 48, -9999, -9999, -9999, -9999],
[-9999, -9999, -9999, -9999, -9999, -9999, -9999, -9999, -9999, 43, 17, -9999, -9999, -9999, -9999, -9999, -9999, -9999, -9999, -9999, -9999, -9999, -9999, -9999, -9999, -9999, -9999, -9999, -9999, -9999, 5, -9999, -9999, -9999, -9999, -9999, -9999, -9999, -9999, 37, -9999, -9999, -9999, -9999, -9999, 13, 52, 74, -9999, -9999, -9999, 73, -9999, -9999, -9999, -9999, -9999, -9999, -9999, -9999, -9999, -9999, -9999, -9999, -9999, -9999, -9999, -9999, 73, -9999, -9999, -9999, -9999, -9999, -9999, -9999, -9999, -9999, -9999, -9999, -9999, -9999, 65, 61, -9999, -9999, -9999, -9999, -9999, -9999, -9999, -9999, 92, -9999, -9999, 99, -9999, -9999, -9999, -9999],
[-9999, 5, -9999, -9999, -9999, -9999, -9999, -9999, -9999, 87, 2, -9999, -9999, -9999, 85, -9999, -9999, -9999, -9999, 3, 12, -9999, -9999, 10, 97, -9999, -9999, 16, -9999, 52, 32, -9999, -9999, -9999, -9999, -9999, -9999, -9999, -9999, -9999, 38, -9999, -9999, -9999, 57, 41, 33, 36, 46, -9999, -9999, 85, -9999, 73, -9999, -9999, 48, 39, -9999, -9999, 36, -9999, 6, 32, -9999, -9999, -9999, -9999, -9999, -9999, 89, -9999, 66, 11, -9999, -9999, 25, 80, -9999, 40, 60, 78, 77, 49, 89, -9999, 63, -9999, 79, -9999, -9999, 98, -9999, -9999, -9999, -9999, -9999, -9999, 57, -9999],
[-9999, -9999, -9999, -9999, 71, -9999, -9999, -9999, -9999, 68, -9999, -9999, -9999, -9999, -9999, -9999, -9999, -9999, -9999, -9999, -9999, -9999, -9999, -9999, -9999, -9999, -9999, -9999, -9999, -9999, 89, -9999, -9999, -9999, -9999, 46, -9999, -9999, -9999, -9999, -9999, -9999, -9999, -9999, -9999, -9999, 76, 73, -9999, -9999, -9999, 49, -9999, -9999, -9999, -9999, -9999, -9999, -9999, -9999, -9999, -9999, -9999, -9999, -9999, -9999, 72, -9999, -9999, -9999, -9999, -9999, -9999, -9999, -9999, -9999, -9999, -9999, -9999, -9999, -9999, -9999, 68, 61, -9999, -9999, -9999, -9999, -9999, -9999, -9999, -9999, 53, 5, -9999, 45, -9999, -9999, -9999, -9999],
[-9999, 50, -9999, -9999, 68, -9999, -9999, -9999, 89, 94, 84, -9999, -9999, -9999, 83, -9999, -9999, -9999, -9999, -9999, -9999, -9999, -9999, 67, 67, -9999, -9999, 78, -9999, 56, 14, -9999, -9999, -9999, -9999, 57, -9999, -9999, 11, 71, 74, 50, -9999, 68, 70, 45, -9999, 14, 53, -9999, -9999, 16, -9999, 75, -9999, -9999, -9999, 2, -9999, -9999, 71, -9999, 83, 35, -9999, 63, -9999, -9999, -9999, -9999, 26, 2, -9999, 79, 62, 94, -9999, 97, -9999, -9999, 94, 91, -9999, 77, -9999, -9999, 38, 5, -9999, -9999, 68, 33, -9999, -9999, -9999, -9999, 75, -9999, 23, -9999],
[-9999, -9999, -9999, -9999, -9999, -9999, -9999, -9999, -9999, 34, 12, -9999, -9999, -9999, -9999, -9999, -9999, -9999, -9999, -9999, -9999, -9999, -9999, -9999, -9999, -9999, -9999, -9999, -9999, -9999, -9999, -9999, -9999, -9999, -9999, -9999, -9999, -9999, -9999, 43, 92, -9999, -9999, -9999, -9999, 74, 91, 11, -9999, -9999, -9999, -9999, -9999, -9999, -9999, -9999, -9999, -9999, -9999, -9999, -9999, -9999, -9999, -9999, -9999, 5, 78, -9999, -9999, -9999, 65, -9999, -9999, -9999, 21, -9999, -9999, -9999, -9999, -9999, -9999, -9999, 71, -9999, -9999, -9999, -9999, -9999, -9999, -9999, -9999, -9999, -9999, 53, -9999, -9999, -9999, -9999, -9999, -9999],
[-9999, 37, -9999, -9999, 62, -9999, -9999, -9999, 83, 39, 67, -9999, -9999, -9999, 63, -9999, -9999, -9999, -9999, -9999, 62, -9999, -9999, 73, 46, -9999, -9999, -9999, -9999, 20, -9999, -9999, -9999, -9999, -9999, -9999, 70, -9999, 61, -9999, -9999, -9999, -9999, 53, 3, 3, -9999, -9999, 76, -9999, -9999, -9999, -9999, 79, -9999, -9999, -9999, 77, -9999, -9999, 85, -9999, 43, 87, -9999, 15, 7, -9999, -9999, -9999, 17, 35, 7, 9, -9999, -9999, 53, -9999, -9999, 84, 61, 93, 7, -9999, 22, 53, -9999, -9999, 53, -9999, 12, 99, -9999, -9999, -9999, 4, -9999, -9999, -9999, -9999],
[-9999, -9999, -9999, -9999, -9999, -9999, -9999, -9999, -9999, 33, -9999, -9999, -9999, -9999, -9999, -9999, -9999, -9999, -9999, -9999, -9999, -9999, -9999, -9999, -9999, 64, -9999, -9999, -9999, -9999, -9999, -9999, -9999, -9999, -9999, -9999, -9999, -9999, -9999, 33, 55, -9999, -9999, -9999, -9999, 11, 12, -9999, -9999, -9999, -9999, 81, -9999, -9999, -9999, -9999, -9999, -9999, -9999, -9999, -9999, -9999, -9999, -9999, -9999, 64, -9999, -9999, -9999, -9999, -9999, -9999, -9999, -9999, -9999, -9999, -9999, -9999, -9999, -9999, -9999, -9999, -9999, 9, -9999, -9999, -9999, -9999, -9999, -9999, -9999, -9999, 25, 68, -9999, 23, -9999, -9999, -9999, -9999],
[-9999, -9999, -9999, -9999, 83, -9999, -9999, -9999, 51, 17, 66, -9999, -9999, -9999, -9999, -9999, -9999, -9999, -9999, 50, -9999, -9999, 17, 8, -9999, -9999, -9999, 26, -9999, 65, -9999, -9999, 90, -9999, -9999, 22, -9999, -9999, 96, 54, 68, -9999, -9999, 67, 20, 10, 36, 73, 48, -9999, -9999, 23, -9999, -9999, -9999, -9999, -9999, 22, -9999, -9999, 79, -9999, 37, -9999, -9999, 51, -9999, -9999, -9999, -9999, -9999, 17, 23, 94, 52, 94, 42, -9999, -9999, 39, -9999, 84, 60, -9999, 99, 79, 67, 31, -9999, -9999, 60, 79, -9999, 47, -9999, 42, -9999, -9999, 39, -9999],
[-9999, -9999, -9999, -9999, 26, -9999, -9999, -9999, -9999, 9, 50, -9999, -9999, -9999, -9999, -9999, -9999, -9999, -9999, -9999, -9999, -9999, -9999, -9999, -9999, 80, -9999, -9999, -9999, -9999, 1, -9999, -9999, -9999, -9999, -9999, -9999, -9999, -9999, -9999, 90, -9999, -9999, -9999, -9999, 79, -9999, -9999, -9999, -9999, -9999, -9999, -9999, -9999, -9999, -9999, -9999, -9999, -9999, -9999, -9999, -9999, -9999, -9999, -9999, 3, 65, -9999, -9999, -9999, 2, -9999, -9999, -9999, -9999, -9999, -9999, -9999, -9999, -9999, -9999, -9999, -9999, -9999, -9999, -9999, -9999, -9999, -9999, -9999, -9999, -9999, -9999, 92, -9999, -9999, -9999, -9999, -9999, -9999],
[43, 9, -9999, -9999, -9999, -9999, -9999, -9999, -9999, -9999, -9999, -9999, -9999, -9999, -9999, -9999, -9999, -9999, -9999, -9999, -9999, -9999, -9999, -9999, -9999, -9999, 12, -9999, -9999, -9999, -9999, 50, -9999, -9999, -9999, -9999, -9999, -9999, -9999, -9999, -9999, -9999, -9999, -9999, -9999, -9999, -9999, -9999, -9999, -9999, 38, -9999, -9999, 30, -9999, -9999, -9999, -9999, -9999, -9999, -9999, -9999, -9999, -9999, -9999, -9999, -9999, -9999, -9999, -9999, -9999, -9999, -9999, -9999, -9999, -9999, -9999, -9999, -9999, -9999, -9999, -9999, -9999, -9999, -9999, -9999, -9999, -9999, -9999, -9999, 10, -9999, -9999, 78, -9999, -9999, -9999, -9999, -9999, -9999],
[-9999, -9999, -9999, -9999, 95, -9999, -9999, -9999, -9999, -9999, -9999, -9999, -9999, -9999, -9999, -9999, -9999, -9999, -9999, -9999, -9999, -9999, -9999, -9999, -9999, -9999, -9999, -9999, -9999, -9999, 93, -9999, -9999, -9999, -9999, 91, -9999, -9999, -9999, -9999, 81, -9999, -9999, -9999, -9999, 10, 31, -9999, -9999, -9999, -9999, 93, -9999, -9999, -9999, -9999, -9999, -9999, -9999, -9999, -9999, -9999, -9999, -9999, -9999, -9999, -9999, -9999, -9999, -9999, 72, -9999, -9999, -9999, 42, -9999, -9999, -9999, -9999, -9999, -9999, -9999, 6, -9999, -9999, -9999, -9999, -9999, -9999, -9999, -9999, -9999, 8, 55, -9999, 21, -9999, -9999, -9999, -9999],
[-9999, -9999, -9999, -9999, 83, -9999, -9999, -9999, -9999, -9999, 19, -9999, -9999, -9999, -9999, -9999, -9999, -9999, -9999, -9999, -9999, -9999, -9999, -9999, -9999, -9999, -9999, -9999, -9999, -9999, -9999, -9999, 65, -9999, -9999, 39, -9999, -9999, -9999, -9999, 27, -9999, -9999, -9999, -9999, 75, -9999, -9999, -9999, -9999, -9999, 100, -9999, -9999, -9999, -9999, -9999, -9999, -9999, -9999, -9999, -9999, -9999, -9999, -9999, 63, 75, -9999, -9999, -9999, 92, -9999, -9999, -9999, -9999, -9999, -9999, -9999, -9999, -9999, -9999, -9999, -9999, 16, -9999, -9999, -9999, -9999, 84, -9999, -9999, -9999, 28, 97, -9999, 25, -9999, -9999, -9999, -9999],
[-9999, -9999, -9999, -9999, 93, -9999, -9999, -9999, -9999, -9999, 87, -9999, -9999, -9999, -9999, -9999, -9999, -9999, -9999, -9999, -9999, -9999, -9999, -9999, -9999, -9999, -9999, -9999, -9999, -9999, 48, -9999, -9999, -9999, 2, -9999, -9999, -9999, -9999, 13, 11, -9999, -9999, -9999, -9999, 57, 49, -9999, -9999, -9999, -9999, 1, -9999, -9999, -9999, -9999, -9999, -9999, -9999, -9999, -9999, -9999, -9999, -9999, -9999, -9999, -9999, -9999, -9999, -9999, -9999, -9999, -9999, -9999, 81, -9999, -9999, -9999, -9999, -9999, -9999, -9999, -9999, -9999, -9999, -9999, -9999, -9999, 29, -9999, -9999, -9999, 43, 76, -9999, 79, -9999, -9999, -9999, -9999],
[-9999, -9999, -9999, -9999, 42, -9999, -9999, -9999, -9999, -9999, -9999, -9999, -9999, -9999, -9999, -9999, -9999, -9999, -9999, -9999, -9999, -9999, -9999, -9999, -9999, -9999, -9999, -9999, -9999, -9999, 33, -9999, -9999, -9999, -9999, 55, -9999, -9999, -9999, 67, -9999, -9999, -9999, -9999, -9999, 21, -9999, -9999, -9999, -9999, -9999, -9999, -9999, -9999, -9999, -9999, -9999, -9999, -9999, -9999, -9999, -9999, -9999, -9999, -9999, 84, -9999, -9999, 51, -9999, -9999, -9999, -9999, -9999, 90, -9999, -9999, -9999, -9999, -9999, -9999, -9999, -9999, -9999, -9999, -9999, -9999, -9999, 55, -9999, -9999, -9999, -9999, -9999, -9999, 27, -9999, -9999, -9999, -9999],
[-9999, -9999, -9999, 98, 48, -9999, -9999, -9999, -9999, 35, 5, -9999, -9999, 22, -9999, -9999, 16, -9999, -9999, -9999, -9999, -9999, -9999, -9999, -9999, 48, 35, -9999, -9999, -9999, -9999, -9999, -9999, -9999, -9999, 88, -9999, -9999, -9999, 57, 61, -9999, -9999, -9999, -9999, 57, -9999, 46, -9999, -9999, 97, 26, 39, -9999, -9999, -9999, -9999, -9999, -9999, -9999, -9999, -9999, -9999, -9999, -9999, 49, 51, -9999, -9999, 20, -9999, -9999, -9999, -9999, -9999, -9999, -9999, -9999, -9999, -9999, -9999, -9999, -9999, -9999, -9999, -9999, -9999, -9999, 60, -9999, -9999, -9999, -9999, 8, -9999, 27, -9999, -9999, -9999, -9999],
[-9999, -9999, -9999, -9999, 34, -9999, -9999, -9999, -9999, -9999, 77, -9999, -9999, -9999, -9999, -9999, -9999, -9999, -9999, -9999, -9999, -9999, -9999, -9999, -9999, -9999, -9999, -9999, -9999, -9999, 4, -9999, -9999, -9999, -9999, 11, -9999, -9999, -9999, -9999, 14, -9999, -9999, -9999, -9999, 94, 48, 81, -9999, -9999, -9999, 67, -9999, -9999, -9999, -9999, -9999, -9999, -9999, -9999, -9999, -9999, -9999, -9999, -9999, -9999, -9999, -9999, -9999, -9999, -9999, -9999, -9999, -9999, 60, -9999, -9999, -9999, -9999, -9999, -9999, -9999, 51, -9999, -9999, -9999, -9999, -9999, -9999, -9999, -9999, -9999, 7, 11, -9999, -9999, -9999, -9999, -9999, -9999],
[-9999, -9999, -9999, -9999, -9999, -9999, -9999, -9999, -9999, -9999, -9999, -9999, -9999, -9999, -9999, -9999, -9999, -9999, -9999, -9999, -9999, -9999, -9999, -9999, -9999, -9999, -9999, -9999, -9999, -9999, -9999, -9999, -9999, -9999, -9999, -9999, -9999, -9999, -9999, -9999, -9999, -9999, -9999, -9999, -9999, -9999, -9999, -9999, -9999, -9999, -9999, -9999, -9999, -9999, -9999, -9999, -9999, -9999, -9999, -9999, -9999, -9999, -9999, -9999, -9999, -9999, -9999, -9999, -9999, -9999, -9999, -9999, -9999, -9999, -9999, -9999, -9999, -9999, -9999, -9999, -9999, -9999, -9999, -9999, -9999, -9999, -9999, -9999, -9999, -9999, -9999, -9999, -9999, -9999, -9999, -9999, -9999, -9999, -9999, -9999],
[-9999, 42, 90, 88, 12, -9999, -9999, -9999, 31, 16, -9999, -9999, -9999, 69, 77, -9999, 74, -9999, 88, -9999, 21, -9999, 91, 10, 58, -9999, 13, 91, -9999, 40, -9999, 27, -9999, -9999, -9999, 63, 65, -9999, -9999, -9999, 10, 22, -9999, 85, 85, 41, -9999, -9999, 63, -9999, 51, 99, 100, 83, 81, -9999, -9999, -9999, 47, -9999, -9999, -9999, 1, 11, -9999, 45, 14, 73, -9999, 46, -9999, -9999, 56, 21, 87, -9999, 52, -9999, -9999, 22, 92, 6, -9999, 26, -9999, 86, 82, 52, -9999, -9999, -9999, 24, 98, 84, -9999, 54, -9999, 60, -9999, -9999],
[-9999, -9999, -9999, -9999, -9999, -9999, -9999, -9999, -9999, -9999, -9999, -9999, -9999, -9999, -9999, -9999, -9999, -9999, -9999, -9999, -9999, -9999, -9999, -9999, -9999, -9999, -9999, -9999, -9999, -9999, -9999, -9999, -9999, -9999, -9999, -9999, -9999, -9999, -9999, -9999, -9999, -9999, -9999, -9999, -9999, -9999, -9999, -9999, -9999, -9999, -9999, -9999, -9999, -9999, -9999, -9999, -9999, -9999, -9999, -9999, -9999, -9999, -9999, -9999, -9999, -9999, -9999, -9999, -9999, -9999, -9999, -9999, -9999, -9999, -9999, -9999, -9999, -9999, -9999, -9999, -9999, -9999, -9999, -9999, -9999, -9999, -9999, -9999, -9999, -9999, -9999, -9999, -9999, 5, -9999, -9999, -9999, -9999, -9999, -9999],
[-9999, -9999, -9999, 9, 96, -9999, -9999, -9999, -9999, 89, -9999, -9999, -9999, 51, -9999, -9999, 61, -9999, -9999, -9999, -9999, -9999, -9999, -9999, -9999, -9999, -9999, -9999, -9999, -9999, 5, -9999, -9999, -9999, -9999, 15, -9999, -9999, -9999, -9999, -9999, -9999, -9999, -9999, -9999, 47, 32, -9999, -9999, -9999, -9999, 61, 32, -9999, -9999, -9999, -9999, -9999, -9999, -9999, -9999, -9999, -9999, -9999, -9999, -9999, 43, -9999, -9999, -9999, 13, -9999, -9999, -9999, 43, -9999, -9999, -9999, -9999, -9999, -9999, -9999, 31, 38, -9999, -9999, -9999, -9999, 57, -9999, -9999, -9999, -9999, -9999, -9999, 30, -9999, 50, -9999, 61],
[-9999, 44, -9999, -9999, -9999, -9999, -9999, -9999, -9999, 84, -9999, -9999, -9999, -9999, 16, -9999, -9999, -9999, -9999, 18, 44, -9999, 63, -9999, 15, -9999, -9999, -9999, -9999, 28, -9999, -9999, -9999, -9999, 1, 1, 60, -9999, 84, -9999, 91, -9999, -9999, 83, -9999, 83, 57, -9999, 80, -9999, -9999, 11, -9999, -9999, -9999, -9999, -9999, 64, -9999, -9999, 46, -9999, 20, 29, -9999, 98, -9999, 100, -9999, -9999, 48, 46, 77, 11, 29, -9999, 16, -9999, -9999, 70, 10, 22, 100, -9999, 41, -9999, 34, -9999, 47, -9999, 86, 10, 63, -9999, -9999, 42, -9999, -9999, 24, -9999],
[-9999, -9999, -9999, -9999, -9999, -9999, -9999, -9999, -9999, 24, 97, -9999, -9999, -9999, -9999, -9999, -9999, -9999, -9999, -9999, -9999, -9999, -9999, -9999, -9999, 45, -9999, -9999, -9999, -9999, 36, -9999, -9999, -9999, -9999, -9999, -9999, -9999, -9999, -9999, -9999, -9999, -9999, -9999, -9999, 19, -9999, -9999, -9999, -9999, -9999, 86, -9999, -9999, -9999, -9999, -9999, -9999, -9999, -9999, -9999, -9999, -9999, -9999, -9999, 89, 6, -9999, 20, -9999, 39, -9999, -9999, -9999, -9999, -9999, -9999, -9999, 38, -9999, -9999, -9999, -9999, -9999, -9999, -9999, -9999, -9999, -9999, -9999, -9999, -9999, -9999, 11, -9999, 56, -9999, -9999, -9999, -9999],
[-9999, 54, -9999, -9999, -9999, -9999, -9999, -9999, -9999, -9999, -9999, -9999, -9999, -9999, -9999, -9999, -9999, -9999, -9999, 72, -9999, -9999, 26, 87, 20, -9999, -9999, -9999, -9999, -9999, 82, -9999, -9999, -9999, -9999, 29, -9999, -9999, 35, 11, 18, 26, -9999, -9999, 53, 98, 9, -9999, 70, -9999, -9999, -9999, -9999, 35, 4, -9999, -9999, 28, -9999, -9999, 89, -9999, 36, 33, -9999, 97, -9999, 3, -9999, -9999, -9999, 40, 18, 89, 89, -9999, 97, 84, -9999, -9999, -9999, 76, -9999, -9999, -9999, -9999, 15, -9999, -9999, -9999, -9999, 59, -9999, 59, -9999, -9999, -9999, -9999, 6, -9999],
[-9999, 35, -9999, -9999, 31, -9999, -9999, -9999, 24, -9999, -9999, -9999, -9999, -9999, 89, -9999, -9999, -9999, -9999, -9999, 63, -9999, 43, 68, -9999, -9999, -9999, -9999, -9999, -9999, -9999, -9999, 96, -9999, -9999, 78, -9999, 67, -9999, -9999, -9999, 6, -9999, 39, 34, 40, -9999, -9999, 34, -9999, -9999, 41, -9999, -9999, 38, 64, -9999, -9999, -9999, -9999, -9999, -9999, -9999, 45, -9999, 28, -9999, -9999, -9999, -9999, 45, -9999, -9999, 14, -9999, -9999, 72, -9999, -9999, 59, -9999, 75, 64, 49, 4, -9999, 71, -9999, -9999, -9999, 56, 50, 44, 70, -9999, 80, -9999, -9999, 30, -9999],
[-9999, 48, -9999, -9999, 43, -9999, -9999, -9999, -9999, -9999, -9999, -9999, 76, -9999, -9999, -9999, -9999, -9999, -9999, 75, -9999, -9999, -9999, -9999, -9999, 93, -9999, 69, -9999, 15, -9999, -9999, -9999, -9999, -9999, 64, 27, -9999, -9999, -9999, -9999, -9999, -9999, 44, -9999, 93, 60, 4, 88, -9999, -9999, -9999, -9999, 13, -9999, -9999, -9999, 19, -9999, -9999, 1, -9999, -9999, 65, -9999, -9999, 3, -9999, -9999, -9999, -9999, 61, -9999, 80, 7, 51, -9999, -9999, -9999, 22, -9999, -9999, -9999, -9999, 71, -9999, -9999, 65, 11, -9999, -9999, 17, 26, -9999, -9999, 28, 22, -9999, -9999, -9999],
[-9999, 86, -9999, -9999, 9, -9999, -9999, -9999, -9999, -9999, 53, -9999, -9999, -9999, 5, -9999, -9999, -9999, -9999, -9999, 16, -9999, 49, -9999, -9999, 21, -9999, 49, -9999, -9999, -9999, -9999, -9999, -9999, -9999, 81, 21, -9999, -9999, 45, 34, -9999, -9999, 41, 27, 38, 86, -9999, 86, -9999, -9999, 24, -9999, 56, -9999, -9999, -9999, -9999, -9999, -9999, -9999, -9999, -9999, 23, -9999, -9999, 64, 24, -9999, -9999, 30, 57, 51, 31, 34, -9999, -9999, -9999, -9999, 5, -9999, -9999, -9999, -9999, -9999, 27, -9999, -9999, 41, -9999, 81, 84, -9999, -9999, -9999, 45, 57, -9999, -9999, -9999],
[-9999, -9999, -9999, -9999, 97, -9999, -9999, -9999, -9999, 75, 23, -9999, -9999, -9999, -9999, -9999, -9999, -9999, -9999, -9999, -9999, -9999, -9999, -9999, -9999, -9999, -9999, -9999, -9999, -9999, -9999, -9999, -9999, -9999, -9999, -9999, -9999, -9999, -9999, -9999, 71, -9999, -9999, -9999, -9999, 97, 3, 97, -9999, -9999, -9999, -9999, -9999, -9999, -9999, -9999, -9999, -9999, -9999, -9999, -9999, -9999, -9999, -9999, -9999, -9999, 98, -9999, -9999, -9999, 60, -9999, -9999, -9999, 21, -9999, -9999, -9999, -9999, -9999, -9999, -9999, -9999, -9999, -9999, -9999, -9999, -9999, 71, -9999, -9999, -9999, -9999, -9999, -9999, -9999, -9999, -9999, -9999, -9999]
];
