NbNodes = 100;
NbNDDs = 0;
NbPairs = 100;
NbTerminals = 0;
K = 0;
L = 102;
Wt = [
[-9999, -9999, -9999, -9999, -9999, -9999, -9999, 21, -9999, -9999, -9999, -9999, -9999, 53, 30, -9999, -9999, -9999, -9999, 7, 88, -9999, -9999, -9999, -9999, 38, -9999, 58, -9999, 67, -9999, -9999, -9999, -9999, -9999, -9999, -9999, -9999, 29, -9999, 59, -9999, -9999, -9999, -9999, -9999, -9999, -9999, 33, -9999, -9999, -9999, -9999, -9999, -9999, -9999, -9999, -9999, -9999, -9999, -9999, -9999, -9999, 98, 99, -9999, -9999, -9999, -9999, -9999, 62, -9999, 19, -9999, -9999, -9999, -9999, 95, -9999, -9999, 18, -9999, -9999, -9999, -9999, 24, 13, 90, -9999, -9999, 84, -9999, -9999, 92, -9999, 49, -9999, -9999, -9999, -9999],
[-9999, -9999, -9999, -9999, -9999, -9999, -9999, 16, -9999, 12, -9999, -9999, -9999, 61, -9999, -9999, -9999, -9999, -9999, 10, -9999, -9999, -9999, -9999, -9999, -9999, 76, 50, -9999, -9999, -9999, -9999, -9999, -9999, -9999, -9999, -9999, -9999, -9999, -9999, 74, -9999, -9999, -9999, -9999, -9999, -9999, -9999, 82, -9999, -9999, -9999, -9999, -9999, -9999, -9999, -9999, -9999, -9999, -9999, -9999, -9999, -9999, 48, -9999, -9999, -9999, -9999, -9999, -9999, 37, -9999, 65, -9999, -9999, -9999, -9999, -9999, -9999, -9999, 95, -9999, -9999, 21, -9999, 31, 37, -9999, -9999, -9999, -9999, -9999, -9999, -9999, -9999, -9999, 60, -9999, -9999, -9999],
[-9999, -9999, -9999, -9999, -9999, 97, 67, 96, -9999, 18, -9999, -9999, -9999, 64, -9999, -9999, 13, -9999, 74, 30, 22, -9999, 42, 3, 71, -9999, 52, 2, -9999, 62, 37, 86, 89, 14, -9999, -9999, -9999, 48, 70, 61, 18, 48, 7, -9999, 40, -9999, -9999, 87, 76, 87, -9999, 52, -9999, 97, 7, 80, 30, -9999, -9999, -9999, -9999, 59, -9999, 93, 23, -9999, -9999, -9999, 17, -9999, 83, -9999, 84, 88, 99, 67, 11, -9999, -9999, -9999, -9999, 79, -9999, -9999, 51, -9999, 60, 61, -9999, -9999, 47, 40, -9999, 73, 88, -9999, 93, 89, 18, -9999],
[-9999, -9999, -9999, -9999, -9999, 39, 58, 16, -9999, 43, -9999, -9999, -9999, -9999, -9999, -9999, -9999, -9999, 65, -9999, -9999, -9999, -9999, 92, -9999, 36, -9999, -9999, -9999, -9999, -9999, -9999, 4, -9999, -9999, -9999, -9999, -9999, 40, -9999, 93, -9999, 46, 99, -9999, -9999, -9999, 84, 83, -9999, -9999, -9999, -9999, 93, 45, -9999, 77, 78, -9999, -9999, -9999, -9999, -9999, 56, 33, 46, -9999, -9999, 63, 3, 53, -9999, 68, -9999, 52, -9999, 98, -9999, 88, -9999, -9999, 74, -9999, 21, -9999, 87, 90, -9999, -9999, -9999, -9999, -9999, -9999, -9999, -9999, 55, -9999, -9999, 45, 92],
[-9999, -9999, 15, -9999, -9999, 38, 76, 61, -9999, -9999, -9999, -9999, -9999, 45, -9999, -9999, -9999, -9999, 57, 66, 50, -9999, 26, 11, -9999, -9999, -9999, -9999, -9999, -9999, 20, -9999, -9999, -9999, -9999, -9999, -9999, 58, -9999, -9999, 5, -9999, 100, 42, -9999, -9999, -9999, 46, 38, 71, -9999, -9999, -9999, 29, 40, 75, -9999, 89, -9999, -9999, -9999, 7, -9999, 36, 64, -9999, -9999, -9999, 2, 24, -9999, -9999, 5, -9999, 67, 44, -9999, -9999, 91, 95, 98, 75, 88, 98, 61, -9999, 80, -9999, -9999, -9999, 35, 29, 89, -9999, -9999, -9999, 18, 13, 72, 45],
[-9999, -9999, -9999, -9999, -9999, -9999, -9999, -9999, -9999, -9999, -9999, -9999, -9999, -9999, -9999, -9999, -9999, -9999, -9999, -9999, -9999, -9999, -9999, -9999, -9999, -9999, -9999, -9999, -9999, -9999, -9999, -9999, -9999, -9999, -9999, -9999, -9999, -9999, -9999, -9999, -9999, -9999, -9999, -9999, -9999, -9999, -9999, -9999, -9999, -9999, -9999, -9999, -9999, -9999, -9999, -9999, -9999, -9999, -9999, -9999, -9999, -9999, -9999, -9999, -9999, -9999, -9999, -9999, -9999, -9999, 65, -9999, -9999, -9999, -9999, -9999, -9999, -9999, -9999, -9999, -9999, -9999, -9999, 53, -9999, -9999, -9999, -9999, -9999, -9999, -9999, -9999, -9999, -9999, -9999, 16, -9999, -9999, -9999, -9999],
[47, -9999, -9999, -9999, -9999, -9999, -9999, 1, -9999, -9999, -9999, -9999, -9999, 33, -9999, -9999, -9999, -9999, -9999, 99, 96, -9999, -9999, -9999, -9999, -9999, -9999, 87, -9999, 32, -9999, -9999, -9999, -9999, -9999, -9999, -9999, -9999, 39, -9999, -9999, -9999, -9999, -9999, -9999, -9999, -9999, -9999, 41, -9999, -9999, -9999, -9999, -9999, -9999, -9999, -9999, -9999, -9999, -9999, -9999, -9999, -9999, 88, 86, -9999, -9999, -9999, -9999, -9999, 55, -9999, 59, -9999, -9999, -9999, -9999, -9999, -9999, -9999, 56, -9999, -9999, 68, -9999, 47, -9999, -9999, -9999, -9999, -9999, -9999, -9999, 43, -9999, -9999, 52, -9999, -9999, -9999],
[-9999, -9999, -9999, -9999, -9999, -9999, -9999, -9999, -9999, -9999, -9999, 85, -9999, -9999, 45, -9999, -9999, -9999, -9999, -9999, -9999, -9999, -9999, -9999, 65, 70, -9999, -9999, -9999, -9999, -9999, -9999, -9999, -9999, -9999, -9999, -9999, -9999, -9999, -9999, -9999, 4, -9999, -9999, -9999, -9999, -9999, -9999, -9999, 17, -9999, 38, -9999, 31, -9999, -9999, -9999, -9999, -9999, -9999, -9999, -9999, -9999, -9999, -9999, -9999, -9999, -9999, 40, 32, -9999, -9999, -9999, -9999, 76, -9999, -9999, -9999, -9999, -9999, -9999, -9999, -9999, -9999, -9999, -9999, -9999, -9999, -9999, -9999, -9999, -9999, -9999, -9999, -9999, 84, -9999, 7, -9999, -9999],
[-9999, -9999, -9999, -9999, 38, -9999, 51, -9999, -9999, -9999, -9999, 19, -9999, -9999, -9999, -9999, 6, -9999, 62, -9999, 88, 100, 57, 59, 86, -9999, 88, 47, 57, 54, 98, 12, 48, -9999, -9999, -9999, 58, 68, -9999, -9999, 6, -9999, 86, 65, -9999, -9999, -9999, -9999, 22, 12, 45, -9999, -9999, 38, 81, 82, 23, -9999, 1, -9999, -9999, 55, -9999, 29, -9999, -9999, -9999, 16, 1, 95, -9999, -9999, -9999, 15, 44, 48, 65, -9999, 97, -9999, 27, 50, 41, -9999, -9999, 69, 27, -9999, -9999, 82, -9999, -9999, -9999, 7, -9999, 52, 55, 7, 26, -9999],
[-9999, -9999, -9999, -9999, 89, -9999, 98, 54, -9999, -9999, -9999, -9999, -9999, -9999, -9999, -9999, -9999, -9999, 72, -9999, -9999, -9999, 16, 96, -9999, -9999, 52, -9999, -9999, -9999, -9999, 66, 11, -9999, -9999, -9999, -9999, 38, 31, -9999, -9999, -9999, 42, -9999, -9999, -9999, -9999, 73, 23, 86, -9999, -9999, -9999, 73, -9999, 67, -9999, -9999, -9999, -9999, -9999, 13, -9999, 85, 60, 85, 5, -9999, 72, -9999, -9999, -9999, 20, -9999, 83, -9999, 72, -9999, 50, 39, 28, 36, 41, -9999, 19, 65, 12, -9999, -9999, -9999, -9999, 56, -9999, -9999, -9999, 38, -9999, 27, 22, 91],
[-9999, -9999, -9999, -9999, 98, 43, 22, -9999, 96, 97, -9999, -9999, -9999, 70, -9999, -9999, 94, -9999, 94, -9999, 68, -9999, 41, -9999, -9999, -9999, -9999, 99, -9999, -9999, 30, 72, 1, -9999, -9999, -9999, -9999, 6, 26, -9999, 89, -9999, 96, 62, -9999, -9999, -9999, 56, 2, 10, -9999, -9999, -9999, 90, 92, -9999, 18, 39, -9999, -9999, -9999, -9999, -9999, 88, -9999, 92, 25, -9999, -9999, -9999, -9999, -9999, -9999, -9999, 52, 36, 25, -9999, -9999, -9999, -9999, 29, 49, 12, -9999, -9999, 10, -9999, -9999, -9999, 48, 23, -9999, -9999, -9999, -9999, 27, 90, 14, -9999],
[-9999, -9999, -9999, 11, 39, 42, 81, -9999, 32, -9999, -9999, -9999, -9999, -9999, -9999, -9999, -9999, -9999, 59, 24, 22, -9999, 24, -9999, -9999, -9999, -9999, 72, -9999, -9999, -9999, 52, 76, -9999, -9999, -9999, -9999, 100, -9999, -9999, 14, -9999, 55, -9999, -9999, -9999, -9999, -9999, 74, -9999, -9999, -9999, 88, 15, 75, 62, -9999, -9999, -9999, -9999, -9999, 47, -9999, 57, 24, -9999, -9999, -9999, -9999, 38, -9999, -9999, -9999, -9999, -9999, 17, 98, -9999, 27, 44, -9999, -9999, -9999, 80, -9999, 40, -9999, -9999, -9999, 38, 83, 65, -9999, -9999, 12, 85, 92, 34, -9999, 75],
[-9999, -9999, 40, -9999, 93, -9999, 89, 61, 96, 66, 32, -9999, -9999, -9999, -9999, -9999, 77, -9999, 75, 32, 48, -9999, -9999, 80, -9999, 93, -9999, -9999, -9999, -9999, -9999, -9999, 31, -9999, -9999, 75, -9999, 18, 69, -9999, -9999, -9999, 85, 65, 39, -9999, 39, 70, 89, -9999, -9999, -9999, -9999, 74, 58, -9999, 66, 41, -9999, -9999, -9999, 85, -9999, 11, -9999, 39, -9999, 56, 3, 29, -9999, -9999, 42, -9999, -9999, 27, 62, -9999, 63, -9999, 70, 12, -9999, -9999, 55, -9999, 83, -9999, -9999, -9999, 77, 62, -9999, -9999, -9999, -9999, 30, -9999, -9999, 6],
[-9999, -9999, -9999, -9999, -9999, -9999, -9999, -9999, -9999, -9999, -9999, 20, -9999, -9999, 25, -9999, -9999, -9999, -9999, -9999, -9999, -9999, -9999, -9999, 24, -9999, -9999, -9999, -9999, -9999, -9999, -9999, -9999, -9999, -9999, -9999, -9999, -9999, -9999, -9999, -9999, 8, -9999, -9999, -9999, -9999, -9999, -9999, -9999, 21, -9999, 56, -9999, 78, -9999, -9999, -9999, -9999, -9999, -9999, -9999, -9999, -9999, -9999, -9999, -9999, -9999, -9999, 71, 8, 39, -9999, -9999, -9999, -9999, -9999, -9999, -9999, 14, -9999, -9999, -9999, -9999, 96, -9999, -9999, -9999, -9999, -9999, -9999, -9999, -9999, -9999, -9999, -9999, 22, -9999, 3, -9999, -9999],
[-9999, -9999, -9999, -9999, -9999, -9999, -9999, 36, -9999, 96, -9999, -9999, -9999, 84, -9999, -9999, -9999, -9999, -9999, 64, 47, -9999, -9999, -9999, -9999, -9999, 6, -9999, -9999, 12, -9999, -9999, 31, -9999, -9999, -9999, -9999, -9999, -9999, -9999, 67, -9999, -9999, -9999, -9999, -9999, -9999, -9999, 1, -9999, -9999, -9999, -9999, -9999, -9999, -9999, -9999, -9999, -9999, -9999, -9999, -9999, -9999, 89, -9999, -9999, -9999, -9999, -9999, -9999, 69, -9999, 88, -9999, -9999, -9999, -9999, -9999, -9999, -9999, 27, -9999, -9999, 63, 57, -9999, -9999, 59, -9999, -9999, -9999, -9999, -9999, 2, -9999, -9999, 74, -9999, -9999, -9999],
[-9999, -9999, -9999, -9999, -9999, -9999, -9999, -9999, -9999, -9999, -9999, -9999, -9999, -9999, -9999, -9999, -9999, -9999, -9999, -9999, -9999, -9999, -9999, -9999, -9999, 26, -9999, -9999, -9999, -9999, -9999, -9999, -9999, -9999, -9999, -9999, -9999, -9999, -9999, -9999, -9999, -9999, -9999, -9999, -9999, -9999, -9999, -9999, -9999, -9999, -9999, -9999, -9999, 18, -9999, -9999, -9999, -9999, -9999, -9999, -9999, -9999, -9999, -9999, -9999, -9999, -9999, -9999, 17, 65, 10, -9999, -9999, -9999, -9999, -9999, -9999, -9999, -9999, -9999, -9999, -9999, -9999, -9999, -9999, -9999, -9999, -9999, -9999, -9999, -9999, -9999, -9999, -9999, -9999, -9999, -9999, -9999, -9999, -9999],
[-9999, -9999, -9999, -9999, -9999, -9999, -9999, -9999, -9999, -9999, -9999, -9999, -9999, -9999, -9999, -9999, -9999, -9999, -9999, -9999, -9999, -9999, -9999, -9999, -9999, 27, -9999, -9999, -9999, -9999, -9999, -9999, -9999, -9999, -9999, -9999, -9999, -9999, -9999, -9999, -9999, -9999, -9999, -9999, -9999, -9999, -9999, -9999, -9999, -9999, -9999, -9999, -9999, 17, -9999, -9999, 10, -9999, -9999, -9999, -9999, -9999, -9999, -9999, -9999, -9999, -9999, -9999, -9999, 30, -9999, -9999, -9999, -9999, -9999, -9999, -9999, -9999, 75, -9999, -9999, 90, -9999, 50, -9999, -9999, -9999, -9999, -9999, -9999, -9999, -9999, -9999, -9999, -9999, -9999, -9999, 24, -9999, -9999],
[-9999, -9999, -9999, -9999, 98, -9999, 11, -9999, 43, -9999, 72, -9999, -9999, 97, -9999, -9999, -9999, -9999, 45, -9999, 38, -9999, 64, -9999, -9999, 23, -9999, -9999, -9999, -9999, 15, 49, -9999, -9999, -9999, -9999, -9999, -9999, 99, -9999, -9999, -9999, 71, 55, -9999, -9999, -9999, 12, 69, 15, -9999, -9999, -9999, 5, 88, 19, 85, 90, -9999, -9999, -9999, -9999, -9999, 4, 23, 9, 65, -9999, 16, 45, -9999, -9999, 24, -9999, -9999, 48, 7, -9999, -9999, -9999, 97, 82, -9999, -9999, 39, -9999, -9999, -9999, -9999, -9999, -9999, -9999, -9999, -9999, 79, 32, -9999, 76, 52, 1],
[-9999, -9999, -9999, -9999, -9999, -9999, 68, 98, -9999, 50, -9999, -9999, -9999, -9999, 54, -9999, 20, 20, -9999, -9999, 69, -9999, 11, 6, 67, 75, -9999, 68, 88, 15, -9999, -9999, 18, 39, -9999, -9999, -9999, 24, 69, -9999, 30, -9999, 38, 42, -9999, -9999, -9999, 72, 100, -9999, 49, 57, 96, 76, 38, 83, 41, 55, 6, -9999, 62, 72, -9999, 34, -9999, 42, 9, -9999, -9999, -9999, -9999, -9999, 50, 75, 54, -9999, 9, 59, 90, 65, 31, 86, 26, 87, 29, 27, -9999, 88, -9999, 75, -9999, 83, 51, 72, -9999, -9999, 8, 23, 47, -9999],
[-9999, -9999, -9999, -9999, 59, -9999, 98, 71, -9999, -9999, -9999, -9999, -9999, -9999, -9999, -9999, -9999, -9999, 34, -9999, -9999, -9999, 12, 31, -9999, 40, 64, -9999, -9999, -9999, 99, 98, 32, -9999, -9999, -9999, -9999, 72, -9999, -9999, -9999, -9999, 49, 21, -9999, 82, -9999, -9999, 44, 33, -9999, -9999, -9999, 99, -9999, -9999, -9999, -9999, -9999, -9999, -9999, 19, -9999, 30, -9999, 99, 92, -9999, 38, -9999, 70, -9999, -9999, -9999, -9999, 47, 51, -9999, 72, 87, -9999, 6, 20, -9999, 82, -9999, 73, -9999, -9999, -9999, 36, 37, -9999, -9999, -9999, -9999, 44, 73, -9999, -9999],
[-9999, -9999, -9999, -9999, 87, 92, 2, -9999, 63, -9999, 77, -9999, -9999, -9999, -9999, -9999, 2, -9999, -9999, -9999, -9999, -9999, 30, 73, -9999, -9999, 41, 64, -9999, -9999, -9999, 6, 20, -9999, -9999, -9999, -9999, 6, 95, -9999, -9999, -9999, 57, -9999, -9999, -9999, -9999, -9999, 28, 12, -9999, -9999, -9999, 93, 5, -9999, 50, 29, -9999, -9999, -9999, -9999, -9999, 38, -9999, -9999, 91, -9999, -9999, -9999, -9999, -9999, 1, -9999, 7, 96, 83, -9999, 98, -9999, 21, 15, 94, 32, 66, -9999, 27, -9999, -9999, -9999, -9999, -9999, -9999, -9999, -9999, -9999, 48, 76, 18, -9999],
[-9999, -9999, -9999, 55, -9999, -9999, -9999, 2, -9999, -9999, -9999, -9999, -9999, -9999, -9999, -9999, -9999, -9999, -9999, 82, -9999, -9999, -9999, -9999, -9999, -9999, -9999, -9999, -9999, -9999, -9999, -9999, 64, -9999, -9999, -9999, -9999, -9999, 87, -9999, 67, -9999, -9999, -9999, -9999, -9999, -9999, -9999, 38, -9999, -9999, -9999, -9999, -9999, -9999, -9999, -9999, -9999, -9999, -9999, -9999, -9999, -9999, 28, -9999, -9999, -9999, -9999, -9999, -9999, 2, -9999, 90, -9999, -9999, -9999, -9999, -9999, -9999, -9999, -9999, -9999, -9999, 30, -9999, -9999, -9999, -9999, -9999, -9999, 18, -9999, -9999, -9999, -9999, 30, 31, -9999, -9999, -9999],
[-9999, -9999, -9999, -9999, -9999, -9999, -9999, 20, -9999, -9999, -9999, -9999, -9999, 5, -9999, -9999, -9999, -9999, -9999, 34, 26, -9999, -9999, -9999, -9999, 29, 14, 72, -9999, -9999, -9999, -9999, -9999, -9999, -9999, -9999, -9999, -9999, 94, -9999, -9999, -9999, -9999, -9999, -9999, -9999, -9999, -9999, 68, -9999, -9999, -9999, -9999, -9999, -9999, -9999, -9999, -9999, -9999, -9999, -9999, -9999, -9999, 5, 81, -9999, -9999, -9999, -9999, -9999, -9999, -9999, 56, -9999, -9999, -9999, -9999, -9999, -9999, -9999, -9999, -9999, -9999, 5, -9999, 84, 47, -9999, -9999, -9999, 53, -9999, -9999, -9999, -9999, 68, 92, -9999, -9999, 70],
[-9999, -9999, -9999, -9999, 26, -9999, 63, 84, 41, -9999, -9999, -9999, -9999, 42, -9999, -9999, 4, -9999, -9999, 83, 18, 20, 53, -9999, -9999, 17, 83, -9999, -9999, -9999, 30, -9999, 55, -9999, -9999, -9999, -9999, 86, 62, -9999, 98, -9999, 97, 15, -9999, -9999, -9999, -9999, 60, 43, -9999, -9999, -9999, 20, 26, 22, 67, -9999, -9999, -9999, -9999, 16, -9999, 62, -9999, 22, 43, -9999, 75, 16, 74, -9999, -9999, -9999, -9999, -9999, 11, -9999, 75, 76, -9999, 62, -9999, -9999, 61, 61, -9999, -9999, -9999, 73, 41, 52, -9999, -9999, -9999, -9999, 67, -9999, 75, -9999],
[-9999, -9999, -9999, -9999, 9, 81, 4, 35, 97, 99, -9999, -9999, -9999, 73, -9999, -9999, 7, -9999, 52, 52, -9999, -9999, 54, 26, -9999, -9999, -9999, 9, -9999, -9999, 64, 72, 76, -9999, -9999, -9999, -9999, 8, 8, -9999, 87, -9999, 85, 93, -9999, -9999, -9999, 1, 33, 21, -9999, -9999, -9999, 22, 3, -9999, 19, 63, -9999, -9999, 19, -9999, -9999, 67, -9999, 68, 87, -9999, -9999, 56, 70, -9999, -9999, -9999, -9999, 5, 37, -9999, 82, 85, 41, 69, 42, 77, -9999, -9999, 40, -9999, -9999, 27, 59, -9999, -9999, -9999, 52, 48, -9999, -9999, -9999, -9999],
[-9999, -9999, -9999, -9999, -9999, -9999, -9999, 9, -9999, -9999, -9999, -9999, -9999, 72, -9999, 43, -9999, -9999, -9999, -9999, 53, -9999, -9999, -9999, -9999, -9999, 43, 78, -9999, -9999, -9999, -9999, 19, -9999, -9999, -9999, -9999, -9999, -9999, -9999, 11, -9999, -9999, -9999, -9999, -9999, -9999, -9999, 5, -9999, -9999, -9999, -9999, -9999, -9999, -9999, -9999, -9999, -9999, -9999, -9999, -9999, -9999, 1, 14, -9999, -9999, -9999, -9999, -9999, 36, -9999, 30, -9999, -9999, -9999, -9999, -9999, -9999, -9999, 97, -9999, -9999, 2, 98, -9999, 18, -9999, -9999, -9999, 78, -9999, -9999, -9999, -9999, -9999, -9999, -9999, -9999, -9999],
[-9999, -9999, -9999, -9999, -9999, -9999, -9999, 83, -9999, 79, -9999, 19, -9999, -9999, -9999, -9999, -9999, -9999, -9999, 91, 95, -9999, -9999, -9999, -9999, -9999, -9999, 18, -9999, 39, -9999, -9999, 70, -9999, -9999, 94, 50, -9999, 62, -9999, -9999, -9999, -9999, -9999, -9999, -9999, -9999, -9999, 57, -9999, -9999, -9999, -9999, -9999, -9999, -9999, -9999, -9999, -9999, -9999, -9999, -9999, -9999, 94, 43, -9999, -9999, 48, -9999, -9999, 38, -9999, -9999, -9999, -9999, -9999, -9999, 100, -9999, -9999, 39, -9999, -9999, 11, -9999, 91, -9999, -9999, -9999, -9999, -9999, -9999, -9999, 37, -9999, 42, 28, -9999, -9999, 21],
[-9999, -9999, -9999, -9999, -9999, -9999, -9999, -9999, -9999, 23, -9999, -9999, -9999, -9999, -9999, 59, -9999, -9999, -9999, -9999, 24, -9999, -9999, -9999, -9999, 100, -9999, -9999, -9999, -9999, -9999, -9999, 84, -9999, -9999, -9999, -9999, -9999, -9999, -9999, 82, -9999, -9999, -9999, -9999, -9999, -9999, -9999, 68, -9999, -9999, -9999, -9999, -9999, -9999, -9999, -9999, -9999, -9999, -9999, -9999, -9999, -9999, 53, -9999, -9999, -9999, -9999, -9999, -9999, 9, -9999, 75, -9999, -9999, -9999, -9999, -9999, -9999, -9999, -9999, -9999, -9999, 74, 57, -9999, 20, -9999, -9999, -9999, 84, -9999, -9999, -9999, -9999, 20, 62, -9999, -9999, -9999],
[-9999, -9999, -9999, -9999, 36, 85, 92, -9999, -9999, -9999, -9999, -9999, -9999, 46, -9999, -9999, -9999, -9999, 13, 23, 79, -9999, 53, -9999, -9999, 60, -9999, 6, -9999, -9999, 10, 22, 55, -9999, -9999, -9999, -9999, 43, -9999, -9999, 7, -9999, -9999, 96, -9999, -9999, -9999, -9999, 72, -9999, -9999, -9999, -9999, 87, 62, 82, 81, 98, -9999, -9999, -9999, 48, -9999, 70, 5, 40, 96, -9999, -9999, 53, -9999, -9999, 24, -9999, -9999, 83, 51, -9999, 91, 78, -9999, -9999, 100, -9999, -9999, 46, -9999, -9999, -9999, -9999, -9999, 27, -9999, -9999, -9999, -9999, -9999, 61, 18, 20],
[-9999, -9999, -9999, -9999, -9999, -9999, -9999, -9999, -9999, 73, -9999, -9999, -9999, 40, -9999, -9999, -9999, -9999, -9999, 17, 15, -9999, -9999, -9999, -9999, 71, -9999, -9999, -9999, -9999, -9999, -9999, 41, -9999, -9999, -9999, -9999, -9999, 11, -9999, -9999, -9999, -9999, -9999, -9999, -9999, -9999, -9999, 45, -9999, -9999, -9999, -9999, -9999, -9999, -9999, -9999, -9999, -9999, -9999, -9999, -9999, -9999, 46, 9, -9999, -9999, -9999, -9999, -9999, 42, -9999, 58, -9999, -9999, -9999, -9999, -9999, -9999, -9999, -9999, -9999, -9999, -9999, 4, 62, 15, -9999, -9999, -9999, 58, -9999, -9999, -9999, -9999, 67, -9999, -9999, -9999, 15],
[-9999, -9999, -9999, -9999, -9999, 5, 10, -9999, -9999, -9999, -9999, -9999, -9999, -9999, -9999, -9999, -9999, -9999, 73, 24, 67, -9999, 13, 6, -9999, 11, -9999, 73, -9999, -9999, -9999, 81, -9999, -9999, -9999, -9999, -9999, 95, -9999, -9999, 9, -9999, 12, -9999, -9999, -9999, -9999, -9999, 74, 95, -9999, -9999, -9999, 6, -9999, -9999, 74, 92, -9999, -9999, -9999, -9999, -9999, 16, -9999, 34, 60, -9999, 96, -9999, 33, -9999, 53, -9999, 58, 1, 82, -9999, 91, -9999, -9999, 15, 75, 49, 91, 11, 98, -9999, -9999, -9999, 83, 53, -9999, -9999, -9999, 81, 32, 10, -9999, 62],
[-9999, -9999, -9999, -9999, 64, -9999, 46, 96, 83, -9999, -9999, -9999, -9999, 98, -9999, -9999, 32, -9999, 65, 52, 27, -9999, 78, 28, -9999, 38, -9999, 52, -9999, -9999, -9999, -9999, 65, -9999, -9999, -9999, -9999, 94, -9999, -9999, -9999, -9999, 95, 98, -9999, -9999, 68, 99, 13, -9999, -9999, -9999, -9999, 28, 75, 70, -9999, 1, -9999, -9999, 69, 36, -9999, 12, 66, -9999, -9999, -9999, -9999, 100, -9999, -9999, -9999, -9999, -9999, -9999, 32, -9999, 93, 99, 74, 19, 71, 32, -9999, 58, 41, -9999, -9999, -9999, 31, -9999, 91, -9999, -9999, -9999, -9999, 71, -9999, 27],
[-9999, 87, -9999, -9999, -9999, 46, 89, 62, 24, 84, -9999, -9999, -9999, -9999, -9999, -9999, -9999, -9999, 47, 58, 57, -9999, 75, 60, -9999, 32, 45, 12, -9999, -9999, 66, -9999, -9999, -9999, -9999, -9999, -9999, -9999, 90, -9999, -9999, -9999, 83, 67, -9999, -9999, -9999, 100, 3, 54, -9999, -9999, -9999, 2, 72, 38, -9999, -9999, -9999, 46, -9999, -9999, -9999, 89, 63, -9999, 59, -9999, 89, 3, 90, -9999, 81, -9999, -9999, -9999, 42, -9999, -9999, -9999, -9999, 66, -9999, 63, 66, 14, 78, -9999, -9999, 74, 15, 19, -9999, -9999, -9999, -9999, 30, -9999, -9999, 71],
[-9999, -9999, -9999, -9999, -9999, 79, 38, 38, 45, -9999, -9999, -9999, -9999, -9999, -9999, -9999, 90, -9999, 31, -9999, 73, -9999, 1, -9999, -9999, -9999, -9999, 32, -9999, -9999, 86, -9999, 92, -9999, -9999, -9999, -9999, 60, 94, -9999, -9999, -9999, 21, -9999, -9999, 53, -9999, 86, 42, -9999, -9999, -9999, -9999, 18, 9, 62, 23, 76, -9999, -9999, -9999, -9999, -9999, 48, 32, -9999, -9999, -9999, 55, 65, 92, -9999, -9999, -9999, 48, 75, 30, -9999, 33, 56, 78, -9999, 71, -9999, -9999, 38, -9999, -9999, -9999, 73, 43, 86, -9999, -9999, -9999, -9999, -9999, -9999, -9999, -9999],
[-9999, -9999, -9999, -9999, -9999, -9999, 1, -9999, 47, 33, -9999, -9999, -9999, -9999, -9999, -9999, 86, -9999, 82, -9999, 32, -9999, 28, 86, -9999, 80, 28, -9999, -9999, -9999, -9999, -9999, -9999, -9999, -9999, -9999, -9999, 99, 26, -9999, -9999, -9999, 69, 94, -9999, -9999, -9999, -9999, 79, -9999, -9999, -9999, -9999, 42, -9999, -9999, 97, 49, -9999, -9999, -9999, -9999, -9999, 40, 39, -9999, 50, -9999, 14, -9999, 47, -9999, 75, -9999, 80, 29, 67, -9999, 37, -9999, 21, 54, -9999, -9999, 72, 76, -9999, -9999, -9999, 33, -9999, -9999, -9999, -9999, -9999, 32, 86, -9999, 96, -9999],
[-9999, -9999, -9999, -9999, -9999, -9999, -9999, -9999, -9999, -9999, -9999, -9999, -9999, -9999, -9999, 76, -9999, -9999, -9999, -9999, -9999, -9999, -9999, -9999, -9999, -9999, -9999, -9999, -9999, -9999, -9999, -9999, -9999, -9999, -9999, -9999, -9999, -9999, -9999, -9999, -9999, -9999, -9999, -9999, -9999, -9999, -9999, -9999, -9999, -9999, -9999, -9999, -9999, 97, -9999, -9999, -9999, -9999, -9999, -9999, -9999, -9999, -9999, -9999, -9999, -9999, -9999, -9999, -9999, 84, 100, -9999, -9999, -9999, 80, -9999, -9999, -9999, 67, -9999, -9999, -9999, -9999, 84, -9999, -9999, -9999, -9999, -9999, -9999, -9999, -9999, -9999, -9999, -9999, 54, -9999, -9999, -9999, -9999],
[-9999, -9999, -9999, -9999, -9999, 54, 14, 19, 62, 86, -9999, -9999, -9999, -9999, -9999, -9999, 20, -9999, 58, -9999, -9999, -9999, -9999, -9999, -9999, 62, 72, 12, -9999, -9999, 99, 51, 84, -9999, -9999, -9999, -9999, -9999, -9999, -9999, 67, -9999, 86, 89, -9999, -9999, -9999, -9999, 93, 25, -9999, -9999, -9999, 27, 78, -9999, 81, -9999, -9999, -9999, -9999, -9999, -9999, 14, -9999, 15, 1, -9999, -9999, 84, 24, 22, -9999, -9999, 53, 27, 79, -9999, -9999, 68, 79, 97, 31, -9999, 76, 75, -9999, -9999, -9999, -9999, -9999, 87, -9999, -9999, 13, 90, -9999, -9999, -9999, 54],
[-9999, 35, -9999, -9999, -9999, -9999, -9999, 17, -9999, 30, -9999, -9999, -9999, -9999, -9999, -9999, -9999, -9999, -9999, -9999, 50, -9999, -9999, -9999, -9999, -9999, 25, 85, -9999, -9999, -9999, -9999, 92, -9999, -9999, -9999, -9999, -9999, 78, -9999, 36, -9999, -9999, -9999, -9999, -9999, -9999, -9999, 49, -9999, -9999, -9999, -9999, -9999, -9999, -9999, -9999, -9999, -9999, -9999, -9999, -9999, -9999, 87, -9999, -9999, -9999, -9999, -9999, -9999, 95, -9999, 24, -9999, -9999, -9999, -9999, -9999, -9999, -9999, -9999, -9999, -9999, 2, -9999, 92, 95, -9999, -9999, -9999, 22, -9999, -9999, -9999, -9999, 19, 30, -9999, -9999, 32],
[-9999, -9999, -9999, -9999, -9999, -9999, -9999, 76, -9999, 85, -9999, -9999, -9999, 89, -9999, -9999, -9999, -9999, -9999, -9999, 95, -9999, -9999, -9999, -9999, -9999, 60, -9999, -9999, -9999, -9999, -9999, 33, -9999, -9999, -9999, -9999, -9999, -9999, -9999, 25, -9999, -9999, -9999, -9999, -9999, -9999, -9999, 83, -9999, -9999, -9999, -9999, -9999, -9999, -9999, -9999, -9999, -9999, -9999, -9999, -9999, -9999, 47, -9999, -9999, -9999, -9999, -9999, -9999, 98, -9999, 55, -9999, -9999, -9999, -9999, -9999, -9999, -9999, -9999, -9999, -9999, -9999, 48, 4, -9999, -9999, -9999, -9999, 16, -9999, -9999, -9999, -9999, -9999, -9999, -9999, -9999, 62],
[-9999, -9999, -9999, -9999, 31, -9999, 95, 58, 10, -9999, -9999, -9999, -9999, -9999, -9999, -9999, 71, -9999, 43, -9999, 35, -9999, -9999, -9999, -9999, 16, -9999, -9999, -9999, -9999, 74, -9999, 24, -9999, -9999, -9999, -9999, -9999, 24, -9999, 63, -9999, 45, 30, -9999, -9999, -9999, -9999, 85, 30, -9999, -9999, -9999, 10, -9999, -9999, 56, 83, -9999, -9999, -9999, 66, -9999, 81, -9999, -9999, 24, -9999, 18, 12, 2, -9999, 76, -9999, -9999, 10, 80, -9999, 80, -9999, 42, 94, 87, -9999, 76, 74, -9999, -9999, -9999, 13, 65, -9999, -9999, -9999, -9999, 85, 11, -9999, 92, -9999],
[-9999, -9999, -9999, -9999, -9999, -9999, -9999, -9999, -9999, 1, -9999, -9999, -9999, -9999, -9999, -9999, -9999, -9999, -9999, 89, 30, -9999, -9999, -9999, -9999, 42, 58, 92, -9999, -9999, -9999, -9999, 21, -9999, -9999, -9999, -9999, -9999, 67, -9999, -9999, -9999, -9999, -9999, -9999, -9999, -9999, -9999, 68, -9999, -9999, -9999, -9999, -9999, -9999, -9999, -9999, -9999, -9999, -9999, -9999, -9999, -9999, 6, 67, -9999, -9999, -9999, -9999, -9999, 15, -9999, 67, -9999, -9999, -9999, -9999, -9999, -9999, -9999, -9999, -9999, -9999, 86, -9999, 28, -9999, -9999, -9999, -9999, -9999, -9999, -9999, -9999, -9999, -9999, 15, -9999, -9999, 88],
[-9999, 6, -9999, -9999, -9999, -9999, -9999, 93, -9999, -9999, -9999, -9999, -9999, -9999, -9999, -9999, -9999, -9999, -9999, 47, -9999, -9999, -9999, -9999, -9999, 52, -9999, 44, -9999, -9999, -9999, -9999, -9999, -9999, -9999, -9999, -9999, -9999, 79, -9999, -9999, -9999, -9999, -9999, -9999, -9999, -9999, -9999, 23, -9999, -9999, -9999, -9999, -9999, -9999, -9999, -9999, -9999, -9999, -9999, -9999, -9999, -9999, 84, -9999, -9999, -9999, -9999, -9999, -9999, -9999, -9999, -9999, -9999, -9999, -9999, -9999, -9999, -9999, -9999, 57, -9999, -9999, 68, 11, 78, -9999, -9999, -9999, -9999, 27, -9999, -9999, -9999, -9999, -9999, 65, -9999, -9999, 40],
[-9999, -9999, -9999, -9999, -9999, -9999, -9999, -9999, -9999, -9999, -9999, -9999, -9999, -9999, -9999, -9999, -9999, -9999, -9999, -9999, -9999, -9999, -9999, -9999, -9999, -9999, -9999, -9999, -9999, -9999, -9999, -9999, -9999, -9999, -9999, -9999, -9999, -9999, -9999, -9999, -9999, -9999, -9999, -9999, -9999, -9999, -9999, -9999, -9999, -9999, -9999, -9999, -9999, -9999, -9999, -9999, -9999, -9999, -9999, -9999, -9999, -9999, -9999, -9999, -9999, -9999, -9999, -9999, -9999, -9999, -9999, -9999, -9999, -9999, -9999, -9999, -9999, -9999, -9999, -9999, -9999, -9999, -9999, 23, -9999, -9999, -9999, -9999, -9999, -9999, -9999, -9999, -9999, -9999, -9999, 87, -9999, -9999, -9999, -9999],
[-9999, 40, -9999, -9999, -9999, -9999, -9999, -9999, -9999, -9999, -9999, -9999, -9999, -9999, -9999, -9999, -9999, -9999, -9999, 77, -9999, -9999, -9999, -9999, -9999, -9999, 59, -9999, -9999, -9999, -9999, -9999, 17, -9999, -9999, -9999, -9999, -9999, -9999, -9999, 20, -9999, -9999, -9999, -9999, -9999, -9999, -9999, 82, -9999, -9999, -9999, -9999, -9999, -9999, -9999, -9999, -9999, -9999, -9999, -9999, -9999, -9999, 48, 60, -9999, -9999, -9999, -9999, -9999, 28, -9999, 100, -9999, -9999, -9999, -9999, -9999, -9999, -9999, 39, -9999, -9999, -9999, 3, -9999, -9999, -9999, -9999, -9999, 41, -9999, -9999, -9999, -9999, 38, -9999, -9999, -9999, 20],
[-9999, -9999, -9999, -9999, -9999, 94, 46, -9999, 96, -9999, -9999, -9999, -9999, 76, -9999, -9999, -9999, -9999, 26, 71, 78, -9999, 12, 54, -9999, 66, 58, 90, -9999, -9999, 14, -9999, -9999, -9999, -9999, -9999, -9999, -9999, 10, -9999, 24, -9999, 83, 5, -9999, -9999, -9999, 29, 45, 31, -9999, -9999, -9999, 88, 96, -9999, -9999, 4, -9999, -9999, -9999, 6, -9999, 81, -9999, -9999, -9999, -9999, 54, 54, 37, -9999, -9999, -9999, 35, -9999, 93, -9999, -9999, -9999, 35, 6, -9999, 3, 66, -9999, -9999, -9999, 86, 86, 79, 73, -9999, -9999, -9999, -9999, -9999, 6, 99, 69],
[-9999, 9, -9999, -9999, -9999, 88, 62, -9999, -9999, 7, -9999, -9999, -9999, -9999, -9999, -9999, 66, -9999, 92, -9999, -9999, -9999, 18, -9999, -9999, 30, -9999, -9999, -9999, -9999, 59, -9999, -9999, -9999, -9999, -9999, -9999, -9999, 9, -9999, 17, -9999, 100, 76, -9999, -9999, -9999, -9999, 37, 74, -9999, -9999, -9999, 64, 79, 35, 56, -9999, -9999, -9999, -9999, -9999, -9999, 66, 41, -9999, -9999, -9999, 30, 13, 23, -9999, 35, -9999, -9999, 65, 81, -9999, -9999, 37, 44, -9999, 3, -9999, -9999, 46, 78, -9999, -9999, 89, -9999, 54, -9999, -9999, -9999, 51, 50, 53, -9999, -9999],
[-9999, -9999, -9999, -9999, -9999, -9999, -9999, -9999, -9999, -9999, -9999, -9999, -9999, -9999, 54, -9999, -9999, -9999, -9999, -9999, -9999, -9999, -9999, -9999, -9999, -9999, -9999, -9999, -9999, -9999, -9999, -9999, -9999, -9999, -9999, -9999, -9999, -9999, -9999, -9999, -9999, -9999, -9999, -9999, -9999, -9999, -9999, -9999, -9999, -9999, -9999, -9999, -9999, -9999, -9999, -9999, -9999, -9999, -9999, -9999, -9999, -9999, -9999, -9999, -9999, -9999, -9999, -9999, -9999, -9999, 57, -9999, -9999, -9999, -9999, -9999, -9999, -9999, -9999, -9999, -9999, -9999, -9999, 81, -9999, -9999, -9999, -9999, -9999, -9999, -9999, -9999, -9999, -9999, -9999, -9999, -9999, -9999, -9999, -9999],
[-9999, -9999, -9999, -9999, 58, -9999, 67, 84, 96, 2, -9999, -9999, -9999, 86, -9999, -9999, 72, -9999, 46, 94, 22, -9999, 31, 80, -9999, -9999, 64, -9999, -9999, -9999, 70, -9999, -9999, -9999, -9999, -9999, -9999, 63, -9999, -9999, -9999, -9999, 28, -9999, -9999, -9999, -9999, -9999, 9, -9999, -9999, -9999, -9999, 55, -9999, 10, -9999, 73, -9999, -9999, -9999, 7, -9999, 67, 25, 34, -9999, -9999, 13, -9999, 39, -9999, -9999, -9999, -9999, 29, 67, -9999, -9999, 30, 29, -9999, 84, -9999, 73, 61, 28, -9999, -9999, -9999, -9999, 18, -9999, -9999, -9999, 21, 34, 17, 75, 35],
[-9999, -9999, -9999, -9999, -9999, -9999, -9999, -9999, -9999, -9999, -9999, -9999, -9999, 91, 80, 2, -9999, -9999, -9999, 90, -9999, -9999, -9999, -9999, -9999, 25, -9999, 76, -9999, 87, -9999, -9999, 100, -9999, -9999, -9999, 31, -9999, 95, -9999, -9999, -9999, -9999, -9999, -9999, -9999, -9999, -9999, -9999, -9999, -9999, -9999, -9999, -9999, -9999, -9999, -9999, -9999, -9999, -9999, -9999, -9999, -9999, 71, -9999, -9999, -9999, -9999, -9999, -9999, -9999, -9999, -9999, -9999, -9999, -9999, -9999, 93, -9999, -9999, 100, -9999, -9999, 23, 68, -9999, 46, -9999, -9999, -9999, 43, -9999, -9999, 14, -9999, 78, -9999, -9999, -9999, 51],
[-9999, -9999, -9999, -9999, -9999, -9999, -9999, 94, -9999, -9999, -9999, -9999, -9999, -9999, -9999, -9999, -9999, -9999, -9999, -9999, 14, -9999, -9999, -9999, -9999, -9999, 46, -9999, -9999, -9999, -9999, -9999, 66, -9999, -9999, -9999, -9999, -9999, -9999, -9999, -9999, -9999, -9999, -9999, -9999, -9999, -9999, -9999, 53, -9999, -9999, -9999, -9999, -9999, -9999, -9999, -9999, -9999, -9999, -9999, -9999, -9999, -9999, 95, 37, -9999, -9999, -9999, -9999, -9999, -9999, -9999, 21, -9999, -9999, -9999, -9999, -9999, -9999, -9999, 92, -9999, -9999, 72, -9999, -9999, 24, -9999, -9999, -9999, -9999, -9999, -9999, -9999, -9999, -9999, 85, -9999, -9999, 85],
[-9999, -9999, -9999, -9999, 22, 19, 36, 29, 9, 84, -9999, -9999, -9999, 59, -9999, -9999, -9999, -9999, 46, 75, -9999, -9999, 67, -9999, -9999, 76, 59, 85, -9999, -9999, 43, 69, 63, -9999, -9999, -9999, -9999, 56, -9999, -9999, 75, -9999, 49, 38, -9999, 87, -9999, -9999, 20, -9999, -9999, -9999, -9999, 29, 63, 94, 51, -9999, -9999, -9999, -9999, -9999, -9999, 11, 72, 2, 65, -9999, -9999, 75, -9999, -9999, 98, -9999, -9999, -9999, 60, -9999, 74, 46, -9999, -9999, 47, 79, -9999, 69, -9999, -9999, -9999, -9999, 99, 34, -9999, -9999, -9999, -9999, 11, 87, 42, 48],
[-9999, -9999, -9999, 36, -9999, -9999, -9999, -9999, -9999, -9999, -9999, 42, -9999, 61, 74, -9999, -9999, -9999, -9999, 100, 96, -9999, -9999, -9999, -9999, -9999, 63, 37, -9999, 71, -9999, -9999, 26, -9999, -9999, -9999, 89, -9999, -9999, -9999, 18, -9999, -9999, -9999, -9999, -9999, -9999, -9999, 41, -9999, -9999, -9999, -9999, -9999, -9999, -9999, -9999, -9999, -9999, -9999, -9999, -9999, -9999, 75, -9999, -9999, -9999, -9999, -9999, -9999, -9999, -9999, -9999, -9999, -9999, -9999, -9999, -9999, -9999, -9999, -9999, -9999, -9999, -9999, 40, -9999, -9999, 45, -9999, -9999, 93, -9999, -9999, 46, -9999, 26, -9999, -9999, -9999, 57],
[-9999, -9999, -9999, -9999, 88, 68, 76, 16, -9999, 86, -9999, -9999, -9999, 62, -9999, -9999, 78, -9999, 75, -9999, 48, -9999, -9999, -9999, -9999, 94, -9999, 80, -9999, -9999, 99, 72, 6, -9999, -9999, -9999, -9999, -9999, -9999, -9999, 62, -9999, 85, 9, 16, -9999, -9999, -9999, 38, -9999, -9999, -9999, -9999, 100, 13, 5, 37, -9999, -9999, -9999, -9999, -9999, -9999, 86, 84, 99, -9999, -9999, -9999, 32, -9999, -9999, 87, -9999, -9999, 41, 93, -9999, 49, 79, 5, -9999, -9999, -9999, -9999, -9999, 11, -9999, -9999, 49, 49, 69, -9999, -9999, -9999, 16, 73, -9999, 55, 96],
[-9999, -9999, -9999, -9999, -9999, -9999, -9999, -9999, -9999, 69, -9999, -9999, -9999, 98, 68, -9999, -9999, -9999, -9999, -9999, 36, -9999, -9999, -9999, -9999, 66, 52, -9999, -9999, 36, -9999, -9999, 22, -9999, -9999, 95, -9999, -9999, -9999, -9999, 46, -9999, -9999, -9999, -9999, -9999, -9999, -9999, 20, -9999, -9999, -9999, -9999, -9999, -9999, -9999, -9999, -9999, -9999, -9999, -9999, -9999, -9999, 81, 44, -9999, -9999, -9999, -9999, -9999, 13, -9999, 6, -9999, -9999, -9999, -9999, -9999, -9999, -9999, -9999, -9999, -9999, -9999, -9999, 74, 75, -9999, -9999, -9999, 83, -9999, -9999, 19, -9999, 92, 33, -9999, -9999, -9999],
[-9999, 40, -9999, -9999, -9999, -9999, -9999, -9999, -9999, 4, -9999, -9999, -9999, -9999, -9999, -9999, -9999, -9999, -9999, 37, -9999, -9999, -9999, -9999, -9999, 20, 49, 28, -9999, -9999, -9999, -9999, 48, -9999, -9999, -9999, -9999, -9999, -9999, -9999, -9999, -9999, -9999, -9999, -9999, -9999, -9999, -9999, 74, -9999, -9999, -9999, -9999, -9999, -9999, -9999, -9999, -9999, -9999, -9999, -9999, -9999, -9999, 4, -9999, -9999, -9999, -9999, -9999, -9999, -9999, -9999, 22, -9999, -9999, -9999, -9999, -9999, -9999, -9999, 78, -9999, -9999, -9999, 24, -9999, -9999, -9999, -9999, -9999, 58, -9999, -9999, -9999, -9999, -9999, 85, -9999, -9999, -9999],
[-9999, -9999, -9999, 41, -9999, -9999, -9999, -9999, -9999, 40, -9999, -9999, -9999, 39, 35, -9999, -9999, -9999, -9999, -9999, -9999, -9999, -9999, -9999, -9999, -9999, 48, 43, -9999, 73, -9999, -9999, -9999, -9999, -9999, -9999, 45, -9999, -9999, -9999, 65, -9999, -9999, -9999, -9999, -9999, -9999, -9999, 64, -9999, -9999, -9999, -9999, -9999, -9999, -9999, -9999, -9999, -9999, -9999, -9999, -9999, -9999, 100, 69, -9999, -9999, -9999, -9999, -9999, -9999, -9999, -9999, -9999, -9999, -9999, -9999, 43, -9999, -9999, 38, -9999, -9999, -9999, -9999, -9999, 29, 43, -9999, -9999, 74, -9999, -9999, 72, -9999, -9999, 30, -9999, -9999, -9999],
[-9999, -9999, -9999, -9999, -9999, -9999, -9999, -9999, -9999, 71, -9999, -9999, -9999, 83, -9999, -9999, -9999, -9999, -9999, -9999, 95, -9999, -9999, -9999, -9999, -9999, 46, 62, -9999, -9999, -9999, -9999, -9999, -9999, -9999, 15, -9999, -9999, 71, -9999, 82, -9999, -9999, -9999, -9999, -9999, -9999, -9999, 6, -9999, -9999, -9999, -9999, -9999, -9999, -9999, -9999, -9999, -9999, -9999, -9999, -9999, -9999, 9, -9999, -9999, -9999, -9999, -9999, -9999, 40, -9999, -9999, -9999, -9999, -9999, -9999, -9999, -9999, -9999, 71, -9999, -9999, -9999, -9999, -9999, 22, -9999, -9999, -9999, 100, -9999, -9999, -9999, -9999, 14, 51, -9999, -9999, 29],
[-9999, -9999, -9999, -9999, -9999, -9999, -9999, 82, -9999, -9999, -9999, -9999, -9999, -9999, -9999, -9999, -9999, -9999, -9999, 88, 38, -9999, -9999, -9999, -9999, 52, 45, 35, -9999, -9999, -9999, -9999, 12, -9999, -9999, -9999, -9999, -9999, 62, -9999, 8, -9999, -9999, -9999, -9999, -9999, -9999, -9999, 90, -9999, -9999, -9999, -9999, -9999, -9999, -9999, -9999, -9999, -9999, -9999, -9999, -9999, -9999, 36, -9999, -9999, -9999, -9999, -9999, -9999, 83, -9999, 80, -9999, -9999, -9999, -9999, -9999, -9999, -9999, 59, -9999, -9999, 1, -9999, 91, 99, -9999, -9999, -9999, 98, -9999, -9999, -9999, -9999, -9999, 68, -9999, -9999, 63],
[-9999, -9999, -9999, -9999, 45, -9999, 57, -9999, 30, 49, -9999, -9999, -9999, -9999, -9999, -9999, 75, -9999, 79, -9999, 6, -9999, -9999, 9, -9999, 7, 79, 24, -9999, -9999, -9999, 94, 22, -9999, -9999, -9999, -9999, 38, 53, -9999, -9999, -9999, 56, 49, -9999, -9999, -9999, 61, 88, 83, -9999, -9999, -9999, 75, 20, 2, -9999, 2, -9999, -9999, -9999, -9999, -9999, 97, 75, 89, -9999, -9999, -9999, 64, 63, -9999, 31, -9999, 57, -9999, 1, -9999, 11, -9999, -9999, 2, 7, 96, 42, 68, 88, -9999, -9999, 46, 6, 96, -9999, -9999, -9999, -9999, -9999, 81, -9999, -9999],
[-9999, -9999, -9999, -9999, 46, -9999, 22, -9999, -9999, 46, -9999, -9999, -9999, 49, -9999, -9999, -9999, -9999, 61, 100, -9999, -9999, 11, 18, -9999, 38, -9999, 23, -9999, -9999, -9999, -9999, 45, -9999, -9999, -9999, -9999, -9999, -9999, -9999, 30, -9999, 58, 45, -9999, -9999, -9999, 33, 53, 32, -9999, -9999, 41, 29, -9999, 85, -9999, -9999, -9999, -9999, -9999, -9999, -9999, 14, -9999, -9999, 50, -9999, 91, 26, 13, -9999, -9999, -9999, 66, 69, 52, -9999, 33, 18, -9999, 1, 68, 100, -9999, 82, 33, -9999, -9999, 77, -9999, -9999, -9999, -9999, -9999, -9999, -9999, 39, 16, 19],
[-9999, -9999, -9999, -9999, -9999, -9999, -9999, -9999, -9999, -9999, -9999, -9999, -9999, -9999, -9999, -9999, -9999, -9999, -9999, 75, -9999, -9999, -9999, -9999, -9999, 98, 55, 99, -9999, -9999, -9999, -9999, 12, -9999, -9999, 41, -9999, -9999, -9999, -9999, -9999, -9999, -9999, -9999, -9999, -9999, -9999, -9999, 79, -9999, -9999, -9999, -9999, -9999, -9999, -9999, -9999, -9999, -9999, -9999, -9999, -9999, -9999, 14, 31, -9999, -9999, -9999, -9999, -9999, 55, -9999, 28, -9999, -9999, -9999, -9999, -9999, -9999, -9999, 5, -9999, -9999, 40, 50, 42, 88, -9999, -9999, -9999, 5, -9999, -9999, -9999, -9999, -9999, -9999, -9999, -9999, 61],
[-9999, -9999, -9999, -9999, -9999, -9999, -9999, -9999, -9999, 84, -9999, -9999, -9999, 27, -9999, -9999, -9999, -9999, -9999, 15, 64, -9999, -9999, -9999, -9999, -9999, -9999, 88, -9999, -9999, -9999, -9999, 20, -9999, -9999, -9999, -9999, -9999, 35, -9999, -9999, -9999, -9999, -9999, -9999, -9999, -9999, -9999, 84, -9999, -9999, -9999, -9999, -9999, -9999, -9999, -9999, -9999, -9999, -9999, -9999, -9999, -9999, 28, 12, -9999, -9999, -9999, -9999, -9999, 56, -9999, 95, -9999, -9999, -9999, -9999, -9999, -9999, -9999, -9999, -9999, -9999, 82, 2, 67, 45, -9999, -9999, -9999, -9999, -9999, -9999, -9999, -9999, 3, 5, -9999, -9999, -9999],
[-9999, -9999, -9999, -9999, -9999, -9999, -9999, 15, -9999, 15, -9999, -9999, -9999, -9999, -9999, -9999, -9999, -9999, -9999, -9999, 31, -9999, -9999, -9999, -9999, 24, 56, -9999, -9999, -9999, -9999, -9999, 99, -9999, -9999, -9999, -9999, -9999, 64, -9999, 31, -9999, -9999, -9999, -9999, -9999, -9999, -9999, 96, -9999, -9999, -9999, -9999, -9999, -9999, -9999, -9999, -9999, -9999, -9999, -9999, -9999, -9999, 46, 11, -9999, -9999, 95, -9999, -9999, -9999, -9999, 63, -9999, -9999, -9999, -9999, -9999, -9999, -9999, 92, -9999, -9999, -9999, 100, 9, 72, -9999, -9999, -9999, 15, -9999, -9999, -9999, -9999, 100, -9999, -9999, -9999, 98],
[18, -9999, -9999, -9999, -9999, 80, 18, 4, -9999, -9999, -9999, -9999, 34, 28, 100, -9999, 64, 28, 83, -9999, 63, 32, -9999, -9999, 99, 99, -9999, -9999, -9999, 39, -9999, 82, 83, 40, 60, -9999, 38, 5, -9999, -9999, 26, 81, 15, -9999, -9999, -9999, -9999, 16, 11, -9999, 98, -9999, -9999, 89, 28, 79, -9999, -9999, 73, -9999, -9999, -9999, -9999, -9999, 1, 51, 52, -9999, -9999, -9999, 51, -9999, 46, 49, -9999, 77, 55, 22, 10, 8, 86, 100, 30, 88, 71, -9999, 24, 33, -9999, -9999, 40, 56, -9999, 84, -9999, -9999, 35, 96, 77, 74],
[-9999, -9999, -9999, -9999, -9999, -9999, -9999, 64, -9999, 48, -9999, -9999, -9999, 79, 40, -9999, -9999, -9999, -9999, 59, 43, -9999, -9999, -9999, -9999, 43, -9999, 17, -9999, 38, -9999, -9999, -9999, -9999, -9999, -9999, 20, -9999, -9999, -9999, -9999, -9999, -9999, -9999, -9999, -9999, -9999, -9999, 83, -9999, -9999, -9999, -9999, -9999, -9999, -9999, -9999, -9999, -9999, -9999, -9999, -9999, -9999, 53, -9999, -9999, -9999, -9999, -9999, -9999, -9999, -9999, 32, -9999, -9999, -9999, -9999, -9999, -9999, -9999, -9999, -9999, -9999, 12, 79, -9999, -9999, -9999, -9999, -9999, 68, -9999, -9999, 65, -9999, -9999, 46, -9999, -9999, 21],
[-9999, -9999, -9999, -9999, -9999, -9999, -9999, -9999, -9999, 12, -9999, -9999, -9999, 22, -9999, -9999, -9999, -9999, -9999, 69, 71, -9999, -9999, -9999, -9999, -9999, 32, 64, -9999, -9999, -9999, -9999, -9999, -9999, -9999, -9999, -9999, -9999, -9999, -9999, 72, -9999, -9999, -9999, -9999, -9999, -9999, -9999, 14, -9999, -9999, -9999, -9999, -9999, -9999, -9999, -9999, -9999, -9999, -9999, -9999, -9999, -9999, 25, -9999, -9999, -9999, -9999, -9999, -9999, -9999, -9999, 47, -9999, -9999, -9999, -9999, -9999, -9999, -9999, 57, -9999, -9999, -9999, 58, 89, 43, -9999, -9999, -9999, 88, -9999, -9999, -9999, -9999, 21, -9999, -9999, -9999, 12],
[-9999, -9999, -9999, -9999, -9999, -9999, -9999, 40, -9999, -9999, -9999, -9999, -9999, 37, -9999, -9999, -9999, -9999, -9999, 35, -9999, -9999, -9999, -9999, -9999, -9999, 4, 84, -9999, -9999, -9999, -9999, 23, -9999, -9999, 96, -9999, -9999, -9999, -9999, 78, -9999, -9999, -9999, -9999, -9999, -9999, -9999, 52, -9999, -9999, -9999, -9999, -9999, -9999, -9999, -9999, -9999, -9999, -9999, -9999, -9999, -9999, 31, 71, -9999, -9999, -9999, -9999, -9999, 21, -9999, 9, -9999, -9999, -9999, -9999, -9999, -9999, -9999, -9999, -9999, -9999, -9999, 62, -9999, -9999, -9999, -9999, -9999, 6, -9999, -9999, -9999, -9999, -9999, -9999, -9999, -9999, 16],
[-9999, -9999, 35, -9999, -9999, 34, -9999, 54, 87, -9999, -9999, -9999, 30, 58, 3, -9999, 55, 89, 10, 77, 3, -9999, -9999, -9999, 30, -9999, 2, 74, -9999, 99, 26, -9999, -9999, 75, -9999, 77, -9999, 5, 77, -9999, 71, -9999, 55, 53, -9999, -9999, -9999, 74, 77, -9999, 100, 45, -9999, 1, -9999, -9999, -9999, -9999, 30, -9999, -9999, 41, -9999, 48, -9999, 97, 37, -9999, -9999, -9999, 95, -9999, -9999, 40, 99, 65, 99, 16, 13, 61, 73, 74, 20, -9999, -9999, 17, 45, -9999, -9999, 67, 70, 72, -9999, 34, -9999, 81, 3, -9999, -9999, 67],
[-9999, 10, -9999, -9999, -9999, -9999, -9999, -9999, -9999, 22, -9999, -9999, -9999, 87, -9999, -9999, -9999, -9999, -9999, 33, 16, -9999, -9999, -9999, -9999, -9999, 81, 51, -9999, -9999, -9999, -9999, 60, -9999, -9999, -9999, -9999, -9999, 73, -9999, -9999, -9999, -9999, -9999, -9999, -9999, -9999, -9999, 23, -9999, -9999, -9999, -9999, -9999, -9999, -9999, -9999, -9999, -9999, -9999, -9999, -9999, -9999, 42, 40, -9999, -9999, -9999, -9999, -9999, -9999, -9999, -9999, -9999, -9999, -9999, -9999, -9999, -9999, -9999, -9999, -9999, -9999, -9999, 7, 48, 64, -9999, -9999, -9999, 36, -9999, -9999, -9999, -9999, 34, 17, -9999, -9999, 24],
[-9999, -9999, -9999, -9999, -9999, -9999, -9999, -9999, -9999, 77, -9999, -9999, -9999, 40, -9999, -9999, -9999, -9999, -9999, -9999, -9999, -9999, -9999, -9999, -9999, 72, 38, -9999, -9999, -9999, -9999, -9999, 38, -9999, -9999, -9999, -9999, -9999, 100, -9999, -9999, -9999, -9999, -9999, -9999, -9999, -9999, -9999, 67, -9999, -9999, -9999, -9999, -9999, -9999, -9999, -9999, -9999, -9999, -9999, -9999, -9999, -9999, 13, -9999, -9999, -9999, -9999, -9999, -9999, -9999, -9999, 14, -9999, -9999, -9999, -9999, -9999, -9999, -9999, -9999, -9999, -9999, 89, 32, -9999, -9999, -9999, -9999, -9999, 30, -9999, -9999, -9999, -9999, 19, 73, -9999, -9999, 31],
[-9999, -9999, -9999, 21, 44, -9999, 76, -9999, 12, 69, -9999, -9999, -9999, -9999, -9999, 6, 58, -9999, 98, -9999, -9999, -9999, -9999, 24, -9999, 18, -9999, 70, -9999, -9999, -9999, -9999, 78, -9999, -9999, -9999, -9999, 58, 60, -9999, 68, -9999, 40, 70, -9999, -9999, -9999, 84, 98, -9999, -9999, -9999, -9999, 53, 35, 29, 20, 95, -9999, -9999, -9999, 23, -9999, 51, 90, 85, -9999, -9999, 87, 38, -9999, -9999, 29, -9999, -9999, 66, 41, -9999, -9999, 64, -9999, 8, -9999, 44, 33, -9999, 54, -9999, -9999, -9999, -9999, -9999, -9999, -9999, -9999, -9999, -9999, -9999, 19, -9999],
[-9999, -9999, -9999, -9999, -9999, -9999, -9999, 32, -9999, 77, -9999, -9999, -9999, 46, -9999, -9999, -9999, -9999, -9999, 53, 5, -9999, -9999, -9999, -9999, -9999, 99, -9999, -9999, -9999, -9999, -9999, 20, -9999, -9999, -9999, -9999, -9999, 10, -9999, -9999, -9999, -9999, -9999, -9999, -9999, -9999, -9999, 74, -9999, -9999, -9999, -9999, -9999, -9999, -9999, -9999, -9999, -9999, -9999, -9999, -9999, -9999, 68, 31, -9999, -9999, -9999, -9999, -9999, -9999, -9999, 18, -9999, -9999, -9999, -9999, -9999, -9999, -9999, -9999, -9999, -9999, 43, 100, 31, -9999, -9999, -9999, -9999, 69, -9999, -9999, -9999, -9999, -9999, -9999, -9999, -9999, 18],
[-9999, 84, -9999, -9999, -9999, 89, 78, 96, 21, 49, -9999, -9999, -9999, 22, -9999, -9999, -9999, -9999, 85, 32, -9999, -9999, 45, 26, -9999, -9999, -9999, 94, -9999, -9999, 76, 3, 84, -9999, -9999, -9999, -9999, -9999, 16, -9999, 31, -9999, 36, 61, -9999, 53, -9999, 55, 93, -9999, -9999, -9999, -9999, 74, 31, 16, -9999, -9999, -9999, -9999, -9999, 98, -9999, 51, -9999, -9999, 83, -9999, -9999, 38, 74, 63, -9999, -9999, 74, -9999, 34, -9999, 100, -9999, 26, 97, -9999, -9999, 8, 40, -9999, -9999, -9999, 68, -9999, -9999, -9999, -9999, -9999, -9999, -9999, 85, -9999, 62],
[-9999, -9999, -9999, -9999, -9999, -9999, -9999, 91, -9999, 10, -9999, -9999, -9999, -9999, -9999, -9999, -9999, -9999, -9999, -9999, 40, -9999, -9999, -9999, -9999, 61, -9999, 14, -9999, -9999, -9999, -9999, 56, -9999, -9999, -9999, -9999, -9999, 48, -9999, -9999, -9999, -9999, -9999, -9999, -9999, -9999, -9999, 77, -9999, -9999, -9999, -9999, -9999, -9999, -9999, -9999, -9999, -9999, -9999, -9999, -9999, -9999, 14, -9999, -9999, -9999, -9999, -9999, -9999, -9999, -9999, 6, -9999, -9999, -9999, -9999, -9999, -9999, -9999, 4, -9999, -9999, 21, 10, -9999, 95, -9999, -9999, -9999, 23, -9999, -9999, -9999, -9999, 16, 59, -9999, -9999, -9999],
[-9999, -9999, -9999, -9999, -9999, -9999, -9999, 95, -9999, 16, -9999, -9999, -9999, 5, -9999, -9999, -9999, -9999, -9999, 95, 62, -9999, -9999, -9999, -9999, 40, 3, 6, -9999, -9999, -9999, -9999, 46, -9999, -9999, -9999, -9999, -9999, 84, -9999, 58, -9999, -9999, -9999, -9999, -9999, -9999, -9999, 93, -9999, -9999, -9999, -9999, -9999, -9999, -9999, -9999, -9999, -9999, -9999, -9999, -9999, -9999, -9999, -9999, -9999, -9999, -9999, -9999, -9999, 95, -9999, -9999, -9999, -9999, -9999, -9999, -9999, -9999, -9999, 17, -9999, -9999, -9999, -9999, 47, 32, -9999, -9999, -9999, 49, -9999, -9999, -9999, -9999, -9999, 26, -9999, -9999, 65],
[-9999, -9999, -9999, -9999, -9999, -9999, -9999, -9999, -9999, -9999, -9999, 87, -9999, -9999, 26, -9999, -9999, -9999, -9999, -9999, -9999, -9999, -9999, -9999, -9999, -9999, -9999, -9999, -9999, -9999, -9999, -9999, -9999, -9999, -9999, -9999, 92, -9999, -9999, -9999, -9999, -9999, -9999, -9999, -9999, -9999, -9999, -9999, -9999, -9999, -9999, -9999, -9999, -9999, -9999, -9999, -9999, -9999, -9999, -9999, -9999, -9999, -9999, -9999, -9999, -9999, -9999, -9999, -9999, -9999, 68, -9999, -9999, -9999, -9999, -9999, -9999, -9999, -9999, -9999, -9999, -9999, -9999, 49, -9999, -9999, -9999, -9999, -9999, -9999, -9999, -9999, -9999, -9999, -9999, 16, -9999, -9999, -9999, -9999],
[-9999, -9999, -9999, 45, -9999, -9999, -9999, 9, -9999, -9999, -9999, -9999, -9999, -9999, -9999, 65, -9999, -9999, -9999, 81, 65, -9999, -9999, -9999, -9999, 36, 15, -9999, -9999, -9999, -9999, -9999, 24, -9999, -9999, -9999, -9999, -9999, 2, -9999, -9999, -9999, -9999, -9999, -9999, -9999, -9999, -9999, 81, -9999, -9999, -9999, -9999, -9999, -9999, -9999, -9999, -9999, -9999, -9999, -9999, -9999, -9999, 19, 87, -9999, -9999, 85, -9999, -9999, 98, -9999, -9999, -9999, -9999, -9999, -9999, -9999, -9999, -9999, -9999, -9999, -9999, -9999, -9999, 96, 93, -9999, -9999, -9999, 68, -9999, -9999, -9999, -9999, 83, 62, -9999, -9999, 8],
[-9999, 91, -9999, -9999, 82, 66, 77, 69, 38, 60, -9999, -9999, -9999, 78, -9999, -9999, 98, -9999, 33, 43, 66, -9999, -9999, -9999, -9999, 49, 82, 33, -9999, -9999, 32, 95, 97, -9999, -9999, -9999, -9999, 54, -9999, -9999, -9999, -9999, 37, -9999, -9999, -9999, -9999, 36, 75, -9999, -9999, -9999, -9999, 13, 36, -9999, -9999, 98, -9999, -9999, -9999, -9999, -9999, 92, -9999, 58, 63, -9999, -9999, -9999, 81, -9999, -9999, -9999, 78, 56, 96, -9999, 77, 53, 11, 75, 90, -9999, -9999, -9999, 61, -9999, -9999, -9999, 38, 71, 71, -9999, -9999, 85, 78, 45, -9999, 87],
[-9999, -9999, -9999, -9999, -9999, -9999, 43, -9999, -9999, -9999, -9999, -9999, -9999, 50, -9999, -9999, 35, -9999, 78, 6, -9999, -9999, 16, -9999, -9999, -9999, 75, 84, -9999, -9999, -9999, 59, 93, -9999, -9999, -9999, -9999, -9999, 73, -9999, 82, -9999, 84, 66, 77, -9999, -9999, 57, 41, -9999, -9999, -9999, -9999, 96, 43, -9999, -9999, -9999, -9999, -9999, -9999, -9999, -9999, 48, 36, 19, -9999, -9999, 67, 90, 69, 20, 62, -9999, 21, -9999, -9999, -9999, -9999, 19, 82, 47, -9999, -9999, 80, 98, 38, -9999, -9999, -9999, 66, 57, 31, -9999, -9999, 26, 55, 7, -9999, 45],
[-9999, -9999, -9999, 51, -9999, -9999, -9999, 9, -9999, 18, -9999, -9999, -9999, 37, -9999, -9999, -9999, -9999, -9999, 34, -9999, -9999, -9999, -9999, -9999, -9999, 21, 45, -9999, -9999, -9999, -9999, 6, -9999, -9999, 72, -9999, -9999, -9999, -9999, -9999, -9999, -9999, -9999, -9999, -9999, -9999, -9999, 46, -9999, -9999, -9999, -9999, -9999, -9999, -9999, -9999, -9999, -9999, -9999, -9999, -9999, -9999, 61, 79, -9999, -9999, -9999, -9999, -9999, -9999, -9999, -9999, -9999, -9999, -9999, -9999, -9999, -9999, -9999, 55, -9999, -9999, -9999, -9999, -9999, 12, -9999, -9999, -9999, 31, -9999, -9999, -9999, -9999, -9999, 6, -9999, -9999, -9999],
[-9999, -9999, -9999, -9999, -9999, -9999, -9999, -9999, -9999, -9999, -9999, -9999, -9999, -9999, -9999, -9999, -9999, -9999, -9999, -9999, -9999, -9999, -9999, -9999, -9999, -9999, -9999, -9999, -9999, -9999, -9999, -9999, -9999, -9999, -9999, -9999, -9999, -9999, -9999, -9999, -9999, -9999, -9999, -9999, -9999, -9999, -9999, -9999, -9999, -9999, -9999, -9999, -9999, 41, -9999, -9999, 66, -9999, -9999, -9999, -9999, -9999, -9999, -9999, -9999, -9999, -9999, -9999, 4, 2, 37, -9999, -9999, -9999, -9999, -9999, -9999, -9999, 5, -9999, -9999, 63, -9999, 22, -9999, -9999, -9999, -9999, -9999, -9999, -9999, -9999, -9999, -9999, -9999, 70, -9999, -9999, -9999, -9999],
[-9999, -9999, -9999, -9999, -9999, -9999, -9999, -9999, -9999, -9999, -9999, -9999, -9999, 22, -9999, -9999, -9999, -9999, -9999, 69, -9999, -9999, -9999, -9999, -9999, 8, 8, 56, -9999, -9999, -9999, -9999, 91, -9999, -9999, -9999, -9999, -9999, 34, -9999, -9999, -9999, -9999, -9999, -9999, -9999, -9999, -9999, 71, -9999, -9999, -9999, -9999, -9999, -9999, -9999, -9999, -9999, -9999, -9999, -9999, -9999, -9999, 94, 77, -9999, -9999, -9999, -9999, -9999, 10, -9999, 41, -9999, -9999, -9999, -9999, -9999, -9999, -9999, -9999, -9999, -9999, -9999, 87, -9999, 53, -9999, -9999, -9999, -9999, -9999, -9999, -9999, -9999, -9999, 13, -9999, -9999, 60],
[-9999, -9999, -9999, -9999, -9999, -9999, -9999, 39, -9999, 70, -9999, -9999, -9999, 50, -9999, -9999, -9999, -9999, -9999, 65, 30, -9999, -9999, -9999, -9999, 49, -9999, 73, -9999, -9999, -9999, -9999, 45, -9999, -9999, -9999, -9999, -9999, -9999, -9999, 57, -9999, -9999, -9999, -9999, -9999, -9999, -9999, 58, -9999, -9999, -9999, -9999, -9999, -9999, -9999, -9999, -9999, -9999, 32, -9999, -9999, -9999, 65, 80, -9999, -9999, -9999, -9999, -9999, 32, -9999, -9999, -9999, -9999, -9999, -9999, -9999, -9999, -9999, 27, -9999, -9999, 25, -9999, -9999, -9999, -9999, -9999, -9999, 66, -9999, -9999, -9999, -9999, 39, -9999, -9999, -9999, 70],
[-9999, -9999, -9999, -9999, 2, 10, 41, 93, -9999, -9999, -9999, -9999, -9999, 33, -9999, -9999, 51, -9999, 53, 20, 97, -9999, -9999, 59, -9999, -9999, 4, 81, -9999, -9999, 26, 58, 94, -9999, -9999, -9999, -9999, 64, -9999, -9999, 85, -9999, 3, -9999, 44, -9999, -9999, 46, 55, 77, -9999, -9999, -9999, 93, 24, 58, 79, 52, -9999, -9999, -9999, -9999, -9999, 2, 77, 86, -9999, -9999, -9999, -9999, 33, -9999, 99, -9999, 3, -9999, 90, -9999, 8, 5, 34, 50, 86, -9999, 99, 12, 20, -9999, -9999, -9999, 67, 75, -9999, -9999, -9999, -9999, -9999, 97, -9999, 66],
[-9999, -9999, -9999, 25, -9999, -9999, -9999, 77, -9999, 20, -9999, -9999, -9999, -9999, -9999, -9999, -9999, -9999, -9999, 90, 95, -9999, -9999, -9999, -9999, 78, -9999, 29, -9999, -9999, -9999, -9999, 29, -9999, -9999, -9999, -9999, -9999, -9999, -9999, 100, -9999, -9999, -9999, -9999, -9999, -9999, -9999, 13, -9999, -9999, -9999, -9999, -9999, -9999, -9999, -9999, -9999, -9999, -9999, -9999, -9999, -9999, 24, -9999, -9999, -9999, 22, -9999, -9999, -9999, -9999, 50, -9999, -9999, -9999, -9999, -9999, -9999, -9999, 2, -9999, -9999, 76, -9999, -9999, 38, -9999, -9999, -9999, 23, -9999, -9999, -9999, -9999, 47, 99, -9999, -9999, 38],
[-9999, -9999, -9999, -9999, -9999, -9999, -9999, -9999, -9999, 11, -9999, -9999, -9999, -9999, -9999, -9999, -9999, -9999, -9999, 23, -9999, -9999, -9999, -9999, -9999, 94, -9999, 59, -9999, -9999, -9999, -9999, 67, -9999, -9999, -9999, -9999, -9999, -9999, -9999, 31, -9999, -9999, -9999, -9999, -9999, -9999, -9999, 91, -9999, -9999, -9999, -9999, -9999, -9999, -9999, -9999, -9999, -9999, -9999, -9999, -9999, -9999, 2, 2, -9999, -9999, 26, -9999, -9999, -9999, -9999, 69, -9999, -9999, -9999, -9999, -9999, -9999, -9999, 76, -9999, -9999, 31, -9999, -9999, 13, -9999, -9999, -9999, 70, -9999, -9999, -9999, -9999, -9999, -9999, -9999, -9999, 16],
[-9999, -9999, -9999, -9999, -9999, -9999, -9999, 5, -9999, 18, -9999, -9999, -9999, -9999, -9999, -9999, -9999, -9999, -9999, 28, -9999, -9999, -9999, -9999, -9999, -9999, -9999, 95, -9999, -9999, -9999, -9999, -9999, -9999, -9999, -9999, -9999, -9999, 51, -9999, 76, -9999, -9999, -9999, -9999, -9999, -9999, -9999, 5, -9999, -9999, -9999, -9999, -9999, -9999, -9999, -9999, -9999, -9999, -9999, -9999, -9999, -9999, 56, 97, -9999, -9999, -9999, -9999, -9999, 19, -9999, 63, -9999, -9999, -9999, -9999, -9999, -9999, -9999, -9999, -9999, -9999, -9999, 22, -9999, -9999, -9999, -9999, -9999, 9, -9999, -9999, -9999, -9999, -9999, 85, -9999, -9999, -9999],
[-9999, -9999, -9999, -9999, -9999, -9999, -9999, -9999, -9999, 28, -9999, -9999, -9999, 84, -9999, -9999, -9999, -9999, -9999, 23, 19, -9999, -9999, -9999, -9999, 6, 89, -9999, -9999, -9999, -9999, -9999, -9999, -9999, -9999, -9999, -9999, -9999, 47, -9999, -9999, -9999, -9999, -9999, -9999, -9999, -9999, -9999, 91, -9999, -9999, -9999, -9999, -9999, -9999, -9999, -9999, -9999, -9999, -9999, -9999, -9999, -9999, 51, 34, -9999, -9999, -9999, -9999, -9999, -9999, -9999, -9999, -9999, -9999, -9999, -9999, -9999, -9999, -9999, 46, -9999, -9999, 7, 65, 79, -9999, -9999, -9999, -9999, -9999, -9999, -9999, -9999, -9999, -9999, -9999, -9999, -9999, 91],
[-9999, -9999, 53, -9999, -9999, -9999, 66, 70, -9999, 39, -9999, -9999, -9999, 66, -9999, -9999, -9999, -9999, 69, -9999, 13, -9999, 81, -9999, -9999, 12, -9999, -9999, -9999, -9999, 99, 16, 40, -9999, -9999, -9999, -9999, -9999, 15, -9999, -9999, -9999, 2, 61, -9999, -9999, -9999, 15, 28, 95, -9999, -9999, -9999, 74, -9999, 49, 82, 75, -9999, -9999, 55, 84, -9999, 15, 77, -9999, 37, 28, 55, 67, -9999, -9999, -9999, -9999, -9999, 29, 64, -9999, -9999, 32, -9999, 88, -9999, -9999, -9999, 51, 80, -9999, -9999, -9999, -9999, -9999, -9999, -9999, 87, 25, -9999, 89, 51, 7],
[-9999, -9999, -9999, -9999, -9999, -9999, -9999, -9999, -9999, -9999, -9999, -9999, -9999, -9999, -9999, -9999, -9999, -9999, -9999, -9999, -9999, -9999, -9999, -9999, -9999, -9999, -9999, -9999, -9999, -9999, -9999, -9999, -9999, -9999, -9999, -9999, -9999, -9999, -9999, -9999, -9999, -9999, -9999, -9999, -9999, -9999, -9999, -9999, -9999, -9999, -9999, -9999, -9999, -9999, -9999, -9999, -9999, -9999, -9999, -9999, -9999, -9999, -9999, -9999, -9999, -9999, -9999, -9999, -9999, -9999, 76, -9999, -9999, -9999, -9999, -9999, -9999, -9999, -9999, -9999, -9999, -9999, -9999, 29, -9999, -9999, -9999, -9999, -9999, -9999, -9999, -9999, -9999, -9999, -9999, -9999, -9999, -9999, -9999, -9999],
[-9999, -9999, -9999, -9999, -9999, -9999, -9999, 66, -9999, -9999, -9999, -9999, -9999, 40, -9999, -9999, -9999, -9999, -9999, -9999, 61, -9999, -9999, -9999, -9999, 49, -9999, 5, -9999, -9999, -9999, -9999, 44, -9999, -9999, -9999, -9999, -9999, -9999, -9999, 41, -9999, -9999, -9999, -9999, -9999, -9999, -9999, 41, -9999, -9999, -9999, -9999, -9999, -9999, -9999, -9999, -9999, -9999, -9999, -9999, -9999, -9999, 95, 93, -9999, -9999, -9999, -9999, -9999, -9999, -9999, 80, -9999, -9999, -9999, -9999, -9999, -9999, -9999, 29, -9999, -9999, -9999, 80, 75, 34, -9999, -9999, -9999, -9999, -9999, -9999, -9999, -9999, -9999, -9999, -9999, -9999, 86],
[-9999, -9999, -9999, -9999, -9999, -9999, -9999, -9999, -9999, 75, -9999, -9999, -9999, 53, -9999, -9999, -9999, -9999, -9999, 28, 24, -9999, -9999, -9999, -9999, 51, -9999, -9999, -9999, -9999, -9999, -9999, 45, -9999, -9999, -9999, -9999, -9999, 91, -9999, 24, -9999, -9999, -9999, -9999, -9999, -9999, -9999, 40, -9999, -9999, -9999, -9999, -9999, -9999, -9999, -9999, -9999, -9999, -9999, -9999, -9999, -9999, 63, 9, -9999, -9999, -9999, -9999, -9999, -9999, -9999, 31, -9999, -9999, -9999, -9999, -9999, -9999, -9999, -9999, -9999, -9999, -9999, -9999, 83, 46, -9999, -9999, -9999, 79, -9999, -9999, -9999, -9999, 69, 45, -9999, -9999, 5],
[-9999, -9999, -9999, -9999, -9999, -9999, -9999, -9999, -9999, 3, -9999, -9999, -9999, 5, -9999, -9999, -9999, -9999, -9999, -9999, -9999, -9999, -9999, -9999, -9999, -9999, 93, 17, -9999, -9999, -9999, -9999, 34, -9999, -9999, 48, -9999, -9999, 73, -9999, -9999, -9999, -9999, -9999, -9999, -9999, -9999, -9999, 27, -9999, -9999, -9999, -9999, -9999, -9999, -9999, -9999, -9999, -9999, -9999, -9999, -9999, -9999, 86, 50, -9999, -9999, -9999, -9999, -9999, 34, -9999, 46, -9999, -9999, -9999, -9999, -9999, -9999, -9999, 71, -9999, -9999, 24, 64, 93, 81, -9999, -9999, -9999, -9999, -9999, -9999, -9999, -9999, 38, 71, -9999, -9999, 76],
[-9999, -9999, -9999, -9999, 5, 70, 90, 95, -9999, -9999, -9999, -9999, -9999, 15, -9999, -9999, 81, -9999, 31, -9999, 64, -9999, 88, 10, -9999, 65, 44, 61, -9999, -9999, 86, 81, -9999, -9999, -9999, -9999, -9999, 18, -9999, -9999, 47, -9999, 1, -9999, -9999, -9999, 51, 54, 55, 49, -9999, -9999, -9999, 77, 6, 46, -9999, -9999, -9999, 43, -9999, -9999, -9999, 39, 10, 15, 87, -9999, -9999, -9999, 89, 67, -9999, -9999, -9999, -9999, 87, -9999, 31, -9999, 79, -9999, 26, -9999, 90, -9999, -9999, -9999, -9999, 28, 52, -9999, -9999, -9999, -9999, 46, 45, 65, -9999, -9999],
[-9999, 77, -9999, -9999, 93, 55, 49, -9999, -9999, 49, 9, -9999, -9999, 36, -9999, -9999, 75, -9999, 96, 77, -9999, -9999, -9999, 64, -9999, -9999, 90, 84, -9999, -9999, 82, 67, 90, -9999, -9999, -9999, -9999, -9999, -9999, -9999, 56, -9999, 61, -9999, 19, -9999, -9999, -9999, 65, -9999, -9999, -9999, -9999, 78, 55, 97, -9999, -9999, -9999, -9999, -9999, -9999, -9999, 4, 9, 15, 81, -9999, 32, -9999, -9999, -9999, 75, -9999, 94, -9999, 58, -9999, 55, 99, 65, -9999, -9999, 99, 90, -9999, 61, -9999, -9999, 55, -9999, -9999, -9999, -9999, -9999, 92, 69, 70, 78, -9999],
[-9999, -9999, -9999, -9999, 64, 97, 91, -9999, 70, 53, -9999, -9999, -9999, -9999, -9999, -9999, -9999, 36, 100, -9999, 16, -9999, -9999, 82, 71, 16, 95, -9999, 69, 56, 95, 2, -9999, -9999, -9999, -9999, 18, -9999, -9999, -9999, -9999, 58, 28, 23, -9999, 14, -9999, -9999, 8, 74, -9999, -9999, -9999, 76, -9999, -9999, 14, 18, 73, -9999, -9999, 35, -9999, 48, 100, -9999, 23, -9999, 64, 86, -9999, -9999, 16, 45, 66, -9999, 96, -9999, 80, 38, 49, 8, 52, 7, 71, 12, -9999, 99, -9999, -9999, 97, -9999, -9999, 81, -9999, -9999, 45, -9999, 36, 3],
[-9999, -9999, -9999, -9999, -9999, 29, 3, -9999, 74, 81, -9999, -9999, -9999, -9999, -9999, 69, 35, -9999, 67, 55, 18, -9999, 47, 28, -9999, -9999, 54, 54, -9999, -9999, 100, -9999, 1, -9999, -9999, -9999, -9999, 88, 75, -9999, -9999, -9999, 22, -9999, -9999, 45, -9999, -9999, 32, -9999, -9999, -9999, -9999, 54, -9999, 53, -9999, 22, -9999, -9999, -9999, -9999, -9999, 51, 34, 38, -9999, -9999, 75, -9999, 9, -9999, 90, -9999, -9999, -9999, 96, -9999, 31, -9999, 70, 78, 75, -9999, -9999, 66, 25, -9999, -9999, -9999, -9999, 11, -9999, -9999, -9999, -9999, -9999, -9999, 14, 33],
[-9999, -9999, -9999, -9999, -9999, -9999, -9999, -9999, -9999, -9999, -9999, -9999, -9999, -9999, -9999, -9999, -9999, -9999, -9999, -9999, -9999, -9999, -9999, -9999, -9999, 11, -9999, -9999, -9999, -9999, -9999, -9999, -9999, -9999, -9999, -9999, -9999, -9999, -9999, -9999, -9999, -9999, -9999, -9999, -9999, -9999, -9999, -9999, -9999, 34, -9999, -9999, -9999, 85, -9999, -9999, -9999, -9999, -9999, -9999, -9999, -9999, -9999, -9999, -9999, -9999, -9999, -9999, -9999, 99, -9999, -9999, -9999, -9999, 85, -9999, -9999, -9999, -9999, -9999, -9999, 78, -9999, 92, -9999, -9999, -9999, -9999, -9999, -9999, -9999, -9999, -9999, -9999, 36, 92, -9999, -9999, -9999, -9999],
[-9999, -9999, -9999, -9999, -9999, -9999, -9999, 50, -9999, 1, -9999, 41, -9999, -9999, 75, -9999, -9999, -9999, -9999, 39, 98, -9999, -9999, -9999, -9999, -9999, 97, -9999, -9999, 99, -9999, -9999, 28, -9999, -9999, -9999, 24, -9999, 88, -9999, -9999, -9999, -9999, -9999, -9999, -9999, -9999, -9999, 35, -9999, -9999, -9999, -9999, -9999, -9999, -9999, -9999, -9999, -9999, -9999, -9999, -9999, -9999, 78, -9999, -9999, -9999, -9999, -9999, -9999, -9999, -9999, -9999, -9999, -9999, -9999, -9999, 77, -9999, -9999, -9999, -9999, -9999, 64, 46, 42, 29, -9999, -9999, -9999, -9999, -9999, -9999, 76, -9999, -9999, 59, -9999, -9999, -9999],
[-9999, -9999, -9999, -9999, -9999, -9999, -9999, -9999, -9999, -9999, -9999, -9999, -9999, -9999, -9999, -9999, -9999, -9999, -9999, -9999, -9999, -9999, -9999, -9999, -9999, -9999, -9999, -9999, -9999, -9999, -9999, -9999, -9999, -9999, -9999, -9999, -9999, -9999, -9999, -9999, -9999, -9999, -9999, -9999, -9999, -9999, -9999, -9999, -9999, 22, -9999, -9999, -9999, 90, -9999, -9999, 62, -9999, -9999, -9999, -9999, -9999, -9999, -9999, -9999, -9999, -9999, -9999, -9999, 55, 31, -9999, -9999, -9999, 91, -9999, -9999, -9999, -9999, -9999, -9999, -9999, -9999, -9999, -9999, -9999, -9999, -9999, -9999, -9999, -9999, -9999, -9999, -9999, -9999, 50, -9999, 63, -9999, -9999]
];
