NbNodes = 100;
NbNDDs = 0;
NbPairs = 100;
NbTerminals = 0;
K = 0;
L = 102;
Wt = [
[-9999, -9999, -9999, -9999, -9999, -9999, -9999, -9999, -9999, -9999, -9999, -9999, -9999, -9999, -9999, -9999, -9999, -9999, -9999, -9999, -9999, -9999, -9999, -9999, -9999, -9999, -9999, -9999, -9999, -9999, -9999, -9999, -9999, -9999, -9999, -9999, -9999, -9999, 75, -9999, -9999, -9999, -9999, -9999, -9999, -9999, -9999, -9999, -9999, -9999, -9999, -9999, -9999, -9999, -9999, -9999, -9999, -9999, -9999, -9999, -9999, -9999, -9999, -9999, -9999, -9999, -9999, -9999, -9999, -9999, -9999, -9999, -9999, -9999, -9999, -9999, -9999, -9999, -9999, -9999, -9999, -9999, -9999, -9999, -9999, -9999, -9999, -9999, -9999, -9999, -9999, -9999, -9999, -9999, -9999, -9999, -9999, -9999, -9999, -9999],
[-9999, -9999, -9999, -9999, -9999, 67, -9999, -9999, -9999, -9999, -9999, -9999, -9999, -9999, -9999, -9999, -9999, -9999, -9999, -9999, -9999, -9999, -9999, -9999, -9999, -9999, -9999, -9999, -9999, -9999, -9999, -9999, -9999, -9999, -9999, -9999, -9999, -9999, 4, -9999, -9999, -9999, 66, -9999, -9999, -9999, -9999, -9999, -9999, -9999, -9999, 86, -9999, 36, -9999, -9999, 95, -9999, -9999, -9999, -9999, -9999, -9999, -9999, -9999, 39, -9999, -9999, -9999, -9999, -9999, 38, -9999, -9999, -9999, -9999, -9999, -9999, -9999, -9999, -9999, -9999, -9999, -9999, -9999, -9999, -9999, -9999, -9999, -9999, -9999, -9999, 48, -9999, -9999, -9999, -9999, -9999, -9999, -9999],
[-9999, -9999, -9999, 60, -9999, -9999, -9999, 58, 26, -9999, 43, -9999, 52, 75, -9999, 39, -9999, 2, -9999, 96, -9999, 20, 37, -9999, 20, -9999, -9999, 7, 94, -9999, 10, 51, -9999, 71, 73, 15, -9999, -9999, 40, -9999, -9999, -9999, -9999, 84, -9999, -9999, 19, 70, 92, 12, 100, -9999, -9999, -9999, -9999, 28, 73, 23, 41, 61, -9999, -9999, -9999, -9999, 85, 22, -9999, -9999, 17, -9999, 27, -9999, 42, -9999, -9999, -9999, -9999, -9999, 63, -9999, 98, 52, 100, -9999, 56, 82, 74, 16, -9999, -9999, -9999, -9999, -9999, -9999, -9999, -9999, -9999, 84, 93, 9],
[-9999, -9999, 44, -9999, 30, -9999, 91, 75, 100, 55, -9999, -9999, 30, 100, -9999, 73, 2, 32, -9999, -9999, 5, -9999, 84, -9999, 17, 38, -9999, 50, -9999, -9999, 11, 27, 100, -9999, 43, -9999, 53, -9999, 32, -9999, 3, -9999, 71, 28, -9999, 13, -9999, 88, 70, 19, 19, 74, -9999, -9999, -9999, -9999, 58, 1, 94, 31, -9999, -9999, -9999, -9999, 91, -9999, -9999, -9999, -9999, -9999, -9999, -9999, -9999, -9999, 19, -9999, 26, -9999, -9999, 93, 69, 41, 28, -9999, -9999, 66, 95, 68, 23, 51, -9999, -9999, 20, 12, -9999, -9999, 37, -9999, -9999, 93],
[-9999, -9999, -9999, -9999, -9999, -9999, -9999, -9999, -9999, -9999, -9999, -9999, -9999, -9999, -9999, -9999, -9999, -9999, -9999, 30, -9999, -9999, -9999, -9999, -9999, -9999, -9999, -9999, -9999, -9999, -9999, -9999, -9999, -9999, -9999, -9999, -9999, -9999, 62, -9999, -9999, -9999, -9999, -9999, -9999, -9999, -9999, -9999, -9999, -9999, 98, -9999, -9999, -9999, -9999, -9999, -9999, -9999, -9999, -9999, -9999, -9999, -9999, -9999, -9999, -9999, -9999, -9999, -9999, -9999, -9999, -9999, -9999, -9999, -9999, -9999, -9999, -9999, -9999, -9999, -9999, 90, 88, -9999, -9999, -9999, -9999, -9999, -9999, -9999, -9999, -9999, -9999, -9999, -9999, -9999, 63, -9999, -9999, -9999],
[-9999, -9999, 49, 76, 84, -9999, 74, -9999, 53, -9999, -9999, -9999, -9999, 36, 16, -9999, -9999, 40, -9999, 74, 96, 77, 48, -9999, 84, 84, -9999, -9999, -9999, -9999, 20, -9999, -9999, -9999, 34, -9999, -9999, 69, 62, -9999, -9999, -9999, -9999, -9999, 71, 87, 20, 5, 83, 84, 2, -9999, 31, -9999, -9999, -9999, 59, -9999, -9999, 48, -9999, -9999, -9999, -9999, 89, -9999, -9999, -9999, 77, -9999, 6, 13, -9999, -9999, 63, 12, 92, -9999, -9999, 29, 86, 51, 82, -9999, 25, -9999, 59, -9999, -9999, 47, -9999, -9999, -9999, -9999, -9999, -9999, 63, 2, -9999, 76],
[-9999, -9999, -9999, -9999, -9999, 17, -9999, -9999, -9999, -9999, -9999, -9999, -9999, -9999, -9999, -9999, -9999, -9999, 88, -9999, -9999, -9999, -9999, -9999, -9999, 52, -9999, -9999, -9999, -9999, -9999, -9999, -9999, -9999, -9999, -9999, -9999, -9999, 71, -9999, -9999, -9999, 49, 19, -9999, -9999, -9999, -9999, -9999, -9999, -9999, -9999, -9999, -9999, 75, -9999, 11, -9999, -9999, -9999, -9999, -9999, 57, -9999, -9999, 78, -9999, 36, -9999, -9999, -9999, 23, -9999, -9999, -9999, -9999, -9999, -9999, -9999, 98, -9999, -9999, -9999, -9999, -9999, -9999, -9999, -9999, -9999, -9999, 59, -9999, 20, -9999, -9999, -9999, -9999, -9999, -9999, -9999],
[-9999, -9999, 20, 11, -9999, -9999, 60, -9999, 22, -9999, -9999, 98, -9999, 48, -9999, 11, 53, 96, 57, 53, -9999, -9999, 38, -9999, 5, 94, 94, -9999, -9999, -9999, 13, -9999, 84, -9999, 93, -9999, 81, -9999, 18, 51, -9999, -9999, -9999, 59, -9999, 98, 70, -9999, 59, 17, 89, -9999, -9999, -9999, 34, 96, 10, 1, 91, -9999, -9999, -9999, -9999, -9999, 8, -9999, -9999, 56, 79, -9999, 28, -9999, -9999, 24, -9999, -9999, 91, 49, -9999, 94, -9999, 48, 15, 26, -9999, -9999, 11, 77, -9999, -9999, -9999, -9999, -9999, -9999, -9999, 12, 6, -9999, -9999, 98],
[-9999, 47, 60, 18, -9999, -9999, 16, 42, -9999, -9999, -9999, 24, -9999, -9999, -9999, 64, 53, 13, -9999, -9999, 50, -9999, -9999, -9999, 84, 64, -9999, 41, -9999, -9999, -9999, -9999, 75, 98, 51, -9999, -9999, 66, 59, -9999, -9999, 32, -9999, 58, -9999, -9999, 44, 79, 77, -9999, 97, 84, -9999, 100, -9999, -9999, 15, -9999, 70, 49, -9999, -9999, -9999, -9999, 60, -9999, -9999, -9999, 64, -9999, -9999, -9999, -9999, 72, -9999, -9999, 13, -9999, -9999, 78, 34, 33, 68, -9999, -9999, 60, 6, 18, 88, 85, -9999, -9999, 89, 52, -9999, -9999, 3, -9999, -9999, 53],
[-9999, -9999, -9999, -9999, -9999, -9999, -9999, -9999, -9999, -9999, 8, -9999, -9999, -9999, -9999, 52, -9999, -9999, -9999, 83, -9999, -9999, -9999, -9999, -9999, -9999, -9999, -9999, -9999, -9999, -9999, -9999, -9999, 32, -9999, -9999, -9999, -9999, 21, -9999, -9999, -9999, -9999, -9999, -9999, -9999, 23, -9999, -9999, -9999, 70, -9999, -9999, -9999, -9999, -9999, -9999, -9999, -9999, -9999, -9999, -9999, -9999, -9999, -9999, -9999, -9999, -9999, -9999, -9999, -9999, -9999, -9999, -9999, -9999, -9999, -9999, -9999, 2, -9999, -9999, 16, 93, -9999, -9999, -9999, -9999, -9999, -9999, -9999, -9999, -9999, -9999, -9999, -9999, -9999, 84, -9999, -9999, -9999],
[-9999, -9999, 55, 82, -9999, 3, -9999, -9999, -9999, 61, -9999, 69, 47, 98, -9999, 53, 51, 79, -9999, 4, -9999, -9999, -9999, -9999, 53, 70, -9999, -9999, -9999, -9999, 27, 3, 98, -9999, -9999, -9999, 13, -9999, 86, -9999, -9999, 97, 11, 38, -9999, -9999, -9999, -9999, 57, 29, 74, 87, 35, 62, -9999, -9999, 20, -9999, 71, -9999, -9999, -9999, -9999, -9999, 42, -9999, -9999, -9999, 81, -9999, 88, 60, -9999, -9999, -9999, -9999, 17, -9999, -9999, 54, 84, -9999, 91, -9999, 75, 32, 68, -9999, 37, 43, -9999, -9999, -9999, 75, -9999, -9999, 56, 83, -9999, 13],
[-9999, -9999, -9999, -9999, -9999, 26, -9999, -9999, -9999, -9999, -9999, -9999, -9999, -9999, -9999, -9999, -9999, -9999, -9999, -9999, -9999, -9999, -9999, -9999, -9999, -9999, -9999, -9999, -9999, -9999, -9999, -9999, -9999, -9999, -9999, -9999, -9999, -9999, 7, -9999, -9999, -9999, 16, 13, -9999, -9999, -9999, -9999, -9999, -9999, -9999, 7, -9999, 70, -9999, -9999, 19, -9999, -9999, -9999, 53, -9999, -9999, -9999, -9999, 64, -9999, -9999, -9999, -9999, -9999, 22, -9999, -9999, -9999, -9999, -9999, -9999, -9999, -9999, -9999, -9999, -9999, -9999, -9999, -9999, -9999, 33, -9999, -9999, -9999, -9999, 83, -9999, -9999, -9999, -9999, -9999, -9999, -9999],
[-9999, -9999, -9999, -9999, -9999, 46, -9999, -9999, -9999, -9999, -9999, -9999, -9999, -9999, -9999, -9999, -9999, -9999, -9999, -9999, -9999, -9999, 89, -9999, -9999, 32, -9999, -9999, -9999, -9999, -9999, -9999, -9999, -9999, -9999, -9999, -9999, -9999, 64, -9999, -9999, -9999, -9999, -9999, -9999, -9999, -9999, -9999, -9999, -9999, -9999, -9999, -9999, -9999, -9999, -9999, 4, -9999, -9999, -9999, -9999, -9999, -9999, -9999, -9999, -9999, -9999, -9999, -9999, -9999, -9999, 12, -9999, -9999, -9999, -9999, -9999, 29, -9999, -9999, -9999, -9999, -9999, -9999, -9999, -9999, -9999, -9999, -9999, -9999, -9999, -9999, -9999, -9999, -9999, -9999, -9999, -9999, -9999, -9999],
[-9999, -9999, 81, 11, 25, -9999, -9999, -9999, 60, 64, 57, -9999, 38, -9999, -9999, -9999, -9999, 14, -9999, -9999, 40, 43, 90, -9999, 46, -9999, -9999, -9999, -9999, -9999, 75, -9999, 45, -9999, 10, -9999, -9999, 88, 49, -9999, -9999, -9999, 39, 82, -9999, 41, -9999, 99, 23, 92, 71, 73, -9999, 23, -9999, -9999, 50, 23, -9999, -9999, -9999, -9999, -9999, -9999, 5, 73, 25, -9999, -9999, -9999, 16, 75, -9999, -9999, -9999, -9999, -9999, -9999, -9999, 84, -9999, 9, 58, -9999, 51, 15, 73, -9999, -9999, 16, -9999, -9999, 14, 90, -9999, 92, 17, -9999, -9999, -9999],
[-9999, -9999, -9999, -9999, -9999, -9999, -9999, -9999, -9999, -9999, -9999, -9999, -9999, -9999, -9999, -9999, -9999, -9999, -9999, -9999, -9999, -9999, -9999, -9999, -9999, 77, -9999, -9999, -9999, -9999, -9999, -9999, -9999, -9999, -9999, -9999, -9999, -9999, 48, -9999, -9999, -9999, 9, 10, -9999, -9999, -9999, -9999, -9999, -9999, -9999, 71, -9999, 16, 43, -9999, 33, -9999, -9999, -9999, -9999, -9999, -9999, -9999, -9999, -9999, -9999, -9999, -9999, -9999, -9999, 4, -9999, -9999, -9999, -9999, -9999, -9999, -9999, 47, -9999, -9999, -9999, -9999, -9999, -9999, -9999, 30, -9999, -9999, 17, -9999, 37, -9999, -9999, -9999, -9999, -9999, -9999, -9999],
[-9999, -9999, -9999, -9999, -9999, -9999, -9999, -9999, -9999, -9999, -9999, -9999, -9999, -9999, -9999, -9999, -9999, -9999, -9999, -9999, -9999, -9999, -9999, -9999, -9999, 20, -9999, -9999, -9999, 45, -9999, -9999, -9999, -9999, -9999, -9999, -9999, -9999, 56, -9999, -9999, -9999, -9999, -9999, -9999, -9999, -9999, -9999, -9999, -9999, -9999, 38, -9999, -9999, -9999, -9999, 27, -9999, -9999, -9999, -9999, -9999, -9999, -9999, -9999, 69, -9999, -9999, -9999, -9999, -9999, -9999, -9999, -9999, -9999, -9999, -9999, -9999, -9999, 89, -9999, -9999, -9999, -9999, -9999, -9999, -9999, 81, -9999, -9999, -9999, -9999, 52, -9999, -9999, -9999, -9999, -9999, -9999, -9999],
[46, -9999, -9999, -9999, -9999, -9999, -9999, -9999, -9999, -9999, -9999, -9999, -9999, -9999, -9999, -9999, -9999, -9999, 60, -9999, -9999, -9999, 77, -9999, -9999, -9999, -9999, -9999, -9999, 37, -9999, -9999, -9999, -9999, -9999, -9999, -9999, -9999, 38, -9999, -9999, -9999, 24, -9999, -9999, -9999, -9999, -9999, -9999, -9999, -9999, -9999, -9999, -9999, -9999, -9999, 89, -9999, -9999, -9999, -9999, -9999, -9999, 36, -9999, -9999, -9999, -9999, -9999, -9999, -9999, 2, -9999, -9999, -9999, -9999, -9999, -9999, -9999, 19, -9999, -9999, -9999, -9999, -9999, -9999, -9999, -9999, -9999, -9999, 14, -9999, -9999, -9999, -9999, -9999, -9999, -9999, -9999, -9999],
[-9999, -9999, -9999, -9999, -9999, 52, -9999, -9999, -9999, -9999, -9999, -9999, -9999, -9999, -9999, -9999, -9999, -9999, -9999, -9999, -9999, -9999, 16, -9999, -9999, -9999, -9999, -9999, -9999, -9999, -9999, -9999, -9999, -9999, -9999, -9999, -9999, -9999, 64, -9999, -9999, -9999, 72, 4, -9999, -9999, -9999, -9999, -9999, -9999, -9999, -9999, -9999, 90, -9999, -9999, 87, -9999, -9999, -9999, -9999, -9999, -9999, -9999, -9999, -9999, -9999, -9999, -9999, -9999, -9999, 83, -9999, -9999, -9999, -9999, -9999, -9999, -9999, 78, -9999, -9999, -9999, -9999, -9999, -9999, -9999, -9999, -9999, -9999, -9999, -9999, 84, -9999, -9999, -9999, -9999, -9999, -9999, -9999],
[-9999, -9999, 14, -9999, -9999, -9999, 10, 36, 1, -9999, 13, 51, -9999, -9999, -9999, 34, 95, 49, -9999, 90, -9999, 44, 85, -9999, -9999, -9999, -9999, 8, -9999, -9999, 95, 26, -9999, -9999, 31, -9999, 74, 27, 90, -9999, -9999, -9999, -9999, 68, 33, 63, -9999, -9999, 100, 16, 56, 10, 25, -9999, -9999, -9999, 44, -9999, -9999, 6, -9999, 66, -9999, -9999, 60, -9999, -9999, -9999, 55, -9999, 15, 34, -9999, -9999, -9999, 58, 96, -9999, -9999, -9999, 42, 64, -9999, -9999, -9999, 75, 86, -9999, 93, 54, -9999, -9999, -9999, -9999, -9999, 23, -9999, 55, -9999, 64],
[-9999, -9999, -9999, -9999, -9999, -9999, -9999, -9999, -9999, -9999, 94, -9999, -9999, -9999, -9999, 28, -9999, -9999, -9999, -9999, -9999, -9999, -9999, -9999, -9999, -9999, -9999, -9999, -9999, -9999, -9999, -9999, -9999, -9999, -9999, -9999, -9999, -9999, 29, -9999, -9999, -9999, -9999, -9999, -9999, -9999, 40, -9999, -9999, -9999, 99, -9999, -9999, -9999, -9999, -9999, -9999, -9999, -9999, -9999, -9999, -9999, -9999, -9999, -9999, -9999, -9999, -9999, -9999, 16, -9999, -9999, -9999, -9999, -9999, 65, -9999, -9999, -9999, -9999, -9999, 91, -9999, -9999, -9999, -9999, -9999, -9999, -9999, -9999, -9999, -9999, -9999, -9999, -9999, -9999, -9999, -9999, -9999, -9999],
[-9999, -9999, -9999, -9999, -9999, 63, -9999, -9999, -9999, -9999, -9999, -9999, -9999, -9999, -9999, -9999, -9999, -9999, -9999, -9999, -9999, -9999, -9999, -9999, -9999, 31, -9999, -9999, -9999, -9999, -9999, -9999, -9999, -9999, -9999, -9999, -9999, -9999, 90, -9999, -9999, -9999, 85, -9999, -9999, -9999, -9999, -9999, -9999, -9999, -9999, 74, -9999, 1, -9999, -9999, 18, -9999, -9999, -9999, -9999, -9999, -9999, 1, -9999, -9999, -9999, -9999, -9999, -9999, -9999, 63, -9999, -9999, -9999, -9999, -9999, -9999, -9999, 69, -9999, -9999, -9999, -9999, -9999, -9999, -9999, 35, -9999, -9999, -9999, -9999, 10, -9999, -9999, -9999, -9999, -9999, -9999, -9999],
[-9999, -9999, 79, 45, 63, 37, 60, 6, 63, -9999, 73, 7, 13, 87, -9999, 10, 79, 97, -9999, 63, 10, -9999, -9999, 72, 70, -9999, -9999, 68, -9999, -9999, -9999, 90, 21, -9999, 22, -9999, 89, 59, 56, -9999, -9999, 99, -9999, -9999, -9999, -9999, 77, 28, 59, 38, 81, 64, 75, -9999, -9999, -9999, 59, -9999, -9999, 96, -9999, 55, -9999, 58, 16, 75, -9999, -9999, 45, -9999, -9999, 70, -9999, -9999, -9999, 95, 36, -9999, 47, 92, 42, -9999, 93, -9999, 45, -9999, 9, 99, 40, -9999, -9999, -9999, 57, 79, -9999, 63, 99, 80, -9999, -9999],
[-9999, -9999, -9999, -9999, -9999, -9999, -9999, -9999, -9999, -9999, -9999, -9999, -9999, -9999, -9999, -9999, -9999, -9999, -9999, -9999, -9999, -9999, -9999, -9999, -9999, 44, -9999, -9999, -9999, -9999, -9999, -9999, -9999, -9999, -9999, -9999, -9999, -9999, 82, -9999, -9999, -9999, 10, 31, -9999, -9999, -9999, -9999, -9999, -9999, -9999, -9999, -9999, 89, -9999, -9999, 5, -9999, -9999, -9999, -9999, -9999, -9999, 23, -9999, 88, -9999, -9999, -9999, -9999, -9999, 36, -9999, -9999, -9999, -9999, -9999, -9999, -9999, -9999, -9999, -9999, -9999, -9999, -9999, -9999, -9999, -9999, -9999, -9999, -9999, -9999, 74, -9999, -9999, -9999, -9999, -9999, -9999, -9999],
[-9999, -9999, -9999, -9999, -9999, -9999, -9999, -9999, -9999, -9999, 5, -9999, -9999, -9999, -9999, -9999, -9999, -9999, -9999, 80, -9999, -9999, -9999, -9999, -9999, -9999, -9999, -9999, -9999, -9999, -9999, -9999, -9999, 42, -9999, -9999, -9999, -9999, 76, -9999, -9999, -9999, -9999, -9999, -9999, -9999, -9999, -9999, -9999, -9999, 64, -9999, -9999, -9999, -9999, -9999, -9999, -9999, -9999, -9999, -9999, -9999, -9999, -9999, -9999, -9999, -9999, -9999, -9999, -9999, -9999, -9999, -9999, -9999, -9999, 79, -9999, -9999, 59, -9999, -9999, 94, 50, -9999, -9999, -9999, -9999, -9999, -9999, -9999, -9999, -9999, -9999, -9999, -9999, -9999, -9999, -9999, -9999, -9999],
[-9999, 33, 40, 72, -9999, 55, 71, -9999, 79, -9999, 41, -9999, 10, 95, -9999, 31, 68, 99, -9999, 98, -9999, 13, 44, -9999, -9999, 62, -9999, -9999, -9999, -9999, 89, 56, 91, 37, 53, 29, -9999, -9999, 100, 35, -9999, 1, 9, 16, -9999, -9999, 18, -9999, 58, 38, 84, -9999, 32, 64, 28, -9999, 35, 7, 9, 19, -9999, -9999, -9999, -9999, 82, -9999, -9999, 87, 35, -9999, 40, 74, -9999, -9999, -9999, 74, -9999, -9999, 16, 44, 91, 77, 82, 77, 75, 70, 34, -9999, -9999, 54, -9999, 59, 1, 8, 4, 41, 6, -9999, -9999, 83],
[-9999, 28, 94, 14, 83, 55, 56, -9999, 22, 84, 94, 13, 88, 48, -9999, -9999, 77, 52, 47, 72, 82, -9999, 90, -9999, 15, -9999, -9999, 71, -9999, -9999, 43, 85, -9999, -9999, 23, -9999, -9999, -9999, 44, -9999, -9999, -9999, 47, 25, -9999, 43, 51, 86, 28, 12, 92, -9999, 46, 6, 83, -9999, 59, 25, -9999, -9999, -9999, -9999, 61, -9999, 90, -9999, -9999, 3, -9999, -9999, -9999, -9999, -9999, -9999, 87, 67, -9999, 10, -9999, -9999, 91, -9999, -9999, 80, 87, -9999, 25, 33, 50, -9999, -9999, -9999, -9999, 83, 67, 15, 1, 78, -9999, 94],
[-9999, -9999, 39, 99, -9999, 60, -9999, 97, -9999, 60, 35, -9999, -9999, -9999, -9999, -9999, 56, 12, -9999, 96, -9999, 59, 79, -9999, 31, 99, -9999, 4, -9999, -9999, -9999, 31, -9999, 81, -9999, -9999, 57, 34, 39, -9999, -9999, -9999, 18, 45, 59, 44, 34, 71, 41, 14, 37, 77, 50, -9999, -9999, -9999, 50, -9999, 43, -9999, -9999, 54, -9999, -9999, 71, 33, -9999, -9999, 79, -9999, 22, -9999, -9999, -9999, 20, -9999, 61, -9999, -9999, -9999, -9999, 11, 10, -9999, -9999, 81, 60, 94, -9999, 48, -9999, -9999, 64, 26, -9999, 22, -9999, 68, -9999, 87],
[-9999, -9999, 91, 55, -9999, 78, 14, -9999, -9999, 30, -9999, 72, -9999, 35, -9999, 99, 71, 49, -9999, -9999, 81, -9999, 94, 99, -9999, -9999, -9999, -9999, -9999, 78, 91, 27, -9999, 97, 61, -9999, -9999, 44, 81, -9999, -9999, -9999, -9999, 94, -9999, -9999, -9999, 18, 98, 70, -9999, -9999, 96, 100, -9999, -9999, 14, 12, -9999, -9999, -9999, -9999, -9999, -9999, 12, 22, -9999, -9999, -9999, -9999, 56, -9999, -9999, -9999, 55, 100, -9999, -9999, 1, -9999, 76, -9999, 71, -9999, 3, 17, 9, -9999, -9999, 21, -9999, -9999, 23, 11, -9999, 7, 35, -9999, -9999, 71],
[-9999, -9999, -9999, -9999, -9999, -9999, -9999, -9999, -9999, -9999, -9999, -9999, -9999, -9999, -9999, -9999, -9999, -9999, -9999, -9999, -9999, -9999, 42, -9999, -9999, 73, -9999, -9999, -9999, -9999, -9999, -9999, -9999, -9999, -9999, -9999, -9999, -9999, 98, -9999, -9999, -9999, 30, -9999, -9999, -9999, -9999, -9999, -9999, -9999, -9999, 53, -9999, -9999, -9999, -9999, 10, -9999, -9999, -9999, -9999, -9999, -9999, -9999, -9999, -9999, -9999, -9999, -9999, -9999, -9999, 57, -9999, -9999, -9999, -9999, -9999, -9999, -9999, -9999, -9999, -9999, -9999, -9999, -9999, -9999, -9999, 59, -9999, -9999, -9999, -9999, 87, -9999, -9999, -9999, -9999, -9999, -9999, -9999],
[-9999, -9999, -9999, -9999, -9999, 69, -9999, -9999, -9999, -9999, -9999, -9999, -9999, -9999, -9999, -9999, -9999, -9999, -9999, -9999, -9999, -9999, -9999, -9999, -9999, 84, -9999, -9999, -9999, -9999, -9999, -9999, -9999, -9999, -9999, -9999, -9999, -9999, 97, -9999, -9999, -9999, 49, -9999, -9999, -9999, -9999, -9999, -9999, -9999, -9999, 91, -9999, 32, -9999, -9999, 68, -9999, -9999, -9999, -9999, -9999, -9999, -9999, -9999, -9999, -9999, -9999, -9999, -9999, -9999, 70, -9999, 87, -9999, -9999, -9999, -9999, -9999, 47, -9999, -9999, -9999, -9999, -9999, -9999, -9999, 99, -9999, -9999, -9999, -9999, 88, -9999, -9999, -9999, -9999, -9999, -9999, -9999],
[-9999, -9999, 97, 73, 51, -9999, 35, 71, -9999, -9999, -9999, -9999, 55, -9999, -9999, 41, 42, 8, -9999, 96, 98, 68, 5, -9999, -9999, -9999, -9999, -9999, -9999, -9999, -9999, 48, 70, 49, 30, -9999, 63, 7, 66, -9999, -9999, 21, -9999, 73, -9999, -9999, 67, 74, 38, 4, 11, 15, 100, 50, -9999, -9999, 61, 63, 13, -9999, -9999, -9999, -9999, -9999, 81, 17, -9999, -9999, -9999, -9999, 4, -9999, -9999, -9999, 87, 49, 63, -9999, -9999, -9999, 16, 82, -9999, -9999, 22, 63, 74, -9999, -9999, 55, -9999, -9999, 67, -9999, -9999, 51, 7, 36, -9999, 67],
[-9999, -9999, -9999, -9999, -9999, -9999, -9999, -9999, -9999, -9999, 50, -9999, -9999, -9999, -9999, -9999, -9999, -9999, -9999, 1, -9999, -9999, -9999, -9999, -9999, -9999, -9999, -9999, -9999, -9999, -9999, -9999, -9999, -9999, -9999, -9999, -9999, -9999, 4, -9999, -9999, -9999, -9999, -9999, -9999, -9999, -9999, -9999, -9999, -9999, 7, -9999, -9999, -9999, -9999, -9999, -9999, -9999, -9999, -9999, -9999, -9999, -9999, -9999, -9999, -9999, -9999, -9999, -9999, -9999, -9999, -9999, -9999, -9999, -9999, 96, -9999, -9999, -9999, -9999, -9999, -9999, -9999, -9999, -9999, -9999, -9999, -9999, -9999, -9999, -9999, -9999, -9999, -9999, -9999, -9999, -9999, -9999, -9999, -9999],
[-9999, -9999, -9999, -9999, -9999, 17, -9999, -9999, -9999, -9999, -9999, -9999, -9999, -9999, -9999, -9999, -9999, -9999, -9999, -9999, -9999, -9999, -9999, -9999, -9999, -9999, -9999, -9999, -9999, 45, -9999, -9999, -9999, -9999, -9999, -9999, -9999, -9999, 41, -9999, -9999, -9999, -9999, -9999, -9999, -9999, -9999, -9999, -9999, -9999, -9999, -9999, -9999, 55, -9999, -9999, 67, -9999, -9999, -9999, -9999, -9999, -9999, -9999, -9999, -9999, -9999, -9999, -9999, -9999, -9999, -9999, -9999, -9999, -9999, -9999, -9999, -9999, -9999, -9999, -9999, -9999, -9999, -9999, -9999, -9999, -9999, -9999, -9999, -9999, -9999, -9999, 45, -9999, -9999, -9999, -9999, -9999, -9999, -9999],
[-9999, -9999, -9999, -9999, -9999, 17, -9999, -9999, -9999, -9999, -9999, -9999, -9999, -9999, -9999, -9999, -9999, -9999, -9999, -9999, -9999, -9999, 41, -9999, -9999, 98, -9999, -9999, -9999, -9999, -9999, -9999, -9999, -9999, -9999, -9999, -9999, -9999, 97, -9999, -9999, -9999, 82, -9999, -9999, -9999, -9999, -9999, -9999, -9999, -9999, 9, -9999, 12, -9999, -9999, 41, -9999, -9999, -9999, -9999, -9999, -9999, -9999, -9999, 88, -9999, -9999, -9999, -9999, -9999, -9999, -9999, -9999, -9999, -9999, -9999, -9999, -9999, -9999, -9999, -9999, -9999, -9999, -9999, -9999, -9999, 27, -9999, -9999, -9999, -9999, -9999, -9999, -9999, -9999, -9999, -9999, -9999, -9999],
[-9999, -9999, 42, 99, 4, 76, 75, 89, 92, 75, 82, 91, 71, 40, -9999, 17, 8, 58, -9999, 59, 27, 61, 93, 89, -9999, 24, -9999, 98, -9999, -9999, 9, -9999, 37, 49, -9999, -9999, 89, -9999, 90, -9999, -9999, 16, 87, -9999, -9999, 54, -9999, 90, 23, 59, 37, -9999, 36, 25, -9999, -9999, 36, 51, 26, -9999, -9999, -9999, -9999, -9999, 55, 39, -9999, -9999, 44, -9999, -9999, 75, -9999, -9999, 82, 58, 44, -9999, 10, 50, 50, 49, 93, -9999, -9999, 90, 79, 60, 50, -9999, -9999, -9999, 48, -9999, -9999, -9999, -9999, 94, -9999, 77],
[-9999, -9999, -9999, -9999, -9999, -9999, -9999, -9999, -9999, -9999, -9999, -9999, -9999, -9999, -9999, -9999, -9999, -9999, -9999, -9999, -9999, -9999, 94, -9999, -9999, -9999, -9999, -9999, -9999, -9999, -9999, -9999, -9999, -9999, -9999, -9999, -9999, -9999, 29, -9999, -9999, -9999, -9999, 7, -9999, -9999, -9999, -9999, -9999, -9999, -9999, 95, -9999, 20, -9999, -9999, 6, -9999, -9999, -9999, -9999, -9999, -9999, -9999, -9999, -9999, -9999, -9999, -9999, -9999, -9999, 16, -9999, -9999, -9999, -9999, -9999, -9999, -9999, 67, -9999, -9999, -9999, -9999, -9999, -9999, -9999, -9999, -9999, -9999, -9999, -9999, -9999, -9999, -9999, -9999, -9999, -9999, -9999, -9999],
[-9999, -9999, -9999, -9999, -9999, 93, -9999, -9999, -9999, -9999, -9999, -9999, -9999, -9999, -9999, -9999, -9999, -9999, -9999, -9999, -9999, -9999, 8, -9999, -9999, 55, -9999, -9999, -9999, -9999, -9999, -9999, -9999, -9999, -9999, -9999, -9999, -9999, 81, -9999, -9999, -9999, 15, 65, -9999, -9999, -9999, -9999, -9999, -9999, -9999, 27, -9999, 94, -9999, -9999, 3, -9999, -9999, -9999, -9999, -9999, -9999, 12, -9999, 33, -9999, -9999, -9999, -9999, -9999, -9999, -9999, -9999, -9999, -9999, -9999, -9999, -9999, -9999, -9999, -9999, -9999, -9999, -9999, -9999, -9999, 88, -9999, -9999, -9999, -9999, -9999, -9999, -9999, -9999, -9999, -9999, -9999, -9999],
[-9999, -9999, -9999, 67, 85, 79, 56, 72, 49, 41, -9999, -9999, 32, -9999, -9999, 8, -9999, 31, -9999, 20, -9999, -9999, -9999, -9999, -9999, 92, -9999, 17, -9999, -9999, -9999, 30, 20, -9999, 88, 36, 23, -9999, 18, -9999, -9999, 28, 16, 38, -9999, -9999, -9999, -9999, 46, 2, 46, -9999, 84, 40, -9999, -9999, 17, 72, 55, -9999, -9999, -9999, -9999, -9999, 27, -9999, -9999, -9999, 3, -9999, -9999, 19, 67, -9999, -9999, -9999, -9999, -9999, -9999, 64, 78, 14, 92, -9999, 96, 52, 21, -9999, 75, 79, -9999, -9999, -9999, 53, -9999, 93, -9999, 57, -9999, -9999],
[-9999, -9999, 86, 88, 7, 14, -9999, 80, -9999, 91, -9999, 3, 15, -9999, -9999, 26, -9999, 22, -9999, 93, 25, -9999, 56, -9999, 72, 72, -9999, -9999, -9999, -9999, 9, 92, -9999, 43, 74, -9999, 21, 37, -9999, -9999, -9999, 22, -9999, 19, -9999, -9999, -9999, 50, 32, 62, 58, -9999, 76, 1, -9999, -9999, 44, 81, 34, 8, -9999, -9999, -9999, -9999, 37, 9, -9999, -9999, 25, -9999, 89, 64, -9999, -9999, 29, 30, 98, -9999, -9999, -9999, 80, 36, -9999, -9999, -9999, -9999, 69, 33, -9999, -9999, -9999, -9999, 57, 48, -9999, -9999, 11, 87, -9999, 10],
[-9999, -9999, -9999, 40, 63, -9999, 63, 18, -9999, 98, -9999, 24, 12, 93, -9999, 15, 84, 100, -9999, 90, 59, -9999, -9999, -9999, 99, 52, -9999, 93, -9999, -9999, 88, -9999, 44, 74, -9999, -9999, -9999, -9999, 46, -9999, -9999, 37, 79, -9999, -9999, -9999, -9999, 55, 99, 47, 25, 23, -9999, -9999, -9999, -9999, 68, 60, 5, 6, -9999, -9999, -9999, 48, 83, 35, -9999, -9999, 92, -9999, -9999, 47, -9999, -9999, 38, 56, -9999, -9999, 28, 32, -9999, 84, 37, -9999, 95, 35, 31, -9999, 53, -9999, -9999, -9999, -9999, 61, -9999, 26, -9999, 54, -9999, 81],
[-9999, -9999, -9999, -9999, -9999, 42, -9999, -9999, -9999, -9999, -9999, -9999, -9999, -9999, -9999, -9999, -9999, -9999, -9999, -9999, -9999, -9999, -9999, -9999, -9999, -9999, -9999, -9999, -9999, -9999, -9999, -9999, -9999, -9999, -9999, -9999, -9999, -9999, 53, -9999, -9999, -9999, 88, 21, -9999, -9999, -9999, -9999, -9999, -9999, -9999, 43, -9999, 97, -9999, -9999, 40, -9999, -9999, -9999, -9999, -9999, -9999, -9999, -9999, 65, -9999, -9999, -9999, -9999, -9999, -9999, -9999, -9999, -9999, -9999, -9999, -9999, -9999, -9999, -9999, -9999, -9999, -9999, -9999, -9999, -9999, 92, -9999, -9999, -9999, -9999, 93, -9999, -9999, -9999, -9999, -9999, -9999, -9999],
[-9999, -9999, 32, 26, -9999, -9999, 100, -9999, 43, -9999, -9999, 53, -9999, 41, -9999, -9999, 66, 29, -9999, -9999, 14, -9999, 66, 97, 97, -9999, -9999, -9999, -9999, -9999, 49, 84, -9999, -9999, -9999, 81, 91, 71, 19, -9999, -9999, -9999, -9999, -9999, 71, -9999, -9999, -9999, 47, 67, 18, 5, -9999, 25, -9999, 1, 52, 96, 42, 4, -9999, -9999, -9999, -9999, 18, 59, -9999, -9999, 26, -9999, -9999, -9999, -9999, -9999, 10, -9999, 66, -9999, 65, 29, -9999, -9999, 70, -9999, 13, -9999, 85, -9999, -9999, 52, -9999, -9999, 76, -9999, -9999, -9999, 97, -9999, -9999, 90],
[-9999, -9999, -9999, -9999, -9999, -9999, -9999, -9999, -9999, -9999, -9999, -9999, -9999, -9999, -9999, -9999, -9999, -9999, -9999, -9999, -9999, -9999, -9999, -9999, -9999, -9999, -9999, -9999, -9999, -9999, -9999, -9999, -9999, -9999, -9999, -9999, -9999, -9999, 51, -9999, -9999, -9999, -9999, -9999, -9999, -9999, -9999, -9999, -9999, -9999, 95, -9999, -9999, -9999, -9999, -9999, -9999, -9999, -9999, -9999, -9999, -9999, -9999, -9999, -9999, -9999, -9999, -9999, -9999, -9999, -9999, -9999, -9999, -9999, -9999, 65, -9999, 59, 96, -9999, -9999, 80, 61, -9999, -9999, -9999, -9999, -9999, -9999, -9999, 57, -9999, -9999, -9999, -9999, -9999, 24, -9999, -9999, -9999],
[-9999, -9999, -9999, -9999, -9999, 18, -9999, -9999, -9999, -9999, -9999, -9999, -9999, -9999, -9999, -9999, -9999, -9999, -9999, -9999, -9999, -9999, -9999, -9999, -9999, -9999, -9999, -9999, -9999, -9999, -9999, -9999, -9999, -9999, -9999, -9999, -9999, -9999, 26, -9999, -9999, -9999, 45, -9999, -9999, -9999, -9999, -9999, -9999, -9999, -9999, -9999, -9999, 19, -9999, -9999, 53, -9999, -9999, -9999, 85, -9999, -9999, -9999, -9999, 91, -9999, -9999, -9999, -9999, -9999, -9999, -9999, -9999, -9999, -9999, -9999, -9999, -9999, 27, -9999, -9999, -9999, -9999, -9999, -9999, -9999, 94, -9999, -9999, -9999, -9999, -9999, -9999, -9999, -9999, -9999, -9999, -9999, -9999],
[-9999, -9999, 81, 87, -9999, -9999, 16, -9999, -9999, -9999, -9999, -9999, 60, -9999, -9999, 99, -9999, 9, -9999, -9999, 55, 50, 27, 27, -9999, 87, -9999, 30, -9999, -9999, 14, 83, 70, 98, -9999, -9999, 32, -9999, 68, -9999, -9999, -9999, -9999, 54, -9999, 67, -9999, 69, 57, 81, 97, 3, -9999, -9999, -9999, -9999, 7, 64, 74, -9999, -9999, -9999, -9999, -9999, -9999, -9999, -9999, -9999, -9999, -9999, 62, -9999, 70, -9999, 93, 14, -9999, -9999, 7, 8, -9999, 54, -9999, -9999, -9999, 59, 38, 34, -9999, 36, -9999, -9999, 4, 23, -9999, -9999, -9999, 100, 92, 1],
[-9999, -9999, 33, 89, -9999, 79, 44, 5, 14, -9999, 61, 50, 66, 25, -9999, 66, -9999, 95, 27, -9999, 50, 7, -9999, -9999, 87, 78, 25, 21, -9999, -9999, 47, 81, 86, -9999, 24, -9999, -9999, 100, 46, -9999, -9999, 70, -9999, -9999, 29, -9999, -9999, 1, 24, 94, 56, 86, 41, -9999, 9, -9999, 17, 44, 23, 34, 59, -9999, -9999, -9999, 12, -9999, -9999, 31, 69, -9999, -9999, -9999, -9999, 54, 70, 33, -9999, 26, -9999, -9999, -9999, -9999, 56, 23, -9999, -9999, 96, 53, 89, -9999, -9999, -9999, 6, -9999, 47, 92, 91, -9999, 43, 54],
[-9999, -9999, -9999, -9999, -9999, 27, -9999, -9999, -9999, -9999, -9999, -9999, -9999, -9999, -9999, -9999, -9999, -9999, 53, -9999, -9999, -9999, 54, -9999, -9999, 53, -9999, -9999, -9999, -9999, -9999, -9999, -9999, -9999, -9999, -9999, -9999, -9999, 95, -9999, -9999, -9999, -9999, -9999, -9999, -9999, -9999, -9999, -9999, -9999, -9999, 24, -9999, 62, -9999, -9999, 12, -9999, -9999, -9999, -9999, -9999, -9999, -9999, -9999, -9999, -9999, -9999, -9999, -9999, -9999, -9999, -9999, -9999, -9999, -9999, -9999, 15, -9999, -9999, -9999, -9999, -9999, -9999, -9999, -9999, -9999, -9999, -9999, -9999, -9999, -9999, -9999, -9999, -9999, -9999, -9999, -9999, -9999, -9999],
[-9999, -9999, 3, 6, -9999, -9999, -9999, -9999, -9999, 70, -9999, 77, 11, 87, -9999, -9999, -9999, 49, -9999, -9999, 41, 23, -9999, -9999, -9999, 54, -9999, -9999, -9999, -9999, 87, 83, 22, 10, 37, -9999, 43, -9999, 20, -9999, -9999, 48, 3, 11, -9999, 4, -9999, -9999, 27, 35, 72, 41, -9999, -9999, -9999, -9999, 25, 95, -9999, -9999, -9999, 81, -9999, 15, 13, 17, -9999, -9999, 76, 10, 51, 11, -9999, -9999, -9999, 27, -9999, -9999, 30, 80, -9999, 43, 93, -9999, 29, 75, 44, 7, 16, -9999, -9999, -9999, -9999, 95, -9999, -9999, 66, 1, -9999, -9999],
[-9999, -9999, -9999, -9999, -9999, -9999, -9999, -9999, -9999, -9999, -9999, -9999, -9999, -9999, -9999, -9999, -9999, -9999, -9999, 50, -9999, -9999, -9999, -9999, -9999, -9999, -9999, -9999, -9999, -9999, -9999, -9999, -9999, 84, -9999, -9999, -9999, -9999, 22, -9999, -9999, -9999, -9999, -9999, -9999, -9999, -9999, -9999, -9999, -9999, 8, -9999, -9999, -9999, -9999, -9999, -9999, -9999, -9999, -9999, -9999, -9999, -9999, -9999, -9999, -9999, -9999, -9999, -9999, -9999, -9999, -9999, -9999, -9999, -9999, -9999, -9999, -9999, 53, -9999, -9999, -9999, 32, -9999, -9999, -9999, -9999, -9999, -9999, -9999, -9999, -9999, -9999, -9999, -9999, -9999, -9999, -9999, -9999, -9999],
[-9999, -9999, -9999, -9999, -9999, -9999, -9999, -9999, -9999, -9999, 87, -9999, -9999, -9999, -9999, -9999, -9999, -9999, -9999, 39, -9999, -9999, -9999, -9999, -9999, -9999, -9999, -9999, -9999, -9999, -9999, -9999, -9999, 29, -9999, -9999, -9999, -9999, 58, -9999, -9999, -9999, -9999, -9999, -9999, -9999, 72, -9999, -9999, -9999, 57, -9999, -9999, -9999, -9999, -9999, -9999, -9999, -9999, -9999, -9999, -9999, -9999, -9999, -9999, -9999, -9999, -9999, -9999, -9999, -9999, -9999, -9999, -9999, -9999, -9999, -9999, -9999, 70, -9999, -9999, -9999, -9999, -9999, -9999, -9999, -9999, -9999, -9999, -9999, -9999, -9999, -9999, -9999, -9999, -9999, 99, -9999, -9999, -9999],
[-9999, -9999, -9999, -9999, -9999, 51, -9999, -9999, -9999, -9999, -9999, -9999, -9999, -9999, -9999, -9999, -9999, -9999, -9999, -9999, -9999, -9999, 59, -9999, -9999, -9999, -9999, -9999, -9999, 44, -9999, -9999, -9999, -9999, -9999, -9999, -9999, -9999, 69, -9999, -9999, -9999, -9999, 20, -9999, -9999, -9999, -9999, -9999, -9999, -9999, -9999, -9999, -9999, -9999, -9999, 18, -9999, -9999, -9999, -9999, -9999, -9999, -9999, -9999, -9999, -9999, -9999, -9999, -9999, -9999, 89, -9999, -9999, -9999, -9999, -9999, -9999, -9999, 92, -9999, -9999, -9999, -9999, -9999, -9999, -9999, 72, -9999, -9999, -9999, -9999, 59, -9999, -9999, -9999, -9999, -9999, -9999, -9999],
[-9999, -9999, -9999, -9999, -9999, -9999, -9999, -9999, -9999, -9999, -9999, -9999, -9999, -9999, -9999, -9999, -9999, -9999, -9999, -9999, -9999, -9999, -9999, -9999, -9999, -9999, -9999, -9999, -9999, -9999, -9999, -9999, -9999, -9999, -9999, -9999, -9999, -9999, 55, -9999, -9999, -9999, 30, 8, -9999, -9999, -9999, -9999, -9999, -9999, -9999, -9999, -9999, 26, -9999, -9999, 94, -9999, -9999, -9999, -9999, -9999, -9999, -9999, -9999, -9999, -9999, -9999, -9999, -9999, -9999, 92, -9999, -9999, -9999, -9999, -9999, -9999, -9999, 19, -9999, -9999, -9999, -9999, -9999, -9999, -9999, 65, -9999, -9999, -9999, -9999, 66, -9999, -9999, -9999, -9999, -9999, -9999, -9999],
[-9999, -9999, -9999, -9999, -9999, 49, -9999, -9999, -9999, -9999, -9999, -9999, -9999, -9999, -9999, -9999, -9999, -9999, -9999, -9999, -9999, -9999, 99, -9999, -9999, 45, -9999, -9999, -9999, -9999, -9999, -9999, -9999, -9999, -9999, -9999, -9999, -9999, 36, -9999, -9999, -9999, 61, -9999, -9999, -9999, -9999, -9999, -9999, -9999, -9999, 36, -9999, -9999, -9999, -9999, 49, -9999, -9999, -9999, -9999, -9999, -9999, 53, -9999, 33, -9999, -9999, -9999, -9999, -9999, 4, -9999, -9999, -9999, -9999, -9999, -9999, -9999, 15, -9999, -9999, -9999, -9999, -9999, -9999, -9999, -9999, -9999, -9999, -9999, -9999, -9999, -9999, -9999, -9999, -9999, -9999, -9999, -9999],
[-9999, -9999, 63, 70, 68, 12, -9999, -9999, 2, -9999, 86, -9999, 28, 62, -9999, 41, 63, 62, -9999, 77, 65, 72, 86, -9999, -9999, 87, -9999, 47, -9999, 72, -9999, 27, 67, 20, 17, -9999, 30, 39, 73, -9999, -9999, -9999, -9999, 77, -9999, 81, 56, 48, 55, 95, 10, -9999, -9999, -9999, -9999, 43, 28, 27, 16, 61, 81, -9999, -9999, -9999, 25, 34, -9999, -9999, -9999, -9999, 81, 19, -9999, -9999, 49, -9999, 14, -9999, -9999, -9999, 22, -9999, 15, -9999, 35, 49, 28, -9999, -9999, 37, -9999, -9999, -9999, 79, -9999, 97, -9999, 79, -9999, -9999],
[-9999, -9999, -9999, -9999, -9999, 13, -9999, -9999, -9999, -9999, -9999, -9999, -9999, -9999, -9999, -9999, -9999, -9999, -9999, -9999, -9999, -9999, 89, -9999, -9999, -9999, -9999, -9999, -9999, -9999, -9999, -9999, -9999, -9999, -9999, -9999, -9999, -9999, 91, -9999, -9999, -9999, -9999, 36, -9999, -9999, -9999, -9999, -9999, -9999, -9999, 29, -9999, -9999, -9999, -9999, 70, -9999, -9999, -9999, -9999, -9999, -9999, -9999, -9999, 66, -9999, -9999, -9999, -9999, -9999, -9999, -9999, 51, -9999, -9999, -9999, -9999, -9999, 12, -9999, -9999, -9999, -9999, -9999, -9999, -9999, -9999, -9999, -9999, -9999, -9999, 32, -9999, -9999, -9999, -9999, -9999, -9999, -9999],
[-9999, -9999, 85, 61, 26, -9999, 63, -9999, 80, -9999, 37, 2, 68, 87, -9999, 40, 86, 1, -9999, 87, -9999, -9999, 4, -9999, -9999, 50, -9999, 17, -9999, -9999, 63, -9999, 23, -9999, -9999, -9999, 3, 62, 13, -9999, -9999, 41, -9999, 41, -9999, 14, 13, 29, 44, 56, 90, -9999, 10, 37, -9999, -9999, 49, -9999, -9999, -9999, -9999, -9999, -9999, -9999, 18, 87, -9999, -9999, -9999, -9999, -9999, 49, -9999, -9999, -9999, -9999, -9999, -9999, 21, 98, -9999, 90, 4, -9999, 28, -9999, 20, 96, -9999, -9999, -9999, -9999, 92, 36, -9999, -9999, -9999, -9999, 74, 38],
[-9999, -9999, 83, 93, 38, -9999, 78, 39, 70, 74, 26, 8, -9999, 79, -9999, -9999, -9999, 30, -9999, -9999, -9999, -9999, 91, -9999, 75, -9999, 10, 100, -9999, -9999, -9999, -9999, 33, -9999, 74, -9999, -9999, 64, 73, 67, -9999, 69, 37, -9999, -9999, -9999, 50, 24, 62, 90, 2, 72, 6, 100, 49, -9999, -9999, 22, 24, -9999, -9999, 50, -9999, -9999, 44, 68, 65, -9999, 32, -9999, 60, -9999, -9999, -9999, -9999, -9999, -9999, -9999, 76, 69, 29, 87, -9999, 54, -9999, 46, 14, 47, -9999, -9999, 62, -9999, 39, -9999, -9999, 65, 95, 98, -9999, -9999],
[-9999, -9999, -9999, -9999, -9999, 50, -9999, -9999, -9999, -9999, -9999, -9999, -9999, -9999, -9999, -9999, -9999, -9999, -9999, -9999, -9999, -9999, 54, -9999, -9999, -9999, -9999, -9999, -9999, -9999, -9999, -9999, -9999, -9999, -9999, -9999, -9999, -9999, 69, -9999, -9999, -9999, -9999, -9999, -9999, -9999, -9999, -9999, -9999, -9999, -9999, -9999, -9999, 45, -9999, -9999, 95, -9999, -9999, -9999, -9999, -9999, -9999, -9999, -9999, -9999, -9999, -9999, -9999, -9999, -9999, 65, -9999, -9999, -9999, -9999, -9999, -9999, -9999, -9999, -9999, -9999, -9999, -9999, -9999, -9999, -9999, 64, -9999, -9999, -9999, -9999, 9, -9999, -9999, -9999, -9999, -9999, -9999, -9999],
[-9999, -9999, 98, 10, 80, -9999, -9999, -9999, 77, 76, 72, 41, 40, 84, -9999, 31, 16, 26, -9999, -9999, 71, 38, 96, -9999, -9999, 95, -9999, 37, -9999, -9999, 50, 79, 13, 18, -9999, -9999, 65, -9999, 82, -9999, -9999, 49, -9999, -9999, 39, -9999, 84, 79, 71, 59, 12, 31, -9999, 32, -9999, -9999, 89, 29, -9999, -9999, -9999, -9999, -9999, -9999, 35, 49, -9999, -9999, 90, -9999, 44, -9999, -9999, -9999, 63, 7, 49, -9999, 74, 21, 83, 16, 18, -9999, 44, 18, 34, -9999, -9999, 97, -9999, -9999, -9999, 45, -9999, -9999, -9999, 89, -9999, 52],
[-9999, -9999, 4, 39, -9999, -9999, 85, 99, -9999, 60, 30, 66, -9999, -9999, -9999, -9999, 94, 17, -9999, 60, -9999, 14, -9999, 66, 92, 63, -9999, -9999, -9999, 13, -9999, 80, -9999, 27, 35, -9999, 9, 4, 34, -9999, -9999, 18, -9999, 84, 38, -9999, 46, 80, 36, 38, 88, -9999, 82, 18, -9999, -9999, 83, -9999, 17, -9999, -9999, -9999, -9999, -9999, 39, -9999, -9999, -9999, 72, -9999, -9999, -9999, -9999, -9999, -9999, -9999, 33, -9999, 60, -9999, 66, -9999, 16, -9999, 23, -9999, 44, 18, 74, 56, -9999, -9999, 79, 56, -9999, 22, -9999, 80, -9999, 8],
[-9999, -9999, 99, 63, 77, 87, 23, 3, -9999, -9999, 81, -9999, 63, 21, -9999, 30, 2, 68, -9999, -9999, 78, -9999, 22, 78, -9999, 86, -9999, -9999, -9999, -9999, 41, 39, -9999, -9999, 27, -9999, 49, 25, 18, -9999, -9999, 82, 92, -9999, 65, 23, -9999, -9999, 14, 48, 67, 76, -9999, -9999, -9999, -9999, 81, 75, 51, 50, -9999, -9999, -9999, -9999, 69, 66, 93, -9999, -9999, -9999, 26, -9999, -9999, -9999, -9999, -9999, 98, -9999, 16, 28, -9999, -9999, 38, -9999, -9999, 65, 33, -9999, 90, -9999, -9999, -9999, 44, 48, -9999, 18, 62, 100, -9999, -9999],
[-9999, -9999, 50, 52, 78, 17, -9999, 62, 26, 34, 63, -9999, -9999, 84, -9999, -9999, -9999, 14, -9999, 21, -9999, -9999, 24, -9999, -9999, -9999, -9999, -9999, -9999, -9999, 20, -9999, -9999, 99, 74, -9999, 43, 46, 79, -9999, -9999, -9999, -9999, -9999, 22, 55, 30, -9999, 19, 50, 91, 100, -9999, 91, -9999, -9999, 65, 13, 10, -9999, -9999, -9999, -9999, -9999, 36, 58, -9999, -9999, 6, -9999, 46, -9999, -9999, -9999, -9999, -9999, -9999, -9999, -9999, -9999, -9999, -9999, 23, -9999, -9999, 21, 63, 47, 59, -9999, -9999, -9999, -9999, 46, -9999, 96, -9999, 76, -9999, 43],
[-9999, -9999, -9999, -9999, -9999, -9999, -9999, -9999, -9999, -9999, -9999, -9999, -9999, -9999, -9999, -9999, -9999, -9999, -9999, -9999, -9999, -9999, 92, -9999, -9999, -9999, -9999, -9999, -9999, -9999, -9999, -9999, -9999, -9999, -9999, -9999, -9999, -9999, 75, -9999, -9999, -9999, -9999, -9999, -9999, -9999, -9999, -9999, -9999, -9999, -9999, 58, -9999, 15, -9999, -9999, 81, -9999, -9999, -9999, 71, -9999, -9999, -9999, -9999, 24, -9999, -9999, -9999, -9999, -9999, -9999, -9999, -9999, -9999, -9999, -9999, -9999, -9999, -9999, -9999, -9999, -9999, -9999, -9999, -9999, -9999, -9999, -9999, -9999, -9999, -9999, -9999, -9999, -9999, -9999, -9999, -9999, -9999, -9999],
[-9999, -9999, -9999, -9999, -9999, 30, -9999, -9999, -9999, -9999, -9999, -9999, -9999, -9999, -9999, -9999, -9999, -9999, -9999, -9999, -9999, -9999, -9999, -9999, -9999, 18, -9999, -9999, -9999, -9999, -9999, -9999, -9999, -9999, -9999, -9999, -9999, -9999, 98, -9999, -9999, -9999, 14, -9999, -9999, -9999, -9999, -9999, -9999, -9999, -9999, 66, -9999, 92, -9999, -9999, 18, -9999, -9999, -9999, -9999, -9999, -9999, -9999, -9999, 64, -9999, -9999, -9999, -9999, -9999, -9999, -9999, 75, -9999, -9999, -9999, -9999, -9999, 57, -9999, -9999, -9999, -9999, -9999, -9999, -9999, -9999, -9999, -9999, -9999, -9999, 42, -9999, -9999, -9999, -9999, -9999, -9999, -9999],
[-9999, -9999, -9999, -9999, -9999, -9999, -9999, -9999, -9999, -9999, 77, -9999, -9999, -9999, -9999, -9999, -9999, -9999, -9999, -9999, -9999, -9999, -9999, -9999, -9999, -9999, -9999, -9999, -9999, -9999, -9999, -9999, -9999, 49, -9999, -9999, -9999, -9999, 75, -9999, -9999, -9999, -9999, -9999, -9999, -9999, -9999, -9999, -9999, -9999, 46, -9999, -9999, -9999, -9999, -9999, -9999, -9999, -9999, -9999, -9999, -9999, 42, -9999, -9999, -9999, -9999, -9999, -9999, -9999, -9999, -9999, -9999, -9999, -9999, -9999, -9999, 74, 5, -9999, -9999, 40, 41, -9999, -9999, -9999, -9999, -9999, -9999, -9999, 27, -9999, -9999, -9999, -9999, -9999, -9999, -9999, -9999, -9999],
[-9999, -9999, -9999, -9999, -9999, -9999, -9999, -9999, -9999, -9999, -9999, -9999, -9999, -9999, -9999, -9999, -9999, -9999, -9999, -9999, -9999, -9999, -9999, -9999, -9999, -9999, -9999, -9999, -9999, -9999, -9999, -9999, -9999, -9999, -9999, -9999, -9999, -9999, 16, -9999, -9999, -9999, -9999, -9999, -9999, -9999, 29, -9999, -9999, -9999, 14, -9999, -9999, -9999, -9999, -9999, -9999, -9999, -9999, -9999, -9999, -9999, -9999, -9999, -9999, -9999, -9999, -9999, -9999, 84, -9999, -9999, -9999, -9999, -9999, -9999, -9999, -9999, -9999, -9999, -9999, 70, 58, -9999, -9999, -9999, -9999, -9999, -9999, -9999, -9999, -9999, -9999, -9999, -9999, -9999, 60, -9999, -9999, -9999],
[-9999, -9999, -9999, -9999, -9999, -9999, -9999, -9999, -9999, -9999, -9999, -9999, -9999, -9999, -9999, -9999, -9999, -9999, -9999, -9999, -9999, -9999, -9999, -9999, -9999, 39, -9999, -9999, -9999, -9999, -9999, -9999, -9999, -9999, -9999, -9999, -9999, -9999, 65, -9999, -9999, -9999, 44, -9999, -9999, -9999, -9999, -9999, -9999, -9999, -9999, -9999, -9999, 63, -9999, -9999, 5, -9999, -9999, -9999, -9999, 25, -9999, -9999, -9999, -9999, -9999, -9999, -9999, -9999, -9999, -9999, -9999, -9999, -9999, -9999, -9999, -9999, -9999, 20, -9999, -9999, -9999, -9999, -9999, -9999, -9999, -9999, -9999, -9999, -9999, -9999, 71, -9999, -9999, -9999, -9999, -9999, -9999, -9999],
[-9999, -9999, 28, 23, 73, 26, 38, 6, -9999, -9999, 90, 15, -9999, 39, -9999, 80, 60, 36, 23, 8, -9999, 93, 73, 25, -9999, 77, -9999, 90, -9999, -9999, -9999, 95, -9999, -9999, 30, -9999, -9999, 75, 67, 63, -9999, 38, -9999, -9999, 46, 32, -9999, 21, 62, 49, 4, 20, 63, 48, 21, -9999, 52, -9999, 21, -9999, -9999, -9999, 65, -9999, 78, -9999, -9999, -9999, 20, -9999, -9999, 36, -9999, -9999, -9999, 89, 35, 27, -9999, -9999, 4, -9999, 3, 16, -9999, -9999, 77, 36, -9999, -9999, 62, 29, 99, -9999, 17, 85, 73, 83, 70, -9999],
[-9999, -9999, -9999, -9999, -9999, 13, -9999, -9999, -9999, -9999, -9999, -9999, -9999, -9999, -9999, -9999, -9999, -9999, -9999, -9999, -9999, -9999, -9999, -9999, -9999, 65, -9999, -9999, -9999, 32, -9999, -9999, -9999, -9999, -9999, -9999, -9999, -9999, 28, -9999, -9999, -9999, 57, 6, -9999, -9999, -9999, -9999, -9999, -9999, -9999, 86, -9999, 6, -9999, -9999, 56, -9999, -9999, -9999, -9999, -9999, -9999, 5, -9999, 33, -9999, -9999, -9999, -9999, -9999, -9999, -9999, -9999, -9999, -9999, -9999, -9999, -9999, 86, -9999, -9999, -9999, -9999, -9999, -9999, -9999, 98, -9999, -9999, -9999, -9999, 67, -9999, -9999, -9999, -9999, -9999, -9999, -9999],
[-9999, -9999, 40, 36, 83, -9999, -9999, 49, 23, 7, 8, 61, 41, 58, -9999, 59, 78, 50, -9999, 10, 59, -9999, 76, -9999, 10, 34, -9999, -9999, -9999, -9999, -9999, -9999, -9999, 90, -9999, -9999, 10, 34, 39, -9999, -9999, -9999, 82, -9999, 95, -9999, 79, 65, 82, 39, 54, -9999, 63, -9999, -9999, -9999, 32, 65, 57, 33, -9999, -9999, -9999, -9999, 27, -9999, -9999, -9999, 54, -9999, 25, 74, -9999, 8, -9999, 1, 65, -9999, 49, 3, 91, 16, 11, -9999, 64, 64, 43, -9999, -9999, 10, -9999, -9999, -9999, -9999, -9999, 7, 63, -9999, -9999, 47],
[-9999, -9999, 1, 86, 39, 47, 68, -9999, 16, -9999, -9999, -9999, -9999, 74, 22, 20, -9999, 16, -9999, 75, 34, 92, 89, -9999, 76, -9999, -9999, 60, -9999, -9999, 29, 55, -9999, -9999, -9999, 32, -9999, 100, 64, -9999, -9999, -9999, 28, -9999, 41, -9999, -9999, 53, 64, 20, 52, 83, 31, -9999, -9999, -9999, 85, 26, 98, 33, -9999, -9999, -9999, -9999, 57, 62, -9999, -9999, 24, -9999, -9999, -9999, 95, 51, -9999, 84, -9999, -9999, -9999, 91, 13, 16, 100, -9999, 49, 6, 61, -9999, 75, -9999, -9999, -9999, -9999, 86, -9999, -9999, 81, 34, -9999, -9999],
[-9999, -9999, -9999, -9999, -9999, -9999, -9999, -9999, -9999, -9999, 13, -9999, -9999, -9999, -9999, 92, -9999, -9999, -9999, 38, -9999, -9999, -9999, -9999, -9999, -9999, -9999, -9999, -9999, -9999, -9999, -9999, -9999, -9999, -9999, -9999, -9999, -9999, 90, -9999, -9999, -9999, -9999, -9999, -9999, -9999, 74, -9999, -9999, -9999, 34, -9999, -9999, -9999, -9999, -9999, -9999, -9999, -9999, -9999, -9999, -9999, -9999, -9999, -9999, -9999, -9999, -9999, -9999, -9999, -9999, -9999, -9999, -9999, -9999, -9999, -9999, -9999, 14, -9999, -9999, -9999, 10, -9999, -9999, -9999, -9999, -9999, -9999, -9999, -9999, -9999, -9999, -9999, -9999, -9999, -9999, -9999, -9999, -9999],
[-9999, -9999, 4, 61, -9999, 27, -9999, 82, -9999, 35, 55, -9999, -9999, 11, -9999, 41, -9999, 68, -9999, 26, 80, 25, -9999, -9999, -9999, 39, -9999, -9999, -9999, -9999, -9999, 5, -9999, -9999, 11, -9999, 62, 53, 63, -9999, -9999, -9999, -9999, -9999, 5, 32, -9999, 88, 7, 20, 40, 56, -9999, -9999, -9999, -9999, 16, 20, 37, -9999, -9999, -9999, -9999, -9999, 64, -9999, -9999, -9999, -9999, -9999, 1, -9999, -9999, -9999, -9999, -9999, 4, -9999, 73, 33, 84, 74, 7, -9999, -9999, 22, 52, 12, 64, -9999, -9999, -9999, -9999, -9999, -9999, -9999, 46, -9999, -9999, 25],
[-9999, -9999, -9999, -9999, -9999, 54, -9999, -9999, -9999, -9999, -9999, -9999, -9999, -9999, -9999, -9999, -9999, -9999, -9999, -9999, -9999, -9999, 58, -9999, -9999, 43, -9999, -9999, -9999, -9999, -9999, -9999, -9999, -9999, -9999, -9999, -9999, -9999, 33, -9999, -9999, -9999, 26, -9999, -9999, -9999, -9999, -9999, -9999, -9999, -9999, -9999, -9999, 68, -9999, -9999, 76, -9999, -9999, -9999, -9999, -9999, -9999, -9999, -9999, -9999, -9999, -9999, -9999, -9999, -9999, 67, -9999, -9999, -9999, -9999, -9999, -9999, -9999, -9999, -9999, -9999, -9999, -9999, -9999, -9999, -9999, -9999, -9999, -9999, -9999, -9999, 68, -9999, -9999, -9999, -9999, -9999, -9999, -9999],
[-9999, -9999, 97, 96, -9999, 77, -9999, -9999, 96, 11, -9999, -9999, -9999, 20, -9999, -9999, 38, 32, -9999, 9, 25, 97, -9999, 8, 65, 71, -9999, -9999, -9999, -9999, -9999, -9999, -9999, -9999, -9999, -9999, 53, 97, 58, -9999, 90, -9999, 83, 75, 99, -9999, 70, -9999, 100, 2, 28, 92, 90, 14, -9999, -9999, 33, -9999, 76, 97, -9999, -9999, -9999, -9999, 34, 78, -9999, -9999, 89, -9999, 33, 75, -9999, -9999, -9999, -9999, 51, -9999, 41, 38, 22, -9999, 32, -9999, -9999, 21, 52, 78, 2, -9999, -9999, -9999, -9999, 71, -9999, -9999, -9999, 29, 72, -9999],
[-9999, -9999, 86, 86, 89, 45, -9999, -9999, -9999, -9999, 98, 91, -9999, -9999, -9999, -9999, -9999, 90, 66, 1, 4, 79, 53, -9999, 51, 18, -9999, -9999, -9999, -9999, 41, -9999, -9999, 71, -9999, -9999, 76, 51, 12, 3, -9999, -9999, 28, -9999, 78, 12, -9999, -9999, 81, 3, 16, 29, -9999, -9999, 94, 31, 51, -9999, -9999, 10, -9999, -9999, -9999, -9999, 86, -9999, -9999, 39, 69, -9999, -9999, -9999, -9999, -9999, -9999, -9999, -9999, 94, 17, 10, 45, 46, -9999, 61, 68, 38, 95, 88, 35, 26, 21, 17, 30, 51, 25, 28, 86, -9999, -9999, 61],
[-9999, -9999, 44, 35, -9999, -9999, 63, 41, 93, 81, 16, -9999, 92, -9999, -9999, -9999, 28, 15, -9999, 79, -9999, 16, 17, 11, 23, -9999, -9999, 59, -9999, -9999, -9999, -9999, -9999, -9999, -9999, 17, 14, -9999, 8, -9999, 14, 1, 33, -9999, -9999, -9999, -9999, 76, 44, 15, 63, -9999, -9999, 97, -9999, -9999, 41, 47, 11, -9999, -9999, -9999, -9999, -9999, 9, 94, 4, -9999, 84, -9999, 66, -9999, -9999, -9999, 86, 82, -9999, -9999, -9999, 22, -9999, 33, -9999, -9999, -9999, -9999, 38, 80, 46, 40, -9999, -9999, 97, 6, -9999, 55, -9999, 78, -9999, 42],
[-9999, -9999, -9999, -9999, -9999, -9999, -9999, -9999, -9999, -9999, 8, -9999, -9999, -9999, -9999, -9999, -9999, -9999, -9999, 25, -9999, -9999, -9999, -9999, -9999, -9999, -9999, -9999, -9999, -9999, -9999, -9999, -9999, -9999, -9999, -9999, -9999, -9999, 70, -9999, -9999, -9999, -9999, -9999, -9999, -9999, 6, -9999, -9999, -9999, 58, -9999, -9999, -9999, -9999, -9999, -9999, -9999, -9999, -9999, -9999, -9999, 88, -9999, -9999, -9999, -9999, -9999, -9999, -9999, -9999, -9999, -9999, -9999, -9999, 99, -9999, -9999, -9999, -9999, -9999, -9999, -9999, -9999, -9999, -9999, -9999, -9999, -9999, -9999, -9999, -9999, -9999, -9999, -9999, -9999, 48, -9999, -9999, -9999],
[-9999, -9999, 60, 54, -9999, 7, 78, -9999, -9999, 50, 86, -9999, -9999, 96, -9999, -9999, -9999, 12, -9999, 63, 68, 11, -9999, -9999, -9999, -9999, 13, -9999, 24, -9999, -9999, 24, -9999, -9999, -9999, -9999, 52, 70, 20, 4, -9999, 27, 39, 90, -9999, 54, 82, -9999, 64, 85, 35, -9999, -9999, -9999, 78, -9999, -9999, 95, 79, 10, -9999, -9999, 87, -9999, 35, -9999, -9999, 90, -9999, -9999, 23, 52, -9999, -9999, 66, 66, -9999, 67, -9999, 30, -9999, 10, 65, 46, 8, 83, 58, 50, 83, -9999, 78, 15, 73, 55, -9999, -9999, 98, -9999, -9999, -9999],
[-9999, -9999, 56, 74, 21, 97, 2, 24, 69, 66, 8, 35, 50, -9999, -9999, 62, 34, 14, -9999, -9999, 67, 74, 83, -9999, 58, -9999, -9999, 53, 15, -9999, 51, -9999, 91, -9999, 37, -9999, 96, -9999, 12, -9999, -9999, -9999, -9999, 89, -9999, 10, 95, 31, 51, 69, 15, 98, -9999, 1, -9999, -9999, 83, -9999, -9999, 37, -9999, -9999, -9999, -9999, 7, -9999, -9999, -9999, -9999, -9999, 60, -9999, -9999, -9999, 77, 55, 34, -9999, 34, -9999, -9999, 35, -9999, -9999, 15, 94, 74, 21, 75, -9999, -9999, -9999, -9999, 14, -9999, 26, -9999, 82, -9999, 57],
[-9999, 26, 19, 31, 14, -9999, 15, 38, -9999, -9999, -9999, 13, -9999, 18, -9999, -9999, 99, 44, 26, -9999, -9999, -9999, -9999, -9999, -9999, -9999, -9999, 58, -9999, -9999, 12, 6, 65, 54, -9999, -9999, 21, -9999, 58, 96, -9999, -9999, -9999, 62, 8, 17, 91, -9999, 40, 33, 83, 66, 48, -9999, -9999, -9999, 25, 23, 83, 80, -9999, -9999, 32, 41, 50, -9999, -9999, 91, 64, -9999, 64, -9999, -9999, -9999, -9999, 8, -9999, 73, 8, 21, -9999, 55, 33, 97, -9999, 70, 84, -9999, 32, -9999, 60, 53, 37, -9999, 75, 47, 71, -9999, -9999, 8],
[-9999, -9999, 27, 38, -9999, -9999, -9999, 81, -9999, -9999, 61, -9999, -9999, -9999, -9999, 35, 16, 89, -9999, -9999, 28, 64, 20, -9999, 30, 34, -9999, -9999, -9999, -9999, 57, 20, 23, -9999, 22, -9999, -9999, -9999, 82, 85, -9999, -9999, -9999, 78, 14, -9999, -9999, -9999, 90, 71, 100, -9999, -9999, 86, 23, -9999, 3, -9999, -9999, 27, -9999, -9999, -9999, -9999, 26, 65, -9999, -9999, -9999, -9999, -9999, 94, -9999, -9999, 59, 3, 49, -9999, 69, 71, 100, -9999, 80, 58, -9999, 6, 27, -9999, -9999, -9999, 29, 71, -9999, 59, -9999, 5, -9999, -9999, -9999, 39],
[-9999, -9999, -9999, -9999, -9999, 99, -9999, -9999, -9999, -9999, -9999, -9999, -9999, -9999, -9999, -9999, -9999, -9999, -9999, -9999, -9999, -9999, -9999, -9999, -9999, 61, -9999, -9999, -9999, -9999, -9999, -9999, -9999, -9999, -9999, -9999, -9999, -9999, 66, -9999, -9999, -9999, 79, -9999, -9999, -9999, -9999, -9999, -9999, -9999, -9999, -9999, -9999, 53, -9999, -9999, 21, -9999, -9999, -9999, -9999, -9999, -9999, -9999, -9999, -9999, -9999, -9999, -9999, -9999, -9999, 27, -9999, 95, -9999, -9999, -9999, -9999, -9999, 18, -9999, -9999, -9999, -9999, -9999, -9999, -9999, -9999, -9999, -9999, -9999, -9999, -9999, -9999, -9999, -9999, -9999, -9999, -9999, -9999],
[-9999, -9999, 48, 58, 11, -9999, 8, 55, 94, 90, 76, -9999, -9999, -9999, -9999, 33, -9999, 33, -9999, 95, -9999, 58, -9999, -9999, 16, 12, -9999, -9999, -9999, -9999, 44, 74, -9999, -9999, 77, -9999, 56, 70, 22, -9999, -9999, 77, 14, 87, 86, -9999, 53, 41, 27, 20, 70, 11, 69, 99, -9999, -9999, 100, 76, -9999, 5, -9999, -9999, -9999, -9999, 54, 54, -9999, -9999, -9999, -9999, -9999, -9999, -9999, 87, -9999, 37, -9999, -9999, -9999, 56, -9999, -9999, -9999, -9999, -9999, -9999, 86, 67, -9999, -9999, -9999, -9999, -9999, 35, -9999, 57, 87, 13, -9999, -9999],
[-9999, 46, 30, 88, -9999, -9999, 43, -9999, 57, -9999, 42, -9999, 52, 8, -9999, -9999, 98, 94, -9999, 47, 54, -9999, -9999, -9999, -9999, 99, -9999, 26, -9999, 63, 65, -9999, -9999, 32, 79, -9999, 3, 94, 6, -9999, -9999, -9999, -9999, 63, 74, 28, 85, -9999, 25, 70, 41, 75, 10, -9999, -9999, -9999, 97, -9999, 94, 32, -9999, -9999, -9999, -9999, 65, -9999, 47, -9999, -9999, -9999, 67, -9999, -9999, -9999, 46, -9999, -9999, -9999, 8, -9999, 6, -9999, -9999, -9999, -9999, -9999, 61, 26, -9999, -9999, -9999, -9999, 69, 74, -9999, 49, 3, 99, -9999, 70],
[-9999, -9999, -9999, -9999, -9999, -9999, -9999, -9999, -9999, -9999, -9999, -9999, -9999, -9999, -9999, -9999, -9999, -9999, -9999, -9999, -9999, -9999, 32, -9999, -9999, -9999, -9999, -9999, -9999, -9999, -9999, -9999, -9999, -9999, -9999, -9999, -9999, -9999, 38, -9999, -9999, -9999, -9999, 22, -9999, -9999, -9999, -9999, -9999, -9999, -9999, 29, -9999, 1, -9999, -9999, 22, -9999, -9999, -9999, -9999, 17, -9999, -9999, -9999, 86, -9999, -9999, -9999, -9999, -9999, 61, -9999, -9999, -9999, -9999, -9999, -9999, -9999, 46, -9999, -9999, -9999, -9999, -9999, -9999, -9999, 14, -9999, -9999, -9999, -9999, -9999, -9999, -9999, -9999, -9999, -9999, -9999, -9999],
[-9999, -9999, 29, 26, 16, -9999, 83, 4, 71, 18, 47, 96, 45, 26, -9999, 45, 31, 25, -9999, 24, 16, 10, -9999, -9999, -9999, 67, -9999, 20, -9999, -9999, 73, -9999, 73, -9999, -9999, 10, -9999, 77, 39, -9999, -9999, -9999, -9999, -9999, 69, 60, -9999, -9999, 20, 42, -9999, 12, -9999, 47, -9999, -9999, 40, -9999, -9999, -9999, -9999, -9999, -9999, -9999, 98, -9999, -9999, -9999, 41, -9999, -9999, 96, -9999, -9999, 21, 65, 72, -9999, -9999, 14, 71, -9999, -9999, -9999, 79, 82, -9999, -9999, -9999, 2, -9999, -9999, -9999, -9999, -9999, 76, -9999, 70, 38, -9999],
[-9999, -9999, -9999, -9999, -9999, 29, -9999, -9999, -9999, -9999, -9999, -9999, -9999, -9999, -9999, -9999, -9999, -9999, -9999, -9999, -9999, -9999, -9999, -9999, -9999, 62, -9999, -9999, -9999, -9999, -9999, -9999, -9999, -9999, -9999, -9999, -9999, -9999, 92, -9999, -9999, -9999, -9999, 49, -9999, -9999, -9999, -9999, -9999, -9999, -9999, -9999, -9999, 35, -9999, -9999, 77, -9999, -9999, -9999, -9999, -9999, -9999, -9999, -9999, -9999, -9999, -9999, -9999, -9999, -9999, 61, -9999, -9999, -9999, -9999, -9999, -9999, -9999, 48, -9999, -9999, -9999, -9999, -9999, -9999, -9999, -9999, -9999, -9999, -9999, -9999, -9999, -9999, -9999, -9999, -9999, -9999, -9999, -9999],
[-9999, -9999, -9999, -9999, -9999, 85, -9999, -9999, -9999, -9999, -9999, -9999, -9999, -9999, -9999, -9999, -9999, -9999, -9999, -9999, -9999, -9999, 86, -9999, -9999, 7, -9999, -9999, -9999, 73, -9999, -9999, -9999, -9999, -9999, -9999, -9999, -9999, 1, -9999, -9999, -9999, 86, 44, -9999, -9999, -9999, -9999, -9999, -9999, -9999, 45, -9999, 46, -9999, -9999, 51, -9999, -9999, -9999, -9999, -9999, -9999, 22, -9999, 55, -9999, -9999, -9999, -9999, -9999, 67, -9999, -9999, -9999, -9999, -9999, -9999, -9999, 4, -9999, -9999, -9999, -9999, -9999, -9999, -9999, 41, -9999, -9999, -9999, -9999, 16, -9999, -9999, -9999, -9999, -9999, -9999, -9999],
[-9999, -9999, -9999, -9999, -9999, -9999, -9999, -9999, -9999, -9999, -9999, -9999, -9999, -9999, -9999, -9999, -9999, -9999, -9999, -9999, -9999, -9999, -9999, -9999, -9999, -9999, -9999, -9999, -9999, -9999, -9999, -9999, -9999, -9999, -9999, -9999, -9999, -9999, 24, -9999, -9999, -9999, -9999, -9999, -9999, -9999, 53, -9999, -9999, -9999, 57, -9999, -9999, -9999, -9999, -9999, -9999, -9999, -9999, -9999, -9999, -9999, -9999, -9999, -9999, -9999, -9999, -9999, -9999, -9999, -9999, -9999, -9999, -9999, -9999, 14, -9999, -9999, 34, -9999, -9999, 37, -9999, -9999, -9999, -9999, -9999, -9999, -9999, -9999, -9999, -9999, -9999, -9999, -9999, -9999, 46, -9999, -9999, -9999],
[-9999, -9999, -9999, -9999, -9999, -9999, -9999, -9999, -9999, -9999, -9999, -9999, -9999, -9999, -9999, 99, -9999, -9999, -9999, 2, -9999, -9999, -9999, -9999, -9999, -9999, -9999, -9999, -9999, -9999, -9999, -9999, -9999, 53, -9999, -9999, -9999, -9999, 62, -9999, -9999, -9999, -9999, -9999, -9999, -9999, 61, -9999, -9999, -9999, 71, -9999, -9999, -9999, -9999, -9999, -9999, -9999, -9999, -9999, -9999, -9999, -9999, -9999, -9999, -9999, -9999, -9999, -9999, -9999, -9999, -9999, -9999, -9999, -9999, 18, -9999, 9, 71, -9999, -9999, -9999, 47, -9999, -9999, -9999, -9999, -9999, -9999, -9999, -9999, -9999, -9999, -9999, -9999, -9999, 1, -9999, -9999, -9999],
[-9999, -9999, 3, 81, -9999, -9999, 43, 11, -9999, 48, -9999, 81, 42, 34, -9999, 13, 55, 24, 15, 89, 21, 20, 8, -9999, 17, 57, -9999, 79, -9999, -9999, 17, -9999, 88, 62, -9999, -9999, -9999, -9999, 45, 69, -9999, 78, -9999, -9999, 53, -9999, 32, 40, 64, 43, 92, -9999, -9999, 57, 99, -9999, 83, 93, 13, 39, -9999, -9999, 7, 9, 35, -9999, -9999, 99, 21, -9999, 33, 8, -9999, -9999, -9999, 96, -9999, 75, -9999, 5, 27, 20, 26, 25, 75, 89, 59, 82, 14, 51, 19, -9999, -9999, 46, -9999, 60, 71, -9999, 50, 40],
[-9999, -9999, -9999, -9999, -9999, -9999, -9999, -9999, -9999, -9999, 31, -9999, -9999, -9999, -9999, 55, -9999, -9999, -9999, -9999, -9999, -9999, -9999, -9999, -9999, -9999, -9999, -9999, -9999, -9999, -9999, -9999, -9999, 84, -9999, -9999, -9999, -9999, 57, -9999, -9999, -9999, -9999, -9999, -9999, -9999, -9999, -9999, -9999, -9999, 30, -9999, -9999, -9999, -9999, -9999, -9999, -9999, -9999, -9999, -9999, -9999, -9999, -9999, -9999, -9999, -9999, -9999, -9999, -9999, -9999, -9999, -9999, -9999, -9999, 33, -9999, -9999, 61, -9999, -9999, 16, -9999, -9999, -9999, -9999, -9999, -9999, -9999, -9999, -9999, -9999, -9999, -9999, -9999, -9999, 67, -9999, -9999, -9999],
[-9999, -9999, -9999, -9999, -9999, 91, -9999, -9999, -9999, -9999, -9999, -9999, -9999, -9999, -9999, -9999, -9999, -9999, -9999, -9999, -9999, -9999, 92, -9999, -9999, 38, -9999, -9999, -9999, -9999, -9999, -9999, -9999, -9999, -9999, -9999, -9999, -9999, 65, -9999, -9999, -9999, 26, -9999, -9999, -9999, -9999, -9999, -9999, -9999, -9999, 97, -9999, 100, -9999, -9999, 85, -9999, -9999, -9999, -9999, -9999, -9999, 4, -9999, 83, -9999, -9999, -9999, -9999, -9999, -9999, -9999, -9999, -9999, -9999, -9999, -9999, -9999, 84, -9999, -9999, -9999, -9999, -9999, -9999, -9999, 52, -9999, -9999, -9999, -9999, 87, -9999, -9999, -9999, -9999, -9999, -9999, -9999],
[-9999, -9999, 25, 8, -9999, 16, -9999, 68, -9999, -9999, -9999, 28, 23, 60, -9999, -9999, -9999, 39, -9999, -9999, 29, -9999, 45, -9999, 47, -9999, -9999, -9999, -9999, -9999, 84, -9999, -9999, 19, 90, -9999, 22, 41, 65, -9999, -9999, 48, 23, 24, -9999, 15, 81, -9999, 81, 68, 99, -9999, 80, 92, -9999, -9999, 85, 87, 97, 72, -9999, 2, -9999, -9999, 46, 80, -9999, -9999, -9999, -9999, -9999, 58, -9999, -9999, 46, 17, -9999, -9999, -9999, 31, 12, 23, 49, -9999, -9999, 90, 20, 19, 82, -9999, -9999, -9999, 18, -9999, -9999, 96, 57, -9999, -9999, -9999],
[87, -9999, -9999, -9999, -9999, 48, -9999, -9999, -9999, -9999, -9999, -9999, -9999, -9999, -9999, -9999, -9999, -9999, -9999, -9999, -9999, -9999, -9999, -9999, -9999, -9999, -9999, -9999, -9999, -9999, -9999, -9999, -9999, -9999, -9999, -9999, -9999, -9999, 35, -9999, -9999, -9999, -9999, -9999, -9999, -9999, -9999, -9999, -9999, -9999, -9999, -9999, -9999, 91, -9999, -9999, 15, -9999, -9999, -9999, -9999, -9999, 51, -9999, -9999, 44, -9999, -9999, -9999, -9999, -9999, -9999, -9999, -9999, -9999, -9999, -9999, -9999, -9999, -9999, -9999, -9999, -9999, -9999, -9999, -9999, -9999, 25, -9999, -9999, 13, -9999, 88, -9999, -9999, -9999, -9999, -9999, -9999, -9999],
[-9999, -9999, -9999, -9999, -9999, -9999, -9999, -9999, -9999, -9999, -9999, -9999, -9999, -9999, -9999, -9999, -9999, -9999, -9999, -9999, -9999, -9999, -9999, -9999, -9999, -9999, -9999, -9999, -9999, -9999, -9999, -9999, -9999, -9999, -9999, -9999, -9999, -9999, 66, -9999, -9999, -9999, 10, 92, -9999, -9999, -9999, -9999, -9999, -9999, -9999, 41, -9999, 91, -9999, -9999, 16, -9999, -9999, -9999, -9999, -9999, -9999, 21, -9999, 66, -9999, -9999, -9999, -9999, -9999, 91, -9999, 90, -9999, -9999, -9999, -9999, -9999, 30, -9999, -9999, -9999, -9999, -9999, -9999, -9999, 78, -9999, -9999, -9999, -9999, -9999, -9999, -9999, -9999, -9999, -9999, -9999, -9999],
[-9999, -9999, -9999, -9999, -9999, 22, -9999, -9999, -9999, -9999, -9999, -9999, -9999, -9999, -9999, -9999, -9999, -9999, -9999, -9999, -9999, -9999, 91, -9999, -9999, -9999, -9999, -9999, -9999, 83, -9999, -9999, -9999, -9999, -9999, -9999, -9999, -9999, 59, -9999, -9999, -9999, -9999, 96, -9999, -9999, -9999, -9999, -9999, -9999, -9999, -9999, -9999, -9999, -9999, -9999, 43, -9999, -9999, -9999, -9999, -9999, -9999, -9999, -9999, 67, -9999, -9999, -9999, -9999, -9999, -9999, -9999, -9999, -9999, -9999, -9999, -9999, -9999, -9999, -9999, -9999, -9999, -9999, -9999, -9999, -9999, -9999, -9999, -9999, -9999, -9999, -9999, -9999, -9999, -9999, -9999, -9999, -9999, -9999],
[-9999, -9999, -9999, -9999, -9999, 3, -9999, -9999, -9999, -9999, -9999, -9999, -9999, -9999, -9999, -9999, -9999, -9999, -9999, -9999, -9999, -9999, 45, -9999, -9999, -9999, -9999, -9999, -9999, -9999, -9999, -9999, -9999, -9999, -9999, -9999, -9999, -9999, 92, -9999, -9999, -9999, 25, 92, -9999, -9999, -9999, -9999, -9999, -9999, -9999, -9999, -9999, 96, -9999, -9999, 15, -9999, -9999, -9999, -9999, -9999, -9999, -9999, -9999, 86, -9999, -9999, -9999, -9999, -9999, 74, -9999, -9999, -9999, -9999, -9999, 83, -9999, 28, -9999, -9999, -9999, -9999, -9999, -9999, -9999, -9999, -9999, -9999, -9999, -9999, 30, -9999, -9999, -9999, -9999, -9999, -9999, -9999],
[-9999, -9999, -9999, -9999, -9999, 24, -9999, -9999, -9999, -9999, -9999, -9999, -9999, -9999, -9999, -9999, -9999, -9999, -9999, -9999, -9999, -9999, 76, -9999, -9999, -9999, -9999, -9999, -9999, -9999, -9999, -9999, -9999, -9999, -9999, -9999, -9999, -9999, 60, -9999, -9999, -9999, 39, 77, -9999, -9999, -9999, -9999, -9999, -9999, -9999, -9999, -9999, 10, -9999, -9999, 70, -9999, -9999, -9999, -9999, -9999, -9999, -9999, -9999, -9999, -9999, -9999, -9999, -9999, -9999, 1, -9999, -9999, -9999, -9999, -9999, -9999, -9999, -9999, -9999, -9999, -9999, -9999, -9999, -9999, -9999, 6, -9999, -9999, -9999, -9999, 12, -9999, -9999, -9999, -9999, -9999, -9999, -9999]
];
