NbNodes = 100;
NbNDDs = 0;
NbPairs = 100;
NbTerminals = 0;
K = 0;
L = 102;
Wt = [
[-9999, -9999, 28, -9999, 15, 100, -9999, 45, -9999, 27, -9999, 26, -9999, -9999, 40, -9999, -9999, 97, -9999, -9999, 56, -9999, 30, -9999, -9999, -9999, 24, -9999, 80, 23, -9999, 39, -9999, -9999, -9999, 46, -9999, -9999, 86, -9999, 54, 80, 12, -9999, -9999, 66, 45, -9999, -9999, 69, -9999, -9999, 58, 75, 10, 12, 6, -9999, 57, -9999, 78, -9999, 82, -9999, -9999, -9999, -9999, -9999, -9999, -9999, -9999, 65, 58, -9999, -9999, -9999, -9999, 18, 1, -9999, -9999, 84, 44, -9999, 28, 92, -9999, 44, 33, 52, -9999, 43, 57, 82, -9999, -9999, 85, 86, 63, 59],
[25, -9999, 10, -9999, 47, -9999, -9999, 64, 70, -9999, 77, 53, -9999, -9999, -9999, 12, 7, -9999, -9999, -9999, 54, -9999, 8, 39, -9999, -9999, 76, -9999, 6, -9999, -9999, -9999, 42, 73, -9999, 59, 19, -9999, 73, -9999, 26, 20, 95, 76, 4, -9999, -9999, -9999, -9999, 85, 76, 9, -9999, 46, -9999, -9999, -9999, -9999, 18, 61, 95, -9999, -9999, -9999, -9999, 90, -9999, 76, 72, -9999, -9999, -9999, 85, 87, 64, -9999, -9999, 99, 40, 24, 56, 39, 69, -9999, -9999, 80, -9999, -9999, -9999, -9999, -9999, 60, -9999, -9999, -9999, 62, 28, -9999, -9999, -9999],
[-9999, -9999, -9999, -9999, 17, 32, -9999, 74, 30, -9999, 9, 3, -9999, -9999, -9999, -9999, 69, -9999, -9999, 24, 66, -9999, 8, 25, -9999, -9999, 63, -9999, -9999, 93, -9999, -9999, -9999, 83, -9999, 91, -9999, -9999, 56, -9999, 27, 56, 26, -9999, 4, 32, 85, -9999, -9999, 1, 20, 77, -9999, 18, 79, -9999, -9999, -9999, -9999, -9999, 31, -9999, -9999, -9999, -9999, 68, -9999, 95, -9999, -9999, -9999, -9999, -9999, 75, -9999, 83, -9999, 70, 2, -9999, -9999, 34, 41, -9999, -9999, -9999, -9999, 53, 36, -9999, -9999, 56, -9999, 28, -9999, 3, -9999, -9999, -9999, -9999],
[-9999, -9999, 3, -9999, 74, 87, -9999, 53, 90, -9999, 20, 64, -9999, -9999, 36, 88, 91, -9999, -9999, 13, 13, 31, -9999, -9999, -9999, -9999, 27, -9999, -9999, -9999, -9999, -9999, -9999, 35, -9999, 61, -9999, -9999, 43, -9999, 89, 9, 49, 70, 49, -9999, 59, 96, 48, 23, -9999, -9999, 76, 31, 98, -9999, -9999, -9999, 33, 52, 70, -9999, -9999, -9999, 40, 28, -9999, 9, -9999, -9999, -9999, 58, -9999, 51, -9999, 43, -9999, 68, 15, -9999, 5, -9999, 85, 23, -9999, 36, -9999, 33, 23, -9999, -9999, 60, -9999, -9999, -9999, 50, -9999, -9999, -9999, -9999],
[51, -9999, -9999, -9999, -9999, 97, -9999, 69, -9999, -9999, 5, 64, -9999, 56, 90, 2, -9999, -9999, -9999, 19, 65, -9999, 40, 35, -9999, -9999, 16, -9999, 38, -9999, -9999, -9999, 13, -9999, -9999, 27, -9999, -9999, 71, -9999, 98, 72, 4, -9999, 28, 46, -9999, 26, 95, -9999, 3, 98, -9999, 2, 9, -9999, -9999, -9999, 94, -9999, -9999, -9999, -9999, -9999, 1, 97, -9999, 69, -9999, -9999, -9999, -9999, 12, 60, 93, 97, -9999, -9999, -9999, -9999, -9999, -9999, 22, -9999, -9999, 42, -9999, 76, -9999, -9999, 53, 68, -9999, 25, -9999, 14, 37, -9999, -9999, -9999],
[-9999, -9999, -9999, -9999, -9999, -9999, -9999, -9999, -9999, -9999, -9999, -9999, -9999, -9999, -9999, -9999, 83, -9999, -9999, -9999, -9999, -9999, -9999, -9999, -9999, -9999, -9999, -9999, -9999, -9999, -9999, 85, -9999, -9999, -9999, -9999, -9999, -9999, -9999, -9999, -9999, 97, 17, -9999, -9999, -9999, -9999, -9999, -9999, -9999, -9999, -9999, -9999, -9999, 26, -9999, -9999, -9999, -9999, -9999, -9999, -9999, -9999, -9999, -9999, -9999, -9999, -9999, -9999, -9999, 88, -9999, -9999, -9999, -9999, -9999, -9999, -9999, -9999, -9999, -9999, -9999, -9999, -9999, -9999, -9999, -9999, -9999, -9999, -9999, -9999, -9999, -9999, -9999, -9999, 27, -9999, -9999, -9999, -9999],
[13, -9999, -9999, -9999, -9999, -9999, -9999, 5, -9999, -9999, -9999, -9999, -9999, -9999, 80, 85, -9999, -9999, -9999, -9999, 94, -9999, -9999, 36, -9999, -9999, 53, -9999, 12, -9999, 47, -9999, -9999, -9999, -9999, -9999, -9999, -9999, -9999, -9999, -9999, -9999, -9999, -9999, -9999, 89, -9999, -9999, -9999, -9999, -9999, -9999, -9999, 100, 19, -9999, 60, -9999, -9999, 24, -9999, -9999, -9999, -9999, 33, -9999, -9999, -9999, -9999, -9999, -9999, -9999, -9999, -9999, -9999, -9999, -9999, -9999, -9999, -9999, -9999, -9999, -9999, -9999, -9999, -9999, -9999, 17, -9999, -9999, -9999, -9999, -9999, -9999, -9999, -9999, -9999, 50, -9999, -9999],
[65, -9999, -9999, -9999, 44, 2, -9999, -9999, -9999, -9999, -9999, 20, -9999, -9999, 70, 35, -9999, -9999, -9999, 90, 47, -9999, 61, 81, -9999, -9999, 76, -9999, 2, -9999, -9999, -9999, 64, 100, -9999, 61, -9999, -9999, -9999, -9999, 47, 40, -9999, 19, -9999, -9999, -9999, -9999, 9, -9999, 9, 73, 43, 73, 81, -9999, -9999, -9999, -9999, -9999, 4, -9999, -9999, -9999, 69, -9999, -9999, 59, -9999, -9999, -9999, 51, -9999, 68, -9999, 14, 63, 71, 61, 50, -9999, 76, 55, -9999, -9999, -9999, -9999, 96, -9999, -9999, 17, 60, -9999, 23, -9999, 26, -9999, 23, -9999, -9999],
[98, -9999, 10, -9999, 32, 47, -9999, 64, -9999, -9999, -9999, 29, -9999, -9999, 6, -9999, 17, -9999, -9999, 36, 9, -9999, 6, -9999, -9999, -9999, 41, -9999, 84, 23, -9999, -9999, 11, -9999, -9999, 87, -9999, 77, 74, 65, 92, 25, 85, -9999, 3, 98, 76, -9999, 8, -9999, 95, -9999, -9999, 58, 71, -9999, 97, -9999, -9999, 31, 60, -9999, -9999, -9999, -9999, -9999, -9999, -9999, -9999, 22, -9999, -9999, 71, -9999, -9999, -9999, -9999, 39, -9999, -9999, 16, 15, 17, -9999, -9999, 99, -9999, 16, 8, -9999, 24, 34, -9999, -9999, -9999, 58, 75, 2, -9999, -9999],
[-9999, -9999, -9999, -9999, 1, -9999, -9999, 40, -9999, -9999, -9999, 12, -9999, -9999, 38, 90, -9999, -9999, -9999, 52, 11, -9999, 1, 24, -9999, -9999, 69, -9999, 50, 57, -9999, -9999, 10, 3, -9999, 63, -9999, -9999, 21, -9999, 2, 9, 36, -9999, 31, -9999, 77, -9999, 82, 97, -9999, -9999, 17, 12, -9999, -9999, -9999, -9999, 30, -9999, -9999, -9999, -9999, -9999, -9999, -9999, -9999, 97, -9999, -9999, -9999, 42, 69, 83, 60, 82, -9999, 51, 90, -9999, -9999, 66, 23, -9999, -9999, 38, -9999, 27, 55, -9999, 7, 53, -9999, -9999, -9999, 76, 62, 28, -9999, -9999],
[100, -9999, -9999, -9999, 70, 60, -9999, -9999, -9999, -9999, -9999, -9999, -9999, -9999, -9999, 89, -9999, -9999, 62, -9999, 45, -9999, -9999, -9999, -9999, -9999, 9, -9999, 40, 13, 98, -9999, -9999, -9999, -9999, -9999, -9999, -9999, -9999, -9999, -9999, -9999, -9999, -9999, -9999, 47, -9999, 100, -9999, -9999, -9999, -9999, -9999, 34, 90, -9999, 89, -9999, -9999, -9999, -9999, -9999, -9999, -9999, 10, -9999, -9999, -9999, -9999, -9999, -9999, -9999, -9999, -9999, -9999, -9999, -9999, -9999, -9999, -9999, 84, -9999, -9999, -9999, -9999, 70, -9999, 36, 77, -9999, -9999, -9999, -9999, -9999, -9999, 62, -9999, 82, -9999, -9999],
[-9999, -9999, -9999, -9999, -9999, -9999, -9999, -9999, -9999, -9999, -9999, -9999, -9999, -9999, -9999, -9999, -9999, -9999, -9999, -9999, -9999, -9999, -9999, -9999, -9999, -9999, -9999, -9999, -9999, -9999, -9999, -9999, -9999, -9999, -9999, -9999, -9999, -9999, -9999, -9999, -9999, -9999, -9999, -9999, -9999, -9999, -9999, -9999, -9999, -9999, -9999, -9999, -9999, -9999, 34, -9999, -9999, -9999, -9999, -9999, -9999, -9999, -9999, -9999, -9999, -9999, -9999, -9999, -9999, -9999, -9999, -9999, -9999, -9999, -9999, -9999, -9999, -9999, -9999, -9999, -9999, -9999, -9999, -9999, -9999, -9999, -9999, -9999, -9999, -9999, -9999, -9999, -9999, -9999, -9999, 33, -9999, -9999, -9999, -9999],
[-9999, -9999, -9999, -9999, -9999, -9999, -9999, -9999, -9999, -9999, -9999, -9999, -9999, -9999, -9999, -9999, -9999, -9999, -9999, -9999, -9999, -9999, 86, -9999, -9999, -9999, -9999, -9999, -9999, -9999, -9999, -9999, -9999, -9999, -9999, -9999, -9999, -9999, -9999, -9999, -9999, 74, -9999, -9999, -9999, -9999, -9999, -9999, -9999, -9999, -9999, -9999, -9999, -9999, -9999, -9999, -9999, -9999, -9999, -9999, -9999, -9999, -9999, -9999, -9999, -9999, -9999, 11, -9999, -9999, 13, -9999, -9999, 21, -9999, -9999, -9999, -9999, -9999, -9999, -9999, -9999, -9999, -9999, -9999, -9999, -9999, -9999, -9999, -9999, -9999, -9999, -9999, -9999, -9999, 61, -9999, -9999, -9999, -9999],
[-9999, -9999, 20, -9999, 49, 69, -9999, 31, 65, -9999, -9999, 56, -9999, -9999, -9999, 17, -9999, -9999, -9999, 44, 28, -9999, -9999, 53, -9999, -9999, 36, -9999, -9999, 38, -9999, -9999, -9999, 94, -9999, 30, -9999, 7, 76, -9999, 36, 98, 45, -9999, 2, -9999, 76, -9999, 1, 96, 15, -9999, 10, 52, 80, -9999, 47, 87, 62, 74, -9999, -9999, -9999, -9999, 75, 9, -9999, -9999, -9999, -9999, -9999, 93, 87, -9999, 66, 14, -9999, 49, 87, -9999, 2, 1, 79, -9999, -9999, 28, -9999, -9999, 41, -9999, -9999, 6, -9999, 25, -9999, 15, 71, 38, -9999, -9999],
[-9999, -9999, 27, -9999, 50, 76, -9999, 36, -9999, -9999, -9999, 83, -9999, -9999, -9999, 63, 38, -9999, -9999, -9999, 96, -9999, -9999, 6, -9999, -9999, 63, -9999, 3, -9999, -9999, -9999, 68, -9999, -9999, 12, -9999, 58, -9999, -9999, 16, 94, 5, 40, -9999, 18, 96, -9999, -9999, 79, -9999, 32, 55, 63, 69, -9999, 4, -9999, 91, 60, 31, -9999, -9999, 28, 54, 37, -9999, 23, -9999, -9999, -9999, 6, -9999, 6, -9999, 59, -9999, 69, 37, 54, -9999, 35, 94, -9999, -9999, 69, -9999, -9999, 39, -9999, 80, 60, -9999, -9999, -9999, -9999, 66, -9999, -9999, -9999],
[-9999, -9999, -9999, -9999, 31, -9999, -9999, 29, -9999, -9999, -9999, 15, -9999, -9999, -9999, -9999, -9999, 11, -9999, -9999, 89, -9999, 70, -9999, 1, -9999, 6, -9999, -9999, -9999, -9999, 90, 26, 88, -9999, 17, -9999, -9999, 45, -9999, 35, 85, 60, -9999, -9999, 66, -9999, 73, 19, 22, -9999, -9999, 83, 42, 35, -9999, -9999, -9999, 40, 75, -9999, -9999, 25, -9999, -9999, -9999, 14, 44, -9999, -9999, -9999, -9999, 10, 42, 91, 23, -9999, -9999, 2, -9999, 19, 85, 17, -9999, 82, 18, -9999, -9999, -9999, -9999, -9999, 85, 42, 43, -9999, -9999, 53, 58, -9999, 79],
[-9999, -9999, -9999, -9999, -9999, -9999, -9999, -9999, -9999, -9999, -9999, -9999, -9999, -9999, -9999, -9999, -9999, -9999, -9999, -9999, -9999, -9999, 26, -9999, -9999, -9999, -9999, -9999, -9999, -9999, -9999, -9999, -9999, 89, -9999, -9999, -9999, -9999, -9999, -9999, -9999, 14, 62, -9999, -9999, -9999, -9999, -9999, -9999, -9999, -9999, -9999, -9999, -9999, 5, -9999, -9999, -9999, -9999, -9999, -9999, -9999, -9999, -9999, -9999, -9999, -9999, -9999, -9999, -9999, -9999, -9999, -9999, -9999, -9999, -9999, -9999, -9999, -9999, -9999, -9999, -9999, -9999, -9999, -9999, -9999, -9999, -9999, -9999, -9999, -9999, -9999, -9999, -9999, -9999, -9999, -9999, -9999, -9999, -9999],
[93, -9999, -9999, -9999, 45, 1, -9999, 23, 39, -9999, 33, 94, -9999, -9999, 46, 5, -9999, -9999, -9999, -9999, 70, -9999, 97, -9999, -9999, -9999, 90, -9999, 25, 61, 88, -9999, -9999, 49, -9999, 39, -9999, -9999, 30, -9999, 37, 99, 56, 72, -9999, -9999, 8, -9999, 30, 73, 57, -9999, 58, 57, 54, -9999, 14, -9999, 82, 96, -9999, -9999, -9999, -9999, -9999, 35, -9999, -9999, -9999, -9999, -9999, -9999, 96, 53, 10, 4, 5, 23, -9999, -9999, -9999, -9999, 75, -9999, -9999, 23, -9999, 34, -9999, -9999, -9999, 62, -9999, 10, -9999, 62, 82, 26, -9999, -9999],
[-9999, -9999, -9999, -9999, -9999, -9999, -9999, -9999, -9999, -9999, -9999, -9999, -9999, -9999, -9999, -9999, 32, -9999, -9999, -9999, -9999, -9999, 93, -9999, -9999, -9999, -9999, -9999, -9999, -9999, -9999, -9999, -9999, 68, -9999, -9999, -9999, -9999, -9999, -9999, -9999, 65, -9999, -9999, -9999, -9999, -9999, -9999, -9999, -9999, -9999, -9999, -9999, -9999, -9999, -9999, -9999, -9999, -9999, -9999, -9999, -9999, -9999, -9999, -9999, -9999, -9999, 77, -9999, -9999, -9999, -9999, -9999, 29, -9999, -9999, -9999, -9999, -9999, -9999, -9999, -9999, -9999, -9999, -9999, -9999, -9999, -9999, -9999, -9999, -9999, -9999, -9999, -9999, -9999, 57, -9999, -9999, -9999, -9999],
[69, 83, -9999, -9999, 49, 74, 21, -9999, -9999, 92, 77, 67, 70, -9999, 65, 76, -9999, 66, -9999, -9999, 9, -9999, -9999, 76, 3, 62, 90, -9999, -9999, 9, 82, 19, 46, 57, -9999, 97, -9999, 32, -9999, -9999, 16, 27, 48, 96, 94, 49, 40, -9999, 91, 64, -9999, 56, -9999, 30, 18, -9999, 6, -9999, 41, 15, 41, -9999, 99, -9999, -9999, 58, -9999, 15, -9999, -9999, -9999, -9999, 6, 15, -9999, -9999, -9999, -9999, 10, -9999, 27, -9999, 84, -9999, 80, 73, -9999, -9999, -9999, -9999, -9999, 74, 35, -9999, -9999, -9999, 59, 13, -9999, -9999],
[25, -9999, -9999, -9999, 67, -9999, -9999, 31, -9999, -9999, 71, -9999, -9999, -9999, 24, 48, -9999, -9999, -9999, 79, -9999, -9999, -9999, 29, -9999, -9999, 84, -9999, 32, 78, -9999, -9999, -9999, -9999, -9999, -9999, -9999, -9999, -9999, -9999, -9999, -9999, -9999, -9999, -9999, 31, -9999, -9999, -9999, -9999, -9999, -9999, -9999, 8, 82, -9999, -9999, -9999, -9999, 66, -9999, -9999, -9999, -9999, -9999, -9999, -9999, -9999, -9999, -9999, -9999, -9999, -9999, -9999, -9999, -9999, -9999, -9999, -9999, -9999, -9999, -9999, -9999, -9999, -9999, 17, -9999, 44, -9999, -9999, -9999, -9999, -9999, -9999, -9999, -9999, -9999, -9999, -9999, -9999],
[59, -9999, -9999, -9999, 35, 27, -9999, 26, -9999, -9999, 28, -9999, -9999, -9999, 7, -9999, -9999, -9999, -9999, 34, 87, -9999, -9999, -9999, -9999, -9999, 47, -9999, 18, -9999, -9999, -9999, -9999, -9999, -9999, -9999, -9999, -9999, -9999, -9999, -9999, -9999, -9999, -9999, -9999, -9999, -9999, -9999, -9999, -9999, -9999, -9999, -9999, 80, -9999, -9999, -9999, -9999, -9999, 77, -9999, -9999, -9999, -9999, -9999, -9999, -9999, -9999, -9999, -9999, -9999, -9999, -9999, -9999, -9999, -9999, -9999, -9999, -9999, -9999, 55, -9999, -9999, -9999, -9999, 9, -9999, -9999, 96, -9999, -9999, -9999, -9999, -9999, -9999, 91, -9999, -9999, -9999, -9999],
[32, -9999, -9999, -9999, -9999, 9, -9999, 35, -9999, -9999, 56, 37, -9999, -9999, 80, -9999, -9999, -9999, -9999, -9999, 80, 10, -9999, 23, -9999, -9999, 88, -9999, 43, 66, -9999, -9999, -9999, 41, -9999, 7, -9999, -9999, 15, -9999, 36, 65, 99, -9999, -9999, 12, -9999, -9999, 72, -9999, -9999, 52, -9999, 75, 100, -9999, 8, -9999, 56, 38, 9, -9999, -9999, -9999, 41, 81, -9999, -9999, -9999, -9999, -9999, 35, 56, -9999, 34, 24, -9999, -9999, -9999, -9999, 1, -9999, 32, -9999, -9999, 36, -9999, -9999, -9999, -9999, -9999, 22, -9999, 98, -9999, 95, 84, -9999, -9999, -9999],
[38, -9999, -9999, -9999, -9999, 54, -9999, 93, 54, -9999, 11, 86, -9999, -9999, 27, -9999, -9999, -9999, -9999, -9999, 69, -9999, 38, -9999, -9999, -9999, 62, -9999, 65, 93, 55, -9999, 78, -9999, -9999, 56, -9999, -9999, 77, 19, 31, 85, -9999, 15, 17, -9999, 41, -9999, 87, 10, -9999, 52, 28, 93, 45, -9999, -9999, -9999, 33, -9999, 14, -9999, -9999, 37, 50, 91, -9999, 46, -9999, -9999, 29, 55, 48, -9999, 60, 54, -9999, 56, 81, -9999, 8, -9999, 49, -9999, -9999, 20, -9999, 85, 15, -9999, 97, 11, -9999, 16, -9999, -9999, 65, -9999, -9999, -9999],
[-9999, -9999, -9999, -9999, -9999, 19, -9999, -9999, -9999, -9999, -9999, -9999, -9999, -9999, 24, -9999, -9999, -9999, -9999, 84, 11, -9999, -9999, 56, -9999, -9999, 8, -9999, 86, -9999, -9999, -9999, -9999, -9999, -9999, -9999, -9999, -9999, 52, 80, -9999, -9999, -9999, -9999, -9999, 55, -9999, -9999, -9999, -9999, -9999, -9999, -9999, 45, 20, -9999, 31, -9999, -9999, -9999, -9999, -9999, -9999, -9999, -9999, -9999, -9999, -9999, -9999, -9999, -9999, -9999, -9999, -9999, -9999, -9999, -9999, -9999, -9999, 28, -9999, -9999, -9999, -9999, -9999, 63, -9999, 25, 73, -9999, -9999, -9999, -9999, -9999, -9999, 18, -9999, 42, -9999, -9999],
[26, -9999, 74, -9999, 80, -9999, -9999, 16, 17, -9999, -9999, 49, -9999, -9999, -9999, -9999, 93, -9999, -9999, -9999, 48, -9999, -9999, -9999, -9999, -9999, 1, -9999, -9999, 73, -9999, -9999, 81, 23, -9999, 84, 55, -9999, -9999, -9999, 62, -9999, 71, -9999, -9999, -9999, -9999, -9999, 41, -9999, -9999, -9999, 66, 64, 8, -9999, -9999, -9999, 34, -9999, -9999, -9999, -9999, -9999, -9999, 66, -9999, 23, -9999, 49, -9999, 34, -9999, -9999, 3, 96, -9999, 25, -9999, -9999, 92, 75, 25, 61, -9999, 46, -9999, -9999, 66, -9999, 63, 84, -9999, 25, -9999, 25, 1, -9999, -9999, -9999],
[-9999, -9999, -9999, -9999, 74, 50, 49, 65, -9999, 22, 99, -9999, -9999, -9999, 80, 40, -9999, -9999, -9999, 57, 83, 49, -9999, -9999, -9999, -9999, -9999, -9999, 71, -9999, -9999, -9999, -9999, -9999, -9999, -9999, -9999, -9999, 25, -9999, -9999, -9999, -9999, -9999, -9999, 19, -9999, -9999, -9999, -9999, -9999, -9999, -9999, 81, -9999, -9999, -9999, -9999, -9999, 83, -9999, 74, -9999, -9999, -9999, -9999, -9999, -9999, -9999, -9999, -9999, -9999, -9999, -9999, -9999, -9999, -9999, -9999, -9999, -9999, 56, -9999, -9999, -9999, 77, 57, -9999, 63, 41, -9999, -9999, -9999, -9999, -9999, -9999, -9999, -9999, 38, -9999, -9999],
[82, -9999, -9999, -9999, 22, -9999, -9999, 8, 58, -9999, -9999, 43, -9999, -9999, 8, -9999, 43, -9999, -9999, -9999, 66, -9999, 1, -9999, -9999, -9999, 55, -9999, 38, -9999, -9999, -9999, -9999, 40, -9999, 6, -9999, -9999, -9999, -9999, 4, 84, -9999, -9999, 43, 49, -9999, -9999, -9999, 92, -9999, 31, 4, 22, 34, -9999, -9999, 34, -9999, -9999, -9999, -9999, -9999, -9999, -9999, 36, -9999, -9999, -9999, -9999, -9999, 83, -9999, -9999, -9999, 80, -9999, -9999, 68, -9999, 59, 8, 7, -9999, -9999, -9999, -9999, 76, 4, -9999, -9999, 23, -9999, -9999, -9999, 12, -9999, -9999, -9999, -9999],
[-9999, -9999, -9999, -9999, -9999, -9999, -9999, 82, -9999, -9999, 5, 80, -9999, 73, -9999, 98, -9999, -9999, -9999, -9999, 100, -9999, 85, -9999, -9999, -9999, 93, -9999, -9999, -9999, -9999, -9999, -9999, 20, -9999, 75, -9999, -9999, 9, -9999, 5, 39, -9999, 89, -9999, -9999, -9999, -9999, -9999, 41, -9999, -9999, 50, 89, 14, -9999, 73, -9999, 90, 75, 29, -9999, -9999, -9999, 34, 66, -9999, 68, -9999, -9999, -9999, 28, 19, -9999, 43, -9999, -9999, 59, -9999, -9999, 78, 58, 89, -9999, -9999, 53, -9999, 8, 10, -9999, -9999, 68, -9999, 45, -9999, 89, -9999, -9999, -9999, -9999],
[-9999, -9999, -9999, -9999, -9999, -9999, -9999, -9999, -9999, -9999, -9999, -9999, -9999, -9999, -9999, -9999, 47, -9999, -9999, -9999, -9999, -9999, 96, -9999, -9999, -9999, -9999, -9999, -9999, -9999, -9999, -9999, -9999, 28, -9999, -9999, -9999, -9999, -9999, -9999, -9999, 60, 90, -9999, -9999, -9999, -9999, -9999, -9999, -9999, -9999, -9999, -9999, -9999, 69, -9999, -9999, -9999, -9999, -9999, -9999, -9999, -9999, -9999, -9999, -9999, -9999, 37, -9999, -9999, -9999, -9999, -9999, 16, -9999, -9999, -9999, -9999, -9999, -9999, -9999, -9999, -9999, -9999, -9999, -9999, -9999, -9999, -9999, -9999, -9999, -9999, -9999, -9999, -9999, 92, -9999, -9999, -9999, -9999],
[-9999, -9999, -9999, -9999, -9999, -9999, -9999, 13, -9999, -9999, 6, -9999, -9999, -9999, -9999, 44, -9999, -9999, -9999, 48, 90, -9999, -9999, -9999, -9999, -9999, 95, -9999, -9999, -9999, -9999, -9999, -9999, -9999, -9999, -9999, -9999, -9999, -9999, -9999, -9999, -9999, -9999, -9999, -9999, -9999, -9999, -9999, -9999, -9999, -9999, -9999, -9999, 6, 64, -9999, -9999, -9999, -9999, 7, -9999, -9999, -9999, -9999, 91, -9999, -9999, -9999, -9999, -9999, -9999, -9999, -9999, -9999, -9999, -9999, -9999, -9999, -9999, -9999, -9999, -9999, -9999, -9999, -9999, -9999, -9999, -9999, -9999, -9999, -9999, -9999, -9999, -9999, -9999, 81, -9999, -9999, -9999, -9999],
[-9999, -9999, -9999, -9999, -9999, 4, -9999, 67, -9999, -9999, 32, -9999, -9999, -9999, 85, 4, -9999, -9999, -9999, 6, 77, -9999, -9999, 93, -9999, -9999, 40, -9999, 57, 99, -9999, -9999, -9999, -9999, -9999, -9999, -9999, -9999, -9999, -9999, -9999, -9999, -9999, -9999, -9999, -9999, -9999, -9999, -9999, -9999, -9999, -9999, -9999, 95, -9999, -9999, 74, -9999, -9999, -9999, -9999, -9999, -9999, -9999, 60, -9999, -9999, -9999, -9999, -9999, -9999, -9999, -9999, -9999, -9999, -9999, -9999, -9999, -9999, -9999, 37, -9999, -9999, -9999, -9999, 69, -9999, -9999, 25, -9999, -9999, -9999, -9999, -9999, -9999, -9999, -9999, 51, -9999, -9999],
[97, 98, 57, -9999, 62, 42, 22, 89, -9999, 47, 75, 53, 68, -9999, 51, -9999, -9999, 89, -9999, 91, 16, -9999, -9999, -9999, 62, -9999, 85, -9999, -9999, 28, -9999, 48, -9999, -9999, -9999, 8, 57, -9999, -9999, -9999, 90, 8, -9999, 80, 27, -9999, -9999, 61, 85, 86, 14, -9999, 1, 49, -9999, 22, -9999, 81, -9999, 24, 27, 87, 55, -9999, 45, 28, 34, 60, -9999, -9999, -9999, -9999, 18, 32, 2, -9999, -9999, -9999, 70, -9999, 73, 98, 80, -9999, 27, -9999, -9999, -9999, -9999, -9999, 41, 98, -9999, 62, -9999, -9999, -9999, -9999, 92, -9999],
[41, -9999, 49, -9999, 97, -9999, -9999, 47, 11, -9999, 44, 18, -9999, -9999, 98, 40, -9999, -9999, -9999, 23, 43, -9999, 35, 29, -9999, -9999, 93, -9999, 26, 74, -9999, -9999, 36, -9999, -9999, 70, -9999, -9999, 86, -9999, 89, 85, -9999, -9999, 17, -9999, -9999, -9999, 13, 88, 58, 42, -9999, 34, 68, -9999, 60, -9999, 57, -9999, 17, -9999, -9999, 93, -9999, -9999, -9999, 51, -9999, -9999, 33, 5, 72, 19, -9999, 97, 70, -9999, 71, -9999, -9999, -9999, 75, -9999, -9999, 40, -9999, -9999, 35, -9999, 99, 37, -9999, 33, -9999, -9999, 55, 45, -9999, -9999],
[70, -9999, -9999, -9999, 53, 50, -9999, -9999, -9999, -9999, 21, -9999, -9999, -9999, 65, -9999, -9999, -9999, -9999, 65, 6, -9999, -9999, -9999, -9999, -9999, 65, -9999, 15, -9999, -9999, -9999, -9999, -9999, -9999, -9999, -9999, -9999, -9999, -9999, -9999, -9999, -9999, -9999, -9999, 17, -9999, -9999, -9999, -9999, -9999, -9999, -9999, 63, -9999, -9999, 32, -9999, -9999, 43, -9999, -9999, -9999, -9999, 94, -9999, -9999, -9999, -9999, -9999, -9999, -9999, -9999, -9999, -9999, -9999, -9999, -9999, -9999, 8, -9999, -9999, -9999, -9999, -9999, -9999, -9999, -9999, 45, -9999, -9999, -9999, -9999, -9999, -9999, 11, -9999, -9999, -9999, -9999],
[-9999, -9999, 38, -9999, 90, -9999, -9999, -9999, -9999, -9999, 93, 79, -9999, -9999, 15, 42, 31, -9999, -9999, 23, 74, -9999, -9999, -9999, -9999, -9999, 7, -9999, 52, 39, -9999, -9999, -9999, 59, -9999, -9999, -9999, -9999, 54, -9999, 13, 11, -9999, -9999, 32, -9999, -9999, -9999, 23, 21, -9999, 40, 9, 98, 68, -9999, 47, -9999, -9999, -9999, 69, 29, -9999, -9999, 84, 48, -9999, 19, -9999, -9999, -9999, 39, 47, 17, 88, -9999, -9999, 44, -9999, -9999, -9999, -9999, 52, -9999, -9999, 96, -9999, 47, 41, -9999, 49, 24, -9999, 53, -9999, -9999, 31, 73, -9999, -9999],
[-9999, -9999, -9999, -9999, 84, -9999, -9999, 52, -9999, -9999, 42, -9999, -9999, -9999, -9999, 23, -9999, -9999, -9999, 99, 73, -9999, -9999, 64, -9999, -9999, 28, -9999, 18, -9999, -9999, -9999, -9999, -9999, -9999, -9999, -9999, -9999, -9999, -9999, -9999, -9999, -9999, -9999, -9999, -9999, -9999, -9999, -9999, -9999, -9999, -9999, -9999, 52, 9, -9999, -9999, -9999, -9999, -9999, -9999, -9999, -9999, -9999, -9999, -9999, -9999, -9999, -9999, -9999, -9999, -9999, -9999, -9999, -9999, -9999, -9999, -9999, -9999, 74, -9999, -9999, -9999, -9999, -9999, -9999, -9999, -9999, 89, -9999, -9999, -9999, -9999, -9999, -9999, 35, -9999, 31, -9999, -9999],
[-9999, -9999, -9999, -9999, 42, -9999, -9999, -9999, -9999, -9999, 98, -9999, -9999, -9999, -9999, 20, -9999, -9999, -9999, 64, 36, -9999, -9999, -9999, -9999, -9999, 8, -9999, -9999, 83, -9999, -9999, -9999, -9999, -9999, -9999, -9999, -9999, -9999, -9999, -9999, -9999, -9999, -9999, -9999, 48, -9999, -9999, -9999, -9999, -9999, -9999, -9999, 73, 85, -9999, 13, -9999, -9999, 86, -9999, -9999, -9999, -9999, 23, -9999, -9999, -9999, -9999, -9999, -9999, -9999, -9999, -9999, -9999, -9999, -9999, -9999, -9999, -9999, 37, -9999, -9999, -9999, -9999, -9999, -9999, 75, 29, -9999, -9999, -9999, -9999, -9999, -9999, 98, -9999, 73, -9999, -9999],
[27, -9999, 75, -9999, 83, 13, -9999, -9999, 89, 44, 32, 27, -9999, -9999, -9999, -9999, -9999, 89, -9999, 81, 62, 82, 95, -9999, 44, -9999, 81, -9999, 14, 4, -9999, -9999, 51, -9999, -9999, -9999, -9999, -9999, -9999, -9999, 54, 81, 85, -9999, 33, -9999, -9999, -9999, 29, 78, 22, -9999, -9999, 2, -9999, 44, 74, -9999, -9999, -9999, -9999, -9999, 21, -9999, 52, 19, 87, -9999, -9999, -9999, -9999, 63, 11, -9999, -9999, 51, -9999, 3, 90, -9999, 20, 27, 67, -9999, 61, -9999, -9999, 71, -9999, -9999, -9999, 53, 77, 59, 80, 47, -9999, -9999, -9999, 61],
[-9999, -9999, -9999, -9999, -9999, 11, -9999, -9999, -9999, -9999, 59, -9999, -9999, -9999, 19, 49, -9999, -9999, 59, -9999, 4, -9999, -9999, 31, -9999, -9999, 83, -9999, 66, 94, -9999, -9999, -9999, -9999, -9999, -9999, -9999, -9999, 98, -9999, -9999, -9999, -9999, -9999, -9999, -9999, -9999, -9999, -9999, -9999, -9999, -9999, -9999, 51, -9999, -9999, -9999, -9999, -9999, 70, -9999, -9999, -9999, -9999, 26, -9999, -9999, -9999, -9999, -9999, -9999, -9999, -9999, -9999, -9999, -9999, -9999, -9999, -9999, -9999, 89, -9999, -9999, -9999, -9999, 45, -9999, 86, 75, -9999, -9999, -9999, -9999, -9999, -9999, -9999, -9999, 91, -9999, -9999],
[4, -9999, 52, -9999, 71, -9999, -9999, 43, -9999, -9999, -9999, 68, -9999, -9999, -9999, -9999, 90, -9999, -9999, 86, 51, -9999, -9999, 17, -9999, -9999, 52, -9999, -9999, -9999, -9999, -9999, 2, 23, -9999, 45, -9999, -9999, -9999, -9999, -9999, 97, -9999, -9999, 87, 89, 13, -9999, 37, -9999, -9999, 93, 14, 62, -9999, -9999, 50, -9999, 55, 78, 52, -9999, -9999, -9999, -9999, 54, -9999, 55, -9999, -9999, -9999, -9999, 85, -9999, -9999, 81, -9999, 89, 80, 84, 33, 26, 72, -9999, -9999, -9999, -9999, -9999, 29, -9999, -9999, 32, -9999, 43, -9999, 55, 74, 98, -9999, -9999],
[48, -9999, -9999, -9999, -9999, 32, -9999, 79, -9999, -9999, -9999, 68, -9999, -9999, 96, 64, 45, -9999, -9999, -9999, 13, -9999, 26, 14, -9999, -9999, 13, -9999, 12, -9999, 88, -9999, -9999, 25, -9999, 44, -9999, -9999, -9999, -9999, 57, -9999, -9999, -9999, -9999, -9999, 26, -9999, 76, -9999, -9999, 51, -9999, 6, 23, -9999, -9999, -9999, 18, 22, -9999, -9999, -9999, -9999, 93, 46, -9999, -9999, 13, -9999, -9999, 81, -9999, 87, 18, -9999, -9999, 64, 42, -9999, 72, 67, 51, -9999, -9999, 14, -9999, 1, -9999, -9999, -9999, 20, -9999, 19, -9999, 17, -9999, -9999, -9999, -9999],
[1, -9999, -9999, -9999, 13, 33, -9999, -9999, -9999, -9999, 49, -9999, -9999, -9999, -9999, -9999, -9999, -9999, -9999, 53, 98, -9999, -9999, 19, -9999, -9999, 52, -9999, -9999, 42, -9999, -9999, -9999, -9999, -9999, -9999, -9999, -9999, 93, -9999, -9999, -9999, -9999, -9999, -9999, 57, -9999, -9999, -9999, -9999, -9999, -9999, -9999, 99, 13, -9999, -9999, -9999, -9999, 34, -9999, -9999, -9999, -9999, 53, -9999, -9999, -9999, -9999, 8, -9999, -9999, -9999, -9999, -9999, -9999, -9999, -9999, -9999, -9999, 83, -9999, -9999, -9999, -9999, 98, -9999, 3, 58, -9999, -9999, -9999, -9999, -9999, -9999, -9999, -9999, 11, -9999, -9999],
[59, -9999, 77, -9999, -9999, -9999, -9999, 39, -9999, -9999, 28, 18, -9999, -9999, 84, 86, -9999, -9999, -9999, 31, 86, -9999, 74, 88, -9999, -9999, 67, -9999, 93, 31, 99, -9999, -9999, -9999, -9999, 5, -9999, 43, 5, -9999, 5, 36, 62, -9999, 63, -9999, 67, -9999, 69, 28, 51, 8, -9999, 17, -9999, -9999, -9999, -9999, -9999, 63, 61, -9999, -9999, -9999, -9999, -9999, -9999, -9999, -9999, -9999, -9999, 17, -9999, 78, -9999, 65, -9999, -9999, 3, -9999, 22, -9999, 99, -9999, -9999, 81, -9999, 49, 99, -9999, 36, 96, -9999, -9999, -9999, -9999, -9999, 85, -9999, -9999],
[70, -9999, -9999, -9999, -9999, 67, -9999, 64, 64, -9999, 35, 85, -9999, -9999, -9999, 21, -9999, -9999, -9999, 77, 18, -9999, -9999, 9, -9999, -9999, 4, -9999, 55, -9999, 23, -9999, -9999, -9999, -9999, 52, -9999, -9999, -9999, -9999, 1, 1, -9999, 15, -9999, 49, 34, 73, 55, -9999, 24, 87, -9999, 35, -9999, -9999, -9999, 77, 45, 40, -9999, -9999, -9999, -9999, 65, -9999, -9999, 14, -9999, -9999, -9999, -9999, 94, 74, -9999, 10, -9999, 50, -9999, -9999, 25, 45, 23, -9999, -9999, -9999, -9999, -9999, -9999, -9999, -9999, 80, -9999, 86, -9999, 64, -9999, -9999, -9999, -9999],
[-9999, -9999, -9999, -9999, 37, 25, -9999, -9999, -9999, -9999, 22, -9999, -9999, -9999, 28, 1, -9999, -9999, -9999, 55, 32, -9999, -9999, 31, -9999, -9999, 78, -9999, -9999, -9999, -9999, -9999, -9999, -9999, -9999, -9999, -9999, -9999, 86, 96, -9999, -9999, -9999, -9999, -9999, -9999, -9999, -9999, -9999, -9999, -9999, -9999, -9999, 46, 45, -9999, -9999, -9999, -9999, 66, -9999, -9999, -9999, -9999, -9999, -9999, -9999, -9999, -9999, 57, -9999, -9999, -9999, -9999, -9999, -9999, -9999, -9999, -9999, -9999, 8, -9999, -9999, -9999, -9999, 35, -9999, 9, 20, -9999, -9999, -9999, -9999, -9999, -9999, 44, -9999, 57, -9999, -9999],
[-9999, -9999, 92, -9999, 73, 75, -9999, -9999, 52, -9999, 41, 66, -9999, -9999, -9999, 34, 97, -9999, -9999, 91, 99, -9999, 89, -9999, -9999, -9999, 68, -9999, 3, -9999, 7, -9999, 62, -9999, -9999, 85, -9999, -9999, -9999, -9999, 69, 51, 68, 85, -9999, 27, -9999, -9999, 62, 53, 75, 39, 34, 90, 5, -9999, 11, -9999, -9999, 23, 10, -9999, -9999, -9999, -9999, -9999, -9999, 68, -9999, -9999, -9999, 87, -9999, -9999, -9999, 48, -9999, 65, -9999, -9999, 97, 11, 30, -9999, -9999, -9999, -9999, 92, 61, -9999, -9999, 60, -9999, 67, -9999, -9999, 82, 19, -9999, -9999],
[-9999, -9999, -9999, -9999, -9999, -9999, -9999, -9999, -9999, -9999, -9999, -9999, -9999, -9999, -9999, -9999, 72, -9999, -9999, -9999, -9999, -9999, 100, -9999, -9999, -9999, -9999, -9999, -9999, -9999, -9999, 86, -9999, -9999, 51, -9999, -9999, -9999, -9999, -9999, -9999, 26, 55, -9999, -9999, -9999, -9999, -9999, -9999, -9999, -9999, -9999, -9999, -9999, 80, -9999, -9999, -9999, -9999, -9999, -9999, -9999, -9999, -9999, -9999, -9999, -9999, -9999, -9999, -9999, -9999, -9999, -9999, 14, -9999, -9999, -9999, -9999, -9999, -9999, -9999, -9999, -9999, -9999, -9999, -9999, -9999, -9999, -9999, -9999, -9999, -9999, -9999, -9999, -9999, 89, -9999, -9999, -9999, -9999],
[4, 31, -9999, -9999, 36, -9999, 54, 46, -9999, -9999, 61, -9999, -9999, -9999, -9999, -9999, -9999, -9999, -9999, -9999, 77, -9999, -9999, -9999, -9999, -9999, 71, -9999, -9999, -9999, -9999, -9999, -9999, -9999, 36, -9999, -9999, -9999, 96, -9999, -9999, -9999, -9999, -9999, -9999, -9999, -9999, -9999, -9999, -9999, -9999, -9999, -9999, 39, 3, -9999, 34, -9999, -9999, -9999, -9999, -9999, -9999, -9999, 20, -9999, 89, -9999, -9999, -9999, -9999, -9999, -9999, -9999, -9999, -9999, 99, -9999, -9999, -9999, -9999, -9999, -9999, -9999, 90, 61, -9999, 57, 39, -9999, -9999, -9999, -9999, -9999, -9999, -9999, -9999, 30, 89, -9999],
[82, -9999, -9999, -9999, 35, 62, -9999, 38, -9999, -9999, 4, -9999, -9999, -9999, 1, -9999, -9999, -9999, -9999, -9999, 37, -9999, -9999, -9999, -9999, -9999, 3, -9999, 25, 29, -9999, -9999, -9999, -9999, -9999, -9999, -9999, -9999, 82, -9999, -9999, -9999, -9999, -9999, -9999, -9999, -9999, -9999, -9999, -9999, -9999, -9999, -9999, 52, -9999, -9999, 20, -9999, -9999, 12, -9999, -9999, -9999, -9999, 33, -9999, -9999, -9999, -9999, -9999, -9999, -9999, -9999, -9999, -9999, -9999, -9999, -9999, -9999, -9999, 92, -9999, -9999, -9999, -9999, -9999, -9999, -9999, 49, -9999, -9999, -9999, -9999, -9999, -9999, 95, -9999, 44, -9999, -9999],
[-9999, -9999, 26, -9999, 4, 87, -9999, 37, 98, -9999, -9999, 29, 34, -9999, 51, -9999, -9999, -9999, -9999, 83, 37, -9999, 15, 45, 66, -9999, 44, -9999, 52, 90, -9999, -9999, 2, 88, -9999, 98, -9999, -9999, -9999, -9999, 97, 84, 67, -9999, 17, -9999, 63, -9999, -9999, 90, -9999, 92, -9999, 3, 30, 22, -9999, -9999, -9999, 17, -9999, -9999, 58, -9999, 75, 64, 52, 85, -9999, -9999, -9999, 5, 76, 65, -9999, 68, 66, -9999, 72, -9999, -9999, -9999, 4, -9999, 90, 41, -9999, 75, 27, -9999, 12, 57, 22, -9999, 1, 24, 76, 41, -9999, 73],
[82, -9999, 27, -9999, -9999, -9999, -9999, -9999, -9999, -9999, -9999, 8, -9999, 20, -9999, 61, 37, -9999, -9999, 7, 97, -9999, -9999, 76, -9999, -9999, 76, -9999, -9999, -9999, -9999, -9999, -9999, -9999, -9999, 82, -9999, -9999, 90, -9999, 72, 38, 94, 16, -9999, 19, -9999, -9999, -9999, 33, 96, -9999, 97, 10, -9999, -9999, 40, -9999, -9999, -9999, 60, 87, -9999, -9999, -9999, 7, -9999, 66, -9999, -9999, -9999, 100, -9999, -9999, -9999, 15, -9999, -9999, 27, -9999, -9999, -9999, 19, -9999, -9999, 57, -9999, 55, 57, -9999, 85, 75, -9999, -9999, -9999, 24, 66, 84, -9999, -9999],
[-9999, -9999, -9999, -9999, 11, 31, -9999, 64, -9999, -9999, 96, -9999, -9999, -9999, -9999, -9999, -9999, -9999, -9999, -9999, 84, -9999, -9999, 72, -9999, -9999, 83, -9999, -9999, -9999, -9999, -9999, -9999, -9999, -9999, -9999, -9999, -9999, 3, -9999, -9999, -9999, -9999, -9999, -9999, -9999, -9999, -9999, -9999, -9999, -9999, -9999, -9999, 3, 77, -9999, 53, -9999, -9999, -9999, -9999, -9999, -9999, -9999, -9999, -9999, -9999, -9999, -9999, -9999, -9999, -9999, -9999, -9999, -9999, -9999, 14, -9999, -9999, -9999, 47, -9999, -9999, -9999, -9999, -9999, -9999, 52, 29, -9999, -9999, -9999, -9999, -9999, -9999, 2, -9999, -9999, -9999, -9999],
[-9999, -9999, 51, -9999, -9999, 100, -9999, 15, 43, -9999, -9999, 50, -9999, -9999, -9999, 84, 33, -9999, -9999, -9999, 38, -9999, -9999, -9999, -9999, -9999, 45, -9999, -9999, 19, -9999, -9999, 86, -9999, -9999, 86, -9999, -9999, 8, -9999, 3, 18, -9999, -9999, 65, 43, -9999, -9999, -9999, -9999, -9999, 63, 99, -9999, 2, -9999, 15, -9999, 17, 61, -9999, -9999, -9999, -9999, 29, 64, -9999, -9999, -9999, -9999, -9999, 25, 100, 48, 3, 57, -9999, 18, 86, -9999, -9999, 2, 23, -9999, -9999, 90, -9999, 71, -9999, -9999, 46, 85, -9999, -9999, -9999, 20, -9999, 57, -9999, -9999],
[92, 62, -9999, -9999, -9999, 39, 57, -9999, 79, -9999, 44, 25, 53, -9999, 25, 49, -9999, -9999, -9999, 85, 90, -9999, 47, 77, 87, -9999, 71, -9999, -9999, 57, -9999, -9999, -9999, 3, -9999, 14, -9999, -9999, -9999, -9999, 5, 3, -9999, 79, 99, -9999, 35, -9999, 33, -9999, 5, 50, 27, 69, -9999, 54, -9999, 17, 66, 83, -9999, 24, 95, -9999, -9999, 67, -9999, 21, -9999, -9999, 4, 52, 57, 13, 46, -9999, -9999, -9999, 78, -9999, 1, -9999, 34, -9999, 69, 77, -9999, -9999, 40, -9999, 86, 47, -9999, 35, -9999, -9999, 23, 5, -9999, -9999],
[-9999, -9999, -9999, -9999, -9999, -9999, -9999, -9999, -9999, -9999, -9999, -9999, -9999, -9999, -9999, -9999, -9999, -9999, -9999, -9999, -9999, -9999, 16, -9999, -9999, -9999, -9999, -9999, -9999, -9999, -9999, 62, -9999, -9999, 16, -9999, -9999, -9999, -9999, -9999, -9999, 82, 53, -9999, -9999, -9999, -9999, -9999, -9999, -9999, -9999, -9999, -9999, -9999, 2, -9999, -9999, -9999, -9999, -9999, -9999, -9999, -9999, -9999, -9999, -9999, -9999, -9999, -9999, -9999, -9999, -9999, -9999, 94, -9999, -9999, -9999, -9999, -9999, -9999, -9999, -9999, -9999, -9999, -9999, -9999, -9999, -9999, -9999, -9999, -9999, -9999, -9999, -9999, -9999, 78, -9999, -9999, -9999, -9999],
[-9999, -9999, -9999, -9999, -9999, -9999, -9999, -9999, -9999, -9999, -9999, -9999, -9999, -9999, -9999, -9999, -9999, -9999, -9999, -9999, -9999, -9999, -9999, -9999, -9999, -9999, -9999, -9999, -9999, -9999, -9999, -9999, -9999, -9999, -9999, -9999, -9999, -9999, -9999, -9999, -9999, -9999, -9999, -9999, -9999, -9999, -9999, -9999, -9999, -9999, -9999, -9999, -9999, -9999, 40, -9999, -9999, -9999, -9999, -9999, -9999, -9999, -9999, -9999, -9999, -9999, -9999, -9999, -9999, -9999, -9999, -9999, -9999, -9999, -9999, -9999, -9999, -9999, -9999, -9999, -9999, -9999, -9999, -9999, -9999, -9999, -9999, -9999, -9999, -9999, -9999, -9999, -9999, -9999, -9999, 55, -9999, -9999, -9999, -9999],
[84, -9999, -9999, -9999, 46, -9999, -9999, 11, -9999, -9999, 60, 17, -9999, -9999, 15, 40, 8, -9999, -9999, -9999, 81, -9999, 35, -9999, -9999, -9999, 49, -9999, -9999, 95, -9999, -9999, -9999, 29, -9999, 80, -9999, -9999, -9999, -9999, 74, 62, 60, -9999, 92, -9999, -9999, 30, -9999, -9999, 53, -9999, 11, 38, 62, -9999, 61, -9999, -9999, -9999, -9999, -9999, -9999, -9999, -9999, 97, -9999, 31, -9999, -9999, -9999, -9999, 48, -9999, -9999, -9999, 99, 65, -9999, -9999, -9999, -9999, 31, -9999, -9999, 9, -9999, 33, -9999, -9999, 65, 42, -9999, -9999, -9999, 56, -9999, -9999, -9999, -9999],
[-9999, -9999, -9999, -9999, -9999, 21, -9999, -9999, -9999, -9999, 29, 40, -9999, -9999, 80, -9999, -9999, -9999, -9999, -9999, 87, -9999, -9999, -9999, -9999, -9999, 10, -9999, 22, 19, -9999, -9999, 31, -9999, -9999, 4, -9999, 41, 60, -9999, 97, 50, 98, 51, -9999, -9999, 27, -9999, 48, 51, 31, 42, -9999, 95, 6, -9999, 54, -9999, -9999, -9999, 82, -9999, -9999, -9999, -9999, 79, -9999, 74, -9999, -9999, -9999, -9999, -9999, 86, -9999, 60, -9999, 15, 31, -9999, 50, 51, 60, -9999, -9999, 9, -9999, 70, -9999, -9999, -9999, 19, -9999, -9999, -9999, 90, -9999, 22, -9999, -9999],
[52, -9999, -9999, -9999, -9999, 84, -9999, 33, 7, -9999, -9999, 49, -9999, -9999, 59, -9999, 5, -9999, -9999, 69, 42, -9999, -9999, -9999, -9999, -9999, 47, -9999, -9999, -9999, -9999, -9999, 45, 44, -9999, 99, -9999, -9999, -9999, -9999, 3, 21, 6, -9999, 19, -9999, -9999, -9999, 38, -9999, 23, 4, 55, 4, -9999, -9999, 67, -9999, 91, -9999, 39, -9999, -9999, -9999, 90, -9999, -9999, -9999, -9999, -9999, -9999, 3, -9999, 53, 65, -9999, -9999, -9999, 24, -9999, 48, 46, 49, -9999, -9999, 3, -9999, -9999, -9999, -9999, -9999, 53, -9999, 36, -9999, 90, -9999, 45, -9999, -9999],
[-9999, -9999, -9999, -9999, 19, 98, -9999, 91, -9999, -9999, -9999, -9999, -9999, -9999, -9999, 63, -9999, -9999, -9999, 93, 39, 57, -9999, 11, -9999, -9999, 5, -9999, 9, -9999, -9999, -9999, -9999, -9999, 72, -9999, -9999, -9999, -9999, -9999, -9999, -9999, -9999, -9999, -9999, 20, -9999, -9999, -9999, -9999, -9999, -9999, -9999, 58, 65, -9999, -9999, -9999, -9999, -9999, -9999, -9999, -9999, -9999, 59, -9999, -9999, -9999, -9999, 13, -9999, -9999, -9999, -9999, -9999, -9999, -9999, -9999, -9999, -9999, 38, -9999, -9999, -9999, -9999, -9999, -9999, 22, -9999, -9999, -9999, -9999, -9999, -9999, -9999, 88, -9999, -9999, -9999, -9999],
[-9999, -9999, -9999, -9999, -9999, -9999, -9999, -9999, -9999, -9999, -9999, -9999, -9999, -9999, -9999, -9999, -9999, -9999, -9999, -9999, -9999, -9999, 15, -9999, -9999, -9999, -9999, -9999, -9999, -9999, -9999, 32, -9999, 10, -9999, -9999, -9999, -9999, -9999, -9999, -9999, 9, 72, -9999, -9999, -9999, -9999, -9999, -9999, -9999, -9999, -9999, -9999, -9999, 58, -9999, -9999, -9999, -9999, -9999, -9999, -9999, -9999, -9999, -9999, -9999, -9999, -9999, -9999, -9999, 83, -9999, -9999, -9999, -9999, -9999, -9999, -9999, -9999, -9999, -9999, -9999, -9999, -9999, -9999, -9999, -9999, -9999, -9999, -9999, -9999, -9999, -9999, -9999, -9999, 73, -9999, -9999, -9999, -9999],
[37, -9999, -9999, -9999, 9, 47, -9999, 92, -9999, -9999, -9999, -9999, -9999, -9999, -9999, 76, -9999, -9999, -9999, 39, 26, 13, -9999, -9999, -9999, -9999, 62, -9999, 34, -9999, 82, -9999, -9999, -9999, -9999, -9999, -9999, -9999, -9999, 51, -9999, -9999, -9999, -9999, -9999, 3, -9999, -9999, -9999, -9999, -9999, -9999, -9999, 85, -9999, -9999, -9999, -9999, -9999, 80, -9999, -9999, -9999, -9999, -9999, -9999, -9999, -9999, -9999, -9999, -9999, -9999, -9999, -9999, -9999, -9999, -9999, -9999, -9999, -9999, 6, -9999, -9999, -9999, -9999, 8, -9999, -9999, 39, -9999, -9999, -9999, -9999, -9999, -9999, 22, -9999, 23, -9999, -9999],
[36, -9999, -9999, -9999, 15, -9999, -9999, -9999, 3, -9999, 22, 1, -9999, 77, 26, 87, -9999, -9999, -9999, 28, 9, -9999, 3, 76, -9999, -9999, 38, -9999, -9999, 76, -9999, -9999, 55, 22, 61, 62, -9999, -9999, 39, -9999, 85, 89, 79, -9999, 55, 97, -9999, 65, 1, 24, -9999, 4, -9999, 44, 74, -9999, -9999, -9999, 97, 1, -9999, -9999, -9999, -9999, -9999, 81, -9999, 41, -9999, -9999, 84, -9999, -9999, -9999, 29, 50, -9999, -9999, 34, -9999, 85, 75, 58, -9999, -9999, 85, -9999, 78, -9999, -9999, 41, 63, -9999, 15, -9999, -9999, 93, 70, -9999, -9999],
[-9999, -9999, -9999, -9999, -9999, -9999, -9999, -9999, -9999, -9999, -9999, -9999, -9999, -9999, -9999, -9999, 52, -9999, -9999, -9999, -9999, -9999, 63, -9999, -9999, -9999, -9999, -9999, -9999, -9999, -9999, -9999, -9999, 56, -9999, -9999, -9999, -9999, -9999, -9999, -9999, 10, 16, -9999, -9999, -9999, -9999, -9999, -9999, -9999, -9999, -9999, -9999, -9999, -9999, -9999, -9999, -9999, -9999, -9999, -9999, -9999, -9999, -9999, -9999, -9999, -9999, -9999, -9999, -9999, -9999, -9999, -9999, -9999, -9999, -9999, -9999, -9999, -9999, -9999, -9999, -9999, -9999, -9999, -9999, -9999, -9999, -9999, -9999, -9999, -9999, -9999, -9999, -9999, -9999, -9999, -9999, -9999, -9999, -9999],
[2, -9999, -9999, -9999, 100, -9999, -9999, -9999, -9999, -9999, -9999, -9999, -9999, -9999, 86, 57, -9999, -9999, -9999, -9999, 69, -9999, -9999, 2, -9999, -9999, 31, -9999, 54, 3, -9999, -9999, -9999, -9999, -9999, -9999, -9999, -9999, 59, -9999, -9999, -9999, -9999, -9999, -9999, 97, -9999, 52, -9999, -9999, -9999, -9999, -9999, 73, -9999, -9999, 85, -9999, -9999, 91, -9999, -9999, -9999, -9999, -9999, -9999, -9999, -9999, -9999, -9999, -9999, -9999, -9999, -9999, -9999, -9999, -9999, -9999, -9999, -9999, 46, -9999, -9999, -9999, -9999, -9999, -9999, 26, -9999, -9999, -9999, -9999, -9999, -9999, -9999, -9999, -9999, -9999, -9999, -9999],
[-9999, -9999, -9999, -9999, -9999, -9999, -9999, -9999, -9999, -9999, -9999, -9999, -9999, -9999, -9999, -9999, -9999, -9999, -9999, -9999, -9999, -9999, 89, -9999, -9999, -9999, -9999, -9999, -9999, -9999, -9999, -9999, -9999, -9999, -9999, -9999, -9999, -9999, -9999, -9999, -9999, 84, 52, -9999, -9999, -9999, -9999, -9999, -9999, -9999, -9999, -9999, -9999, -9999, 34, -9999, -9999, -9999, -9999, -9999, -9999, -9999, -9999, -9999, -9999, -9999, -9999, 76, -9999, -9999, -9999, -9999, -9999, 48, -9999, -9999, -9999, -9999, -9999, -9999, -9999, -9999, -9999, -9999, -9999, -9999, -9999, -9999, -9999, -9999, -9999, -9999, -9999, -9999, -9999, 11, -9999, -9999, -9999, -9999],
[-9999, -9999, 14, -9999, -9999, -9999, -9999, -9999, -9999, -9999, -9999, 39, -9999, -9999, 36, 6, -9999, -9999, -9999, 1, 77, -9999, 88, 47, -9999, -9999, 40, -9999, -9999, 98, -9999, -9999, 2, -9999, -9999, 60, 62, -9999, 41, -9999, 73, 60, -9999, 21, -9999, 57, -9999, 83, 81, -9999, -9999, -9999, -9999, 13, -9999, -9999, 12, -9999, 71, -9999, 9, -9999, -9999, 67, 66, -9999, -9999, -9999, -9999, -9999, -9999, 11, -9999, 81, 44, -9999, -9999, 70, -9999, -9999, 67, 22, 59, -9999, -9999, 70, -9999, -9999, -9999, -9999, 74, 45, -9999, 84, -9999, -9999, -9999, -9999, -9999, -9999],
[57, -9999, 38, -9999, -9999, 97, -9999, 80, 41, -9999, -9999, 60, -9999, -9999, 96, 56, 68, -9999, -9999, -9999, 81, -9999, 18, 92, -9999, -9999, 41, -9999, -9999, 88, -9999, -9999, 17, 85, -9999, 67, -9999, -9999, 51, -9999, 21, 9, 90, 47, -9999, 53, 98, -9999, -9999, 8, 2, 27, 59, 53, 78, -9999, -9999, -9999, -9999, 95, 88, -9999, -9999, -9999, 75, 16, -9999, 72, -9999, 24, -9999, 76, -9999, 49, 17, -9999, -9999, -9999, -9999, -9999, -9999, -9999, 51, -9999, -9999, 80, -9999, 96, -9999, -9999, 38, -9999, -9999, 23, -9999, -9999, 22, 18, -9999, -9999],
[49, -9999, -9999, -9999, 53, -9999, -9999, 86, -9999, -9999, -9999, -9999, -9999, -9999, 24, -9999, -9999, -9999, -9999, 23, 66, -9999, -9999, 92, -9999, -9999, 51, -9999, -9999, 1, -9999, -9999, -9999, -9999, -9999, -9999, -9999, -9999, 77, -9999, -9999, -9999, -9999, -9999, -9999, -9999, -9999, -9999, -9999, -9999, -9999, -9999, -9999, 14, 15, -9999, 83, -9999, -9999, -9999, -9999, -9999, -9999, -9999, 4, -9999, -9999, -9999, -9999, -9999, -9999, -9999, -9999, -9999, -9999, -9999, -9999, -9999, -9999, -9999, -9999, -9999, -9999, -9999, -9999, -9999, -9999, 51, 32, -9999, -9999, -9999, -9999, -9999, -9999, 81, -9999, 64, -9999, -9999],
[49, -9999, -9999, -9999, 37, 34, -9999, 56, -9999, -9999, 19, -9999, -9999, -9999, -9999, -9999, -9999, -9999, -9999, 36, 5, -9999, -9999, -9999, -9999, -9999, 90, -9999, 44, 98, -9999, -9999, -9999, -9999, -9999, -9999, -9999, -9999, 18, -9999, -9999, -9999, -9999, -9999, -9999, 53, -9999, -9999, -9999, -9999, -9999, -9999, -9999, 58, 13, -9999, -9999, -9999, -9999, 37, -9999, -9999, -9999, -9999, 40, -9999, -9999, -9999, -9999, -9999, -9999, -9999, -9999, -9999, -9999, -9999, -9999, -9999, -9999, -9999, -9999, -9999, -9999, -9999, -9999, 84, -9999, 97, 56, -9999, -9999, -9999, -9999, -9999, -9999, 4, -9999, -9999, -9999, -9999],
[-9999, -9999, -9999, -9999, -9999, -9999, -9999, -9999, -9999, -9999, -9999, -9999, -9999, -9999, -9999, -9999, 75, -9999, -9999, -9999, -9999, -9999, 74, -9999, -9999, -9999, -9999, -9999, -9999, -9999, -9999, -9999, -9999, 2, -9999, -9999, -9999, -9999, -9999, -9999, -9999, 15, -9999, -9999, -9999, -9999, -9999, -9999, -9999, -9999, -9999, -9999, -9999, -9999, -9999, -9999, -9999, -9999, -9999, -9999, -9999, -9999, -9999, -9999, -9999, -9999, -9999, 61, -9999, -9999, -9999, -9999, -9999, -9999, -9999, -9999, -9999, -9999, -9999, -9999, -9999, -9999, -9999, -9999, -9999, -9999, -9999, -9999, -9999, -9999, -9999, -9999, -9999, -9999, -9999, -9999, -9999, -9999, -9999, -9999],
[70, -9999, 33, -9999, 74, -9999, -9999, -9999, -9999, -9999, -9999, 45, -9999, -9999, 83, -9999, 12, -9999, -9999, -9999, 77, 85, -9999, 81, -9999, -9999, 52, -9999, 60, -9999, 95, -9999, -9999, 87, -9999, 69, -9999, -9999, -9999, -9999, 91, 7, -9999, 46, 61, -9999, -9999, -9999, -9999, -9999, -9999, 33, 79, 30, -9999, -9999, 74, -9999, 40, -9999, -9999, -9999, -9999, -9999, -9999, 60, -9999, 45, -9999, -9999, -9999, 54, -9999, 7, 13, -9999, -9999, 69, -9999, -9999, -9999, 100, 24, -9999, -9999, -9999, -9999, 37, 69, -9999, 12, 76, -9999, 5, -9999, -9999, 71, 1, -9999, -9999],
[83, -9999, 84, -9999, -9999, 84, -9999, 40, 77, -9999, -9999, 7, -9999, -9999, -9999, -9999, 30, -9999, -9999, 19, 20, -9999, 63, 98, -9999, -9999, 93, -9999, -9999, 18, -9999, -9999, -9999, -9999, -9999, 49, -9999, -9999, 47, 75, 28, 42, 80, 46, 74, 47, 4, -9999, -9999, -9999, 8, -9999, -9999, 67, 8, -9999, 45, -9999, 51, 77, 26, -9999, -9999, -9999, 72, 100, -9999, 43, 51, -9999, -9999, -9999, 50, -9999, 29, 58, -9999, 41, 55, -9999, 25, -9999, 2, -9999, -9999, -9999, -9999, -9999, 32, -9999, 15, 100, -9999, 31, -9999, 9, 23, 52, -9999, -9999],
[85, -9999, 71, -9999, -9999, 98, -9999, 22, 60, -9999, -9999, 8, -9999, -9999, 19, 15, 92, -9999, -9999, 33, 63, -9999, 49, 34, -9999, -9999, 36, -9999, 76, 95, -9999, -9999, -9999, 79, -9999, 57, -9999, -9999, -9999, -9999, 10, 52, 9, 36, -9999, 26, 90, 10, -9999, 44, 41, 4, -9999, 3, 26, -9999, 41, -9999, 54, 5, 79, -9999, -9999, -9999, 54, -9999, -9999, -9999, -9999, -9999, -9999, -9999, -9999, -9999, -9999, -9999, -9999, -9999, -9999, -9999, 42, -9999, 35, -9999, -9999, -9999, -9999, 58, 4, -9999, -9999, 96, -9999, -9999, -9999, 80, -9999, -9999, -9999, -9999],
[-9999, -9999, 54, -9999, 79, -9999, -9999, -9999, -9999, -9999, 94, 100, -9999, 96, 72, -9999, 49, -9999, -9999, 9, 37, -9999, 21, 50, -9999, -9999, 49, -9999, -9999, 82, -9999, -9999, 40, -9999, -9999, 1, -9999, -9999, 56, -9999, 64, 15, 68, 60, -9999, 7, -9999, -9999, 4, 25, 53, 71, 66, 30, -9999, -9999, 51, -9999, 14, -9999, 8, 56, -9999, -9999, -9999, 36, -9999, 18, -9999, -9999, -9999, -9999, 36, 92, 40, -9999, -9999, 1, 9, -9999, 88, 67, 42, -9999, -9999, -9999, -9999, 80, 84, -9999, 89, 67, -9999, 44, -9999, 37, 32, 48, -9999, -9999],
[-9999, -9999, -9999, -9999, -9999, -9999, -9999, -9999, -9999, -9999, -9999, -9999, -9999, -9999, -9999, -9999, -9999, -9999, -9999, -9999, -9999, -9999, -9999, -9999, -9999, -9999, -9999, -9999, -9999, -9999, -9999, -9999, -9999, -9999, 64, -9999, -9999, -9999, -9999, -9999, -9999, 42, -9999, -9999, -9999, -9999, -9999, -9999, -9999, -9999, -9999, -9999, -9999, -9999, 75, -9999, -9999, -9999, -9999, -9999, -9999, -9999, -9999, -9999, -9999, -9999, -9999, -9999, -9999, -9999, -9999, -9999, -9999, -9999, -9999, -9999, -9999, -9999, -9999, -9999, -9999, -9999, -9999, -9999, -9999, -9999, -9999, -9999, -9999, -9999, -9999, -9999, -9999, -9999, -9999, 36, -9999, -9999, -9999, -9999],
[-9999, -9999, -9999, -9999, -9999, 79, -9999, 72, -9999, -9999, 71, -9999, -9999, -9999, 99, 36, -9999, -9999, -9999, -9999, 92, 49, -9999, -9999, -9999, -9999, 25, -9999, 43, 58, -9999, -9999, -9999, -9999, 19, -9999, -9999, -9999, -9999, -9999, -9999, -9999, -9999, -9999, -9999, 99, -9999, 90, -9999, -9999, -9999, -9999, -9999, 33, 4, -9999, 33, -9999, -9999, 45, -9999, -9999, -9999, -9999, -9999, -9999, -9999, -9999, -9999, -9999, -9999, -9999, -9999, -9999, -9999, -9999, -9999, -9999, -9999, -9999, 10, -9999, -9999, -9999, -9999, -9999, -9999, -9999, 5, -9999, -9999, -9999, -9999, -9999, -9999, -9999, -9999, -9999, -9999, -9999],
[-9999, -9999, -9999, -9999, -9999, 61, -9999, -9999, -9999, -9999, 77, -9999, -9999, -9999, 61, 7, -9999, -9999, -9999, -9999, -9999, 5, -9999, 49, -9999, -9999, 96, -9999, 4, 87, -9999, -9999, -9999, -9999, 50, -9999, -9999, -9999, -9999, -9999, -9999, -9999, -9999, -9999, -9999, 84, -9999, -9999, -9999, -9999, -9999, -9999, -9999, 39, 11, -9999, -9999, -9999, -9999, 71, -9999, -9999, -9999, -9999, 91, -9999, -9999, -9999, -9999, -9999, -9999, -9999, -9999, -9999, -9999, -9999, -9999, -9999, -9999, -9999, -9999, -9999, -9999, -9999, -9999, 96, -9999, -9999, 54, -9999, -9999, -9999, -9999, -9999, -9999, -9999, -9999, 35, -9999, -9999],
[-9999, -9999, -9999, -9999, 99, 23, -9999, -9999, 83, -9999, 3, 88, -9999, -9999, -9999, 7, -9999, -9999, -9999, 68, 34, -9999, 1, 10, -9999, -9999, 69, -9999, -9999, 37, -9999, -9999, 60, 70, -9999, 40, -9999, 84, 39, -9999, 4, 40, -9999, -9999, 50, 49, 99, -9999, -9999, 84, 35, 32, 5, 39, 40, -9999, 45, -9999, 46, 51, 55, -9999, -9999, -9999, -9999, -9999, -9999, 88, -9999, -9999, -9999, -9999, 55, -9999, 14, -9999, -9999, -9999, -9999, -9999, -9999, 12, 17, -9999, -9999, -9999, -9999, 28, -9999, -9999, -9999, 46, -9999, -9999, -9999, 52, 37, 93, -9999, -9999],
[93, -9999, -9999, -9999, 96, 24, -9999, -9999, 38, -9999, 25, 47, -9999, -9999, -9999, -9999, -9999, -9999, -9999, 15, 26, -9999, -9999, 8, -9999, -9999, 60, -9999, -9999, -9999, -9999, -9999, -9999, -9999, -9999, 18, -9999, -9999, 89, -9999, 2, 27, 40, -9999, -9999, -9999, 58, -9999, 72, -9999, 75, 100, -9999, 24, -9999, -9999, 15, -9999, 100, 55, -9999, -9999, -9999, -9999, 20, 60, -9999, -9999, -9999, -9999, -9999, 51, -9999, 94, 12, -9999, -9999, -9999, 59, -9999, -9999, 29, 36, -9999, -9999, 45, -9999, 49, -9999, -9999, 80, 52, -9999, 18, 5, 18, -9999, 20, -9999, -9999],
[55, -9999, -9999, -9999, -9999, 24, -9999, 54, -9999, -9999, 10, -9999, -9999, -9999, -9999, -9999, -9999, -9999, 10, 85, 10, -9999, -9999, -9999, -9999, -9999, 25, -9999, -9999, -9999, -9999, -9999, -9999, -9999, -9999, -9999, -9999, -9999, 36, 86, -9999, -9999, -9999, -9999, -9999, -9999, -9999, -9999, -9999, -9999, -9999, -9999, -9999, 50, 24, -9999, 67, -9999, -9999, 85, -9999, -9999, -9999, -9999, -9999, -9999, -9999, -9999, -9999, -9999, -9999, -9999, -9999, -9999, -9999, -9999, -9999, -9999, -9999, -9999, -9999, -9999, -9999, -9999, -9999, 48, -9999, 53, 26, -9999, -9999, -9999, -9999, -9999, -9999, 27, -9999, 29, -9999, -9999],
[-9999, 77, -9999, -9999, 50, 92, 44, 98, -9999, -9999, 56, -9999, -9999, -9999, 83, -9999, -9999, -9999, 52, 1, 89, -9999, -9999, -9999, -9999, -9999, 30, -9999, 72, 75, 76, -9999, -9999, -9999, -9999, -9999, -9999, -9999, 62, -9999, -9999, -9999, -9999, -9999, -9999, 57, -9999, -9999, -9999, -9999, -9999, -9999, -9999, 58, -9999, -9999, 29, -9999, -9999, 32, -9999, -9999, -9999, -9999, 45, -9999, -9999, -9999, -9999, -9999, -9999, -9999, -9999, -9999, -9999, -9999, -9999, -9999, -9999, -9999, 71, -9999, -9999, -9999, 45, -9999, -9999, 61, 39, -9999, -9999, -9999, -9999, -9999, -9999, 53, -9999, -9999, 52, -9999],
[-9999, -9999, -9999, -9999, -9999, 90, -9999, -9999, -9999, -9999, -9999, -9999, -9999, -9999, 87, -9999, -9999, -9999, -9999, -9999, 13, -9999, -9999, 47, -9999, -9999, 7, -9999, 48, -9999, -9999, -9999, -9999, -9999, -9999, -9999, -9999, -9999, -9999, -9999, -9999, -9999, -9999, -9999, -9999, 18, -9999, -9999, -9999, -9999, -9999, -9999, -9999, 58, -9999, -9999, 56, -9999, -9999, 80, -9999, -9999, -9999, -9999, 57, -9999, -9999, -9999, -9999, -9999, -9999, -9999, -9999, -9999, -9999, -9999, -9999, -9999, -9999, -9999, 83, -9999, -9999, -9999, -9999, 96, -9999, -9999, 16, -9999, -9999, -9999, -9999, -9999, -9999, 83, -9999, -9999, -9999, -9999],
[88, 55, -9999, -9999, 86, 31, 35, 73, -9999, 80, 93, 71, 34, -9999, 42, 22, 38, -9999, -9999, 98, 86, -9999, 34, -9999, -9999, 50, 85, -9999, 35, 85, 51, -9999, 56, -9999, -9999, 45, -9999, -9999, -9999, -9999, 60, 23, 71, -9999, -9999, 52, -9999, -9999, -9999, 68, 62, -9999, -9999, 33, 7, 49, 27, -9999, 15, 79, 97, -9999, 12, -9999, 92, -9999, 42, 10, -9999, -9999, -9999, 74, 43, 33, 53, -9999, -9999, -9999, 24, 33, 51, 27, 79, -9999, -9999, -9999, 21, -9999, -9999, -9999, 1, 52, 38, 31, -9999, -9999, 21, -9999, 20, -9999],
[50, -9999, 17, -9999, 77, -9999, -9999, 85, -9999, -9999, 64, 7, -9999, -9999, 80, 82, 67, -9999, -9999, 65, 47, -9999, 35, -9999, -9999, -9999, 21, -9999, 67, -9999, -9999, -9999, -9999, 43, -9999, 81, -9999, -9999, -9999, -9999, 18, 27, 29, -9999, 93, 76, -9999, -9999, 26, 43, -9999, 63, 30, 43, 69, -9999, -9999, -9999, 31, 63, -9999, -9999, -9999, -9999, 30, -9999, -9999, 4, -9999, -9999, -9999, 18, 91, 20, 22, -9999, -9999, -9999, -9999, -9999, 44, 13, 89, -9999, -9999, -9999, -9999, 11, 87, -9999, -9999, 17, -9999, -9999, -9999, 96, 47, -9999, -9999, -9999],
[34, -9999, -9999, -9999, -9999, -9999, -9999, 53, -9999, -9999, 74, -9999, -9999, -9999, -9999, 20, -9999, -9999, -9999, -9999, 46, -9999, -9999, -9999, -9999, -9999, 34, -9999, -9999, 40, 99, -9999, -9999, -9999, -9999, -9999, -9999, -9999, 99, -9999, -9999, -9999, -9999, -9999, -9999, -9999, -9999, -9999, -9999, -9999, -9999, -9999, -9999, 59, -9999, -9999, 1, -9999, -9999, 9, -9999, -9999, -9999, -9999, 51, -9999, -9999, -9999, -9999, -9999, -9999, -9999, -9999, -9999, -9999, -9999, 66, -9999, -9999, -9999, 59, -9999, -9999, -9999, -9999, -9999, -9999, -9999, -9999, -9999, -9999, -9999, -9999, -9999, -9999, -9999, -9999, 21, -9999, -9999],
[30, -9999, -9999, -9999, -9999, 62, -9999, 95, -9999, -9999, 1, -9999, -9999, -9999, 15, -9999, -9999, -9999, -9999, 97, 19, -9999, -9999, -9999, -9999, -9999, 42, -9999, -9999, 85, -9999, -9999, -9999, -9999, -9999, -9999, -9999, -9999, -9999, -9999, -9999, -9999, -9999, -9999, -9999, -9999, -9999, -9999, -9999, -9999, -9999, -9999, -9999, 83, -9999, -9999, 12, -9999, -9999, -9999, -9999, -9999, -9999, -9999, -9999, -9999, -9999, -9999, -9999, -9999, -9999, -9999, -9999, -9999, -9999, -9999, -9999, -9999, -9999, -9999, -9999, -9999, -9999, -9999, -9999, -9999, -9999, -9999, 23, -9999, -9999, -9999, -9999, -9999, -9999, 22, -9999, -9999, -9999, -9999],
[-9999, -9999, -9999, -9999, -9999, -9999, -9999, -9999, -9999, -9999, -9999, -9999, -9999, -9999, -9999, -9999, -9999, -9999, -9999, -9999, -9999, -9999, 8, -9999, -9999, -9999, -9999, -9999, -9999, -9999, -9999, -9999, -9999, -9999, -9999, -9999, -9999, -9999, -9999, -9999, -9999, 16, 79, -9999, -9999, -9999, -9999, -9999, -9999, -9999, -9999, -9999, -9999, -9999, 48, -9999, -9999, -9999, -9999, -9999, -9999, -9999, -9999, -9999, -9999, -9999, -9999, 55, -9999, -9999, 20, -9999, -9999, -9999, -9999, -9999, -9999, -9999, -9999, -9999, -9999, -9999, -9999, -9999, -9999, -9999, -9999, -9999, -9999, -9999, -9999, -9999, -9999, -9999, -9999, -9999, -9999, -9999, -9999, -9999],
[71, -9999, -9999, -9999, 52, -9999, -9999, 28, -9999, -9999, -9999, -9999, -9999, -9999, -9999, 81, -9999, -9999, -9999, 41, 39, -9999, -9999, -9999, -9999, -9999, 74, -9999, -9999, 26, 58, -9999, -9999, -9999, -9999, -9999, -9999, -9999, 54, -9999, -9999, -9999, -9999, -9999, -9999, -9999, -9999, -9999, -9999, -9999, -9999, -9999, -9999, 54, 29, -9999, -9999, -9999, -9999, -9999, -9999, -9999, -9999, -9999, 15, -9999, -9999, -9999, -9999, -9999, -9999, -9999, -9999, -9999, -9999, -9999, -9999, -9999, -9999, -9999, -9999, -9999, -9999, -9999, -9999, -9999, -9999, -9999, -9999, -9999, -9999, -9999, -9999, -9999, -9999, 44, -9999, -9999, -9999, -9999],
[100, -9999, -9999, -9999, 73, -9999, -9999, 14, -9999, -9999, -9999, -9999, -9999, -9999, 73, -9999, -9999, -9999, -9999, 20, 28, -9999, -9999, -9999, -9999, -9999, 28, -9999, 44, 79, -9999, -9999, -9999, -9999, -9999, -9999, -9999, -9999, -9999, -9999, -9999, -9999, -9999, -9999, -9999, 62, -9999, -9999, -9999, -9999, -9999, -9999, -9999, 14, 62, -9999, 25, -9999, -9999, -9999, -9999, -9999, -9999, -9999, -9999, -9999, -9999, -9999, -9999, -9999, -9999, -9999, -9999, -9999, -9999, -9999, -9999, -9999, -9999, -9999, 63, -9999, -9999, -9999, -9999, 57, -9999, 19, 58, -9999, -9999, -9999, -9999, -9999, -9999, -9999, -9999, 44, -9999, -9999],
[-9999, -9999, -9999, -9999, 67, 53, -9999, 90, 25, -9999, 43, 57, -9999, -9999, -9999, -9999, -9999, -9999, -9999, 18, 50, -9999, -9999, -9999, -9999, -9999, 53, -9999, 95, -9999, -9999, -9999, 73, -9999, -9999, 32, -9999, -9999, -9999, -9999, 45, 49, -9999, -9999, -9999, -9999, -9999, -9999, 36, 31, 3, -9999, -9999, 92, 63, -9999, 23, -9999, 85, -9999, -9999, -9999, -9999, -9999, 64, -9999, -9999, -9999, -9999, -9999, -9999, 43, -9999, 88, 80, 75, -9999, 92, 33, -9999, 92, 69, 81, -9999, -9999, -9999, -9999, 64, 87, -9999, 11, -9999, -9999, 29, -9999, 98, 57, 5, -9999, -9999],
[-9999, -9999, -9999, -9999, -9999, -9999, -9999, -9999, -9999, -9999, -9999, -9999, -9999, -9999, -9999, -9999, 66, -9999, -9999, -9999, -9999, -9999, -9999, -9999, -9999, -9999, -9999, -9999, -9999, -9999, -9999, -9999, -9999, -9999, -9999, -9999, -9999, -9999, -9999, -9999, -9999, 58, -9999, -9999, -9999, -9999, -9999, -9999, -9999, -9999, -9999, -9999, -9999, -9999, 70, -9999, -9999, -9999, -9999, -9999, -9999, -9999, -9999, -9999, -9999, -9999, -9999, -9999, -9999, -9999, -9999, -9999, -9999, -9999, -9999, -9999, -9999, -9999, -9999, -9999, -9999, -9999, -9999, -9999, -9999, -9999, -9999, -9999, -9999, -9999, -9999, -9999, -9999, -9999, -9999, -9999, -9999, -9999, -9999, -9999],
[31, -9999, -9999, -9999, -9999, 79, -9999, 52, -9999, -9999, -9999, -9999, -9999, -9999, 94, 4, -9999, -9999, -9999, 84, 10, -9999, -9999, 34, -9999, -9999, 57, -9999, -9999, 74, -9999, -9999, -9999, -9999, -9999, -9999, -9999, -9999, 65, -9999, -9999, -9999, -9999, -9999, -9999, 30, -9999, -9999, -9999, -9999, -9999, -9999, -9999, 73, 6, -9999, 26, -9999, -9999, -9999, -9999, 67, -9999, -9999, 32, -9999, -9999, -9999, -9999, -9999, -9999, -9999, -9999, -9999, -9999, -9999, -9999, -9999, -9999, -9999, -9999, -9999, -9999, -9999, -9999, 6, -9999, -9999, 59, -9999, -9999, -9999, -9999, -9999, -9999, 31, -9999, -9999, -9999, -9999],
[18, -9999, -9999, -9999, 22, -9999, -9999, 88, -9999, -9999, 13, -9999, -9999, -9999, 36, -9999, -9999, -9999, -9999, -9999, 82, -9999, -9999, -9999, -9999, -9999, 95, -9999, 20, -9999, -9999, -9999, -9999, -9999, -9999, -9999, -9999, -9999, 59, -9999, -9999, -9999, -9999, -9999, -9999, -9999, -9999, -9999, -9999, -9999, -9999, -9999, -9999, 2, 39, -9999, 27, -9999, -9999, -9999, -9999, -9999, -9999, -9999, -9999, -9999, -9999, -9999, -9999, -9999, -9999, -9999, -9999, -9999, -9999, -9999, -9999, -9999, -9999, -9999, 28, -9999, -9999, -9999, -9999, 85, -9999, 56, -9999, -9999, -9999, -9999, -9999, -9999, -9999, 63, -9999, -9999, -9999, -9999],
[94, -9999, 10, -9999, 35, 34, -9999, 70, 12, -9999, 57, 59, -9999, -9999, 24, 91, 18, -9999, -9999, 5, 98, -9999, 100, 43, -9999, -9999, 81, -9999, -9999, 98, -9999, -9999, -9999, -9999, -9999, 41, -9999, -9999, -9999, -9999, 18, 19, -9999, 27, -9999, -9999, 48, -9999, -9999, 84, -9999, -9999, -9999, 12, -9999, -9999, 67, -9999, 24, -9999, 73, -9999, -9999, -9999, 2, -9999, -9999, -9999, -9999, -9999, -9999, -9999, 3, 46, -9999, 80, -9999, -9999, -9999, -9999, -9999, 84, -9999, -9999, -9999, -9999, -9999, -9999, 2, -9999, -9999, 5, -9999, 6, -9999, -9999, 93, 31, -9999, -9999],
[-9999, -9999, -9999, -9999, -9999, -9999, -9999, -9999, -9999, -9999, -9999, -9999, -9999, -9999, -9999, -9999, -9999, -9999, -9999, -9999, -9999, -9999, -9999, -9999, -9999, -9999, -9999, -9999, -9999, -9999, -9999, -9999, -9999, -9999, -9999, -9999, -9999, -9999, -9999, -9999, -9999, -9999, -9999, -9999, -9999, -9999, -9999, -9999, -9999, -9999, -9999, -9999, -9999, -9999, -9999, -9999, -9999, -9999, -9999, -9999, -9999, -9999, -9999, -9999, -9999, -9999, -9999, -9999, -9999, -9999, -9999, -9999, -9999, -9999, -9999, -9999, -9999, -9999, -9999, -9999, -9999, -9999, -9999, -9999, -9999, -9999, -9999, -9999, -9999, -9999, -9999, -9999, -9999, -9999, -9999, -9999, -9999, -9999, -9999, -9999],
[30, 30, -9999, 30, 45, 31, -9999, 49, -9999, -9999, 30, -9999, -9999, -9999, 44, 96, -9999, -9999, -9999, -9999, 61, -9999, -9999, 3, -9999, 68, 85, -9999, 50, 14, -9999, -9999, -9999, -9999, -9999, -9999, -9999, -9999, 63, -9999, -9999, -9999, -9999, -9999, -9999, 59, -9999, -9999, -9999, -9999, -9999, -9999, -9999, 44, -9999, -9999, 77, -9999, -9999, -9999, -9999, -9999, -9999, -9999, 99, -9999, 53, -9999, -9999, -9999, -9999, -9999, -9999, -9999, -9999, -9999, -9999, -9999, -9999, -9999, 22, -9999, -9999, -9999, 68, 47, 3, 50, 16, -9999, -9999, -9999, -9999, -9999, -9999, -9999, -9999, -9999, 52, -9999],
[27, 100, 48, -9999, 24, -9999, -9999, 46, 15, 8, 1, 52, 100, -9999, 75, 57, -9999, -9999, -9999, -9999, 33, -9999, 86, -9999, 17, -9999, 64, 66, -9999, -9999, -9999, 74, 98, 10, -9999, 67, -9999, -9999, 20, -9999, 66, -9999, -9999, -9999, 73, -9999, 34, -9999, -9999, -9999, -9999, 4, 37, 48, -9999, 80, 99, -9999, 56, -9999, -9999, -9999, -9999, -9999, -9999, 77, 41, -9999, 42, -9999, -9999, 20, 42, 46, 55, 32, -9999, 10, 25, -9999, -9999, 75, 34, 53, 39, 7, -9999, 35, -9999, -9999, 92, 91, 83, -9999, -9999, 26, -9999, -9999, -9999, 71],
[-9999, -9999, -9999, -9999, -9999, -9999, -9999, -9999, -9999, -9999, 55, -9999, -9999, -9999, -9999, 78, -9999, -9999, -9999, 12, 89, -9999, -9999, -9999, -9999, -9999, 4, -9999, 68, 45, -9999, -9999, -9999, -9999, -9999, -9999, -9999, -9999, 83, -9999, -9999, -9999, -9999, -9999, -9999, 45, -9999, -9999, -9999, -9999, -9999, -9999, -9999, 66, 100, -9999, 64, -9999, -9999, 52, -9999, 11, -9999, -9999, -9999, -9999, -9999, -9999, -9999, -9999, -9999, -9999, -9999, -9999, -9999, -9999, -9999, -9999, -9999, -9999, -9999, -9999, -9999, -9999, -9999, -9999, -9999, -9999, -9999, -9999, -9999, -9999, -9999, -9999, -9999, 43, -9999, -9999, -9999, -9999]
];
