NbNodes = 100;
NbNDDs = 0;
NbPairs = 100;
NbTerminals = 0;
K = 0;
L = 102;
Wt = [
[-9999, -9999, -9999, -9999, -9999, -9999, -9999, 11, 58, -9999, -9999, -9999, -9999, -9999, 69, -9999, -9999, -9999, -9999, -9999, -9999, -9999, 9, -9999, -9999, -9999, -9999, 78, 79, -9999, 4, -9999, -9999, 55, -9999, 82, -9999, -9999, -9999, -9999, 94, -9999, -9999, -9999, 97, -9999, -9999, -9999, 45, -9999, -9999, -9999, -9999, -9999, -9999, -9999, -9999, -9999, -9999, -9999, -9999, -9999, -9999, -9999, -9999, -9999, -9999, 36, -9999, -9999, -9999, -9999, 47, -9999, -9999, -9999, -9999, -9999, -9999, -9999, 26, -9999, -9999, -9999, 17, -9999, -9999, -9999, 100, 70, -9999, -9999, -9999, -9999, -9999, -9999, -9999, -9999, 50, -9999],
[-9999, -9999, -9999, -9999, 60, -9999, -9999, -9999, -9999, 99, 42, 80, 90, 64, 69, 36, 55, 82, -9999, -9999, 46, -9999, 28, 98, 23, 12, -9999, 44, -9999, -9999, 4, 62, 43, -9999, -9999, 84, 43, 14, -9999, 28, 90, -9999, -9999, 20, -9999, 84, -9999, 99, -9999, 79, 40, 66, -9999, -9999, -9999, -9999, 68, 83, 63, 50, -9999, 83, -9999, 97, -9999, -9999, 65, -9999, 30, -9999, -9999, -9999, -9999, -9999, -9999, 36, 40, -9999, -9999, -9999, -9999, 54, 20, -9999, 38, -9999, -9999, -9999, 32, -9999, -9999, 52, 81, -9999, 58, -9999, 25, -9999, 12, 24],
[-9999, -9999, -9999, -9999, -9999, -9999, -9999, 35, 94, 46, -9999, -9999, -9999, -9999, -9999, 55, -9999, -9999, -9999, -9999, -9999, 73, -9999, -9999, -9999, -9999, -9999, 26, 29, -9999, -9999, -9999, -9999, -9999, -9999, 42, -9999, -9999, -9999, 61, -9999, -9999, -9999, -9999, -9999, -9999, -9999, -9999, -9999, -9999, -9999, -9999, -9999, -9999, -9999, -9999, -9999, -9999, -9999, -9999, -9999, -9999, -9999, -9999, -9999, -9999, -9999, 99, -9999, -9999, -9999, -9999, -9999, -9999, 86, -9999, -9999, 24, -9999, -9999, 45, -9999, -9999, 81, -9999, 42, -9999, -9999, -9999, 28, -9999, -9999, -9999, -9999, -9999, -9999, -9999, -9999, 43, -9999],
[-9999, 14, -9999, -9999, -9999, -9999, -9999, -9999, 16, 76, 19, 86, 17, 35, -9999, -9999, 82, 56, -9999, -9999, -9999, 55, 40, -9999, 24, 61, -9999, 22, 12, -9999, 38, 2, -9999, -9999, -9999, 19, -9999, -9999, -9999, 58, 35, 36, -9999, 97, -9999, -9999, -9999, -9999, -9999, 65, 4, 53, -9999, -9999, -9999, -9999, 20, 36, 37, -9999, -9999, 52, 82, 23, -9999, -9999, 11, 55, 58, 91, 25, -9999, 11, -9999, -9999, 58, 25, -9999, -9999, 96, 92, 77, -9999, 62, 91, 84, 70, -9999, 71, 20, -9999, 86, -9999, -9999, 64, -9999, -9999, 53, 4, -9999],
[-9999, -9999, -9999, -9999, -9999, -9999, -9999, 44, 92, 75, -9999, -9999, -9999, -9999, 21, -9999, -9999, -9999, -9999, -9999, -9999, 7, 69, 24, -9999, -9999, -9999, 63, -9999, -9999, 97, -9999, -9999, -9999, -9999, -9999, -9999, -9999, -9999, 34, 91, -9999, -9999, -9999, -9999, -9999, -9999, -9999, -9999, -9999, -9999, -9999, -9999, -9999, -9999, -9999, -9999, -9999, -9999, -9999, -9999, -9999, -9999, -9999, -9999, -9999, -9999, 79, -9999, -9999, -9999, -9999, 51, -9999, -9999, -9999, -9999, 2, -9999, -9999, 43, -9999, -9999, -9999, -9999, -9999, -9999, -9999, 7, -9999, -9999, -9999, -9999, -9999, -9999, -9999, -9999, -9999, -9999, -9999],
[-9999, -9999, -9999, -9999, -9999, -9999, -9999, 79, -9999, 19, -9999, -9999, -9999, -9999, -9999, 61, -9999, -9999, -9999, -9999, -9999, 52, -9999, -9999, -9999, -9999, -9999, 47, -9999, -9999, -9999, -9999, -9999, -9999, -9999, -9999, -9999, -9999, -9999, 47, 97, -9999, -9999, -9999, -9999, -9999, -9999, -9999, -9999, -9999, -9999, -9999, -9999, -9999, -9999, -9999, -9999, -9999, -9999, -9999, -9999, -9999, -9999, -9999, -9999, -9999, -9999, 30, -9999, -9999, -9999, -9999, -9999, -9999, -9999, -9999, -9999, 87, -9999, -9999, 55, -9999, -9999, -9999, -9999, 93, -9999, -9999, 42, 3, -9999, -9999, -9999, -9999, -9999, -9999, -9999, -9999, 62, -9999],
[78, 48, -9999, 46, 78, 18, -9999, -9999, -9999, 31, 83, 1, 26, 79, -9999, 29, 37, -9999, 48, -9999, -9999, -9999, 45, -9999, -9999, 87, -9999, 73, -9999, 21, 74, -9999, 3, 27, 28, 2, 44, 36, -9999, -9999, 5, 51, -9999, 70, -9999, -9999, -9999, -9999, -9999, 82, -9999, 58, 58, 94, -9999, 67, 94, 4, 86, 86, -9999, 77, -9999, -9999, -9999, 89, 80, 91, 25, -9999, 12, -9999, 96, -9999, -9999, 87, 1, 49, 86, 5, 62, 98, -9999, 100, 69, 51, 23, -9999, 75, -9999, -9999, -9999, -9999, -9999, 91, 27, -9999, 73, 77, 3],
[-9999, -9999, -9999, -9999, -9999, -9999, -9999, -9999, -9999, -9999, -9999, -9999, -9999, -9999, -9999, -9999, -9999, -9999, -9999, -9999, -9999, -9999, -9999, -9999, -9999, -9999, -9999, -9999, -9999, -9999, -9999, -9999, -9999, -9999, -9999, -9999, -9999, -9999, -9999, -9999, -9999, -9999, -9999, -9999, -9999, -9999, -9999, -9999, -9999, -9999, -9999, -9999, -9999, -9999, -9999, -9999, -9999, -9999, -9999, -9999, -9999, -9999, -9999, -9999, -9999, -9999, -9999, -9999, -9999, -9999, -9999, -9999, -9999, -9999, -9999, -9999, -9999, -9999, -9999, -9999, -9999, -9999, -9999, -9999, -9999, -9999, -9999, -9999, -9999, -9999, -9999, -9999, -9999, -9999, -9999, -9999, -9999, -9999, -9999, -9999],
[74, 99, -9999, -9999, 41, -9999, -9999, 70, -9999, 24, 72, 60, -9999, -9999, 75, 20, 68, 33, 13, -9999, -9999, 2, -9999, 90, -9999, 9, -9999, 94, 32, 13, 54, 29, 75, -9999, 9, -9999, 51, 23, -9999, 15, 51, -9999, -9999, 51, -9999, -9999, -9999, 40, -9999, -9999, -9999, 89, 45, 49, -9999, 14, 21, 56, 39, 59, -9999, -9999, 87, -9999, 26, -9999, -9999, -9999, 9, -9999, -9999, -9999, 12, -9999, -9999, 14, 61, 21, 17, -9999, 53, 45, -9999, 66, -9999, -9999, -9999, -9999, 80, -9999, 32, -9999, -9999, -9999, 91, 63, -9999, 46, 70, 69],
[-9999, -9999, -9999, -9999, -9999, -9999, -9999, -9999, 23, -9999, -9999, -9999, -9999, -9999, -9999, -9999, -9999, -9999, -9999, -9999, -9999, -9999, -9999, 94, -9999, -9999, -9999, 55, 57, -9999, -9999, -9999, -9999, 81, -9999, 40, -9999, -9999, -9999, 98, 27, -9999, -9999, -9999, -9999, -9999, -9999, -9999, -9999, -9999, -9999, -9999, -9999, -9999, -9999, -9999, -9999, -9999, -9999, -9999, -9999, -9999, -9999, -9999, -9999, -9999, -9999, -9999, -9999, 25, -9999, -9999, 1, -9999, -9999, -9999, -9999, 39, -9999, -9999, -9999, -9999, -9999, 1, 59, -9999, -9999, -9999, 23, 56, -9999, -9999, 46, -9999, -9999, -9999, -9999, -9999, 28, -9999],
[14, 9, -9999, -9999, 86, 2, -9999, 64, -9999, -9999, -9999, -9999, -9999, 56, -9999, -9999, 68, 13, 41, -9999, -9999, 62, 32, -9999, -9999, -9999, -9999, 26, -9999, -9999, -9999, 79, 78, -9999, -9999, -9999, 41, -9999, -9999, -9999, -9999, 58, 50, -9999, -9999, 41, -9999, -9999, -9999, 45, -9999, 43, -9999, 67, -9999, 66, -9999, 55, 97, -9999, -9999, -9999, 2, 16, -9999, -9999, 59, 97, 3, -9999, 100, -9999, 77, -9999, -9999, 99, 98, 16, -9999, 49, -9999, -9999, 40, -9999, 29, -9999, 19, -9999, 53, -9999, -9999, 14, -9999, -9999, 67, -9999, -9999, 80, -9999, 25],
[88, 82, -9999, -9999, -9999, 3, -9999, 36, 79, -9999, 6, -9999, -9999, 49, -9999, 55, 53, 53, 8, -9999, 52, -9999, 15, 85, 5, 72, -9999, 89, 57, -9999, -9999, 66, 71, 36, -9999, 76, -9999, -9999, -9999, -9999, 84, 11, 59, 77, -9999, 33, -9999, -9999, -9999, 87, 42, 9, -9999, -9999, -9999, 39, -9999, 38, -9999, 74, -9999, 14, -9999, 1, -9999, -9999, 67, 49, 91, -9999, 87, 59, 78, -9999, -9999, 18, 47, 97, -9999, 45, 27, -9999, -9999, -9999, -9999, 2, -9999, -9999, 10, -9999, -9999, 45, -9999, -9999, 53, -9999, -9999, -9999, -9999, 31],
[-9999, -9999, -9999, -9999, -9999, -9999, -9999, -9999, -9999, -9999, -9999, 45, -9999, -9999, -9999, -9999, -9999, -9999, -9999, -9999, -9999, -9999, -9999, -9999, -9999, -9999, -9999, -9999, -9999, -9999, -9999, -9999, -9999, -9999, -9999, -9999, -9999, -9999, -9999, -9999, -9999, -9999, -9999, -9999, -9999, -9999, -9999, -9999, -9999, -9999, -9999, -9999, -9999, 70, -9999, -9999, -9999, -9999, -9999, -9999, -9999, 26, -9999, -9999, -9999, -9999, -9999, -9999, -9999, -9999, -9999, 74, -9999, -9999, -9999, -9999, -9999, -9999, -9999, -9999, -9999, -9999, -9999, -9999, -9999, -9999, -9999, -9999, -9999, -9999, -9999, -9999, -9999, -9999, -9999, 10, -9999, -9999, -9999, -9999],
[-9999, 81, -9999, -9999, -9999, -9999, -9999, 35, -9999, -9999, 61, 83, -9999, -9999, -9999, 49, 67, -9999, 15, -9999, -9999, 34, 26, 22, 6, 83, 63, 65, 51, 99, -9999, -9999, 91, -9999, 80, -9999, 22, 17, -9999, -9999, -9999, 78, -9999, 47, -9999, 25, -9999, 58, -9999, 86, -9999, 75, -9999, 8, -9999, 40, 5, -9999, -9999, 12, -9999, -9999, -9999, 69, 55, -9999, 68, 24, 69, -9999, 24, -9999, -9999, 13, -9999, 97, 20, 73, 83, -9999, -9999, -9999, -9999, -9999, 33, 59, -9999, -9999, 54, -9999, 25, -9999, -9999, -9999, 33, 62, 16, 9, -9999, 96],
[92, -9999, -9999, -9999, 37, 86, -9999, 83, 49, 68, 68, -9999, -9999, 12, -9999, 88, 89, 87, -9999, -9999, -9999, 70, 35, -9999, 6, 19, -9999, 5, -9999, -9999, -9999, -9999, -9999, -9999, -9999, 18, -9999, -9999, -9999, -9999, 51, 46, 56, 62, -9999, 48, -9999, -9999, -9999, -9999, -9999, 80, -9999, 26, -9999, 53, -9999, 22, 32, 8, -9999, 80, -9999, -9999, -9999, -9999, -9999, 11, -9999, -9999, 8, -9999, 55, 76, -9999, 90, 13, 32, -9999, -9999, -9999, -9999, -9999, -9999, 14, 24, -9999, 89, 88, -9999, -9999, 65, 72, -9999, 86, -9999, 42, -9999, 63, 84],
[38, 17, -9999, 84, -9999, 54, 91, 25, -9999, 46, 82, -9999, -9999, 93, -9999, -9999, 46, 24, -9999, 8, 51, 18, 11, 1, 10, 1, 57, 33, 89, 82, -9999, 19, 37, -9999, -9999, -9999, 1, 41, -9999, -9999, -9999, 36, 100, -9999, -9999, 28, -9999, 48, 82, 94, 68, 10, 26, -9999, -9999, 79, -9999, 73, 17, -9999, -9999, 52, 4, -9999, 63, -9999, 16, 88, 50, 18, 87, 71, -9999, -9999, 63, 35, 72, 89, -9999, -9999, 82, -9999, -9999, -9999, -9999, -9999, 77, 39, -9999, 18, -9999, -9999, -9999, -9999, 44, 19, 9, 71, -9999, 90],
[-9999, -9999, -9999, -9999, -9999, -9999, -9999, -9999, 53, 34, -9999, -9999, -9999, -9999, -9999, -9999, -9999, -9999, -9999, -9999, -9999, 55, 89, 63, 90, -9999, 39, 14, 47, 71, 74, -9999, -9999, 20, 36, 19, -9999, -9999, -9999, 22, 9, -9999, -9999, -9999, -9999, -9999, -9999, -9999, -9999, -9999, -9999, -9999, -9999, -9999, -9999, -9999, -9999, -9999, -9999, -9999, -9999, -9999, -9999, -9999, -9999, -9999, -9999, 65, -9999, -9999, -9999, -9999, 14, -9999, -9999, -9999, -9999, -9999, 69, -9999, -9999, -9999, -9999, 100, -9999, 76, -9999, -9999, -9999, -9999, -9999, -9999, -9999, -9999, -9999, -9999, -9999, -9999, 52, -9999],
[7, 91, -9999, -9999, 75, 10, -9999, 58, 36, -9999, 49, -9999, -9999, 7, -9999, 22, 81, -9999, -9999, -9999, 75, 47, 14, 24, 20, 61, -9999, 59, 76, -9999, -9999, -9999, 33, 1, -9999, 59, 58, -9999, -9999, -9999, 41, 83, 46, 87, -9999, 46, -9999, -9999, -9999, 4, 100, 84, -9999, 70, -9999, 32, 18, 40, -9999, 9, 14, 41, 2, 26, -9999, -9999, 69, -9999, 96, 69, 21, -9999, -9999, 6, 83, 2, 94, -9999, -9999, 20, -9999, 20, -9999, 32, 72, 64, -9999, -9999, 94, -9999, -9999, -9999, -9999, -9999, 64, -9999, 2, -9999, -9999, 77],
[-9999, -9999, -9999, -9999, -9999, -9999, -9999, 65, 38, 78, -9999, -9999, -9999, -9999, 66, 10, -9999, -9999, -9999, -9999, -9999, 31, -9999, 36, 77, -9999, -9999, 69, 55, -9999, -9999, -9999, -9999, 41, -9999, -9999, -9999, -9999, -9999, -9999, 87, -9999, -9999, -9999, -9999, -9999, -9999, -9999, -9999, -9999, -9999, -9999, -9999, -9999, -9999, -9999, -9999, -9999, -9999, -9999, -9999, -9999, -9999, -9999, -9999, -9999, -9999, 23, -9999, -9999, -9999, -9999, -9999, -9999, -9999, -9999, -9999, 58, -9999, -9999, 12, -9999, -9999, -9999, 27, 78, -9999, -9999, -9999, 83, -9999, -9999, 76, -9999, -9999, -9999, -9999, -9999, 57, -9999],
[7, 62, -9999, -9999, 92, -9999, -9999, -9999, -9999, 86, 81, -9999, -9999, 28, 93, -9999, 80, -9999, -9999, -9999, -9999, 89, -9999, 55, 38, -9999, -9999, 56, -9999, -9999, -9999, 56, -9999, -9999, -9999, -9999, -9999, 87, -9999, -9999, -9999, 4, -9999, -9999, 76, 64, -9999, -9999, -9999, -9999, 23, 15, -9999, 85, -9999, 43, 53, 24, 97, 18, -9999, 13, 77, 73, -9999, -9999, 33, 100, -9999, -9999, -9999, -9999, 68, 87, -9999, 90, 74, 8, -9999, 55, -9999, -9999, -9999, -9999, 40, -9999, 92, -9999, 83, 88, -9999, 66, -9999, 33, 14, -9999, 57, -9999, -9999, 80],
[-9999, -9999, -9999, -9999, -9999, -9999, -9999, 22, 96, -9999, -9999, -9999, -9999, -9999, 64, 1, -9999, -9999, -9999, -9999, -9999, -9999, 62, 52, -9999, -9999, -9999, 66, 41, -9999, 70, -9999, -9999, -9999, -9999, 77, -9999, -9999, -9999, -9999, 86, -9999, -9999, -9999, -9999, -9999, -9999, -9999, -9999, -9999, -9999, -9999, -9999, -9999, -9999, -9999, -9999, -9999, -9999, -9999, -9999, -9999, -9999, -9999, -9999, -9999, -9999, 72, -9999, -9999, -9999, -9999, -9999, -9999, -9999, -9999, -9999, -9999, -9999, -9999, 34, -9999, -9999, 90, -9999, -9999, -9999, -9999, -9999, 52, -9999, -9999, 18, -9999, -9999, -9999, -9999, -9999, -9999, -9999],
[-9999, -9999, -9999, -9999, -9999, -9999, -9999, 7, -9999, 61, -9999, -9999, -9999, -9999, -9999, 21, -9999, -9999, -9999, -9999, -9999, -9999, 5, 37, -9999, -9999, -9999, 89, -9999, -9999, -9999, -9999, -9999, -9999, -9999, 15, -9999, -9999, -9999, -9999, -9999, -9999, -9999, -9999, -9999, -9999, -9999, -9999, -9999, -9999, -9999, -9999, -9999, -9999, -9999, -9999, -9999, -9999, -9999, -9999, -9999, -9999, -9999, -9999, -9999, -9999, -9999, 2, -9999, -9999, -9999, -9999, 10, -9999, -9999, -9999, -9999, -9999, -9999, -9999, 36, -9999, -9999, 33, -9999, 84, -9999, -9999, 81, -9999, -9999, -9999, 75, -9999, -9999, -9999, -9999, -9999, 16, -9999],
[-9999, -9999, -9999, -9999, -9999, -9999, -9999, 68, 78, 44, -9999, -9999, -9999, -9999, -9999, -9999, -9999, -9999, -9999, -9999, -9999, 34, -9999, 88, 42, -9999, -9999, 40, 29, -9999, -9999, -9999, -9999, -9999, -9999, 97, -9999, -9999, -9999, 70, -9999, -9999, -9999, -9999, 95, -9999, -9999, -9999, -9999, -9999, -9999, -9999, -9999, -9999, -9999, -9999, -9999, -9999, -9999, -9999, -9999, -9999, -9999, -9999, -9999, -9999, -9999, -9999, -9999, -9999, -9999, -9999, 65, -9999, -9999, -9999, -9999, 48, -9999, -9999, -9999, -9999, -9999, -9999, -9999, -9999, -9999, -9999, -9999, 18, -9999, -9999, 5, -9999, -9999, -9999, -9999, -9999, 70, -9999],
[66, 37, -9999, -9999, 43, 25, -9999, 23, 81, 64, 28, 50, -9999, -9999, 86, 18, 35, 74, -9999, -9999, -9999, 75, -9999, -9999, 80, 75, -9999, 73, -9999, -9999, -9999, -9999, 63, -9999, -9999, 67, 92, 15, -9999, 90, 37, -9999, -9999, 91, -9999, -9999, -9999, -9999, -9999, 73, 79, 13, -9999, -9999, 5, 53, 51, 89, 19, -9999, -9999, 93, 98, 72, -9999, -9999, -9999, 1, 11, -9999, 80, 21, 64, 73, -9999, 62, 32, -9999, -9999, 69, 54, -9999, -9999, -9999, 67, -9999, -9999, -9999, 22, 50, -9999, 36, -9999, 1, 49, -9999, -9999, 74, 80, 52],
[-9999, -9999, -9999, -9999, -9999, -9999, -9999, -9999, 34, -9999, -9999, -9999, -9999, -9999, -9999, 7, -9999, -9999, -9999, -9999, -9999, 58, 1, 47, -9999, -9999, -9999, 35, -9999, -9999, -9999, -9999, -9999, -9999, -9999, -9999, -9999, -9999, -9999, 66, 17, -9999, -9999, -9999, -9999, -9999, -9999, -9999, -9999, -9999, -9999, -9999, -9999, -9999, -9999, -9999, -9999, -9999, -9999, -9999, -9999, -9999, -9999, -9999, -9999, -9999, -9999, 84, -9999, -9999, -9999, -9999, 93, -9999, -9999, -9999, -9999, -9999, -9999, -9999, -9999, -9999, -9999, -9999, -9999, 47, -9999, -9999, -9999, 17, -9999, -9999, -9999, -9999, -9999, -9999, -9999, -9999, 76, -9999],
[-9999, -9999, -9999, -9999, 53, -9999, -9999, 52, 33, -9999, 61, 92, -9999, -9999, -9999, -9999, 75, -9999, 48, -9999, -9999, 15, 29, -9999, 28, -9999, -9999, 81, 42, -9999, 66, 49, 15, 9, -9999, -9999, 97, -9999, -9999, 44, 90, -9999, -9999, -9999, 19, 46, -9999, 2, -9999, -9999, 5, 25, -9999, 4, -9999, -9999, -9999, 78, 52, 84, -9999, -9999, 21, 17, -9999, -9999, 11, 36, 88, -9999, 65, -9999, 97, -9999, -9999, 17, 29, 52, -9999, -9999, -9999, -9999, -9999, 96, 84, -9999, -9999, -9999, 65, -9999, -9999, -9999, -9999, -9999, 57, -9999, -9999, 5, 16, 11],
[10, 23, -9999, -9999, 14, -9999, -9999, 28, -9999, -9999, 60, 77, -9999, -9999, -9999, 15, 28, 8, -9999, -9999, 71, 21, 5, 18, 54, 98, -9999, 81, 8, -9999, 30, 63, 55, 39, -9999, 33, -9999, 83, -9999, -9999, 65, 72, -9999, 89, -9999, -9999, -9999, -9999, -9999, 45, 97, 63, -9999, -9999, 11, 28, 62, 94, 98, -9999, -9999, -9999, 19, 32, -9999, -9999, -9999, 79, -9999, -9999, 50, 11, 46, -9999, -9999, 85, 27, 41, -9999, 32, 75, -9999, -9999, 39, 18, 46, 68, 19, -9999, -9999, -9999, 27, -9999, -9999, 9, -9999, -9999, -9999, -9999, 50],
[-9999, -9999, -9999, -9999, -9999, -9999, -9999, -9999, 70, 27, -9999, -9999, -9999, -9999, -9999, -9999, -9999, -9999, -9999, -9999, -9999, -9999, -9999, 74, -9999, -9999, -9999, -9999, 6, -9999, -9999, -9999, -9999, 22, -9999, 96, -9999, -9999, -9999, 18, 73, -9999, -9999, -9999, -9999, -9999, -9999, -9999, -9999, -9999, -9999, -9999, -9999, -9999, -9999, -9999, -9999, -9999, -9999, -9999, -9999, -9999, -9999, -9999, -9999, -9999, -9999, 11, -9999, -9999, -9999, -9999, 72, -9999, -9999, -9999, -9999, 13, -9999, -9999, -9999, -9999, -9999, -9999, 98, -9999, -9999, -9999, -9999, 100, -9999, -9999, 45, -9999, -9999, -9999, -9999, -9999, -9999, -9999],
[-9999, 38, -9999, -9999, 84, -9999, -9999, -9999, 10, 97, 90, -9999, -9999, -9999, -9999, 4, 39, -9999, 17, -9999, -9999, 6, 71, -9999, 72, -9999, -9999, 36, -9999, -9999, 52, 50, 24, 97, -9999, 23, -9999, 49, -9999, 29, 81, 74, 53, -9999, -9999, -9999, -9999, 6, 4, -9999, 46, 82, -9999, 77, -9999, -9999, -9999, 62, 15, 32, -9999, -9999, 63, 70, -9999, -9999, -9999, 51, -9999, -9999, 27, -9999, 33, 84, -9999, 44, 56, 18, -9999, -9999, -9999, -9999, -9999, 66, 17, 20, -9999, -9999, 65, -9999, -9999, -9999, 81, -9999, 24, -9999, -9999, 86, 77, 36],
[20, 17, -9999, -9999, 52, -9999, -9999, 24, -9999, 61, 43, 41, -9999, -9999, -9999, 46, 1, -9999, 100, -9999, 94, 14, 41, 11, 88, 55, -9999, 65, 2, -9999, 52, 1, -9999, -9999, -9999, 47, 69, -9999, -9999, -9999, -9999, 37, 76, 22, -9999, -9999, -9999, 11, 93, 25, -9999, 59, -9999, -9999, -9999, 59, -9999, 44, 4, 48, -9999, -9999, 54, -9999, -9999, -9999, 94, -9999, -9999, -9999, 60, -9999, 34, 85, -9999, 24, 3, 97, -9999, -9999, 69, 51, 24, -9999, 15, 11, 5, -9999, 51, 93, -9999, -9999, 92, -9999, 10, -9999, -9999, -9999, 65, 44],
[-9999, -9999, -9999, -9999, -9999, -9999, -9999, 12, 50, -9999, -9999, -9999, -9999, -9999, -9999, 16, -9999, -9999, -9999, -9999, -9999, -9999, 30, 67, -9999, -9999, -9999, 76, -9999, -9999, -9999, -9999, -9999, 74, -9999, -9999, -9999, -9999, -9999, 51, -9999, -9999, -9999, -9999, -9999, -9999, -9999, -9999, -9999, -9999, -9999, -9999, -9999, -9999, -9999, -9999, -9999, -9999, -9999, -9999, -9999, -9999, -9999, -9999, -9999, -9999, -9999, 56, -9999, -9999, -9999, -9999, -9999, -9999, -9999, -9999, -9999, 37, -9999, -9999, 72, -9999, -9999, 33, -9999, 29, -9999, -9999, -9999, -9999, -9999, -9999, 30, 93, -9999, -9999, -9999, -9999, -9999, -9999],
[-9999, -9999, -9999, -9999, -9999, -9999, -9999, 54, -9999, 55, -9999, -9999, -9999, -9999, 92, 45, -9999, -9999, -9999, -9999, -9999, -9999, -9999, -9999, -9999, -9999, -9999, 36, 53, -9999, 86, -9999, -9999, -9999, -9999, -9999, -9999, -9999, -9999, 15, -9999, -9999, -9999, -9999, -9999, -9999, -9999, -9999, -9999, -9999, -9999, -9999, -9999, -9999, -9999, -9999, -9999, -9999, -9999, -9999, -9999, -9999, -9999, -9999, -9999, -9999, -9999, -9999, -9999, 18, -9999, -9999, 15, -9999, -9999, -9999, -9999, 18, -9999, -9999, -9999, -9999, -9999, -9999, -9999, 41, -9999, -9999, 35, -9999, -9999, -9999, 47, -9999, -9999, -9999, -9999, -9999, -9999, -9999],
[95, -9999, -9999, 41, -9999, 25, -9999, 44, 36, -9999, 73, 61, -9999, 25, 29, 17, 11, 98, -9999, -9999, 20, 59, 43, 60, -9999, 28, 13, 90, -9999, -9999, -9999, 8, -9999, 72, -9999, 18, -9999, 73, -9999, 18, 94, -9999, -9999, 13, -9999, 78, -9999, 85, -9999, 6, 65, 95, 6, -9999, -9999, -9999, 73, 68, -9999, 30, -9999, 70, -9999, 11, -9999, 39, 89, -9999, 83, -9999, -9999, 13, 15, -9999, -9999, 2, 54, 98, 75, -9999, 81, -9999, -9999, 65, 28, 8, -9999, -9999, -9999, -9999, -9999, -9999, -9999, -9999, 77, 37, 70, 96, 5, 72],
[-9999, 57, -9999, 71, 95, 20, 21, 88, 7, 9, 43, 89, -9999, 90, -9999, 34, 43, -9999, 40, -9999, -9999, 32, 89, -9999, 72, -9999, 15, -9999, 44, 17, 74, 22, -9999, -9999, -9999, 75, -9999, 2, -9999, -9999, -9999, -9999, 77, -9999, -9999, 25, -9999, -9999, -9999, 17, 45, 18, -9999, 85, -9999, 41, 87, -9999, 77, -9999, -9999, 54, 66, -9999, 83, -9999, 2, -9999, 30, -9999, 16, 100, 18, 16, -9999, 41, 16, -9999, 94, -9999, 58, 76, -9999, -9999, 41, -9999, 20, -9999, -9999, 61, 85, 10, 73, -9999, 14, 18, 57, 42, 86, 40],
[-9999, -9999, -9999, -9999, -9999, -9999, -9999, -9999, 79, -9999, -9999, -9999, -9999, -9999, -9999, 23, -9999, -9999, -9999, -9999, -9999, -9999, -9999, 31, -9999, -9999, -9999, 52, 87, -9999, 4, -9999, -9999, 34, -9999, 10, -9999, -9999, -9999, 17, 22, -9999, -9999, -9999, -9999, -9999, -9999, -9999, -9999, -9999, -9999, -9999, -9999, -9999, -9999, -9999, -9999, -9999, -9999, -9999, -9999, -9999, -9999, -9999, -9999, -9999, -9999, -9999, -9999, -9999, -9999, -9999, -9999, -9999, -9999, -9999, -9999, -9999, -9999, -9999, -9999, -9999, -9999, -9999, 83, -9999, -9999, -9999, -9999, 95, -9999, -9999, -9999, -9999, -9999, -9999, -9999, -9999, -9999, -9999],
[64, 49, -9999, -9999, -9999, -9999, -9999, 19, 14, 54, 25, 37, -9999, -9999, 83, -9999, 12, 9, 31, -9999, 12, -9999, -9999, -9999, 2, 74, -9999, 49, -9999, -9999, 59, 72, 19, 10, -9999, -9999, -9999, 17, 68, -9999, 4, -9999, 71, -9999, -9999, -9999, -9999, 71, -9999, -9999, -9999, 70, -9999, 86, -9999, 65, 53, 78, -9999, 79, -9999, 61, 85, -9999, -9999, -9999, 72, 41, 62, -9999, -9999, 55, 19, -9999, -9999, 36, 6, 25, -9999, 23, -9999, -9999, -9999, 49, 78, 27, 12, -9999, 14, -9999, -9999, -9999, -9999, -9999, 50, -9999, 43, -9999, 23, 10],
[46, 80, -9999, -9999, 92, 96, -9999, -9999, 63, 18, 73, -9999, -9999, -9999, 100, -9999, 77, 28, 83, -9999, -9999, -9999, -9999, 44, 99, 35, -9999, 12, 82, -9999, -9999, -9999, 75, 33, -9999, -9999, -9999, 91, -9999, 71, 61, 37, 82, -9999, -9999, 6, -9999, -9999, -9999, 64, 99, 39, -9999, -9999, -9999, -9999, 39, 96, 32, 10, -9999, -9999, 71, 41, -9999, -9999, 16, 78, 89, -9999, -9999, 4, 28, 67, -9999, 49, 31, 37, -9999, -9999, 85, 28, -9999, 29, 34, 21, 83, -9999, -9999, 99, -9999, 19, 94, -9999, 7, -9999, 60, -9999, -9999, 14],
[-9999, 7, -9999, -9999, -9999, -9999, 5, -9999, 50, 15, 51, 43, -9999, 67, 32, -9999, 2, 47, 20, -9999, 5, 48, -9999, 70, 58, 89, -9999, 89, 48, -9999, 83, -9999, 46, -9999, -9999, 51, 35, -9999, -9999, 16, -9999, -9999, -9999, 69, -9999, 98, -9999, -9999, -9999, -9999, -9999, 21, -9999, 69, -9999, 94, -9999, -9999, -9999, 88, -9999, 86, 19, 31, -9999, -9999, -9999, 66, 25, -9999, -9999, 25, 88, 83, 85, 98, 93, 14, -9999, -9999, 2, 41, -9999, 53, 28, 26, 46, 64, 88, 58, -9999, 6, -9999, -9999, 68, -9999, -9999, -9999, -9999, 8],
[90, -9999, -9999, 16, 1, -9999, -9999, -9999, -9999, -9999, 45, -9999, 26, -9999, 85, -9999, 36, -9999, 17, -9999, 47, 90, 58, 23, 13, 10, 64, 63, 22, 13, 46, 98, 96, 28, 22, 100, 39, 44, -9999, -9999, 68, 58, -9999, 47, -9999, 57, -9999, -9999, -9999, -9999, 40, 44, -9999, 82, -9999, 49, -9999, 42, -9999, -9999, -9999, -9999, -9999, 67, -9999, 52, 45, 40, -9999, -9999, -9999, 31, 22, -9999, -9999, 51, 20, 49, 77, 9, 67, -9999, -9999, 35, 49, -9999, 44, -9999, 34, -9999, 92, 40, 60, -9999, 12, 30, 81, 39, 74, 22],
[-9999, -9999, -9999, -9999, -9999, -9999, -9999, 54, 61, 78, -9999, -9999, -9999, -9999, -9999, -9999, -9999, -9999, -9999, -9999, -9999, 74, 29, 6, 11, -9999, -9999, 70, 87, -9999, -9999, -9999, -9999, 95, -9999, 71, -9999, -9999, -9999, -9999, 55, -9999, -9999, -9999, -9999, -9999, -9999, -9999, -9999, -9999, -9999, -9999, -9999, -9999, -9999, -9999, -9999, -9999, -9999, -9999, -9999, -9999, -9999, -9999, -9999, -9999, -9999, 30, -9999, 41, -9999, -9999, 59, -9999, -9999, -9999, -9999, 43, -9999, -9999, -9999, -9999, -9999, -9999, 96, 61, -9999, -9999, -9999, 100, -9999, -9999, 77, -9999, -9999, -9999, -9999, -9999, -9999, -9999],
[2, -9999, -9999, -9999, 22, -9999, -9999, 90, -9999, -9999, 72, -9999, -9999, 1, 93, -9999, 53, -9999, 70, -9999, 16, 60, 55, -9999, 55, 26, -9999, 24, 84, -9999, 80, 1, -9999, -9999, -9999, 44, -9999, 47, 46, 61, -9999, 60, 77, 66, 55, -9999, -9999, 6, -9999, 37, 14, 36, -9999, -9999, -9999, 100, -9999, 44, 9, 19, -9999, -9999, 35, -9999, -9999, -9999, 59, 35, 68, -9999, 6, 72, 3, -9999, -9999, 58, 86, -9999, -9999, -9999, -9999, 97, -9999, 15, -9999, -9999, 50, -9999, 65, 38, -9999, -9999, 85, -9999, 61, -9999, 55, 58, -9999, 77],
[-9999, -9999, -9999, -9999, -9999, -9999, -9999, 93, 60, 61, -9999, -9999, -9999, -9999, 53, 91, -9999, -9999, -9999, -9999, -9999, -9999, 16, 36, 17, -9999, -9999, 22, -9999, -9999, 23, -9999, -9999, 67, -9999, 10, -9999, -9999, -9999, 95, -9999, -9999, -9999, -9999, -9999, -9999, -9999, -9999, -9999, -9999, -9999, -9999, -9999, -9999, -9999, -9999, -9999, -9999, -9999, -9999, -9999, -9999, -9999, -9999, -9999, -9999, -9999, -9999, -9999, -9999, -9999, -9999, 51, -9999, -9999, -9999, -9999, -9999, -9999, -9999, 15, -9999, -9999, 50, -9999, -9999, -9999, -9999, 10, 37, -9999, -9999, 22, -9999, -9999, -9999, -9999, -9999, 41, -9999],
[50, -9999, -9999, -9999, 7, -9999, 44, 67, -9999, 94, 92, 23, -9999, 3, 32, 63, 74, -9999, -9999, -9999, 53, -9999, 45, 73, -9999, -9999, -9999, 73, -9999, -9999, 11, -9999, -9999, 42, -9999, 55, -9999, 40, -9999, 37, -9999, 8, -9999, 41, 83, 11, -9999, 11, -9999, 8, 92, 32, -9999, -9999, -9999, 54, 50, -9999, 76, 40, -9999, 8, -9999, 26, -9999, -9999, 23, 25, -9999, -9999, 53, 93, -9999, 26, -9999, 18, 58, -9999, -9999, -9999, 45, -9999, -9999, -9999, 28, -9999, 16, -9999, 70, 47, -9999, 99, -9999, -9999, 73, -9999, -9999, 52, -9999, 35],
[-9999, -9999, -9999, -9999, -9999, -9999, -9999, -9999, -9999, -9999, -9999, 49, -9999, -9999, -9999, -9999, -9999, -9999, -9999, -9999, -9999, -9999, -9999, -9999, -9999, -9999, -9999, -9999, -9999, -9999, 56, -9999, -9999, -9999, -9999, -9999, -9999, -9999, -9999, -9999, -9999, 78, -9999, -9999, -9999, -9999, -9999, -9999, -9999, -9999, -9999, -9999, -9999, -9999, -9999, -9999, -9999, -9999, -9999, -9999, -9999, 25, -9999, -9999, -9999, -9999, -9999, -9999, -9999, -9999, -9999, 79, -9999, -9999, -9999, -9999, -9999, -9999, -9999, -9999, -9999, -9999, -9999, -9999, -9999, 45, -9999, -9999, -9999, -9999, -9999, -9999, -9999, -9999, -9999, -9999, -9999, -9999, -9999, -9999],
[84, 10, -9999, -9999, 97, -9999, -9999, -9999, 98, 90, 25, -9999, -9999, -9999, -9999, 34, 11, -9999, -9999, -9999, 19, 7, 78, 96, 39, -9999, -9999, 73, 71, -9999, -9999, -9999, 75, 57, -9999, 73, 39, 75, -9999, 62, 100, 62, -9999, 80, -9999, 85, -9999, 10, -9999, 59, 52, 99, -9999, 52, -9999, 54, 23, 5, 86, -9999, -9999, -9999, 83, -9999, -9999, -9999, -9999, -9999, -9999, -9999, 22, -9999, 19, -9999, -9999, 74, 1, 2, -9999, -9999, -9999, 24, -9999, 94, 19, 70, 63, -9999, -9999, 29, -9999, -9999, 90, -9999, 71, -9999, -9999, -9999, 32, 20],
[-9999, -9999, -9999, -9999, -9999, -9999, -9999, -9999, -9999, -9999, -9999, 37, -9999, -9999, -9999, -9999, -9999, -9999, -9999, -9999, -9999, -9999, -9999, -9999, -9999, -9999, -9999, -9999, -9999, -9999, -9999, -9999, -9999, -9999, -9999, -9999, -9999, -9999, -9999, -9999, -9999, 32, -9999, -9999, -9999, -9999, -9999, -9999, -9999, -9999, -9999, -9999, -9999, 47, -9999, -9999, -9999, -9999, -9999, -9999, -9999, 85, -9999, -9999, -9999, -9999, -9999, -9999, -9999, -9999, -9999, -9999, -9999, -9999, -9999, -9999, -9999, -9999, -9999, -9999, -9999, -9999, -9999, -9999, -9999, 89, -9999, 7, -9999, -9999, -9999, -9999, -9999, -9999, -9999, 59, -9999, -9999, -9999, -9999],
[-9999, -9999, -9999, -9999, -9999, -9999, -9999, -9999, -9999, -9999, -9999, -9999, -9999, -9999, -9999, -9999, -9999, -9999, -9999, -9999, -9999, -9999, -9999, -9999, -9999, -9999, -9999, -9999, -9999, -9999, -9999, -9999, -9999, -9999, -9999, -9999, -9999, -9999, -9999, -9999, -9999, 13, -9999, -9999, -9999, -9999, -9999, -9999, -9999, -9999, -9999, -9999, -9999, 89, -9999, -9999, -9999, -9999, -9999, -9999, -9999, 51, -9999, -9999, -9999, -9999, -9999, -9999, -9999, -9999, -9999, -9999, -9999, -9999, -9999, -9999, -9999, -9999, -9999, -9999, -9999, -9999, -9999, -9999, -9999, 41, -9999, -9999, -9999, -9999, -9999, -9999, -9999, -9999, -9999, 28, -9999, -9999, -9999, -9999],
[-9999, -9999, -9999, -9999, -9999, -9999, -9999, 71, -9999, -9999, -9999, -9999, -9999, -9999, 48, -9999, -9999, -9999, -9999, -9999, -9999, -9999, 74, 51, -9999, -9999, -9999, 28, -9999, -9999, -9999, -9999, -9999, -9999, -9999, 88, -9999, -9999, -9999, 46, -9999, -9999, -9999, -9999, -9999, -9999, -9999, -9999, -9999, -9999, -9999, -9999, -9999, -9999, -9999, -9999, -9999, -9999, -9999, -9999, -9999, -9999, -9999, -9999, -9999, -9999, -9999, -9999, -9999, -9999, -9999, -9999, 31, -9999, -9999, -9999, -9999, -9999, -9999, -9999, -9999, -9999, -9999, 66, 28, -9999, -9999, -9999, 55, 74, -9999, -9999, 86, 23, -9999, -9999, -9999, -9999, -9999, -9999],
[-9999, -9999, -9999, -9999, -9999, -9999, -9999, -9999, -9999, -9999, -9999, 38, -9999, -9999, -9999, -9999, -9999, -9999, -9999, -9999, -9999, -9999, -9999, -9999, -9999, -9999, -9999, -9999, -9999, -9999, 96, -9999, -9999, -9999, -9999, -9999, -9999, -9999, -9999, -9999, -9999, -9999, -9999, -9999, -9999, -9999, -9999, -9999, -9999, -9999, -9999, -9999, -9999, -9999, -9999, -9999, -9999, -9999, -9999, -9999, -9999, 46, -9999, -9999, -9999, -9999, -9999, -9999, -9999, -9999, -9999, 31, -9999, -9999, -9999, -9999, -9999, -9999, -9999, -9999, -9999, -9999, -9999, -9999, -9999, 77, -9999, -9999, -9999, -9999, -9999, -9999, -9999, -9999, -9999, 94, -9999, -9999, -9999, -9999],
[48, -9999, -9999, -9999, -9999, -9999, -9999, -9999, -9999, -9999, 53, 28, -9999, 86, 88, 33, 79, 50, 47, -9999, 79, -9999, 13, 48, -9999, 44, -9999, 67, 63, -9999, 68, 32, 34, 33, -9999, 100, 32, -9999, -9999, -9999, -9999, 54, 27, 52, -9999, 44, -9999, -9999, -9999, -9999, -9999, 85, -9999, -9999, -9999, 51, 55, -9999, 13, 87, -9999, 54, 49, 17, -9999, -9999, 82, 82, 45, -9999, 21, -9999, -9999, 14, -9999, 13, 25, -9999, -9999, 79, -9999, -9999, 79, -9999, -9999, 35, -9999, -9999, -9999, 98, -9999, -9999, 65, -9999, 6, -9999, -9999, -9999, -9999, 77],
[95, -9999, -9999, -9999, 70, 70, 3, -9999, 92, 93, 20, 8, -9999, 70, 42, -9999, 54, 57, 10, -9999, -9999, -9999, 63, 50, -9999, -9999, -9999, 51, -9999, -9999, -9999, 68, -9999, -9999, -9999, -9999, -9999, -9999, -9999, -9999, -9999, -9999, 42, -9999, -9999, -9999, -9999, -9999, -9999, -9999, -9999, 62, -9999, -9999, -9999, -9999, -9999, -9999, 96, -9999, -9999, -9999, 22, 97, -9999, -9999, -9999, 84, 70, -9999, -9999, 73, 84, -9999, -9999, 45, 4, -9999, -9999, 24, -9999, 45, -9999, 23, 42, 41, 93, -9999, 21, 75, -9999, 29, 37, -9999, 48, -9999, -9999, 6, 93, 18],
[-9999, 71, -9999, -9999, 77, 16, -9999, 23, 9, 47, 85, 27, -9999, 88, -9999, -9999, 69, -9999, 48, 76, 77, 62, -9999, 10, 88, -9999, -9999, 81, -9999, -9999, -9999, 29, -9999, 84, -9999, 78, 77, 100, -9999, -9999, 69, -9999, -9999, 46, -9999, 98, -9999, -9999, -9999, 16, 95, -9999, -9999, 57, -9999, 67, -9999, 60, -9999, 98, -9999, 37, -9999, 52, -9999, -9999, 46, -9999, 6, -9999, 78, 12, -9999, -9999, -9999, 6, 7, -9999, -9999, -9999, 95, 96, -9999, 41, 86, -9999, -9999, 33, -9999, -9999, -9999, -9999, 50, -9999, 96, -9999, -9999, -9999, -9999, 40],
[4, 55, -9999, -9999, 61, 85, -9999, 59, 91, -9999, 77, -9999, -9999, 37, 41, 42, 94, -9999, 10, -9999, 71, -9999, 32, -9999, 44, 93, -9999, 75, 54, -9999, 29, 70, 46, -9999, -9999, -9999, 9, 27, -9999, -9999, 9, 70, 8, -9999, -9999, 96, -9999, -9999, -9999, -9999, 75, 75, -9999, 85, -9999, 37, 32, -9999, 83, 45, -9999, 44, 39, 52, -9999, -9999, 93, 33, 46, -9999, 58, 50, 45, -9999, -9999, 38, 49, 15, -9999, 50, 48, 86, -9999, 7, -9999, -9999, -9999, -9999, 33, 88, -9999, 41, 57, -9999, 100, -9999, -9999, -9999, 16, 63],
[4, 51, -9999, -9999, -9999, 95, -9999, 36, -9999, 91, 16, 12, -9999, -9999, -9999, -9999, 21, 11, 63, -9999, -9999, -9999, 48, -9999, 4, 68, -9999, -9999, 36, -9999, -9999, 41, 35, -9999, -9999, 41, -9999, -9999, -9999, 30, -9999, -9999, 52, 86, -9999, 66, -9999, -9999, -9999, 78, 38, 69, -9999, -9999, -9999, 27, -9999, -9999, 70, 11, -9999, -9999, 35, 70, -9999, -9999, 70, -9999, -9999, -9999, -9999, -9999, -9999, 5, -9999, 70, 77, 27, -9999, -9999, 35, 88, -9999, 61, 1, 55, 48, -9999, 24, -9999, -9999, -9999, 67, -9999, 9, -9999, 7, -9999, -9999, 17],
[15, -9999, -9999, -9999, 72, -9999, -9999, -9999, 83, 32, 8, -9999, -9999, 30, 69, -9999, 78, -9999, -9999, -9999, -9999, -9999, 58, 4, -9999, -9999, -9999, 69, 55, -9999, 61, 91, 10, 87, -9999, -9999, 46, -9999, -9999, 63, 63, -9999, -9999, 69, -9999, -9999, -9999, 60, 63, -9999, 87, 46, -9999, 86, -9999, -9999, -9999, -9999, -9999, 62, -9999, 85, 89, 69, -9999, -9999, 42, 10, -9999, -9999, 55, 76, 89, 33, -9999, 57, 50, 79, -9999, 90, 69, -9999, -9999, 63, 56, -9999, 13, -9999, 64, -9999, -9999, -9999, -9999, -9999, 77, -9999, -9999, 32, -9999, 5],
[-9999, -9999, -9999, -9999, -9999, -9999, -9999, 8, 76, -9999, -9999, -9999, -9999, -9999, -9999, -9999, -9999, -9999, -9999, -9999, -9999, 34, -9999, -9999, 29, -9999, 76, 39, 71, -9999, 31, -9999, -9999, -9999, 80, -9999, -9999, -9999, -9999, 47, 24, -9999, -9999, -9999, -9999, -9999, -9999, -9999, -9999, -9999, -9999, -9999, -9999, -9999, -9999, -9999, -9999, -9999, -9999, -9999, -9999, -9999, -9999, -9999, -9999, -9999, -9999, -9999, -9999, -9999, -9999, -9999, 10, -9999, -9999, -9999, -9999, 99, 52, -9999, -9999, -9999, -9999, 20, -9999, -9999, -9999, -9999, 3, 20, -9999, -9999, 38, -9999, -9999, -9999, -9999, -9999, 24, -9999],
[-9999, -9999, -9999, -9999, -9999, -9999, -9999, 2, -9999, -9999, -9999, -9999, -9999, -9999, 46, 66, -9999, -9999, -9999, -9999, -9999, -9999, 73, 12, -9999, -9999, -9999, 63, 96, -9999, -9999, -9999, -9999, -9999, -9999, -9999, -9999, -9999, -9999, 46, 33, -9999, -9999, -9999, -9999, -9999, -9999, -9999, -9999, -9999, -9999, -9999, -9999, -9999, -9999, -9999, -9999, -9999, -9999, -9999, -9999, -9999, -9999, -9999, -9999, -9999, -9999, 11, -9999, -9999, -9999, -9999, -9999, -9999, -9999, -9999, -9999, -9999, -9999, -9999, -9999, -9999, -9999, -9999, 69, -9999, -9999, -9999, -9999, -9999, -9999, -9999, -9999, -9999, -9999, -9999, -9999, -9999, 19, -9999],
[-9999, -9999, -9999, -9999, 54, -9999, -9999, 72, -9999, -9999, 93, 20, -9999, 49, 55, -9999, 84, -9999, -9999, -9999, 99, 93, -9999, 45, 2, 70, -9999, 8, 80, -9999, -9999, 14, -9999, 34, -9999, 71, 8, 17, -9999, -9999, -9999, -9999, -9999, 70, -9999, 75, -9999, 36, -9999, -9999, 10, 60, -9999, 85, -9999, 1, -9999, -9999, -9999, -9999, 33, 34, 14, 82, -9999, -9999, -9999, 7, 90, -9999, -9999, -9999, 92, -9999, -9999, 5, 10, -9999, -9999, -9999, 54, 92, 2, 38, 42, 65, 28, -9999, -9999, -9999, -9999, 74, -9999, -9999, 12, -9999, 16, 40, -9999, 87],
[-9999, -9999, -9999, -9999, -9999, -9999, -9999, 82, 75, -9999, -9999, -9999, -9999, -9999, 21, 76, -9999, -9999, -9999, -9999, -9999, 65, 2, -9999, 96, -9999, -9999, 100, 73, 81, -9999, -9999, -9999, -9999, -9999, 50, -9999, -9999, -9999, -9999, -9999, -9999, -9999, -9999, -9999, -9999, -9999, -9999, -9999, -9999, -9999, -9999, -9999, -9999, -9999, -9999, -9999, -9999, -9999, -9999, -9999, -9999, -9999, -9999, -9999, -9999, -9999, -9999, -9999, 79, -9999, -9999, 8, -9999, -9999, -9999, -9999, -9999, -9999, -9999, -9999, -9999, -9999, -9999, -9999, -9999, -9999, -9999, 85, 79, -9999, -9999, -9999, -9999, -9999, -9999, -9999, -9999, 67, -9999],
[-9999, -9999, -9999, -9999, -9999, -9999, -9999, -9999, -9999, -9999, -9999, 93, -9999, -9999, -9999, -9999, -9999, -9999, -9999, -9999, -9999, -9999, -9999, -9999, -9999, -9999, -9999, -9999, -9999, -9999, -9999, -9999, -9999, -9999, -9999, -9999, -9999, -9999, -9999, -9999, -9999, -9999, -9999, -9999, -9999, -9999, -9999, -9999, -9999, -9999, -9999, -9999, -9999, 17, -9999, -9999, -9999, -9999, -9999, -9999, -9999, -9999, -9999, -9999, -9999, -9999, -9999, -9999, -9999, -9999, -9999, 15, -9999, -9999, -9999, -9999, -9999, -9999, -9999, -9999, -9999, -9999, -9999, -9999, -9999, 92, -9999, -9999, -9999, -9999, -9999, -9999, -9999, -9999, -9999, -9999, -9999, -9999, -9999, -9999],
[-9999, -9999, -9999, -9999, -9999, -9999, -9999, 26, 29, 98, -9999, -9999, -9999, -9999, 81, 98, -9999, -9999, -9999, -9999, -9999, 98, -9999, 91, 7, -9999, -9999, 61, 100, -9999, 27, -9999, -9999, -9999, -9999, 71, -9999, -9999, -9999, 37, -9999, -9999, -9999, -9999, 55, -9999, -9999, -9999, -9999, -9999, -9999, -9999, -9999, -9999, -9999, -9999, -9999, -9999, -9999, -9999, -9999, -9999, -9999, -9999, -9999, -9999, -9999, -9999, -9999, -9999, -9999, -9999, 19, -9999, -9999, -9999, -9999, 59, -9999, -9999, -9999, -9999, -9999, -9999, 64, -9999, -9999, -9999, 22, -9999, -9999, -9999, 33, -9999, -9999, -9999, -9999, -9999, 67, -9999],
[-9999, -9999, -9999, -9999, -9999, 83, -9999, -9999, 12, 93, 77, 77, -9999, 44, -9999, 5, 36, 86, 59, -9999, 95, 99, -9999, 6, -9999, -9999, -9999, 54, -9999, -9999, 44, -9999, 16, 98, -9999, -9999, 2, 52, -9999, 86, 89, -9999, -9999, -9999, -9999, 38, -9999, 100, -9999, 97, -9999, 91, -9999, 75, -9999, 77, 82, 53, -9999, 91, -9999, -9999, 89, 40, -9999, -9999, 18, 49, 39, -9999, 79, 95, 53, 89, -9999, 58, 48, -9999, -9999, -9999, -9999, -9999, -9999, 55, 56, 37, 71, -9999, 96, 72, -9999, 30, 69, -9999, 73, -9999, 18, -9999, 34, 96],
[27, 24, 57, -9999, 25, 31, 46, -9999, 34, -9999, 31, 85, -9999, 65, 55, 43, 3, 88, -9999, -9999, 13, 48, -9999, -9999, -9999, 4, -9999, 98, 100, -9999, 7, -9999, -9999, 1, -9999, 97, 69, -9999, -9999, -9999, 37, -9999, -9999, -9999, -9999, -9999, -9999, 95, -9999, 41, 51, 44, -9999, 4, 41, 54, 43, 53, -9999, 9, -9999, 20, -9999, -9999, -9999, -9999, -9999, 94, 93, -9999, 100, 17, 30, 91, -9999, 12, 35, 29, -9999, -9999, 59, 75, -9999, -9999, 58, -9999, 100, -9999, 7, -9999, -9999, -9999, -9999, -9999, 37, -9999, 44, -9999, -9999, 81],
[-9999, -9999, -9999, -9999, -9999, -9999, -9999, 83, -9999, 5, -9999, -9999, -9999, -9999, -9999, -9999, -9999, -9999, -9999, -9999, -9999, 1, -9999, 45, 83, -9999, -9999, 49, 84, -9999, -9999, -9999, -9999, -9999, -9999, 9, -9999, -9999, -9999, -9999, 45, -9999, -9999, -9999, -9999, -9999, -9999, -9999, -9999, -9999, -9999, -9999, -9999, -9999, -9999, -9999, -9999, -9999, -9999, -9999, -9999, -9999, -9999, -9999, -9999, -9999, -9999, -9999, -9999, -9999, -9999, -9999, -9999, -9999, -9999, -9999, -9999, 88, -9999, -9999, -9999, -9999, -9999, -9999, 1, 49, -9999, -9999, 19, -9999, -9999, -9999, -9999, -9999, -9999, -9999, -9999, -9999, 59, -9999],
[11, 6, -9999, -9999, -9999, 81, -9999, 94, 41, 37, 19, 57, -9999, -9999, -9999, 11, -9999, -9999, 97, -9999, 26, 88, 95, -9999, 18, -9999, 7, 47, 13, -9999, -9999, 1, 85, 28, 88, 38, -9999, -9999, 60, -9999, 24, -9999, -9999, -9999, -9999, 60, -9999, 36, 55, 32, 96, 50, -9999, 50, -9999, -9999, 50, 52, 26, -9999, -9999, 68, 53, -9999, -9999, 23, 24, -9999, 59, -9999, 50, 8, 18, 28, -9999, 95, 72, 83, -9999, 98, 16, -9999, -9999, 61, 44, 31, 17, -9999, -9999, 96, -9999, 33, 97, -9999, 3, -9999, -9999, -9999, 98, 41],
[-9999, -9999, -9999, -9999, -9999, -9999, -9999, -9999, -9999, -9999, -9999, -9999, -9999, -9999, 69, -9999, -9999, -9999, -9999, -9999, -9999, -9999, -9999, -9999, 56, -9999, -9999, 51, -9999, -9999, 38, -9999, -9999, 91, -9999, -9999, -9999, -9999, -9999, 50, 5, -9999, -9999, -9999, -9999, -9999, -9999, -9999, -9999, -9999, -9999, -9999, -9999, -9999, -9999, -9999, -9999, -9999, -9999, -9999, -9999, -9999, -9999, -9999, -9999, -9999, -9999, -9999, -9999, -9999, -9999, -9999, 3, -9999, 99, -9999, -9999, -9999, -9999, -9999, 87, -9999, -9999, 23, -9999, 6, -9999, -9999, 8, 65, -9999, -9999, 54, 89, -9999, -9999, -9999, -9999, -9999, -9999],
[71, 71, -9999, -9999, 18, -9999, -9999, -9999, 15, 28, 2, 16, -9999, 55, -9999, -9999, 26, -9999, -9999, -9999, -9999, 4, -9999, 93, 80, 88, -9999, 40, -9999, -9999, 58, 68, 9, -9999, -9999, 60, -9999, 97, -9999, 2, -9999, 78, 51, -9999, -9999, -9999, -9999, 55, -9999, 65, -9999, 70, -9999, 71, -9999, -9999, 68, 2, 72, 60, -9999, 1, 98, 64, -9999, -9999, -9999, -9999, 91, -9999, -9999, -9999, 17, 60, -9999, -9999, 36, 44, -9999, -9999, 68, 6, -9999, 28, 91, 96, -9999, -9999, -9999, 64, -9999, 33, -9999, -9999, 17, -9999, 44, 62, 21, 81],
[-9999, 17, 23, -9999, 37, 11, -9999, -9999, -9999, 35, 4, 84, -9999, 46, -9999, 10, 70, -9999, -9999, -9999, 60, -9999, 67, -9999, 35, 42, -9999, 59, -9999, -9999, 25, 87, -9999, 1, -9999, -9999, -9999, -9999, 39, -9999, -9999, -9999, -9999, 93, -9999, 63, -9999, 42, -9999, 80, 64, 65, -9999, -9999, 33, 87, 59, 87, -9999, 82, -9999, -9999, -9999, 55, -9999, -9999, 66, -9999, 28, -9999, 7, -9999, 9, 27, -9999, 20, 84, 69, -9999, 51, 98, -9999, -9999, -9999, 77, -9999, -9999, -9999, 70, 74, -9999, 65, 48, -9999, 50, -9999, 49, 60, 38, 73],
[-9999, -9999, -9999, -9999, -9999, -9999, -9999, 75, 81, 88, -9999, -9999, -9999, -9999, -9999, -9999, -9999, -9999, -9999, -9999, -9999, -9999, -9999, -9999, -9999, -9999, -9999, 95, -9999, -9999, 9, -9999, -9999, -9999, -9999, 94, -9999, -9999, -9999, 87, 54, -9999, -9999, -9999, -9999, -9999, -9999, -9999, -9999, -9999, -9999, -9999, -9999, -9999, -9999, -9999, -9999, -9999, -9999, -9999, -9999, -9999, -9999, -9999, -9999, -9999, -9999, 94, -9999, -9999, -9999, -9999, -9999, -9999, -9999, -9999, -9999, 31, -9999, -9999, 95, -9999, -9999, 65, -9999, 64, -9999, -9999, -9999, 56, -9999, -9999, 1, -9999, -9999, -9999, -9999, -9999, 7, -9999],
[-9999, -9999, -9999, -9999, -9999, -9999, -9999, 18, 91, -9999, -9999, -9999, -9999, -9999, 99, 26, -9999, -9999, -9999, -9999, -9999, -9999, 30, 12, 5, -9999, -9999, 83, 20, -9999, -9999, -9999, -9999, -9999, -9999, 97, -9999, -9999, -9999, 90, 60, -9999, -9999, -9999, -9999, -9999, -9999, -9999, -9999, -9999, -9999, -9999, -9999, -9999, -9999, -9999, -9999, -9999, -9999, -9999, -9999, -9999, -9999, -9999, -9999, -9999, -9999, 74, -9999, -9999, -9999, -9999, 39, -9999, -9999, -9999, -9999, 44, -9999, -9999, 55, -9999, -9999, 97, 69, -9999, -9999, -9999, 68, 15, -9999, -9999, 42, -9999, -9999, -9999, -9999, -9999, -9999, -9999],
[53, 54, -9999, -9999, 27, 33, -9999, -9999, 54, 62, 82, 65, 71, -9999, -9999, 79, 91, -9999, 56, 74, -9999, 27, 50, 28, -9999, 11, -9999, 62, 14, -9999, 5, 16, 58, 49, -9999, 94, 83, 29, -9999, -9999, -9999, 60, 49, 6, -9999, -9999, -9999, -9999, -9999, 47, 68, 45, -9999, 93, -9999, 58, -9999, 30, -9999, -9999, -9999, 19, 33, 62, -9999, -9999, -9999, 4, 58, -9999, -9999, -9999, 31, -9999, -9999, 15, 64, 38, -9999, -9999, 56, 89, 6, -9999, -9999, -9999, -9999, -9999, 52, 18, -9999, 12, -9999, -9999, 81, -9999, 54, 99, 65, 9],
[-9999, 62, -9999, -9999, 19, 7, -9999, 95, 12, 67, 46, -9999, -9999, 82, -9999, 24, 79, 2, -9999, -9999, -9999, -9999, 28, -9999, -9999, 55, -9999, 3, 10, -9999, -9999, 85, 27, 27, -9999, 61, 16, 100, -9999, 36, 19, -9999, 23, -9999, -9999, 18, -9999, 39, -9999, 93, 78, 100, -9999, 41, -9999, -9999, 47, 69, 73, 29, -9999, -9999, 23, 1, -9999, -9999, 37, 46, 33, -9999, 13, -9999, 80, 94, 92, 23, 29, 74, -9999, -9999, -9999, -9999, -9999, -9999, 69, 31, 74, -9999, 57, 16, -9999, 40, -9999, -9999, 15, -9999, -9999, 53, 78, 50],
[-9999, -9999, -9999, -9999, -9999, -9999, -9999, -9999, -9999, -9999, -9999, -9999, -9999, -9999, -9999, -9999, -9999, -9999, -9999, 39, -9999, -9999, -9999, -9999, -9999, -9999, -9999, -9999, -9999, -9999, 92, -9999, -9999, -9999, -9999, -9999, -9999, -9999, -9999, -9999, -9999, 43, -9999, -9999, -9999, -9999, -9999, -9999, -9999, -9999, -9999, -9999, -9999, 80, -9999, -9999, -9999, -9999, -9999, -9999, -9999, 67, -9999, -9999, -9999, -9999, -9999, -9999, -9999, -9999, -9999, 69, -9999, -9999, -9999, -9999, -9999, -9999, -9999, -9999, -9999, -9999, -9999, -9999, -9999, -9999, -9999, -9999, -9999, -9999, -9999, -9999, -9999, -9999, -9999, -9999, -9999, -9999, -9999, -9999],
[-9999, 21, -9999, -9999, -9999, 30, -9999, -9999, 91, -9999, 47, -9999, -9999, 70, 16, -9999, 49, 66, 14, -9999, -9999, 65, -9999, 3, -9999, 85, -9999, 99, 48, -9999, 47, -9999, -9999, -9999, -9999, -9999, 38, 15, -9999, -9999, 81, -9999, 39, -9999, -9999, -9999, -9999, 61, -9999, 72, 94, 85, -9999, -9999, 59, 72, 66, 24, 39, -9999, -9999, -9999, -9999, -9999, -9999, -9999, -9999, 97, -9999, -9999, -9999, -9999, 98, -9999, -9999, 78, 86, 44, -9999, 69, 98, 36, -9999, 25, 99, 27, -9999, -9999, 52, 80, -9999, 11, 37, -9999, 66, -9999, 70, 27, -9999, 50],
[40, -9999, -9999, -9999, 43, 9, -9999, 16, 7, 71, 75, 59, -9999, 38, 98, -9999, 11, -9999, -9999, -9999, -9999, -9999, -9999, 66, -9999, 15, -9999, 20, 73, -9999, 95, 34, 26, -9999, -9999, -9999, 20, 35, -9999, -9999, -9999, 1, -9999, 83, -9999, -9999, -9999, -9999, -9999, 47, -9999, 23, -9999, 42, -9999, 100, 100, -9999, 92, 28, -9999, -9999, 67, 94, -9999, -9999, 6, 57, -9999, -9999, 30, 23, -9999, -9999, -9999, 14, 46, 34, -9999, 6, -9999, -9999, -9999, -9999, 6, 95, -9999, -9999, 48, -9999, -9999, 43, -9999, -9999, 13, -9999, -9999, 6, 52, 37],
[-9999, -9999, -9999, -9999, -9999, -9999, -9999, -9999, -9999, -9999, -9999, -9999, -9999, -9999, -9999, -9999, -9999, -9999, -9999, -9999, -9999, -9999, -9999, -9999, -9999, -9999, -9999, -9999, -9999, -9999, -9999, -9999, -9999, -9999, -9999, -9999, -9999, -9999, -9999, -9999, -9999, -9999, -9999, -9999, -9999, -9999, -9999, -9999, -9999, -9999, -9999, -9999, -9999, -9999, -9999, -9999, -9999, -9999, -9999, -9999, -9999, -9999, -9999, -9999, -9999, -9999, -9999, -9999, -9999, -9999, -9999, -9999, -9999, -9999, -9999, -9999, -9999, -9999, -9999, -9999, -9999, -9999, -9999, -9999, -9999, 79, -9999, -9999, -9999, -9999, -9999, -9999, -9999, -9999, -9999, -9999, -9999, -9999, -9999, -9999],
[88, -9999, 47, 39, -9999, 60, -9999, -9999, -9999, -9999, 73, 76, -9999, 28, 15, 81, 26, 12, 67, -9999, -9999, 71, -9999, 60, 97, -9999, -9999, 90, -9999, -9999, -9999, 81, 2, 30, 34, -9999, -9999, 18, -9999, -9999, -9999, 76, 49, -9999, -9999, 20, -9999, 87, -9999, -9999, -9999, 39, 27, -9999, -9999, 94, 63, 96, -9999, -9999, 82, 28, 89, -9999, -9999, 35, -9999, 12, -9999, 12, -9999, 13, 80, 92, -9999, 65, -9999, 7, 13, -9999, -9999, 41, -9999, 62, -9999, -9999, 31, -9999, -9999, -9999, 46, 5, -9999, -9999, 48, 10, -9999, -9999, 35, 19],
[17, 16, -9999, -9999, 37, 79, -9999, 88, -9999, 86, 23, 51, -9999, 66, -9999, -9999, 8, 67, 50, -9999, -9999, -9999, 68, -9999, -9999, -9999, -9999, 22, -9999, -9999, -9999, 15, 40, 70, -9999, 70, -9999, -9999, -9999, 62, 21, 96, -9999, 55, -9999, 63, -9999, -9999, -9999, -9999, 6, 40, -9999, 36, -9999, -9999, 93, 45, -9999, -9999, -9999, 51, -9999, -9999, -9999, -9999, 11, -9999, -9999, -9999, 99, 67, 3, 59, -9999, 68, 96, -9999, -9999, 70, -9999, -9999, -9999, -9999, 97, -9999, 89, -9999, -9999, -9999, -9999, 46, 78, 20, 53, -9999, 45, -9999, 100, 67],
[-9999, -9999, -9999, -9999, 46, -9999, -9999, 17, -9999, 8, 29, 95, -9999, 73, 91, -9999, 2, 96, 90, -9999, 60, -9999, -9999, 91, 41, 19, -9999, 72, -9999, -9999, 37, -9999, 69, 57, -9999, -9999, -9999, 34, -9999, 71, 10, -9999, -9999, 92, -9999, 37, -9999, 38, -9999, -9999, 6, 32, -9999, -9999, -9999, 80, 100, 37, -9999, -9999, -9999, 83, 59, 56, -9999, -9999, 96, 29, 91, -9999, -9999, 25, 40, -9999, -9999, 72, 93, 36, -9999, 23, -9999, 68, -9999, 90, 55, 100, 3, -9999, 45, 91, -9999, 5, 37, -9999, 82, -9999, -9999, -9999, 62, 41],
[31, 9, -9999, -9999, 65, 14, -9999, -9999, 93, -9999, 77, 87, -9999, -9999, 25, 9, 1, -9999, 23, -9999, 38, -9999, 80, 66, 41, 28, -9999, 97, 25, -9999, -9999, -9999, -9999, 82, -9999, -9999, 53, -9999, -9999, 55, -9999, -9999, 63, 88, 43, -9999, -9999, 27, -9999, 81, -9999, 20, -9999, 32, 31, 80, 37, 14, -9999, 50, -9999, 63, -9999, -9999, -9999, -9999, 8, 91, 42, -9999, 36, 99, 53, -9999, -9999, 10, 95, -9999, -9999, -9999, 71, -9999, -9999, -9999, 82, -9999, 55, -9999, 4, 60, -9999, -9999, 51, -9999, 45, -9999, 83, 84, 95, 36],
[90, 61, -9999, 4, -9999, -9999, -9999, -9999, 13, -9999, 78, 2, -9999, 38, 50, 59, 72, 74, 69, -9999, 90, 52, -9999, 52, 61, -9999, 77, 34, 94, 42, 98, 30, 84, 66, -9999, -9999, 61, 56, -9999, 88, -9999, 93, 85, 39, -9999, 52, -9999, 33, -9999, 83, 68, 52, 10, 9, -9999, -9999, 12, 27, 41, 74, 38, -9999, 25, -9999, -9999, -9999, -9999, 26, -9999, -9999, -9999, 1, -9999, -9999, -9999, 44, 60, 43, -9999, 8, -9999, -9999, -9999, 18, 74, 37, -9999, -9999, -9999, 13, -9999, 32, -9999, -9999, 41, 79, 95, 20, 45, 42],
[82, -9999, -9999, -9999, -9999, 87, -9999, 58, 57, 90, 32, 65, -9999, 48, 34, 61, 18, -9999, 7, -9999, 95, 9, -9999, 79, 87, 78, -9999, 12, 87, -9999, -9999, 6, -9999, -9999, -9999, -9999, 28, 51, -9999, -9999, -9999, 43, 49, 24, -9999, -9999, -9999, 88, -9999, -9999, 57, 99, -9999, -9999, -9999, -9999, -9999, 6, 99, 72, -9999, 31, 45, -9999, -9999, -9999, 66, -9999, 73, -9999, 73, 48, -9999, 81, 28, 28, 45, -9999, -9999, -9999, -9999, -9999, -9999, -9999, 75, 14, 52, -9999, -9999, 68, -9999, 97, -9999, -9999, 49, -9999, 83, 51, -9999, 87],
[14, -9999, -9999, -9999, 21, -9999, -9999, 32, 68, -9999, 67, -9999, -9999, -9999, 39, 87, 65, 83, -9999, -9999, -9999, 57, 69, -9999, 29, 26, -9999, 67, 89, -9999, 29, -9999, -9999, -9999, -9999, 60, 69, 98, -9999, 33, 36, 70, 15, -9999, -9999, -9999, -9999, 31, -9999, 36, 100, 93, -9999, 2, -9999, 100, 100, -9999, -9999, -9999, -9999, 85, 95, 48, -9999, -9999, 35, 3, 29, -9999, 29, 26, 60, -9999, -9999, 29, -9999, 28, -9999, -9999, -9999, 23, -9999, 99, 40, -9999, -9999, -9999, 92, -9999, -9999, -9999, 27, -9999, 60, -9999, 9, -9999, 12, 17],
[-9999, 83, -9999, -9999, 18, 12, -9999, 55, 46, -9999, 60, 65, -9999, 100, 65, -9999, 63, 59, 88, -9999, 92, -9999, -9999, 83, 51, 16, -9999, 89, 56, -9999, -9999, -9999, 55, -9999, -9999, 43, 37, 17, -9999, -9999, -9999, 5, -9999, 34, -9999, 16, -9999, 21, -9999, 75, 65, 90, -9999, 94, -9999, -9999, 89, 58, 44, 98, -9999, -9999, 3, 73, -9999, -9999, 58, -9999, -9999, 21, 30, -9999, 2, 89, -9999, 69, 41, 50, -9999, 38, 44, -9999, -9999, -9999, -9999, -9999, 51, -9999, -9999, 75, -9999, -9999, 25, -9999, 82, -9999, 26, 15, 84, 8],
[-9999, -9999, -9999, -9999, -9999, -9999, -9999, -9999, 19, -9999, -9999, -9999, -9999, -9999, 70, 64, -9999, -9999, -9999, -9999, -9999, 6, 73, -9999, -9999, -9999, -9999, 47, -9999, -9999, -9999, -9999, -9999, 75, -9999, 93, -9999, -9999, -9999, 87, 5, -9999, -9999, -9999, -9999, -9999, -9999, -9999, -9999, -9999, -9999, -9999, -9999, -9999, -9999, -9999, -9999, -9999, -9999, -9999, -9999, -9999, -9999, -9999, -9999, -9999, -9999, -9999, -9999, -9999, -9999, -9999, 29, -9999, -9999, -9999, -9999, 32, -9999, -9999, 63, -9999, -9999, 98, -9999, -9999, -9999, -9999, 43, 25, -9999, -9999, -9999, -9999, -9999, -9999, -9999, -9999, 68, -9999],
[-9999, -9999, -9999, -9999, 65, 13, -9999, 61, 70, 41, 22, 78, -9999, -9999, -9999, -9999, 26, -9999, 27, 88, 74, 1, -9999, -9999, 85, 9, -9999, 86, 25, -9999, 49, 12, 59, 65, -9999, 39, -9999, 16, -9999, -9999, 6, 50, -9999, 86, -9999, 40, -9999, 8, 23, -9999, 79, 3, -9999, -9999, -9999, -9999, 40, -9999, 95, -9999, -9999, -9999, -9999, -9999, -9999, -9999, -9999, -9999, 97, -9999, 15, -9999, 50, 1, -9999, 13, 99, 37, -9999, -9999, 71, 38, 62, 15, -9999, -9999, -9999, -9999, 89, 86, -9999, -9999, 62, 47, 47, -9999, 66, 85, 15, 83],
[-9999, -9999, -9999, -9999, -9999, -9999, -9999, 26, -9999, 42, -9999, -9999, -9999, -9999, 18, 82, -9999, -9999, -9999, -9999, -9999, 1, -9999, 6, 98, -9999, -9999, 29, 57, -9999, -9999, -9999, -9999, -9999, -9999, 51, -9999, -9999, -9999, 35, -9999, -9999, -9999, -9999, -9999, -9999, -9999, -9999, -9999, -9999, -9999, -9999, -9999, -9999, -9999, -9999, -9999, -9999, -9999, -9999, -9999, -9999, -9999, -9999, -9999, -9999, -9999, -9999, -9999, -9999, -9999, -9999, 45, -9999, 89, -9999, -9999, 72, -9999, -9999, 36, -9999, -9999, -9999, 94, 26, -9999, -9999, 99, 46, -9999, -9999, 89, -9999, -9999, -9999, -9999, -9999, 62, -9999],
[11, -9999, 36, -9999, 50, 36, 92, 64, 100, 95, 25, 29, -9999, -9999, 84, 64, 72, 67, 71, -9999, 78, 19, 15, 34, 59, -9999, -9999, 31, -9999, -9999, -9999, -9999, 51, -9999, -9999, 1, -9999, -9999, -9999, 98, 31, 20, 66, 78, -9999, -9999, -9999, -9999, -9999, -9999, 29, 94, -9999, 25, -9999, 49, -9999, -9999, 1, -9999, -9999, 54, -9999, -9999, -9999, -9999, -9999, -9999, 70, -9999, -9999, 35, 75, 64, -9999, 19, 70, 72, -9999, -9999, -9999, 48, -9999, -9999, -9999, 11, -9999, -9999, -9999, -9999, -9999, -9999, 31, -9999, 85, -9999, 64, 40, -9999, 28],
[-9999, -9999, -9999, -9999, -9999, -9999, -9999, 66, -9999, -9999, -9999, -9999, -9999, -9999, 30, 48, -9999, -9999, -9999, -9999, -9999, -9999, 42, 94, 19, -9999, -9999, 46, 48, -9999, -9999, -9999, -9999, 22, -9999, 14, -9999, -9999, -9999, 46, -9999, -9999, -9999, -9999, -9999, -9999, -9999, -9999, -9999, -9999, -9999, -9999, -9999, -9999, -9999, -9999, -9999, -9999, -9999, -9999, -9999, -9999, -9999, -9999, -9999, -9999, -9999, 17, -9999, -9999, -9999, -9999, 93, -9999, -9999, -9999, -9999, 50, -9999, -9999, -9999, -9999, -9999, 53, 99, -9999, -9999, -9999, -9999, -9999, -9999, -9999, 35, -9999, -9999, -9999, -9999, -9999, 60, -9999],
[76, -9999, -9999, -9999, -9999, 78, -9999, -9999, 27, 42, 21, -9999, -9999, 35, -9999, -9999, 16, 87, 1, -9999, 55, -9999, 33, 47, 80, -9999, -9999, 1, 55, -9999, 72, 13, 3, 26, -9999, -9999, 76, -9999, -9999, -9999, -9999, -9999, 65, -9999, -9999, 7, -9999, -9999, -9999, -9999, 74, 93, -9999, -9999, -9999, 7, -9999, -9999, -9999, 29, -9999, 11, -9999, 63, -9999, -9999, -9999, 83, -9999, -9999, -9999, 16, 50, -9999, -9999, 81, 15, 24, -9999, 46, -9999, 33, -9999, 1, -9999, 90, 32, -9999, -9999, -9999, -9999, 94, -9999, -9999, 35, -9999, 77, -9999, 66, 3],
[27, 19, -9999, -9999, -9999, 60, -9999, 83, 23, 53, 54, -9999, -9999, -9999, 43, 24, 99, -9999, -9999, 81, 15, 33, -9999, -9999, 26, -9999, -9999, 53, 81, -9999, -9999, 30, -9999, 7, -9999, 64, 63, 99, -9999, 28, 37, 7, 6, 6, -9999, 14, -9999, -9999, -9999, 78, 56, 83, -9999, 23, -9999, 83, -9999, -9999, -9999, -9999, -9999, 48, -9999, -9999, -9999, -9999, 51, 41, -9999, -9999, -9999, 61, 16, 17, -9999, 30, 2, 90, -9999, -9999, -9999, 34, 53, -9999, 72, 77, 11, -9999, -9999, -9999, -9999, -9999, 47, -9999, 76, -9999, 20, 67, -9999, 13],
[-9999, 91, -9999, 61, 31, 20, -9999, -9999, -9999, 44, 8, 49, -9999, -9999, 84, 82, 79, 47, -9999, -9999, 39, 49, 51, 93, -9999, 8, 7, 65, 42, 23, 61, 40, 43, -9999, 50, 86, 67, 75, -9999, 54, 95, 94, 23, -9999, -9999, -9999, -9999, 66, -9999, 6, -9999, 6, 29, -9999, -9999, 95, -9999, 97, 72, 18, -9999, 47, -9999, 60, -9999, 43, -9999, -9999, -9999, -9999, -9999, -9999, -9999, 88, -9999, 88, 59, 86, 25, 93, -9999, -9999, -9999, -9999, -9999, 29, -9999, -9999, -9999, 7, 41, -9999, 26, -9999, 55, 63, -9999, -9999, 52, 33],
[-9999, 95, -9999, -9999, 16, 91, -9999, 2, -9999, 99, -9999, 19, -9999, 70, 38, -9999, 51, -9999, 56, -9999, 79, 17, 76, 66, 78, 19, -9999, 49, 85, -9999, 19, -9999, -9999, 98, -9999, -9999, -9999, -9999, -9999, -9999, 66, -9999, 78, 41, 83, 4, -9999, 5, -9999, -9999, 61, 78, -9999, 96, -9999, -9999, 61, 99, 4, -9999, -9999, -9999, 52, 24, -9999, -9999, 58, 5, 82, -9999, 70, 54, 17, -9999, -9999, 42, 5, -9999, -9999, 75, -9999, 38, -9999, -9999, 100, -9999, -9999, -9999, 86, 66, -9999, 65, -9999, -9999, 70, -9999, -9999, -9999, -9999, 93],
[66, 88, -9999, -9999, 85, -9999, -9999, 22, 36, 42, 48, 21, -9999, -9999, -9999, -9999, 75, 29, -9999, -9999, 6, 8, 30, -9999, 96, -9999, -9999, 9, 56, -9999, -9999, 21, -9999, 12, -9999, 59, 98, 28, -9999, 7, 29, 27, -9999, 91, 39, -9999, -9999, -9999, 73, -9999, 71, 86, -9999, 56, -9999, 58, 79, -9999, -9999, -9999, -9999, -9999, -9999, -9999, -9999, -9999, 41, -9999, 71, -9999, -9999, -9999, 86, 61, -9999, 94, 42, -9999, -9999, 40, 87, 82, -9999, 58, 52, 42, -9999, 52, -9999, 83, -9999, 14, -9999, -9999, 84, -9999, 26, -9999, -9999, 50],
[-9999, -9999, 96, -9999, 87, 15, -9999, 55, 78, 41, 25, -9999, -9999, 57, -9999, -9999, 60, 74, -9999, -9999, 36, 81, 49, 55, -9999, 68, -9999, 20, 45, -9999, 11, -9999, 34, 15, -9999, 89, 48, 45, -9999, 86, 60, 8, 86, -9999, -9999, -9999, -9999, -9999, -9999, 74, -9999, 42, -9999, 43, -9999, 21, 85, 89, -9999, -9999, 32, 85, 78, 44, -9999, -9999, -9999, 34, 47, -9999, 67, 59, -9999, 59, 22, 18, 6, 72, -9999, -9999, -9999, 95, -9999, -9999, -9999, 65, -9999, -9999, 75, -9999, -9999, -9999, -9999, -9999, -9999, -9999, -9999, 25, 31, 39],
[-9999, -9999, -9999, -9999, -9999, -9999, -9999, 35, 98, -9999, -9999, -9999, -9999, -9999, -9999, -9999, -9999, -9999, -9999, -9999, -9999, 64, -9999, 68, 53, -9999, -9999, 13, -9999, -9999, -9999, -9999, -9999, 53, -9999, -9999, -9999, -9999, -9999, 6, 54, -9999, -9999, -9999, 69, -9999, -9999, -9999, -9999, -9999, -9999, -9999, -9999, -9999, -9999, -9999, -9999, -9999, -9999, -9999, -9999, -9999, -9999, -9999, -9999, -9999, -9999, -9999, -9999, -9999, -9999, -9999, 98, -9999, -9999, -9999, -9999, 46, -9999, -9999, 32, -9999, -9999, -9999, -9999, -9999, -9999, -9999, -9999, 43, -9999, -9999, -9999, -9999, -9999, -9999, -9999, -9999, -9999, -9999],
[100, 59, -9999, -9999, 95, 83, -9999, -9999, 76, 42, 71, 58, -9999, 81, 47, 35, 97, 91, -9999, -9999, 51, -9999, 5, -9999, -9999, -9999, -9999, 90, 31, -9999, -9999, -9999, -9999, 86, -9999, 34, 44, -9999, -9999, -9999, 31, 17, -9999, 77, -9999, -9999, -9999, 68, -9999, 78, 10, 1, -9999, 47, -9999, 87, -9999, 65, 82, 11, -9999, -9999, 5, 10, -9999, -9999, -9999, -9999, -9999, -9999, 85, -9999, 35, 59, -9999, 5, 30, -9999, -9999, -9999, -9999, -9999, -9999, 54, -9999, 68, 81, -9999, 54, -9999, -9999, -9999, 82, -9999, 66, -9999, -9999, 64, -9999, 10],
[-9999, -9999, -9999, -9999, -9999, -9999, -9999, -9999, -9999, -9999, -9999, -9999, -9999, -9999, -9999, -9999, -9999, -9999, -9999, -9999, -9999, -9999, -9999, -9999, -9999, -9999, -9999, -9999, -9999, -9999, -9999, -9999, -9999, -9999, -9999, -9999, -9999, -9999, -9999, -9999, -9999, 98, -9999, -9999, -9999, -9999, -9999, -9999, -9999, -9999, -9999, -9999, -9999, 70, -9999, -9999, -9999, -9999, -9999, -9999, -9999, 22, -9999, -9999, -9999, -9999, -9999, -9999, -9999, -9999, -9999, -9999, -9999, -9999, -9999, -9999, -9999, -9999, -9999, -9999, -9999, -9999, -9999, -9999, -9999, -9999, -9999, -9999, -9999, -9999, -9999, -9999, -9999, -9999, -9999, -9999, -9999, -9999, -9999, -9999],
[-9999, -9999, -9999, -9999, -9999, -9999, -9999, 87, 10, -9999, -9999, -9999, -9999, -9999, 13, 60, -9999, -9999, -9999, -9999, -9999, -9999, 17, 33, 78, -9999, -9999, 42, 63, -9999, 24, -9999, -9999, 79, -9999, 49, -9999, -9999, -9999, 100, 27, -9999, -9999, -9999, -9999, -9999, -9999, -9999, -9999, -9999, -9999, -9999, -9999, -9999, -9999, -9999, -9999, -9999, -9999, -9999, -9999, -9999, -9999, -9999, -9999, -9999, -9999, 23, -9999, -9999, -9999, -9999, 92, -9999, -9999, -9999, -9999, 62, -9999, -9999, 25, -9999, -9999, 55, -9999, -9999, -9999, -9999, 39, 23, -9999, -9999, 35, -9999, -9999, -9999, -9999, -9999, -9999, -9999],
[-9999, -9999, -9999, -9999, -9999, -9999, -9999, 83, -9999, -9999, -9999, -9999, -9999, -9999, 5, -9999, -9999, -9999, -9999, -9999, -9999, 91, -9999, 67, 69, -9999, -9999, 23, 57, -9999, 75, -9999, -9999, -9999, -9999, -9999, -9999, -9999, -9999, -9999, 26, -9999, -9999, -9999, -9999, -9999, -9999, -9999, -9999, -9999, -9999, -9999, -9999, -9999, -9999, -9999, -9999, -9999, -9999, -9999, -9999, -9999, -9999, -9999, -9999, -9999, -9999, 59, -9999, -9999, -9999, -9999, 91, -9999, -9999, -9999, -9999, -9999, -9999, -9999, 98, -9999, -9999, 79, 50, 96, -9999, -9999, 11, 53, -9999, -9999, 74, -9999, -9999, -9999, -9999, -9999, 75, -9999]
];
