NbNodes = 100;
NbNDDs = 0;
NbPairs = 100;
NbTerminals = 0;
K = 0;
L = 102;
Wt = [
[-9999, 74, -9999, -9999, 8, 11, -9999, -9999, -9999, -9999, 33, -9999, -9999, -9999, 29, -9999, -9999, -9999, -9999, -9999, -9999, -9999, -9999, 7, -9999, -9999, -9999, 32, 27, -9999, -9999, -9999, 20, -9999, -9999, -9999, -9999, -9999, -9999, -9999, -9999, -9999, -9999, -9999, -9999, -9999, -9999, 88, -9999, -9999, 45, -9999, -9999, -9999, 30, 98, -9999, 37, -9999, -9999, -9999, 83, 88, -9999, -9999, -9999, -9999, -9999, -9999, -9999, -9999, -9999, 42, -9999, -9999, -9999, -9999, -9999, -9999, -9999, -9999, 51, -9999, -9999, -9999, -9999, 47, 77, -9999, -9999, -9999, -9999, 62, -9999, -9999, -9999, -9999, 97, -9999, -9999],
[73, -9999, -9999, 17, 93, -9999, -9999, -9999, -9999, -9999, -9999, -9999, -9999, -9999, 45, -9999, -9999, -9999, -9999, -9999, 55, -9999, -9999, 87, -9999, -9999, -9999, -9999, 91, -9999, -9999, -9999, -9999, -9999, -9999, -9999, -9999, -9999, -9999, -9999, -9999, -9999, -9999, -9999, -9999, -9999, -9999, 65, -9999, -9999, -9999, -9999, -9999, -9999, 49, 30, -9999, 73, -9999, -9999, -9999, 68, 55, 55, -9999, -9999, -9999, -9999, -9999, -9999, -9999, -9999, -9999, 37, -9999, -9999, -9999, -9999, -9999, -9999, -9999, -9999, -9999, -9999, -9999, -9999, -9999, 8, -9999, -9999, -9999, -9999, 80, -9999, -9999, -9999, 67, 96, -9999, -9999],
[25, 99, -9999, -9999, -9999, -9999, -9999, 62, 52, -9999, -9999, 6, -9999, 86, -9999, 50, 81, 65, -9999, -9999, 95, -9999, -9999, -9999, 87, -9999, 71, 73, -9999, -9999, 21, 38, 97, 38, 28, -9999, 69, -9999, -9999, 69, 93, -9999, -9999, 15, 43, 28, 81, 82, -9999, 48, 75, -9999, -9999, 4, 94, 74, -9999, -9999, -9999, 84, 62, 18, -9999, 22, -9999, 89, 36, -9999, -9999, -9999, -9999, -9999, 32, -9999, 97, 81, 91, 65, -9999, -9999, -9999, 98, 43, -9999, -9999, 64, -9999, 41, -9999, 26, 63, -9999, 38, -9999, 42, -9999, 25, -9999, 46, -9999],
[84, 59, -9999, -9999, -9999, -9999, 100, 53, 80, -9999, -9999, -9999, -9999, 55, 90, -9999, -9999, -9999, -9999, -9999, 60, -9999, -9999, 72, 87, 46, 99, -9999, 4, -9999, 95, -9999, 46, -9999, 63, -9999, 40, -9999, -9999, -9999, 17, -9999, -9999, 33, -9999, 60, -9999, 2, -9999, -9999, 66, 48, -9999, 7, 77, 97, -9999, -9999, -9999, 1, 73, 36, 62, 81, 83, 96, -9999, 99, 39, -9999, 40, 66, -9999, -9999, -9999, 60, 93, -9999, 2, -9999, -9999, -9999, -9999, -9999, -9999, 3, -9999, -9999, 11, 34, 36, -9999, 60, 19, -9999, 72, 52, 22, -9999, -9999],
[-9999, 14, -9999, 48, -9999, 90, -9999, -9999, -9999, -9999, -9999, 28, -9999, -9999, 72, 34, -9999, -9999, -9999, -9999, 57, -9999, -9999, 32, -9999, -9999, -9999, -9999, 85, -9999, -9999, -9999, -9999, -9999, -9999, -9999, -9999, -9999, -9999, -9999, -9999, -9999, -9999, -9999, -9999, -9999, 36, 79, -9999, -9999, -9999, -9999, -9999, -9999, 62, -9999, -9999, -9999, -9999, -9999, -9999, -9999, 15, 14, -9999, -9999, -9999, -9999, -9999, -9999, -9999, -9999, 49, -9999, -9999, -9999, -9999, -9999, -9999, -9999, -9999, -9999, -9999, -9999, -9999, -9999, -9999, 56, -9999, -9999, -9999, -9999, 64, -9999, -9999, -9999, -9999, -9999, -9999, -9999],
[-9999, 5, -9999, -9999, 18, -9999, -9999, -9999, -9999, -9999, -9999, -9999, -9999, -9999, -9999, 46, -9999, -9999, -9999, 22, 95, -9999, -9999, -9999, -9999, -9999, -9999, 55, 46, -9999, -9999, -9999, -9999, -9999, -9999, -9999, -9999, -9999, -9999, -9999, -9999, -9999, -9999, -9999, -9999, -9999, -9999, 2, -9999, -9999, 88, -9999, -9999, -9999, 44, -9999, -9999, 47, -9999, -9999, -9999, 100, 95, -9999, -9999, -9999, -9999, -9999, -9999, -9999, -9999, -9999, -9999, -9999, -9999, -9999, -9999, -9999, 52, -9999, -9999, -9999, -9999, -9999, -9999, -9999, -9999, 86, -9999, -9999, -9999, -9999, 11, -9999, -9999, -9999, -9999, 78, -9999, -9999],
[-9999, -9999, 70, -9999, -9999, -9999, -9999, -9999, -9999, -9999, -9999, -9999, -9999, -9999, -9999, -9999, -9999, -9999, -9999, -9999, 21, -9999, -9999, -9999, -9999, -9999, -9999, -9999, 66, -9999, -9999, -9999, -9999, -9999, -9999, -9999, -9999, -9999, -9999, -9999, -9999, -9999, -9999, -9999, -9999, -9999, -9999, -9999, -9999, -9999, -9999, -9999, -9999, -9999, 40, -9999, -9999, -9999, -9999, -9999, -9999, -9999, -9999, -9999, -9999, -9999, -9999, -9999, -9999, -9999, -9999, -9999, -9999, -9999, -9999, -9999, -9999, -9999, -9999, -9999, -9999, -9999, -9999, -9999, -9999, -9999, -9999, -9999, -9999, -9999, -9999, -9999, -9999, -9999, -9999, -9999, -9999, 70, -9999, -9999],
[86, 91, -9999, 10, -9999, -9999, -9999, -9999, -9999, -9999, -9999, 42, -9999, -9999, 81, -9999, -9999, -9999, -9999, -9999, 52, -9999, -9999, 48, -9999, -9999, -9999, 3, 8, -9999, -9999, -9999, -9999, -9999, -9999, 36, -9999, -9999, -9999, -9999, -9999, -9999, -9999, -9999, -9999, -9999, -9999, -9999, -9999, -9999, 12, -9999, -9999, -9999, 14, 46, -9999, -9999, -9999, -9999, -9999, 46, 94, 88, -9999, -9999, -9999, -9999, -9999, -9999, -9999, -9999, 68, -9999, 77, -9999, -9999, -9999, 69, -9999, -9999, -9999, -9999, -9999, -9999, -9999, -9999, 94, -9999, -9999, -9999, 80, 95, -9999, -9999, -9999, -9999, -9999, -9999, -9999],
[-9999, 82, 38, 47, 20, 31, -9999, -9999, -9999, -9999, -9999, -9999, -9999, 8, -9999, 35, -9999, -9999, 53, -9999, 18, -9999, -9999, 6, -9999, 86, 42, 69, 31, -9999, 41, -9999, -9999, 27, -9999, -9999, -9999, -9999, -9999, -9999, 87, 46, 6, 6, 94, -9999, -9999, -9999, 69, -9999, 57, 84, -9999, 64, 30, 62, -9999, -9999, 70, 61, -9999, 4, -9999, 95, 95, -9999, -9999, -9999, 70, 19, 87, -9999, 5, -9999, 8, 86, 37, -9999, 88, 70, -9999, -9999, -9999, -9999, -9999, 41, 3, 85, 81, -9999, 84, -9999, 7, 56, -9999, -9999, 34, -9999, 8, -9999],
[52, 66, -9999, 14, -9999, 93, -9999, -9999, -9999, -9999, -9999, -9999, -9999, -9999, -9999, 50, -9999, -9999, -9999, -9999, 58, -9999, -9999, 49, -9999, -9999, -9999, 87, 11, -9999, -9999, -9999, -9999, -9999, -9999, -9999, -9999, -9999, -9999, -9999, -9999, -9999, -9999, -9999, -9999, -9999, 82, -9999, -9999, -9999, 40, -9999, -9999, -9999, 16, -9999, -9999, 57, -9999, -9999, -9999, -9999, 43, -9999, -9999, -9999, -9999, -9999, -9999, -9999, -9999, -9999, 5, -9999, 48, -9999, -9999, -9999, 16, -9999, -9999, -9999, -9999, 52, -9999, -9999, -9999, 98, -9999, -9999, -9999, -9999, 67, -9999, -9999, -9999, -9999, 66, -9999, -9999],
[-9999, 49, -9999, -9999, -9999, -9999, -9999, -9999, -9999, -9999, -9999, -9999, -9999, -9999, -9999, 7, -9999, -9999, -9999, -9999, 31, -9999, -9999, 49, -9999, -9999, -9999, 30, 18, -9999, -9999, -9999, -9999, -9999, -9999, -9999, -9999, -9999, -9999, -9999, -9999, -9999, -9999, -9999, -9999, -9999, -9999, -9999, -9999, -9999, -9999, -9999, -9999, -9999, 83, 76, -9999, -9999, -9999, -9999, -9999, -9999, -9999, -9999, -9999, -9999, -9999, -9999, -9999, -9999, -9999, -9999, 96, -9999, 57, -9999, -9999, -9999, 37, -9999, -9999, -9999, -9999, -9999, -9999, -9999, -9999, 56, -9999, -9999, -9999, -9999, 39, -9999, -9999, -9999, -9999, -9999, -9999, -9999],
[19, 38, -9999, 8, 13, -9999, -9999, 82, 28, -9999, -9999, -9999, -9999, -9999, 7, -9999, -9999, -9999, 75, -9999, 14, -9999, -9999, -9999, -9999, 88, 4, -9999, 12, -9999, -9999, -9999, -9999, 70, -9999, -9999, -9999, -9999, -9999, 79, -9999, 84, 64, -9999, 17, 6, 71, -9999, 68, -9999, 14, -9999, -9999, 58, 98, 51, 11, 35, -9999, 19, -9999, -9999, -9999, 36, 76, -9999, -9999, 87, -9999, -9999, -9999, -9999, 96, -9999, 32, 69, 62, 98, -9999, -9999, -9999, -9999, -9999, -9999, -9999, 2, -9999, -9999, -9999, -9999, -9999, -9999, 76, 9, -9999, -9999, 73, -9999, -9999, -9999],
[48, 41, -9999, -9999, -9999, 17, -9999, -9999, -9999, -9999, -9999, -9999, -9999, -9999, 81, 27, -9999, -9999, -9999, -9999, 77, -9999, -9999, -9999, -9999, -9999, -9999, -9999, 17, -9999, -9999, -9999, -9999, -9999, -9999, -9999, -9999, -9999, -9999, -9999, -9999, -9999, -9999, -9999, -9999, -9999, -9999, 65, -9999, -9999, 37, -9999, -9999, -9999, 80, 10, -9999, 4, -9999, -9999, -9999, 8, -9999, -9999, -9999, -9999, -9999, -9999, -9999, -9999, -9999, -9999, -9999, -9999, 50, -9999, -9999, -9999, 99, -9999, -9999, -9999, -9999, -9999, -9999, -9999, -9999, -9999, -9999, -9999, -9999, -9999, 7, -9999, -9999, -9999, -9999, -9999, -9999, -9999],
[12, 89, -9999, -9999, 50, 27, -9999, -9999, -9999, -9999, -9999, -9999, -9999, -9999, 30, -9999, -9999, -9999, -9999, -9999, 67, -9999, -9999, 65, -9999, -9999, -9999, 17, 51, -9999, -9999, -9999, -9999, -9999, -9999, -9999, -9999, -9999, -9999, -9999, -9999, -9999, -9999, -9999, -9999, -9999, -9999, 25, -9999, -9999, -9999, -9999, -9999, -9999, 7, 94, -9999, -9999, -9999, -9999, -9999, 10, -9999, -9999, -9999, -9999, -9999, -9999, -9999, -9999, -9999, -9999, 42, 32, 10, -9999, -9999, -9999, 54, -9999, -9999, -9999, -9999, -9999, -9999, -9999, -9999, -9999, -9999, -9999, -9999, -9999, 5, -9999, -9999, -9999, 28, 95, -9999, -9999],
[-9999, -9999, -9999, 67, -9999, 29, -9999, -9999, -9999, -9999, -9999, -9999, -9999, -9999, -9999, -9999, -9999, -9999, -9999, -9999, 35, -9999, -9999, 24, -9999, -9999, -9999, 36, 49, -9999, -9999, -9999, -9999, -9999, -9999, -9999, -9999, -9999, -9999, -9999, -9999, -9999, -9999, -9999, -9999, -9999, 61, -9999, -9999, -9999, -9999, -9999, -9999, -9999, 70, 22, -9999, -9999, -9999, -9999, -9999, 39, -9999, 78, -9999, -9999, -9999, -9999, -9999, -9999, -9999, -9999, 4, -9999, 54, -9999, -9999, -9999, 34, -9999, -9999, -9999, -9999, -9999, -9999, -9999, -9999, -9999, -9999, -9999, -9999, -9999, 33, -9999, -9999, -9999, -9999, 42, -9999, -9999],
[-9999, -9999, -9999, -9999, -9999, -9999, -9999, -9999, -9999, -9999, -9999, -9999, -9999, -9999, -9999, -9999, -9999, -9999, -9999, -9999, 84, -9999, -9999, -9999, -9999, 41, -9999, -9999, 49, -9999, -9999, -9999, -9999, -9999, -9999, -9999, 86, -9999, 78, -9999, -9999, -9999, -9999, -9999, -9999, -9999, -9999, -9999, -9999, -9999, -9999, -9999, -9999, -9999, 98, -9999, 21, -9999, -9999, -9999, 49, -9999, -9999, -9999, -9999, -9999, -9999, -9999, -9999, -9999, -9999, -9999, -9999, -9999, -9999, -9999, -9999, -9999, -9999, 27, -9999, 11, -9999, -9999, -9999, -9999, 63, -9999, -9999, -9999, -9999, -9999, -9999, -9999, -9999, -9999, -9999, -9999, -9999, -9999],
[96, 73, -9999, -9999, 86, -9999, -9999, 78, 77, -9999, -9999, -9999, 41, -9999, -9999, 54, -9999, -9999, -9999, -9999, 51, -9999, 24, -9999, -9999, 41, -9999, 69, 14, -9999, -9999, -9999, -9999, 99, 9, 69, -9999, -9999, -9999, 91, 46, 41, 95, 68, 65, 25, 83, 89, -9999, -9999, 25, 86, -9999, 96, 60, 13, 94, 84, 36, 63, 98, -9999, -9999, 26, 62, -9999, -9999, -9999, 44, -9999, 41, -9999, -9999, -9999, 60, 64, 73, 71, 6, -9999, -9999, -9999, -9999, 18, -9999, 9, -9999, 4, 74, 56, 95, -9999, 43, -9999, -9999, -9999, 2, 93, 30, -9999],
[23, 66, -9999, 5, 91, 82, -9999, -9999, -9999, -9999, -9999, -9999, -9999, -9999, -9999, 10, -9999, -9999, -9999, -9999, -9999, -9999, -9999, -9999, -9999, -9999, -9999, -9999, 74, -9999, -9999, -9999, -9999, -9999, -9999, 72, -9999, -9999, -9999, -9999, -9999, -9999, -9999, -9999, -9999, -9999, 49, 74, -9999, -9999, 77, -9999, -9999, -9999, 42, 17, -9999, -9999, -9999, -9999, -9999, -9999, 4, 90, -9999, -9999, -9999, -9999, -9999, -9999, -9999, -9999, 78, -9999, 12, -9999, -9999, -9999, 40, -9999, -9999, -9999, -9999, -9999, -9999, -9999, -9999, -9999, -9999, -9999, -9999, -9999, 44, -9999, -9999, -9999, 87, 15, -9999, -9999],
[-9999, 70, -9999, -9999, 48, 73, -9999, -9999, -9999, -9999, 23, -9999, -9999, -9999, 61, -9999, 83, -9999, -9999, -9999, 68, -9999, -9999, 22, -9999, -9999, -9999, -9999, 36, -9999, -9999, -9999, -9999, -9999, -9999, -9999, -9999, -9999, -9999, -9999, -9999, -9999, -9999, -9999, -9999, -9999, -9999, -9999, -9999, -9999, -9999, -9999, -9999, -9999, 97, -9999, -9999, 78, -9999, -9999, -9999, -9999, 74, -9999, -9999, -9999, -9999, -9999, -9999, -9999, -9999, -9999, 88, -9999, -9999, -9999, -9999, -9999, 63, -9999, -9999, -9999, -9999, -9999, -9999, -9999, -9999, 41, -9999, -9999, -9999, -9999, 29, -9999, -9999, -9999, -9999, -9999, -9999, -9999],
[91, 58, -9999, 13, -9999, 10, -9999, 77, 28, -9999, -9999, -9999, -9999, -9999, 37, -9999, -9999, -9999, -9999, -9999, 38, -9999, -9999, 12, -9999, 94, -9999, -9999, 70, -9999, 51, -9999, -9999, -9999, -9999, -9999, -9999, -9999, -9999, -9999, 16, -9999, 39, 5, 64, 50, 56, 9, 44, -9999, 56, 48, -9999, 43, 97, -9999, -9999, -9999, 42, 30, -9999, 72, -9999, 54, 31, -9999, -9999, -9999, 48, 38, 52, -9999, 70, -9999, -9999, -9999, 22, 86, -9999, 100, -9999, -9999, -9999, -9999, -9999, 87, -9999, -9999, 8, 52, 71, -9999, 38, -9999, -9999, 82, 84, 25, 71, 52],
[-9999, 34, -9999, 94, -9999, 79, -9999, -9999, -9999, -9999, -9999, -9999, 97, 67, 93, -9999, -9999, -9999, -9999, -9999, -9999, -9999, -9999, 47, -9999, 83, -9999, 24, 32, -9999, 33, -9999, -9999, 33, 43, -9999, -9999, -9999, -9999, -9999, 44, 78, 53, 59, 95, -9999, -9999, -9999, -9999, -9999, 47, -9999, 15, 16, 92, 84, 6, -9999, 13, 75, -9999, 90, 100, -9999, 64, -9999, -9999, 99, 45, -9999, 56, -9999, -9999, -9999, 17, 50, 82, -9999, 12, 88, 84, -9999, -9999, -9999, -9999, -9999, -9999, -9999, 29, -9999, 75, -9999, 69, -9999, -9999, -9999, 29, -9999, 21, 25],
[-9999, 17, -9999, 45, 80, 77, -9999, -9999, -9999, -9999, 31, 29, -9999, -9999, 61, 47, 100, -9999, -9999, -9999, -9999, -9999, -9999, -9999, -9999, -9999, -9999, -9999, 79, -9999, -9999, -9999, 96, -9999, -9999, -9999, -9999, -9999, -9999, -9999, -9999, -9999, -9999, -9999, -9999, -9999, 26, -9999, -9999, -9999, -9999, -9999, -9999, -9999, 70, -9999, -9999, 61, -9999, -9999, -9999, 7, 37, -9999, -9999, -9999, -9999, -9999, -9999, -9999, -9999, -9999, 29, -9999, -9999, -9999, -9999, -9999, -9999, -9999, -9999, 86, -9999, -9999, -9999, -9999, -9999, 52, -9999, -9999, -9999, -9999, 55, -9999, -9999, -9999, 41, 8, -9999, -9999],
[99, 10, -9999, -9999, 30, 15, -9999, 88, -9999, -9999, -9999, -9999, -9999, 32, -9999, 19, 55, 50, 79, -9999, 43, -9999, -9999, -9999, 58, 63, 82, 19, 94, -9999, 61, -9999, 19, 19, -9999, -9999, 72, -9999, 44, 71, -9999, 5, 11, -9999, 73, -9999, -9999, 90, -9999, -9999, -9999, 20, -9999, 100, 29, 32, 19, -9999, 74, 63, 10, 81, 36, 56, 16, -9999, -9999, -9999, -9999, -9999, -9999, -9999, 5, -9999, -9999, 34, 69, 29, -9999, 34, 70, -9999, 49, -9999, -9999, 46, -9999, 41, 83, 52, 75, -9999, 63, -9999, -9999, -9999, -9999, 80, -9999, -9999],
[56, 91, -9999, -9999, -9999, -9999, -9999, -9999, 76, -9999, -9999, -9999, -9999, 24, 84, 72, -9999, -9999, 60, -9999, 55, -9999, -9999, -9999, -9999, 52, 21, 32, 31, -9999, -9999, -9999, -9999, -9999, 3, -9999, -9999, -9999, -9999, -9999, -9999, 96, -9999, -9999, 21, 27, -9999, 38, 100, -9999, 76, -9999, -9999, 30, 54, 78, -9999, 28, 7, 86, -9999, -9999, 47, 76, 2, -9999, -9999, 90, -9999, -9999, 20, -9999, -9999, -9999, 84, -9999, 36, 72, 24, 44, 85, -9999, -9999, -9999, -9999, 10, -9999, 44, -9999, 95, 98, -9999, 9, 73, -9999, -9999, -9999, 100, 67, 10],
[-9999, -9999, -9999, -9999, -9999, -9999, -9999, -9999, -9999, -9999, -9999, -9999, -9999, -9999, -9999, -9999, -9999, -9999, -9999, -9999, 39, -9999, -9999, -9999, -9999, 36, -9999, -9999, 24, -9999, -9999, -9999, -9999, -9999, -9999, -9999, -9999, -9999, -9999, -9999, -9999, -9999, -9999, -9999, -9999, -9999, -9999, -9999, -9999, -9999, -9999, -9999, -9999, -9999, 85, -9999, -9999, -9999, -9999, -9999, 65, -9999, -9999, -9999, -9999, -9999, -9999, -9999, -9999, -9999, -9999, -9999, -9999, -9999, -9999, -9999, -9999, -9999, -9999, 26, -9999, -9999, -9999, -9999, -9999, -9999, -9999, -9999, -9999, -9999, -9999, -9999, -9999, -9999, -9999, -9999, -9999, 100, -9999, -9999],
[-9999, 16, -9999, 42, -9999, 57, -9999, -9999, -9999, -9999, 34, 44, -9999, -9999, -9999, -9999, -9999, -9999, -9999, -9999, 36, -9999, -9999, -9999, -9999, -9999, -9999, 13, 90, -9999, -9999, -9999, -9999, -9999, -9999, -9999, -9999, -9999, -9999, -9999, -9999, -9999, -9999, -9999, -9999, -9999, 13, -9999, -9999, -9999, -9999, -9999, -9999, -9999, 57, -9999, -9999, 23, -9999, -9999, -9999, 36, -9999, 94, -9999, -9999, -9999, -9999, -9999, -9999, -9999, -9999, -9999, -9999, 23, -9999, -9999, -9999, -9999, -9999, -9999, 47, -9999, 48, -9999, -9999, -9999, 84, -9999, -9999, -9999, -9999, 31, -9999, -9999, -9999, 2, 23, -9999, -9999],
[18, 64, -9999, 59, 43, 92, -9999, -9999, -9999, -9999, -9999, 56, -9999, -9999, -9999, 45, -9999, -9999, -9999, -9999, 5, -9999, -9999, 16, -9999, -9999, -9999, 22, 2, -9999, -9999, -9999, -9999, -9999, -9999, -9999, -9999, -9999, -9999, -9999, -9999, -9999, -9999, -9999, -9999, -9999, 97, 48, -9999, -9999, -9999, -9999, -9999, -9999, 47, 48, -9999, 7, -9999, -9999, -9999, 3, 55, -9999, -9999, -9999, -9999, -9999, -9999, -9999, -9999, -9999, 89, 7, 21, -9999, -9999, -9999, -9999, -9999, -9999, -9999, -9999, -9999, -9999, -9999, -9999, 25, -9999, -9999, -9999, -9999, 71, -9999, -9999, -9999, -9999, 44, -9999, -9999],
[-9999, 22, -9999, 44, -9999, 91, -9999, -9999, -9999, -9999, -9999, -9999, -9999, -9999, -9999, -9999, -9999, -9999, -9999, -9999, 59, -9999, -9999, 89, -9999, -9999, -9999, -9999, 67, -9999, -9999, -9999, -9999, -9999, -9999, -9999, -9999, -9999, -9999, -9999, -9999, -9999, -9999, -9999, -9999, -9999, -9999, 52, -9999, -9999, -9999, -9999, -9999, -9999, 72, -9999, -9999, 50, -9999, -9999, -9999, 93, -9999, 66, -9999, -9999, -9999, -9999, -9999, -9999, -9999, -9999, 57, -9999, 21, -9999, -9999, -9999, 96, -9999, -9999, -9999, -9999, -9999, -9999, -9999, 34, 14, -9999, -9999, -9999, -9999, 72, -9999, -9999, -9999, 21, 94, -9999, -9999],
[67, 37, -9999, -9999, -9999, -9999, -9999, -9999, -9999, -9999, -9999, -9999, -9999, 64, 85, 47, -9999, -9999, 35, -9999, 73, -9999, -9999, 3, -9999, 65, -9999, -9999, -9999, 91, 24, -9999, -9999, -9999, 54, 6, -9999, -9999, -9999, -9999, 11, -9999, -9999, 72, 88, -9999, 26, -9999, 36, -9999, 98, 57, -9999, 44, 53, 47, 74, 23, 14, 32, -9999, -9999, -9999, -9999, 57, -9999, -9999, -9999, -9999, -9999, -9999, -9999, -9999, -9999, -9999, 48, 88, 29, -9999, -9999, 16, -9999, -9999, -9999, -9999, -9999, -9999, -9999, 29, 87, 49, -9999, 64, -9999, -9999, -9999, -9999, 42, -9999, 94],
[97, 11, -9999, 2, 15, -9999, -9999, -9999, -9999, -9999, -9999, -9999, 64, 15, 48, 95, -9999, -9999, -9999, -9999, -9999, -9999, -9999, 35, -9999, 53, 47, -9999, 92, -9999, 96, -9999, -9999, 38, -9999, -9999, -9999, 67, -9999, -9999, -9999, 12, 72, -9999, 2, 24, 64, 45, 61, -9999, 76, -9999, -9999, 60, 14, 59, -9999, -9999, 71, 27, -9999, 61, 60, 43, 64, -9999, -9999, 71, -9999, -9999, -9999, -9999, -9999, -9999, 47, 92, 38, 85, 57, -9999, 54, -9999, -9999, -9999, -9999, 81, -9999, -9999, 56, -9999, 39, -9999, 68, 3, -9999, -9999, -9999, 50, -9999, -9999],
[37, 3, -9999, -9999, 14, -9999, -9999, -9999, -9999, -9999, -9999, -9999, -9999, -9999, -9999, -9999, -9999, -9999, -9999, -9999, 37, -9999, -9999, 63, -9999, -9999, -9999, 59, 69, -9999, -9999, -9999, -9999, -9999, -9999, -9999, -9999, -9999, -9999, -9999, -9999, -9999, -9999, -9999, -9999, -9999, -9999, 94, -9999, -9999, -9999, -9999, -9999, -9999, 78, 88, -9999, 93, -9999, -9999, -9999, 92, -9999, -9999, -9999, -9999, -9999, -9999, -9999, -9999, -9999, -9999, 88, -9999, 76, -9999, -9999, -9999, -9999, -9999, -9999, -9999, -9999, -9999, -9999, -9999, -9999, 3, -9999, -9999, -9999, -9999, 23, -9999, -9999, -9999, 11, 89, -9999, -9999],
[-9999, 45, -9999, -9999, -9999, 71, -9999, -9999, -9999, -9999, -9999, -9999, -9999, -9999, -9999, 97, -9999, -9999, 81, -9999, 89, -9999, -9999, 56, -9999, 87, 36, 85, 99, 97, -9999, -9999, -9999, -9999, 89, 91, -9999, -9999, -9999, 92, -9999, 1, 40, 16, 20, 23, 21, 79, -9999, -9999, 73, 53, -9999, 78, 23, 35, 68, -9999, -9999, 73, 80, 79, -9999, -9999, 42, -9999, -9999, 29, -9999, -9999, 59, -9999, 11, -9999, 70, 78, 79, -9999, -9999, 58, -9999, -9999, -9999, -9999, -9999, 81, -9999, -9999, 18, -9999, 20, -9999, 78, -9999, -9999, -9999, 90, -9999, -9999, 80],
[88, 89, -9999, -9999, 64, 24, -9999, 61, 8, -9999, -9999, -9999, -9999, -9999, 67, -9999, -9999, -9999, 65, -9999, 70, -9999, -9999, 82, -9999, 85, -9999, 7, 61, -9999, -9999, -9999, -9999, 70, 71, -9999, -9999, -9999, -9999, -9999, 49, -9999, -9999, -9999, 73, -9999, 40, -9999, 3, -9999, -9999, -9999, -9999, 10, 51, 25, 63, -9999, 29, 41, 73, -9999, 20, 53, 13, -9999, -9999, -9999, 87, -9999, -9999, -9999, 68, -9999, -9999, 1, 39, -9999, -9999, 57, 55, -9999, -9999, -9999, -9999, -9999, -9999, -9999, 41, 72, 72, -9999, 48, -9999, -9999, -9999, -9999, -9999, 21, 12],
[93, -9999, -9999, 10, -9999, 21, -9999, -9999, -9999, -9999, 55, -9999, -9999, -9999, 67, 23, -9999, -9999, -9999, 30, 18, -9999, -9999, -9999, -9999, -9999, -9999, 42, 2, -9999, -9999, -9999, -9999, -9999, -9999, -9999, -9999, -9999, -9999, -9999, -9999, -9999, -9999, -9999, -9999, -9999, -9999, -9999, -9999, -9999, -9999, -9999, -9999, -9999, 25, 98, -9999, 40, -9999, -9999, -9999, 43, -9999, 20, -9999, -9999, -9999, -9999, -9999, -9999, -9999, -9999, 40, -9999, 82, -9999, -9999, -9999, -9999, -9999, -9999, -9999, -9999, 9, -9999, -9999, -9999, -9999, -9999, -9999, -9999, -9999, 90, -9999, -9999, -9999, 7, 24, -9999, -9999],
[79, 75, 32, -9999, -9999, 76, -9999, -9999, -9999, -9999, -9999, -9999, -9999, 41, 71, 17, -9999, -9999, -9999, -9999, -9999, -9999, -9999, -9999, -9999, 46, 49, 55, 55, -9999, -9999, -9999, -9999, 4, -9999, -9999, -9999, -9999, -9999, 48, 34, -9999, -9999, 45, 60, -9999, 69, 73, 6, -9999, 37, -9999, -9999, 9, 41, 3, 28, 61, 25, 13, 63, -9999, -9999, -9999, 2, -9999, -9999, -9999, 67, -9999, -9999, -9999, 24, -9999, 45, 15, 74, 73, -9999, 82, -9999, -9999, -9999, -9999, -9999, -9999, -9999, -9999, -9999, 4, 95, 27, 56, -9999, -9999, -9999, -9999, 42, -9999, 28],
[3, 10, -9999, -9999, 58, 100, -9999, 68, -9999, -9999, -9999, -9999, -9999, 29, 1, 24, -9999, -9999, 41, -9999, 75, -9999, -9999, -9999, -9999, 76, 89, 22, 21, -9999, 57, -9999, -9999, -9999, -9999, -9999, -9999, -9999, -9999, -9999, 41, -9999, 25, 76, 90, 5, -9999, 4, -9999, -9999, 18, 58, 5, 47, 69, 19, -9999, -9999, 91, 21, -9999, 62, -9999, 78, 91, -9999, -9999, 100, 86, -9999, -9999, -9999, 27, -9999, 72, 49, 74, 36, 87, -9999, -9999, -9999, -9999, -9999, -9999, 86, -9999, 36, 75, 18, 79, -9999, 33, -9999, -9999, -9999, -9999, -9999, -9999, -9999],
[21, 19, -9999, 61, 8, -9999, -9999, 43, 28, -9999, -9999, -9999, -9999, 78, -9999, 3, -9999, -9999, 97, 29, -9999, -9999, -9999, -9999, -9999, 67, -9999, 39, 64, -9999, 32, -9999, -9999, 39, 4, -9999, -9999, 88, -9999, 39, 16, 5, -9999, -9999, 50, 36, 17, 63, 7, -9999, 93, 78, -9999, 30, -9999, -9999, -9999, 71, 98, 60, 59, 40, 62, -9999, 77, -9999, -9999, -9999, 38, -9999, 97, -9999, 84, -9999, 75, 85, 97, -9999, 25, 69, -9999, -9999, -9999, -9999, -9999, -9999, -9999, -9999, 53, -9999, 48, -9999, 55, -9999, -9999, -9999, 84, -9999, 10, -9999],
[-9999, 17, -9999, -9999, -9999, 11, -9999, -9999, 66, -9999, -9999, -9999, -9999, 19, -9999, 74, 2, 48, 13, -9999, 7, -9999, -9999, -9999, -9999, 52, -9999, 48, 59, -9999, 72, -9999, -9999, 14, 1, 4, 78, -9999, 79, -9999, -9999, -9999, 35, -9999, 95, -9999, 37, 94, 33, -9999, 49, -9999, -9999, 98, 54, -9999, -9999, 71, 83, 8, 4, 56, 88, -9999, 76, 38, 38, 100, -9999, 80, 31, -9999, 8, -9999, -9999, -9999, 72, 38, -9999, 77, 34, 73, -9999, -9999, -9999, -9999, -9999, -9999, 94, -9999, 27, -9999, 82, 76, -9999, -9999, 33, -9999, 90, -9999],
[37, 72, -9999, -9999, -9999, 28, -9999, -9999, -9999, -9999, -9999, -9999, -9999, -9999, 55, -9999, -9999, -9999, -9999, -9999, -9999, -9999, -9999, 16, -9999, -9999, -9999, 22, 84, -9999, -9999, -9999, -9999, -9999, -9999, -9999, -9999, -9999, -9999, -9999, -9999, -9999, -9999, -9999, -9999, -9999, 70, 19, -9999, -9999, 94, -9999, -9999, -9999, 15, -9999, -9999, -9999, -9999, -9999, -9999, 65, 17, 15, -9999, -9999, -9999, -9999, -9999, -9999, -9999, -9999, -9999, -9999, -9999, -9999, -9999, -9999, 47, -9999, -9999, -9999, -9999, -9999, -9999, -9999, 73, 27, -9999, -9999, -9999, -9999, 98, -9999, -9999, -9999, 47, 18, -9999, -9999],
[-9999, 19, -9999, 79, -9999, -9999, -9999, -9999, -9999, -9999, -9999, -9999, -9999, -9999, -9999, 46, -9999, -9999, -9999, -9999, 18, -9999, -9999, -9999, -9999, -9999, -9999, 40, 3, -9999, -9999, -9999, -9999, -9999, -9999, -9999, -9999, -9999, -9999, -9999, -9999, -9999, -9999, -9999, -9999, -9999, 100, 81, -9999, -9999, 83, -9999, -9999, -9999, 85, -9999, -9999, -9999, -9999, -9999, -9999, 81, -9999, 20, -9999, -9999, -9999, -9999, -9999, -9999, -9999, -9999, -9999, -9999, 43, -9999, -9999, -9999, 97, -9999, -9999, -9999, -9999, -9999, -9999, -9999, -9999, 19, -9999, -9999, -9999, -9999, 45, -9999, -9999, -9999, 1, -9999, -9999, -9999],
[21, 16, -9999, -9999, 68, -9999, -9999, 18, -9999, -9999, 36, -9999, -9999, 46, -9999, -9999, 43, 58, 34, -9999, 52, -9999, -9999, 82, -9999, 74, -9999, -9999, 76, -9999, -9999, 43, 78, -9999, -9999, -9999, -9999, -9999, 67, 52, -9999, 12, -9999, -9999, 13, -9999, 25, -9999, 44, -9999, 10, -9999, -9999, 67, 92, -9999, -9999, -9999, 97, 89, 19, 12, -9999, 39, 46, -9999, 85, 68, -9999, -9999, -9999, -9999, 27, -9999, 7, 4, 71, 45, 20, -9999, -9999, 85, -9999, -9999, 77, 46, -9999, 37, 15, -9999, 22, -9999, 94, 88, -9999, -9999, -9999, 79, -9999, 6],
[-9999, 10, -9999, 78, 34, 13, -9999, -9999, -9999, -9999, -9999, -9999, -9999, -9999, 32, 11, -9999, -9999, -9999, -9999, 95, -9999, -9999, 29, -9999, -9999, -9999, 94, 4, -9999, -9999, -9999, 60, -9999, -9999, -9999, -9999, -9999, -9999, -9999, -9999, -9999, -9999, -9999, -9999, -9999, 84, 20, -9999, -9999, -9999, -9999, -9999, -9999, 95, -9999, -9999, 2, -9999, -9999, -9999, 14, 1, 11, -9999, -9999, -9999, -9999, -9999, -9999, -9999, -9999, -9999, -9999, 46, -9999, -9999, -9999, 21, -9999, -9999, -9999, -9999, 31, -9999, -9999, -9999, -9999, -9999, -9999, -9999, -9999, -9999, -9999, -9999, -9999, 75, 25, -9999, -9999],
[13, 59, -9999, -9999, 15, -9999, -9999, -9999, -9999, -9999, -9999, -9999, -9999, -9999, 72, 37, -9999, -9999, -9999, -9999, 59, -9999, -9999, 90, -9999, -9999, -9999, 38, 73, -9999, -9999, -9999, -9999, -9999, -9999, -9999, -9999, -9999, -9999, -9999, -9999, -9999, -9999, -9999, -9999, -9999, 47, 50, -9999, -9999, -9999, -9999, -9999, -9999, 13, -9999, -9999, 48, -9999, -9999, -9999, 25, 26, 51, -9999, -9999, -9999, -9999, -9999, -9999, -9999, -9999, -9999, -9999, 23, -9999, -9999, -9999, -9999, -9999, -9999, -9999, -9999, -9999, -9999, -9999, -9999, -9999, -9999, -9999, -9999, -9999, -9999, -9999, -9999, -9999, 70, -9999, -9999, -9999],
[-9999, 69, -9999, 35, 19, -9999, -9999, -9999, -9999, -9999, -9999, -9999, -9999, -9999, 36, 7, 78, -9999, -9999, -9999, 45, -9999, -9999, 56, -9999, -9999, -9999, 9, 18, -9999, -9999, -9999, 5, -9999, -9999, -9999, -9999, -9999, -9999, -9999, -9999, -9999, -9999, -9999, -9999, -9999, 16, -9999, -9999, -9999, 96, -9999, -9999, -9999, 75, -9999, -9999, 95, -9999, -9999, -9999, -9999, -9999, 30, -9999, -9999, -9999, -9999, -9999, -9999, -9999, -9999, 76, -9999, -9999, -9999, -9999, -9999, 41, -9999, -9999, -9999, -9999, 86, -9999, -9999, 85, -9999, -9999, -9999, -9999, -9999, 97, -9999, -9999, -9999, -9999, 33, -9999, -9999],
[-9999, 15, -9999, -9999, -9999, 91, -9999, 23, 39, -9999, -9999, -9999, -9999, -9999, -9999, -9999, -9999, -9999, 17, -9999, 52, -9999, -9999, -9999, -9999, 25, 96, -9999, 53, -9999, 26, -9999, -9999, 42, -9999, -9999, -9999, -9999, -9999, -9999, 57, 66, -9999, -9999, -9999, -9999, 28, 89, 64, -9999, -9999, -9999, -9999, 38, 42, -9999, 11, 16, -9999, 29, -9999, 26, -9999, 62, -9999, -9999, -9999, 36, -9999, -9999, 92, -9999, 57, -9999, 98, 89, 79, -9999, -9999, 60, 14, -9999, -9999, -9999, 39, -9999, -9999, -9999, -9999, -9999, 10, -9999, 82, 28, -9999, -9999, -9999, 41, -9999, 31],
[98, 5, -9999, 65, 95, -9999, -9999, -9999, -9999, -9999, -9999, -9999, -9999, -9999, -9999, 89, -9999, -9999, 82, -9999, 84, -9999, -9999, -9999, -9999, -9999, -9999, -9999, 37, -9999, 29, -9999, -9999, 90, -9999, -9999, -9999, -9999, -9999, -9999, -9999, 55, 73, 94, 39, -9999, -9999, -9999, 91, -9999, -9999, 18, -9999, 3, 26, 88, -9999, 28, -9999, 75, -9999, -9999, 31, -9999, 33, -9999, -9999, -9999, -9999, -9999, 64, -9999, 59, -9999, -9999, -9999, 26, 83, -9999, 29, 7, -9999, -9999, -9999, -9999, -9999, -9999, 44, 36, -9999, 43, -9999, 59, 44, -9999, -9999, -9999, 89, 69, 1],
[57, 18, -9999, 28, 3, 24, -9999, -9999, -9999, -9999, -9999, -9999, -9999, -9999, 54, 60, -9999, -9999, -9999, -9999, 8, -9999, -9999, -9999, -9999, -9999, -9999, -9999, 84, -9999, -9999, -9999, -9999, -9999, -9999, -9999, -9999, -9999, -9999, -9999, -9999, -9999, -9999, -9999, -9999, -9999, -9999, 61, -9999, -9999, 16, -9999, -9999, -9999, 39, 86, -9999, -9999, -9999, -9999, -9999, 69, 11, -9999, -9999, -9999, -9999, -9999, -9999, -9999, -9999, -9999, 16, -9999, 30, -9999, -9999, -9999, 77, -9999, -9999, -9999, -9999, -9999, -9999, -9999, -9999, 60, -9999, -9999, -9999, -9999, 79, -9999, -9999, -9999, 23, -9999, -9999, -9999],
[-9999, 57, -9999, 41, 55, 26, -9999, -9999, 90, -9999, -9999, -9999, -9999, 56, 9, 49, -9999, -9999, 55, -9999, 17, -9999, 30, 25, -9999, -9999, 2, -9999, 81, -9999, 85, -9999, -9999, -9999, -9999, 30, -9999, -9999, -9999, -9999, -9999, 63, 81, -9999, 77, -9999, 96, -9999, 60, -9999, 95, 68, -9999, 24, 100, 19, 2, -9999, -9999, 41, -9999, 16, -9999, -9999, 25, -9999, -9999, -9999, 97, -9999, 86, 22, -9999, -9999, 64, 84, 33, 21, 82, -9999, 59, -9999, -9999, -9999, -9999, -9999, -9999, -9999, 17, 7, 76, -9999, 59, 66, -9999, -9999, 47, -9999, 32, 97],
[-9999, 57, -9999, 35, 81, -9999, -9999, 70, 81, -9999, -9999, -9999, -9999, -9999, -9999, 97, -9999, 43, 81, -9999, 4, -9999, -9999, -9999, 11, 95, 6, 99, 85, -9999, 50, 77, -9999, 29, -9999, -9999, -9999, -9999, 96, -9999, -9999, 26, 35, 1, 28, 61, -9999, 65, -9999, 51, 59, -9999, -9999, 41, 98, 63, 90, -9999, 51, 11, 24, 37, 7, 65, 32, -9999, 13, -9999, 26, -9999, -9999, -9999, -9999, -9999, 50, -9999, 82, -9999, 48, 22, 2, -9999, -9999, -9999, -9999, 64, -9999, 60, -9999, -9999, 9, -9999, 44, 86, -9999, -9999, 89, 10, -9999, 95],
[4, 44, -9999, -9999, 33, 14, -9999, -9999, 97, -9999, -9999, 18, -9999, -9999, 74, -9999, -9999, -9999, 79, -9999, 98, -9999, -9999, -9999, -9999, 16, -9999, 71, 47, 40, -9999, -9999, -9999, 74, -9999, -9999, -9999, -9999, -9999, -9999, 78, -9999, -9999, 52, -9999, 5, -9999, -9999, -9999, -9999, 10, -9999, -9999, 53, 55, -9999, 42, 82, -9999, 85, 60, -9999, 38, 92, 79, -9999, -9999, 94, -9999, -9999, -9999, -9999, -9999, -9999, -9999, -9999, 99, 88, 56, 86, 98, -9999, -9999, -9999, -9999, 69, -9999, -9999, 84, 80, 16, -9999, 92, 76, -9999, 100, -9999, 91, 76, -9999],
[73, 86, -9999, 48, 84, -9999, -9999, 60, -9999, -9999, -9999, 62, 59, 14, -9999, 46, -9999, -9999, 92, -9999, 52, -9999, -9999, 78, -9999, 76, 22, 53, 13, -9999, -9999, -9999, -9999, -9999, 12, -9999, -9999, -9999, -9999, 29, 9, 37, 77, 80, 53, -9999, 43, 66, 61, -9999, -9999, 88, -9999, 70, 35, -9999, 21, 42, -9999, 94, -9999, 95, -9999, 30, 57, -9999, -9999, 88, 31, 8, -9999, -9999, 8, -9999, 4, 75, 21, -9999, -9999, -9999, 6, -9999, -9999, -9999, -9999, 25, 76, -9999, -9999, -9999, 91, 8, 67, 41, -9999, -9999, -9999, -9999, 59, 22],
[-9999, 59, -9999, 80, 91, 20, -9999, -9999, -9999, -9999, 65, -9999, -9999, -9999, 47, 86, -9999, -9999, -9999, 54, -9999, -9999, -9999, 2, -9999, -9999, -9999, 70, 10, -9999, -9999, -9999, 44, -9999, -9999, -9999, -9999, -9999, -9999, -9999, -9999, -9999, -9999, -9999, -9999, -9999, 3, 45, -9999, -9999, -9999, -9999, -9999, -9999, 36, 75, -9999, 93, -9999, -9999, -9999, 44, 5, 68, -9999, -9999, -9999, -9999, -9999, -9999, -9999, -9999, 74, -9999, 41, -9999, -9999, -9999, 87, -9999, -9999, -9999, -9999, -9999, -9999, -9999, -9999, 40, -9999, -9999, -9999, -9999, 3, -9999, -9999, -9999, 77, 40, -9999, -9999],
[26, 25, -9999, -9999, 68, 99, -9999, -9999, -9999, -9999, -9999, -9999, -9999, -9999, 19, -9999, -9999, -9999, -9999, 98, -9999, -9999, -9999, -9999, -9999, -9999, -9999, 34, 52, -9999, -9999, -9999, -9999, -9999, -9999, -9999, -9999, -9999, -9999, -9999, -9999, -9999, -9999, -9999, -9999, -9999, 50, 62, -9999, -9999, -9999, -9999, -9999, -9999, 20, 66, -9999, 91, -9999, -9999, -9999, -9999, -9999, 69, -9999, -9999, -9999, -9999, -9999, -9999, -9999, -9999, -9999, -9999, -9999, -9999, -9999, -9999, 59, -9999, -9999, -9999, -9999, -9999, -9999, -9999, -9999, 68, -9999, -9999, -9999, 74, 85, -9999, -9999, -9999, -9999, -9999, -9999, -9999],
[-9999, 70, -9999, -9999, -9999, 58, -9999, 98, 25, -9999, -9999, -9999, -9999, -9999, -9999, -9999, -9999, -9999, -9999, -9999, 100, -9999, -9999, -9999, -9999, 68, -9999, 35, 85, -9999, 94, -9999, -9999, 96, -9999, 40, -9999, -9999, -9999, 4, -9999, 26, -9999, -9999, 55, 94, 21, 94, -9999, -9999, 72, -9999, -9999, -9999, 27, -9999, 67, 2, 62, 51, 63, 45, 5, -9999, 67, -9999, -9999, 14, -9999, -9999, 93, -9999, -9999, -9999, -9999, 12, 42, 64, -9999, 35, -9999, -9999, -9999, -9999, -9999, 76, -9999, 6, 69, -9999, 8, -9999, 29, 71, -9999, -9999, 13, 67, 22, -9999],
[67, 40, -9999, -9999, -9999, 44, -9999, -9999, -9999, -9999, -9999, 56, -9999, -9999, 7, -9999, -9999, -9999, -9999, -9999, 34, -9999, -9999, 56, -9999, -9999, -9999, 79, 83, -9999, -9999, -9999, -9999, -9999, -9999, -9999, -9999, -9999, -9999, -9999, -9999, -9999, -9999, -9999, -9999, -9999, 4, 71, -9999, -9999, 80, -9999, -9999, -9999, -9999, -9999, -9999, -9999, -9999, -9999, -9999, 42, -9999, -9999, -9999, -9999, -9999, -9999, -9999, -9999, -9999, -9999, -9999, 47, -9999, -9999, -9999, -9999, 34, -9999, -9999, -9999, -9999, -9999, -9999, -9999, -9999, 55, -9999, -9999, -9999, -9999, 16, -9999, -9999, -9999, 69, -9999, -9999, -9999],
[-9999, 6, -9999, -9999, 11, 19, -9999, -9999, -9999, -9999, -9999, -9999, -9999, -9999, 18, -9999, -9999, -9999, -9999, -9999, -9999, -9999, 14, 58, -9999, -9999, -9999, 37, 17, -9999, -9999, -9999, -9999, -9999, -9999, -9999, -9999, -9999, -9999, -9999, -9999, -9999, -9999, -9999, -9999, -9999, 67, -9999, -9999, -9999, -9999, -9999, -9999, -9999, 58, -9999, -9999, 2, -9999, -9999, -9999, -9999, 67, 61, -9999, -9999, -9999, -9999, -9999, -9999, -9999, -9999, -9999, -9999, -9999, -9999, -9999, -9999, 93, -9999, -9999, -9999, -9999, -9999, -9999, -9999, -9999, -9999, -9999, -9999, -9999, -9999, 91, -9999, -9999, -9999, 3, -9999, -9999, -9999],
[-9999, 72, -9999, -9999, -9999, -9999, -9999, -9999, -9999, -9999, 76, -9999, -9999, -9999, 87, -9999, -9999, -9999, -9999, -9999, 59, -9999, -9999, 95, -9999, -9999, -9999, -9999, 58, -9999, -9999, -9999, -9999, -9999, -9999, -9999, -9999, -9999, -9999, -9999, -9999, -9999, -9999, -9999, -9999, -9999, 97, -9999, -9999, -9999, 67, -9999, -9999, -9999, 75, 69, -9999, 64, -9999, -9999, -9999, 100, 45, -9999, -9999, -9999, -9999, -9999, -9999, -9999, -9999, -9999, -9999, -9999, -9999, -9999, -9999, -9999, 2, -9999, -9999, 4, -9999, -9999, -9999, -9999, -9999, -9999, -9999, -9999, -9999, -9999, 33, -9999, -9999, -9999, 100, 89, -9999, -9999],
[-9999, 43, -9999, -9999, 29, 40, -9999, 52, 60, -9999, -9999, -9999, -9999, 61, -9999, 83, -9999, -9999, -9999, -9999, -9999, -9999, -9999, 89, -9999, 80, 15, -9999, 49, 95, -9999, -9999, -9999, -9999, 56, 13, -9999, -9999, -9999, -9999, 28, 39, 60, 90, 30, 53, 97, 19, 47, -9999, -9999, 46, 30, 75, 44, -9999, 69, -9999, -9999, 88, -9999, 37, -9999, 79, 41, -9999, -9999, -9999, 19, -9999, 60, -9999, 72, -9999, 34, 9, 94, -9999, -9999, 17, 97, -9999, -9999, -9999, -9999, 26, -9999, 65, 23, 37, 6, -9999, 69, -9999, -9999, -9999, 49, -9999, 29, 91],
[-9999, 63, -9999, 59, -9999, -9999, -9999, -9999, -9999, -9999, -9999, -9999, -9999, -9999, -9999, 89, -9999, -9999, -9999, -9999, 26, -9999, -9999, 68, -9999, -9999, -9999, 10, 40, -9999, -9999, -9999, -9999, -9999, -9999, -9999, -9999, -9999, -9999, -9999, -9999, -9999, -9999, -9999, -9999, -9999, -9999, -9999, -9999, -9999, 5, -9999, -9999, -9999, 20, 45, -9999, 81, -9999, -9999, -9999, 84, -9999, -9999, -9999, -9999, -9999, -9999, -9999, -9999, -9999, -9999, 63, -9999, -9999, -9999, -9999, -9999, -9999, -9999, -9999, 31, -9999, -9999, -9999, -9999, -9999, -9999, -9999, -9999, -9999, -9999, 75, -9999, -9999, -9999, -9999, -9999, -9999, -9999],
[41, 49, -9999, -9999, -9999, 52, -9999, -9999, -9999, -9999, -9999, -9999, -9999, -9999, -9999, 85, -9999, -9999, -9999, -9999, -9999, -9999, -9999, 14, -9999, -9999, -9999, 30, 48, -9999, -9999, -9999, -9999, -9999, -9999, -9999, -9999, -9999, -9999, -9999, -9999, -9999, -9999, -9999, -9999, -9999, 37, 54, -9999, -9999, 98, -9999, -9999, -9999, 43, 22, -9999, 14, -9999, -9999, -9999, 24, 60, 60, -9999, -9999, -9999, -9999, -9999, -9999, -9999, -9999, 99, -9999, -9999, -9999, -9999, -9999, 77, -9999, -9999, -9999, -9999, -9999, -9999, -9999, -9999, 93, -9999, -9999, -9999, 67, 30, -9999, -9999, -9999, -9999, 70, -9999, -9999],
[-9999, -9999, -9999, -9999, -9999, -9999, -9999, -9999, -9999, -9999, -9999, -9999, -9999, -9999, -9999, -9999, -9999, -9999, -9999, -9999, 17, -9999, -9999, -9999, -9999, -9999, -9999, -9999, 27, -9999, -9999, -9999, -9999, -9999, -9999, -9999, -9999, -9999, -9999, -9999, -9999, -9999, -9999, -9999, -9999, -9999, -9999, -9999, -9999, -9999, -9999, -9999, -9999, -9999, 68, -9999, -9999, -9999, -9999, -9999, -9999, -9999, -9999, -9999, -9999, -9999, -9999, -9999, -9999, -9999, -9999, -9999, -9999, -9999, -9999, -9999, -9999, -9999, -9999, -9999, -9999, -9999, -9999, -9999, -9999, -9999, -9999, -9999, -9999, -9999, -9999, -9999, -9999, -9999, -9999, -9999, -9999, 48, -9999, -9999],
[-9999, 39, -9999, -9999, -9999, -9999, -9999, -9999, 81, -9999, -9999, -9999, -9999, -9999, 98, 30, -9999, -9999, 45, -9999, -9999, -9999, -9999, -9999, -9999, 92, -9999, -9999, 16, -9999, -9999, -9999, -9999, -9999, -9999, -9999, -9999, -9999, -9999, -9999, 10, -9999, -9999, -9999, 36, 49, 4, -9999, -9999, -9999, -9999, 16, -9999, 24, 64, 51, -9999, -9999, 57, 87, -9999, -9999, 73, 41, 62, -9999, -9999, 55, -9999, -9999, 50, 3, -9999, -9999, -9999, -9999, 6, 62, 82, -9999, -9999, -9999, -9999, -9999, 26, 71, -9999, 75, -9999, 92, 2, -9999, 26, -9999, -9999, -9999, -9999, -9999, 13, -9999],
[6, 22, -9999, 21, 62, -9999, -9999, 15, 43, -9999, -9999, -9999, -9999, -9999, -9999, -9999, -9999, -9999, -9999, -9999, 83, -9999, -9999, -9999, -9999, 6, 59, -9999, 95, -9999, -9999, -9999, -9999, 91, 86, -9999, -9999, -9999, -9999, 86, 69, 91, -9999, 56, 62, -9999, 18, 75, -9999, -9999, -9999, -9999, -9999, 90, 86, 2, 65, 93, 61, 93, -9999, -9999, -9999, 26, 74, -9999, -9999, -9999, 57, -9999, 63, -9999, 77, -9999, -9999, -9999, 41, -9999, -9999, 71, 58, -9999, -9999, -9999, -9999, 31, -9999, 9, 8, 12, 11, -9999, 59, 89, -9999, 48, -9999, -9999, 12, 67],
[-9999, 11, -9999, 26, 34, 54, -9999, -9999, -9999, -9999, 96, -9999, -9999, 79, 3, -9999, -9999, 91, 1, -9999, 2, 45, -9999, -9999, -9999, 67, 89, 36, 91, -9999, 44, 3, -9999, 96, -9999, -9999, -9999, 71, 14, 89, -9999, 89, -9999, 64, 42, 75, 39, 59, -9999, 43, -9999, -9999, -9999, 52, 28, 15, 53, 70, 84, 46, -9999, 9, -9999, -9999, 94, 57, 82, 76, 60, -9999, 90, -9999, -9999, -9999, 54, -9999, 71, 23, -9999, 81, 39, -9999, 29, -9999, -9999, 9, -9999, -9999, 40, 13, 46, -9999, 39, -9999, -9999, -9999, 58, -9999, -9999, -9999],
[-9999, 21, 75, 96, 38, 29, -9999, 69, -9999, -9999, -9999, -9999, -9999, 45, 33, 94, -9999, -9999, -9999, -9999, -9999, -9999, -9999, -9999, -9999, 25, -9999, -9999, 66, -9999, 42, -9999, -9999, 10, 34, -9999, -9999, -9999, -9999, -9999, 73, 82, 6, -9999, 99, 55, -9999, -9999, -9999, -9999, 24, 39, -9999, 97, 70, 63, 58, 66, -9999, 37, 13, 83, 59, 16, -9999, -9999, -9999, -9999, 27, -9999, 67, 80, -9999, -9999, -9999, 60, 16, -9999, -9999, 86, -9999, -9999, -9999, -9999, -9999, -9999, -9999, 74, -9999, 28, 88, -9999, 98, -9999, -9999, -9999, 87, -9999, -9999, 35],
[-9999, 42, -9999, 86, -9999, -9999, -9999, -9999, -9999, -9999, -9999, -9999, -9999, -9999, 96, -9999, -9999, -9999, -9999, 57, -9999, -9999, -9999, 97, -9999, -9999, -9999, 48, 96, -9999, -9999, -9999, -9999, -9999, -9999, -9999, -9999, -9999, -9999, -9999, -9999, -9999, -9999, -9999, -9999, -9999, 5, -9999, -9999, -9999, 12, -9999, -9999, -9999, 56, -9999, -9999, -9999, -9999, -9999, -9999, -9999, -9999, 28, -9999, -9999, -9999, -9999, -9999, -9999, -9999, -9999, 71, -9999, 87, -9999, -9999, -9999, -9999, -9999, -9999, -9999, -9999, -9999, -9999, -9999, -9999, -9999, -9999, -9999, -9999, 38, 62, -9999, -9999, -9999, 16, 89, -9999, -9999],
[-9999, 44, -9999, 85, -9999, 23, -9999, -9999, 60, 40, -9999, -9999, -9999, -9999, 29, -9999, -9999, -9999, -9999, -9999, 84, -9999, -9999, 12, -9999, 61, -9999, 22, -9999, -9999, -9999, -9999, -9999, 45, -9999, -9999, -9999, -9999, -9999, 48, -9999, -9999, -9999, -9999, 86, -9999, -9999, 22, 71, -9999, 5, 81, -9999, 26, 66, 96, -9999, -9999, 10, 8, -9999, 16, 22, 69, 96, -9999, -9999, 8, 68, -9999, 26, -9999, 8, -9999, -9999, 89, 80, 33, 87, 13, -9999, -9999, -9999, -9999, -9999, 3, -9999, -9999, 64, -9999, 20, -9999, 5, -9999, -9999, -9999, 21, -9999, 64, 82],
[41, 68, -9999, 47, -9999, -9999, -9999, -9999, -9999, -9999, -9999, -9999, -9999, -9999, -9999, -9999, -9999, -9999, -9999, -9999, -9999, -9999, -9999, 90, -9999, -9999, -9999, -9999, 22, -9999, -9999, -9999, -9999, -9999, -9999, -9999, -9999, -9999, -9999, -9999, -9999, -9999, -9999, -9999, -9999, -9999, 79, -9999, -9999, -9999, 3, -9999, -9999, -9999, 74, 28, -9999, -9999, -9999, -9999, -9999, -9999, 51, -9999, -9999, -9999, -9999, -9999, -9999, -9999, -9999, -9999, 74, -9999, 77, -9999, -9999, -9999, -9999, -9999, -9999, -9999, -9999, -9999, -9999, -9999, -9999, 68, -9999, -9999, -9999, -9999, 25, -9999, -9999, -9999, 41, 14, -9999, -9999],
[-9999, 80, -9999, 24, -9999, 43, -9999, -9999, -9999, -9999, -9999, -9999, -9999, -9999, 87, 43, -9999, -9999, -9999, 85, 68, -9999, -9999, -9999, -9999, -9999, -9999, 89, 21, -9999, -9999, -9999, -9999, -9999, -9999, -9999, -9999, -9999, -9999, -9999, -9999, -9999, -9999, -9999, -9999, -9999, 57, -9999, -9999, -9999, 88, -9999, -9999, -9999, -9999, 59, -9999, -9999, -9999, -9999, -9999, -9999, 16, 20, -9999, -9999, -9999, -9999, -9999, -9999, -9999, 34, 41, -9999, 31, -9999, -9999, -9999, 85, -9999, -9999, -9999, -9999, -9999, -9999, -9999, -9999, 26, -9999, -9999, -9999, -9999, 72, -9999, -9999, -9999, -9999, 68, -9999, -9999],
[69, 52, -9999, 12, -9999, 96, -9999, -9999, 23, -9999, -9999, -9999, -9999, 75, 1, 73, -9999, -9999, 11, -9999, 80, -9999, -9999, 22, -9999, 15, -9999, -9999, 3, -9999, -9999, -9999, -9999, 36, -9999, -9999, -9999, -9999, -9999, 21, 41, 13, -9999, -9999, 63, 97, -9999, 44, -9999, -9999, 4, 24, -9999, 26, 54, 69, 44, 32, -9999, 45, 35, 80, 93, -9999, 5, -9999, -9999, 15, -9999, -9999, 37, -9999, 13, -9999, 36, 33, 99, 89, -9999, -9999, 89, -9999, -9999, -9999, -9999, -9999, -9999, 57, 62, 64, 46, -9999, 63, 32, -9999, -9999, 66, -9999, 97, 28],
[-9999, 65, -9999, -9999, 30, -9999, -9999, 72, -9999, -9999, -9999, -9999, -9999, 83, -9999, 76, -9999, -9999, -9999, -9999, -9999, -9999, -9999, 39, -9999, 94, -9999, -9999, 55, -9999, -9999, -9999, -9999, -9999, 34, -9999, -9999, -9999, -9999, 4, -9999, -9999, -9999, -9999, 21, 56, -9999, -9999, 37, -9999, 84, -9999, -9999, 19, 85, 39, 56, -9999, -9999, 36, 79, 14, -9999, -9999, 84, -9999, -9999, 36, -9999, -9999, -9999, -9999, -9999, -9999, 52, 53, 87, 79, 66, -9999, -9999, -9999, -9999, -9999, -9999, -9999, -9999, 88, 32, 20, 39, -9999, 1, 42, -9999, -9999, 24, 29, -9999, 65],
[-9999, 79, -9999, 74, 66, 26, -9999, 14, 96, -9999, -9999, 85, -9999, 51, 4, 35, -9999, -9999, -9999, -9999, -9999, -9999, -9999, 95, -9999, 80, 60, -9999, 72, -9999, -9999, -9999, -9999, 58, 88, -9999, -9999, -9999, -9999, 24, -9999, 90, 78, -9999, 59, 82, -9999, -9999, -9999, -9999, 75, 94, -9999, 16, 32, -9999, 6, 89, 58, 76, -9999, -9999, -9999, 74, 4, -9999, -9999, -9999, -9999, 99, -9999, -9999, 96, -9999, 20, 97, 5, -9999, -9999, 81, 1, -9999, -9999, -9999, -9999, -9999, -9999, -9999, 89, 85, 8, -9999, 89, -9999, -9999, -9999, 1, 68, 57, -9999],
[-9999, 9, -9999, -9999, 75, -9999, 47, 17, 71, -9999, 70, -9999, -9999, -9999, 19, -9999, 10, -9999, 81, -9999, 63, -9999, -9999, 11, 80, 74, -9999, 12, 17, -9999, -9999, 92, 98, -9999, -9999, -9999, 12, 75, 78, -9999, 94, 56, 37, -9999, 77, 59, 92, 68, 45, 6, 88, 22, -9999, 68, 50, 80, -9999, 64, -9999, 84, -9999, -9999, -9999, -9999, 80, 82, 8, 81, 81, -9999, 64, 6, -9999, -9999, 82, 5, 27, -9999, -9999, 45, 23, 51, 48, -9999, -9999, -9999, -9999, 86, -9999, 29, 21, 95, 61, 49, -9999, -9999, 3, 54, 18, 49],
[-9999, 80, -9999, 9, -9999, 80, -9999, -9999, 34, -9999, -9999, -9999, -9999, 51, 46, 73, -9999, -9999, -9999, -9999, 93, -9999, -9999, 52, -9999, 49, 58, 55, 38, -9999, 86, -9999, -9999, 100, -9999, -9999, -9999, -9999, -9999, 92, -9999, 42, -9999, -9999, 28, 60, 7, 38, 60, -9999, 72, 9, -9999, 48, 34, -9999, 24, 42, -9999, 32, 64, -9999, -9999, -9999, 53, -9999, -9999, -9999, 1, -9999, -9999, -9999, 17, -9999, -9999, -9999, 8, 10, 54, -9999, -9999, -9999, -9999, 15, 16, -9999, -9999, 64, 82, 32, 92, -9999, 21, -9999, -9999, -9999, -9999, -9999, 98, 18],
[-9999, 2, -9999, 43, -9999, -9999, -9999, -9999, -9999, -9999, -9999, -9999, -9999, -9999, 86, -9999, -9999, -9999, -9999, -9999, -9999, -9999, -9999, 19, -9999, -9999, -9999, 30, 5, -9999, -9999, -9999, -9999, -9999, -9999, -9999, -9999, -9999, -9999, -9999, -9999, -9999, -9999, -9999, -9999, -9999, 38, 51, -9999, -9999, -9999, -9999, -9999, -9999, 7, 92, -9999, 44, -9999, -9999, -9999, -9999, -9999, -9999, -9999, -9999, -9999, -9999, -9999, -9999, -9999, -9999, -9999, -9999, -9999, -9999, -9999, -9999, -9999, -9999, -9999, -9999, -9999, -9999, -9999, -9999, -9999, 63, -9999, -9999, -9999, -9999, 35, -9999, -9999, -9999, -9999, 73, -9999, -9999],
[-9999, 59, -9999, 48, 63, 19, -9999, -9999, -9999, -9999, -9999, -9999, -9999, -9999, 18, -9999, -9999, -9999, -9999, 67, -9999, -9999, -9999, 84, -9999, -9999, -9999, -9999, 79, -9999, -9999, -9999, -9999, -9999, -9999, 70, -9999, -9999, -9999, -9999, -9999, -9999, -9999, -9999, -9999, -9999, -9999, 79, -9999, -9999, -9999, -9999, -9999, -9999, 2, -9999, -9999, -9999, -9999, -9999, -9999, -9999, 58, 72, -9999, -9999, -9999, -9999, -9999, -9999, -9999, -9999, -9999, -9999, 14, -9999, -9999, -9999, 44, -9999, -9999, -9999, -9999, -9999, -9999, -9999, -9999, -9999, -9999, -9999, -9999, -9999, 52, -9999, -9999, -9999, 18, -9999, -9999, -9999],
[51, 57, -9999, 49, -9999, -9999, -9999, 31, 12, -9999, -9999, -9999, -9999, -9999, 57, -9999, -9999, -9999, 55, -9999, 27, -9999, -9999, 13, -9999, 72, -9999, 68, 53, -9999, -9999, -9999, -9999, 8, 57, -9999, -9999, -9999, -9999, -9999, 78, 66, 29, -9999, 37, 73, 15, 30, 34, -9999, -9999, -9999, -9999, 73, 32, -9999, 94, 32, 27, 92, -9999, -9999, -9999, 18, 71, -9999, -9999, 78, 18, -9999, 41, 38, 9, -9999, -9999, 66, -9999, 11, 96, 74, -9999, -9999, -9999, -9999, -9999, -9999, -9999, 78, 59, 26, 11, -9999, -9999, -9999, -9999, -9999, 16, 76, 3, -9999],
[13, 74, -9999, -9999, 81, 68, -9999, 10, 15, -9999, -9999, -9999, -9999, -9999, 77, 55, -9999, -9999, -9999, -9999, 64, -9999, -9999, 94, -9999, 95, 36, 9, 3, -9999, -9999, -9999, -9999, 71, 46, -9999, -9999, -9999, -9999, -9999, -9999, 84, -9999, 28, 17, 48, -9999, 14, -9999, -9999, -9999, -9999, -9999, 76, 69, -9999, 90, 41, 6, 48, 79, -9999, -9999, 31, 72, -9999, -9999, -9999, 54, -9999, 39, -9999, 68, -9999, 21, 94, 15, -9999, 1, 66, -9999, -9999, -9999, -9999, -9999, -9999, -9999, -9999, 89, -9999, 57, -9999, 36, 55, -9999, -9999, -9999, 55, 96, 39],
[-9999, 59, -9999, 49, 62, -9999, -9999, 42, 26, 7, -9999, -9999, -9999, 68, -9999, 54, -9999, -9999, 63, -9999, 76, -9999, -9999, 43, -9999, 58, 74, 84, 52, -9999, 66, -9999, -9999, 67, 57, -9999, -9999, 73, -9999, 82, -9999, 69, -9999, 20, -9999, -9999, 74, 54, 5, -9999, 32, 83, -9999, 27, 76, -9999, 42, 88, 31, 9, -9999, 32, 70, 10, 88, -9999, -9999, 54, -9999, -9999, -9999, -9999, 42, -9999, 82, -9999, 34, -9999, -9999, 28, -9999, -9999, -9999, -9999, -9999, -9999, -9999, 98, -9999, -9999, 37, -9999, 52, -9999, -9999, -9999, 25, -9999, 52, 24],
[-9999, 16, -9999, -9999, 8, -9999, -9999, 27, 95, -9999, -9999, -9999, -9999, 95, -9999, -9999, -9999, -9999, -9999, -9999, -9999, -9999, -9999, 23, -9999, 87, 77, -9999, 17, -9999, 33, -9999, -9999, 4, 69, -9999, -9999, -9999, -9999, 70, 54, 35, 75, -9999, 16, 37, 79, 12, 4, -9999, -9999, -9999, -9999, 86, 80, 49, 57, 50, -9999, 95, 38, 1, 84, 23, 87, -9999, -9999, 60, 68, -9999, 4, -9999, -9999, -9999, -9999, -9999, 96, -9999, 93, -9999, -9999, -9999, -9999, -9999, -9999, 63, -9999, -9999, -9999, 84, 5, -9999, 5, 60, -9999, 8, 89, -9999, 97, 6],
[45, 20, -9999, 44, 57, -9999, -9999, 73, -9999, -9999, -9999, -9999, -9999, -9999, 72, -9999, -9999, -9999, -9999, 36, 55, -9999, -9999, -9999, -9999, 87, -9999, 33, 54, -9999, -9999, -9999, -9999, 57, 26, -9999, -9999, -9999, -9999, 40, 38, -9999, 92, -9999, 86, 80, -9999, 14, -9999, -9999, -9999, -9999, -9999, 42, 94, 30, 78, -9999, -9999, 81, 65, -9999, 17, -9999, 81, -9999, -9999, 34, 48, -9999, -9999, -9999, 62, -9999, 60, -9999, 54, -9999, -9999, 25, -9999, -9999, -9999, -9999, -9999, 32, -9999, -9999, 42, 71, 81, -9999, 39, -9999, -9999, -9999, -9999, 50, 1, 86],
[-9999, 78, -9999, 53, -9999, 17, -9999, 49, 9, -9999, -9999, -9999, -9999, -9999, -9999, 42, -9999, -9999, -9999, -9999, 70, -9999, -9999, 83, -9999, 39, 81, 52, 75, -9999, 74, -9999, -9999, 74, 64, -9999, -9999, -9999, -9999, 6, -9999, 96, -9999, 27, 63, 51, 66, 70, 38, -9999, 43, -9999, -9999, 26, 16, -9999, 25, 70, -9999, 10, -9999, 12, 69, -9999, 48, -9999, -9999, 43, 6, -9999, 16, -9999, -9999, -9999, 21, -9999, 7, 23, 43, 80, -9999, -9999, -9999, -9999, -9999, -9999, -9999, -9999, 73, 22, 73, -9999, 42, 44, -9999, -9999, -9999, 35, 81, 98],
[-9999, -9999, -9999, -9999, -9999, -9999, -9999, -9999, -9999, -9999, -9999, -9999, -9999, -9999, -9999, -9999, -9999, -9999, -9999, -9999, 89, -9999, -9999, -9999, -9999, 46, -9999, -9999, 20, -9999, -9999, -9999, -9999, -9999, -9999, -9999, -9999, -9999, -9999, -9999, -9999, -9999, -9999, -9999, -9999, -9999, -9999, -9999, -9999, -9999, -9999, -9999, -9999, -9999, 8, -9999, 5, -9999, -9999, -9999, 7, -9999, -9999, -9999, -9999, -9999, -9999, -9999, -9999, -9999, 73, -9999, -9999, -9999, -9999, -9999, -9999, -9999, -9999, -9999, -9999, -9999, -9999, -9999, -9999, -9999, 69, -9999, -9999, -9999, -9999, -9999, -9999, -9999, -9999, -9999, -9999, 92, -9999, -9999],
[-9999, 95, -9999, -9999, -9999, -9999, 93, 76, -9999, -9999, 44, -9999, -9999, -9999, 44, 18, -9999, 74, -9999, -9999, 72, -9999, -9999, 97, 20, 44, 56, -9999, 60, -9999, 87, 76, -9999, -9999, 75, -9999, 79, -9999, -9999, 88, -9999, -9999, 6, 98, 39, -9999, -9999, -9999, 33, 28, 18, 57, -9999, -9999, 78, -9999, 85, 34, 48, 66, -9999, 90, -9999, 41, 44, 44, 7, -9999, 23, 7, -9999, -9999, 80, -9999, 20, -9999, 79, -9999, 46, -9999, 68, 66, -9999, -9999, 39, 84, -9999, 25, 95, -9999, 20, -9999, 67, 46, -9999, -9999, -9999, 63, 66, -9999],
[86, 33, -9999, 77, -9999, 48, -9999, -9999, -9999, -9999, -9999, -9999, -9999, -9999, 68, 86, -9999, -9999, -9999, -9999, -9999, -9999, -9999, 27, -9999, -9999, -9999, 46, 68, -9999, -9999, -9999, -9999, -9999, -9999, -9999, -9999, -9999, -9999, -9999, -9999, -9999, -9999, -9999, -9999, -9999, -9999, -9999, -9999, -9999, 83, -9999, -9999, -9999, 40, -9999, -9999, -9999, -9999, -9999, -9999, -9999, 24, -9999, -9999, -9999, -9999, -9999, -9999, -9999, -9999, -9999, -9999, -9999, 32, -9999, -9999, -9999, -9999, -9999, -9999, -9999, -9999, -9999, -9999, -9999, -9999, -9999, -9999, -9999, -9999, -9999, 90, -9999, -9999, -9999, 96, 20, -9999, -9999],
[-9999, 62, -9999, 57, 99, 2, -9999, -9999, -9999, -9999, -9999, -9999, -9999, -9999, 74, -9999, -9999, -9999, -9999, -9999, 20, -9999, -9999, -9999, -9999, -9999, -9999, -9999, 49, -9999, -9999, -9999, -9999, -9999, -9999, -9999, -9999, -9999, -9999, -9999, -9999, -9999, -9999, -9999, -9999, -9999, 32, 46, -9999, -9999, -9999, -9999, -9999, -9999, 79, 14, -9999, -9999, -9999, -9999, -9999, -9999, -9999, -9999, -9999, -9999, -9999, -9999, -9999, -9999, -9999, -9999, 74, -9999, 42, -9999, -9999, -9999, 14, -9999, -9999, -9999, -9999, -9999, -9999, -9999, -9999, 11, -9999, -9999, -9999, -9999, 23, -9999, -9999, -9999, -9999, 15, -9999, -9999],
[25, 97, -9999, -9999, 48, -9999, -9999, -9999, -9999, -9999, -9999, 63, -9999, -9999, 15, 27, -9999, -9999, -9999, -9999, 57, -9999, -9999, -9999, -9999, -9999, -9999, -9999, 75, -9999, -9999, -9999, -9999, -9999, -9999, -9999, -9999, -9999, -9999, -9999, -9999, -9999, -9999, -9999, -9999, -9999, 90, 54, -9999, -9999, -9999, -9999, -9999, -9999, -9999, -9999, -9999, -9999, -9999, -9999, -9999, 8, -9999, -9999, -9999, -9999, -9999, -9999, -9999, -9999, -9999, -9999, -9999, -9999, 58, -9999, -9999, -9999, 85, -9999, -9999, -9999, -9999, -9999, -9999, -9999, -9999, -9999, -9999, -9999, -9999, -9999, 7, -9999, -9999, -9999, 9, -9999, -9999, -9999],
[-9999, 58, -9999, 78, 10, 45, -9999, 61, -9999, -9999, 88, -9999, -9999, 38, 17, 11, 88, -9999, -9999, -9999, -9999, 30, -9999, 14, 95, 79, 80, -9999, 79, -9999, 86, -9999, 38, 97, -9999, -9999, 98, -9999, 27, 4, 62, 96, 75, 75, 10, -9999, -9999, 88, 6, 46, 10, 72, -9999, 18, 44, -9999, 40, -9999, -9999, 8, -9999, 35, -9999, 88, 8, -9999, 76, 49, -9999, 2, 20, -9999, 90, 94, -9999, -9999, 53, 40, 36, -9999, -9999, 63, 37, -9999, -9999, 55, -9999, -9999, 24, -9999, 76, -9999, 63, 41, -9999, -9999, 10, 53, 5, -9999],
[-9999, 69, -9999, -9999, -9999, 86, -9999, -9999, -9999, -9999, -9999, -9999, -9999, -9999, -9999, -9999, -9999, -9999, -9999, -9999, 37, -9999, -9999, 10, -9999, -9999, -9999, -9999, 67, -9999, -9999, -9999, -9999, -9999, -9999, -9999, -9999, -9999, -9999, -9999, -9999, -9999, -9999, -9999, -9999, -9999, -9999, -9999, -9999, -9999, -9999, -9999, -9999, -9999, 22, 92, -9999, -9999, -9999, -9999, -9999, 45, -9999, -9999, -9999, -9999, -9999, -9999, -9999, -9999, -9999, 63, -9999, -9999, 32, -9999, -9999, -9999, 41, -9999, -9999, -9999, -9999, -9999, -9999, -9999, -9999, 29, -9999, -9999, -9999, -9999, -9999, -9999, -9999, -9999, -9999, 93, -9999, -9999],
[86, 23, -9999, -9999, 4, -9999, -9999, 97, 94, -9999, -9999, -9999, -9999, -9999, 7, 96, -9999, -9999, -9999, -9999, 17, -9999, -9999, 23, -9999, 86, -9999, -9999, 50, -9999, -9999, -9999, -9999, 67, 8, -9999, -9999, -9999, -9999, 37, -9999, 48, 47, -9999, 99, 71, 89, 68, -9999, -9999, 63, 66, -9999, 54, 15, 22, 78, -9999, 99, 22, -9999, 35, -9999, -9999, 83, -9999, -9999, -9999, 29, -9999, 45, -9999, 12, -9999, 43, 34, 4, 3, -9999, 77, 12, -9999, -9999, -9999, -9999, 99, -9999, 33, 8, -9999, 17, -9999, 61, 62, -9999, -9999, 85, 18, -9999, -9999],
[78, 89, -9999, 75, -9999, 66, -9999, -9999, -9999, -9999, -9999, -9999, -9999, -9999, -9999, 7, -9999, -9999, -9999, -9999, -9999, -9999, -9999, -9999, -9999, -9999, -9999, 41, 5, -9999, -9999, -9999, -9999, -9999, -9999, -9999, -9999, -9999, -9999, -9999, -9999, -9999, -9999, -9999, -9999, -9999, 23, 10, -9999, -9999, -9999, -9999, -9999, -9999, 57, 5, -9999, -9999, -9999, -9999, -9999, 73, -9999, 48, -9999, -9999, -9999, -9999, -9999, -9999, -9999, -9999, 38, -9999, 79, -9999, -9999, -9999, -9999, -9999, -9999, -9999, -9999, -9999, -9999, -9999, -9999, -9999, -9999, -9999, -9999, 63, 9, -9999, -9999, -9999, 56, -9999, -9999, -9999],
[12, 44, -9999, -9999, 90, -9999, -9999, -9999, -9999, -9999, 22, -9999, -9999, -9999, 12, -9999, -9999, -9999, -9999, -9999, 19, -9999, -9999, 24, -9999, -9999, -9999, 88, 35, -9999, -9999, -9999, 15, -9999, -9999, -9999, -9999, -9999, -9999, -9999, -9999, -9999, -9999, -9999, -9999, -9999, -9999, 66, -9999, -9999, 63, -9999, -9999, -9999, 98, 32, -9999, -9999, -9999, -9999, -9999, 5, -9999, 75, -9999, -9999, -9999, -9999, -9999, -9999, -9999, -9999, 92, -9999, 94, -9999, -9999, -9999, -9999, -9999, -9999, 55, -9999, -9999, -9999, -9999, -9999, -9999, -9999, -9999, -9999, -9999, 1, -9999, -9999, -9999, -9999, -9999, -9999, -9999],
[-9999, 9, -9999, 69, 30, -9999, 33, 70, -9999, -9999, -9999, -9999, 71, -9999, -9999, -9999, 16, -9999, 98, -9999, 37, -9999, -9999, -9999, 7, 78, -9999, 36, 92, -9999, -9999, -9999, 56, 85, 35, -9999, 73, -9999, -9999, 29, 98, -9999, -9999, 83, 64, 5, -9999, -9999, 93, 88, 11, 8, -9999, 87, 51, 72, -9999, -9999, 37, 51, 100, -9999, 14, 56, 87, 87, 14, -9999, 84, -9999, 73, -9999, 36, -9999, 19, 1, 28, 69, -9999, 60, -9999, -9999, -9999, -9999, -9999, 37, 99, -9999, 44, -9999, 49, -9999, -9999, 45, -9999, -9999, 58, 35, 35, 40],
[29, 24, -9999, -9999, 39, 91, -9999, 44, 57, -9999, -9999, 93, -9999, 49, -9999, 63, -9999, -9999, 82, -9999, 98, -9999, -9999, -9999, -9999, 60, 47, -9999, 65, -9999, 51, -9999, -9999, -9999, 80, 66, -9999, -9999, -9999, 63, -9999, -9999, -9999, 43, 68, -9999, -9999, -9999, -9999, -9999, 48, -9999, -9999, 6, 85, 53, 39, -9999, -9999, -9999, -9999, 8, -9999, 94, 23, -9999, -9999, -9999, -9999, -9999, -9999, -9999, 57, -9999, 69, -9999, 97, -9999, 60, 62, 75, -9999, -9999, -9999, -9999, -9999, -9999, 4, -9999, 79, 45, -9999, 88, -9999, -9999, -9999, -9999, 97, -9999, 29],
[-9999, 100, -9999, 23, -9999, -9999, -9999, -9999, -9999, -9999, -9999, -9999, -9999, -9999, 82, 66, -9999, -9999, -9999, -9999, 83, -9999, -9999, 7, -9999, -9999, -9999, -9999, 4, -9999, -9999, -9999, -9999, -9999, -9999, -9999, -9999, -9999, -9999, -9999, -9999, -9999, -9999, -9999, -9999, -9999, -9999, 79, -9999, -9999, 10, -9999, -9999, -9999, 31, -9999, -9999, -9999, -9999, -9999, -9999, 2, -9999, -9999, -9999, -9999, -9999, -9999, -9999, -9999, -9999, -9999, -9999, -9999, 7, -9999, -9999, -9999, 99, -9999, -9999, -9999, -9999, -9999, -9999, -9999, -9999, 52, -9999, -9999, -9999, -9999, 23, -9999, -9999, -9999, 14, -9999, -9999, -9999],
[-9999, 73, 64, 95, -9999, 87, -9999, -9999, -9999, -9999, -9999, -9999, -9999, -9999, -9999, -9999, -9999, -9999, -9999, -9999, -9999, -9999, -9999, 100, -9999, -9999, -9999, -9999, 32, -9999, -9999, -9999, -9999, -9999, -9999, -9999, -9999, -9999, -9999, -9999, -9999, -9999, -9999, -9999, -9999, -9999, 66, 88, -9999, -9999, 10, -9999, -9999, -9999, 9, -9999, -9999, -9999, -9999, -9999, -9999, -9999, 2, -9999, -9999, -9999, -9999, -9999, -9999, -9999, -9999, -9999, 100, -9999, -9999, -9999, -9999, -9999, -9999, -9999, -9999, -9999, -9999, -9999, -9999, -9999, -9999, -9999, -9999, -9999, -9999, -9999, 15, -9999, -9999, -9999, -9999, -9999, -9999, -9999],
[77, 21, -9999, 87, 16, -9999, -9999, -9999, -9999, -9999, -9999, -9999, -9999, -9999, -9999, 10, -9999, -9999, -9999, -9999, 17, -9999, -9999, 57, -9999, -9999, -9999, -9999, 97, -9999, -9999, -9999, -9999, -9999, -9999, -9999, -9999, -9999, -9999, -9999, -9999, -9999, -9999, -9999, -9999, -9999, -9999, -9999, -9999, -9999, -9999, -9999, -9999, -9999, 62, 11, -9999, -9999, -9999, -9999, -9999, -9999, -9999, 31, -9999, -9999, -9999, -9999, -9999, -9999, -9999, -9999, 16, -9999, 91, -9999, -9999, -9999, -9999, -9999, -9999, -9999, -9999, 69, -9999, -9999, -9999, 46, -9999, -9999, -9999, -9999, -9999, -9999, -9999, -9999, -9999, 17, -9999, -9999],
[76, 43, -9999, -9999, -9999, -9999, -9999, -9999, -9999, -9999, -9999, -9999, -9999, -9999, 61, 66, 59, -9999, -9999, -9999, 45, -9999, -9999, 46, -9999, -9999, -9999, -9999, 77, -9999, -9999, -9999, -9999, -9999, -9999, -9999, -9999, -9999, -9999, -9999, -9999, -9999, -9999, -9999, -9999, -9999, 7, 18, -9999, -9999, -9999, -9999, -9999, -9999, 20, 83, -9999, -9999, -9999, -9999, -9999, -9999, 52, -9999, -9999, -9999, -9999, -9999, -9999, -9999, -9999, -9999, -9999, -9999, -9999, -9999, -9999, -9999, 2, -9999, -9999, -9999, -9999, -9999, -9999, -9999, -9999, 70, -9999, -9999, -9999, -9999, 50, -9999, -9999, -9999, -9999, -9999, -9999, -9999],
[-9999, 39, -9999, 42, -9999, 29, -9999, 51, 24, -9999, -9999, -9999, -9999, -9999, 77, 63, -9999, -9999, 28, -9999, 44, -9999, -9999, 43, -9999, 29, -9999, 32, 52, -9999, -9999, -9999, -9999, -9999, -9999, -9999, -9999, -9999, -9999, -9999, 82, 54, 8, -9999, 100, 13, -9999, -9999, -9999, -9999, 31, 65, -9999, 67, 42, 40, -9999, -9999, 58, 63, -9999, 80, 11, -9999, 58, -9999, -9999, -9999, 34, -9999, 84, -9999, 38, -9999, 84, 30, 8, -9999, 88, 4, 44, -9999, -9999, -9999, -9999, 40, -9999, 32, -9999, 88, 70, 30, 94, -9999, -9999, -9999, 7, 72, -9999, -9999],
[51, 33, -9999, 63, -9999, 93, -9999, 69, -9999, -9999, -9999, -9999, -9999, 9, -9999, 44, -9999, -9999, -9999, -9999, 39, -9999, -9999, -9999, -9999, 81, 91, 70, 35, -9999, 97, -9999, -9999, 50, -9999, -9999, -9999, -9999, -9999, 100, -9999, 33, 98, -9999, 61, 34, 80, -9999, 95, -9999, 9, -9999, 46, 93, 68, 62, -9999, -9999, -9999, 79, -9999, -9999, -9999, -9999, 89, -9999, -9999, 21, 89, -9999, -9999, -9999, -9999, -9999, 45, 97, 12, 98, 33, -9999, 34, -9999, -9999, -9999, -9999, 92, 78, 56, 3, 86, 50, -9999, 24, -9999, -9999, -9999, 11, 39, 3, -9999]
];
