NbNodes = 100;
NbNDDs = 0;
NbPairs = 100;
NbTerminals = 0;
K = 0;
L = 102;
Wt = [
[-9999, -9999, -9999, -9999, -9999, -9999, 87, -9999, -9999, -9999, -9999, -9999, -9999, -9999, -9999, 71, -9999, -9999, -9999, -9999, 13, -9999, 11, -9999, -9999, -9999, 52, 14, -9999, -9999, -9999, -9999, -9999, -9999, -9999, 7, -9999, -9999, -9999, -9999, -9999, 99, 94, -9999, -9999, -9999, 31, 73, -9999, -9999, -9999, -9999, -9999, -9999, -9999, 69, -9999, 46, -9999, -9999, 93, -9999, -9999, -9999, -9999, -9999, -9999, 43, -9999, -9999, -9999, -9999, -9999, -9999, -9999, -9999, -9999, 5, -9999, -9999, 3, -9999, 18, -9999, -9999, -9999, -9999, -9999, -9999, -9999, -9999, -9999, -9999, 53, -9999, -9999, -9999, -9999, 94, -9999],
[-9999, -9999, 93, -9999, -9999, -9999, 93, -9999, -9999, -9999, -9999, -9999, -9999, -9999, -9999, -9999, -9999, -9999, -9999, -9999, 75, -9999, -9999, -9999, -9999, -9999, 54, 98, -9999, -9999, -9999, -9999, -9999, -9999, -9999, 78, -9999, -9999, 20, -9999, -9999, -9999, -9999, -9999, -9999, 88, 27, -9999, -9999, -9999, -9999, -9999, -9999, -9999, -9999, 48, -9999, -9999, -9999, 11, 72, -9999, -9999, 30, -9999, -9999, -9999, -9999, -9999, -9999, -9999, -9999, -9999, -9999, -9999, -9999, -9999, 62, -9999, -9999, 12, -9999, 75, -9999, -9999, -9999, -9999, -9999, -9999, -9999, -9999, -9999, -9999, -9999, -9999, -9999, -9999, -9999, 16, -9999],
[-9999, -9999, -9999, -9999, -9999, -9999, -9999, -9999, -9999, -9999, -9999, -9999, -9999, -9999, -9999, 49, -9999, -9999, -9999, -9999, -9999, 81, 60, -9999, -9999, -9999, 87, 72, -9999, -9999, -9999, -9999, -9999, -9999, -9999, 62, -9999, -9999, -9999, -9999, -9999, -9999, -9999, -9999, -9999, 87, 75, -9999, -9999, -9999, -9999, -9999, -9999, -9999, 36, -9999, -9999, 39, -9999, 4, -9999, -9999, 35, 65, -9999, -9999, -9999, 99, -9999, -9999, -9999, -9999, -9999, -9999, -9999, -9999, -9999, 65, -9999, -9999, 25, -9999, 19, -9999, -9999, -9999, -9999, -9999, -9999, -9999, -9999, -9999, -9999, -9999, -9999, -9999, -9999, -9999, 99, -9999],
[-9999, -9999, -9999, -9999, -9999, -9999, 5, -9999, -9999, -9999, -9999, -9999, -9999, -9999, -9999, 100, -9999, -9999, -9999, -9999, -9999, 27, -9999, -9999, -9999, -9999, 88, 80, -9999, -9999, -9999, -9999, -9999, -9999, -9999, 64, -9999, -9999, 86, -9999, -9999, -9999, -9999, -9999, -9999, 72, 95, 31, -9999, -9999, -9999, -9999, -9999, -9999, -9999, 82, -9999, -9999, -9999, -9999, 80, -9999, 48, 78, -9999, -9999, -9999, -9999, -9999, -9999, -9999, -9999, -9999, -9999, -9999, -9999, -9999, 13, -9999, -9999, 32, -9999, -9999, -9999, -9999, -9999, -9999, -9999, -9999, -9999, -9999, -9999, -9999, -9999, -9999, -9999, -9999, -9999, 98, -9999],
[-9999, 9, -9999, -9999, -9999, -9999, -9999, 73, -9999, -9999, 79, -9999, 27, 1, 57, 76, 60, -9999, -9999, -9999, 66, 65, -9999, 97, -9999, -9999, 61, 16, 40, 85, -9999, 68, 8, 73, 24, -9999, 89, -9999, 94, -9999, 76, -9999, -9999, 98, -9999, -9999, 27, -9999, 19, -9999, -9999, -9999, -9999, -9999, -9999, 49, -9999, 31, -9999, -9999, -9999, 81, -9999, -9999, -9999, -9999, 95, -9999, -9999, -9999, -9999, -9999, -9999, 92, -9999, -9999, 36, 36, 18, 10, 2, -9999, -9999, -9999, -9999, 62, -9999, -9999, 67, -9999, 51, 25, -9999, -9999, 86, -9999, -9999, -9999, 97, 27],
[-9999, 12, 13, -9999, -9999, -9999, 50, -9999, 80, -9999, -9999, -9999, 61, 48, -9999, -9999, 97, -9999, -9999, -9999, 67, 68, 1, -9999, -9999, -9999, 95, 18, 76, 86, -9999, -9999, 87, 77, 87, 16, -9999, -9999, -9999, -9999, 15, -9999, -9999, -9999, -9999, 50, 70, -9999, -9999, -9999, 41, -9999, -9999, -9999, -9999, 37, -9999, 38, -9999, -9999, 7, 94, 69, 78, -9999, -9999, 61, 28, 67, -9999, 71, -9999, -9999, 61, 74, 25, 73, 79, -9999, 43, 100, -9999, -9999, -9999, -9999, 99, -9999, -9999, 31, -9999, 2, 62, -9999, -9999, 30, -9999, -9999, -9999, -9999, 21],
[-9999, -9999, 8, -9999, -9999, -9999, -9999, 84, -9999, -9999, 85, -9999, -9999, 82, 74, -9999, 35, -9999, -9999, -9999, -9999, -9999, -9999, 81, -9999, 70, 47, 82, 59, 31, -9999, -9999, -9999, 59, 82, 55, -9999, 70, -9999, -9999, 98, -9999, -9999, -9999, -9999, -9999, 89, -9999, 87, -9999, 75, -9999, -9999, -9999, -9999, 22, 2, 45, -9999, -9999, 39, 68, 86, -9999, -9999, -9999, 29, 70, -9999, -9999, -9999, -9999, -9999, 8, 10, 42, 15, 5, -9999, 87, 37, -9999, 16, 48, -9999, 52, -9999, -9999, -9999, -9999, 85, -9999, -9999, -9999, 52, -9999, -9999, 53, -9999, 29],
[-9999, -9999, -9999, -9999, -9999, -9999, 11, -9999, -9999, -9999, -9999, -9999, -9999, -9999, -9999, -9999, -9999, -9999, -9999, -9999, 19, -9999, 15, -9999, -9999, -9999, 35, 66, -9999, -9999, -9999, -9999, -9999, -9999, -9999, -9999, -9999, -9999, 64, -9999, -9999, -9999, -9999, -9999, -9999, 20, 2, -9999, -9999, -9999, -9999, -9999, -9999, -9999, -9999, 10, -9999, 27, -9999, -9999, 48, -9999, 43, 76, -9999, -9999, -9999, 88, -9999, -9999, -9999, -9999, -9999, -9999, -9999, -9999, -9999, -9999, -9999, -9999, 89, -9999, 93, -9999, -9999, -9999, -9999, -9999, -9999, -9999, -9999, -9999, -9999, -9999, -9999, -9999, -9999, -9999, 42, -9999],
[-9999, -9999, 45, -9999, -9999, -9999, 71, -9999, -9999, -9999, -9999, -9999, -9999, -9999, -9999, -9999, -9999, -9999, -9999, -9999, 12, 20, 5, -9999, -9999, -9999, 50, 3, 99, -9999, -9999, -9999, -9999, -9999, -9999, 24, -9999, -9999, -9999, -9999, -9999, -9999, -9999, -9999, -9999, 95, 78, -9999, -9999, -9999, -9999, -9999, -9999, -9999, -9999, 30, -9999, -9999, -9999, -9999, 15, -9999, -9999, 79, -9999, -9999, -9999, -9999, -9999, -9999, -9999, -9999, -9999, -9999, -9999, -9999, -9999, 28, -9999, -9999, 79, -9999, -9999, -9999, -9999, -9999, -9999, -9999, -9999, -9999, -9999, -9999, -9999, -9999, -9999, -9999, -9999, -9999, -9999, -9999],
[-9999, 4, -9999, -9999, -9999, -9999, 87, 55, 55, -9999, 45, 23, 24, 91, 32, -9999, -9999, 28, -9999, 29, 53, 76, -9999, 43, 76, -9999, -9999, 88, 66, 68, 61, -9999, -9999, 83, 71, 46, 85, -9999, 74, -9999, 96, 94, 67, -9999, -9999, 58, 57, -9999, 79, 94, -9999, 29, 89, -9999, -9999, 80, 8, -9999, -9999, -9999, 26, 29, -9999, 14, -9999, -9999, -9999, 1, 83, -9999, -9999, 4, -9999, 63, -9999, 90, 15, 60, 91, -9999, 24, -9999, -9999, -9999, -9999, 38, -9999, 54, 40, -9999, 62, -9999, -9999, 54, 97, -9999, -9999, 60, 3, 16],
[-9999, -9999, 27, -9999, 66, -9999, -9999, 72, -9999, -9999, -9999, -9999, 24, 3, 70, -9999, 54, -9999, -9999, -9999, 54, -9999, 67, 25, -9999, 59, 1, -9999, -9999, 71, -9999, -9999, -9999, 92, 45, 39, 32, -9999, -9999, -9999, 11, -9999, -9999, -9999, 14, 68, 5, -9999, -9999, -9999, -9999, -9999, 65, -9999, 70, 70, -9999, 24, -9999, -9999, 19, 3, 25, 47, 22, -9999, -9999, 30, 19, -9999, -9999, 77, -9999, 25, 74, 74, -9999, 78, 6, -9999, 39, -9999, 12, 1, -9999, 83, -9999, -9999, 85, -9999, 43, 96, -9999, -9999, -9999, -9999, -9999, 98, 62, 2],
[-9999, -9999, -9999, -9999, -9999, -9999, 54, -9999, -9999, -9999, -9999, -9999, -9999, -9999, -9999, -9999, -9999, -9999, -9999, -9999, 60, -9999, 12, -9999, -9999, -9999, 86, 96, -9999, -9999, -9999, -9999, -9999, -9999, -9999, 39, -9999, -9999, 10, 23, -9999, 55, 2, 7, -9999, 36, 8, -9999, -9999, -9999, -9999, -9999, -9999, -9999, 54, 17, -9999, -9999, -9999, -9999, -9999, -9999, 35, 98, -9999, -9999, -9999, 98, -9999, -9999, -9999, -9999, -9999, -9999, -9999, -9999, -9999, 69, -9999, -9999, 99, -9999, 31, -9999, -9999, -9999, -9999, -9999, -9999, -9999, -9999, -9999, -9999, 78, -9999, -9999, -9999, -9999, 39, -9999],
[-9999, 84, 64, -9999, -9999, -9999, -9999, -9999, 2, -9999, 40, -9999, -9999, 16, -9999, -9999, 31, -9999, 19, -9999, 68, -9999, -9999, 6, -9999, -9999, 99, -9999, -9999, 9, 87, 92, 97, 37, 58, 67, 71, -9999, 90, -9999, 31, 12, 75, -9999, -9999, 39, 11, -9999, -9999, -9999, 20, 76, 41, -9999, -9999, 29, -9999, 73, -9999, -9999, 43, 32, 52, 28, -9999, 63, 12, 58, 3, -9999, -9999, 38, 70, -9999, -9999, 88, 94, 16, 46, 35, 94, 94, 8, 89, 94, 88, -9999, 86, -9999, 7, 39, 17, -9999, 11, 95, 50, 10, 6, -9999, 70],
[-9999, -9999, 91, -9999, 64, -9999, 4, -9999, 44, -9999, 17, -9999, 14, -9999, 58, 98, -9999, -9999, -9999, -9999, 54, 61, 20, 52, -9999, -9999, 8, -9999, 60, -9999, -9999, 40, -9999, 94, 11, -9999, -9999, -9999, -9999, -9999, 14, -9999, -9999, -9999, -9999, 35, 40, -9999, -9999, -9999, -9999, -9999, 19, 37, -9999, 7, -9999, 63, -9999, -9999, 75, 78, 92, 90, -9999, -9999, 78, 19, 20, -9999, -9999, 89, -9999, 73, -9999, -9999, -9999, 65, -9999, -9999, 45, -9999, 90, -9999, -9999, 46, -9999, -9999, -9999, -9999, 49, -9999, -9999, -9999, 3, -9999, 6, -9999, 63, 19],
[-9999, 9, 68, -9999, -9999, -9999, -9999, -9999, -9999, -9999, 4, -9999, -9999, -9999, -9999, -9999, -9999, -9999, -9999, -9999, -9999, -9999, 72, -9999, -9999, -9999, 85, -9999, 32, 62, -9999, 40, 79, 90, 73, -9999, 6, -9999, 58, -9999, 21, -9999, -9999, 20, -9999, -9999, 79, -9999, 92, -9999, 33, -9999, -9999, -9999, -9999, 26, -9999, 62, -9999, -9999, -9999, 20, 66, 35, 53, -9999, 57, 38, 17, -9999, -9999, 63, -9999, 95, 32, 82, -9999, 100, -9999, 85, 20, -9999, 41, -9999, -9999, 29, -9999, -9999, -9999, -9999, 11, 99, -9999, -9999, -9999, -9999, 76, 44, 1, -9999],
[-9999, -9999, 18, -9999, 6, 77, -9999, -9999, 11, -9999, 75, -9999, 68, 30, 9, -9999, 91, -9999, -9999, -9999, -9999, 13, -9999, -9999, -9999, -9999, 68, 2, 34, 15, -9999, -9999, -9999, 67, 30, -9999, 59, 89, -9999, -9999, 43, -9999, -9999, -9999, -9999, -9999, -9999, -9999, -9999, -9999, 75, -9999, 90, -9999, -9999, 11, 58, -9999, -9999, 26, 23, -9999, 4, 97, 12, -9999, 84, 7, 63, -9999, -9999, -9999, -9999, 81, 78, 37, -9999, 55, 28, 59, 2, -9999, 94, -9999, -9999, 19, -9999, -9999, 79, -9999, 10, 91, -9999, -9999, -9999, -9999, -9999, -9999, -9999, 97],
[-9999, -9999, -9999, -9999, -9999, -9999, 80, -9999, -9999, -9999, -9999, -9999, -9999, -9999, -9999, -9999, -9999, -9999, -9999, -9999, -9999, -9999, -9999, -9999, -9999, -9999, 92, -9999, -9999, -9999, -9999, -9999, -9999, -9999, -9999, 84, -9999, -9999, 45, -9999, -9999, -9999, -9999, -9999, -9999, 68, 38, -9999, -9999, -9999, -9999, -9999, -9999, -9999, -9999, 67, -9999, 64, -9999, -9999, -9999, -9999, -9999, 97, -9999, -9999, -9999, 97, -9999, -9999, -9999, -9999, -9999, -9999, -9999, -9999, -9999, 22, -9999, -9999, 77, -9999, -9999, -9999, -9999, -9999, -9999, -9999, -9999, -9999, -9999, -9999, -9999, -9999, -9999, -9999, 67, -9999, -9999, -9999],
[-9999, 78, 94, -9999, 17, -9999, 13, 31, 25, -9999, -9999, -9999, 78, 60, -9999, -9999, 66, -9999, -9999, -9999, 96, 7, 67, 42, -9999, -9999, 8, -9999, 5, 24, -9999, -9999, -9999, -9999, 17, 99, -9999, 30, 48, -9999, 59, -9999, -9999, -9999, -9999, -9999, 39, -9999, 86, -9999, 51, -9999, 31, -9999, -9999, 59, -9999, -9999, -9999, -9999, 84, 17, -9999, -9999, -9999, -9999, 94, -9999, 4, -9999, -9999, -9999, -9999, 66, 2, 70, 6, 77, 65, -9999, 69, -9999, -9999, -9999, -9999, 95, 91, -9999, 15, -9999, 52, 28, -9999, -9999, -9999, -9999, -9999, 40, 41, -9999],
[-9999, -9999, -9999, -9999, 11, -9999, 47, 91, -9999, -9999, -9999, -9999, 21, 33, 1, -9999, 54, -9999, -9999, -9999, 90, 57, 85, 14, -9999, 38, 19, -9999, 5, 95, -9999, -9999, -9999, 72, 65, -9999, 65, -9999, -9999, -9999, 41, -9999, -9999, -9999, -9999, -9999, 37, -9999, -9999, -9999, 63, -9999, -9999, -9999, -9999, 23, 45, -9999, -9999, -9999, 60, 6, 32, 25, 75, -9999, 38, 64, -9999, -9999, -9999, 95, -9999, 93, -9999, 18, 73, 30, -9999, -9999, 100, -9999, -9999, -9999, -9999, 95, -9999, -9999, 4, -9999, 77, -9999, -9999, -9999, -9999, -9999, 7, -9999, 4, 93],
[-9999, -9999, 94, -9999, 47, -9999, 47, 71, -9999, -9999, -9999, -9999, 72, 9, 4, -9999, -9999, -9999, -9999, -9999, 26, 8, 33, -9999, -9999, -9999, 50, 1, 55, 64, -9999, 82, 85, 9, 89, -9999, 75, 94, -9999, -9999, 80, -9999, -9999, -9999, -9999, -9999, 28, -9999, -9999, -9999, 5, -9999, -9999, -9999, -9999, 59, 51, 12, -9999, -9999, -9999, 71, -9999, -9999, 79, -9999, -9999, -9999, 19, -9999, -9999, -9999, -9999, 15, -9999, 56, -9999, 61, -9999, -9999, 27, -9999, 64, -9999, -9999, 39, -9999, -9999, 54, -9999, 31, -9999, 88, -9999, -9999, -9999, 60, -9999, 65, 13],
[-9999, -9999, -9999, -9999, -9999, -9999, 73, -9999, -9999, -9999, -9999, -9999, -9999, -9999, -9999, -9999, -9999, -9999, -9999, -9999, -9999, -9999, 83, -9999, -9999, -9999, 86, -9999, 62, -9999, -9999, -9999, -9999, -9999, -9999, -9999, -9999, -9999, 40, -9999, -9999, -9999, -9999, -9999, -9999, 13, 45, -9999, -9999, -9999, -9999, -9999, -9999, -9999, -9999, 66, -9999, 42, -9999, -9999, -9999, -9999, -9999, -9999, -9999, -9999, -9999, 96, -9999, -9999, -9999, -9999, -9999, -9999, -9999, -9999, -9999, 71, -9999, -9999, 86, -9999, 3, -9999, -9999, -9999, -9999, -9999, -9999, -9999, -9999, -9999, -9999, -9999, -9999, -9999, 67, -9999, -9999, -9999],
[-9999, -9999, -9999, -9999, -9999, -9999, -9999, -9999, -9999, -9999, -9999, -9999, -9999, -9999, -9999, -9999, -9999, -9999, -9999, -9999, -9999, -9999, 9, -9999, -9999, -9999, 16, 1, 53, -9999, -9999, -9999, -9999, -9999, -9999, -9999, -9999, -9999, 30, 2, -9999, -9999, -9999, -9999, -9999, 83, 78, -9999, -9999, -9999, -9999, -9999, -9999, -9999, -9999, 37, -9999, -9999, -9999, -9999, 83, -9999, -9999, 75, -9999, -9999, -9999, 61, -9999, -9999, -9999, -9999, -9999, -9999, -9999, -9999, -9999, 91, -9999, -9999, 16, -9999, -9999, -9999, -9999, -9999, -9999, -9999, -9999, -9999, -9999, -9999, -9999, -9999, -9999, -9999, 70, -9999, 85, -9999],
[-9999, -9999, 41, -9999, -9999, -9999, 63, 57, -9999, -9999, 35, -9999, 9, -9999, -9999, -9999, -9999, -9999, -9999, -9999, 94, 43, -9999, 82, -9999, 58, 68, 82, 41, 92, -9999, 69, 24, 94, 35, 81, 76, -9999, 100, -9999, 51, -9999, -9999, -9999, -9999, -9999, 13, -9999, 1, -9999, 38, -9999, 72, 59, -9999, 52, -9999, 3, -9999, -9999, 80, 46, 61, -9999, 40, -9999, -9999, -9999, 77, -9999, -9999, 19, -9999, -9999, -9999, -9999, 85, 22, -9999, -9999, 14, -9999, 83, 20, -9999, 84, -9999, -9999, 73, -9999, 5, 62, -9999, -9999, -9999, 68, 4, 43, 75, 44],
[-9999, -9999, 60, -9999, 83, -9999, -9999, -9999, 63, -9999, 56, -9999, -9999, -9999, 69, -9999, 64, 14, 2, -9999, -9999, 32, 34, -9999, 99, 94, 49, 3, -9999, 73, 83, -9999, 48, 88, 35, 54, -9999, 49, 47, -9999, 91, -9999, -9999, -9999, -9999, 96, 58, -9999, -9999, 5, 5, 34, -9999, -9999, -9999, 13, 88, -9999, 57, -9999, 34, 22, -9999, 18, 52, 6, 36, -9999, 34, -9999, -9999, 4, 52, -9999, -9999, 78, -9999, 84, -9999, 34, 85, 33, 17, 64, 98, 84, -9999, 77, -9999, -9999, 17, -9999, -9999, 82, 82, -9999, 14, -9999, -9999, 29],
[-9999, -9999, -9999, 79, -9999, -9999, -9999, -9999, -9999, -9999, -9999, -9999, -9999, -9999, -9999, -9999, -9999, -9999, -9999, -9999, 100, 86, 8, -9999, -9999, -9999, 60, -9999, -9999, -9999, -9999, -9999, -9999, -9999, -9999, 96, -9999, -9999, 70, -9999, -9999, 6, -9999, -9999, -9999, -9999, 84, -9999, -9999, -9999, -9999, -9999, -9999, -9999, -9999, 3, -9999, 74, -9999, -9999, -9999, -9999, 9, 96, -9999, -9999, -9999, -9999, -9999, -9999, -9999, -9999, -9999, -9999, -9999, -9999, -9999, 27, -9999, -9999, 25, -9999, 6, -9999, -9999, -9999, -9999, -9999, -9999, -9999, -9999, -9999, -9999, 91, -9999, -9999, 37, -9999, -9999, -9999],
[-9999, -9999, 87, -9999, 75, -9999, -9999, 66, 69, -9999, 20, -9999, -9999, 56, -9999, 8, 70, -9999, -9999, -9999, -9999, -9999, 24, -9999, -9999, -9999, 98, 3, 72, 78, -9999, 72, -9999, 33, 84, -9999, 32, 97, 30, -9999, 18, -9999, -9999, -9999, -9999, -9999, 82, -9999, 39, -9999, -9999, -9999, 53, -9999, -9999, 58, -9999, 35, -9999, -9999, 99, 4, 53, 88, -9999, -9999, -9999, 66, 18, -9999, 24, 26, -9999, -9999, 32, -9999, 95, 18, -9999, 65, 36, -9999, -9999, 12, -9999, 14, -9999, -9999, 58, -9999, 13, -9999, -9999, -9999, 81, -9999, 69, -9999, -9999, -9999],
[-9999, 84, -9999, -9999, 98, -9999, 17, 15, 22, -9999, -9999, -9999, -9999, 72, -9999, -9999, 25, -9999, -9999, -9999, 51, 55, -9999, 80, -9999, 84, -9999, -9999, 60, 20, -9999, 55, 18, 57, 52, -9999, 35, 88, -9999, -9999, 25, -9999, -9999, -9999, -9999, 75, 17, 73, 98, -9999, -9999, -9999, 51, -9999, -9999, 19, -9999, 28, -9999, -9999, 83, 11, 9, -9999, -9999, -9999, 57, 52, 64, -9999, -9999, 89, -9999, -9999, -9999, 42, 50, 61, -9999, -9999, 55, -9999, 31, 72, -9999, 40, -9999, -9999, 44, -9999, 94, 90, -9999, -9999, -9999, -9999, -9999, -9999, 57, 32],
[-9999, -9999, -9999, -9999, -9999, -9999, 3, -9999, -9999, -9999, -9999, -9999, -9999, -9999, -9999, -9999, -9999, -9999, -9999, -9999, -9999, -9999, -9999, -9999, -9999, -9999, 41, -9999, 44, -9999, -9999, -9999, -9999, -9999, -9999, 51, -9999, -9999, 98, -9999, -9999, -9999, -9999, -9999, -9999, 44, 29, -9999, -9999, -9999, -9999, -9999, -9999, -9999, -9999, 52, -9999, -9999, -9999, -9999, 42, -9999, 62, 86, -9999, -9999, -9999, 11, -9999, -9999, -9999, -9999, -9999, -9999, -9999, -9999, -9999, 37, -9999, -9999, 59, -9999, 62, -9999, -9999, -9999, -9999, -9999, -9999, -9999, -9999, -9999, -9999, -9999, -9999, -9999, -9999, -9999, 1, -9999],
[-9999, -9999, 22, -9999, -9999, -9999, 93, -9999, -9999, -9999, -9999, -9999, -9999, -9999, -9999, -9999, -9999, -9999, -9999, -9999, -9999, 26, 30, -9999, -9999, -9999, 95, 9, -9999, -9999, -9999, -9999, -9999, -9999, -9999, -9999, -9999, -9999, 60, -9999, -9999, -9999, -9999, -9999, -9999, 39, 31, -9999, -9999, -9999, -9999, -9999, -9999, -9999, -9999, 5, -9999, 61, -9999, -9999, 9, -9999, 27, 1, -9999, -9999, -9999, 62, -9999, -9999, -9999, -9999, -9999, -9999, -9999, -9999, -9999, 18, -9999, -9999, 44, -9999, -9999, -9999, -9999, -9999, -9999, -9999, -9999, -9999, -9999, -9999, -9999, -9999, -9999, -9999, -9999, -9999, 4, -9999],
[-9999, 36, -9999, -9999, 24, -9999, -9999, -9999, -9999, -9999, 72, -9999, -9999, 13, -9999, -9999, 31, -9999, -9999, -9999, -9999, -9999, 37, 56, -9999, 34, 50, -9999, -9999, -9999, -9999, -9999, 20, 59, 29, 80, 29, 8, -9999, -9999, 49, -9999, -9999, -9999, -9999, -9999, 2, -9999, 36, -9999, -9999, -9999, 23, -9999, -9999, 44, 79, 29, -9999, 37, 56, 13, 47, 76, -9999, -9999, 36, 28, 32, -9999, -9999, 95, -9999, 17, -9999, -9999, 81, 17, 31, 63, -9999, -9999, 74, 70, -9999, 66, -9999, -9999, 27, -9999, 43, 84, -9999, -9999, 42, -9999, 88, -9999, 78, -9999],
[-9999, 13, 80, -9999, -9999, -9999, -9999, 95, -9999, -9999, -9999, 63, -9999, 60, 46, 34, 44, 34, -9999, 38, -9999, -9999, -9999, -9999, 55, 56, 98, -9999, 32, 88, -9999, 45, 74, 87, 93, -9999, 9, -9999, 20, -9999, 88, -9999, -9999, -9999, -9999, -9999, 72, -9999, 61, 87, -9999, 44, -9999, -9999, -9999, 89, 31, 72, -9999, -9999, -9999, 89, 48, 100, -9999, 3, 2, 78, 11, 48, 84, -9999, 51, -9999, 62, -9999, 36, 33, -9999, 4, 12, 27, 15, 67, 43, 99, -9999, 11, -9999, -9999, 23, 98, -9999, 29, 13, -9999, 8, 46, -9999, 43],
[-9999, 82, 64, -9999, 78, -9999, -9999, -9999, -9999, -9999, -9999, -9999, 89, 5, 42, -9999, 92, -9999, -9999, -9999, -9999, -9999, 95, 59, -9999, -9999, 73, -9999, -9999, 9, -9999, -9999, 82, 87, 68, -9999, 14, -9999, 24, -9999, 67, -9999, -9999, -9999, -9999, -9999, 50, -9999, 37, -9999, 3, -9999, 40, -9999, -9999, 99, 9, 39, -9999, 8, 9, 59, 35, 37, 68, -9999, 46, -9999, -9999, -9999, -9999, 89, -9999, 45, -9999, 76, 70, 90, -9999, 83, 57, -9999, 35, 71, -9999, 26, -9999, -9999, -9999, -9999, 57, -9999, -9999, -9999, 44, -9999, 91, 62, -9999, 70],
[-9999, -9999, 3, -9999, -9999, -9999, -9999, -9999, -9999, -9999, -9999, -9999, -9999, -9999, -9999, -9999, -9999, -9999, -9999, -9999, 6, 64, -9999, -9999, -9999, -9999, 98, 15, 34, -9999, -9999, -9999, -9999, -9999, -9999, 15, -9999, -9999, -9999, -9999, -9999, -9999, -9999, -9999, -9999, 62, 97, -9999, -9999, -9999, -9999, -9999, -9999, -9999, -9999, 92, -9999, -9999, -9999, -9999, -9999, -9999, 83, -9999, -9999, -9999, -9999, -9999, -9999, -9999, -9999, -9999, -9999, -9999, -9999, -9999, -9999, 63, -9999, -9999, 98, -9999, -9999, -9999, -9999, -9999, -9999, -9999, -9999, -9999, -9999, -9999, -9999, -9999, -9999, -9999, 53, -9999, 49, -9999],
[-9999, 9, 31, 7, 10, -9999, -9999, 24, 29, -9999, -9999, 85, -9999, 3, -9999, -9999, 84, -9999, -9999, 60, 10, -9999, 65, 49, 82, -9999, 56, 85, -9999, 56, -9999, 34, 38, -9999, 44, 29, 33, 30, -9999, -9999, 90, 39, 54, -9999, -9999, 86, 78, -9999, 60, -9999, -9999, 64, 74, 77, -9999, 53, 9, 56, -9999, -9999, 4, 56, 52, -9999, 73, 12, 92, 100, 74, -9999, -9999, -9999, -9999, -9999, 38, 6, -9999, 41, 12, -9999, 77, -9999, 7, 12, 8, 44, -9999, 29, -9999, -9999, 69, 1, -9999, -9999, 59, -9999, 24, -9999, 34, 93],
[-9999, -9999, 83, -9999, -9999, -9999, -9999, -9999, -9999, -9999, -9999, -9999, -9999, -9999, -9999, -9999, -9999, -9999, 94, -9999, 100, -9999, -9999, -9999, -9999, -9999, 26, -9999, -9999, -9999, -9999, -9999, -9999, -9999, -9999, 70, -9999, -9999, 94, -9999, -9999, -9999, 30, -9999, -9999, 33, 91, -9999, -9999, -9999, -9999, -9999, -9999, -9999, -9999, 74, -9999, 92, -9999, -9999, -9999, -9999, -9999, -9999, -9999, -9999, -9999, -9999, -9999, -9999, -9999, -9999, -9999, -9999, -9999, -9999, -9999, 83, -9999, -9999, 20, -9999, 90, -9999, -9999, -9999, -9999, -9999, -9999, -9999, -9999, -9999, -9999, -9999, -9999, -9999, -9999, -9999, -9999, -9999],
[-9999, 32, 12, -9999, 74, -9999, -9999, -9999, -9999, -9999, 62, -9999, -9999, 96, -9999, -9999, -9999, -9999, -9999, -9999, -9999, -9999, 89, 30, -9999, -9999, 1, 37, 29, 43, -9999, 71, 51, 49, 50, -9999, -9999, 81, 41, -9999, 29, -9999, -9999, -9999, -9999, 14, 53, -9999, 24, -9999, 74, -9999, 79, -9999, -9999, 35, 9, -9999, -9999, -9999, 26, 88, 97, -9999, 14, -9999, 6, 7, 79, -9999, -9999, -9999, -9999, -9999, 80, -9999, 14, 72, -9999, 39, 67, -9999, 20, -9999, -9999, 24, -9999, -9999, 50, -9999, 28, -9999, -9999, -9999, -9999, -9999, 35, 6, 46, 79],
[-9999, 8, -9999, -9999, -9999, 37, -9999, 95, 67, -9999, 8, -9999, -9999, 13, -9999, -9999, 16, -9999, -9999, -9999, 14, 69, -9999, 84, -9999, 87, 44, -9999, -9999, 54, -9999, -9999, 36, 60, 51, 62, -9999, -9999, 35, -9999, 12, -9999, -9999, -9999, 33, -9999, 64, -9999, -9999, -9999, 81, -9999, 76, -9999, -9999, 21, 72, 78, -9999, -9999, 71, 93, -9999, 84, 79, -9999, 93, -9999, 59, -9999, -9999, -9999, -9999, -9999, 89, -9999, 6, 91, -9999, -9999, 36, -9999, 30, 37, -9999, 18, -9999, -9999, 94, -9999, 25, 36, -9999, -9999, -9999, -9999, 74, 31, 63, 100],
[-9999, -9999, 8, -9999, -9999, -9999, 28, 70, 30, -9999, -9999, -9999, -9999, 36, 96, -9999, 47, -9999, -9999, -9999, 98, 2, 53, -9999, -9999, 66, 71, 36, -9999, 74, -9999, 50, 33, 67, 30, 17, -9999, -9999, 19, -9999, 86, -9999, -9999, -9999, -9999, 76, 80, -9999, -9999, -9999, -9999, -9999, 2, -9999, -9999, 73, 28, -9999, -9999, -9999, 25, 93, -9999, -9999, 69, -9999, -9999, -9999, -9999, -9999, -9999, -9999, -9999, 22, 51, 1, 71, 78, 1, -9999, 33, -9999, -9999, 94, -9999, 17, -9999, -9999, 31, -9999, 10, -9999, -9999, -9999, -9999, -9999, -9999, 55, 19, 58],
[-9999, -9999, -9999, -9999, -9999, -9999, -9999, -9999, -9999, -9999, -9999, -9999, -9999, -9999, -9999, -9999, -9999, -9999, -9999, -9999, -9999, -9999, 11, -9999, -9999, -9999, 77, 57, -9999, -9999, -9999, -9999, -9999, -9999, -9999, 28, -9999, -9999, -9999, -9999, -9999, -9999, -9999, -9999, -9999, -9999, 80, -9999, -9999, -9999, -9999, -9999, -9999, -9999, -9999, 58, -9999, 73, -9999, -9999, 100, -9999, 51, 33, -9999, -9999, -9999, -9999, -9999, -9999, -9999, -9999, -9999, -9999, -9999, -9999, -9999, 9, -9999, -9999, 85, -9999, -9999, -9999, -9999, -9999, -9999, -9999, -9999, -9999, -9999, -9999, -9999, -9999, -9999, -9999, 73, -9999, 95, -9999],
[-9999, -9999, -9999, -9999, -9999, -9999, 60, -9999, -9999, -9999, -9999, -9999, -9999, -9999, -9999, -9999, -9999, -9999, -9999, -9999, 5, -9999, -9999, -9999, -9999, -9999, 19, -9999, 90, -9999, -9999, -9999, -9999, -9999, -9999, -9999, -9999, -9999, -9999, -9999, -9999, -9999, -9999, -9999, -9999, 22, 7, 39, -9999, -9999, -9999, -9999, -9999, -9999, -9999, -9999, -9999, -9999, -9999, -9999, -9999, -9999, 56, 33, -9999, -9999, -9999, 53, -9999, -9999, -9999, -9999, -9999, -9999, -9999, -9999, -9999, 42, -9999, -9999, 8, -9999, 89, -9999, -9999, -9999, -9999, -9999, -9999, -9999, -9999, -9999, -9999, -9999, -9999, -9999, 25, -9999, 52, -9999],
[-9999, 73, 64, -9999, 90, -9999, 66, 97, -9999, -9999, 2, -9999, -9999, -9999, 39, -9999, -9999, -9999, -9999, -9999, 7, 12, -9999, 79, -9999, -9999, 43, -9999, 90, 30, -9999, -9999, -9999, 27, 45, 48, 85, 23, -9999, -9999, -9999, -9999, -9999, -9999, -9999, -9999, 81, -9999, -9999, -9999, 97, -9999, 75, -9999, -9999, 17, -9999, 46, -9999, -9999, -9999, 87, -9999, 70, -9999, -9999, 29, 15, 44, -9999, -9999, 39, -9999, -9999, 87, 36, 34, 83, -9999, 25, 9, -9999, 49, -9999, -9999, 39, -9999, -9999, -9999, -9999, 70, 77, -9999, -9999, 28, -9999, -9999, 98, 40, 8],
[-9999, -9999, -9999, -9999, -9999, -9999, -9999, -9999, -9999, -9999, -9999, -9999, -9999, -9999, -9999, -9999, -9999, -9999, 33, -9999, 15, 90, 34, -9999, -9999, -9999, 19, -9999, -9999, -9999, -9999, -9999, -9999, -9999, -9999, -9999, -9999, -9999, -9999, -9999, -9999, -9999, 69, -9999, -9999, 41, 64, -9999, -9999, -9999, -9999, -9999, -9999, -9999, -9999, 58, -9999, -9999, -9999, -9999, 49, -9999, -9999, 33, -9999, -9999, -9999, 79, -9999, -9999, -9999, -9999, -9999, -9999, -9999, -9999, -9999, 23, -9999, -9999, 92, -9999, 21, -9999, -9999, -9999, -9999, -9999, -9999, -9999, -9999, -9999, -9999, 13, -9999, -9999, 9, -9999, 63, -9999],
[-9999, 56, -9999, 74, -9999, -9999, 4, -9999, -9999, -9999, -9999, 85, 15, 61, 82, -9999, 92, -9999, -9999, -9999, -9999, -9999, 84, -9999, 60, 47, 28, -9999, 76, 11, -9999, 49, 33, 42, 77, 53, 8, -9999, -9999, -9999, 82, 84, -9999, -9999, -9999, 83, 70, 93, 75, 31, -9999, 91, 48, -9999, -9999, 77, -9999, -9999, -9999, -9999, 78, 100, -9999, -9999, 25, 13, 63, 64, 92, -9999, -9999, 78, 65, -9999, -9999, -9999, -9999, 62, 16, -9999, 90, 40, 18, -9999, 42, 62, -9999, 70, -9999, -9999, 64, 92, 46, 35, 47, 78, 31, -9999, 66, 57],
[-9999, -9999, 23, -9999, 82, -9999, -9999, 34, -9999, -9999, -9999, -9999, 1, 74, -9999, -9999, 78, -9999, -9999, -9999, 38, -9999, -9999, 30, -9999, -9999, 2, 92, -9999, 56, -9999, 79, -9999, 88, 13, -9999, 55, -9999, -9999, -9999, 29, -9999, -9999, -9999, -9999, 63, 91, -9999, -9999, -9999, -9999, -9999, -9999, 80, -9999, 42, -9999, -9999, -9999, -9999, 90, 83, -9999, 43, 39, -9999, 8, 55, -9999, -9999, -9999, 86, -9999, -9999, 71, -9999, 61, 48, -9999, 16, 61, -9999, -9999, 62, -9999, 71, -9999, -9999, 12, -9999, 34, 48, -9999, -9999, -9999, -9999, -9999, -9999, 71, 88],
[-9999, -9999, -9999, -9999, -9999, -9999, -9999, -9999, -9999, -9999, -9999, -9999, -9999, -9999, -9999, -9999, -9999, -9999, -9999, -9999, 3, -9999, 14, -9999, -9999, -9999, 69, -9999, 61, -9999, -9999, -9999, -9999, -9999, -9999, 64, -9999, -9999, -9999, -9999, -9999, -9999, -9999, -9999, -9999, 58, 30, -9999, -9999, -9999, -9999, -9999, -9999, -9999, -9999, 68, -9999, 17, -9999, -9999, 82, -9999, -9999, 30, -9999, -9999, -9999, 66, -9999, -9999, -9999, -9999, -9999, -9999, -9999, -9999, -9999, 54, -9999, -9999, 98, -9999, -9999, -9999, -9999, -9999, -9999, -9999, -9999, -9999, -9999, -9999, -9999, -9999, -9999, 25, 62, -9999, 14, -9999],
[-9999, 39, 94, -9999, -9999, -9999, -9999, 60, 32, -9999, 56, -9999, 7, -9999, 94, 31, 74, -9999, -9999, -9999, 67, 48, 81, 9, -9999, 7, 57, -9999, -9999, 38, -9999, -9999, 93, 97, 98, -9999, -9999, 26, 11, -9999, 1, -9999, -9999, -9999, -9999, -9999, 37, -9999, 64, -9999, 22, -9999, -9999, -9999, -9999, 8, 47, -9999, -9999, -9999, -9999, 5, 24, 23, -9999, -9999, -9999, 83, 30, -9999, -9999, 30, -9999, -9999, 45, -9999, -9999, 84, -9999, 58, -9999, -9999, 18, 32, -9999, 49, -9999, -9999, 59, -9999, 73, 77, -9999, -9999, 18, -9999, -9999, 17, 54, 6],
[-9999, -9999, 2, -9999, -9999, -9999, 89, -9999, -9999, -9999, -9999, -9999, -9999, -9999, -9999, -9999, -9999, -9999, -9999, -9999, 92, 12, 61, -9999, -9999, -9999, 46, -9999, 44, -9999, -9999, -9999, -9999, -9999, -9999, 30, -9999, -9999, 56, -9999, -9999, -9999, -9999, -9999, -9999, 72, -9999, -9999, -9999, -9999, -9999, -9999, -9999, -9999, -9999, 87, -9999, -9999, -9999, 40, 60, -9999, 93, 60, -9999, -9999, -9999, 50, -9999, -9999, -9999, -9999, -9999, -9999, -9999, -9999, -9999, 89, -9999, -9999, 80, -9999, -9999, -9999, -9999, -9999, -9999, -9999, -9999, -9999, -9999, -9999, -9999, -9999, -9999, -9999, -9999, -9999, -9999, -9999],
[-9999, 40, -9999, -9999, -9999, -9999, -9999, -9999, -9999, -9999, -9999, -9999, -9999, -9999, -9999, -9999, -9999, -9999, -9999, -9999, -9999, -9999, -9999, -9999, -9999, -9999, -9999, -9999, -9999, 89, -9999, -9999, -9999, -9999, -9999, -9999, -9999, -9999, -9999, -9999, -9999, -9999, -9999, -9999, -9999, -9999, -9999, -9999, -9999, -9999, -9999, -9999, -9999, -9999, -9999, -9999, -9999, -9999, -9999, -9999, -9999, -9999, -9999, -9999, -9999, -9999, -9999, -9999, -9999, -9999, -9999, -9999, -9999, 7, -9999, -9999, -9999, -9999, -9999, -9999, -9999, -9999, -9999, -9999, -9999, -9999, -9999, -9999, -9999, -9999, 74, -9999, -9999, -9999, -9999, -9999, -9999, 48, -9999, -9999],
[-9999, -9999, -9999, -9999, -9999, -9999, -9999, -9999, -9999, -9999, -9999, -9999, -9999, -9999, -9999, -9999, -9999, -9999, -9999, -9999, -9999, -9999, -9999, -9999, -9999, -9999, -9999, -9999, -9999, 90, -9999, -9999, -9999, -9999, -9999, -9999, -9999, -9999, -9999, -9999, -9999, -9999, -9999, -9999, -9999, -9999, -9999, -9999, -9999, -9999, -9999, -9999, -9999, -9999, -9999, -9999, -9999, -9999, -9999, -9999, -9999, -9999, -9999, -9999, -9999, -9999, -9999, -9999, -9999, -9999, -9999, -9999, -9999, -9999, -9999, -9999, -9999, -9999, -9999, -9999, -9999, 53, -9999, -9999, -9999, -9999, -9999, -9999, -9999, -9999, 39, -9999, -9999, -9999, -9999, -9999, -9999, -9999, -9999, -9999],
[-9999, -9999, -9999, -9999, -9999, -9999, 29, -9999, -9999, -9999, -9999, -9999, -9999, -9999, -9999, -9999, -9999, -9999, -9999, -9999, 45, -9999, -9999, -9999, -9999, -9999, 25, -9999, 87, -9999, -9999, -9999, -9999, -9999, -9999, -9999, -9999, -9999, -9999, -9999, -9999, -9999, 93, -9999, -9999, 8, 41, -9999, -9999, -9999, -9999, -9999, -9999, -9999, -9999, 27, -9999, 73, -9999, -9999, 31, -9999, -9999, -9999, -9999, -9999, -9999, 51, -9999, -9999, -9999, -9999, -9999, -9999, -9999, -9999, -9999, 81, -9999, -9999, 5, -9999, -9999, -9999, -9999, -9999, -9999, -9999, -9999, -9999, -9999, -9999, -9999, -9999, -9999, -9999, 82, -9999, 61, -9999],
[-9999, -9999, 31, -9999, -9999, -9999, -9999, -9999, -9999, -9999, -9999, -9999, -9999, -9999, -9999, -9999, -9999, -9999, -9999, -9999, -9999, -9999, 45, -9999, -9999, -9999, 83, 48, -9999, -9999, -9999, -9999, -9999, -9999, -9999, -9999, -9999, -9999, 2, -9999, -9999, 44, -9999, -9999, -9999, 81, 92, -9999, -9999, -9999, -9999, -9999, -9999, -9999, -9999, 86, -9999, -9999, -9999, -9999, -9999, -9999, 71, 89, -9999, -9999, -9999, 75, -9999, -9999, -9999, -9999, -9999, -9999, -9999, -9999, -9999, 78, -9999, -9999, 4, -9999, -9999, -9999, -9999, -9999, -9999, -9999, -9999, -9999, -9999, -9999, -9999, -9999, -9999, -9999, -9999, -9999, 47, -9999],
[-9999, -9999, -9999, -9999, -9999, -9999, -9999, -9999, -9999, -9999, -9999, -9999, -9999, -9999, -9999, -9999, -9999, -9999, -9999, -9999, -9999, -9999, -9999, -9999, -9999, -9999, -9999, -9999, -9999, -9999, -9999, -9999, -9999, -9999, -9999, -9999, -9999, -9999, -9999, -9999, -9999, -9999, -9999, -9999, -9999, -9999, -9999, -9999, -9999, -9999, -9999, -9999, -9999, -9999, -9999, -9999, -9999, -9999, -9999, -9999, -9999, -9999, -9999, -9999, -9999, -9999, -9999, -9999, -9999, -9999, -9999, -9999, -9999, -9999, -9999, -9999, -9999, -9999, -9999, -9999, -9999, -9999, -9999, -9999, -9999, -9999, -9999, -9999, -9999, -9999, -9999, -9999, -9999, -9999, -9999, -9999, -9999, -9999, -9999, -9999],
[-9999, -9999, -9999, -9999, 69, -9999, -9999, 61, -9999, -9999, -9999, -9999, 3, -9999, -9999, -9999, -9999, -9999, -9999, -9999, 95, 62, -9999, 76, -9999, 86, 10, -9999, -9999, 46, -9999, -9999, -9999, 96, 84, -9999, 77, 1, 58, -9999, 91, -9999, -9999, 57, -9999, 81, 19, -9999, 79, -9999, -9999, -9999, -9999, -9999, 2, 100, 90, 95, -9999, -9999, -9999, 11, 46, 88, 20, -9999, 96, 35, 39, -9999, -9999, -9999, -9999, 52, 90, 15, 31, 64, -9999, 61, 78, -9999, -9999, -9999, -9999, 90, -9999, -9999, 26, -9999, 55, 36, -9999, -9999, 1, -9999, 28, 17, 2, -9999],
[-9999, -9999, 14, -9999, -9999, -9999, 23, -9999, -9999, -9999, -9999, -9999, -9999, -9999, -9999, -9999, -9999, -9999, -9999, -9999, -9999, -9999, -9999, -9999, -9999, -9999, 83, -9999, 61, -9999, -9999, -9999, -9999, -9999, -9999, 68, -9999, -9999, 83, -9999, -9999, -9999, -9999, -9999, -9999, -9999, 62, -9999, -9999, -9999, -9999, -9999, -9999, -9999, -9999, 85, -9999, 62, -9999, 37, 40, -9999, 44, 61, -9999, -9999, -9999, 2, -9999, -9999, -9999, -9999, -9999, -9999, -9999, -9999, -9999, 85, -9999, -9999, 99, -9999, 98, -9999, -9999, -9999, -9999, -9999, -9999, -9999, -9999, -9999, -9999, -9999, -9999, 70, 88, -9999, 80, -9999],
[-9999, 26, 52, -9999, -9999, -9999, -9999, 85, 98, -9999, 29, -9999, -9999, 7, 9, -9999, 53, -9999, -9999, -9999, 21, 71, -9999, -9999, -9999, 28, 87, 82, 61, 89, -9999, 25, 1, 88, 60, 25, -9999, 15, -9999, -9999, 50, -9999, -9999, -9999, -9999, -9999, 52, -9999, -9999, -9999, -9999, -9999, 27, -9999, -9999, 50, 49, -9999, -9999, -9999, 61, 69, 62, 45, 18, -9999, 20, 4, 93, -9999, -9999, -9999, -9999, 15, 36, 29, 50, 86, 93, -9999, 77, -9999, -9999, -9999, -9999, 84, 93, -9999, 10, -9999, 14, 94, -9999, -9999, -9999, 62, 69, -9999, -9999, 31],
[-9999, -9999, 83, -9999, -9999, -9999, -9999, -9999, -9999, -9999, -9999, -9999, -9999, -9999, -9999, -9999, -9999, -9999, -9999, -9999, -9999, -9999, 15, -9999, -9999, -9999, 33, 62, -9999, -9999, -9999, -9999, -9999, -9999, -9999, -9999, -9999, -9999, 5, -9999, -9999, -9999, -9999, -9999, -9999, -9999, 55, -9999, -9999, -9999, -9999, -9999, -9999, -9999, -9999, -9999, -9999, -9999, -9999, -9999, -9999, -9999, 81, 8, -9999, -9999, -9999, -9999, -9999, -9999, -9999, -9999, -9999, -9999, -9999, -9999, -9999, 86, -9999, -9999, 28, -9999, -9999, -9999, -9999, -9999, -9999, -9999, -9999, -9999, -9999, -9999, -9999, -9999, -9999, -9999, 19, -9999, -9999, -9999],
[-9999, 32, -9999, -9999, 83, 41, 64, 83, -9999, -9999, -9999, -9999, 69, 96, -9999, -9999, 87, -9999, -9999, -9999, 26, 10, -9999, 82, -9999, -9999, 93, 72, -9999, 92, -9999, 18, 71, 57, 26, 45, -9999, 84, 92, -9999, 45, -9999, -9999, -9999, -9999, 62, 10, -9999, 60, -9999, -9999, -9999, -9999, -9999, -9999, 84, -9999, 82, -9999, -9999, -9999, 80, -9999, 27, -9999, -9999, 81, 55, -9999, -9999, -9999, 93, -9999, -9999, 84, -9999, 93, 16, 39, -9999, 51, -9999, 89, 60, -9999, 12, -9999, -9999, -9999, -9999, 85, -9999, -9999, -9999, 90, -9999, -9999, 77, 99, -9999],
[-9999, -9999, -9999, -9999, -9999, -9999, -9999, -9999, -9999, -9999, -9999, -9999, -9999, -9999, -9999, -9999, -9999, -9999, -9999, -9999, 64, 37, -9999, -9999, -9999, -9999, 24, 16, -9999, -9999, -9999, -9999, -9999, -9999, -9999, 42, -9999, -9999, -9999, -9999, -9999, -9999, -9999, -9999, -9999, -9999, 39, -9999, -9999, -9999, -9999, -9999, -9999, -9999, -9999, 15, -9999, -9999, -9999, -9999, -9999, -9999, 58, 25, -9999, -9999, -9999, -9999, -9999, -9999, -9999, -9999, -9999, -9999, -9999, -9999, -9999, 70, -9999, -9999, 14, -9999, 39, -9999, -9999, -9999, -9999, -9999, -9999, -9999, -9999, -9999, -9999, -9999, -9999, -9999, 71, -9999, -9999, -9999],
[-9999, 24, -9999, -9999, 3, -9999, 20, 75, 43, -9999, 72, -9999, -9999, 64, 9, 77, 81, -9999, -9999, -9999, 26, 46, -9999, 44, -9999, 73, 80, -9999, -9999, 65, -9999, -9999, 7, 29, 59, -9999, -9999, 51, 26, 50, 69, -9999, -9999, -9999, -9999, -9999, 59, -9999, 43, -9999, 67, -9999, -9999, -9999, -9999, 49, 79, 24, -9999, 21, -9999, 66, -9999, 11, 34, -9999, 77, -9999, 23, -9999, -9999, 14, -9999, 62, -9999, 77, -9999, 76, -9999, -9999, 38, -9999, -9999, 22, -9999, 77, -9999, -9999, 9, -9999, 97, 79, -9999, -9999, -9999, -9999, -9999, -9999, 14, 88],
[-9999, -9999, -9999, -9999, -9999, -9999, -9999, -9999, -9999, -9999, -9999, -9999, -9999, -9999, -9999, -9999, -9999, -9999, -9999, -9999, -9999, -9999, -9999, -9999, -9999, -9999, -9999, -9999, -9999, 6, -9999, -9999, -9999, -9999, -9999, -9999, -9999, -9999, -9999, -9999, -9999, -9999, -9999, -9999, -9999, -9999, -9999, -9999, -9999, -9999, -9999, -9999, -9999, -9999, -9999, -9999, -9999, -9999, -9999, -9999, -9999, -9999, -9999, -9999, -9999, -9999, -9999, -9999, -9999, -9999, -9999, -9999, -9999, 25, -9999, -9999, -9999, -9999, -9999, -9999, -9999, -9999, -9999, -9999, -9999, -9999, -9999, -9999, -9999, -9999, 72, -9999, -9999, -9999, -9999, -9999, -9999, -9999, -9999, -9999],
[-9999, 63, -9999, -9999, -9999, -9999, 17, 79, -9999, -9999, -9999, -9999, 23, 90, -9999, -9999, -9999, -9999, -9999, -9999, -9999, 29, -9999, 20, -9999, -9999, 69, 55, -9999, 7, -9999, 68, -9999, 55, 33, 19, -9999, 74, 18, 19, 26, -9999, -9999, -9999, -9999, 40, 28, -9999, -9999, -9999, 66, -9999, -9999, -9999, -9999, 38, 15, 30, -9999, -9999, -9999, 3, 35, -9999, 2, -9999, -9999, -9999, 87, -9999, -9999, 16, -9999, -9999, 6, 90, 19, 86, 4, 38, 44, -9999, 33, 8, -9999, 20, -9999, -9999, 88, -9999, 21, 100, -9999, -9999, -9999, -9999, 27, 23, -9999, -9999],
[-9999, -9999, 73, -9999, -9999, -9999, 89, -9999, -9999, -9999, -9999, -9999, -9999, -9999, -9999, -9999, -9999, -9999, -9999, -9999, 63, 56, 55, -9999, -9999, -9999, 2, 28, 61, -9999, -9999, -9999, -9999, -9999, -9999, 59, -9999, -9999, 58, 20, -9999, -9999, -9999, 33, -9999, 12, 84, -9999, -9999, -9999, -9999, -9999, -9999, -9999, -9999, 93, -9999, 39, -9999, -9999, 5, -9999, 14, 14, -9999, -9999, -9999, 58, -9999, -9999, -9999, -9999, -9999, -9999, -9999, -9999, -9999, 41, -9999, -9999, 88, -9999, -9999, -9999, -9999, -9999, -9999, -9999, -9999, -9999, -9999, -9999, -9999, -9999, -9999, 35, -9999, -9999, 37, -9999],
[-9999, -9999, -9999, -9999, -9999, -9999, 66, -9999, -9999, -9999, -9999, -9999, -9999, -9999, -9999, 59, -9999, -9999, -9999, -9999, 80, 41, 77, -9999, -9999, -9999, 79, 26, 44, -9999, -9999, -9999, -9999, -9999, -9999, 27, -9999, -9999, 97, 16, -9999, -9999, -9999, -9999, -9999, 4, 65, 38, -9999, -9999, -9999, -9999, -9999, -9999, -9999, 21, -9999, -9999, -9999, -9999, -9999, -9999, -9999, 89, -9999, -9999, -9999, -9999, -9999, -9999, -9999, -9999, -9999, -9999, -9999, -9999, -9999, 40, -9999, -9999, 92, -9999, 42, -9999, -9999, -9999, -9999, -9999, -9999, -9999, -9999, -9999, -9999, -9999, -9999, -9999, -9999, -9999, -9999, -9999],
[-9999, 76, 92, -9999, -9999, -9999, 77, 99, -9999, -9999, -9999, 23, 54, -9999, -9999, -9999, 98, -9999, 40, 87, 6, 18, -9999, -9999, -9999, -9999, 26, -9999, 86, 22, 12, -9999, -9999, 7, 33, -9999, -9999, -9999, 4, -9999, 11, 79, 91, -9999, 53, -9999, 92, 44, 62, -9999, 25, 8, -9999, -9999, -9999, 39, 77, 29, -9999, -9999, 85, -9999, -9999, -9999, 28, 39, -9999, -9999, 13, -9999, -9999, 81, 35, -9999, 48, 16, 41, 15, 55, -9999, 75, 45, 79, 37, 61, 61, -9999, 98, 54, -9999, 25, -9999, -9999, 33, 39, -9999, 25, 19, -9999, 72],
[-9999, -9999, 58, -9999, -9999, -9999, 40, 27, 98, -9999, -9999, -9999, -9999, 77, -9999, -9999, 53, -9999, -9999, -9999, -9999, 23, 8, 32, -9999, 56, 85, -9999, -9999, 21, -9999, -9999, -9999, 85, 81, 78, 35, 55, 2, -9999, -9999, -9999, -9999, -9999, -9999, 5, 56, -9999, 78, -9999, -9999, -9999, 88, -9999, -9999, 8, -9999, 9, -9999, -9999, 32, 74, 41, 48, -9999, -9999, -9999, -9999, -9999, -9999, -9999, -9999, -9999, -9999, -9999, -9999, 66, 25, -9999, 11, 61, -9999, 97, 67, -9999, 28, 96, -9999, -9999, -9999, 100, 9, -9999, -9999, -9999, -9999, 16, 36, 38, 15],
[-9999, -9999, 27, -9999, -9999, -9999, -9999, -9999, -9999, -9999, 27, -9999, 98, 31, 19, -9999, 72, -9999, -9999, -9999, -9999, -9999, -9999, -9999, -9999, -9999, 79, 24, 51, 68, -9999, 45, 9, 28, 28, 93, -9999, 40, -9999, -9999, 60, -9999, -9999, 2, -9999, 46, 36, -9999, 3, -9999, 86, -9999, -9999, -9999, -9999, 28, -9999, 98, -9999, -9999, 57, 87, 82, 9, -9999, -9999, -9999, 30, -9999, -9999, -9999, 52, -9999, -9999, -9999, 6, 56, 89, 79, 70, 30, -9999, -9999, 61, -9999, 37, -9999, -9999, 45, -9999, 94, -9999, -9999, -9999, 54, -9999, -9999, -9999, 61, 1],
[-9999, -9999, -9999, -9999, -9999, -9999, -9999, -9999, -9999, -9999, -9999, -9999, -9999, -9999, -9999, -9999, -9999, -9999, 62, -9999, -9999, -9999, -9999, -9999, -9999, -9999, -9999, -9999, -9999, -9999, -9999, -9999, -9999, -9999, -9999, -9999, -9999, -9999, -9999, -9999, -9999, -9999, -9999, 65, -9999, -9999, -9999, -9999, -9999, -9999, -9999, -9999, -9999, -9999, -9999, -9999, -9999, -9999, -9999, -9999, -9999, -9999, -9999, -9999, -9999, -9999, -9999, -9999, -9999, -9999, -9999, -9999, -9999, -9999, -9999, -9999, -9999, -9999, -9999, -9999, -9999, -9999, -9999, -9999, -9999, -9999, -9999, -9999, -9999, -9999, -9999, -9999, -9999, -9999, -9999, -9999, -9999, -9999, -9999, -9999],
[-9999, 10, -9999, -9999, -9999, -9999, -9999, -9999, -9999, -9999, -9999, -9999, -9999, -9999, -9999, -9999, -9999, -9999, 54, -9999, -9999, -9999, -9999, -9999, -9999, -9999, -9999, -9999, -9999, 10, -9999, -9999, -9999, -9999, -9999, -9999, -9999, -9999, -9999, -9999, -9999, -9999, -9999, -9999, -9999, -9999, -9999, -9999, -9999, -9999, -9999, -9999, -9999, -9999, -9999, -9999, -9999, -9999, -9999, -9999, -9999, -9999, -9999, -9999, -9999, -9999, -9999, -9999, -9999, -9999, -9999, -9999, -9999, 83, -9999, -9999, -9999, -9999, -9999, -9999, -9999, 58, -9999, -9999, -9999, -9999, -9999, -9999, -9999, -9999, 68, -9999, -9999, -9999, -9999, -9999, -9999, -9999, -9999, -9999],
[-9999, -9999, -9999, 81, -9999, -9999, -9999, -9999, -9999, -9999, -9999, -9999, -9999, -9999, -9999, -9999, -9999, -9999, -9999, -9999, 35, -9999, 36, -9999, -9999, -9999, 13, 2, 53, -9999, -9999, -9999, -9999, -9999, -9999, 69, -9999, -9999, -9999, -9999, -9999, -9999, 63, -9999, -9999, -9999, 34, -9999, -9999, -9999, -9999, -9999, -9999, -9999, -9999, 77, -9999, 30, -9999, -9999, -9999, -9999, -9999, 69, -9999, -9999, -9999, 67, -9999, -9999, -9999, -9999, -9999, -9999, -9999, -9999, -9999, 23, -9999, -9999, 59, -9999, 25, -9999, -9999, -9999, -9999, -9999, -9999, -9999, -9999, -9999, -9999, 72, -9999, -9999, -9999, -9999, 33, -9999],
[-9999, 55, 57, -9999, 93, -9999, 6, -9999, 79, -9999, 6, -9999, -9999, 80, 55, -9999, -9999, -9999, -9999, -9999, 72, -9999, 47, -9999, -9999, -9999, 52, -9999, 56, 38, -9999, -9999, 86, 56, 55, 65, -9999, -9999, -9999, 90, 94, -9999, -9999, -9999, -9999, 95, 82, -9999, 77, -9999, 37, -9999, 38, -9999, -9999, 59, -9999, -9999, -9999, 85, 67, 50, 81, 61, 78, -9999, 24, 69, -9999, -9999, -9999, 36, -9999, -9999, 7, 32, 75, -9999, -9999, -9999, 5, -9999, 97, 39, -9999, 9, -9999, -9999, 76, -9999, 18, 45, -9999, -9999, 61, -9999, 20, 66, -9999, 56],
[-9999, -9999, -9999, -9999, -9999, -9999, -9999, -9999, -9999, -9999, -9999, -9999, -9999, -9999, -9999, -9999, -9999, -9999, 87, -9999, -9999, -9999, -9999, -9999, -9999, -9999, -9999, -9999, -9999, -9999, -9999, -9999, -9999, -9999, -9999, -9999, -9999, -9999, -9999, -9999, -9999, -9999, -9999, -9999, -9999, -9999, -9999, -9999, -9999, -9999, -9999, -9999, -9999, -9999, -9999, -9999, -9999, -9999, -9999, -9999, -9999, -9999, -9999, -9999, -9999, -9999, -9999, -9999, -9999, -9999, -9999, -9999, -9999, -9999, -9999, -9999, -9999, -9999, -9999, -9999, -9999, -9999, -9999, -9999, -9999, -9999, -9999, -9999, -9999, -9999, -9999, -9999, -9999, -9999, -9999, -9999, -9999, -9999, -9999, -9999],
[-9999, -9999, 15, -9999, -9999, -9999, -9999, -9999, -9999, -9999, -9999, -9999, -9999, -9999, -9999, -9999, -9999, -9999, 54, -9999, 71, 26, -9999, -9999, -9999, -9999, 3, 62, -9999, -9999, -9999, -9999, -9999, -9999, -9999, -9999, -9999, -9999, 54, -9999, -9999, 80, 54, -9999, -9999, 80, 36, -9999, -9999, -9999, -9999, -9999, -9999, -9999, -9999, 42, -9999, 27, -9999, -9999, -9999, -9999, -9999, -9999, -9999, -9999, -9999, 82, -9999, -9999, -9999, -9999, -9999, -9999, -9999, -9999, -9999, 73, -9999, -9999, 30, -9999, -9999, -9999, -9999, -9999, -9999, -9999, -9999, -9999, -9999, -9999, -9999, -9999, -9999, -9999, 91, -9999, 53, -9999],
[-9999, -9999, 53, -9999, 84, -9999, 32, 32, -9999, -9999, 71, -9999, -9999, -9999, 89, -9999, -9999, -9999, -9999, -9999, 46, 13, -9999, 33, -9999, 58, 48, -9999, 44, -9999, -9999, -9999, 60, 18, 69, 65, 14, 39, 69, -9999, 53, -9999, -9999, 90, -9999, 37, 63, -9999, 48, -9999, -9999, -9999, 76, -9999, -9999, 71, 23, 2, -9999, -9999, -9999, 41, 99, -9999, 41, -9999, -9999, 99, 54, -9999, -9999, -9999, -9999, 9, 12, 24, -9999, 30, 56, 60, 18, -9999, 16, 1, -9999, 64, -9999, -9999, 81, -9999, 31, 16, 21, -9999, 95, -9999, -9999, 26, -9999, -9999],
[-9999, -9999, 55, -9999, -9999, -9999, -9999, -9999, -9999, -9999, -9999, -9999, -9999, -9999, -9999, -9999, -9999, -9999, -9999, -9999, 98, -9999, 48, -9999, -9999, -9999, 23, 99, -9999, -9999, -9999, -9999, -9999, -9999, -9999, 78, -9999, -9999, -9999, -9999, -9999, -9999, -9999, -9999, -9999, 22, 7, -9999, -9999, -9999, -9999, -9999, -9999, -9999, -9999, 100, -9999, 45, -9999, -9999, -9999, -9999, -9999, -9999, -9999, -9999, -9999, 76, -9999, -9999, -9999, -9999, -9999, -9999, -9999, -9999, -9999, 35, -9999, -9999, -9999, -9999, 34, -9999, -9999, -9999, -9999, -9999, -9999, -9999, -9999, -9999, -9999, -9999, -9999, 22, 33, -9999, 74, -9999],
[-9999, -9999, 42, -9999, -9999, -9999, -9999, -9999, -9999, -9999, -9999, -9999, -9999, -9999, -9999, -9999, -9999, -9999, 41, -9999, 7, 7, 84, -9999, -9999, -9999, 68, -9999, 46, -9999, -9999, -9999, -9999, -9999, -9999, 65, -9999, -9999, 10, -9999, -9999, -9999, 19, -9999, -9999, 79, 73, -9999, -9999, -9999, -9999, -9999, -9999, -9999, -9999, 33, -9999, -9999, -9999, -9999, 76, -9999, 41, 11, -9999, -9999, -9999, 89, -9999, -9999, -9999, -9999, -9999, -9999, -9999, -9999, -9999, 87, -9999, -9999, 31, -9999, 62, -9999, -9999, -9999, -9999, -9999, -9999, -9999, -9999, -9999, -9999, 93, -9999, -9999, 97, -9999, 2, -9999],
[-9999, 23, -9999, -9999, -9999, -9999, -9999, -9999, -9999, -9999, -9999, -9999, -9999, -9999, -9999, -9999, -9999, -9999, -9999, -9999, -9999, -9999, -9999, -9999, -9999, -9999, -9999, -9999, -9999, 27, -9999, -9999, -9999, -9999, -9999, -9999, -9999, -9999, -9999, -9999, -9999, -9999, -9999, -9999, -9999, -9999, -9999, -9999, -9999, -9999, -9999, -9999, -9999, -9999, -9999, -9999, -9999, -9999, -9999, -9999, -9999, -9999, -9999, -9999, -9999, -9999, -9999, -9999, -9999, -9999, -9999, -9999, -9999, 88, -9999, -9999, -9999, -9999, -9999, -9999, -9999, -9999, -9999, -9999, -9999, -9999, -9999, -9999, -9999, -9999, 54, -9999, -9999, -9999, -9999, -9999, -9999, -9999, -9999, -9999],
[-9999, -9999, 5, -9999, -9999, -9999, 26, -9999, -9999, -9999, -9999, -9999, -9999, -9999, -9999, -9999, -9999, -9999, -9999, -9999, 100, 19, -9999, -9999, -9999, -9999, 52, 40, 65, -9999, -9999, -9999, -9999, -9999, -9999, 36, -9999, -9999, -9999, -9999, -9999, -9999, -9999, -9999, -9999, 62, 20, 1, -9999, -9999, -9999, -9999, -9999, -9999, -9999, 41, -9999, 45, -9999, -9999, -9999, -9999, -9999, -9999, -9999, -9999, -9999, 31, -9999, -9999, -9999, -9999, -9999, -9999, -9999, -9999, -9999, 19, -9999, -9999, 42, -9999, 79, -9999, -9999, -9999, -9999, -9999, -9999, -9999, -9999, -9999, -9999, -9999, -9999, -9999, -9999, -9999, 35, -9999],
[-9999, -9999, -9999, -9999, -9999, -9999, -9999, -9999, -9999, -9999, -9999, -9999, -9999, -9999, -9999, -9999, -9999, -9999, -9999, -9999, -9999, -9999, -9999, -9999, -9999, -9999, -9999, -9999, -9999, 94, -9999, -9999, -9999, -9999, -9999, -9999, -9999, -9999, -9999, -9999, -9999, -9999, -9999, -9999, -9999, -9999, -9999, -9999, -9999, -9999, -9999, -9999, -9999, -9999, -9999, -9999, -9999, -9999, -9999, -9999, -9999, -9999, -9999, -9999, -9999, -9999, -9999, -9999, -9999, -9999, -9999, -9999, -9999, 89, -9999, -9999, -9999, -9999, -9999, -9999, -9999, -9999, -9999, -9999, -9999, -9999, -9999, -9999, -9999, -9999, 71, -9999, -9999, -9999, -9999, -9999, -9999, 69, -9999, -9999],
[-9999, -9999, 23, -9999, -9999, -9999, 87, -9999, -9999, -9999, -9999, -9999, -9999, -9999, -9999, 99, -9999, -9999, -9999, -9999, 33, 88, 31, -9999, -9999, -9999, 25, -9999, 6, -9999, -9999, -9999, -9999, -9999, -9999, 34, -9999, -9999, -9999, -9999, -9999, -9999, -9999, -9999, -9999, -9999, 53, -9999, -9999, -9999, -9999, -9999, -9999, -9999, -9999, 42, -9999, 16, -9999, -9999, 19, -9999, 14, 71, -9999, -9999, -9999, -9999, -9999, -9999, -9999, -9999, -9999, -9999, -9999, -9999, -9999, 4, -9999, -9999, 79, -9999, 57, -9999, -9999, -9999, -9999, -9999, -9999, -9999, -9999, -9999, -9999, -9999, -9999, -9999, 41, -9999, 24, -9999],
[-9999, -9999, 3, -9999, -9999, -9999, 79, -9999, -9999, -9999, -9999, -9999, -9999, -9999, -9999, -9999, -9999, -9999, -9999, -9999, 86, -9999, 63, -9999, -9999, -9999, 90, 19, 26, -9999, -9999, -9999, -9999, -9999, -9999, 67, -9999, -9999, 70, 46, -9999, -9999, -9999, -9999, -9999, -9999, 3, -9999, -9999, -9999, -9999, -9999, -9999, -9999, -9999, 79, -9999, -9999, -9999, -9999, -9999, -9999, 83, 85, -9999, -9999, -9999, -9999, -9999, -9999, -9999, -9999, -9999, -9999, -9999, -9999, -9999, 69, -9999, -9999, 58, -9999, 92, -9999, -9999, -9999, -9999, -9999, -9999, -9999, -9999, -9999, -9999, -9999, -9999, 23, 99, -9999, 46, -9999],
[-9999, -9999, 92, -9999, -9999, -9999, 88, -9999, -9999, -9999, -9999, -9999, -9999, -9999, -9999, -9999, -9999, -9999, -9999, -9999, 2, 82, 18, -9999, -9999, -9999, 77, 51, 45, -9999, -9999, -9999, -9999, -9999, -9999, 75, -9999, -9999, -9999, -9999, -9999, -9999, -9999, 65, -9999, -9999, 1, -9999, -9999, -9999, -9999, -9999, -9999, -9999, -9999, 91, -9999, -9999, -9999, -9999, 53, -9999, 16, 69, -9999, -9999, -9999, 81, -9999, -9999, -9999, -9999, -9999, -9999, -9999, -9999, -9999, 95, -9999, -9999, -9999, -9999, 99, -9999, -9999, -9999, -9999, -9999, -9999, -9999, -9999, -9999, -9999, -9999, -9999, -9999, -9999, -9999, 53, -9999],
[-9999, 44, -9999, -9999, 94, -9999, 84, 100, -9999, -9999, -9999, -9999, -9999, 17, -9999, -9999, 89, -9999, -9999, -9999, -9999, 71, 37, 27, -9999, -9999, 24, 87, 18, 82, -9999, 17, 19, 2, 32, 80, 55, 95, -9999, -9999, 93, -9999, -9999, -9999, -9999, -9999, 56, -9999, 83, -9999, 34, -9999, 80, -9999, -9999, 28, 24, 86, -9999, -9999, 77, 3, 11, 50, 52, -9999, 59, 88, 52, -9999, 73, -9999, -9999, -9999, 23, 97, 92, 2, 29, -9999, 5, -9999, -9999, -9999, -9999, 15, -9999, -9999, 94, -9999, 47, -9999, -9999, -9999, 43, -9999, 63, 5, -9999, 20],
[-9999, 32, -9999, -9999, 34, 77, 91, -9999, 15, -9999, 26, -9999, 50, 16, 67, -9999, -9999, -9999, -9999, -9999, 94, -9999, -9999, 22, -9999, -9999, 14, -9999, 58, 37, -9999, 20, 25, 41, 87, -9999, 17, -9999, 50, -9999, 2, -9999, -9999, -9999, -9999, -9999, 66, 62, 36, -9999, -9999, -9999, -9999, -9999, -9999, 25, -9999, 26, -9999, -9999, 77, 87, -9999, 4, 45, -9999, 90, 70, 48, -9999, -9999, -9999, -9999, -9999, 45, 31, 11, 95, 30, 25, 96, -9999, -9999, 64, -9999, 9, -9999, -9999, 89, -9999, 81, -9999, -9999, -9999, 38, -9999, 18, -9999, 1, -9999],
[-9999, -9999, 51, -9999, -9999, -9999, 3, -9999, -9999, -9999, -9999, -9999, -9999, -9999, -9999, -9999, -9999, -9999, -9999, -9999, 15, 19, 66, -9999, -9999, -9999, 19, -9999, 62, -9999, -9999, -9999, -9999, -9999, -9999, -9999, -9999, -9999, 30, -9999, -9999, -9999, -9999, 64, -9999, -9999, 71, -9999, -9999, -9999, -9999, -9999, -9999, -9999, -9999, 55, -9999, -9999, -9999, 5, 19, -9999, -9999, -9999, -9999, -9999, -9999, 54, -9999, -9999, -9999, -9999, -9999, -9999, -9999, -9999, -9999, 32, -9999, -9999, 71, -9999, 69, -9999, -9999, -9999, -9999, -9999, -9999, -9999, -9999, -9999, -9999, -9999, -9999, -9999, -9999, -9999, -9999, -9999],
[-9999, 34, 14, -9999, -9999, -9999, -9999, 33, 36, -9999, 27, -9999, 85, -9999, -9999, -9999, -9999, -9999, -9999, -9999, 64, -9999, -9999, 43, -9999, 86, 58, 86, -9999, 85, -9999, -9999, -9999, 89, 34, -9999, -9999, 13, -9999, -9999, 78, -9999, -9999, -9999, -9999, 48, 64, -9999, 59, -9999, -9999, -9999, -9999, -9999, -9999, 19, 100, 70, -9999, -9999, -9999, 3, 20, -9999, -9999, -9999, 6, 4, -9999, -9999, -9999, -9999, -9999, 90, 82, 32, 3, 38, -9999, -9999, 67, -9999, -9999, 41, -9999, 79, 30, -9999, 92, -9999, 60, -9999, -9999, -9999, 7, -9999, -9999, 98, -9999, -9999],
[-9999, -9999, -9999, -9999, -9999, -9999, 53, -9999, -9999, -9999, -9999, -9999, -9999, -9999, -9999, -9999, -9999, -9999, 69, -9999, -9999, -9999, 25, -9999, -9999, -9999, 2, -9999, -9999, -9999, -9999, -9999, -9999, -9999, -9999, 55, -9999, -9999, -9999, -9999, -9999, 27, -9999, -9999, -9999, 31, 55, -9999, -9999, -9999, -9999, -9999, -9999, -9999, -9999, 13, -9999, 81, -9999, -9999, -9999, -9999, 16, 94, -9999, -9999, -9999, 66, -9999, -9999, -9999, -9999, -9999, -9999, -9999, -9999, -9999, 38, -9999, -9999, 3, -9999, -9999, -9999, -9999, -9999, -9999, -9999, -9999, -9999, -9999, -9999, -9999, -9999, -9999, -9999, 95, -9999, -9999, -9999],
[-9999, -9999, 92, -9999, -9999, -9999, 23, -9999, -9999, -9999, -9999, -9999, -9999, -9999, -9999, -9999, -9999, -9999, -9999, -9999, 2, 84, -9999, -9999, -9999, -9999, 98, -9999, 91, -9999, -9999, -9999, -9999, -9999, -9999, 30, -9999, -9999, -9999, -9999, -9999, -9999, -9999, -9999, -9999, 37, 48, -9999, -9999, -9999, -9999, -9999, -9999, -9999, -9999, 37, -9999, -9999, -9999, -9999, -9999, -9999, -9999, 40, -9999, -9999, -9999, -9999, -9999, -9999, -9999, -9999, -9999, -9999, -9999, -9999, -9999, 64, -9999, -9999, 3, -9999, 19, -9999, -9999, -9999, -9999, -9999, -9999, -9999, -9999, -9999, -9999, -9999, -9999, -9999, 20, -9999, -9999, -9999],
[-9999, 23, 91, -9999, 18, -9999, 32, -9999, -9999, -9999, 33, -9999, 16, 90, 85, -9999, 11, -9999, -9999, -9999, 51, 15, -9999, 60, -9999, -9999, 8, 8, -9999, 24, -9999, -9999, 29, 48, 26, 20, 4, 22, 73, -9999, -9999, -9999, -9999, -9999, -9999, 27, 65, -9999, 44, -9999, 74, -9999, 5, -9999, -9999, 33, 15, -9999, -9999, -9999, 61, 20, -9999, 38, 79, -9999, 31, 88, 44, -9999, -9999, 21, -9999, -9999, -9999, -9999, -9999, 38, 33, -9999, 59, -9999, 73, 63, -9999, 98, -9999, -9999, 77, -9999, 5, 67, -9999, -9999, -9999, -9999, -9999, 66, -9999, -9999],
[-9999, -9999, 6, -9999, -9999, -9999, -9999, -9999, -9999, -9999, -9999, -9999, -9999, -9999, -9999, -9999, -9999, -9999, -9999, -9999, 16, -9999, 72, -9999, -9999, -9999, 21, -9999, 48, -9999, -9999, -9999, -9999, -9999, -9999, 92, -9999, -9999, 52, -9999, -9999, -9999, -9999, -9999, -9999, 94, 44, -9999, -9999, -9999, -9999, -9999, -9999, -9999, -9999, 68, -9999, 31, -9999, 44, -9999, -9999, -9999, 14, -9999, -9999, -9999, 50, -9999, -9999, -9999, -9999, -9999, -9999, -9999, -9999, -9999, 99, -9999, -9999, 97, -9999, -9999, -9999, -9999, -9999, -9999, -9999, -9999, -9999, -9999, -9999, -9999, -9999, -9999, -9999, 92, -9999, 13, -9999],
[-9999, 93, 94, -9999, 3, -9999, -9999, 40, -9999, -9999, 80, -9999, 66, -9999, 91, -9999, -9999, -9999, -9999, -9999, 68, -9999, -9999, 21, -9999, 30, 63, -9999, -9999, 15, -9999, -9999, 72, 56, 41, 7, -9999, 29, 35, 65, 31, -9999, -9999, -9999, -9999, 58, 37, 42, 38, -9999, 62, -9999, 89, -9999, -9999, 95, -9999, -9999, -9999, -9999, 41, 35, 95, 62, -9999, -9999, -9999, 64, 29, -9999, -9999, -9999, -9999, -9999, 69, 76, -9999, 49, 87, -9999, 94, -9999, -9999, -9999, -9999, 84, -9999, -9999, 60, -9999, 15, 50, -9999, -9999, -9999, -9999, 68, -9999, 40, 41],
[-9999, -9999, -9999, -9999, -9999, -9999, 97, -9999, -9999, -9999, -9999, -9999, -9999, -9999, -9999, -9999, -9999, -9999, -9999, -9999, 55, -9999, -9999, -9999, -9999, -9999, 82, 3, -9999, -9999, -9999, -9999, -9999, -9999, -9999, 93, -9999, -9999, 69, 11, -9999, -9999, -9999, -9999, -9999, 37, 57, 72, -9999, -9999, -9999, -9999, -9999, -9999, -9999, 70, -9999, 74, -9999, -9999, -9999, -9999, -9999, -9999, -9999, -9999, -9999, 13, -9999, -9999, -9999, -9999, -9999, -9999, -9999, -9999, -9999, 59, -9999, -9999, 89, -9999, 93, -9999, -9999, -9999, -9999, -9999, -9999, -9999, -9999, -9999, -9999, -9999, -9999, -9999, -9999, -9999, -9999, -9999],
[-9999, -9999, 70, -9999, -9999, -9999, -9999, -9999, -9999, -9999, -9999, -9999, -9999, -9999, -9999, -9999, -9999, -9999, -9999, -9999, 98, 27, 17, -9999, -9999, -9999, 36, 23, 32, -9999, -9999, -9999, -9999, -9999, -9999, 18, -9999, -9999, 96, -9999, -9999, -9999, -9999, -9999, -9999, 58, 31, -9999, -9999, -9999, -9999, -9999, -9999, -9999, -9999, 25, -9999, 78, -9999, -9999, -9999, -9999, 68, 64, -9999, -9999, -9999, -9999, -9999, -9999, -9999, -9999, -9999, -9999, -9999, -9999, -9999, 7, -9999, -9999, 42, -9999, -9999, -9999, -9999, -9999, -9999, -9999, -9999, -9999, -9999, -9999, -9999, -9999, -9999, -9999, 87, -9999, 20, -9999],
[-9999, 37, -9999, -9999, -9999, -9999, 31, -9999, -9999, -9999, 34, -9999, 16, 73, 69, -9999, 46, -9999, -9999, -9999, 59, -9999, 6, -9999, -9999, 59, 50, 1, -9999, 10, -9999, 61, 99, 99, 82, -9999, 68, 31, -9999, -9999, 100, -9999, -9999, -9999, -9999, 97, 26, -9999, 60, -9999, -9999, -9999, -9999, -9999, 14, 80, 61, 67, -9999, -9999, -9999, 53, -9999, -9999, 58, -9999, 31, 24, 72, -9999, 70, -9999, -9999, -9999, 58, -9999, 62, 45, 58, -9999, 33, -9999, -9999, 18, -9999, 18, -9999, -9999, 31, -9999, 93, -9999, -9999, -9999, -9999, -9999, 32, 3, -9999, -9999],
[-9999, 99, 60, -9999, 43, -9999, -9999, 25, -9999, -9999, 66, -9999, -9999, -9999, 80, -9999, -9999, -9999, -9999, -9999, -9999, 40, -9999, 38, -9999, -9999, 24, 51, 70, 43, -9999, -9999, 81, 91, 30, -9999, 11, 98, 98, -9999, 83, -9999, -9999, -9999, -9999, 82, 52, -9999, 22, -9999, 40, -9999, -9999, -9999, -9999, 19, -9999, 80, -9999, -9999, 78, 22, 28, -9999, 93, -9999, -9999, 5, -9999, 31, -9999, 3, -9999, 36, -9999, -9999, -9999, 48, 70, 69, 60, -9999, -9999, 99, -9999, 47, -9999, -9999, 13, -9999, 89, 97, -9999, -9999, -9999, -9999, -9999, -9999, -9999, -9999],
[-9999, -9999, -9999, -9999, -9999, -9999, -9999, -9999, -9999, -9999, -9999, -9999, -9999, -9999, -9999, -9999, -9999, -9999, -9999, -9999, -9999, 16, -9999, -9999, -9999, -9999, 36, -9999, 73, -9999, -9999, -9999, -9999, -9999, -9999, 2, -9999, -9999, -9999, 36, -9999, -9999, -9999, 66, -9999, 33, 50, 34, -9999, -9999, -9999, -9999, -9999, -9999, -9999, 60, -9999, -9999, -9999, 64, 92, -9999, -9999, 23, -9999, -9999, -9999, -9999, -9999, -9999, -9999, -9999, -9999, -9999, -9999, -9999, -9999, 98, -9999, -9999, 81, -9999, -9999, -9999, -9999, -9999, -9999, -9999, -9999, -9999, -9999, -9999, -9999, -9999, -9999, -9999, 75, -9999, -9999, -9999],
[-9999, -9999, 93, -9999, -9999, -9999, -9999, -9999, -9999, -9999, -9999, -9999, -9999, -9999, -9999, 32, -9999, -9999, -9999, -9999, -9999, 18, 79, -9999, -9999, -9999, 41, 71, 31, -9999, -9999, -9999, -9999, -9999, -9999, 79, -9999, -9999, 22, -9999, -9999, -9999, -9999, -9999, -9999, 12, 26, 68, -9999, -9999, -9999, -9999, -9999, -9999, -9999, 55, -9999, 66, -9999, -9999, -9999, -9999, -9999, -9999, -9999, -9999, -9999, -9999, -9999, -9999, -9999, -9999, -9999, -9999, -9999, -9999, -9999, 99, -9999, -9999, 41, -9999, -9999, -9999, -9999, -9999, -9999, -9999, -9999, -9999, -9999, -9999, -9999, -9999, -9999, -9999, 3, -9999, -9999, -9999],
[-9999, -9999, 1, 28, -9999, -9999, -9999, -9999, -9999, -9999, -9999, -9999, -9999, -9999, -9999, -9999, -9999, -9999, 11, -9999, -9999, -9999, -9999, -9999, -9999, -9999, 49, 77, -9999, -9999, -9999, -9999, -9999, -9999, -9999, 77, -9999, -9999, 64, -9999, -9999, -9999, 82, -9999, -9999, 65, 13, -9999, -9999, -9999, -9999, -9999, -9999, -9999, -9999, 67, -9999, 61, -9999, -9999, -9999, -9999, 95, 77, -9999, -9999, -9999, -9999, -9999, -9999, -9999, -9999, -9999, -9999, -9999, -9999, -9999, 23, -9999, -9999, 49, -9999, 53, -9999, -9999, -9999, -9999, -9999, -9999, -9999, -9999, -9999, -9999, 91, -9999, -9999, -9999, -9999, 83, -9999],
[-9999, -9999, 51, -9999, 89, -9999, -9999, 68, -9999, -9999, 9, 66, -9999, 38, 96, -9999, 47, 15, 17, -9999, 84, 60, 1, 69, 27, 25, 99, 20, 85, 31, -9999, 58, 55, 91, 44, -9999, -9999, 78, 76, -9999, 75, 6, 66, -9999, -9999, -9999, 11, -9999, 19, 87, 73, 94, -9999, -9999, -9999, 92, 24, 68, -9999, -9999, -9999, 79, -9999, 10, 75, -9999, -9999, 3, 17, -9999, -9999, 39, 73, 74, 6, 48, -9999, 58, 17, -9999, 20, 61, 98, -9999, 32, 32, -9999, 12, 46, -9999, 56, 93, -9999, -9999, -9999, -9999, 23, -9999, 52, 17],
[-9999, 34, 64, -9999, 3, -9999, 38, -9999, 32, -9999, -9999, -9999, 8, 97, 3, -9999, -9999, -9999, -9999, -9999, 65, -9999, 52, -9999, -9999, 92, 51, -9999, -9999, 47, -9999, 27, -9999, 59, 48, -9999, -9999, 97, 50, -9999, 75, -9999, -9999, -9999, -9999, 74, 90, -9999, 14, -9999, 35, -9999, 73, -9999, -9999, 65, -9999, -9999, -9999, -9999, 5, 24, -9999, -9999, -9999, -9999, 28, -9999, -9999, -9999, -9999, 85, -9999, 58, 45, -9999, -9999, 62, 73, -9999, 90, -9999, 71, 15, -9999, -9999, -9999, -9999, -9999, -9999, 76, 93, -9999, -9999, 79, -9999, -9999, 17, -9999, 26],
[-9999, -9999, -9999, -9999, 63, -9999, -9999, -9999, 83, -9999, 48, -9999, -9999, -9999, 48, -9999, -9999, -9999, -9999, -9999, 75, -9999, 92, 22, -9999, -9999, 87, 46, 49, 62, -9999, 20, 42, 59, 50, -9999, 44, 86, -9999, -9999, -9999, -9999, -9999, -9999, -9999, -9999, 37, -9999, 73, -9999, -9999, -9999, 59, -9999, -9999, 79, 51, -9999, 16, -9999, -9999, 79, 62, 56, 68, -9999, 55, 62, -9999, -9999, -9999, 30, -9999, 85, 16, -9999, 41, 4, -9999, -9999, 57, -9999, -9999, -9999, -9999, 58, -9999, -9999, 14, -9999, 51, 52, 46, -9999, -9999, -9999, -9999, 27, -9999, -9999]
];
