NbNodes = 100;
NbNDDs = 0;
NbPairs = 100;
NbTerminals = 0;
K = 0;
L = 102;
Wt = [
[-9999, -9999, -9999, -9999, -9999, -9999, -9999, -9999, -9999, -9999, -9999, -9999, -9999, -9999, -9999, -9999, -9999, -9999, -9999, -9999, -9999, -9999, -9999, -9999, -9999, -9999, -9999, 70, -9999, -9999, -9999, -9999, -9999, -9999, -9999, -9999, -9999, -9999, -9999, -9999, -9999, 80, -9999, -9999, -9999, 88, -9999, -9999, -9999, -9999, -9999, -9999, -9999, -9999, -9999, -9999, 95, -9999, -9999, -9999, -9999, -9999, -9999, -9999, 71, -9999, -9999, -9999, -9999, -9999, -9999, -9999, -9999, -9999, -9999, -9999, -9999, -9999, -9999, -9999, -9999, -9999, -9999, -9999, -9999, -9999, -9999, -9999, -9999, -9999, -9999, -9999, -9999, -9999, -9999, -9999, 94, -9999, -9999, -9999],
[-9999, -9999, -9999, -9999, -9999, -9999, -9999, -9999, -9999, 40, -9999, -9999, -9999, -9999, -9999, -9999, -9999, -9999, 41, -9999, -9999, -9999, -9999, -9999, -9999, -9999, 56, 50, 90, -9999, -9999, -9999, -9999, -9999, 20, -9999, -9999, -9999, 12, 86, -9999, -9999, -9999, -9999, -9999, -9999, -9999, -9999, 77, -9999, -9999, -9999, -9999, -9999, -9999, -9999, 96, 79, 6, -9999, -9999, -9999, -9999, -9999, -9999, -9999, 54, -9999, -9999, 47, -9999, -9999, -9999, -9999, -9999, 68, -9999, 34, 74, -9999, 29, -9999, -9999, -9999, -9999, -9999, -9999, -9999, 32, 25, -9999, -9999, -9999, -9999, -9999, 41, -9999, -9999, -9999, -9999],
[100, 94, -9999, 74, 46, 45, -9999, 24, -9999, -9999, -9999, -9999, -9999, -9999, -9999, -9999, 75, -9999, -9999, 8, 81, 41, 16, -9999, -9999, -9999, -9999, -9999, -9999, 21, -9999, 67, -9999, -9999, -9999, -9999, -9999, -9999, -9999, -9999, -9999, 40, 96, -9999, 64, 77, 59, -9999, 53, -9999, -9999, -9999, 30, -9999, -9999, -9999, 44, 24, 23, -9999, 2, 86, 15, -9999, 61, -9999, 77, -9999, -9999, 67, 58, -9999, -9999, -9999, -9999, 25, -9999, 32, -9999, -9999, -9999, -9999, 91, 68, -9999, 33, -9999, -9999, -9999, -9999, 49, -9999, -9999, 29, 1, -9999, -9999, -9999, -9999, -9999],
[-9999, -9999, -9999, -9999, -9999, -9999, -9999, -9999, -9999, -9999, -9999, -9999, -9999, -9999, -9999, -9999, -9999, -9999, -9999, -9999, -9999, -9999, -9999, -9999, -9999, -9999, -9999, -9999, -9999, -9999, -9999, -9999, -9999, -9999, -9999, -9999, -9999, -9999, -9999, -9999, -9999, -9999, -9999, -9999, -9999, -9999, -9999, -9999, -9999, -9999, -9999, -9999, -9999, -9999, -9999, -9999, 21, -9999, -9999, -9999, -9999, 78, -9999, -9999, 26, -9999, -9999, -9999, -9999, -9999, -9999, -9999, -9999, -9999, -9999, -9999, -9999, -9999, -9999, -9999, -9999, -9999, -9999, -9999, -9999, -9999, -9999, -9999, -9999, -9999, -9999, -9999, -9999, -9999, -9999, -9999, 66, -9999, -9999, -9999],
[86, 43, 13, 81, -9999, -9999, 85, 45, -9999, 69, -9999, -9999, 2, 88, -9999, -9999, -9999, -9999, -9999, 30, 14, 87, -9999, -9999, 39, -9999, -9999, 57, 48, 52, -9999, 5, -9999, 16, 90, -9999, -9999, 61, 91, -9999, 70, 39, -9999, -9999, 15, 100, -9999, -9999, 51, -9999, -9999, -9999, 23, -9999, -9999, -9999, 51, -9999, 77, -9999, 30, 71, 70, 6, -9999, -9999, 10, 41, -9999, 65, -9999, -9999, -9999, -9999, 10, 85, -9999, -9999, 15, -9999, -9999, -9999, 33, -9999, 39, 97, -9999, -9999, 28, 65, -9999, -9999, -9999, -9999, 16, 36, 36, -9999, -9999, 14],
[-9999, 82, 28, -9999, -9999, -9999, 99, -9999, -9999, 56, -9999, 94, 36, -9999, 41, 8, 90, -9999, -9999, 20, -9999, 99, -9999, -9999, 5, 84, -9999, -9999, 36, 83, -9999, 9, 91, -9999, -9999, -9999, -9999, -9999, 73, -9999, 55, -9999, 41, -9999, 74, 11, -9999, -9999, 32, -9999, -9999, -9999, -9999, -9999, -9999, -9999, 93, 23, 52, -9999, 42, -9999, 92, -9999, -9999, -9999, 65, -9999, -9999, 99, 74, -9999, -9999, 6, -9999, 41, -9999, 46, -9999, -9999, 50, -9999, -9999, -9999, 40, 85, -9999, -9999, -9999, 61, 81, -9999, -9999, 20, 57, -9999, 86, -9999, -9999, -9999],
[-9999, -9999, -9999, -9999, -9999, -9999, -9999, -9999, -9999, -9999, 95, -9999, -9999, -9999, -9999, -9999, -9999, -9999, -9999, -9999, -9999, -9999, -9999, -9999, -9999, -9999, -9999, -9999, -9999, -9999, -9999, -9999, -9999, -9999, -9999, -9999, -9999, -9999, -9999, -9999, -9999, -9999, -9999, -9999, -9999, -9999, -9999, -9999, -9999, -9999, -9999, -9999, -9999, -9999, -9999, -9999, 84, -9999, -9999, -9999, -9999, -9999, -9999, -9999, -9999, -9999, -9999, -9999, 42, -9999, -9999, -9999, -9999, -9999, -9999, -9999, -9999, -9999, -9999, -9999, -9999, -9999, -9999, -9999, -9999, -9999, -9999, -9999, -9999, -9999, -9999, -9999, -9999, -9999, -9999, -9999, -9999, -9999, -9999, -9999],
[-9999, -9999, -9999, 23, -9999, -9999, -9999, -9999, -9999, 74, -9999, -9999, -9999, -9999, -9999, -9999, -9999, -9999, 81, -9999, 31, -9999, 20, -9999, -9999, -9999, -9999, -9999, 52, -9999, -9999, -9999, -9999, -9999, 33, -9999, -9999, -9999, 37, -9999, -9999, 24, -9999, -9999, -9999, -9999, 94, -9999, 83, -9999, -9999, -9999, -9999, -9999, -9999, -9999, 87, -9999, 49, -9999, -9999, -9999, -9999, -9999, -9999, -9999, 6, 22, -9999, 13, -9999, -9999, -9999, -9999, -9999, 88, -9999, 16, 23, -9999, 68, -9999, -9999, -9999, -9999, -9999, -9999, -9999, -9999, 28, -9999, -9999, -9999, 73, -9999, -9999, -9999, -9999, -9999, -9999],
[-9999, -9999, -9999, -9999, -9999, -9999, -9999, -9999, -9999, -9999, -9999, -9999, -9999, -9999, -9999, -9999, -9999, 19, 33, -9999, 75, -9999, -9999, -9999, -9999, -9999, -9999, -9999, 76, -9999, -9999, -9999, -9999, -9999, 91, -9999, -9999, -9999, -9999, -9999, -9999, 44, -9999, -9999, -9999, -9999, -9999, -9999, 73, -9999, -9999, -9999, -9999, -9999, -9999, -9999, 30, 46, 38, -9999, 29, -9999, -9999, -9999, -9999, -9999, 6, 25, -9999, 98, -9999, -9999, -9999, -9999, -9999, 100, -9999, 59, 98, -9999, 83, -9999, -9999, -9999, -9999, -9999, -9999, -9999, -9999, -9999, -9999, -9999, -9999, 57, -9999, 50, -9999, -9999, -9999, 82],
[-9999, -9999, -9999, -9999, -9999, -9999, -9999, -9999, -9999, -9999, -9999, -9999, -9999, -9999, -9999, -9999, 78, -9999, -9999, -9999, -9999, -9999, -9999, -9999, -9999, -9999, -9999, -9999, -9999, -9999, -9999, -9999, -9999, -9999, -9999, -9999, -9999, -9999, -9999, -9999, -9999, -9999, -9999, -9999, -9999, -9999, -9999, -9999, -9999, -9999, -9999, -9999, -9999, -9999, -9999, -9999, 19, -9999, -9999, -9999, -9999, -9999, -9999, -9999, 91, -9999, -9999, -9999, -9999, -9999, -9999, -9999, -9999, -9999, -9999, -9999, -9999, -9999, -9999, -9999, -9999, -9999, -9999, -9999, -9999, -9999, -9999, -9999, -9999, -9999, -9999, -9999, -9999, -9999, -9999, -9999, 80, -9999, -9999, -9999],
[-9999, -9999, -9999, 63, -9999, -9999, -9999, -9999, -9999, -9999, -9999, -9999, -9999, -9999, 63, -9999, -9999, 10, 72, -9999, 97, -9999, 32, -9999, -9999, -9999, -9999, 73, -9999, -9999, -9999, -9999, -9999, -9999, -9999, -9999, -9999, -9999, 69, -9999, -9999, 63, -9999, -9999, -9999, -9999, 22, -9999, 59, -9999, -9999, -9999, -9999, -9999, -9999, -9999, 66, -9999, 34, -9999, -9999, -9999, -9999, -9999, -9999, -9999, 81, 83, -9999, -9999, -9999, -9999, -9999, -9999, -9999, 81, -9999, 52, 32, -9999, -9999, -9999, 13, -9999, -9999, -9999, -9999, -9999, 75, -9999, -9999, -9999, -9999, 33, -9999, -9999, -9999, -9999, -9999, 37],
[78, 67, -9999, -9999, -9999, -9999, 15, 94, -9999, 95, 45, -9999, 40, -9999, 10, -9999, -9999, -9999, 49, 88, 44, -9999, 17, -9999, 15, -9999, -9999, 89, 83, 89, 46, 92, -9999, 4, 7, -9999, -9999, -9999, 98, 36, -9999, -9999, -9999, -9999, -9999, -9999, 36, -9999, 88, -9999, 73, 52, -9999, -9999, 98, -9999, 1, -9999, 35, -9999, 36, -9999, 61, -9999, -9999, -9999, 66, 69, -9999, -9999, 71, -9999, -9999, -9999, 86, 44, -9999, 39, -9999, 25, -9999, -9999, -9999, -9999, -9999, 94, -9999, -9999, 42, -9999, 57, 100, 21, 40, 4, -9999, 11, -9999, -9999, -9999],
[-9999, -9999, -9999, -9999, -9999, -9999, -9999, -9999, -9999, -9999, -9999, -9999, -9999, -9999, 15, -9999, -9999, -9999, 91, -9999, 57, -9999, 59, -9999, -9999, -9999, -9999, 24, 55, -9999, -9999, -9999, -9999, -9999, 26, -9999, -9999, -9999, 60, 23, -9999, -9999, -9999, -9999, -9999, -9999, 61, -9999, 53, -9999, -9999, -9999, -9999, -9999, -9999, -9999, 64, 73, 49, -9999, -9999, -9999, -9999, -9999, -9999, -9999, 79, 21, -9999, -9999, -9999, -9999, -9999, -9999, -9999, 35, -9999, 57, 26, -9999, 53, -9999, 15, -9999, -9999, -9999, -9999, -9999, -9999, -9999, -9999, -9999, -9999, -9999, -9999, 27, -9999, -9999, -9999, -9999],
[33, 58, -9999, -9999, 90, 82, 44, 58, -9999, 47, -9999, 88, -9999, -9999, 19, -9999, -9999, -9999, -9999, -9999, 83, 82, -9999, -9999, 94, 70, -9999, -9999, 35, 64, -9999, -9999, -9999, 86, 9, -9999, -9999, 7, -9999, 87, -9999, 37, 72, -9999, -9999, -9999, 22, -9999, 39, -9999, -9999, -9999, -9999, -9999, -9999, -9999, 37, 48, 16, -9999, -9999, 94, 60, -9999, 59, -9999, 100, -9999, -9999, -9999, 17, 12, -9999, -9999, -9999, 31, -9999, 42, 93, -9999, 79, -9999, 85, -9999, -9999, 16, -9999, -9999, -9999, 60, -9999, -9999, 15, 35, 38, -9999, 44, -9999, -9999, 33],
[-9999, -9999, -9999, -9999, -9999, -9999, -9999, -9999, -9999, -9999, -9999, -9999, -9999, -9999, -9999, -9999, -9999, -9999, -9999, -9999, -9999, -9999, -9999, -9999, -9999, -9999, -9999, 27, -9999, -9999, -9999, -9999, -9999, -9999, -9999, -9999, -9999, -9999, -9999, -9999, -9999, 62, -9999, -9999, -9999, -9999, -9999, -9999, -9999, -9999, -9999, -9999, -9999, -9999, -9999, -9999, -9999, -9999, -9999, -9999, -9999, -9999, -9999, -9999, -9999, -9999, -9999, -9999, -9999, -9999, -9999, -9999, -9999, -9999, -9999, -9999, -9999, -9999, -9999, -9999, -9999, -9999, -9999, -9999, -9999, -9999, -9999, -9999, -9999, -9999, -9999, -9999, -9999, -9999, -9999, -9999, -9999, -9999, -9999, -9999],
[-9999, -9999, -9999, -9999, -9999, -9999, -9999, -9999, -9999, 63, -9999, -9999, -9999, -9999, -9999, -9999, -9999, -9999, 22, -9999, 2, -9999, 40, -9999, -9999, -9999, -9999, -9999, -9999, -9999, -9999, -9999, -9999, -9999, -9999, -9999, -9999, -9999, 30, -9999, -9999, -9999, -9999, -9999, -9999, -9999, 74, -9999, 39, -9999, 68, -9999, -9999, -9999, -9999, -9999, 37, -9999, 22, -9999, 43, -9999, -9999, -9999, -9999, -9999, -9999, 94, -9999, 75, -9999, -9999, -9999, -9999, -9999, 23, -9999, 7, -9999, -9999, 6, -9999, -9999, -9999, -9999, -9999, -9999, -9999, 74, 89, -9999, -9999, -9999, 2, -9999, 26, -9999, -9999, -9999, 81],
[-9999, 65, 49, -9999, -9999, -9999, -9999, 21, -9999, 91, -9999, -9999, -9999, -9999, 49, -9999, -9999, -9999, 40, 36, 73, 96, -9999, -9999, -9999, 49, -9999, -9999, 76, 6, -9999, -9999, -9999, 89, 62, -9999, -9999, 78, 92, 39, 21, -9999, -9999, -9999, 18, 16, 75, -9999, 97, -9999, -9999, -9999, 34, -9999, -9999, -9999, 89, -9999, 14, -9999, -9999, 72, 17, -9999, -9999, -9999, 18, 29, -9999, -9999, -9999, -9999, -9999, -9999, -9999, 67, -9999, 95, 37, -9999, 10, -9999, -9999, 3, -9999, 87, -9999, -9999, 77, 31, 40, -9999, 32, -9999, -9999, 44, -9999, -9999, -9999, 56],
[-9999, 45, 51, -9999, -9999, 71, 61, 94, -9999, 66, 87, -9999, -9999, -9999, 38, -9999, -9999, -9999, 62, 88, -9999, -9999, 90, -9999, -9999, -9999, -9999, 46, -9999, 67, 12, 23, -9999, -9999, -9999, -9999, -9999, 50, 8, -9999, 37, 1, 65, -9999, 41, 87, 20, 15, 76, -9999, 36, 48, 25, -9999, -9999, -9999, 29, -9999, 80, -9999, -9999, -9999, 59, 42, -9999, -9999, 79, 17, -9999, -9999, -9999, -9999, -9999, -9999, 58, 49, -9999, 17, -9999, 90, -9999, -9999, 97, -9999, -9999, 92, -9999, -9999, 78, 72, 40, -9999, 37, 16, -9999, 75, 86, -9999, 77, 78],
[89, 9, 9, -9999, -9999, 28, -9999, 100, 19, 97, 77, -9999, -9999, 31, 11, -9999, 38, -9999, -9999, -9999, 74, -9999, 72, -9999, -9999, -9999, -9999, 58, -9999, 13, 60, -9999, -9999, 30, -9999, -9999, -9999, 29, -9999, 64, -9999, 27, 58, -9999, -9999, -9999, 95, -9999, 26, -9999, 5, -9999, 16, -9999, 78, -9999, 85, 42, 6, -9999, 22, 43, 4, -9999, -9999, -9999, 46, -9999, 99, 27, 67, -9999, -9999, -9999, -9999, 52, -9999, 66, -9999, 42, -9999, -9999, 89, -9999, -9999, 59, -9999, -9999, -9999, 62, -9999, 38, 24, -9999, 99, 96, 43, -9999, 86, -9999],
[1, 65, 24, -9999, -9999, -9999, 63, -9999, -9999, -9999, -9999, 6, 80, -9999, -9999, -9999, 91, -9999, 29, -9999, -9999, 3, -9999, 7, 93, 16, -9999, 23, 46, 8, -9999, -9999, -9999, 46, -9999, -9999, -9999, 68, 64, 47, 5, 47, 14, -9999, 82, -9999, 87, -9999, 72, -9999, -9999, -9999, 38, -9999, -9999, -9999, 86, 82, 51, -9999, 43, 62, 56, -9999, -9999, -9999, 64, -9999, -9999, 52, -9999, -9999, -9999, -9999, -9999, 26, -9999, 62, 76, -9999, 52, -9999, -9999, -9999, 45, 44, -9999, -9999, -9999, 87, -9999, -9999, 33, 33, 9, 75, 67, -9999, -9999, -9999],
[67, 90, 51, -9999, 86, 70, 14, -9999, -9999, -9999, -9999, 94, 13, -9999, 96, -9999, 45, -9999, -9999, 80, -9999, -9999, -9999, 28, -9999, -9999, -9999, -9999, 10, 59, -9999, 22, -9999, 25, -9999, -9999, -9999, 77, 52, 1, -9999, 11, 63, -9999, 74, 75, 38, -9999, -9999, -9999, -9999, -9999, 3, -9999, -9999, -9999, 13, -9999, 67, 5, 59, 51, 2, 66, 37, -9999, 50, -9999, -9999, 95, -9999, -9999, -9999, -9999, 94, 27, -9999, 56, 19, -9999, 52, -9999, -9999, -9999, -9999, 90, 22, -9999, -9999, -9999, -9999, -9999, -9999, 55, -9999, 68, -9999, -9999, -9999, 82],
[-9999, 34, -9999, -9999, 67, -9999, 46, -9999, -9999, 86, -9999, -9999, 73, -9999, -9999, -9999, 55, -9999, -9999, -9999, 35, -9999, 3, -9999, 64, 90, -9999, -9999, 43, 99, -9999, 70, -9999, -9999, 89, -9999, -9999, 25, 75, -9999, 82, 89, -9999, -9999, 68, -9999, 57, -9999, 94, -9999, -9999, -9999, -9999, -9999, -9999, -9999, 79, 35, 42, -9999, 55, -9999, 90, -9999, -9999, -9999, 100, -9999, -9999, 89, -9999, -9999, -9999, -9999, -9999, 92, -9999, 100, 88, -9999, 49, -9999, -9999, -9999, -9999, 50, -9999, -9999, 54, -9999, -9999, -9999, 82, 84, 66, 63, 100, -9999, -9999, 67],
[-9999, 95, -9999, -9999, 79, -9999, 82, 85, -9999, 86, -9999, 67, 62, -9999, 47, -9999, 53, -9999, 46, -9999, 6, 84, -9999, -9999, 80, 76, -9999, -9999, 18, 75, -9999, 32, -9999, 84, 86, -9999, -9999, -9999, 9, 28, 46, -9999, 25, -9999, -9999, 54, 25, -9999, 72, -9999, -9999, -9999, -9999, -9999, -9999, -9999, 6, -9999, 29, -9999, -9999, -9999, 57, -9999, 39, 21, 70, 49, -9999, -9999, -9999, -9999, -9999, -9999, -9999, -9999, -9999, 46, 84, -9999, 20, -9999, -9999, -9999, 16, 40, -9999, -9999, 7, -9999, -9999, -9999, -9999, 88, -9999, -9999, -9999, -9999, -9999, 85],
[-9999, 6, 100, -9999, -9999, 37, -9999, 9, -9999, -9999, -9999, -9999, -9999, -9999, 34, -9999, 25, 2, 2, -9999, -9999, 85, -9999, -9999, -9999, 81, -9999, 8, 91, 6, -9999, 15, -9999, -9999, 11, -9999, -9999, 83, -9999, 69, 4, 29, -9999, -9999, 18, 29, 84, -9999, 69, -9999, -9999, -9999, -9999, -9999, -9999, -9999, 89, 7, 16, -9999, 63, -9999, 54, -9999, 21, -9999, 12, -9999, -9999, -9999, 80, 38, -9999, -9999, 7, 86, -9999, 76, -9999, -9999, 21, -9999, 56, -9999, -9999, 20, 24, -9999, 35, 49, -9999, -9999, 62, 68, -9999, -9999, 91, 84, -9999, -9999],
[-9999, -9999, -9999, -9999, -9999, -9999, -9999, -9999, -9999, -9999, -9999, -9999, -9999, -9999, 15, -9999, -9999, -9999, -9999, -9999, 2, -9999, -9999, -9999, -9999, -9999, -9999, 80, 19, -9999, -9999, -9999, -9999, -9999, -9999, -9999, -9999, -9999, 100, 76, -9999, -9999, -9999, -9999, -9999, -9999, -9999, -9999, 59, -9999, -9999, -9999, -9999, -9999, -9999, -9999, 13, 22, 46, -9999, -9999, -9999, -9999, -9999, -9999, -9999, 9, 78, -9999, -9999, -9999, -9999, -9999, -9999, -9999, 60, -9999, 90, -9999, -9999, -9999, -9999, -9999, -9999, -9999, -9999, -9999, -9999, 42, 6, -9999, -9999, 81, 33, -9999, 69, -9999, -9999, -9999, 8],
[95, 37, 71, -9999, 88, -9999, -9999, 97, -9999, 2, -9999, -9999, -9999, -9999, -9999, -9999, 99, -9999, -9999, -9999, -9999, 21, -9999, -9999, 71, -9999, -9999, -9999, 5, 76, -9999, 72, -9999, 50, -9999, -9999, -9999, 26, -9999, 52, -9999, 3, 66, -9999, -9999, -9999, -9999, -9999, 98, -9999, -9999, -9999, 22, -9999, -9999, -9999, 80, 52, 12, 3, -9999, -9999, 42, 15, 86, -9999, 25, -9999, -9999, -9999, 39, -9999, -9999, -9999, -9999, 74, -9999, 65, 10, -9999, -9999, -9999, 86, -9999, -9999, 68, -9999, -9999, -9999, 44, 71, -9999, -9999, -9999, -9999, -9999, -9999, -9999, -9999, 93],
[40, -9999, 1, -9999, -9999, -9999, 7, 27, -9999, 78, -9999, 11, 6, 88, 91, -9999, -9999, -9999, 76, 9, -9999, -9999, 77, -9999, 79, 9, -9999, -9999, -9999, 81, -9999, -9999, -9999, 18, -9999, -9999, -9999, -9999, 72, 80, -9999, -9999, 42, -9999, 28, -9999, 57, -9999, 48, -9999, -9999, -9999, 97, -9999, -9999, -9999, 49, 73, 99, -9999, -9999, 82, 6, -9999, 64, -9999, 9, 61, -9999, 52, -9999, -9999, -9999, -9999, -9999, 53, -9999, 84, -9999, -9999, 69, -9999, 79, -9999, 18, 77, -9999, -9999, 65, 92, 24, -9999, -9999, -9999, -9999, -9999, -9999, -9999, -9999, 83],
[55, 58, -9999, -9999, -9999, 19, 98, -9999, -9999, -9999, -9999, 35, 92, -9999, -9999, -9999, 74, -9999, 17, 74, 36, 1, -9999, -9999, -9999, 2, -9999, -9999, 64, 68, -9999, -9999, -9999, -9999, -9999, -9999, 87, 11, 21, -9999, -9999, 78, 29, -9999, -9999, 27, 40, -9999, 84, -9999, -9999, -9999, -9999, -9999, -9999, -9999, 15, 1, 78, -9999, 100, 97, 16, -9999, 81, -9999, 46, 54, -9999, 92, 85, -9999, -9999, -9999, 82, 70, -9999, 85, 28, -9999, -9999, -9999, 83, -9999, -9999, 18, -9999, -9999, -9999, 49, 94, -9999, -9999, 25, -9999, -9999, 9, -9999, -9999, -9999],
[-9999, -9999, -9999, -9999, -9999, -9999, -9999, -9999, -9999, 46, -9999, -9999, -9999, -9999, -9999, -9999, -9999, -9999, 20, -9999, -9999, -9999, 58, -9999, -9999, -9999, -9999, -9999, -9999, -9999, -9999, -9999, -9999, -9999, 26, -9999, -9999, -9999, -9999, 34, -9999, 30, -9999, -9999, -9999, -9999, 11, -9999, 97, -9999, -9999, -9999, -9999, -9999, -9999, -9999, 16, -9999, 55, -9999, 95, -9999, -9999, -9999, -9999, -9999, 57, -9999, -9999, 12, -9999, -9999, -9999, -9999, -9999, 99, -9999, 36, 94, -9999, 33, -9999, 100, -9999, -9999, -9999, -9999, -9999, -9999, -9999, -9999, -9999, -9999, -9999, -9999, 40, -9999, -9999, -9999, -9999],
[-9999, 20, -9999, 85, 99, 98, -9999, -9999, -9999, -9999, -9999, -9999, -9999, -9999, 7, -9999, -9999, -9999, 86, 77, 11, 70, 62, 69, 56, 73, -9999, 64, -9999, -9999, -9999, 55, -9999, 4, -9999, -9999, -9999, 8, -9999, 98, 70, 17, -9999, -9999, 43, 27, -9999, -9999, 90, 4, -9999, -9999, -9999, -9999, -9999, -9999, 83, -9999, 25, -9999, 12, 46, -9999, -9999, 26, 96, 60, 63, -9999, -9999, -9999, -9999, -9999, -9999, -9999, 9, -9999, 91, 67, -9999, 92, -9999, -9999, -9999, 85, 47, -9999, -9999, -9999, -9999, -9999, -9999, 73, -9999, 53, 94, 63, -9999, -9999, -9999],
[36, 39, 79, 75, -9999, -9999, -9999, -9999, -9999, 73, -9999, -9999, -9999, -9999, 63, -9999, -9999, 19, -9999, 12, -9999, 55, -9999, -9999, 91, -9999, -9999, -9999, 72, 39, -9999, -9999, -9999, -9999, -9999, -9999, -9999, -9999, 62, -9999, 23, 12, -9999, -9999, 23, 65, 3, -9999, 50, -9999, -9999, -9999, 28, 37, -9999, -9999, 43, 78, 32, -9999, 76, -9999, 67, -9999, 52, -9999, 98, 71, -9999, -9999, -9999, -9999, -9999, 42, 71, 86, -9999, 53, 72, -9999, 96, -9999, 45, -9999, 21, 72, 32, -9999, -9999, 77, 35, -9999, 13, 38, 66, 70, 93, -9999, -9999, 37],
[-9999, 77, 94, 93, 90, 44, -9999, 12, -9999, 57, -9999, 86, -9999, -9999, 66, -9999, 47, -9999, -9999, -9999, 48, -9999, 95, -9999, -9999, 26, -9999, 59, 79, 81, -9999, -9999, 94, 19, 21, -9999, -9999, -9999, 11, 36, -9999, 17, 91, -9999, -9999, -9999, 39, -9999, 22, -9999, -9999, -9999, 21, -9999, -9999, -9999, 61, 69, -9999, -9999, -9999, -9999, 53, -9999, -9999, -9999, 7, -9999, -9999, 73, 37, 76, -9999, -9999, -9999, 61, -9999, 96, -9999, -9999, -9999, -9999, 45, -9999, 76, 72, -9999, -9999, 43, 64, 31, -9999, 43, 25, 14, -9999, 100, -9999, -9999, -9999],
[-9999, -9999, -9999, -9999, -9999, -9999, -9999, -9999, -9999, 89, -9999, -9999, -9999, -9999, 75, -9999, -9999, -9999, -9999, -9999, -9999, -9999, -9999, -9999, -9999, -9999, -9999, -9999, -9999, -9999, -9999, -9999, -9999, -9999, 65, -9999, -9999, -9999, 47, -9999, -9999, -9999, -9999, -9999, -9999, -9999, -9999, -9999, 91, -9999, -9999, -9999, -9999, -9999, -9999, -9999, 74, -9999, 55, -9999, 56, -9999, -9999, -9999, -9999, -9999, 1, -9999, -9999, -9999, -9999, -9999, -9999, -9999, -9999, 98, -9999, 29, 78, -9999, 46, -9999, 13, -9999, -9999, -9999, -9999, -9999, 59, 91, -9999, -9999, 45, 64, -9999, 9, -9999, -9999, -9999, -9999],
[-9999, -9999, -9999, -9999, -9999, -9999, -9999, -9999, -9999, 49, -9999, -9999, -9999, -9999, 62, -9999, -9999, -9999, 25, -9999, -9999, -9999, 4, -9999, -9999, -9999, -9999, -9999, 87, -9999, -9999, -9999, -9999, -9999, -9999, -9999, -9999, -9999, 84, 2, -9999, 95, -9999, -9999, -9999, -9999, 88, -9999, 17, -9999, -9999, -9999, -9999, -9999, -9999, -9999, 28, -9999, 13, -9999, -9999, -9999, -9999, -9999, -9999, -9999, 4, 11, -9999, -9999, -9999, -9999, -9999, -9999, -9999, 45, -9999, 19, -9999, -9999, 4, -9999, 77, -9999, -9999, -9999, -9999, -9999, -9999, 23, -9999, -9999, -9999, 12, -9999, 49, -9999, -9999, -9999, -9999],
[65, 65, -9999, -9999, -9999, -9999, 17, 3, -9999, -9999, -9999, -9999, 91, -9999, 27, -9999, -9999, -9999, 42, -9999, -9999, 71, 50, -9999, 73, -9999, -9999, 18, 86, 6, -9999, 70, -9999, 40, -9999, -9999, -9999, 43, 44, 17, -9999, 53, 63, -9999, -9999, -9999, 49, -9999, 59, -9999, -9999, -9999, 24, 60, -9999, -9999, -9999, -9999, 80, -9999, -9999, -9999, 46, 3, 62, -9999, 89, 76, -9999, 53, -9999, -9999, -9999, -9999, -9999, 41, -9999, 19, 21, -9999, -9999, -9999, -9999, -9999, 68, 33, -9999, -9999, 16, 37, 53, -9999, 24, -9999, 30, -9999, 22, -9999, -9999, 82],
[-9999, -9999, -9999, -9999, -9999, -9999, -9999, -9999, -9999, -9999, -9999, -9999, -9999, -9999, -9999, -9999, 16, -9999, -9999, -9999, -9999, -9999, -9999, -9999, -9999, -9999, -9999, -9999, -9999, -9999, -9999, -9999, -9999, -9999, -9999, -9999, -9999, -9999, -9999, -9999, -9999, -9999, -9999, -9999, -9999, 56, -9999, -9999, -9999, -9999, -9999, -9999, -9999, -9999, -9999, -9999, 79, -9999, -9999, -9999, -9999, 60, -9999, -9999, 90, -9999, -9999, -9999, -9999, -9999, -9999, -9999, -9999, -9999, -9999, -9999, -9999, -9999, -9999, -9999, -9999, -9999, -9999, -9999, -9999, -9999, -9999, -9999, -9999, -9999, -9999, -9999, -9999, -9999, -9999, -9999, 31, -9999, -9999, -9999],
[88, 42, 10, -9999, 2, 23, 29, -9999, -9999, 74, -9999, 70, -9999, -9999, 53, -9999, 23, -9999, 31, 4, -9999, 78, 67, -9999, 65, -9999, -9999, 89, -9999, 1, -9999, -9999, -9999, -9999, -9999, 10, -9999, -9999, 86, -9999, 91, 23, 92, -9999, 16, -9999, 71, -9999, 32, -9999, -9999, -9999, -9999, -9999, -9999, -9999, 39, 51, 1, -9999, -9999, 35, 2, -9999, 40, -9999, 100, 41, -9999, -9999, 34, -9999, -9999, -9999, -9999, 42, -9999, 75, 33, -9999, 29, -9999, 59, -9999, 99, 81, -9999, -9999, 53, 33, 84, -9999, -9999, -9999, 61, -9999, 74, -9999, -9999, 68],
[-9999, -9999, -9999, -9999, -9999, -9999, -9999, -9999, -9999, 78, -9999, -9999, -9999, -9999, -9999, -9999, -9999, -9999, 89, -9999, -9999, -9999, 30, -9999, -9999, -9999, -9999, 98, -9999, -9999, -9999, -9999, -9999, -9999, 56, -9999, -9999, -9999, -9999, 87, -9999, -9999, -9999, -9999, -9999, -9999, 38, -9999, 97, -9999, -9999, -9999, -9999, -9999, -9999, -9999, 95, -9999, 28, -9999, -9999, -9999, -9999, -9999, -9999, -9999, 29, -9999, -9999, 100, -9999, -9999, -9999, -9999, -9999, 16, -9999, 21, 79, -9999, -9999, -9999, 59, -9999, -9999, -9999, -9999, -9999, -9999, 51, -9999, -9999, -9999, 28, -9999, -9999, -9999, -9999, -9999, 69],
[-9999, -9999, -9999, -9999, -9999, -9999, -9999, -9999, -9999, 66, -9999, -9999, -9999, -9999, -9999, -9999, -9999, -9999, 84, -9999, 20, -9999, 93, -9999, -9999, -9999, -9999, 21, -9999, -9999, -9999, -9999, -9999, -9999, 100, -9999, -9999, -9999, -9999, 25, -9999, 53, -9999, -9999, -9999, -9999, 72, -9999, -9999, -9999, -9999, -9999, -9999, -9999, -9999, -9999, 91, -9999, 93, -9999, 54, -9999, -9999, -9999, -9999, -9999, 38, 69, -9999, -9999, -9999, -9999, -9999, -9999, -9999, 88, -9999, 30, 25, -9999, -9999, -9999, -9999, 80, -9999, -9999, -9999, -9999, -9999, -9999, -9999, -9999, 67, -9999, -9999, -9999, -9999, -9999, -9999, -9999],
[-9999, -9999, -9999, 60, -9999, -9999, -9999, -9999, -9999, 54, -9999, -9999, -9999, -9999, 86, -9999, -9999, -9999, -9999, -9999, 11, -9999, -9999, -9999, -9999, -9999, -9999, 36, 80, -9999, -9999, -9999, -9999, -9999, -9999, -9999, -9999, -9999, 40, -9999, -9999, 78, -9999, -9999, -9999, -9999, -9999, -9999, 48, -9999, -9999, -9999, -9999, -9999, -9999, -9999, 35, -9999, 85, -9999, -9999, -9999, -9999, -9999, -9999, -9999, 83, 15, -9999, 46, -9999, -9999, -9999, -9999, -9999, 2, -9999, 21, 40, -9999, -9999, -9999, -9999, -9999, -9999, -9999, -9999, -9999, -9999, 50, -9999, -9999, -9999, -9999, -9999, 46, -9999, -9999, -9999, 83],
[-9999, -9999, -9999, -9999, -9999, -9999, -9999, -9999, -9999, -9999, 53, -9999, -9999, -9999, -9999, -9999, -9999, -9999, -9999, -9999, -9999, -9999, -9999, -9999, -9999, -9999, -9999, -9999, -9999, -9999, -9999, -9999, -9999, -9999, -9999, -9999, -9999, -9999, -9999, -9999, -9999, -9999, -9999, -9999, -9999, -9999, -9999, -9999, -9999, -9999, -9999, -9999, -9999, -9999, -9999, -9999, 94, -9999, -9999, -9999, -9999, -9999, -9999, -9999, -9999, -9999, -9999, -9999, 73, -9999, -9999, -9999, -9999, -9999, -9999, -9999, -9999, -9999, -9999, -9999, -9999, -9999, -9999, -9999, -9999, -9999, -9999, -9999, -9999, -9999, -9999, -9999, -9999, -9999, -9999, -9999, -9999, -9999, -9999, -9999],
[-9999, -9999, -9999, -9999, -9999, -9999, -9999, -9999, -9999, -9999, 89, -9999, -9999, -9999, -9999, -9999, 49, -9999, -9999, -9999, -9999, -9999, -9999, -9999, -9999, -9999, -9999, -9999, -9999, -9999, -9999, -9999, -9999, -9999, -9999, -9999, -9999, -9999, -9999, -9999, -9999, -9999, -9999, -9999, -9999, 14, -9999, -9999, -9999, -9999, -9999, -9999, -9999, -9999, -9999, -9999, 83, -9999, -9999, -9999, -9999, -9999, -9999, -9999, 84, -9999, -9999, -9999, 12, -9999, -9999, -9999, -9999, -9999, -9999, -9999, -9999, -9999, -9999, -9999, -9999, -9999, -9999, -9999, -9999, -9999, -9999, -9999, -9999, -9999, -9999, -9999, -9999, -9999, -9999, -9999, 13, -9999, -9999, -9999],
[-9999, -9999, -9999, -9999, -9999, -9999, -9999, -9999, -9999, -9999, -9999, -9999, -9999, -9999, -9999, -9999, -9999, -9999, -9999, -9999, -9999, -9999, 52, -9999, -9999, -9999, -9999, -9999, -9999, -9999, -9999, -9999, -9999, -9999, 82, 35, -9999, -9999, -9999, 26, -9999, -9999, -9999, -9999, -9999, -9999, 92, -9999, 39, -9999, -9999, -9999, -9999, -9999, -9999, -9999, 41, 60, 47, -9999, -9999, -9999, -9999, -9999, -9999, -9999, 66, 16, -9999, 19, -9999, -9999, -9999, -9999, -9999, 62, -9999, 45, 70, -9999, -9999, -9999, -9999, -9999, -9999, -9999, -9999, -9999, -9999, -9999, -9999, -9999, 21, -9999, -9999, -9999, -9999, -9999, -9999, -9999],
[-9999, -9999, -9999, -9999, -9999, -9999, -9999, -9999, -9999, 91, -9999, -9999, -9999, -9999, 25, -9999, -9999, -9999, 20, -9999, 92, -9999, -9999, -9999, -9999, -9999, -9999, -9999, -9999, -9999, -9999, -9999, -9999, -9999, 83, -9999, -9999, -9999, 86, 6, -9999, -9999, -9999, -9999, -9999, -9999, -9999, -9999, 85, -9999, -9999, -9999, -9999, -9999, -9999, -9999, 17, 3, 11, -9999, -9999, -9999, -9999, -9999, -9999, -9999, 8, 93, -9999, -9999, -9999, -9999, -9999, -9999, -9999, 52, -9999, 23, 10, -9999, -9999, -9999, -9999, -9999, -9999, -9999, -9999, -9999, 31, 39, -9999, -9999, 55, 46, -9999, -9999, -9999, -9999, -9999, 29],
[68, 56, 29, -9999, 63, -9999, 33, 64, -9999, 41, -9999, -9999, -9999, -9999, 65, -9999, 6, -9999, -9999, -9999, -9999, -9999, -9999, -9999, 45, -9999, -9999, 79, 25, 35, -9999, 54, -9999, 14, 61, -9999, -9999, 31, 63, 77, 80, 21, 52, -9999, -9999, 38, 66, -9999, 87, -9999, -9999, -9999, -9999, -9999, -9999, -9999, 79, 47, 15, -9999, -9999, -9999, 67, -9999, 80, -9999, 86, -9999, -9999, 77, -9999, 43, -9999, -9999, 29, 19, -9999, 44, 79, -9999, 98, -9999, 10, -9999, -9999, 69, -9999, -9999, 64, -9999, 37, -9999, 72, 96, -9999, 34, 85, -9999, -9999, 10],
[87, 10, -9999, -9999, 34, -9999, 58, 60, 40, -9999, -9999, 32, -9999, -9999, -9999, -9999, 51, -9999, -9999, -9999, 29, 99, -9999, -9999, -9999, 87, 28, 29, 33, 60, 8, 87, -9999, -9999, 74, -9999, -9999, 3, -9999, 98, 36, -9999, 78, -9999, 53, -9999, 98, -9999, 19, -9999, 18, -9999, 1, -9999, 39, -9999, 94, 71, 76, -9999, 86, -9999, 13, -9999, 39, -9999, 1, 92, 76, 97, -9999, -9999, -9999, -9999, -9999, 25, -9999, 63, 11, 72, 29, -9999, -9999, -9999, 95, 46, -9999, -9999, 16, 88, -9999, 98, 80, -9999, -9999, -9999, -9999, -9999, 15, -9999],
[-9999, -9999, -9999, -9999, -9999, -9999, -9999, -9999, -9999, 16, -9999, -9999, -9999, -9999, 22, -9999, -9999, -9999, -9999, -9999, -9999, -9999, 67, -9999, -9999, -9999, -9999, -9999, -9999, -9999, -9999, -9999, -9999, -9999, 11, -9999, -9999, -9999, -9999, 1, -9999, 20, -9999, -9999, -9999, -9999, -9999, -9999, 71, -9999, -9999, -9999, -9999, -9999, -9999, -9999, 72, 65, 75, -9999, -9999, -9999, -9999, -9999, -9999, -9999, 31, 86, -9999, 27, -9999, -9999, -9999, -9999, -9999, 60, -9999, 69, -9999, -9999, -9999, -9999, -9999, -9999, -9999, -9999, -9999, -9999, 90, 90, -9999, -9999, -9999, 51, -9999, 52, -9999, -9999, -9999, 40],
[-9999, -9999, -9999, -9999, -9999, -9999, -9999, -9999, -9999, -9999, -9999, -9999, -9999, -9999, 62, -9999, -9999, -9999, -9999, -9999, 90, -9999, -9999, -9999, -9999, -9999, -9999, 17, -9999, -9999, -9999, -9999, -9999, -9999, 70, -9999, -9999, -9999, 5, 98, -9999, -9999, -9999, -9999, -9999, -9999, 16, -9999, 90, -9999, -9999, -9999, -9999, -9999, -9999, -9999, 91, 77, 85, -9999, -9999, -9999, -9999, -9999, -9999, -9999, 24, 29, -9999, 67, -9999, -9999, -9999, -9999, -9999, 56, -9999, 34, -9999, -9999, 30, -9999, -9999, -9999, -9999, -9999, -9999, -9999, -9999, 100, -9999, -9999, 84, 22, -9999, -9999, -9999, -9999, -9999, 7],
[-9999, 45, -9999, -9999, 82, -9999, 30, 95, -9999, -9999, -9999, 29, 1, 41, 90, -9999, -9999, -9999, 66, -9999, 76, -9999, 16, -9999, -9999, 41, -9999, 42, -9999, 45, -9999, 72, -9999, 52, -9999, 41, -9999, 16, 19, 11, -9999, 17, 65, -9999, -9999, 66, -9999, -9999, -9999, -9999, -9999, -9999, 75, -9999, -9999, -9999, 34, 10, 64, -9999, 100, -9999, 59, -9999, -9999, -9999, 53, -9999, -9999, 71, 71, 51, -9999, -9999, -9999, -9999, -9999, 55, 54, -9999, 18, -9999, 66, -9999, 62, 49, 8, -9999, -9999, 89, -9999, -9999, 72, 73, -9999, -9999, 14, -9999, -9999, -9999],
[-9999, 90, 88, 81, -9999, -9999, -9999, 85, -9999, -9999, -9999, -9999, 47, -9999, 91, -9999, 69, -9999, -9999, 19, 42, -9999, -9999, -9999, 59, 15, 65, -9999, -9999, 57, -9999, 67, -9999, 96, -9999, -9999, -9999, -9999, 55, -9999, -9999, -9999, 29, -9999, -9999, 19, -9999, -9999, 5, -9999, -9999, -9999, 98, -9999, -9999, -9999, 5, 58, 9, -9999, 70, 81, 99, -9999, 97, -9999, 43, 21, -9999, 3, 54, -9999, -9999, -9999, -9999, 69, -9999, 99, 80, -9999, 16, -9999, -9999, 32, 99, 15, -9999, -9999, 45, -9999, 30, -9999, -9999, 52, 43, -9999, 69, -9999, -9999, 75],
[-9999, -9999, -9999, -9999, -9999, -9999, -9999, -9999, -9999, -9999, 49, -9999, -9999, -9999, -9999, -9999, 17, -9999, -9999, -9999, -9999, -9999, -9999, -9999, -9999, -9999, -9999, -9999, -9999, -9999, -9999, -9999, -9999, -9999, -9999, -9999, -9999, -9999, -9999, -9999, -9999, 95, -9999, -9999, -9999, 58, -9999, -9999, -9999, -9999, -9999, -9999, -9999, -9999, -9999, -9999, 99, -9999, -9999, -9999, -9999, -9999, -9999, -9999, 93, -9999, -9999, -9999, 83, -9999, -9999, -9999, -9999, -9999, -9999, -9999, -9999, -9999, -9999, -9999, -9999, -9999, -9999, -9999, -9999, -9999, -9999, -9999, -9999, -9999, -9999, -9999, -9999, -9999, -9999, -9999, -9999, -9999, -9999, -9999],
[-9999, 2, -9999, -9999, -9999, 25, -9999, -9999, -9999, 67, -9999, -9999, -9999, -9999, -9999, -9999, -9999, 89, -9999, -9999, 56, -9999, -9999, -9999, -9999, 56, -9999, 82, 35, 53, -9999, 27, -9999, 32, -9999, -9999, -9999, 82, 27, 91, -9999, 5, 44, -9999, 96, 10, 63, -9999, 3, -9999, -9999, -9999, -9999, -9999, -9999, -9999, 24, 77, 70, -9999, 86, 32, 82, -9999, 60, -9999, 41, -9999, -9999, -9999, 64, -9999, -9999, -9999, -9999, 86, -9999, 88, 71, -9999, -9999, -9999, 9, -9999, 53, 39, 12, -9999, -9999, -9999, 25, -9999, 77, -9999, -9999, 41, 5, -9999, -9999, -9999],
[-9999, -9999, -9999, -9999, -9999, -9999, -9999, -9999, -9999, -9999, -9999, -9999, -9999, -9999, -9999, -9999, -9999, -9999, -9999, -9999, -9999, -9999, -9999, -9999, -9999, -9999, -9999, 78, -9999, -9999, -9999, -9999, -9999, -9999, -9999, -9999, -9999, -9999, -9999, -9999, -9999, -9999, -9999, -9999, -9999, 58, -9999, -9999, -9999, -9999, -9999, -9999, -9999, -9999, -9999, -9999, 55, -9999, -9999, -9999, -9999, 3, -9999, -9999, 39, -9999, -9999, -9999, -9999, -9999, -9999, -9999, -9999, -9999, -9999, -9999, -9999, -9999, -9999, -9999, -9999, -9999, -9999, -9999, -9999, -9999, -9999, -9999, -9999, -9999, -9999, -9999, -9999, -9999, -9999, -9999, -9999, -9999, -9999, -9999],
[-9999, -9999, -9999, 93, -9999, -9999, -9999, -9999, -9999, -9999, 62, -9999, -9999, -9999, 35, -9999, -9999, -9999, -9999, -9999, 20, -9999, 61, -9999, -9999, -9999, -9999, 29, 96, -9999, -9999, -9999, -9999, -9999, -9999, -9999, -9999, -9999, -9999, 72, -9999, -9999, -9999, -9999, -9999, -9999, -9999, -9999, 65, -9999, 57, -9999, -9999, -9999, -9999, -9999, 25, 6, 92, -9999, 84, -9999, -9999, -9999, -9999, -9999, 56, 80, 63, 62, -9999, -9999, -9999, -9999, -9999, 96, -9999, 15, -9999, -9999, 40, -9999, -9999, 3, -9999, -9999, -9999, -9999, 13, 96, -9999, 51, -9999, 9, -9999, 48, -9999, -9999, -9999, 10],
[-9999, -9999, -9999, -9999, -9999, -9999, -9999, -9999, -9999, -9999, -9999, -9999, -9999, -9999, -9999, -9999, -9999, -9999, -9999, -9999, -9999, -9999, -9999, -9999, -9999, -9999, -9999, 55, -9999, -9999, -9999, -9999, -9999, -9999, 72, -9999, -9999, -9999, 60, -9999, -9999, -9999, -9999, -9999, -9999, -9999, 5, -9999, 92, 50, -9999, -9999, -9999, -9999, -9999, -9999, 58, 81, 56, -9999, -9999, -9999, -9999, -9999, -9999, -9999, 14, -9999, -9999, 75, -9999, -9999, -9999, -9999, -9999, 29, -9999, 20, 21, -9999, -9999, -9999, 71, -9999, -9999, -9999, -9999, -9999, 78, 77, -9999, -9999, -9999, 41, -9999, -9999, -9999, -9999, -9999, -9999],
[55, 42, -9999, -9999, -9999, -9999, 40, 41, 33, -9999, 37, -9999, -9999, -9999, 47, -9999, 94, -9999, 64, 87, -9999, -9999, -9999, -9999, -9999, 22, -9999, 94, -9999, 16, 43, -9999, -9999, 73, 34, -9999, -9999, 69, -9999, -9999, 54, 89, 16, -9999, 72, 88, -9999, -9999, 100, -9999, 98, -9999, -9999, -9999, 11, -9999, 48, -9999, 4, -9999, -9999, -9999, 30, -9999, 57, -9999, 86, -9999, -9999, 94, -9999, -9999, -9999, -9999, -9999, 84, -9999, 54, -9999, 66, 21, -9999, -9999, -9999, 72, 60, -9999, -9999, 92, 1, -9999, 42, 100, 98, -9999, -9999, 20, -9999, 50, -9999],
[-9999, -9999, -9999, -9999, -9999, -9999, -9999, -9999, -9999, -9999, -9999, -9999, -9999, -9999, 5, -9999, -9999, -9999, 12, -9999, 94, -9999, 88, -9999, -9999, -9999, 43, -9999, 34, -9999, -9999, -9999, -9999, -9999, -9999, -9999, -9999, -9999, 63, -9999, -9999, 24, -9999, -9999, -9999, -9999, 77, -9999, 71, -9999, -9999, -9999, -9999, -9999, -9999, -9999, -9999, 82, 33, -9999, -9999, -9999, -9999, -9999, -9999, -9999, 9, -9999, -9999, 46, -9999, -9999, -9999, -9999, -9999, -9999, -9999, 87, 55, -9999, 97, -9999, 91, -9999, -9999, -9999, -9999, -9999, 68, -9999, -9999, -9999, 19, 30, -9999, 4, -9999, -9999, -9999, -9999],
[-9999, -9999, -9999, -9999, -9999, -9999, -9999, -9999, -9999, 19, -9999, -9999, -9999, -9999, -9999, -9999, -9999, -9999, 92, -9999, -9999, -9999, -9999, -9999, -9999, -9999, -9999, -9999, 71, -9999, -9999, -9999, -9999, -9999, -9999, -9999, -9999, -9999, 56, -9999, -9999, -9999, -9999, -9999, -9999, -9999, 73, -9999, 70, -9999, -9999, -9999, -9999, -9999, -9999, -9999, 16, -9999, 63, -9999, 89, -9999, -9999, -9999, -9999, -9999, 8, 93, -9999, 5, -9999, -9999, -9999, -9999, -9999, 92, -9999, 52, -9999, -9999, 59, -9999, 9, -9999, -9999, -9999, -9999, -9999, 29, -9999, -9999, -9999, 59, 10, -9999, 21, -9999, -9999, -9999, -9999],
[-9999, -9999, -9999, -9999, -9999, -9999, -9999, -9999, -9999, -9999, 32, -9999, -9999, -9999, 5, -9999, -9999, -9999, 85, -9999, 23, -9999, -9999, -9999, -9999, -9999, -9999, -9999, 26, -9999, -9999, -9999, -9999, -9999, 67, -9999, -9999, -9999, -9999, 68, -9999, -9999, -9999, -9999, -9999, -9999, -9999, -9999, 50, -9999, 31, -9999, -9999, -9999, -9999, -9999, 58, 35, -9999, -9999, 16, -9999, -9999, -9999, -9999, -9999, 16, 57, 37, -9999, -9999, -9999, -9999, -9999, -9999, 10, -9999, 11, -9999, -9999, 72, -9999, -9999, -9999, -9999, -9999, -9999, -9999, -9999, 41, -9999, -9999, 42, 55, -9999, -9999, -9999, -9999, -9999, 47],
[-9999, 82, -9999, -9999, -9999, 33, -9999, 19, -9999, -9999, -9999, -9999, -9999, -9999, 20, -9999, -9999, -9999, -9999, -9999, 79, -9999, 8, 58, -9999, -9999, 27, 79, -9999, -9999, -9999, -9999, -9999, -9999, -9999, 88, -9999, 25, 60, -9999, 47, 24, 7, -9999, 60, 23, -9999, -9999, 32, -9999, -9999, -9999, 59, 97, -9999, -9999, 58, -9999, 66, -9999, 96, -9999, 21, -9999, -9999, -9999, 88, 35, -9999, 32, 52, -9999, -9999, -9999, 11, 9, -9999, 23, -9999, -9999, -9999, -9999, -9999, -9999, 94, 23, -9999, -9999, 8, 14, 54, -9999, -9999, -9999, -9999, -9999, 85, -9999, -9999, -9999],
[-9999, 17, 23, -9999, 17, 50, 91, 55, 53, 45, 37, 46, 83, -9999, -9999, -9999, -9999, -9999, 70, 63, -9999, 70, 70, -9999, -9999, -9999, -9999, 69, -9999, 87, -9999, -9999, -9999, 19, -9999, -9999, -9999, -9999, -9999, -9999, 54, 25, -9999, -9999, 47, 66, -9999, -9999, 32, -9999, -9999, -9999, -9999, -9999, 95, -9999, 80, 25, 55, -9999, -9999, 63, 82, -9999, 81, -9999, 11, -9999, -9999, 14, 19, -9999, -9999, -9999, -9999, 44, -9999, 42, 42, 14, -9999, -9999, 78, -9999, -9999, 99, -9999, -9999, 48, -9999, 35, 65, -9999, 6, 92, 69, -9999, -9999, -9999, 65],
[-9999, 19, 84, -9999, 35, 48, -9999, -9999, -9999, -9999, -9999, 69, 1, -9999, 65, -9999, 3, -9999, -9999, 69, -9999, 91, 92, -9999, 95, -9999, -9999, 36, -9999, 100, -9999, 68, -9999, -9999, -9999, 11, -9999, 8, 27, 88, 57, 1, 66, -9999, 61, -9999, -9999, -9999, -9999, 39, -9999, -9999, -9999, 70, -9999, -9999, 19, 11, 9, -9999, 65, -9999, 86, -9999, 17, -9999, 24, 81, -9999, 67, -9999, -9999, -9999, -9999, -9999, 86, -9999, 93, -9999, -9999, -9999, -9999, -9999, -9999, 91, 29, -9999, -9999, -9999, -9999, 35, -9999, -9999, -9999, 49, 73, -9999, -9999, -9999, 75],
[36, 16, -9999, -9999, 78, -9999, -9999, 34, 77, 99, 42, 81, 73, -9999, -9999, -9999, 47, -9999, 47, -9999, 48, -9999, -9999, -9999, 89, -9999, 17, -9999, -9999, 43, 80, -9999, -9999, -9999, -9999, -9999, -9999, -9999, 77, 93, -9999, -9999, 20, -9999, -9999, 67, -9999, -9999, 83, -9999, 7, 80, 86, -9999, 20, -9999, 57, 44, 17, -9999, 59, -9999, -9999, -9999, 68, 92, 3, 69, 21, 24, -9999, -9999, -9999, -9999, -9999, 12, -9999, 66, -9999, 48, -9999, -9999, 14, -9999, 36, 96, -9999, -9999, -9999, 10, 47, 13, 13, 51, -9999, 37, -9999, -9999, 18, 86],
[-9999, -9999, -9999, -9999, -9999, -9999, -9999, -9999, -9999, -9999, -9999, -9999, -9999, -9999, -9999, -9999, 38, -9999, -9999, -9999, -9999, -9999, -9999, -9999, -9999, -9999, -9999, -9999, -9999, -9999, -9999, -9999, -9999, -9999, -9999, -9999, -9999, -9999, -9999, -9999, -9999, -9999, -9999, -9999, -9999, 51, -9999, -9999, -9999, -9999, -9999, -9999, -9999, -9999, -9999, -9999, 96, -9999, -9999, -9999, -9999, -9999, -9999, -9999, 44, -9999, -9999, -9999, -9999, -9999, -9999, -9999, -9999, -9999, -9999, -9999, -9999, -9999, -9999, -9999, -9999, -9999, -9999, -9999, -9999, -9999, -9999, -9999, -9999, -9999, -9999, -9999, -9999, -9999, -9999, -9999, 85, -9999, -9999, -9999],
[99, 10, 88, -9999, 54, -9999, 28, -9999, -9999, 73, -9999, -9999, 35, 48, 95, -9999, -9999, -9999, 73, 68, 21, -9999, -9999, -9999, -9999, 43, -9999, -9999, 21, 87, -9999, -9999, -9999, 6, 76, -9999, -9999, 50, -9999, -9999, 20, 10, -9999, 44, 76, -9999, 75, -9999, 59, 6, -9999, -9999, 64, -9999, -9999, -9999, 19, -9999, 68, -9999, -9999, 70, 77, -9999, -9999, -9999, 90, 73, -9999, 71, 40, -9999, -9999, -9999, -9999, 26, -9999, 51, -9999, -9999, -9999, -9999, 20, -9999, 97, 27, -9999, -9999, 97, 74, -9999, -9999, -9999, 8, -9999, 51, 71, -9999, -9999, 20],
[66, 37, -9999, -9999, 56, -9999, 19, -9999, -9999, -9999, -9999, 5, 39, -9999, 68, -9999, -9999, -9999, 92, 33, 70, 78, 32, -9999, 81, -9999, -9999, 9, 33, 71, -9999, 18, -9999, -9999, -9999, -9999, -9999, -9999, 2, 63, -9999, 33, 84, -9999, -9999, 44, 31, -9999, 60, -9999, -9999, -9999, 22, -9999, -9999, -9999, 41, 97, 49, -9999, -9999, 70, 42, -9999, -9999, -9999, 92, -9999, -9999, 68, -9999, -9999, -9999, -9999, -9999, 69, -9999, 58, 5, -9999, 94, -9999, 57, -9999, 17, 21, -9999, -9999, 58, 29, -9999, -9999, 86, 45, 35, -9999, -9999, 63, -9999, 87],
[-9999, -9999, -9999, -9999, -9999, -9999, -9999, -9999, -9999, -9999, -9999, -9999, -9999, -9999, -9999, -9999, -9999, -9999, -9999, -9999, -9999, -9999, -9999, -9999, -9999, -9999, -9999, -9999, -9999, -9999, -9999, -9999, -9999, -9999, -9999, -9999, -9999, -9999, -9999, -9999, -9999, -9999, -9999, -9999, -9999, -9999, -9999, -9999, -9999, -9999, -9999, -9999, -9999, -9999, -9999, -9999, 69, -9999, -9999, -9999, -9999, 8, -9999, -9999, -9999, -9999, -9999, -9999, -9999, -9999, -9999, -9999, -9999, -9999, -9999, -9999, -9999, -9999, -9999, -9999, -9999, -9999, -9999, -9999, -9999, -9999, -9999, -9999, -9999, -9999, -9999, -9999, -9999, -9999, -9999, -9999, 23, -9999, -9999, -9999],
[60, 70, 61, 95, -9999, -9999, 32, -9999, -9999, 1, -9999, 33, -9999, -9999, 84, -9999, 91, 25, 36, -9999, -9999, 89, -9999, -9999, 37, 1, -9999, -9999, 35, 69, -9999, 63, -9999, 43, 4, -9999, -9999, 30, -9999, 22, 99, 81, 31, 22, -9999, -9999, 93, -9999, 81, -9999, -9999, -9999, -9999, 47, -9999, -9999, 22, 29, 78, -9999, -9999, 99, 85, -9999, 36, -9999, 18, -9999, -9999, -9999, -9999, -9999, -9999, -9999, -9999, 1, -9999, 43, 76, -9999, 27, -9999, 100, -9999, 78, 30, -9999, -9999, -9999, -9999, 5, -9999, 3, -9999, 69, 20, 19, -9999, -9999, 48],
[-9999, 90, -9999, -9999, 53, 85, 67, -9999, -9999, 74, -9999, 73, 51, 8, 30, -9999, 100, -9999, 60, -9999, -9999, 42, -9999, 80, 70, -9999, -9999, -9999, -9999, 20, -9999, 97, -9999, -9999, -9999, -9999, -9999, 29, 61, 100, -9999, 13, 76, -9999, -9999, 96, -9999, -9999, 70, -9999, -9999, -9999, 13, -9999, -9999, -9999, 74, -9999, 54, -9999, -9999, 84, 92, -9999, 57, -9999, 91, 90, -9999, 89, 15, -9999, -9999, -9999, -9999, 38, 92, 48, 74, -9999, -9999, -9999, -9999, -9999, 32, 91, -9999, -9999, 9, -9999, 47, -9999, -9999, 91, 51, 30, 54, -9999, -9999, 96],
[22, 43, 84, -9999, -9999, 19, 6, 87, -9999, -9999, -9999, -9999, -9999, -9999, -9999, 52, 17, -9999, 86, -9999, 62, 33, -9999, -9999, -9999, 89, -9999, 80, -9999, 80, -9999, -9999, -9999, 69, 92, 63, -9999, -9999, -9999, 28, 55, 88, 36, 64, -9999, 43, -9999, 52, -9999, -9999, -9999, -9999, -9999, -9999, -9999, -9999, 47, -9999, 38, -9999, -9999, -9999, 95, -9999, -9999, -9999, 31, 31, -9999, -9999, 64, -9999, -9999, 46, 5, 64, -9999, 5, 37, -9999, 84, -9999, 42, -9999, -9999, 30, 31, -9999, 45, 40, 78, -9999, -9999, 15, 87, 64, 92, -9999, -9999, 4],
[-9999, -9999, -9999, -9999, -9999, -9999, -9999, -9999, -9999, 40, -9999, -9999, -9999, -9999, -9999, -9999, -9999, -9999, -9999, -9999, -9999, -9999, 1, -9999, -9999, -9999, -9999, 70, -9999, -9999, -9999, -9999, -9999, -9999, 96, -9999, -9999, -9999, -9999, 10, -9999, 79, -9999, -9999, -9999, -9999, 93, -9999, 81, -9999, -9999, -9999, -9999, -9999, -9999, -9999, 2, 57, 65, -9999, 23, -9999, -9999, -9999, -9999, -9999, 54, -9999, -9999, 61, -9999, -9999, -9999, -9999, -9999, 77, -9999, 41, 6, -9999, -9999, -9999, 75, -9999, -9999, -9999, -9999, -9999, 60, 66, -9999, -9999, -9999, 68, -9999, -9999, -9999, -9999, -9999, 47],
[-9999, -9999, -9999, -9999, -9999, -9999, -9999, -9999, -9999, -9999, -9999, -9999, -9999, -9999, -9999, -9999, -9999, -9999, 80, -9999, 54, -9999, 59, -9999, -9999, -9999, -9999, 25, 85, -9999, -9999, -9999, -9999, -9999, -9999, -9999, -9999, -9999, 30, 68, -9999, 66, -9999, -9999, -9999, -9999, 80, -9999, 2, -9999, -9999, -9999, -9999, -9999, -9999, -9999, 27, 44, 33, -9999, -9999, -9999, -9999, -9999, -9999, -9999, 80, 25, -9999, 37, -9999, -9999, -9999, -9999, -9999, 29, -9999, 37, -9999, -9999, 38, -9999, 63, -9999, -9999, -9999, -9999, -9999, -9999, -9999, -9999, -9999, 18, 57, -9999, 70, -9999, -9999, -9999, 73],
[15, 71, 50, -9999, -9999, -9999, 34, -9999, -9999, 71, -9999, -9999, 83, 55, -9999, -9999, 91, -9999, 56, 25, 71, 47, -9999, -9999, -9999, 75, -9999, -9999, 20, 41, -9999, 4, -9999, -9999, 9, -9999, -9999, -9999, 62, 1, 57, 69, 47, -9999, 88, 12, 24, -9999, 79, -9999, -9999, -9999, -9999, -9999, -9999, -9999, 42, 81, 70, -9999, 83, 49, 65, -9999, 94, -9999, 72, 64, -9999, -9999, 28, -9999, -9999, -9999, -9999, 90, -9999, 41, -9999, -9999, 96, -9999, -9999, -9999, 25, 93, -9999, -9999, 31, -9999, -9999, -9999, 48, 93, 99, 63, -9999, -9999, -9999, 57],
[-9999, 30, 92, -9999, 32, 83, 38, 99, -9999, 16, -9999, -9999, -9999, -9999, 57, -9999, -9999, -9999, -9999, 17, 12, -9999, -9999, -9999, 48, 66, -9999, -9999, -9999, 33, -9999, 35, 71, 26, 38, -9999, -9999, 36, 77, 31, -9999, 30, -9999, -9999, 62, 86, 63, -9999, 47, -9999, -9999, -9999, -9999, -9999, -9999, -9999, 49, -9999, 74, -9999, -9999, -9999, 34, 59, 79, -9999, 85, -9999, -9999, 60, -9999, 50, -9999, -9999, -9999, 91, 80, 42, 87, -9999, -9999, -9999, -9999, -9999, -9999, 27, -9999, -9999, 60, -9999, 13, -9999, -9999, 75, 69, 60, -9999, -9999, -9999, 9],
[-9999, -9999, -9999, -9999, -9999, -9999, -9999, -9999, -9999, 22, -9999, -9999, -9999, -9999, -9999, -9999, -9999, -9999, 17, -9999, -9999, -9999, 1, -9999, -9999, -9999, -9999, -9999, -9999, -9999, -9999, -9999, -9999, -9999, -9999, -9999, -9999, -9999, -9999, -9999, -9999, -9999, -9999, -9999, -9999, -9999, 27, -9999, 100, -9999, -9999, -9999, -9999, -9999, -9999, -9999, 67, 26, 71, -9999, -9999, -9999, -9999, -9999, -9999, -9999, 89, -9999, -9999, 89, -9999, -9999, -9999, -9999, -9999, 12, -9999, 2, 82, -9999, 55, -9999, 63, -9999, -9999, -9999, -9999, -9999, -9999, -9999, -9999, -9999, -9999, 73, -9999, -9999, -9999, -9999, -9999, 21],
[-9999, 77, 34, 52, 40, -9999, -9999, -9999, -9999, -9999, -9999, 60, 12, -9999, 65, -9999, 1, -9999, -9999, 84, 85, -9999, -9999, -9999, -9999, 8, 20, -9999, -9999, 49, -9999, -9999, -9999, 75, 13, -9999, 49, -9999, 95, 44, 54, 69, -9999, -9999, 64, 61, -9999, -9999, 28, 19, -9999, -9999, -9999, -9999, -9999, -9999, 77, -9999, 24, -9999, -9999, 57, 7, -9999, -9999, -9999, 87, 74, -9999, -9999, 51, -9999, -9999, -9999, -9999, -9999, -9999, 67, 1, -9999, 59, -9999, 37, -9999, 67, 85, -9999, -9999, -9999, 34, 44, -9999, 46, -9999, 52, 67, 34, -9999, -9999, 80],
[-9999, -9999, -9999, -9999, -9999, -9999, -9999, -9999, -9999, -9999, -9999, -9999, -9999, -9999, -9999, -9999, -9999, -9999, 44, -9999, 47, -9999, -9999, -9999, -9999, -9999, -9999, 18, 16, -9999, -9999, -9999, -9999, -9999, -9999, -9999, -9999, -9999, 30, -9999, -9999, -9999, -9999, -9999, -9999, -9999, -9999, -9999, 77, -9999, -9999, -9999, -9999, -9999, -9999, -9999, 19, 86, 47, -9999, -9999, -9999, -9999, -9999, -9999, -9999, 96, 17, -9999, -9999, -9999, -9999, -9999, -9999, -9999, 14, -9999, 85, 44, -9999, -9999, -9999, 94, -9999, -9999, -9999, -9999, -9999, 40, -9999, -9999, -9999, -9999, -9999, -9999, 83, -9999, -9999, -9999, 13],
[-9999, 85, 36, -9999, -9999, 57, 12, 86, -9999, -9999, -9999, -9999, 2, -9999, 67, -9999, 88, -9999, 42, 93, -9999, 30, 17, -9999, 63, -9999, -9999, 13, 50, 83, -9999, 36, -9999, 35, -9999, -9999, -9999, 8, 39, -9999, 3, 100, 7, -9999, -9999, 68, 71, -9999, 61, -9999, -9999, -9999, -9999, -9999, -9999, -9999, 33, -9999, 72, -9999, -9999, -9999, 84, -9999, 71, -9999, 17, 90, -9999, 58, -9999, 44, -9999, -9999, -9999, 84, -9999, -9999, -9999, -9999, -9999, -9999, 9, -9999, 28, 28, -9999, -9999, 99, 63, -9999, -9999, 34, 93, -9999, 34, 4, -9999, -9999, 27],
[-9999, -9999, -9999, -9999, -9999, -9999, -9999, -9999, -9999, 73, -9999, -9999, -9999, -9999, 49, -9999, -9999, -9999, -9999, -9999, -9999, -9999, -9999, -9999, -9999, -9999, -9999, 74, 91, -9999, -9999, -9999, -9999, -9999, 66, -9999, -9999, -9999, 19, 79, -9999, 25, -9999, -9999, -9999, -9999, -9999, -9999, 95, -9999, -9999, -9999, -9999, -9999, -9999, -9999, 99, 31, -9999, -9999, 17, -9999, -9999, -9999, -9999, -9999, 48, 12, -9999, 62, -9999, -9999, -9999, -9999, -9999, 71, -9999, 23, -9999, -9999, 60, -9999, -9999, -9999, -9999, -9999, -9999, -9999, 37, -9999, -9999, -9999, 72, -9999, -9999, 72, -9999, -9999, -9999, -9999],
[-9999, -9999, -9999, 66, -9999, -9999, -9999, -9999, -9999, -9999, -9999, -9999, -9999, -9999, 77, -9999, -9999, -9999, 22, -9999, -9999, -9999, -9999, -9999, -9999, -9999, -9999, 87, -9999, -9999, -9999, -9999, -9999, -9999, 31, -9999, -9999, -9999, 39, -9999, -9999, -9999, -9999, -9999, -9999, -9999, -9999, -9999, 28, -9999, -9999, -9999, -9999, -9999, -9999, -9999, 51, -9999, 98, -9999, 2, -9999, -9999, -9999, -9999, -9999, 32, 1, -9999, 22, -9999, -9999, -9999, -9999, -9999, 46, -9999, 11, -9999, -9999, 25, -9999, 5, -9999, -9999, -9999, -9999, -9999, -9999, 47, -9999, -9999, 78, 66, -9999, -9999, -9999, -9999, -9999, 27],
[-9999, -9999, -9999, -9999, -9999, -9999, -9999, -9999, -9999, 37, -9999, -9999, -9999, -9999, -9999, -9999, -9999, -9999, -9999, -9999, 61, -9999, -9999, -9999, -9999, -9999, 72, 87, -9999, -9999, -9999, -9999, -9999, -9999, 65, -9999, -9999, -9999, 71, -9999, -9999, 99, -9999, -9999, -9999, -9999, -9999, -9999, 43, -9999, -9999, -9999, -9999, -9999, -9999, -9999, 56, 99, 80, -9999, 33, -9999, -9999, -9999, -9999, -9999, 19, 12, -9999, 60, -9999, -9999, -9999, -9999, -9999, 52, -9999, 70, -9999, -9999, -9999, -9999, -9999, -9999, -9999, -9999, -9999, -9999, 81, -9999, -9999, -9999, 99, 56, -9999, -9999, -9999, -9999, -9999, -9999],
[94, 66, -9999, -9999, -9999, 46, -9999, 16, -9999, -9999, -9999, 43, 61, -9999, -9999, -9999, 73, -9999, 77, 71, 80, 28, -9999, -9999, -9999, -9999, -9999, 11, 37, 80, -9999, 1, -9999, 30, 5, -9999, -9999, -9999, 22, 56, 100, 96, 41, -9999, -9999, 93, -9999, -9999, 34, -9999, -9999, -9999, -9999, -9999, -9999, -9999, 70, 75, 92, -9999, -9999, 50, 67, -9999, -9999, -9999, 9, -9999, -9999, 3, -9999, -9999, -9999, -9999, -9999, 60, -9999, 95, 24, -9999, -9999, -9999, 30, 15, 61, 13, -9999, -9999, 45, 41, 32, -9999, -9999, -9999, 13, -9999, 72, -9999, -9999, 60],
[-9999, 66, -9999, -9999, 45, -9999, 21, 47, -9999, 18, -9999, 48, 78, -9999, 5, 57, -9999, 23, 50, 18, -9999, 17, 43, -9999, -9999, 96, -9999, 91, -9999, 99, -9999, 25, -9999, 1, -9999, -9999, -9999, 36, 90, -9999, 99, 18, -9999, 70, 97, 25, 22, -9999, 2, 9, -9999, -9999, 70, -9999, -9999, -9999, 30, 19, 11, -9999, -9999, -9999, 86, -9999, -9999, -9999, 2, 5, -9999, 54, -9999, -9999, -9999, -9999, -9999, 66, -9999, 43, 15, -9999, -9999, -9999, -9999, -9999, 5, 34, -9999, -9999, 85, 56, -9999, -9999, -9999, -9999, 55, -9999, 86, -9999, -9999, 75],
[-9999, 25, 74, -9999, 31, 46, -9999, -9999, -9999, -9999, -9999, 32, -9999, -9999, -9999, -9999, 47, -9999, 52, -9999, 1, 73, 12, -9999, -9999, 28, -9999, 86, 43, 82, -9999, 100, 74, 58, 43, -9999, -9999, 83, -9999, 85, -9999, 75, -9999, -9999, 28, 2, -9999, -9999, 45, -9999, -9999, -9999, 1, -9999, -9999, -9999, 49, 89, 23, -9999, -9999, -9999, 59, -9999, 62, -9999, 16, 88, -9999, -9999, -9999, -9999, -9999, -9999, -9999, 45, 20, 77, -9999, -9999, -9999, -9999, 29, -9999, 25, 95, -9999, -9999, 95, 83, 89, -9999, 47, -9999, 52, 70, 76, -9999, -9999, 66],
[-9999, -9999, -9999, -9999, -9999, -9999, -9999, -9999, -9999, 55, -9999, -9999, -9999, -9999, 85, -9999, -9999, -9999, -9999, -9999, -9999, -9999, 52, -9999, -9999, -9999, -9999, 45, -9999, -9999, -9999, -9999, -9999, -9999, 27, 92, -9999, -9999, -9999, 90, -9999, 27, -9999, -9999, -9999, -9999, -9999, -9999, 68, -9999, 71, -9999, -9999, -9999, -9999, -9999, 17, -9999, 80, -9999, -9999, -9999, -9999, -9999, -9999, -9999, 51, 51, 74, 16, -9999, -9999, -9999, -9999, -9999, 56, -9999, 27, -9999, -9999, -9999, -9999, 89, -9999, -9999, -9999, -9999, -9999, -9999, -9999, -9999, 71, -9999, 41, -9999, 56, -9999, -9999, -9999, -9999],
[-9999, -9999, -9999, -9999, -9999, -9999, -9999, -9999, -9999, -9999, -9999, -9999, -9999, -9999, -9999, -9999, -9999, -9999, -9999, -9999, -9999, -9999, -9999, -9999, -9999, -9999, -9999, 99, -9999, -9999, -9999, -9999, -9999, -9999, -9999, -9999, -9999, -9999, -9999, -9999, -9999, -9999, -9999, -9999, -9999, 17, -9999, -9999, -9999, -9999, -9999, -9999, -9999, -9999, -9999, -9999, -9999, -9999, -9999, -9999, -9999, -9999, -9999, -9999, 42, -9999, -9999, -9999, -9999, -9999, -9999, -9999, -9999, -9999, -9999, -9999, -9999, -9999, -9999, -9999, -9999, -9999, -9999, -9999, -9999, -9999, -9999, -9999, -9999, -9999, -9999, -9999, -9999, -9999, -9999, -9999, -9999, -9999, -9999, -9999],
[-9999, 33, 79, -9999, -9999, -9999, -9999, 61, -9999, 56, -9999, -9999, -9999, -9999, -9999, -9999, -9999, -9999, 18, 63, -9999, 99, 8, -9999, 26, 21, -9999, 15, 54, 40, -9999, 40, -9999, -9999, -9999, -9999, -9999, -9999, -9999, -9999, 96, 32, 66, -9999, -9999, 79, 100, -9999, 93, -9999, -9999, -9999, 32, -9999, -9999, -9999, 30, 56, 98, -9999, 69, 26, 34, -9999, 8, -9999, 13, 64, -9999, 6, 61, -9999, -9999, -9999, -9999, 74, 92, 4, 29, -9999, 79, -9999, -9999, -9999, -9999, 25, -9999, -9999, -9999, -9999, -9999, -9999, 100, -9999, 16, 75, 41, -9999, -9999, 37],
[-9999, -9999, -9999, -9999, -9999, -9999, -9999, -9999, -9999, -9999, -9999, -9999, -9999, -9999, -9999, -9999, 6, -9999, -9999, -9999, -9999, -9999, -9999, -9999, -9999, -9999, -9999, 76, -9999, -9999, -9999, -9999, -9999, -9999, -9999, -9999, -9999, -9999, -9999, -9999, -9999, -9999, -9999, -9999, -9999, 51, -9999, -9999, -9999, -9999, -9999, -9999, -9999, -9999, -9999, -9999, 63, -9999, -9999, -9999, -9999, -9999, -9999, -9999, 38, -9999, -9999, -9999, -9999, -9999, -9999, -9999, -9999, -9999, -9999, -9999, -9999, -9999, -9999, -9999, -9999, -9999, -9999, -9999, -9999, -9999, -9999, -9999, -9999, -9999, -9999, -9999, -9999, -9999, -9999, -9999, 16, -9999, -9999, -9999],
[25, 58, 98, -9999, -9999, 32, 43, 95, -9999, 2, -9999, -9999, 52, -9999, 95, -9999, -9999, -9999, -9999, -9999, 37, 91, 19, -9999, -9999, -9999, -9999, 60, 53, 77, -9999, 76, -9999, 52, -9999, -9999, 1, -9999, 81, 42, -9999, 65, 1, -9999, 56, 95, -9999, 9, 43, -9999, -9999, -9999, 4, -9999, -9999, -9999, 98, 10, 79, -9999, 53, -9999, 97, -9999, -9999, 48, 87, -9999, -9999, -9999, 94, -9999, -9999, -9999, -9999, 76, -9999, 21, 68, -9999, 50, -9999, 94, -9999, 10, 74, -9999, -9999, -9999, 45, 51, -9999, 57, 94, 45, 16, -9999, -9999, -9999, 3],
[-9999, -9999, -9999, -9999, -9999, -9999, -9999, -9999, -9999, 27, -9999, -9999, -9999, -9999, 26, -9999, -9999, -9999, 84, -9999, 49, -9999, -9999, -9999, -9999, -9999, -9999, 13, 32, -9999, -9999, -9999, -9999, -9999, 56, -9999, -9999, -9999, 63, -9999, -9999, 44, -9999, -9999, -9999, -9999, 66, -9999, 53, 42, -9999, -9999, -9999, -9999, -9999, -9999, 6, -9999, 75, -9999, -9999, -9999, -9999, -9999, -9999, -9999, 76, -9999, -9999, 100, -9999, -9999, -9999, -9999, -9999, 43, -9999, -9999, 98, -9999, -9999, -9999, -9999, 82, -9999, -9999, -9999, -9999, -9999, -9999, -9999, -9999, 28, -9999, -9999, 57, -9999, -9999, -9999, -9999],
[5, 83, 61, -9999, -9999, -9999, 65, 57, -9999, 2, -9999, 88, 53, -9999, -9999, -9999, -9999, -9999, 57, 4, 86, 7, -9999, -9999, 17, -9999, -9999, 79, 44, 15, -9999, -9999, -9999, 27, 51, -9999, 48, 87, 76, -9999, 77, -9999, 2, -9999, -9999, 7, -9999, -9999, 53, -9999, -9999, -9999, 28, -9999, -9999, -9999, 99, -9999, 48, -9999, 98, -9999, 32, -9999, -9999, -9999, 4, 70, -9999, 20, -9999, -9999, -9999, -9999, -9999, 31, -9999, 71, 60, -9999, -9999, -9999, -9999, -9999, 31, 36, -9999, -9999, -9999, 7, -9999, -9999, -9999, 58, -9999, -9999, 91, -9999, -9999, -9999],
[27, 31, 98, -9999, -9999, -9999, -9999, -9999, -9999, -9999, -9999, -9999, -9999, 31, -9999, -9999, -9999, -9999, 9, -9999, -9999, 13, 18, -9999, -9999, -9999, -9999, -9999, -9999, 2, -9999, 27, -9999, -9999, 60, 25, -9999, -9999, -9999, 5, 19, -9999, 83, -9999, 24, 26, 89, 34, 97, -9999, -9999, -9999, 19, 10, -9999, -9999, 47, -9999, 64, -9999, 63, 64, 5, -9999, -9999, -9999, 62, -9999, -9999, -9999, -9999, -9999, -9999, -9999, -9999, -9999, -9999, 31, 37, -9999, 84, -9999, 46, -9999, -9999, 54, -9999, -9999, 48, 9, -9999, -9999, 14, 96, 21, -9999, 80, -9999, -9999, 17],
[-9999, -9999, -9999, -9999, -9999, -9999, -9999, -9999, -9999, -9999, -9999, -9999, -9999, -9999, -9999, -9999, -9999, -9999, -9999, -9999, 92, -9999, 43, -9999, -9999, -9999, -9999, 6, -9999, -9999, -9999, -9999, -9999, -9999, 67, 87, -9999, -9999, -9999, -9999, -9999, -9999, -9999, -9999, -9999, -9999, 81, -9999, 23, -9999, -9999, -9999, -9999, -9999, -9999, -9999, 34, -9999, 57, -9999, -9999, -9999, -9999, -9999, -9999, -9999, 96, 99, -9999, 83, -9999, -9999, -9999, -9999, -9999, 74, -9999, 27, 14, -9999, 90, -9999, 28, 65, -9999, -9999, -9999, -9999, -9999, 98, -9999, -9999, -9999, -9999, -9999, 6, -9999, -9999, -9999, 10],
[-9999, -9999, -9999, -9999, -9999, -9999, -9999, -9999, -9999, -9999, -9999, -9999, -9999, -9999, -9999, -9999, -9999, -9999, -9999, -9999, -9999, -9999, -9999, -9999, -9999, -9999, -9999, 40, 56, -9999, -9999, -9999, -9999, -9999, -9999, -9999, -9999, -9999, -9999, 90, -9999, 2, -9999, -9999, -9999, -9999, -9999, -9999, 90, -9999, 73, -9999, -9999, 30, -9999, -9999, 83, 91, 59, -9999, -9999, -9999, -9999, -9999, -9999, -9999, 5, 7, 38, 87, -9999, -9999, -9999, -9999, -9999, 100, -9999, 100, -9999, -9999, 75, -9999, 54, -9999, -9999, -9999, -9999, -9999, 77, -9999, -9999, 47, -9999, -9999, -9999, 3, -9999, -9999, -9999, -9999],
[-9999, -9999, -9999, -9999, -9999, -9999, -9999, -9999, -9999, -9999, -9999, -9999, -9999, -9999, 59, -9999, -9999, -9999, 61, -9999, 59, -9999, 57, -9999, -9999, -9999, -9999, 2, -9999, -9999, -9999, -9999, -9999, -9999, 64, -9999, -9999, -9999, 3, 74, -9999, -9999, -9999, -9999, -9999, -9999, 69, -9999, 58, -9999, -9999, -9999, -9999, -9999, -9999, -9999, 92, 7, 48, -9999, -9999, -9999, -9999, -9999, -9999, -9999, 31, 98, -9999, 22, -9999, -9999, -9999, -9999, -9999, 83, -9999, 31, -9999, -9999, -9999, -9999, -9999, -9999, -9999, -9999, -9999, -9999, 53, 54, -9999, -9999, -9999, 74, -9999, -9999, -9999, -9999, -9999, -9999],
[21, 40, 64, -9999, 47, 46, 91, -9999, -9999, -9999, -9999, -9999, -9999, -9999, -9999, -9999, 32, 37, 49, -9999, 14, -9999, 90, -9999, 24, 23, -9999, 41, 48, 68, -9999, 77, -9999, 31, -9999, -9999, -9999, -9999, 55, 98, 71, 18, -9999, -9999, 14, 43, -9999, -9999, 85, -9999, -9999, -9999, -9999, -9999, -9999, -9999, 59, 81, 45, -9999, 47, 10, 38, -9999, -9999, -9999, 79, 18, -9999, -9999, 72, -9999, -9999, -9999, -9999, 91, -9999, 73, -9999, -9999, 18, -9999, 91, -9999, 98, 45, -9999, -9999, 63, -9999, -9999, -9999, 64, 24, 44, -9999, 9, -9999, -9999, 40],
[74, 96, 90, -9999, 81, -9999, 31, 10, -9999, 57, -9999, 46, -9999, -9999, -9999, -9999, 46, -9999, -9999, -9999, -9999, -9999, -9999, 70, -9999, 72, -9999, -9999, 47, 59, -9999, 17, -9999, 18, -9999, -9999, -9999, 93, -9999, 62, 63, -9999, -9999, -9999, 27, -9999, 32, -9999, 87, -9999, -9999, -9999, 76, -9999, -9999, -9999, 72, 98, 74, -9999, -9999, -9999, 15, 98, 42, -9999, 1, 87, -9999, 76, 91, -9999, -9999, -9999, -9999, 63, -9999, 60, 3, -9999, 76, -9999, 17, -9999, -9999, 4, -9999, -9999, 57, 73, -9999, -9999, 30, 67, -9999, 76, -9999, -9999, -9999, 38],
[-9999, -9999, -9999, 33, -9999, -9999, -9999, -9999, -9999, -9999, -9999, -9999, -9999, -9999, -9999, -9999, -9999, -9999, 26, -9999, 89, -9999, 15, -9999, -9999, -9999, 16, 11, 66, -9999, -9999, -9999, -9999, -9999, 21, -9999, -9999, -9999, 66, 49, -9999, -9999, -9999, -9999, -9999, -9999, 12, -9999, 18, 17, -9999, -9999, -9999, -9999, -9999, -9999, 14, -9999, 90, -9999, -9999, -9999, -9999, -9999, -9999, -9999, 7, 5, -9999, 71, -9999, -9999, -9999, -9999, -9999, 14, -9999, 28, 85, -9999, 81, -9999, 73, -9999, -9999, -9999, -9999, -9999, 22, -9999, -9999, -9999, -9999, -9999, -9999, 75, -9999, -9999, -9999, 34],
[17, 28, -9999, -9999, 69, 65, -9999, 15, -9999, 62, -9999, 68, 39, -9999, 20, -9999, 53, -9999, 87, 66, 24, -9999, 63, -9999, -9999, 58, -9999, -9999, 62, 79, -9999, 70, 32, -9999, 52, -9999, -9999, 27, 68, 20, -9999, -9999, 61, -9999, 6, 95, 29, -9999, 72, -9999, -9999, -9999, -9999, -9999, -9999, -9999, 99, 87, 57, -9999, 19, -9999, 86, -9999, 21, 90, 53, 24, -9999, -9999, -9999, -9999, -9999, -9999, -9999, 25, -9999, 66, 83, -9999, -9999, -9999, -9999, -9999, 26, 36, -9999, -9999, 13, 55, 14, -9999, 80, 49, 39, 57, 82, -9999, -9999, -9999],
[34, 40, 63, 81, 37, -9999, 93, -9999, -9999, -9999, -9999, 77, 45, -9999, -9999, -9999, -9999, -9999, -9999, -9999, 66, 32, -9999, -9999, 34, 100, -9999, 8, -9999, 8, -9999, 12, -9999, -9999, -9999, -9999, -9999, 14, 88, 79, 11, 10, 53, -9999, 61, 14, 87, -9999, 27, -9999, -9999, -9999, -9999, -9999, -9999, -9999, 27, 15, 47, 13, 65, 83, 56, -9999, -9999, -9999, 47, -9999, -9999, 53, 43, -9999, -9999, -9999, -9999, 83, -9999, 90, 63, -9999, 68, -9999, 75, -9999, 61, 83, -9999, -9999, 2, 1, -9999, -9999, 45, 90, 63, 94, -9999, -9999, -9999, -9999]
];
