NbNodes = 100;
NbNDDs = 0;
NbPairs = 100;
NbTerminals = 0;
K = 0;
L = 102;
Wt = [
[-9999, 10, 19, -9999, 9, 73, -9999, -9999, 4, -9999, -9999, 27, -9999, 66, 94, 31, 56, -9999, -9999, 84, -9999, 44, -9999, 15, 48, -9999, -9999, -9999, -9999, -9999, -9999, 63, -9999, 11, 63, 8, 87, 21, 32, -9999, -9999, -9999, -9999, -9999, -9999, -9999, -9999, -9999, -9999, 50, 90, 79, -9999, 8, -9999, -9999, 97, 10, -9999, -9999, 78, 4, 67, -9999, 98, 7, -9999, -9999, 66, 47, -9999, -9999, 12, -9999, -9999, -9999, -9999, -9999, 27, -9999, -9999, 77, -9999, 56, -9999, 27, -9999, 20, -9999, 43, -9999, -9999, -9999, 3, -9999, -9999, 15, -9999, 5, 67],
[-9999, -9999, -9999, -9999, -9999, -9999, -9999, 93, -9999, -9999, 44, -9999, -9999, -9999, -9999, -9999, 37, -9999, -9999, -9999, 100, -9999, -9999, -9999, -9999, -9999, -9999, -9999, 57, -9999, -9999, -9999, -9999, -9999, -9999, -9999, -9999, -9999, 53, 48, -9999, 27, -9999, -9999, 50, -9999, -9999, -9999, 12, -9999, -9999, 38, -9999, -9999, 100, -9999, -9999, -9999, -9999, -9999, 87, 97, -9999, -9999, -9999, 35, -9999, -9999, 64, -9999, 88, 98, -9999, -9999, -9999, -9999, 36, -9999, -9999, 15, -9999, -9999, -9999, 89, -9999, 10, -9999, -9999, -9999, -9999, 18, -9999, -9999, 8, -9999, -9999, -9999, -9999, -9999, -9999],
[-9999, -9999, -9999, -9999, -9999, -9999, -9999, -9999, -9999, -9999, -9999, -9999, -9999, -9999, -9999, -9999, 3, 55, -9999, -9999, 54, -9999, -9999, -9999, -9999, -9999, -9999, -9999, 17, -9999, -9999, -9999, -9999, 92, -9999, -9999, -9999, -9999, 40, 98, -9999, -9999, -9999, -9999, 20, 53, -9999, -9999, 56, -9999, 48, -9999, -9999, -9999, -9999, -9999, -9999, -9999, -9999, -9999, 83, -9999, -9999, -9999, -9999, 86, -9999, -9999, 76, -9999, -9999, -9999, -9999, -9999, 67, -9999, -9999, -9999, -9999, -9999, -9999, -9999, -9999, 83, -9999, 77, -9999, -9999, -9999, -9999, -9999, -9999, -9999, 34, -9999, -9999, -9999, -9999, -9999, -9999],
[-9999, -9999, -9999, -9999, -9999, -9999, -9999, -9999, -9999, -9999, -9999, -9999, -9999, -9999, -9999, 82, 3, -9999, -9999, -9999, 34, -9999, -9999, -9999, -9999, -9999, -9999, -9999, -9999, -9999, -9999, -9999, -9999, 34, -9999, -9999, -9999, -9999, -9999, 97, -9999, 16, -9999, -9999, 83, -9999, -9999, -9999, 46, -9999, -9999, -9999, -9999, -9999, -9999, -9999, -9999, -9999, -9999, -9999, 41, 74, -9999, -9999, -9999, -9999, -9999, -9999, 17, -9999, 31, -9999, -9999, -9999, 52, -9999, 94, -9999, -9999, 12, -9999, -9999, -9999, 29, -9999, 57, -9999, -9999, -9999, -9999, -9999, -9999, -9999, 7, -9999, -9999, -9999, -9999, -9999, -9999],
[79, 69, -9999, -9999, -9999, 65, -9999, -9999, -9999, 36, -9999, 21, -9999, -9999, 35, 28, 44, -9999, 40, 39, 61, -9999, -9999, 55, -9999, -9999, 23, 32, -9999, -9999, 90, -9999, -9999, 98, -9999, -9999, -9999, 25, -9999, 51, -9999, 37, -9999, -9999, -9999, 46, -9999, 44, 87, 56, -9999, -9999, -9999, 52, -9999, -9999, -9999, -9999, -9999, -9999, 45, -9999, -9999, -9999, 45, 38, -9999, -9999, -9999, 59, 66, -9999, -9999, -9999, -9999, 73, 14, -9999, 39, 22, 81, -9999, -9999, 25, 36, -9999, 5, 7, -9999, 13, 89, -9999, 15, 10, 79, -9999, -9999, -9999, -9999, 23],
[-9999, -9999, -9999, -9999, -9999, -9999, -9999, -9999, 6, -9999, -9999, -9999, -9999, -9999, -9999, 25, 71, 45, -9999, -9999, -9999, -9999, -9999, -9999, -9999, -9999, -9999, -9999, 53, -9999, -9999, -9999, 26, 90, -9999, -9999, -9999, -9999, 100, -9999, -9999, -9999, -9999, -9999, 9, 68, -9999, -9999, 53, -9999, 15, 38, -9999, -9999, -9999, -9999, -9999, -9999, -9999, -9999, 4, 62, -9999, -9999, -9999, 92, -9999, -9999, -9999, -9999, -9999, -9999, -9999, -9999, -9999, -9999, 26, -9999, -9999, -9999, -9999, -9999, -9999, -9999, -9999, -9999, -9999, -9999, -9999, -9999, -9999, -9999, -9999, 74, -9999, -9999, -9999, -9999, -9999, -9999],
[19, 93, -9999, -9999, -9999, 29, -9999, -9999, 80, 80, -9999, 38, -9999, 3, 39, 95, 35, 31, 41, 89, 66, 23, -9999, -9999, -9999, -9999, -9999, 87, 34, -9999, -9999, 20, -9999, 76, -9999, 5, 30, 70, 10, -9999, -9999, -9999, 78, -9999, 9, 1, -9999, 55, -9999, 33, 83, 65, -9999, -9999, -9999, -9999, -9999, 86, -9999, 78, 88, 95, 42, -9999, -9999, -9999, -9999, -9999, 64, 56, 30, -9999, -9999, 68, -9999, 87, -9999, -9999, -9999, 86, 81, -9999, -9999, 31, 82, 61, -9999, 11, 49, 67, 93, -9999, 23, 9, 29, -9999, -9999, 88, 63, 26],
[-9999, 59, -9999, -9999, -9999, 36, -9999, -9999, -9999, -9999, -9999, 90, -9999, 79, 3, 97, -9999, 86, -9999, 49, 27, 39, 14, 2, 2, -9999, 45, 79, 53, -9999, 47, 88, -9999, 12, 43, 15, 72, 60, 66, 26, -9999, 91, 80, 90, -9999, 46, -9999, -9999, 77, 29, -9999, 46, -9999, 19, -9999, -9999, -9999, -9999, -9999, 93, 38, 46, -9999, -9999, -9999, 30, -9999, -9999, 28, -9999, -9999, -9999, -9999, -9999, 74, 44, 88, -9999, -9999, 81, 42, -9999, -9999, -9999, -9999, 85, -9999, 67, -9999, -9999, -9999, -9999, -9999, 4, 87, -9999, 80, 34, 77, 3],
[35, 12, 8, -9999, 79, -9999, -9999, -9999, -9999, 17, -9999, 21, -9999, 93, 4, -9999, 56, -9999, 36, 43, 16, 93, -9999, 99, -9999, -9999, 90, 44, -9999, -9999, -9999, 14, -9999, 48, 51, -9999, -9999, 89, 61, 3, -9999, -9999, -9999, -9999, 64, 46, -9999, 20, 15, 63, -9999, -9999, -9999, 58, -9999, -9999, 52, -9999, -9999, 85, 59, -9999, -9999, -9999, 27, 38, -9999, -9999, 86, -9999, 90, -9999, 25, -9999, 13, 95, 84, -9999, 78, -9999, -9999, 54, -9999, -9999, -9999, 6, -9999, -9999, -9999, 17, 48, -9999, -9999, 46, -9999, 2, 83, 65, 74, -9999],
[-9999, -9999, -9999, -9999, -9999, -9999, -9999, -9999, -9999, -9999, -9999, -9999, -9999, -9999, -9999, -9999, -9999, -9999, -9999, -9999, 43, -9999, -9999, -9999, -9999, -9999, -9999, -9999, 83, -9999, -9999, -9999, 53, -9999, -9999, -9999, -9999, -9999, 31, 63, -9999, -9999, -9999, -9999, -9999, -9999, -9999, -9999, -9999, -9999, 90, -9999, -9999, -9999, -9999, -9999, -9999, -9999, -9999, -9999, 77, -9999, -9999, -9999, -9999, -9999, -9999, -9999, 42, -9999, 21, -9999, -9999, -9999, -9999, -9999, 89, -9999, -9999, 51, -9999, -9999, -9999, 78, -9999, 76, -9999, -9999, -9999, -9999, -9999, -9999, -9999, 53, -9999, -9999, -9999, -9999, -9999, -9999],
[44, 8, 66, -9999, -9999, 86, -9999, -9999, 68, -9999, -9999, 62, -9999, 42, -9999, 59, -9999, 61, -9999, 22, -9999, -9999, -9999, 59, 27, -9999, -9999, 70, -9999, -9999, -9999, 97, -9999, 9, 64, 30, -9999, 25, -9999, -9999, -9999, 64, 61, -9999, 80, -9999, -9999, -9999, 47, 33, -9999, -9999, -9999, 1, -9999, -9999, -9999, -9999, -9999, 66, 78, 67, 44, 69, 14, -9999, -9999, -9999, 35, 90, 71, -9999, -9999, -9999, 87, 49, 11, -9999, 95, 31, -9999, 21, -9999, 50, -9999, -9999, 54, -9999, 12, -9999, 78, -9999, 90, 29, -9999, -9999, 13, -9999, -9999, 92],
[17, 74, -9999, -9999, 40, -9999, -9999, -9999, 79, 31, -9999, -9999, -9999, 37, 11, -9999, -9999, -9999, 93, 25, -9999, 24, -9999, 5, 83, 34, -9999, -9999, 38, -9999, -9999, 25, -9999, 69, -9999, 70, -9999, 32, -9999, 10, -9999, 68, 20, 69, 87, 68, 58, -9999, 14, 95, -9999, 12, -9999, -9999, -9999, -9999, 36, -9999, 89, 64, 32, 64, 33, -9999, -9999, 82, -9999, -9999, -9999, -9999, 66, -9999, -9999, -9999, 11, 85, 56, 34, -9999, -9999, 40, 42, -9999, -9999, 90, 15, 89, -9999, -9999, -9999, -9999, -9999, 64, 88, 73, 35, 81, 2, 25, 7],
[-9999, -9999, -9999, -9999, -9999, -9999, -9999, -9999, -9999, -9999, -9999, -9999, -9999, -9999, -9999, 32, 88, -9999, -9999, -9999, 21, -9999, -9999, -9999, -9999, -9999, -9999, -9999, 40, -9999, -9999, -9999, -9999, -9999, -9999, -9999, -9999, -9999, 90, -9999, -9999, -9999, -9999, -9999, -9999, 14, -9999, -9999, -9999, -9999, -9999, 47, -9999, -9999, -9999, -9999, -9999, -9999, -9999, -9999, 85, -9999, -9999, 21, -9999, 45, 80, -9999, -9999, -9999, 54, -9999, -9999, -9999, 42, -9999, 25, -9999, -9999, -9999, -9999, -9999, -9999, -9999, -9999, -9999, -9999, -9999, -9999, -9999, -9999, -9999, -9999, 32, -9999, -9999, -9999, -9999, -9999, -9999],
[-9999, -9999, -9999, -9999, -9999, -9999, -9999, -9999, -9999, -9999, -9999, -9999, -9999, -9999, -9999, -9999, -9999, -9999, -9999, -9999, -9999, -9999, -9999, -9999, -9999, -9999, -9999, -9999, -9999, -9999, -9999, -9999, -9999, -9999, -9999, -9999, -9999, -9999, -9999, -9999, -9999, -9999, -9999, -9999, -9999, -9999, -9999, -9999, -9999, -9999, -9999, -9999, -9999, -9999, -9999, -9999, -9999, -9999, -9999, -9999, -9999, -9999, -9999, -9999, -9999, -9999, -9999, -9999, -9999, -9999, -9999, -9999, -9999, -9999, 11, -9999, -9999, -9999, -9999, -9999, -9999, -9999, -9999, -9999, -9999, -9999, -9999, -9999, -9999, -9999, -9999, -9999, -9999, -9999, -9999, -9999, -9999, -9999, -9999, -9999],
[-9999, -9999, -9999, -9999, -9999, -9999, -9999, -9999, 26, -9999, -9999, -9999, -9999, -9999, -9999, 63, -9999, 82, -9999, -9999, 64, -9999, -9999, -9999, -9999, -9999, -9999, -9999, 52, -9999, -9999, -9999, -9999, 16, -9999, -9999, -9999, -9999, 98, 43, -9999, -9999, -9999, -9999, 57, 38, -9999, -9999, -9999, -9999, -9999, 8, -9999, -9999, -9999, -9999, -9999, -9999, -9999, -9999, 41, -9999, -9999, -9999, -9999, 60, -9999, -9999, 4, -9999, -9999, 8, -9999, -9999, -9999, -9999, -9999, -9999, -9999, -9999, -9999, -9999, -9999, -9999, -9999, 22, -9999, -9999, -9999, -9999, -9999, -9999, -9999, 14, -9999, -9999, -9999, -9999, -9999, -9999],
[-9999, -9999, -9999, -9999, -9999, -9999, -9999, -9999, 24, -9999, -9999, -9999, -9999, -9999, -9999, -9999, 77, -9999, -9999, -9999, -9999, -9999, -9999, -9999, -9999, -9999, -9999, -9999, 65, -9999, -9999, -9999, -9999, -9999, -9999, -9999, -9999, -9999, -9999, 84, -9999, 29, -9999, -9999, -9999, -9999, -9999, -9999, 66, -9999, 20, -9999, -9999, -9999, -9999, -9999, -9999, -9999, -9999, -9999, 71, 32, -9999, -9999, -9999, -9999, -9999, -9999, 66, -9999, 35, -9999, -9999, -9999, 80, -9999, 7, -9999, -9999, -9999, 68, -9999, -9999, -9999, -9999, -9999, -9999, -9999, -9999, -9999, 92, -9999, -9999, 21, -9999, -9999, -9999, -9999, -9999, -9999],
[-9999, 76, -9999, -9999, -9999, 76, -9999, -9999, -9999, -9999, -9999, 4, -9999, 40, -9999, -9999, -9999, -9999, 63, 63, 8, 23, -9999, 83, 10, 93, 86, -9999, -9999, -9999, 35, -9999, -9999, -9999, 12, -9999, 46, 43, 87, 67, -9999, 19, -9999, 31, 33, 34, -9999, 99, 1, 12, -9999, 28, 28, 67, -9999, -9999, 27, 86, -9999, -9999, 26, 16, 19, -9999, -9999, 42, -9999, -9999, -9999, -9999, 71, -9999, -9999, -9999, -9999, 85, -9999, 19, 34, 51, -9999, -9999, -9999, 27, -9999, 64, -9999, 45, -9999, 75, 30, -9999, 64, 83, 84, -9999, -9999, 73, -9999, 45],
[70, 62, 21, -9999, -9999, -9999, -9999, -9999, -9999, -9999, -9999, -9999, -9999, 55, -9999, 62, -9999, -9999, 28, 83, -9999, 87, -9999, -9999, -9999, -9999, -9999, 63, 54, -9999, 85, -9999, -9999, 13, 46, 50, 57, 54, -9999, 51, -9999, -9999, -9999, -9999, -9999, 29, 27, -9999, 89, 78, 39, 25, -9999, -9999, -9999, -9999, 26, 75, -9999, 77, 78, 42, -9999, -9999, 35, 94, -9999, -9999, -9999, -9999, 18, -9999, 57, -9999, 79, 35, -9999, 83, 16, -9999, -9999, -9999, -9999, -9999, 95, -9999, -9999, -9999, -9999, -9999, 47, -9999, 75, 43, -9999, 29, 55, 22, -9999, -9999],
[-9999, 38, 47, -9999, -9999, -9999, -9999, -9999, 43, -9999, -9999, -9999, -9999, -9999, 46, 36, 66, -9999, -9999, 74, -9999, 8, -9999, -9999, -9999, -9999, -9999, -9999, -9999, -9999, 87, 94, -9999, -9999, 91, 70, 34, 12, 4, 15, -9999, 86, 25, -9999, 68, -9999, -9999, -9999, 60, 19, -9999, 49, -9999, 22, -9999, -9999, 17, -9999, -9999, -9999, 14, 97, 10, -9999, 42, 10, -9999, -9999, 2, 4, 87, -9999, -9999, -9999, -9999, -9999, 81, 87, -9999, -9999, -9999, -9999, -9999, 88, 35, -9999, 76, -9999, -9999, -9999, -9999, -9999, 69, 81, -9999, 97, -9999, 74, 43, -9999],
[-9999, 95, -9999, -9999, -9999, 86, -9999, -9999, 57, 44, -9999, 51, -9999, -9999, 99, 58, 62, 20, 81, -9999, 100, 44, -9999, 9, 53, 13, -9999, 27, 46, -9999, -9999, 77, -9999, -9999, 43, 51, 44, 44, 53, 18, -9999, 21, 58, 79, 91, 35, -9999, -9999, -9999, 91, 64, -9999, -9999, 72, -9999, -9999, -9999, 16, -9999, -9999, 66, 14, 24, -9999, 29, -9999, -9999, -9999, 49, -9999, -9999, -9999, -9999, -9999, -9999, 9, 74, 36, 80, 56, -9999, -9999, -9999, 78, -9999, 75, 38, 35, -9999, 55, 28, 17, 72, 24, 14, 15, 53, 95, -9999, 41],
[-9999, -9999, -9999, -9999, -9999, -9999, -9999, -9999, -9999, -9999, -9999, -9999, -9999, -9999, -9999, -9999, -9999, -9999, -9999, -9999, -9999, -9999, -9999, -9999, -9999, -9999, -9999, -9999, 41, -9999, -9999, -9999, -9999, 22, -9999, -9999, -9999, -9999, -9999, -9999, -9999, 68, -9999, -9999, 2, -9999, -9999, -9999, 66, -9999, -9999, 47, -9999, -9999, -9999, -9999, -9999, -9999, -9999, -9999, 93, -9999, -9999, -9999, -9999, -9999, -9999, -9999, 65, -9999, -9999, -9999, -9999, -9999, 20, -9999, 58, -9999, -9999, 81, -9999, -9999, -9999, 60, -9999, -9999, -9999, -9999, -9999, -9999, -9999, -9999, -9999, 11, -9999, -9999, -9999, -9999, -9999, -9999],
[96, 12, 52, -9999, -9999, -9999, -9999, -9999, 55, 11, -9999, 61, -9999, 72, -9999, -9999, -9999, 34, 83, 9, 68, -9999, -9999, 95, 79, -9999, -9999, -9999, 70, -9999, -9999, 55, -9999, -9999, -9999, 92, -9999, 38, 71, 97, 50, 12, 24, 35, 85, 10, 82, 17, 18, 44, -9999, -9999, -9999, -9999, -9999, -9999, -9999, -9999, -9999, -9999, 57, 12, 49, -9999, 55, -9999, -9999, -9999, 45, 86, -9999, -9999, -9999, -9999, -9999, -9999, 97, 63, 81, 29, -9999, 80, -9999, 60, 61, 68, 35, -9999, 45, 73, 73, -9999, -9999, 22, 26, 20, 75, -9999, -9999, 69],
[-9999, 79, 26, -9999, 27, -9999, -9999, -9999, 88, 50, -9999, 97, -9999, -9999, 97, 94, 6, -9999, -9999, 73, -9999, 42, -9999, 31, 36, -9999, 37, 93, -9999, -9999, 73, -9999, -9999, -9999, -9999, 95, 73, 57, 5, -9999, -9999, 60, 85, -9999, -9999, 98, -9999, 88, -9999, 99, -9999, -9999, -9999, 78, -9999, -9999, -9999, 92, -9999, -9999, 5, 79, 78, 32, 54, -9999, -9999, -9999, -9999, -9999, 57, -9999, -9999, -9999, -9999, -9999, 27, -9999, 8, -9999, -9999, 57, -9999, 86, 1, 37, -9999, -9999, 27, 5, 2, -9999, -9999, 8, -9999, 27, 87, -9999, -9999, -9999],
[4, 18, 37, -9999, 19, 7, -9999, -9999, -9999, 23, -9999, 81, -9999, -9999, -9999, 44, -9999, -9999, -9999, 53, -9999, 17, -9999, -9999, 54, -9999, -9999, -9999, 65, -9999, 3, -9999, -9999, -9999, -9999, 49, 59, 98, 7, 33, -9999, 44, 45, -9999, 30, -9999, -9999, -9999, 98, 31, -9999, 14, -9999, -9999, -9999, -9999, -9999, -9999, -9999, 82, 46, -9999, 23, -9999, 5, -9999, -9999, -9999, -9999, 80, 27, -9999, -9999, -9999, -9999, 80, -9999, -9999, 20, -9999, -9999, 92, -9999, 63, 10, 76, 60, -9999, -9999, -9999, 40, -9999, -9999, 7, -9999, -9999, 60, 41, -9999, 33],
[43, 17, -9999, -9999, 43, -9999, -9999, -9999, 78, 70, -9999, -9999, -9999, -9999, 65, -9999, 51, 70, 58, 80, 9, 79, 42, 96, -9999, -9999, -9999, 64, 77, -9999, 3, 8, -9999, -9999, -9999, 82, 50, 51, 16, 41, -9999, -9999, -9999, -9999, 31, -9999, 24, 90, -9999, 88, -9999, -9999, -9999, 26, -9999, -9999, -9999, 4, 51, -9999, 15, 21, 22, -9999, -9999, 67, -9999, -9999, -9999, -9999, -9999, -9999, -9999, -9999, -9999, -9999, -9999, 69, 59, -9999, -9999, -9999, -9999, -9999, -9999, -9999, 79, 2, 56, -9999, 85, -9999, 5, 4, 5, 11, 14, -9999, -9999, 72],
[-9999, -9999, -9999, -9999, -9999, -9999, -9999, -9999, -9999, -9999, -9999, -9999, -9999, -9999, -9999, 80, 77, -9999, -9999, -9999, -9999, -9999, -9999, -9999, -9999, -9999, -9999, -9999, -9999, -9999, -9999, -9999, -9999, 3, -9999, -9999, -9999, -9999, -9999, -9999, -9999, 5, -9999, -9999, -9999, 48, -9999, -9999, 66, -9999, -9999, -9999, -9999, -9999, -9999, -9999, -9999, -9999, -9999, -9999, 48, 85, -9999, -9999, -9999, 13, -9999, -9999, -9999, -9999, 24, -9999, -9999, -9999, -9999, -9999, -9999, -9999, -9999, 52, -9999, -9999, -9999, 18, -9999, -9999, -9999, -9999, -9999, -9999, -9999, -9999, -9999, -9999, -9999, -9999, -9999, -9999, -9999, -9999],
[-9999, -9999, -9999, -9999, -9999, -9999, -9999, -9999, -9999, -9999, -9999, -9999, -9999, -9999, -9999, -9999, -9999, -9999, -9999, -9999, -9999, -9999, -9999, -9999, -9999, -9999, -9999, -9999, -9999, -9999, -9999, -9999, -9999, -9999, -9999, -9999, -9999, -9999, -9999, -9999, -9999, -9999, -9999, -9999, -9999, -9999, -9999, -9999, -9999, -9999, -9999, -9999, -9999, -9999, -9999, -9999, -9999, -9999, -9999, -9999, -9999, -9999, -9999, -9999, -9999, -9999, -9999, -9999, -9999, -9999, -9999, -9999, -9999, -9999, 45, -9999, -9999, -9999, -9999, -9999, -9999, -9999, -9999, -9999, -9999, -9999, -9999, -9999, -9999, -9999, -9999, -9999, -9999, -9999, -9999, -9999, -9999, -9999, -9999, -9999],
[3, 19, -9999, 77, 44, 44, 64, -9999, -9999, 18, 67, 73, 84, 16, 86, 16, -9999, -9999, 3, 22, 41, -9999, -9999, -9999, 37, 62, -9999, -9999, 17, -9999, 16, -9999, -9999, -9999, 29, 6, 51, 41, 74, -9999, -9999, 11, 66, 89, 40, 44, -9999, 89, -9999, 64, -9999, 89, -9999, -9999, 98, -9999, 58, 78, -9999, -9999, 26, 76, -9999, -9999, 59, 11, -9999, 78, 43, -9999, -9999, 1, -9999, -9999, -9999, 67, 33, -9999, 82, -9999, -9999, 23, -9999, 36, 59, 19, -9999, -9999, -9999, 93, 85, -9999, -9999, 11, 88, 63, 8, -9999, -9999, -9999],
[-9999, -9999, -9999, -9999, -9999, -9999, -9999, -9999, -9999, -9999, -9999, -9999, -9999, -9999, -9999, -9999, -9999, -9999, -9999, -9999, 9, -9999, -9999, -9999, -9999, -9999, -9999, -9999, -9999, -9999, -9999, -9999, -9999, 51, -9999, -9999, -9999, -9999, 3, 94, -9999, 61, -9999, -9999, -9999, -9999, -9999, -9999, -9999, -9999, 41, -9999, -9999, -9999, -9999, -9999, -9999, -9999, -9999, -9999, 65, 85, -9999, -9999, -9999, 31, -9999, -9999, 46, -9999, -9999, -9999, -9999, -9999, 32, -9999, -9999, -9999, -9999, 88, -9999, -9999, -9999, 34, -9999, -9999, -9999, -9999, -9999, -9999, -9999, -9999, -9999, 93, -9999, -9999, -9999, -9999, -9999, -9999],
[42, 2, 70, -9999, 98, -9999, -9999, -9999, -9999, 32, -9999, 84, -9999, -9999, -9999, 12, 67, 16, 86, 10, -9999, -9999, -9999, 34, 29, 29, 12, 28, -9999, -9999, 29, 75, -9999, 57, -9999, 86, 82, 10, 10, 38, -9999, -9999, 78, -9999, 73, -9999, -9999, 48, -9999, 4, 21, 6, -9999, -9999, -9999, -9999, 98, 49, -9999, -9999, 15, -9999, 41, -9999, 21, -9999, -9999, -9999, 10, -9999, 32, -9999, -9999, -9999, 33, 64, -9999, -9999, 53, 36, -9999, -9999, -9999, 60, -9999, 72, 43, 5, -9999, -9999, -9999, -9999, -9999, 70, 45, 82, -9999, 43, -9999, -9999],
[11, 19, 90, -9999, 13, -9999, -9999, -9999, -9999, -9999, -9999, 32, -9999, -9999, -9999, -9999, 96, 94, 39, 19, 50, 5, -9999, 83, -9999, -9999, 87, -9999, 49, -9999, -9999, 45, -9999, -9999, -9999, 27, 57, 82, 22, -9999, -9999, 69, -9999, -9999, -9999, 75, -9999, 5, -9999, 63, -9999, 17, -9999, 99, -9999, -9999, 78, 92, -9999, 97, 78, 45, 72, -9999, -9999, 11, -9999, -9999, -9999, 68, 68, -9999, -9999, -9999, 79, -9999, 31, 1, 75, 28, -9999, -9999, -9999, 29, 90, 83, 50, -9999, 76, -9999, 7, -9999, 84, 4, 89, 49, 96, 74, 9, -9999],
[65, 53, -9999, -9999, 40, -9999, -9999, -9999, 89, 4, -9999, 77, -9999, -9999, 35, -9999, -9999, 97, -9999, 67, -9999, -9999, -9999, -9999, -9999, -9999, 42, 42, 27, -9999, -9999, -9999, -9999, -9999, 75, 69, 88, -9999, 23, 18, -9999, 18, -9999, -9999, -9999, -9999, -9999, 54, -9999, 31, 41, 17, -9999, 5, -9999, -9999, -9999, -9999, -9999, 22, 84, 8, 28, 73, 94, 63, -9999, -9999, 4, 31, 98, -9999, -9999, -9999, 83, 34, 31, -9999, -9999, 27, -9999, 26, -9999, -9999, -9999, -9999, -9999, 44, 43, 56, -9999, -9999, 4, 30, -9999, -9999, 39, -9999, 78, -9999],
[-9999, -9999, -9999, -9999, -9999, -9999, -9999, -9999, -9999, -9999, 26, -9999, -9999, -9999, -9999, 88, 12, 12, -9999, -9999, 74, -9999, -9999, -9999, -9999, -9999, -9999, -9999, -9999, -9999, -9999, -9999, -9999, 54, -9999, -9999, -9999, -9999, -9999, -9999, -9999, -9999, -9999, -9999, 73, -9999, -9999, -9999, 38, -9999, -9999, 44, -9999, -9999, 77, -9999, -9999, -9999, -9999, -9999, 61, 39, -9999, -9999, -9999, 93, 37, 47, -9999, -9999, 14, 3, -9999, -9999, 98, -9999, -9999, -9999, -9999, 4, -9999, -9999, -9999, -9999, -9999, 32, -9999, -9999, -9999, -9999, -9999, -9999, -9999, 67, -9999, -9999, -9999, -9999, -9999, -9999],
[20, 85, 28, -9999, 50, -9999, -9999, -9999, -9999, 75, -9999, 26, -9999, 19, 4, 51, 55, 57, -9999, 83, 51, 78, -9999, 55, -9999, -9999, 40, 57, 42, -9999, 7, -9999, -9999, -9999, -9999, -9999, 66, 90, -9999, -9999, -9999, -9999, 14, -9999, 31, -9999, -9999, -9999, -9999, 20, 80, -9999, -9999, -9999, -9999, -9999, 57, 1, -9999, -9999, 15, -9999, 15, -9999, -9999, 16, -9999, -9999, 68, 89, -9999, -9999, -9999, -9999, 79, 67, -9999, 91, -9999, 11, -9999, 61, -9999, -9999, -9999, 37, -9999, 56, 71, 22, 27, -9999, 76, -9999, -9999, 30, 16, -9999, 47, 83],
[-9999, -9999, -9999, -9999, -9999, -9999, -9999, -9999, 96, -9999, -9999, -9999, -9999, -9999, -9999, 29, 35, 28, -9999, -9999, 79, -9999, -9999, -9999, -9999, -9999, -9999, -9999, -9999, -9999, -9999, -9999, -9999, -9999, -9999, -9999, -9999, -9999, 8, 37, -9999, 21, -9999, -9999, 31, -9999, -9999, -9999, 5, -9999, 41, -9999, -9999, -9999, -9999, -9999, -9999, -9999, 49, -9999, 99, -9999, -9999, -9999, -9999, 19, -9999, -9999, 46, -9999, 97, -9999, -9999, -9999, 33, -9999, -9999, -9999, -9999, -9999, -9999, -9999, -9999, 29, -9999, 92, -9999, -9999, -9999, -9999, -9999, -9999, -9999, 19, -9999, -9999, -9999, -9999, -9999, -9999],
[-9999, 74, 8, -9999, 20, -9999, -9999, -9999, 36, 66, -9999, 1, -9999, 95, -9999, 51, 72, 67, 80, 24, -9999, 47, -9999, 40, -9999, -9999, -9999, -9999, 83, -9999, 4, -9999, -9999, 92, 65, -9999, 11, 79, 4, 92, 65, -9999, -9999, 41, -9999, -9999, -9999, -9999, -9999, 18, 68, 49, -9999, -9999, -9999, -9999, -9999, -9999, -9999, 93, 61, -9999, -9999, -9999, -9999, -9999, 98, -9999, 16, -9999, -9999, -9999, -9999, -9999, -9999, -9999, -9999, -9999, 53, 94, -9999, -9999, -9999, 2, -9999, 28, 45, 10, 46, -9999, 20, -9999, -9999, 23, 91, 19, 100, 15, 77, 75],
[-9999, 22, 88, -9999, 1, 100, -9999, -9999, 80, 31, -9999, 86, -9999, 40, 79, -9999, 49, 40, -9999, 89, 86, 64, -9999, 85, 9, -9999, 34, 15, 98, -9999, 94, -9999, -9999, -9999, 23, 22, -9999, 22, -9999, 48, -9999, 47, 42, 16, -9999, 72, -9999, -9999, 5, 14, -9999, -9999, -9999, -9999, -9999, -9999, 60, -9999, -9999, -9999, 68, 7, 15, -9999, 40, -9999, -9999, -9999, -9999, 85, -9999, -9999, -9999, -9999, 78, 57, 71, 69, 62, 98, -9999, -9999, -9999, 71, 39, 27, 95, -9999, -9999, -9999, 86, -9999, -9999, 45, 84, 85, -9999, -9999, 2, 43],
[39, 19, 99, 35, 48, 86, -9999, -9999, -9999, -9999, -9999, 98, -9999, -9999, -9999, -9999, -9999, 47, 61, 2, 67, -9999, 9, 33, 90, -9999, 71, -9999, 81, 41, -9999, 78, -9999, 19, 19, 52, -9999, -9999, -9999, 15, -9999, 70, 42, -9999, -9999, 21, -9999, 13, 88, 95, 89, -9999, -9999, -9999, -9999, 45, -9999, -9999, -9999, -9999, 75, 34, 51, -9999, -9999, 68, -9999, 68, -9999, 28, 14, 20, -9999, -9999, 70, 52, -9999, -9999, -9999, 60, -9999, 92, -9999, 82, -9999, 69, 30, -9999, 29, -9999, -9999, -9999, 45, 96, -9999, -9999, -9999, 69, -9999, 76],
[-9999, -9999, -9999, -9999, -9999, -9999, -9999, -9999, -9999, -9999, -9999, -9999, -9999, -9999, -9999, 56, -9999, 68, -9999, -9999, -9999, -9999, -9999, -9999, -9999, -9999, -9999, -9999, 61, -9999, -9999, -9999, -9999, -9999, -9999, -9999, -9999, -9999, -9999, -9999, -9999, -9999, -9999, -9999, -9999, 29, -9999, -9999, -9999, -9999, -9999, -9999, -9999, -9999, -9999, -9999, -9999, -9999, -9999, -9999, 92, -9999, -9999, -9999, -9999, 64, -9999, -9999, -9999, -9999, -9999, -9999, -9999, -9999, 39, -9999, 35, -9999, -9999, -9999, -9999, -9999, -9999, -9999, -9999, 14, -9999, -9999, -9999, -9999, -9999, -9999, -9999, 11, -9999, -9999, -9999, -9999, -9999, -9999],
[-9999, -9999, -9999, -9999, -9999, -9999, -9999, -9999, 36, -9999, -9999, -9999, -9999, -9999, -9999, 17, -9999, 79, -9999, -9999, 69, -9999, -9999, -9999, -9999, -9999, -9999, -9999, -9999, -9999, -9999, -9999, -9999, 9, -9999, -9999, -9999, -9999, -9999, -9999, -9999, 100, -9999, -9999, 22, -9999, -9999, -9999, -9999, -9999, 6, -9999, -9999, -9999, -9999, -9999, -9999, -9999, -9999, -9999, 66, 10, -9999, 63, -9999, -9999, -9999, -9999, -9999, -9999, 40, -9999, -9999, -9999, -9999, -9999, 76, -9999, -9999, -9999, -9999, -9999, -9999, -9999, -9999, 41, -9999, -9999, -9999, -9999, 55, -9999, -9999, 66, -9999, -9999, -9999, -9999, -9999, -9999],
[-9999, -9999, -9999, -9999, -9999, -9999, -9999, -9999, 31, -9999, -9999, -9999, -9999, -9999, -9999, -9999, 31, -9999, -9999, -9999, 9, -9999, -9999, -9999, -9999, -9999, -9999, -9999, 22, -9999, -9999, -9999, 68, 87, -9999, -9999, -9999, -9999, -9999, -9999, -9999, -9999, -9999, -9999, 86, 92, -9999, -9999, 97, -9999, 89, -9999, -9999, -9999, -9999, -9999, -9999, -9999, 40, -9999, 60, -9999, -9999, -9999, -9999, -9999, -9999, -9999, -9999, -9999, 34, -9999, -9999, -9999, 24, -9999, 58, -9999, -9999, -9999, 19, -9999, -9999, -9999, -9999, -9999, -9999, -9999, -9999, -9999, 56, -9999, -9999, 65, -9999, -9999, -9999, -9999, -9999, -9999],
[-9999, -9999, -9999, -9999, -9999, -9999, -9999, -9999, -9999, -9999, -9999, -9999, -9999, -9999, -9999, -9999, -9999, -9999, -9999, -9999, -9999, -9999, -9999, -9999, -9999, -9999, -9999, -9999, -9999, -9999, -9999, -9999, -9999, -9999, -9999, -9999, -9999, -9999, -9999, -9999, -9999, -9999, -9999, -9999, -9999, -9999, -9999, -9999, -9999, -9999, -9999, -9999, -9999, -9999, -9999, -9999, -9999, -9999, -9999, -9999, -9999, -9999, -9999, -9999, -9999, -9999, -9999, -9999, -9999, -9999, -9999, -9999, -9999, -9999, -9999, -9999, -9999, -9999, -9999, -9999, -9999, -9999, -9999, -9999, -9999, -9999, -9999, -9999, -9999, -9999, -9999, -9999, -9999, -9999, -9999, -9999, -9999, -9999, -9999, -9999],
[-9999, 28, 13, -9999, -9999, 79, -9999, -9999, -9999, -9999, -9999, 69, -9999, 66, 71, -9999, 80, -9999, -9999, 16, -9999, 42, -9999, 92, -9999, -9999, 59, 61, -9999, -9999, 24, 51, 22, -9999, -9999, 83, 88, 68, 6, 47, -9999, -9999, -9999, -9999, 61, 34, -9999, 90, 67, 9, 66, 33, -9999, -9999, -9999, -9999, 78, 88, 14, 28, 53, -9999, 2, -9999, -9999, -9999, -9999, -9999, -9999, -9999, 73, -9999, -9999, -9999, 74, 15, 83, -9999, -9999, 23, -9999, -9999, -9999, -9999, -9999, 11, 8, -9999, 60, 83, 85, -9999, 20, 2, 38, 57, 35, 66, 85, 26],
[25, 77, -9999, -9999, 87, -9999, -9999, -9999, -9999, 29, -9999, -9999, -9999, 34, 22, -9999, 91, 41, -9999, 38, 42, 81, -9999, 33, 72, -9999, 98, 63, -9999, -9999, 92, -9999, -9999, -9999, 98, 65, 91, 11, -9999, -9999, -9999, 77, 23, -9999, 3, 50, -9999, 47, 16, 39, 89, -9999, -9999, 50, -9999, -9999, 27, 12, -9999, -9999, -9999, 4, -9999, -9999, -9999, 16, 30, -9999, 99, 30, 91, -9999, -9999, -9999, -9999, 50, -9999, 83, -9999, -9999, -9999, 21, 85, 62, 93, 17, -9999, -9999, 98, -9999, 6, -9999, 18, 77, 51, 14, -9999, 58, 81, -9999],
[-9999, -9999, -9999, -9999, -9999, 54, -9999, -9999, -9999, -9999, -9999, -9999, -9999, -9999, -9999, -9999, -9999, -9999, -9999, -9999, -9999, -9999, -9999, -9999, -9999, -9999, -9999, -9999, -9999, -9999, -9999, 15, -9999, -9999, -9999, -9999, -9999, -9999, -9999, -9999, -9999, -9999, -9999, -9999, -9999, -9999, -9999, -9999, -9999, -9999, -9999, -9999, -9999, -9999, -9999, -9999, -9999, -9999, -9999, -9999, -9999, -9999, -9999, -9999, -9999, -9999, -9999, -9999, -9999, -9999, -9999, -9999, -9999, -9999, 88, 49, -9999, -9999, -9999, -9999, -9999, -9999, -9999, -9999, -9999, -9999, -9999, -9999, -9999, -9999, -9999, -9999, -9999, -9999, -9999, -9999, -9999, -9999, -9999, -9999],
[25, 5, 56, -9999, -9999, -9999, -9999, -9999, 98, 61, -9999, -9999, -9999, -9999, 96, 97, 24, 68, -9999, 3, -9999, 71, -9999, 19, 14, -9999, -9999, -9999, -9999, -9999, 98, -9999, -9999, -9999, -9999, 39, -9999, 40, -9999, 92, 21, 68, -9999, -9999, -9999, -9999, 41, -9999, 63, 98, 24, 33, -9999, 64, -9999, -9999, 9, -9999, -9999, 52, 47, 99, 66, -9999, -9999, 60, 7, -9999, -9999, -9999, -9999, -9999, 41, -9999, 76, -9999, -9999, 62, 19, 23, -9999, 37, -9999, -9999, 69, -9999, 78, -9999, 44, -9999, 78, -9999, -9999, 4, 95, -9999, -9999, 15, 75, -9999],
[-9999, -9999, -9999, -9999, -9999, -9999, -9999, -9999, -9999, -9999, -9999, -9999, -9999, -9999, -9999, 57, 16, 84, -9999, -9999, -9999, -9999, -9999, -9999, -9999, -9999, -9999, -9999, -9999, -9999, -9999, -9999, -9999, 8, -9999, -9999, -9999, -9999, 83, 32, -9999, -9999, -9999, -9999, 84, 86, -9999, -9999, -9999, -9999, 15, 27, -9999, -9999, -9999, -9999, -9999, -9999, -9999, -9999, 43, 32, -9999, -9999, -9999, -9999, -9999, -9999, -9999, -9999, 47, -9999, -9999, -9999, 93, -9999, -9999, -9999, -9999, -9999, -9999, -9999, -9999, -9999, -9999, -9999, -9999, -9999, -9999, -9999, -9999, -9999, -9999, 98, -9999, -9999, -9999, -9999, -9999, -9999],
[-9999, 80, 17, -9999, -9999, 98, -9999, -9999, 67, 97, -9999, -9999, -9999, -9999, -9999, -9999, 69, 86, 31, 63, 63, -9999, 94, 3, 67, -9999, -9999, -9999, 11, -9999, 19, 90, 38, 38, -9999, -9999, 50, 50, 69, -9999, -9999, 45, 23, 61, 15, 80, -9999, -9999, -9999, 33, -9999, 33, -9999, 23, -9999, -9999, -9999, 53, -9999, 42, 91, 100, -9999, -9999, -9999, -9999, -9999, -9999, 57, 98, 10, -9999, 55, -9999, 27, -9999, 34, 80, -9999, 99, -9999, -9999, -9999, 81, -9999, -9999, 25, 63, 3, 41, 88, -9999, 87, 16, 14, 36, -9999, -9999, 80, -9999],
[-9999, 48, -9999, -9999, -9999, 25, -9999, -9999, -9999, -9999, -9999, -9999, -9999, 74, 57, 69, 38, -9999, 61, 17, -9999, 70, -9999, 43, -9999, -9999, 74, 67, 4, -9999, 93, -9999, -9999, -9999, -9999, 15, 51, 19, -9999, -9999, -9999, -9999, 37, 30, -9999, 32, -9999, 35, -9999, 70, 47, 81, -9999, 95, -9999, -9999, -9999, -9999, -9999, 57, 14, 66, -9999, -9999, 21, -9999, -9999, -9999, 77, -9999, 10, -9999, -9999, -9999, 46, -9999, 87, -9999, 7, -9999, -9999, 96, -9999, 100, 19, -9999, -9999, -9999, 88, 91, -9999, -9999, -9999, 94, 47, 55, -9999, 98, 70, -9999],
[-9999, 49, 21, -9999, 48, -9999, -9999, -9999, 88, 2, -9999, -9999, -9999, -9999, 94, -9999, 56, 59, 100, 96, 21, 67, -9999, -9999, -9999, -9999, -9999, -9999, -9999, -9999, 51, 33, -9999, 13, -9999, 43, -9999, 18, -9999, 3, -9999, 61, 55, -9999, -9999, 79, -9999, -9999, 8, -9999, -9999, -9999, -9999, 4, -9999, -9999, 34, -9999, -9999, -9999, 17, -9999, -9999, -9999, -9999, -9999, -9999, -9999, 21, 4, -9999, -9999, 74, -9999, -9999, 5, 25, -9999, -9999, -9999, -9999, 57, -9999, 80, 50, -9999, 25, 11, -9999, 59, 76, -9999, -9999, 55, 59, 13, -9999, 61, 58, -9999],
[-9999, 85, 38, -9999, -9999, -9999, -9999, -9999, -9999, -9999, -9999, -9999, -9999, -9999, -9999, -9999, 80, 46, 70, 63, 81, 46, -9999, 33, 34, -9999, -9999, -9999, -9999, -9999, 92, 36, -9999, -9999, -9999, 63, -9999, 28, -9999, 56, -9999, 4, -9999, -9999, 97, 97, -9999, 35, 47, 42, -9999, -9999, -9999, -9999, -9999, -9999, 92, 21, -9999, -9999, 60, 97, -9999, 98, 3, 52, 24, -9999, -9999, -9999, 10, -9999, -9999, -9999, 30, 11, -9999, -9999, 48, 67, 16, 31, -9999, 100, -9999, 1, 74, -9999, 99, -9999, 89, -9999, 31, 63, 10, -9999, 48, 50, -9999, -9999],
[-9999, -9999, -9999, -9999, -9999, -9999, -9999, -9999, -9999, -9999, -9999, -9999, -9999, -9999, -9999, -9999, -9999, -9999, -9999, -9999, -9999, -9999, -9999, -9999, -9999, -9999, -9999, -9999, -9999, -9999, -9999, 96, -9999, -9999, -9999, -9999, -9999, -9999, -9999, -9999, -9999, -9999, -9999, -9999, -9999, -9999, -9999, -9999, -9999, -9999, -9999, -9999, -9999, -9999, -9999, -9999, -9999, -9999, -9999, -9999, -9999, -9999, -9999, -9999, -9999, -9999, -9999, -9999, -9999, -9999, -9999, -9999, -9999, -9999, -9999, 89, -9999, -9999, -9999, -9999, -9999, -9999, -9999, -9999, -9999, -9999, -9999, -9999, -9999, -9999, -9999, -9999, -9999, -9999, -9999, -9999, -9999, 3, -9999, -9999],
[33, 30, 80, -9999, -9999, 93, -9999, -9999, 40, 44, -9999, 17, -9999, 76, 10, 52, 34, -9999, 18, 28, -9999, -9999, -9999, -9999, 98, -9999, 55, -9999, -9999, -9999, 18, 43, -9999, 26, 74, -9999, -9999, 36, 59, 50, -9999, 89, 42, -9999, -9999, 6, -9999, 57, 22, -9999, 72, -9999, -9999, 96, -9999, -9999, 19, -9999, -9999, 63, 16, 18, -9999, -9999, 45, -9999, -9999, -9999, 70, -9999, -9999, -9999, 20, -9999, 22, 22, -9999, 15, 29, 94, -9999, -9999, -9999, 18, -9999, -9999, -9999, -9999, 94, 86, 81, -9999, 49, 91, -9999, -9999, -9999, 61, -9999, -9999],
[-9999, -9999, -9999, -9999, -9999, -9999, 8, 61, 33, -9999, 68, -9999, -9999, -9999, -9999, -9999, 19, -9999, -9999, -9999, 42, -9999, -9999, -9999, -9999, -9999, -9999, -9999, 5, -9999, -9999, -9999, 40, -9999, -9999, -9999, -9999, -9999, 53, -9999, -9999, 79, -9999, -9999, 48, 47, -9999, -9999, 20, -9999, 18, 29, -9999, -9999, 59, -9999, -9999, -9999, -9999, -9999, 23, 63, -9999, -9999, -9999, 42, -9999, 24, 34, -9999, 4, 53, -9999, -9999, -9999, -9999, 90, -9999, -9999, 11, -9999, -9999, -9999, 53, -9999, 10, -9999, -9999, -9999, -9999, 50, -9999, -9999, 79, -9999, -9999, -9999, -9999, -9999, -9999],
[-9999, 76, 75, -9999, 91, 30, -9999, -9999, 98, 33, -9999, 73, -9999, 23, -9999, 72, -9999, 63, -9999, 85, 91, 74, -9999, -9999, 55, -9999, -9999, 82, 15, -9999, 75, 60, -9999, -9999, 87, -9999, -9999, 72, 37, 100, -9999, 48, -9999, 39, 11, -9999, 24, -9999, 76, 11, -9999, 52, -9999, -9999, -9999, -9999, -9999, 25, -9999, 26, 9, 45, 89, -9999, 82, 4, -9999, -9999, 36, 84, 100, -9999, 6, -9999, -9999, -9999, 57, -9999, 77, -9999, 97, -9999, -9999, -9999, -9999, 26, 73, 95, -9999, -9999, 32, -9999, -9999, 4, -9999, -9999, 80, 42, 74, 96],
[-9999, -9999, 2, 80, 8, 35, -9999, 30, 44, -9999, -9999, 71, 11, 24, 12, 82, 93, 81, 72, 61, -9999, -9999, 32, 43, 24, -9999, 64, -9999, 89, 46, 81, 13, -9999, 27, -9999, -9999, 10, 74, 55, -9999, -9999, -9999, 14, -9999, -9999, -9999, -9999, 89, 53, 94, -9999, -9999, -9999, -9999, 34, -9999, -9999, 88, -9999, 57, 67, 55, 17, -9999, -9999, 29, -9999, -9999, 80, -9999, -9999, 47, -9999, -9999, -9999, 25, -9999, 52, -9999, 45, -9999, 84, -9999, 61, -9999, -9999, -9999, -9999, 97, 96, -9999, -9999, 16, 71, 44, 29, 22, 58, 25, 43],
[-9999, 36, 64, -9999, -9999, -9999, -9999, -9999, 100, 86, -9999, 45, -9999, -9999, -9999, 65, -9999, 13, 56, 46, 59, -9999, -9999, 24, -9999, -9999, 27, -9999, 9, -9999, -9999, -9999, -9999, -9999, 50, -9999, 13, 37, 25, 88, -9999, -9999, 21, -9999, 65, -9999, -9999, 97, 30, 59, -9999, -9999, -9999, -9999, -9999, -9999, -9999, 11, -9999, -9999, 85, 71, -9999, -9999, -9999, 58, -9999, -9999, 68, -9999, -9999, -9999, -9999, 45, 89, -9999, -9999, 49, 40, 24, -9999, 69, -9999, 82, -9999, -9999, -9999, -9999, 10, -9999, 8, -9999, 40, 14, 57, 91, 87, 11, -9999, -9999],
[-9999, -9999, -9999, -9999, -9999, -9999, -9999, -9999, -9999, -9999, -9999, -9999, -9999, -9999, -9999, 37, -9999, -9999, -9999, -9999, 49, -9999, -9999, -9999, -9999, -9999, -9999, -9999, -9999, -9999, -9999, -9999, -9999, -9999, -9999, -9999, -9999, -9999, -9999, -9999, -9999, -9999, -9999, -9999, -9999, -9999, -9999, -9999, 52, -9999, -9999, 4, -9999, -9999, -9999, -9999, -9999, -9999, 75, -9999, 63, 1, -9999, -9999, -9999, 43, -9999, -9999, 16, -9999, -9999, -9999, -9999, -9999, 65, -9999, -9999, -9999, -9999, 6, -9999, -9999, -9999, 8, -9999, -9999, -9999, -9999, -9999, -9999, 69, -9999, -9999, 51, -9999, -9999, -9999, -9999, -9999, -9999],
[-9999, -9999, -9999, -9999, -9999, -9999, -9999, -9999, -9999, -9999, -9999, -9999, -9999, -9999, -9999, 3, 47, -9999, -9999, -9999, -9999, -9999, -9999, -9999, -9999, -9999, -9999, -9999, 92, -9999, -9999, -9999, -9999, 1, -9999, -9999, -9999, -9999, 20, 25, -9999, 57, -9999, -9999, 69, 24, -9999, -9999, 92, -9999, 84, -9999, -9999, -9999, -9999, -9999, -9999, -9999, -9999, -9999, 38, 16, -9999, 13, -9999, 79, -9999, -9999, -9999, -9999, -9999, -9999, -9999, -9999, 96, -9999, 83, -9999, -9999, 82, -9999, -9999, -9999, 75, -9999, -9999, -9999, -9999, -9999, -9999, -9999, -9999, -9999, 98, -9999, -9999, -9999, -9999, -9999, -9999],
[-9999, -9999, -9999, -9999, -9999, -9999, -9999, -9999, -9999, -9999, -9999, -9999, -9999, -9999, -9999, -9999, -9999, -9999, -9999, -9999, -9999, -9999, -9999, -9999, -9999, -9999, -9999, -9999, -9999, -9999, -9999, -9999, -9999, -9999, -9999, -9999, -9999, -9999, -9999, -9999, -9999, -9999, -9999, -9999, -9999, -9999, -9999, -9999, -9999, -9999, -9999, -9999, -9999, -9999, -9999, -9999, -9999, -9999, -9999, -9999, -9999, -9999, -9999, -9999, -9999, -9999, -9999, -9999, -9999, -9999, -9999, -9999, -9999, -9999, 95, -9999, -9999, -9999, -9999, -9999, -9999, -9999, -9999, -9999, -9999, -9999, -9999, -9999, -9999, -9999, -9999, -9999, -9999, -9999, -9999, -9999, -9999, -9999, -9999, -9999],
[-9999, -9999, -9999, -9999, -9999, -9999, -9999, -9999, 76, -9999, -9999, -9999, -9999, -9999, -9999, -9999, -9999, -9999, -9999, -9999, 46, -9999, -9999, -9999, -9999, -9999, -9999, -9999, 12, -9999, -9999, -9999, -9999, -9999, -9999, -9999, -9999, -9999, 64, 26, -9999, -9999, -9999, -9999, 11, -9999, -9999, -9999, -9999, -9999, 31, 61, -9999, -9999, -9999, -9999, -9999, -9999, -9999, -9999, -9999, 92, -9999, -9999, -9999, -9999, -9999, -9999, -9999, -9999, 9, -9999, -9999, -9999, 87, -9999, -9999, -9999, -9999, -9999, -9999, -9999, -9999, 8, -9999, -9999, -9999, -9999, -9999, -9999, -9999, -9999, -9999, 86, -9999, -9999, -9999, -9999, -9999, -9999],
[-9999, -9999, -9999, -9999, -9999, 15, -9999, -9999, -9999, -9999, -9999, -9999, -9999, -9999, -9999, -9999, -9999, -9999, -9999, -9999, -9999, -9999, -9999, -9999, -9999, -9999, -9999, -9999, -9999, -9999, -9999, -9999, -9999, -9999, -9999, -9999, -9999, -9999, -9999, -9999, -9999, -9999, -9999, -9999, -9999, -9999, -9999, -9999, -9999, -9999, -9999, -9999, -9999, -9999, -9999, -9999, -9999, -9999, -9999, -9999, -9999, -9999, -9999, -9999, -9999, -9999, -9999, -9999, -9999, -9999, -9999, -9999, -9999, -9999, 68, -9999, -9999, -9999, -9999, -9999, -9999, -9999, -9999, -9999, -9999, -9999, -9999, -9999, -9999, -9999, -9999, -9999, -9999, -9999, -9999, -9999, -9999, -9999, -9999, -9999],
[-9999, -9999, -9999, -9999, -9999, 6, -9999, -9999, -9999, -9999, -9999, -9999, -9999, -9999, -9999, -9999, -9999, -9999, -9999, -9999, -9999, -9999, -9999, -9999, -9999, -9999, -9999, -9999, -9999, -9999, -9999, 61, -9999, -9999, -9999, -9999, -9999, -9999, -9999, -9999, -9999, -9999, -9999, -9999, -9999, -9999, -9999, -9999, -9999, -9999, -9999, -9999, -9999, -9999, -9999, -9999, -9999, -9999, -9999, -9999, -9999, -9999, -9999, -9999, -9999, -9999, -9999, -9999, -9999, -9999, -9999, -9999, -9999, -9999, -9999, 100, -9999, -9999, -9999, -9999, -9999, -9999, -9999, -9999, -9999, -9999, -9999, -9999, -9999, -9999, -9999, -9999, -9999, -9999, -9999, -9999, -9999, 88, -9999, -9999],
[-9999, 74, -9999, 24, -9999, -9999, -9999, -9999, 17, 86, 27, 67, 25, 59, 48, -9999, 53, 30, 97, 53, 99, -9999, -9999, 61, -9999, 15, 15, -9999, 80, 77, 69, 71, 16, 65, -9999, -9999, 44, 48, 2, 17, -9999, -9999, -9999, 38, -9999, 11, -9999, -9999, 98, 66, 93, -9999, 53, -9999, 32, -9999, -9999, 96, -9999, 61, 67, 15, 63, -9999, 61, 98, -9999, 25, 75, 27, 77, 37, -9999, -9999, -9999, 18, -9999, -9999, 98, 26, -9999, 36, -9999, -9999, -9999, -9999, -9999, 33, 58, 90, -9999, -9999, 57, 14, 4, 94, -9999, -9999, -9999, 86],
[94, 49, 44, -9999, 44, 55, -9999, -9999, -9999, -9999, -9999, 36, -9999, 31, 8, 30, 76, -9999, 99, 97, -9999, 48, -9999, 55, 61, -9999, -9999, -9999, -9999, -9999, -9999, 12, 13, 92, 12, 14, 28, 61, -9999, 46, -9999, 5, -9999, -9999, 32, -9999, -9999, 8, 35, 55, 67, 60, -9999, 94, -9999, -9999, 46, -9999, -9999, 8, 26, -9999, 8, -9999, -9999, 93, -9999, -9999, -9999, 91, 41, -9999, -9999, 84, 65, 54, 95, -9999, -9999, 62, -9999, -9999, -9999, -9999, 69, 73, -9999, -9999, -9999, 28, 76, -9999, -9999, 79, 85, 9, 88, -9999, 61, -9999],
[-9999, -9999, -9999, -9999, -9999, -9999, -9999, -9999, -9999, -9999, -9999, -9999, -9999, -9999, -9999, 23, -9999, 83, -9999, -9999, 54, -9999, -9999, -9999, -9999, -9999, -9999, -9999, 88, -9999, -9999, -9999, -9999, -9999, -9999, -9999, -9999, -9999, -9999, -9999, -9999, 90, -9999, -9999, 3, 15, -9999, -9999, 62, -9999, -9999, 65, -9999, -9999, -9999, -9999, -9999, -9999, -9999, -9999, 39, -9999, -9999, -9999, -9999, -9999, -9999, -9999, -9999, -9999, -9999, -9999, -9999, -9999, 70, -9999, 21, -9999, -9999, 43, 9, -9999, -9999, 4, -9999, 45, -9999, -9999, -9999, -9999, 72, -9999, -9999, 11, -9999, -9999, -9999, -9999, -9999, -9999],
[54, 8, 13, 38, 23, 79, -9999, -9999, -9999, -9999, 95, -9999, -9999, -9999, 22, 74, 52, 88, 86, 47, 19, -9999, -9999, 8, 77, 45, -9999, -9999, 75, 98, -9999, 88, -9999, 97, -9999, 97, 2, 22, 34, 74, -9999, 22, -9999, 12, -9999, -9999, -9999, 70, -9999, 19, 30, 54, -9999, 37, -9999, -9999, 89, -9999, -9999, 12, 97, 67, 39, -9999, -9999, -9999, -9999, -9999, 66, 34, 17, 62, -9999, -9999, -9999, -9999, 80, 82, 67, -9999, -9999, -9999, -9999, -9999, 25, 47, -9999, -9999, -9999, -9999, 26, -9999, 40, 77, -9999, -9999, 64, -9999, -9999, -9999],
[76, 41, 83, -9999, -9999, -9999, -9999, -9999, 60, 94, -9999, -9999, -9999, 24, -9999, 74, -9999, -9999, -9999, 100, 3, 4, -9999, 67, 92, -9999, -9999, 25, -9999, -9999, -9999, 38, -9999, -9999, 64, -9999, 32, 33, -9999, -9999, -9999, -9999, 81, 47, 6, 36, -9999, 48, 36, 24, 5, 28, -9999, -9999, -9999, -9999, -9999, -9999, -9999, 48, 46, 6, 23, -9999, -9999, 77, -9999, -9999, -9999, -9999, 11, -9999, -9999, -9999, -9999, 74, -9999, -9999, 38, -9999, -9999, 50, -9999, -9999, 82, -9999, 76, 42, 34, 32, 80, -9999, 96, 51, -9999, 97, 25, 87, 42, 95],
[-9999, 49, 8, -9999, -9999, 38, -9999, -9999, -9999, 38, -9999, 30, -9999, -9999, 1, -9999, 76, -9999, 64, 35, 82, 11, -9999, -9999, 78, -9999, 11, -9999, 9, -9999, -9999, 27, -9999, 68, 97, -9999, -9999, 38, -9999, -9999, -9999, -9999, -9999, -9999, -9999, 58, -9999, 37, 25, 80, 54, 15, -9999, -9999, -9999, -9999, 32, 39, -9999, -9999, 9, 42, 61, -9999, -9999, 5, -9999, -9999, -9999, 26, -9999, -9999, -9999, -9999, 6, 55, 57, -9999, 44, 100, -9999, 77, -9999, -9999, 30, -9999, 48, 30, 75, -9999, -9999, 48, 24, 60, -9999, -9999, 25, 94, -9999, -9999],
[-9999, -9999, -9999, -9999, -9999, -9999, -9999, -9999, -9999, -9999, -9999, -9999, -9999, -9999, -9999, -9999, 4, 40, -9999, -9999, -9999, -9999, -9999, -9999, -9999, -9999, -9999, -9999, 37, -9999, -9999, -9999, -9999, 55, -9999, -9999, -9999, -9999, 56, 54, -9999, 43, -9999, -9999, 93, -9999, -9999, -9999, 15, -9999, 19, -9999, -9999, -9999, -9999, -9999, -9999, -9999, -9999, -9999, 84, 39, -9999, -9999, -9999, -9999, -9999, -9999, -9999, -9999, -9999, -9999, 73, -9999, 69, -9999, -9999, -9999, -9999, 1, -9999, -9999, -9999, -9999, -9999, 97, -9999, -9999, -9999, -9999, 80, -9999, -9999, 70, -9999, -9999, -9999, -9999, -9999, -9999],
[7, 61, -9999, 53, 6, -9999, -9999, 18, -9999, 74, 23, -9999, -9999, 9, 42, 93, 6, -9999, 46, 75, 94, 4, -9999, -9999, 57, -9999, -9999, 70, 73, -9999, 14, 34, -9999, 88, 62, 26, 96, 54, 7, 42, -9999, -9999, 96, 54, 38, 95, -9999, 94, 76, 18, 75, 34, 25, 63, 9, 45, 58, -9999, -9999, -9999, 32, 51, 61, -9999, 17, -9999, -9999, 85, -9999, 71, -9999, 83, -9999, -9999, -9999, -9999, 93, 42, 36, 85, -9999, 52, -9999, 33, -9999, 28, -9999, 15, 40, 86, 75, -9999, -9999, 22, -9999, -9999, 62, -9999, 38, 85],
[-9999, -9999, -9999, -9999, -9999, -9999, -9999, -9999, 32, -9999, -9999, -9999, -9999, -9999, -9999, 15, 47, -9999, -9999, -9999, 1, -9999, -9999, -9999, -9999, -9999, -9999, -9999, -9999, -9999, -9999, -9999, -9999, -9999, -9999, -9999, -9999, -9999, 70, 81, -9999, -9999, -9999, -9999, -9999, 89, -9999, -9999, 57, -9999, 45, -9999, -9999, -9999, -9999, -9999, -9999, -9999, -9999, -9999, 2, -9999, -9999, 92, -9999, 67, -9999, -9999, 58, -9999, 65, -9999, -9999, -9999, -9999, -9999, -9999, -9999, -9999, 95, -9999, -9999, -9999, -9999, -9999, -9999, -9999, -9999, -9999, -9999, 4, -9999, -9999, 30, -9999, -9999, -9999, -9999, -9999, -9999],
[39, 87, -9999, -9999, -9999, 32, -9999, -9999, 63, 11, -9999, -9999, -9999, 19, 12, -9999, 56, -9999, 64, 47, 17, 16, -9999, -9999, -9999, -9999, -9999, 77, 100, -9999, 57, -9999, -9999, 74, -9999, -9999, 67, 40, 28, 84, -9999, 22, -9999, 76, 29, -9999, -9999, -9999, 78, 36, 40, 31, -9999, -9999, -9999, -9999, -9999, -9999, -9999, 36, 45, 17, 79, -9999, 24, -9999, -9999, -9999, 25, -9999, 8, -9999, -9999, -9999, 95, 25, -9999, 92, -9999, 49, -9999, 90, -9999, 94, 60, -9999, -9999, -9999, -9999, 17, 83, -9999, -9999, 30, -9999, 44, 93, -9999, 3, -9999],
[-9999, 49, 11, -9999, 12, -9999, -9999, -9999, 46, 37, -9999, -9999, -9999, -9999, 29, -9999, 91, -9999, 42, 19, -9999, 3, -9999, -9999, 60, -9999, 22, 1, -9999, -9999, 41, -9999, -9999, -9999, 56, 28, -9999, 28, -9999, 99, -9999, 56, -9999, -9999, 37, 21, -9999, -9999, 28, 24, -9999, 43, -9999, 85, -9999, -9999, 21, 35, -9999, -9999, 52, -9999, 9, -9999, -9999, 52, -9999, -9999, 50, -9999, 33, -9999, -9999, -9999, 58, 39, 31, 89, -9999, -9999, -9999, 16, -9999, 64, -9999, -9999, 80, -9999, 73, 14, -9999, -9999, 59, 73, 61, -9999, 86, 59, 75, -9999],
[-9999, -9999, -9999, -9999, -9999, -9999, -9999, 63, 59, -9999, -9999, -9999, -9999, -9999, -9999, -9999, 53, -9999, -9999, -9999, 66, -9999, -9999, -9999, -9999, -9999, -9999, -9999, 12, -9999, -9999, -9999, -9999, -9999, -9999, -9999, -9999, -9999, -9999, 5, -9999, 53, -9999, -9999, -9999, 7, -9999, -9999, 88, -9999, 67, 92, -9999, -9999, 54, -9999, -9999, -9999, -9999, -9999, 44, 34, -9999, -9999, -9999, -9999, -9999, 98, -9999, -9999, 9, 81, -9999, -9999, -9999, -9999, 82, -9999, -9999, -9999, 36, -9999, -9999, -9999, -9999, -9999, -9999, -9999, -9999, -9999, 37, -9999, -9999, 46, -9999, -9999, -9999, -9999, -9999, -9999],
[43, 73, 71, -9999, 42, 59, -9999, -9999, -9999, 94, -9999, 6, -9999, 47, -9999, -9999, 75, 51, 4, 77, 29, -9999, -9999, 77, -9999, -9999, -9999, 17, -9999, -9999, 52, -9999, -9999, -9999, -9999, 79, 48, 55, 76, 94, 41, 42, 80, 56, 8, -9999, -9999, 89, 14, 76, 93, 23, -9999, -9999, -9999, -9999, -9999, -9999, -9999, -9999, 71, 83, -9999, -9999, -9999, 85, -9999, -9999, 2, 50, -9999, -9999, -9999, -9999, -9999, -9999, -9999, -9999, 43, 69, 24, -9999, -9999, 56, 90, -9999, 11, -9999, -9999, 2, 81, 6, 100, 80, -9999, -9999, 86, 12, -9999, 38],
[25, 14, -9999, 44, -9999, -9999, -9999, 48, 24, 38, -9999, -9999, -9999, -9999, -9999, 98, -9999, 44, 7, 55, 59, 36, -9999, 45, -9999, -9999, 79, 78, 98, 76, 23, 78, -9999, -9999, 87, 13, 6, 54, 47, 99, -9999, 60, 69, -9999, 63, 19, -9999, 7, -9999, 35, -9999, 59, -9999, 47, 89, 1, 12, 47, -9999, 8, 61, -9999, 21, -9999, 22, 68, -9999, 78, -9999, 38, -9999, 84, -9999, -9999, 77, 97, -9999, 72, 13, 42, -9999, 87, -9999, -9999, 72, 62, -9999, 22, 93, 43, 41, -9999, 29, 74, -9999, -9999, -9999, 52, 69, -9999],
[15, 71, -9999, -9999, 12, -9999, -9999, -9999, 48, -9999, -9999, 43, -9999, 71, -9999, 29, -9999, 25, -9999, 10, 95, -9999, -9999, 54, 9, -9999, 58, -9999, -9999, -9999, 9, -9999, -9999, 19, 78, 37, 6, 70, -9999, 39, 66, 41, -9999, 56, -9999, 41, -9999, -9999, 9, 88, 29, -9999, -9999, 67, -9999, -9999, -9999, -9999, 11, 28, 15, 57, 61, -9999, -9999, -9999, -9999, -9999, 53, 55, 81, -9999, -9999, -9999, -9999, 64, 40, -9999, 38, -9999, -9999, 44, -9999, 45, -9999, 91, 15, 8, -9999, -9999, 80, -9999, 36, 55, -9999, 41, 84, -9999, 85, -9999],
[-9999, -9999, -9999, -9999, -9999, -9999, -9999, -9999, 16, -9999, -9999, -9999, -9999, -9999, -9999, -9999, -9999, -9999, -9999, -9999, 21, -9999, -9999, -9999, -9999, -9999, -9999, -9999, 15, -9999, -9999, -9999, 53, -9999, -9999, -9999, -9999, -9999, -9999, 37, -9999, 90, -9999, -9999, -9999, 21, -9999, -9999, -9999, -9999, 2, -9999, -9999, -9999, -9999, -9999, -9999, -9999, -9999, -9999, 38, 88, -9999, -9999, -9999, -9999, -9999, -9999, 87, -9999, 88, -9999, -9999, -9999, 41, -9999, -9999, -9999, -9999, -9999, -9999, -9999, -9999, -9999, -9999, -9999, -9999, -9999, -9999, -9999, 34, -9999, -9999, 76, -9999, -9999, -9999, -9999, -9999, -9999],
[-9999, 56, 7, -9999, 52, 13, -9999, -9999, 79, 62, -9999, 90, -9999, -9999, -9999, 61, 2, 46, -9999, 12, -9999, 56, 64, -9999, 60, -9999, -9999, 61, 51, -9999, 64, 99, -9999, -9999, -9999, 85, 99, 60, -9999, -9999, -9999, -9999, 8, -9999, 74, -9999, -9999, -9999, 17, 72, -9999, 76, 56, 30, -9999, -9999, 18, -9999, -9999, -9999, 21, -9999, 91, -9999, -9999, -9999, 64, -9999, -9999, 31, 22, -9999, -9999, -9999, 41, 100, 65, -9999, -9999, -9999, -9999, 42, 50, -9999, 36, 22, 2, 71, -9999, -9999, -9999, -9999, 23, 54, -9999, 16, -9999, 16, 73, -9999],
[-9999, -9999, -9999, -9999, -9999, -9999, -9999, -9999, 7, -9999, -9999, -9999, -9999, -9999, -9999, 28, 51, 30, -9999, -9999, 58, -9999, -9999, -9999, -9999, -9999, -9999, -9999, 12, -9999, -9999, -9999, 31, 91, -9999, -9999, -9999, -9999, 81, 2, -9999, 62, -9999, -9999, -9999, 2, -9999, -9999, 99, -9999, 8, 85, -9999, -9999, -9999, -9999, -9999, -9999, -9999, -9999, 21, 43, -9999, -9999, -9999, 83, -9999, -9999, 51, -9999, -9999, -9999, -9999, -9999, 87, -9999, 65, -9999, -9999, -9999, -9999, -9999, -9999, 88, -9999, 49, -9999, -9999, -9999, -9999, 32, -9999, -9999, 42, -9999, -9999, -9999, -9999, -9999, -9999],
[52, 4, 95, -9999, 70, 50, -9999, -9999, 100, 92, -9999, -9999, -9999, 96, -9999, -9999, -9999, 91, 74, 45, 23, 76, 4, -9999, 72, -9999, -9999, -9999, 11, -9999, -9999, -9999, 69, -9999, -9999, -9999, 27, 65, 43, -9999, -9999, 98, -9999, 17, -9999, 24, -9999, -9999, -9999, 85, -9999, 21, -9999, 83, -9999, -9999, 86, 44, 75, 58, 12, 83, -9999, -9999, -9999, -9999, -9999, -9999, 96, 92, 2, -9999, -9999, -9999, -9999, 94, 86, -9999, 89, 81, -9999, -9999, -9999, 74, -9999, 5, 72, -9999, 75, -9999, 19, -9999, -9999, 39, -9999, 36, -9999, 31, 9, -9999],
[13, 31, 100, 62, 68, 82, -9999, 52, 83, -9999, -9999, -9999, -9999, -9999, -9999, 72, -9999, -9999, -9999, 61, 5, 18, -9999, 18, 74, -9999, 78, 32, 26, 1, 43, 100, -9999, 16, 88, -9999, 26, 57, 82, 39, -9999, -9999, 48, -9999, 69, -9999, -9999, -9999, -9999, 27, -9999, 95, -9999, -9999, 39, -9999, 31, -9999, -9999, 61, 85, -9999, 74, 27, 31, -9999, -9999, -9999, -9999, 63, 32, 56, -9999, -9999, 60, 51, 90, 26, 1, 75, -9999, 39, -9999, -9999, -9999, -9999, -9999, -9999, -9999, 56, -9999, -9999, -9999, 9, 58, 74, 35, -9999, 21, 18],
[-9999, -9999, -9999, -9999, -9999, -9999, -9999, -9999, 5, -9999, -9999, -9999, -9999, -9999, -9999, -9999, 28, 37, -9999, -9999, -9999, -9999, -9999, -9999, -9999, -9999, -9999, -9999, 24, -9999, -9999, -9999, -9999, -9999, -9999, -9999, -9999, -9999, 4, -9999, -9999, 46, -9999, -9999, -9999, 23, -9999, -9999, 90, -9999, 11, -9999, -9999, -9999, -9999, -9999, -9999, -9999, -9999, -9999, -9999, 5, -9999, -9999, -9999, 48, -9999, -9999, -9999, -9999, 15, -9999, -9999, -9999, -9999, -9999, -9999, -9999, -9999, 37, -9999, -9999, -9999, -9999, -9999, 91, -9999, -9999, -9999, -9999, -9999, -9999, -9999, 12, -9999, -9999, -9999, -9999, -9999, -9999],
[-9999, -9999, -9999, -9999, -9999, -9999, -9999, -9999, 96, -9999, -9999, -9999, -9999, -9999, -9999, 21, 33, 86, -9999, -9999, -9999, -9999, -9999, -9999, -9999, -9999, -9999, -9999, 79, -9999, -9999, -9999, -9999, 35, -9999, -9999, -9999, -9999, -9999, 90, -9999, 28, -9999, -9999, -9999, 41, -9999, -9999, -9999, -9999, -9999, -9999, -9999, -9999, -9999, -9999, -9999, -9999, -9999, -9999, 90, -9999, -9999, -9999, -9999, -9999, -9999, -9999, 86, -9999, 94, -9999, -9999, -9999, -9999, -9999, 94, -9999, -9999, -9999, -9999, -9999, -9999, 54, -9999, 61, -9999, -9999, -9999, -9999, -9999, -9999, -9999, 12, -9999, -9999, -9999, -9999, -9999, -9999],
[-9999, 1, -9999, 13, 31, -9999, -9999, 87, -9999, -9999, -9999, 66, -9999, 12, 15, -9999, 62, 53, 72, 70, 87, 64, 97, 90, 38, -9999, -9999, -9999, 11, -9999, 45, 34, -9999, -9999, -9999, 89, 25, 39, -9999, 16, -9999, -9999, 87, 2, 87, -9999, -9999, 50, 9, 87, 64, 35, -9999, 41, 75, 70, 13, -9999, -9999, -9999, 50, -9999, -9999, -9999, 94, 14, -9999, 84, 8, -9999, -9999, 49, -9999, -9999, -9999, 75, 42, -9999, 79, 55, 92, 75, -9999, -9999, -9999, -9999, 15, -9999, 58, -9999, -9999, -9999, -9999, 11, 45, 70, -9999, -9999, 97, -9999],
[-9999, -9999, -9999, -9999, -9999, -9999, -9999, -9999, -9999, -9999, -9999, -9999, -9999, -9999, -9999, -9999, -9999, 66, -9999, -9999, -9999, -9999, -9999, -9999, -9999, -9999, -9999, -9999, -9999, -9999, -9999, -9999, -9999, -9999, -9999, -9999, -9999, -9999, 76, 100, -9999, -9999, -9999, -9999, 90, -9999, -9999, -9999, -9999, -9999, -9999, 86, -9999, -9999, -9999, -9999, -9999, -9999, -9999, -9999, 11, 39, -9999, -9999, -9999, -9999, -9999, -9999, 7, -9999, 92, -9999, -9999, -9999, -9999, -9999, 93, -9999, -9999, 4, -9999, -9999, -9999, -9999, -9999, 17, -9999, -9999, -9999, -9999, 8, -9999, -9999, 27, -9999, -9999, -9999, -9999, -9999, -9999],
[-9999, 80, -9999, -9999, 64, 83, -9999, -9999, -9999, 97, -9999, 50, -9999, -9999, -9999, 46, 23, 67, 52, -9999, 80, -9999, -9999, 78, -9999, -9999, -9999, -9999, 72, -9999, -9999, -9999, -9999, -9999, 75, -9999, -9999, 5, 66, 31, -9999, -9999, 13, -9999, -9999, 59, -9999, 5, 87, 27, 20, 14, -9999, -9999, -9999, -9999, 94, 14, -9999, 4, 73, -9999, 24, -9999, 65, 92, -9999, -9999, 26, 88, -9999, -9999, 39, -9999, 86, 90, -9999, -9999, -9999, -9999, -9999, -9999, -9999, 34, -9999, 11, -9999, -9999, -9999, 74, 42, -9999, 45, 100, 58, 13, 90, 78, -9999, 100],
[66, 15, 74, -9999, -9999, 59, -9999, -9999, -9999, 4, -9999, 32, -9999, -9999, 1, 34, 51, 6, 17, 38, -9999, 63, -9999, -9999, 61, -9999, -9999, 61, 95, -9999, -9999, 18, -9999, -9999, -9999, 86, 83, 89, 75, 32, -9999, -9999, 47, 75, 35, 75, -9999, 69, -9999, 82, -9999, -9999, -9999, -9999, -9999, -9999, 44, 45, -9999, 34, 81, 30, 96, -9999, -9999, 58, -9999, -9999, 3, -9999, 29, -9999, -9999, -9999, -9999, -9999, 23, -9999, -9999, -9999, -9999, -9999, -9999, 27, 41, 35, 88, 52, -9999, -9999, -9999, -9999, -9999, 41, -9999, -9999, -9999, 83, -9999, -9999],
[-9999, -9999, -9999, -9999, -9999, -9999, -9999, -9999, 94, -9999, -9999, -9999, -9999, -9999, -9999, -9999, -9999, 1, -9999, -9999, -9999, -9999, -9999, -9999, -9999, -9999, -9999, -9999, 55, -9999, -9999, -9999, -9999, -9999, -9999, -9999, -9999, -9999, -9999, -9999, -9999, 16, -9999, -9999, -9999, 24, -9999, -9999, 12, -9999, 63, 38, -9999, -9999, -9999, -9999, -9999, -9999, -9999, -9999, 50, -9999, -9999, -9999, -9999, 96, -9999, -9999, 64, -9999, 85, -9999, -9999, -9999, 81, -9999, -9999, -9999, -9999, -9999, -9999, -9999, -9999, -9999, -9999, 89, -9999, -9999, -9999, -9999, 75, -9999, -9999, 8, -9999, -9999, -9999, -9999, -9999, -9999],
[6, 46, -9999, -9999, 71, 30, -9999, -9999, 77, 60, -9999, 36, -9999, 2, 71, 77, 10, -9999, 31, 66, 54, -9999, -9999, 22, 19, -9999, 31, 86, -9999, -9999, -9999, -9999, -9999, 80, 72, -9999, -9999, 20, 23, -9999, -9999, -9999, 78, -9999, 73, -9999, -9999, -9999, -9999, 75, 38, 96, -9999, 80, -9999, -9999, 19, 27, -9999, 23, 4, 27, 61, -9999, -9999, 72, 19, -9999, -9999, 3, 20, -9999, -9999, -9999, -9999, 57, 91, -9999, -9999, 81, -9999, 98, -9999, 95, 41, 68, 8, 64, 77, -9999, -9999, -9999, -9999, 51, -9999, -9999, 52, -9999, 15, -9999],
[-9999, -9999, -9999, -9999, -9999, -9999, -9999, -9999, -9999, -9999, -9999, -9999, -9999, -9999, -9999, 52, 8, -9999, -9999, -9999, 79, -9999, -9999, -9999, -9999, -9999, -9999, -9999, 49, -9999, -9999, -9999, 59, 13, -9999, -9999, -9999, -9999, 44, 28, -9999, 44, -9999, -9999, 54, 18, -9999, -9999, 74, -9999, 30, -9999, -9999, -9999, -9999, -9999, -9999, -9999, -9999, -9999, -9999, 4, -9999, -9999, -9999, -9999, -9999, -9999, 67, -9999, -9999, -9999, -9999, -9999, -9999, -9999, -9999, -9999, -9999, 24, -9999, -9999, -9999, 37, -9999, 19, -9999, -9999, -9999, -9999, -9999, -9999, -9999, 47, -9999, -9999, -9999, -9999, -9999, -9999],
[-9999, -9999, -9999, -9999, -9999, -9999, -9999, -9999, 64, -9999, -9999, -9999, -9999, -9999, -9999, 27, -9999, 50, -9999, -9999, -9999, -9999, -9999, -9999, -9999, -9999, -9999, -9999, 9, -9999, -9999, -9999, -9999, -9999, -9999, -9999, -9999, -9999, -9999, 79, -9999, -9999, -9999, -9999, 12, 92, -9999, -9999, -9999, -9999, -9999, -9999, -9999, -9999, -9999, -9999, -9999, -9999, -9999, -9999, 79, 62, -9999, -9999, -9999, 67, -9999, -9999, 66, -9999, 49, -9999, -9999, -9999, -9999, -9999, 12, -9999, -9999, -9999, -9999, -9999, -9999, -9999, -9999, 50, -9999, -9999, -9999, -9999, 11, -9999, -9999, -9999, -9999, -9999, -9999, -9999, -9999, -9999],
[-9999, 41, 96, -9999, -9999, 72, -9999, -9999, 83, 54, -9999, 70, -9999, 33, 26, -9999, 52, -9999, 87, 37, 43, -9999, -9999, -9999, 37, -9999, 94, -9999, -9999, -9999, 16, -9999, -9999, 90, -9999, 31, -9999, 43, 20, -9999, -9999, -9999, -9999, 71, 49, -9999, -9999, 76, 82, 1, 13, -9999, -9999, 31, -9999, -9999, 27, -9999, -9999, -9999, 20, -9999, -9999, -9999, 25, 13, -9999, -9999, 21, 15, 86, -9999, -9999, -9999, 19, 38, -9999, -9999, 24, 49, -9999, -9999, -9999, 13, 44, 32, 83, 10, 20, 8, 73, 41, 49, -9999, 99, 71, 23, 29, 37, 2],
[19, 20, 32, -9999, 60, 76, -9999, -9999, 15, -9999, -9999, -9999, -9999, 71, 30, -9999, -9999, -9999, -9999, 32, 46, 59, -9999, 88, 94, -9999, -9999, -9999, 43, -9999, -9999, -9999, -9999, -9999, 9, 39, -9999, 1, -9999, 46, -9999, 78, -9999, -9999, 66, -9999, -9999, -9999, 3, 89, -9999, -9999, -9999, 32, -9999, -9999, 52, -9999, -9999, 2, 74, 23, -9999, -9999, 8, -9999, -9999, -9999, -9999, -9999, 20, -9999, -9999, -9999, 78, -9999, 18, -9999, 91, -9999, -9999, 94, -9999, -9999, -9999, 10, -9999, -9999, -9999, 56, -9999, -9999, 69, 7, -9999, -9999, 18, 56, 13, -9999],
[40, 98, 16, -9999, 39, -9999, -9999, -9999, -9999, 83, -9999, 15, -9999, 37, -9999, 37, -9999, 73, -9999, 53, -9999, -9999, -9999, 96, -9999, -9999, 69, 83, 44, -9999, -9999, 39, 7, -9999, 40, 21, -9999, 83, 68, 61, -9999, -9999, -9999, 68, 75, -9999, -9999, 50, -9999, 95, 82, -9999, -9999, 75, -9999, -9999, 56, 50, -9999, 18, 24, 46, 58, -9999, -9999, 39, 64, -9999, 30, -9999, -9999, -9999, -9999, -9999, -9999, 37, 16, 93, -9999, -9999, -9999, 25, -9999, 5, 62, 39, -9999, -9999, 84, 72, -9999, -9999, -9999, 70, 46, -9999, 97, 60, -9999, 90],
[75, 48, 79, 12, 96, 11, 34, 92, -9999, -9999, -9999, 57, 51, 2, 37, 14, 38, 10, -9999, 84, -9999, 100, -9999, 25, 51, -9999, 62, 85, 38, 32, 16, 8, -9999, 59, -9999, 62, 12, 53, 24, 5, -9999, 32, 2, -9999, -9999, 2, 52, -9999, 1, 36, -9999, -9999, -9999, -9999, 49, 61, 68, -9999, -9999, -9999, 96, 63, -9999, -9999, 37, 70, -9999, -9999, -9999, -9999, -9999, 56, -9999, -9999, 10, -9999, 7, 25, 47, 70, -9999, 91, -9999, 89, 5, -9999, -9999, 26, 80, 14, 93, -9999, 96, 97, -9999, 13, -9999, 54, -9999, 59],
[-9999, 40, 7, -9999, -9999, 1, -9999, -9999, -9999, 65, -9999, 98, -9999, -9999, 94, 86, 11, -9999, 12, 40, 30, 50, -9999, -9999, 33, -9999, 87, 25, -9999, -9999, -9999, 5, -9999, 42, -9999, -9999, 57, 52, -9999, 54, -9999, 80, -9999, 19, 75, 21, -9999, 8, -9999, 30, -9999, 79, -9999, 75, -9999, -9999, 25, 38, -9999, 8, 88, 40, 62, -9999, 50, 81, -9999, -9999, 13, -9999, -9999, -9999, -9999, -9999, 63, -9999, 66, 11, 50, 89, -9999, 95, -9999, 55, 95, 46, 85, -9999, 38, -9999, -9999, -9999, 37, 35, 43, 16, 30, -9999, 2, -9999],
[88, 50, -9999, -9999, -9999, 32, -9999, -9999, 83, 44, -9999, 6, -9999, 87, -9999, -9999, -9999, -9999, 75, 24, -9999, 56, 77, -9999, 66, -9999, 50, -9999, 3, -9999, -9999, -9999, -9999, 81, 9, -9999, -9999, 52, -9999, 9, -9999, 98, -9999, 50, -9999, 11, 13, -9999, -9999, 63, 21, -9999, -9999, 24, -9999, -9999, -9999, 9, -9999, 8, 48, -9999, 87, -9999, -9999, 14, -9999, -9999, -9999, 75, -9999, -9999, -9999, -9999, -9999, 67, 29, -9999, -9999, 90, -9999, 11, -9999, -9999, 32, 62, 37, 13, -9999, 100, -9999, -9999, 49, 94, 9, -9999, 93, 60, -9999, -9999],
[-9999, -9999, -9999, -9999, -9999, 91, -9999, -9999, -9999, -9999, -9999, -9999, -9999, -9999, -9999, -9999, -9999, -9999, -9999, -9999, -9999, -9999, -9999, -9999, -9999, -9999, -9999, -9999, -9999, -9999, -9999, 76, -9999, -9999, -9999, -9999, -9999, -9999, -9999, -9999, -9999, -9999, -9999, -9999, -9999, -9999, -9999, -9999, -9999, -9999, -9999, -9999, -9999, -9999, -9999, -9999, -9999, -9999, -9999, -9999, -9999, -9999, -9999, -9999, -9999, -9999, -9999, -9999, -9999, -9999, -9999, -9999, -9999, -9999, 44, 73, -9999, -9999, -9999, -9999, -9999, -9999, -9999, -9999, -9999, -9999, -9999, -9999, -9999, -9999, -9999, -9999, -9999, -9999, -9999, -9999, -9999, -9999, -9999, -9999]
];
