NbNodes = 100;
NbNDDs = 0;
NbPairs = 100;
NbTerminals = 0;
K = 0;
L = 102;
Wt = [
[-9999, 1, -9999, -9999, 88, 19, -9999, 26, -9999, -9999, 78, -9999, -9999, -9999, 14, 44, 88, -9999, -9999, -9999, 67, -9999, 16, -9999, -9999, 56, 61, 67, 64, 30, -9999, -9999, 51, -9999, 70, 16, -9999, 69, 80, -9999, 4, 74, 5, -9999, -9999, -9999, -9999, 48, 52, -9999, 88, 19, -9999, -9999, -9999, -9999, 17, -9999, -9999, 100, 21, -9999, -9999, 11, -9999, 69, 62, 98, -9999, 4, 96, -9999, 27, -9999, -9999, 51, -9999, 53, 44, 36, -9999, -9999, 85, 77, 30, 30, 41, -9999, -9999, -9999, -9999, 54, 63, 74, -9999, 81, 95, -9999, 74, 50],
[-9999, -9999, -9999, 3, -9999, 79, -9999, -9999, 56, -9999, -9999, -9999, -9999, -9999, 42, 33, -9999, 56, -9999, -9999, -9999, -9999, 98, -9999, 38, 72, -9999, 49, -9999, -9999, -9999, -9999, 34, -9999, -9999, -9999, -9999, 71, 48, -9999, 88, 68, 62, 61, -9999, -9999, -9999, -9999, -9999, 65, 2, -9999, -9999, -9999, 9, -9999, 82, -9999, -9999, -9999, 97, -9999, -9999, 55, -9999, 79, -9999, 85, -9999, -9999, 91, -9999, 68, -9999, -9999, -9999, 4, 49, -9999, 81, -9999, -9999, -9999, -9999, -9999, -9999, -9999, -9999, -9999, 97, -9999, -9999, 76, 41, 96, -9999, 9, -9999, 69, -9999],
[26, -9999, -9999, -9999, 78, -9999, -9999, -9999, 24, -9999, -9999, -9999, 60, -9999, -9999, -9999, -9999, -9999, -9999, 75, -9999, -9999, -9999, -9999, -9999, -9999, -9999, -9999, -9999, -9999, -9999, -9999, -9999, -9999, -9999, -9999, -9999, -9999, -9999, -9999, -9999, -9999, -9999, -9999, -9999, -9999, -9999, -9999, -9999, 20, 20, -9999, -9999, -9999, -9999, -9999, -9999, -9999, -9999, -9999, -9999, -9999, -9999, 7, -9999, -9999, -9999, 77, -9999, 18, 68, 79, -9999, -9999, -9999, -9999, 3, -9999, -9999, -9999, -9999, -9999, -9999, -9999, -9999, -9999, -9999, -9999, 86, -9999, -9999, 36, -9999, 83, -9999, 2, 14, -9999, -9999, -9999],
[-9999, -9999, -9999, -9999, -9999, -9999, -9999, -9999, -9999, -9999, 2, -9999, -9999, -9999, 66, -9999, -9999, 45, -9999, -9999, 32, -9999, -9999, -9999, -9999, -9999, -9999, -9999, -9999, -9999, -9999, -9999, -9999, -9999, -9999, -9999, -9999, -9999, -9999, -9999, -9999, -9999, -9999, -9999, -9999, -9999, -9999, -9999, -9999, -9999, -9999, -9999, -9999, -9999, -9999, -9999, -9999, 22, -9999, -9999, -9999, -9999, 95, -9999, -9999, 33, -9999, -9999, -9999, -9999, -9999, -9999, -9999, -9999, -9999, 16, -9999, -9999, -9999, -9999, -9999, -9999, -9999, 35, -9999, -9999, -9999, -9999, -9999, -9999, -9999, -9999, -9999, -9999, -9999, -9999, -9999, -9999, -9999, -9999],
[85, -9999, -9999, -9999, -9999, -9999, -9999, -9999, 18, -9999, -9999, -9999, 45, -9999, -9999, 98, -9999, -9999, -9999, -9999, -9999, -9999, -9999, -9999, -9999, -9999, -9999, -9999, -9999, -9999, -9999, 86, 67, -9999, -9999, 93, -9999, -9999, -9999, -9999, -9999, -9999, -9999, -9999, -9999, -9999, -9999, -9999, -9999, -9999, 40, 6, -9999, -9999, -9999, -9999, -9999, -9999, 46, 54, -9999, -9999, -9999, -9999, -9999, -9999, -9999, 66, -9999, 62, -9999, 94, -9999, 31, -9999, -9999, -9999, -9999, 47, -9999, -9999, -9999, -9999, -9999, -9999, -9999, -9999, 39, 58, -9999, -9999, 5, 81, -9999, -9999, -9999, -9999, -9999, -9999, -9999],
[-9999, -9999, -9999, -9999, -9999, -9999, -9999, -9999, -9999, -9999, -9999, -9999, -9999, -9999, -9999, -9999, -9999, -9999, -9999, -9999, -9999, -9999, -9999, -9999, -9999, -9999, -9999, -9999, -9999, -9999, -9999, -9999, -9999, -9999, -9999, -9999, -9999, -9999, -9999, -9999, -9999, -9999, -9999, -9999, -9999, -9999, -9999, -9999, -9999, -9999, -9999, -9999, -9999, -9999, -9999, -9999, -9999, -9999, -9999, -9999, -9999, -9999, -9999, -9999, -9999, -9999, -9999, -9999, -9999, -9999, -9999, -9999, -9999, -9999, -9999, -9999, -9999, -9999, -9999, -9999, -9999, -9999, -9999, -9999, -9999, -9999, -9999, -9999, -9999, -9999, -9999, -9999, -9999, -9999, -9999, -9999, -9999, -9999, -9999, -9999],
[-9999, 12, -9999, 92, 99, 26, -9999, 24, 10, -9999, -9999, 46, -9999, 61, 44, -9999, 4, 64, -9999, 61, -9999, -9999, -9999, -9999, 70, 27, -9999, 45, -9999, -9999, 46, 67, 26, 19, -9999, 73, -9999, 47, -9999, -9999, 89, -9999, -9999, -9999, -9999, -9999, -9999, -9999, -9999, -9999, -9999, 16, -9999, -9999, 91, -9999, 84, -9999, 13, 87, 42, -9999, 54, -9999, 12, -9999, -9999, -9999, 34, 29, -9999, -9999, 94, -9999, -9999, -9999, 61, 46, -9999, 18, 39, -9999, 54, -9999, -9999, -9999, 10, 49, 87, 52, -9999, 5, -9999, 10, 39, -9999, -9999, -9999, -9999, -9999],
[-9999, -9999, -9999, -9999, -9999, -9999, -9999, -9999, -9999, -9999, -9999, -9999, -9999, -9999, -9999, -9999, -9999, -9999, -9999, -9999, -9999, -9999, -9999, -9999, -9999, -9999, -9999, -9999, -9999, -9999, -9999, -9999, -9999, -9999, -9999, -9999, -9999, 74, -9999, -9999, -9999, -9999, -9999, -9999, -9999, -9999, -9999, -9999, -9999, -9999, -9999, -9999, -9999, -9999, -9999, -9999, -9999, -9999, -9999, -9999, -9999, -9999, 78, -9999, -9999, 43, -9999, -9999, -9999, -9999, -9999, -9999, 77, -9999, -9999, -9999, -9999, -9999, -9999, -9999, -9999, -9999, -9999, -9999, -9999, -9999, -9999, -9999, -9999, -9999, -9999, -9999, -9999, -9999, -9999, -9999, -9999, -9999, -9999, -9999],
[-9999, -9999, -9999, 54, -9999, 59, 26, -9999, -9999, -9999, 93, -9999, 85, -9999, -9999, 4, 59, 46, -9999, 10, 25, 91, -9999, -9999, -9999, -9999, -9999, 88, 41, 49, 58, 30, 77, 29, 53, -9999, 76, 18, -9999, 44, 85, -9999, -9999, 51, -9999, -9999, -9999, -9999, 54, 95, 12, -9999, -9999, 21, -9999, -9999, 42, -9999, 9, -9999, 18, -9999, 30, -9999, -9999, -9999, 54, 39, 15, 58, 63, 47, 83, -9999, -9999, 71, 80, 80, 85, 68, 43, -9999, 38, 58, 84, 42, -9999, 26, -9999, -9999, -9999, -9999, 62, -9999, 79, -9999, -9999, -9999, 16, -9999],
[-9999, -9999, -9999, -9999, 69, -9999, -9999, -9999, 10, -9999, -9999, -9999, 19, -9999, -9999, -9999, -9999, -9999, -9999, 15, -9999, -9999, -9999, -9999, -9999, -9999, -9999, -9999, -9999, -9999, 12, 88, -9999, -9999, -9999, -9999, -9999, -9999, -9999, -9999, -9999, -9999, -9999, -9999, -9999, -9999, -9999, -9999, -9999, 85, 42, -9999, -9999, -9999, -9999, -9999, -9999, -9999, 56, 95, -9999, -9999, -9999, 20, 91, -9999, -9999, 76, -9999, 4, 84, 24, -9999, -9999, -9999, -9999, -9999, -9999, 7, -9999, -9999, -9999, -9999, -9999, -9999, -9999, -9999, -9999, 83, -9999, -9999, -9999, 100, -9999, -9999, -9999, -9999, 91, -9999, -9999],
[55, -9999, -9999, -9999, 93, -9999, -9999, -9999, 58, -9999, -9999, -9999, 68, -9999, -9999, 85, -9999, -9999, -9999, 41, -9999, -9999, -9999, -9999, -9999, -9999, -9999, -9999, -9999, -9999, 86, 60, -9999, -9999, -9999, 69, -9999, -9999, -9999, -9999, -9999, -9999, -9999, -9999, -9999, -9999, 66, -9999, -9999, 9, 9, 32, -9999, -9999, -9999, -9999, -9999, -9999, 29, 76, -9999, -9999, -9999, 70, -9999, -9999, -9999, -9999, -9999, 14, -9999, 54, -9999, -9999, -9999, -9999, -9999, -9999, 41, -9999, -9999, -9999, -9999, -9999, -9999, -9999, 40, -9999, 31, -9999, -9999, 15, 38, 57, -9999, 75, 14, -9999, -9999, 41],
[57, -9999, -9999, -9999, 38, -9999, -9999, 40, 86, -9999, 69, -9999, -9999, -9999, 24, -9999, 21, 65, -9999, 97, -9999, 3, 13, -9999, 49, -9999, 25, -9999, -9999, 97, 87, 71, 38, -9999, 73, -9999, -9999, 77, -9999, 90, -9999, 17, -9999, -9999, -9999, 81, -9999, -9999, 77, -9999, 23, -9999, 91, 91, 94, -9999, 21, -9999, -9999, -9999, 3, -9999, -9999, -9999, -9999, 74, 73, -9999, -9999, -9999, -9999, -9999, 43, -9999, 42, 32, 15, 93, -9999, 83, 13, -9999, -9999, 73, 100, -9999, 12, 53, 1, 58, 50, 20, 76, 32, 9, 26, -9999, -9999, -9999, -9999],
[-9999, -9999, -9999, -9999, -9999, -9999, -9999, -9999, -9999, -9999, 1, -9999, -9999, -9999, 53, -9999, -9999, 30, -9999, -9999, 22, -9999, -9999, -9999, -9999, 13, -9999, -9999, -9999, -9999, -9999, -9999, -9999, -9999, -9999, -9999, -9999, 31, -9999, -9999, -9999, -9999, -9999, -9999, -9999, -9999, -9999, -9999, -9999, -9999, -9999, -9999, -9999, -9999, -9999, -9999, -9999, 38, -9999, -9999, -9999, 63, 68, -9999, -9999, 44, -9999, -9999, -9999, -9999, -9999, -9999, 35, -9999, -9999, 59, -9999, -9999, -9999, -9999, -9999, -9999, -9999, 36, -9999, -9999, -9999, -9999, -9999, -9999, -9999, -9999, -9999, -9999, -9999, -9999, -9999, -9999, -9999, -9999],
[48, 4, -9999, 11, -9999, -9999, 22, -9999, 22, -9999, -9999, -9999, 37, -9999, 66, -9999, 19, -9999, -9999, -9999, -9999, -9999, 73, -9999, -9999, -9999, 89, 53, -9999, -9999, -9999, -9999, 28, -9999, 57, 87, 100, 72, 97, -9999, 51, 69, 85, -9999, -9999, -9999, -9999, -9999, -9999, -9999, -9999, 42, -9999, 31, -9999, -9999, -9999, -9999, 84, 59, -9999, 63, 13, 81, -9999, 36, -9999, 92, -9999, 74, 60, -9999, 38, -9999, 81, -9999, -9999, 72, -9999, 20, 99, -9999, -9999, -9999, -9999, 15, 63, 97, -9999, 13, -9999, 11, 36, -9999, 96, -9999, -9999, -9999, -9999, -9999],
[14, 60, -9999, -9999, 57, -9999, 64, 49, 34, -9999, 10, -9999, 20, 6, -9999, 87, 15, 21, -9999, 82, 75, -9999, -9999, -9999, -9999, -9999, 88, -9999, -9999, 49, 40, 1, 5, 66, 3, -9999, 19, 98, -9999, 2, 33, -9999, -9999, -9999, -9999, 44, 31, -9999, 42, 97, -9999, 91, 26, 22, 37, -9999, 34, 72, 68, -9999, 29, 66, 21, -9999, -9999, -9999, -9999, 32, -9999, 73, 97, -9999, -9999, -9999, -9999, 49, -9999, 64, -9999, 50, 92, -9999, -9999, 18, 77, 1, -9999, 34, -9999, 76, -9999, 51, 98, 35, 69, 19, -9999, -9999, 57, 20],
[16, 82, -9999, 82, 41, 66, -9999, 6, -9999, -9999, -9999, -9999, -9999, -9999, 51, -9999, 40, 77, -9999, -9999, -9999, -9999, 81, -9999, 44, 33, 11, 27, -9999, -9999, 50, -9999, -9999, -9999, -9999, 76, -9999, 27, 97, 92, -9999, 46, 83, -9999, -9999, 57, -9999, -9999, -9999, 36, -9999, 22, -9999, 96, 39, -9999, 9, -9999, 50, 11, -9999, -9999, -9999, 4, -9999, 3, -9999, -9999, 97, -9999, 26, 38, 56, -9999, -9999, -9999, 80, 32, 46, 64, 100, -9999, -9999, -9999, -9999, -9999, -9999, 14, 14, 68, -9999, -9999, -9999, -9999, 30, 16, 90, -9999, -9999, -9999],
[-9999, -9999, -9999, -9999, -9999, -9999, -9999, -9999, -9999, -9999, -9999, -9999, -9999, -9999, -9999, -9999, -9999, -9999, -9999, -9999, -9999, -9999, -9999, -9999, -9999, -9999, -9999, -9999, -9999, -9999, -9999, -9999, -9999, -9999, -9999, -9999, -9999, -9999, -9999, -9999, -9999, -9999, -9999, -9999, -9999, -9999, -9999, -9999, -9999, -9999, -9999, -9999, -9999, -9999, -9999, -9999, -9999, -9999, -9999, -9999, -9999, -9999, 90, -9999, -9999, -9999, -9999, -9999, -9999, -9999, -9999, -9999, -9999, -9999, -9999, -9999, -9999, -9999, -9999, -9999, -9999, -9999, -9999, -9999, -9999, -9999, -9999, -9999, -9999, -9999, -9999, -9999, -9999, -9999, -9999, -9999, -9999, -9999, -9999, -9999],
[-9999, -9999, -9999, -9999, -9999, -9999, -9999, -9999, -9999, -9999, -9999, -9999, -9999, -9999, 48, -9999, -9999, -9999, -9999, -9999, -9999, -9999, -9999, -9999, -9999, -9999, -9999, -9999, -9999, -9999, -9999, -9999, -9999, -9999, -9999, -9999, -9999, 50, -9999, 55, -9999, -9999, -9999, -9999, -9999, -9999, -9999, -9999, -9999, -9999, -9999, -9999, -9999, -9999, -9999, -9999, -9999, -9999, -9999, -9999, -9999, 59, -9999, -9999, -9999, 30, -9999, -9999, -9999, -9999, -9999, -9999, -9999, -9999, -9999, -9999, -9999, -9999, -9999, -9999, -9999, -9999, -9999, -9999, -9999, -9999, -9999, -9999, -9999, -9999, -9999, -9999, -9999, -9999, -9999, -9999, -9999, -9999, -9999, -9999],
[57, -9999, -9999, -9999, 68, -9999, -9999, -9999, 79, -9999, -9999, -9999, -9999, -9999, -9999, 90, -9999, -9999, -9999, 63, -9999, -9999, -9999, -9999, -9999, -9999, -9999, -9999, -9999, -9999, -9999, -9999, 59, -9999, -9999, 53, -9999, -9999, -9999, -9999, -9999, -9999, -9999, -9999, -9999, -9999, -9999, -9999, -9999, 95, 62, 57, -9999, -9999, -9999, -9999, -9999, -9999, 57, 57, -9999, -9999, 92, 65, 68, -9999, -9999, 95, -9999, 91, -9999, 7, -9999, -9999, -9999, -9999, 60, -9999, -9999, -9999, -9999, -9999, -9999, -9999, -9999, -9999, -9999, -9999, -9999, -9999, -9999, 77, -9999, 100, -9999, 77, 40, -9999, -9999, -9999],
[-9999, -9999, -9999, -9999, -9999, -9999, -9999, -9999, -9999, -9999, -9999, -9999, -9999, -9999, -9999, -9999, -9999, -9999, -9999, -9999, -9999, -9999, -9999, -9999, -9999, -9999, -9999, -9999, -9999, -9999, -9999, -9999, -9999, -9999, -9999, -9999, -9999, -9999, -9999, -9999, -9999, -9999, -9999, -9999, -9999, -9999, -9999, -9999, -9999, -9999, -9999, -9999, -9999, -9999, -9999, -9999, -9999, -9999, -9999, -9999, -9999, -9999, 36, -9999, -9999, -9999, -9999, -9999, -9999, -9999, -9999, -9999, -9999, -9999, -9999, -9999, -9999, -9999, -9999, -9999, -9999, -9999, -9999, -9999, -9999, -9999, -9999, -9999, -9999, -9999, -9999, -9999, -9999, -9999, -9999, -9999, -9999, -9999, -9999, -9999],
[23, 77, -9999, 38, 46, 43, 56, 87, -9999, -9999, -9999, -9999, 53, -9999, -9999, -9999, 9, 84, -9999, 83, -9999, -9999, -9999, -9999, 55, 93, 39, -9999, -9999, -9999, -9999, 46, 3, -9999, 7, -9999, -9999, -9999, -9999, -9999, 73, 62, -9999, 7, -9999, 91, -9999, -9999, -9999, -9999, -9999, 63, -9999, 38, 12, -9999, 25, -9999, 1, -9999, -9999, 10, 85, -9999, 28, -9999, -9999, -9999, 47, -9999, 76, -9999, -9999, -9999, -9999, -9999, -9999, 89, 55, 48, -9999, -9999, -9999, -9999, -9999, 86, 79, -9999, 58, 92, -9999, -9999, 4, 18, 72, -9999, -9999, -9999, 98, -9999],
[5, -9999, -9999, -9999, -9999, -9999, -9999, -9999, 88, -9999, -9999, -9999, -9999, -9999, -9999, 86, -9999, -9999, -9999, -9999, -9999, -9999, -9999, -9999, -9999, -9999, -9999, -9999, -9999, -9999, 24, -9999, 50, -9999, -9999, 49, -9999, -9999, -9999, -9999, -9999, -9999, -9999, -9999, -9999, -9999, -9999, -9999, -9999, -9999, 10, 81, -9999, -9999, -9999, -9999, -9999, -9999, 19, -9999, -9999, -9999, 73, 44, -9999, -9999, -9999, -9999, -9999, -9999, 75, -9999, -9999, -9999, -9999, -9999, -9999, -9999, 22, -9999, -9999, -9999, -9999, -9999, -9999, -9999, 28, -9999, 86, -9999, -9999, 70, 60, 16, -9999, 83, -9999, -9999, -9999, -9999],
[-9999, -9999, -9999, -9999, 38, -9999, -9999, -9999, 81, -9999, -9999, -9999, 31, -9999, -9999, 92, -9999, -9999, -9999, -9999, -9999, -9999, -9999, -9999, -9999, -9999, -9999, -9999, -9999, -9999, -9999, 95, -9999, -9999, -9999, 14, -9999, -9999, -9999, -9999, -9999, -9999, -9999, -9999, -9999, -9999, -9999, -9999, -9999, 14, 6, 29, -9999, -9999, -9999, -9999, -9999, -9999, -9999, 34, -9999, -9999, -9999, -9999, 8, -9999, -9999, 87, -9999, 77, 43, 27, -9999, -9999, -9999, -9999, -9999, -9999, -9999, -9999, -9999, -9999, -9999, -9999, -9999, -9999, 68, -9999, -9999, -9999, -9999, 95, 18, -9999, -9999, 98, -9999, -9999, -9999, -9999],
[76, -9999, -9999, -9999, -9999, -9999, -9999, -9999, 72, -9999, -9999, -9999, 28, -9999, -9999, -9999, -9999, -9999, -9999, -9999, -9999, -9999, -9999, -9999, -9999, -9999, -9999, -9999, -9999, -9999, -9999, -9999, -9999, -9999, -9999, -9999, -9999, -9999, -9999, -9999, -9999, -9999, -9999, -9999, -9999, -9999, -9999, -9999, -9999, -9999, 28, -9999, -9999, -9999, -9999, -9999, -9999, -9999, -9999, 29, -9999, -9999, 83, -9999, -9999, -9999, -9999, 45, -9999, 79, -9999, 28, -9999, -9999, -9999, -9999, 67, -9999, -9999, -9999, -9999, -9999, -9999, -9999, -9999, -9999, 51, 49, 39, -9999, -9999, -9999, 90, 55, -9999, -9999, -9999, -9999, -9999, -9999],
[-9999, -9999, -9999, -9999, -9999, -9999, -9999, -9999, -9999, -9999, -9999, -9999, -9999, -9999, 39, -9999, -9999, 64, -9999, -9999, -9999, -9999, -9999, -9999, -9999, -9999, -9999, -9999, -9999, -9999, -9999, -9999, -9999, -9999, -9999, -9999, -9999, -9999, -9999, 94, -9999, -9999, -9999, -9999, -9999, -9999, -9999, -9999, -9999, -9999, -9999, -9999, -9999, -9999, -9999, -9999, -9999, -9999, -9999, -9999, -9999, 43, 37, -9999, -9999, -9999, -9999, -9999, -9999, -9999, -9999, -9999, -9999, -9999, -9999, -9999, -9999, -9999, -9999, -9999, -9999, -9999, -9999, -9999, -9999, -9999, -9999, -9999, -9999, -9999, -9999, -9999, -9999, -9999, -9999, -9999, -9999, -9999, -9999, -9999],
[-9999, -9999, -9999, -9999, -9999, -9999, -9999, -9999, -9999, -9999, -9999, -9999, 81, -9999, -9999, 42, -9999, -9999, -9999, 40, -9999, -9999, -9999, -9999, -9999, -9999, -9999, -9999, -9999, -9999, 30, -9999, -9999, -9999, -9999, 69, -9999, -9999, -9999, -9999, -9999, -9999, -9999, -9999, -9999, -9999, 74, -9999, -9999, -9999, 21, 19, -9999, -9999, -9999, -9999, -9999, -9999, -9999, 46, -9999, -9999, 14, 79, 48, -9999, -9999, -9999, -9999, 96, 5, 51, -9999, -9999, -9999, -9999, 37, -9999, -9999, -9999, -9999, -9999, -9999, -9999, -9999, -9999, 94, 55, -9999, -9999, -9999, 83, 60, -9999, -9999, -9999, 36, -9999, -9999, -9999],
[91, -9999, -9999, -9999, 23, -9999, -9999, -9999, 62, -9999, -9999, -9999, 25, -9999, -9999, 75, -9999, -9999, -9999, 82, -9999, -9999, -9999, -9999, -9999, -9999, -9999, -9999, -9999, -9999, 79, 18, 26, -9999, -9999, 79, -9999, -9999, -9999, -9999, -9999, -9999, -9999, -9999, -9999, -9999, -9999, -9999, -9999, 77, 1, -9999, -9999, -9999, -9999, -9999, -9999, -9999, 96, 38, -9999, -9999, -9999, -9999, -9999, -9999, -9999, -9999, -9999, -9999, -9999, 37, -9999, 57, -9999, -9999, -9999, -9999, 61, -9999, -9999, -9999, -9999, -9999, -9999, -9999, 22, 62, -9999, -9999, -9999, 78, 49, -9999, -9999, 26, 67, -9999, -9999, -9999],
[4, -9999, -9999, -9999, 24, -9999, -9999, -9999, 87, -9999, -9999, -9999, 80, -9999, -9999, -9999, -9999, -9999, -9999, 60, -9999, -9999, -9999, -9999, -9999, -9999, -9999, -9999, -9999, -9999, 14, -9999, 2, -9999, -9999, 13, -9999, -9999, -9999, -9999, -9999, -9999, -9999, -9999, -9999, -9999, -9999, -9999, -9999, -9999, 97, 29, -9999, -9999, -9999, -9999, -9999, -9999, 17, -9999, -9999, -9999, 3, -9999, -9999, -9999, -9999, -9999, -9999, -9999, 57, 11, -9999, -9999, -9999, -9999, 92, -9999, 91, -9999, -9999, -9999, -9999, -9999, -9999, -9999, -9999, 3, 50, -9999, -9999, 39, 100, -9999, -9999, 68, 81, -9999, -9999, -9999],
[-9999, -9999, -9999, -9999, 9, 74, 31, 74, 73, -9999, -9999, -9999, 52, 40, -9999, 65, 69, 2, 10, -9999, -9999, -9999, -9999, -9999, -9999, 47, -9999, 62, -9999, -9999, 78, -9999, 39, 12, -9999, 34, -9999, -9999, 1, 42, 97, 88, 100, 60, -9999, 30, -9999, -9999, -9999, -9999, -9999, -9999, -9999, -9999, 47, -9999, 93, -9999, -9999, -9999, 80, -9999, 96, 41, -9999, 45, -9999, -9999, 13, -9999, -9999, 89, 40, 59, -9999, -9999, -9999, 74, -9999, 11, -9999, -9999, -9999, -9999, -9999, -9999, 99, -9999, -9999, 75, -9999, -9999, 28, 15, 87, 51, 22, -9999, -9999, -9999],
[80, -9999, -9999, 24, -9999, 28, 6, 83, 91, -9999, -9999, -9999, 38, -9999, 56, 77, 22, -9999, -9999, 4, -9999, -9999, 18, -9999, 100, -9999, 14, 27, -9999, -9999, -9999, -9999, 75, 84, 82, 82, -9999, -9999, 100, 28, 32, 2, -9999, -9999, 40, -9999, -9999, -9999, -9999, -9999, 23, 4, -9999, -9999, -9999, -9999, 9, -9999, -9999, -9999, -9999, -9999, 36, -9999, -9999, -9999, -9999, 17, -9999, 68, -9999, 39, 54, -9999, -9999, -9999, -9999, 3, 3, 46, 16, -9999, 10, -9999, -9999, -9999, 3, 60, -9999, 29, -9999, -9999, -9999, 26, 71, 100, -9999, -9999, -9999, -9999],
[96, -9999, -9999, -9999, 46, -9999, -9999, -9999, 39, -9999, -9999, -9999, 41, -9999, -9999, -9999, -9999, -9999, -9999, -9999, -9999, -9999, -9999, -9999, -9999, -9999, -9999, -9999, -9999, -9999, -9999, 73, -9999, -9999, -9999, 17, -9999, -9999, -9999, -9999, -9999, -9999, -9999, -9999, -9999, -9999, -9999, -9999, -9999, -9999, 30, 50, -9999, -9999, -9999, -9999, -9999, -9999, -9999, -9999, -9999, -9999, -9999, -9999, 99, -9999, -9999, -9999, -9999, 61, 42, -9999, -9999, -9999, -9999, -9999, -9999, -9999, -9999, -9999, -9999, -9999, -9999, -9999, -9999, -9999, -9999, -9999, -9999, -9999, -9999, 91, -9999, 57, -9999, 22, 72, -9999, -9999, -9999],
[-9999, -9999, -9999, -9999, 13, -9999, -9999, -9999, 27, -9999, -9999, -9999, 92, -9999, -9999, 27, -9999, -9999, -9999, 65, -9999, -9999, -9999, -9999, -9999, -9999, -9999, -9999, -9999, -9999, -9999, -9999, -9999, -9999, -9999, 55, -9999, -9999, -9999, -9999, -9999, -9999, -9999, -9999, -9999, -9999, -9999, -9999, -9999, -9999, 50, 38, -9999, -9999, -9999, -9999, -9999, -9999, 81, -9999, -9999, -9999, -9999, 86, -9999, -9999, -9999, 79, -9999, -9999, -9999, -9999, -9999, 6, -9999, -9999, 40, -9999, -9999, -9999, -9999, -9999, -9999, -9999, -9999, -9999, -9999, 96, 10, -9999, -9999, 94, 69, -9999, -9999, 83, 52, -9999, -9999, -9999],
[-9999, 45, -9999, 99, -9999, 91, 28, -9999, 33, -9999, -9999, -9999, -9999, -9999, 76, -9999, -9999, 8, -9999, -9999, -9999, -9999, 89, -9999, -9999, 82, 88, -9999, -9999, -9999, -9999, 94, -9999, 41, 50, 89, 46, 28, -9999, 21, -9999, -9999, 83, 76, -9999, -9999, -9999, -9999, -9999, 21, -9999, -9999, -9999, 53, -9999, -9999, 35, -9999, -9999, 52, -9999, -9999, 65, 9, -9999, 83, -9999, 100, 47, 77, 56, -9999, 18, -9999, -9999, -9999, -9999, 22, -9999, 66, -9999, 29, 44, -9999, -9999, -9999, 11, -9999, -9999, -9999, -9999, 64, -9999, 80, 24, 70, -9999, -9999, 69, -9999],
[68, -9999, -9999, -9999, -9999, -9999, -9999, -9999, -9999, -9999, -9999, -9999, -9999, -9999, -9999, -9999, -9999, -9999, -9999, -9999, -9999, -9999, -9999, -9999, -9999, -9999, -9999, -9999, -9999, -9999, -9999, -9999, 87, -9999, -9999, -9999, -9999, -9999, -9999, -9999, -9999, -9999, -9999, -9999, -9999, -9999, -9999, -9999, -9999, -9999, -9999, 50, -9999, -9999, -9999, -9999, -9999, -9999, 95, 31, -9999, -9999, 66, 6, -9999, -9999, -9999, 15, -9999, -9999, 1, 17, -9999, -9999, -9999, -9999, -9999, -9999, 21, -9999, -9999, -9999, -9999, -9999, -9999, -9999, 58, 69, -9999, -9999, -9999, 37, 68, 94, -9999, 50, 56, -9999, -9999, -9999],
[25, -9999, -9999, -9999, -9999, -9999, -9999, -9999, 65, -9999, -9999, -9999, -9999, -9999, -9999, 21, -9999, -9999, -9999, -9999, -9999, -9999, -9999, -9999, -9999, -9999, -9999, -9999, -9999, -9999, -9999, 12, 32, -9999, -9999, -9999, -9999, -9999, -9999, -9999, -9999, -9999, -9999, -9999, -9999, -9999, 65, -9999, -9999, 96, 3, -9999, -9999, -9999, -9999, -9999, -9999, -9999, 21, -9999, -9999, -9999, -9999, 55, -9999, -9999, -9999, -9999, -9999, 67, -9999, 42, -9999, -9999, -9999, -9999, -9999, -9999, -9999, -9999, -9999, -9999, -9999, -9999, -9999, -9999, -9999, -9999, 4, -9999, -9999, 1, -9999, -9999, -9999, 7, 85, -9999, -9999, 84],
[-9999, -9999, -9999, 81, 74, 74, 13, 89, -9999, -9999, -9999, -9999, 70, -9999, -9999, 31, 35, -9999, -9999, 85, -9999, -9999, 11, -9999, 16, 15, 56, -9999, -9999, -9999, -9999, 43, -9999, -9999, 78, -9999, 93, 30, 90, 29, 79, 2, -9999, 34, -9999, 76, -9999, -9999, -9999, 61, 59, 40, -9999, -9999, 33, -9999, 58, -9999, 85, -9999, 4, -9999, 17, 41, -9999, 67, -9999, 85, -9999, -9999, 70, 12, -9999, -9999, -9999, -9999, 98, 44, -9999, 68, -9999, 11, 54, -9999, -9999, -9999, -9999, 95, -9999, 38, -9999, 68, 74, -9999, 65, 24, 51, -9999, 70, -9999],
[92, 62, -9999, -9999, 12, -9999, 25, 58, -9999, -9999, -9999, -9999, -9999, -9999, 57, 86, -9999, 74, 31, -9999, -9999, -9999, -9999, -9999, 56, 52, 59, 46, -9999, -9999, 83, 81, 89, -9999, 94, -9999, -9999, 65, 58, 38, -9999, -9999, 2, 78, 90, -9999, -9999, -9999, -9999, 64, -9999, -9999, -9999, 33, 90, -9999, 38, -9999, 30, 75, -9999, -9999, 10, -9999, -9999, -9999, -9999, 99, -9999, 49, -9999, 54, 43, -9999, -9999, -9999, 23, 91, 95, 72, -9999, -9999, 65, -9999, -9999, -9999, 54, -9999, 54, 56, -9999, 66, -9999, 87, 19, 72, -9999, -9999, -9999, -9999],
[86, -9999, -9999, -9999, -9999, 18, 98, -9999, -9999, -9999, -9999, -9999, 45, -9999, 84, -9999, 98, 42, -9999, 48, -9999, -9999, -9999, -9999, -9999, 6, -9999, 18, -9999, -9999, 11, 55, 27, -9999, 74, -9999, 30, -9999, 53, 54, 68, -9999, 82, 100, -9999, -9999, -9999, -9999, -9999, -9999, 49, -9999, -9999, -9999, -9999, -9999, 20, -9999, 94, -9999, 65, -9999, 67, 46, -9999, 86, -9999, 38, -9999, -9999, -9999, -9999, 52, -9999, -9999, -9999, 21, 5, -9999, 76, -9999, -9999, 73, -9999, -9999, 6, 73, 39, 38, -9999, -9999, 39, 21, -9999, 34, -9999, -9999, -9999, 62, -9999],
[-9999, -9999, -9999, -9999, -9999, -9999, -9999, -9999, -9999, -9999, -9999, -9999, -9999, -9999, 23, -9999, -9999, -9999, -9999, -9999, -9999, -9999, -9999, -9999, -9999, -9999, -9999, -9999, -9999, -9999, -9999, -9999, -9999, -9999, -9999, -9999, -9999, -9999, -9999, 15, -9999, -9999, -9999, -9999, -9999, -9999, -9999, -9999, -9999, -9999, -9999, -9999, -9999, -9999, -9999, -9999, -9999, -9999, -9999, -9999, -9999, 76, -9999, -9999, -9999, 24, -9999, -9999, -9999, -9999, -9999, -9999, -9999, -9999, -9999, -9999, -9999, -9999, -9999, -9999, -9999, -9999, -9999, -9999, -9999, -9999, -9999, -9999, -9999, -9999, -9999, -9999, -9999, -9999, -9999, -9999, -9999, -9999, -9999, -9999],
[24, -9999, -9999, -9999, -9999, -9999, -9999, -9999, 22, -9999, -9999, -9999, -9999, -9999, -9999, -9999, -9999, -9999, -9999, -9999, -9999, -9999, -9999, -9999, -9999, -9999, -9999, -9999, -9999, -9999, 44, -9999, 48, -9999, -9999, 72, -9999, -9999, -9999, -9999, -9999, -9999, -9999, -9999, -9999, -9999, -9999, -9999, -9999, -9999, -9999, 12, -9999, -9999, -9999, -9999, -9999, -9999, 6, -9999, -9999, -9999, -9999, -9999, -9999, -9999, -9999, 54, -9999, 31, 43, -9999, -9999, -9999, -9999, -9999, -9999, -9999, 98, -9999, -9999, -9999, -9999, -9999, -9999, -9999, -9999, 95, 8, -9999, -9999, 5, 35, -9999, -9999, -9999, 66, -9999, -9999, -9999],
[-9999, 59, -9999, 35, -9999, 59, 64, -9999, -9999, -9999, -9999, -9999, 90, -9999, -9999, 8, -9999, 64, -9999, -9999, -9999, -9999, -9999, -9999, 4, 74, -9999, -9999, -9999, -9999, 73, 31, 47, -9999, 3, 71, 10, 31, 11, 53, -9999, -9999, 10, 54, -9999, 82, -9999, -9999, -9999, 72, -9999, -9999, -9999, 81, 54, -9999, 99, -9999, 95, -9999, 79, -9999, -9999, -9999, -9999, -9999, -9999, 11, 5, 17, -9999, -9999, -9999, 5, -9999, -9999, 68, 35, 36, 68, -9999, -9999, 11, -9999, -9999, -9999, -9999, -9999, 75, -9999, -9999, 32, 16, -9999, 34, -9999, 96, -9999, 40, -9999],
[-9999, -9999, -9999, 95, 80, 4, 51, 16, -9999, -9999, -9999, -9999, 80, -9999, -9999, -9999, -9999, -9999, -9999, 64, -9999, -9999, 61, -9999, 17, 34, -9999, 39, -9999, -9999, 11, 55, 24, 59, -9999, -9999, -9999, 1, -9999, 4, -9999, -9999, -9999, -9999, -9999, -9999, -9999, -9999, -9999, -9999, -9999, 39, -9999, -9999, -9999, -9999, 77, -9999, 78, 13, 46, 86, 75, 88, -9999, 9, -9999, 50, 95, 16, -9999, -9999, 74, -9999, -9999, -9999, 89, 24, -9999, 37, -9999, -9999, 88, -9999, -9999, 20, 83, 4, 51, 46, 99, -9999, 32, 79, 50, 70, 95, -9999, -9999, -9999],
[12, -9999, -9999, -9999, 8, -9999, -9999, -9999, -9999, -9999, -9999, -9999, 15, -9999, -9999, 39, -9999, -9999, -9999, -9999, -9999, -9999, -9999, -9999, -9999, -9999, -9999, -9999, -9999, -9999, 40, 66, 77, -9999, -9999, 16, -9999, -9999, -9999, -9999, -9999, -9999, -9999, -9999, -9999, -9999, -9999, -9999, -9999, -9999, 88, 96, -9999, -9999, -9999, -9999, -9999, -9999, -9999, 31, -9999, -9999, -9999, 42, -9999, -9999, -9999, -9999, -9999, 73, 14, -9999, -9999, 57, -9999, -9999, 43, -9999, -9999, -9999, -9999, -9999, -9999, -9999, -9999, -9999, 57, 93, -9999, -9999, -9999, 27, 57, 69, -9999, -9999, -9999, -9999, -9999, -9999],
[-9999, 32, -9999, -9999, 94, 73, -9999, 43, -9999, -9999, -9999, -9999, -9999, 30, 14, -9999, 5, -9999, -9999, -9999, -9999, -9999, 52, -9999, 45, -9999, -9999, -9999, -9999, 74, 43, -9999, -9999, -9999, -9999, 11, -9999, -9999, -9999, 55, 77, 16, 29, -9999, -9999, 95, -9999, -9999, 55, -9999, 26, 52, 2, -9999, -9999, -9999, 50, -9999, 71, -9999, 69, -9999, 62, 59, -9999, 43, -9999, -9999, -9999, 5, 82, -9999, 6, -9999, -9999, 9, -9999, 55, 29, 64, 60, 62, 38, 95, 4, -9999, -9999, 11, 4, -9999, -9999, 89, 71, -9999, 40, 79, -9999, -9999, 51, 21],
[-9999, -9999, -9999, -9999, 50, -9999, -9999, -9999, 82, -9999, -9999, -9999, -9999, -9999, -9999, -9999, -9999, -9999, -9999, -9999, -9999, -9999, -9999, -9999, -9999, -9999, -9999, -9999, -9999, -9999, 56, 17, -9999, -9999, -9999, -9999, -9999, -9999, -9999, -9999, -9999, -9999, -9999, -9999, -9999, -9999, -9999, -9999, -9999, 4, 66, 40, -9999, -9999, -9999, -9999, -9999, -9999, -9999, 84, -9999, -9999, 72, 86, -9999, -9999, -9999, 67, -9999, 2, 7, -9999, -9999, -9999, -9999, -9999, -9999, -9999, 7, -9999, -9999, -9999, -9999, -9999, -9999, -9999, 58, 8, 8, -9999, -9999, 14, -9999, -9999, -9999, 57, 43, -9999, -9999, 41],
[-9999, -9999, -9999, -9999, 73, -9999, -9999, -9999, -9999, -9999, -9999, -9999, 62, 64, -9999, 70, -9999, -9999, -9999, 30, -9999, -9999, -9999, -9999, -9999, -9999, -9999, -9999, -9999, -9999, -9999, 33, 58, -9999, -9999, 51, -9999, -9999, -9999, -9999, -9999, -9999, -9999, -9999, -9999, -9999, -9999, -9999, -9999, 11, -9999, -9999, -9999, -9999, -9999, -9999, -9999, -9999, 78, 13, -9999, -9999, -9999, -9999, -9999, -9999, -9999, 32, -9999, 81, 76, 36, -9999, -9999, -9999, -9999, -9999, -9999, 6, -9999, -9999, -9999, -9999, -9999, -9999, -9999, 80, 76, -9999, -9999, -9999, 89, -9999, 58, -9999, -9999, 33, 37, -9999, -9999],
[-9999, 28, -9999, -9999, 82, 25, -9999, 60, -9999, 37, -9999, -9999, -9999, -9999, -9999, 98, 74, 40, -9999, -9999, -9999, -9999, -9999, -9999, -9999, 90, -9999, 3, -9999, -9999, -9999, 99, 33, -9999, -9999, -9999, -9999, 97, -9999, -9999, -9999, -9999, 36, -9999, -9999, 17, -9999, -9999, -9999, 27, -9999, -9999, -9999, -9999, 88, -9999, 86, -9999, 29, -9999, 37, 8, 16, -9999, -9999, 70, -9999, -9999, -9999, -9999, -9999, -9999, -9999, -9999, -9999, -9999, 70, 88, -9999, 27, -9999, -9999, -9999, -9999, -9999, -9999, 39, 78, 15, 31, -9999, -9999, 69, 97, 44, 6, 92, -9999, -9999, -9999],
[-9999, -9999, -9999, -9999, -9999, -9999, -9999, -9999, -9999, -9999, -9999, -9999, 34, -9999, -9999, 28, -9999, -9999, -9999, 94, -9999, -9999, -9999, -9999, -9999, -9999, -9999, -9999, -9999, -9999, -9999, -9999, -9999, -9999, -9999, -9999, -9999, -9999, -9999, -9999, -9999, -9999, -9999, -9999, -9999, -9999, -9999, -9999, -9999, -9999, -9999, 35, -9999, -9999, -9999, -9999, -9999, -9999, -9999, -9999, -9999, -9999, 22, -9999, -9999, -9999, -9999, 58, -9999, -9999, 67, 76, -9999, -9999, -9999, -9999, 72, -9999, -9999, -9999, -9999, -9999, -9999, -9999, -9999, -9999, -9999, 78, 16, -9999, -9999, 84, -9999, 48, -9999, -9999, 3, -9999, -9999, -9999],
[-9999, -9999, -9999, -9999, -9999, -9999, -9999, -9999, -9999, -9999, -9999, -9999, -9999, -9999, 50, -9999, -9999, 9, -9999, -9999, -9999, -9999, -9999, -9999, -9999, 45, -9999, -9999, -9999, -9999, -9999, -9999, -9999, -9999, -9999, -9999, -9999, -9999, -9999, -9999, -9999, -9999, -9999, -9999, -9999, -9999, -9999, -9999, -9999, -9999, -9999, -9999, -9999, -9999, -9999, -9999, -9999, -9999, -9999, -9999, -9999, -9999, 36, -9999, -9999, -9999, -9999, -9999, -9999, -9999, -9999, -9999, 86, -9999, -9999, -9999, -9999, -9999, -9999, -9999, -9999, -9999, -9999, -9999, -9999, -9999, -9999, -9999, -9999, -9999, -9999, -9999, -9999, -9999, -9999, -9999, -9999, -9999, -9999, -9999],
[96, -9999, -9999, -9999, -9999, -9999, -9999, -9999, 80, -9999, -9999, -9999, 47, -9999, -9999, 81, -9999, -9999, -9999, -9999, -9999, -9999, -9999, -9999, -9999, -9999, -9999, -9999, -9999, -9999, -9999, 65, 25, -9999, -9999, 48, -9999, -9999, -9999, -9999, -9999, -9999, -9999, -9999, -9999, -9999, -9999, -9999, -9999, -9999, -9999, -9999, -9999, -9999, -9999, -9999, -9999, -9999, 67, -9999, -9999, -9999, 84, 68, -9999, -9999, -9999, -9999, -9999, -9999, 51, 53, -9999, -9999, -9999, -9999, 69, -9999, -9999, -9999, -9999, -9999, -9999, -9999, -9999, -9999, -9999, 4, -9999, -9999, -9999, -9999, 60, -9999, -9999, 92, 18, -9999, -9999, -9999],
[-9999, 10, -9999, -9999, 6, 95, 26, 15, 59, -9999, -9999, 38, 60, -9999, 50, 20, -9999, 76, 54, 75, -9999, -9999, -9999, -9999, 18, -9999, -9999, -9999, -9999, -9999, 3, 81, 100, 21, 4, -9999, -9999, 62, 20, -9999, 53, 82, -9999, 54, 3, -9999, -9999, -9999, -9999, 91, -9999, 34, -9999, 71, 91, -9999, 3, -9999, -9999, 92, -9999, -9999, 65, -9999, -9999, 90, -9999, -9999, 54, -9999, 88, 43, 91, -9999, 41, -9999, 54, 25, 77, 15, -9999, -9999, 2, -9999, -9999, -9999, 30, 50, -9999, -9999, 84, -9999, -9999, -9999, 20, 16, 24, -9999, -9999, -9999],
[33, -9999, -9999, -9999, 72, -9999, -9999, -9999, 99, -9999, -9999, -9999, -9999, -9999, -9999, 23, -9999, -9999, -9999, -9999, -9999, -9999, -9999, -9999, -9999, -9999, -9999, -9999, -9999, -9999, -9999, 63, -9999, -9999, -9999, 45, -9999, -9999, -9999, -9999, -9999, -9999, -9999, -9999, -9999, -9999, -9999, -9999, -9999, 40, 16, -9999, -9999, -9999, -9999, -9999, -9999, -9999, 93, 58, -9999, -9999, -9999, -9999, -9999, -9999, -9999, -9999, -9999, 59, 40, 78, -9999, -9999, -9999, -9999, -9999, -9999, 30, -9999, -9999, -9999, -9999, -9999, -9999, -9999, -9999, -9999, 50, -9999, -9999, 21, -9999, 91, -9999, 97, 47, -9999, -9999, -9999],
[-9999, 95, -9999, -9999, 56, -9999, 16, 82, 74, -9999, -9999, -9999, -9999, -9999, 83, 1, -9999, 71, -9999, 22, -9999, -9999, 6, -9999, -9999, -9999, -9999, -9999, -9999, -9999, 97, 9, 56, 59, -9999, 54, -9999, 24, 3, -9999, -9999, 22, 50, 3, -9999, 79, -9999, -9999, -9999, 18, 26, 44, -9999, -9999, 27, -9999, 32, -9999, 39, -9999, 41, -9999, 80, 43, 40, 4, -9999, -9999, 34, 54, 86, -9999, -9999, -9999, -9999, -9999, 36, 38, 3, 90, 85, -9999, 71, -9999, -9999, 74, 1, 1, -9999, 40, -9999, -9999, 14, -9999, 68, 32, -9999, -9999, 23, -9999],
[-9999, -9999, -9999, -9999, -9999, -9999, -9999, -9999, 92, -9999, -9999, -9999, -9999, -9999, -9999, 62, -9999, -9999, -9999, -9999, -9999, -9999, -9999, -9999, -9999, -9999, -9999, -9999, -9999, -9999, -9999, 67, -9999, -9999, -9999, -9999, -9999, -9999, -9999, -9999, -9999, -9999, -9999, -9999, -9999, -9999, -9999, -9999, -9999, 37, 74, 59, -9999, -9999, -9999, -9999, -9999, -9999, 24, 27, -9999, -9999, 34, 3, -9999, -9999, -9999, 50, -9999, 44, 35, -9999, -9999, -9999, -9999, -9999, 14, -9999, 83, -9999, -9999, -9999, -9999, -9999, -9999, -9999, -9999, -9999, -9999, -9999, -9999, 79, -9999, 66, -9999, -9999, -9999, -9999, -9999, -9999],
[57, -9999, 35, 91, -9999, 86, -9999, 96, 61, -9999, -9999, -9999, 53, -9999, 12, -9999, -9999, 47, -9999, -9999, -9999, -9999, 52, -9999, 100, 47, 48, -9999, -9999, -9999, -9999, 66, 76, 59, 92, 10, 12, -9999, 10, -9999, 53, 69, 38, 80, -9999, -9999, -9999, -9999, -9999, 74, -9999, 42, -9999, 42, -9999, -9999, 45, -9999, 10, -9999, -9999, -9999, -9999, -9999, -9999, -9999, -9999, 14, -9999, 38, -9999, -9999, -9999, -9999, -9999, -9999, 3, 37, 47, 9, 39, -9999, -9999, -9999, -9999, 58, 69, 67, -9999, 92, -9999, -9999, 65, 81, 86, 3, 63, -9999, 2, -9999],
[94, -9999, -9999, -9999, -9999, -9999, -9999, -9999, -9999, -9999, -9999, -9999, 46, -9999, -9999, 45, -9999, -9999, -9999, -9999, -9999, -9999, -9999, -9999, -9999, -9999, -9999, -9999, -9999, -9999, -9999, 38, -9999, -9999, -9999, -9999, -9999, -9999, -9999, -9999, -9999, -9999, -9999, -9999, -9999, -9999, -9999, -9999, -9999, 2, -9999, 31, -9999, -9999, -9999, -9999, -9999, -9999, -9999, 78, -9999, -9999, -9999, 28, -9999, -9999, -9999, -9999, -9999, 87, 92, 22, -9999, -9999, -9999, -9999, 36, -9999, -9999, -9999, -9999, -9999, -9999, -9999, -9999, -9999, -9999, -9999, -9999, -9999, -9999, -9999, 23, -9999, -9999, 37, -9999, -9999, -9999, -9999],
[21, -9999, -9999, -9999, 78, -9999, -9999, -9999, 8, -9999, -9999, -9999, -9999, -9999, -9999, 10, -9999, -9999, -9999, -9999, -9999, -9999, -9999, -9999, -9999, -9999, -9999, -9999, -9999, -9999, 94, 78, -9999, -9999, -9999, -9999, -9999, -9999, -9999, -9999, -9999, -9999, -9999, -9999, -9999, -9999, -9999, -9999, -9999, -9999, -9999, -9999, -9999, -9999, -9999, -9999, -9999, -9999, 65, -9999, -9999, -9999, 99, 7, -9999, -9999, -9999, -9999, -9999, 10, 10, -9999, -9999, -9999, -9999, -9999, 69, -9999, 38, -9999, -9999, -9999, -9999, -9999, -9999, -9999, 54, 91, -9999, -9999, -9999, 20, -9999, 1, -9999, -9999, 23, 84, -9999, -9999],
[-9999, -9999, -9999, -9999, -9999, -9999, -9999, -9999, -9999, 75, 37, -9999, -9999, -9999, 88, -9999, -9999, -9999, -9999, -9999, -9999, -9999, -9999, -9999, -9999, 90, -9999, -9999, -9999, -9999, -9999, -9999, -9999, -9999, -9999, -9999, -9999, -9999, -9999, 36, -9999, -9999, -9999, -9999, -9999, -9999, -9999, -9999, -9999, -9999, -9999, -9999, -9999, -9999, -9999, -9999, -9999, -9999, -9999, -9999, -9999, -9999, -9999, -9999, -9999, -9999, -9999, -9999, -9999, -9999, -9999, -9999, 25, -9999, -9999, -9999, -9999, -9999, -9999, -9999, -9999, -9999, -9999, 75, -9999, -9999, -9999, -9999, -9999, -9999, -9999, -9999, -9999, -9999, -9999, -9999, -9999, -9999, -9999, -9999],
[33, -9999, -9999, 70, -9999, -9999, -9999, 62, -9999, -9999, -9999, -9999, 58, -9999, -9999, 41, -9999, 23, -9999, 88, -9999, -9999, 97, -9999, 37, -9999, 74, -9999, -9999, -9999, 11, -9999, 8, 55, -9999, 73, 84, 56, 93, 65, 55, 48, 98, -9999, -9999, 81, -9999, -9999, -9999, -9999, 64, 60, -9999, -9999, -9999, -9999, 88, -9999, -9999, -9999, 80, -9999, 86, 13, -9999, -9999, -9999, 17, 30, 47, -9999, 84, -9999, -9999, -9999, -9999, -9999, 93, -9999, 94, -9999, -9999, -9999, -9999, -9999, -9999, 79, 54, -9999, 69, 89, 91, -9999, -9999, 53, -9999, -9999, -9999, 47, -9999],
[94, -9999, -9999, -9999, -9999, -9999, -9999, -9999, 64, -9999, -9999, -9999, -9999, -9999, -9999, -9999, -9999, -9999, -9999, -9999, -9999, -9999, -9999, -9999, -9999, -9999, -9999, -9999, -9999, -9999, 28, 65, 31, -9999, -9999, 13, -9999, -9999, -9999, -9999, -9999, -9999, -9999, -9999, -9999, -9999, -9999, -9999, -9999, -9999, -9999, 39, -9999, -9999, -9999, -9999, -9999, -9999, 47, -9999, -9999, -9999, -9999, 72, 42, -9999, -9999, -9999, -9999, -9999, 81, -9999, -9999, -9999, -9999, -9999, 23, -9999, -9999, -9999, -9999, -9999, -9999, -9999, -9999, -9999, 59, -9999, 52, -9999, -9999, 27, 51, -9999, -9999, -9999, -9999, -9999, -9999, -9999],
[76, -9999, -9999, -9999, -9999, -9999, -9999, -9999, 8, -9999, -9999, -9999, -9999, -9999, -9999, 83, -9999, -9999, -9999, -9999, -9999, -9999, -9999, -9999, -9999, -9999, -9999, -9999, -9999, -9999, 3, 98, -9999, -9999, -9999, -9999, -9999, -9999, -9999, -9999, -9999, -9999, -9999, -9999, -9999, -9999, -9999, -9999, -9999, -9999, 64, 85, -9999, -9999, -9999, -9999, -9999, -9999, 73, -9999, -9999, -9999, -9999, -9999, -9999, -9999, -9999, -9999, -9999, -9999, -9999, 72, -9999, -9999, -9999, -9999, 8, -9999, 17, -9999, -9999, -9999, -9999, -9999, -9999, -9999, 51, -9999, 46, -9999, -9999, -9999, -9999, -9999, -9999, 100, 66, -9999, -9999, -9999],
[74, -9999, -9999, -9999, -9999, -9999, 7, -9999, 66, -9999, -9999, -9999, 92, -9999, 92, -9999, -9999, 74, -9999, -9999, -9999, -9999, 20, -9999, -9999, 92, -9999, 98, -9999, -9999, 7, -9999, -9999, -9999, -9999, -9999, -9999, -9999, 80, 64, -9999, -9999, -9999, -9999, -9999, 29, -9999, -9999, -9999, -9999, -9999, 7, -9999, -9999, 37, -9999, 89, -9999, 66, -9999, 16, -9999, 3, -9999, -9999, 54, -9999, -9999, -9999, 33, 43, -9999, 74, -9999, -9999, -9999, -9999, 40, 36, 18, -9999, -9999, 62, -9999, -9999, 31, -9999, 80, -9999, -9999, -9999, 38, 71, 83, 39, 87, 21, -9999, 71, -9999],
[79, 15, -9999, 93, 21, 18, 79, -9999, -9999, -9999, -9999, 80, 20, -9999, 43, 75, -9999, 31, 78, 23, 68, -9999, 16, -9999, 10, 86, 35, 66, 21, 18, 60, -9999, -9999, 48, -9999, -9999, -9999, -9999, 19, -9999, 82, 75, 46, -9999, -9999, 72, 43, -9999, 18, 92, 12, 100, -9999, 80, 56, -9999, 92, 82, 4, 12, -9999, -9999, -9999, -9999, -9999, -9999, 82, -9999, 49, 62, -9999, 66, 38, -9999, -9999, 96, 88, 12, 41, 84, -9999, -9999, -9999, 66, 89, 55, 61, -9999, 9, -9999, -9999, -9999, -9999, -9999, 33, -9999, -9999, -9999, -9999, 43],
[8, -9999, -9999, -9999, 6, 51, 39, -9999, -9999, -9999, -9999, -9999, 90, 29, -9999, -9999, -9999, -9999, -9999, -9999, -9999, -9999, 13, -9999, 19, -9999, 47, -9999, -9999, -9999, -9999, 72, 17, -9999, 35, 35, 71, -9999, 19, 87, 76, -9999, 57, -9999, -9999, -9999, -9999, -9999, -9999, 51, 38, 95, -9999, -9999, 95, -9999, 55, -9999, -9999, 49, 68, -9999, -9999, -9999, -9999, 53, -9999, 35, 48, 6, 100, 45, 38, -9999, 88, -9999, 36, 73, 87, 48, 24, -9999, 43, -9999, -9999, -9999, -9999, -9999, -9999, 45, -9999, 73, 60, 67, 75, -9999, 1, -9999, -9999, -9999],
[48, -9999, -9999, -9999, -9999, -9999, -9999, -9999, -9999, -9999, -9999, -9999, 89, -9999, -9999, -9999, -9999, -9999, -9999, -9999, -9999, -9999, -9999, -9999, -9999, -9999, -9999, -9999, -9999, -9999, 70, 84, 73, -9999, -9999, 16, -9999, -9999, -9999, -9999, -9999, -9999, -9999, -9999, -9999, -9999, -9999, -9999, -9999, -9999, -9999, 23, -9999, -9999, -9999, -9999, -9999, -9999, 6, -9999, -9999, -9999, -9999, 40, -9999, -9999, -9999, 9, -9999, 80, 76, -9999, -9999, -9999, -9999, -9999, 38, -9999, -9999, -9999, -9999, -9999, -9999, -9999, -9999, -9999, 16, 22, -9999, -9999, -9999, -9999, -9999, 100, -9999, 34, -9999, -9999, -9999, -9999],
[38, -9999, -9999, -9999, 74, -9999, -9999, -9999, 5, -9999, -9999, -9999, 51, -9999, -9999, 68, -9999, -9999, -9999, -9999, -9999, -9999, -9999, -9999, -9999, -9999, -9999, -9999, -9999, -9999, -9999, -9999, -9999, -9999, -9999, -9999, -9999, -9999, -9999, -9999, -9999, -9999, -9999, -9999, -9999, -9999, -9999, -9999, -9999, 29, -9999, 2, -9999, -9999, -9999, -9999, -9999, -9999, -9999, -9999, -9999, -9999, -9999, -9999, -9999, -9999, -9999, 97, -9999, -9999, -9999, -9999, -9999, -9999, -9999, -9999, 28, -9999, -9999, -9999, -9999, -9999, -9999, -9999, -9999, -9999, -9999, -9999, 75, -9999, -9999, 66, 22, 60, -9999, 6, 31, -9999, -9999, -9999],
[-9999, -9999, -9999, -9999, -9999, -9999, -9999, -9999, -9999, 53, -9999, -9999, -9999, -9999, 73, -9999, -9999, -9999, -9999, -9999, -9999, -9999, -9999, -9999, -9999, -9999, -9999, -9999, -9999, -9999, -9999, -9999, -9999, -9999, -9999, -9999, -9999, -9999, -9999, 27, -9999, -9999, -9999, -9999, -9999, -9999, -9999, -9999, -9999, -9999, -9999, -9999, -9999, -9999, -9999, -9999, -9999, -9999, -9999, -9999, -9999, -9999, 89, -9999, -9999, 12, -9999, -9999, -9999, -9999, -9999, -9999, 76, -9999, -9999, -9999, -9999, -9999, -9999, -9999, -9999, -9999, -9999, -9999, -9999, -9999, -9999, -9999, -9999, -9999, -9999, -9999, -9999, -9999, -9999, -9999, -9999, -9999, -9999, -9999],
[-9999, 62, -9999, -9999, 78, -9999, -9999, 76, 75, -9999, -9999, -9999, 21, -9999, 62, 3, -9999, -9999, -9999, 52, -9999, -9999, -9999, -9999, 89, 26, -9999, 9, -9999, -9999, 61, -9999, 99, 17, 87, 78, 20, -9999, 70, 2, -9999, -9999, -9999, -9999, -9999, 71, -9999, -9999, -9999, 97, -9999, -9999, -9999, 3, 27, -9999, 56, -9999, -9999, 92, -9999, -9999, -9999, 35, -9999, 27, -9999, -9999, 8, 5, 58, -9999, -9999, -9999, -9999, -9999, -9999, 91, -9999, 38, -9999, -9999, 71, -9999, -9999, -9999, -9999, 28, 1, 100, 90, -9999, 16, 19, 87, 40, -9999, -9999, -9999, -9999],
[-9999, -9999, -9999, -9999, 33, -9999, -9999, -9999, 25, -9999, -9999, -9999, -9999, -9999, -9999, 70, -9999, -9999, -9999, -9999, -9999, -9999, -9999, -9999, -9999, -9999, -9999, -9999, -9999, -9999, 100, 73, 43, -9999, -9999, -9999, -9999, -9999, -9999, -9999, -9999, -9999, -9999, -9999, -9999, -9999, -9999, -9999, -9999, -9999, 51, -9999, -9999, -9999, -9999, -9999, -9999, -9999, 92, 18, -9999, -9999, -9999, -9999, -9999, -9999, -9999, -9999, -9999, -9999, -9999, -9999, -9999, -9999, -9999, -9999, -9999, -9999, -9999, -9999, -9999, -9999, -9999, -9999, -9999, -9999, 4, 80, 79, -9999, -9999, 19, -9999, 10, -9999, -9999, 9, -9999, -9999, -9999],
[4, -9999, -9999, -9999, 62, -9999, -9999, -9999, 99, -9999, -9999, -9999, 46, -9999, -9999, -9999, -9999, -9999, -9999, -9999, -9999, -9999, -9999, -9999, -9999, -9999, -9999, -9999, -9999, -9999, 86, 66, -9999, -9999, -9999, -9999, -9999, -9999, -9999, -9999, -9999, -9999, -9999, -9999, -9999, -9999, -9999, -9999, -9999, 47, 71, -9999, -9999, -9999, -9999, -9999, -9999, -9999, 20, 80, -9999, -9999, 7, -9999, 12, -9999, -9999, -9999, -9999, -9999, -9999, 98, -9999, -9999, -9999, -9999, 88, -9999, -9999, -9999, -9999, -9999, -9999, -9999, -9999, -9999, 41, 83, 90, -9999, -9999, 39, 89, 71, -9999, -9999, 30, -9999, -9999, -9999],
[48, -9999, -9999, -9999, 81, -9999, -9999, -9999, -9999, -9999, -9999, -9999, -9999, -9999, -9999, 34, -9999, -9999, -9999, -9999, -9999, -9999, -9999, -9999, -9999, -9999, -9999, -9999, -9999, -9999, 71, -9999, -9999, -9999, -9999, -9999, -9999, -9999, -9999, -9999, -9999, -9999, -9999, -9999, -9999, -9999, 55, -9999, -9999, 26, 52, 49, -9999, -9999, -9999, -9999, -9999, -9999, -9999, -9999, -9999, -9999, 22, 56, 24, -9999, 8, 59, -9999, -9999, -9999, 11, -9999, -9999, -9999, -9999, 43, -9999, -9999, -9999, -9999, -9999, -9999, -9999, -9999, -9999, 14, -9999, 96, -9999, -9999, -9999, -9999, 73, -9999, -9999, 62, -9999, -9999, -9999],
[-9999, -9999, -9999, 74, -9999, -9999, 83, -9999, -9999, -9999, -9999, 76, 25, -9999, -9999, -9999, 94, 19, -9999, 62, -9999, -9999, 75, -9999, 66, 85, -9999, -9999, -9999, -9999, 39, 33, 81, 74, -9999, 70, 77, 59, -9999, -9999, 64, 37, 79, 45, -9999, -9999, -9999, -9999, -9999, 56, 23, 57, -9999, 40, -9999, -9999, 90, -9999, -9999, 68, 100, -9999, 16, -9999, -9999, 12, -9999, 80, 100, 96, -9999, -9999, 46, -9999, -9999, -9999, -9999, 70, 92, 82, -9999, -9999, 84, -9999, -9999, 92, 68, -9999, -9999, 12, -9999, 38, 19, 58, 56, -9999, 89, -9999, -9999, -9999],
[-9999, -9999, -9999, -9999, -9999, -9999, -9999, -9999, 71, -9999, -9999, -9999, 71, -9999, -9999, -9999, -9999, -9999, -9999, 48, -9999, -9999, -9999, -9999, -9999, -9999, -9999, -9999, -9999, -9999, 96, 16, -9999, -9999, -9999, 8, -9999, -9999, -9999, -9999, -9999, -9999, -9999, -9999, -9999, -9999, -9999, -9999, -9999, -9999, -9999, 28, -9999, -9999, -9999, -9999, -9999, -9999, 13, 89, -9999, -9999, 98, 58, -9999, -9999, -9999, 43, -9999, 51, 76, -9999, -9999, 49, -9999, -9999, 63, -9999, -9999, -9999, -9999, -9999, -9999, -9999, -9999, -9999, -9999, -9999, 91, -9999, -9999, 34, 46, -9999, -9999, 20, 42, -9999, -9999, -9999],
[31, -9999, 87, -9999, -9999, -9999, 76, 26, 65, 28, -9999, -9999, 81, -9999, -9999, -9999, 96, 78, -9999, -9999, -9999, -9999, -9999, -9999, -9999, 70, -9999, -9999, 63, -9999, 40, -9999, -9999, 39, -9999, 49, 42, -9999, 60, 17, -9999, 18, 50, 51, -9999, 56, -9999, -9999, -9999, 62, 3, 71, -9999, 38, 75, -9999, 91, -9999, -9999, -9999, 56, -9999, 98, -9999, -9999, -9999, -9999, 18, 67, 48, 90, 8, -9999, -9999, -9999, 17, 19, 49, -9999, 97, -9999, -9999, 6, 72, 4, -9999, -9999, 61, 16, 10, -9999, -9999, 48, 9, 4, -9999, -9999, -9999, 51, -9999],
[-9999, 7, -9999, 82, 69, 62, 100, 50, 88, -9999, -9999, -9999, -9999, -9999, 88, 45, -9999, 54, -9999, 29, -9999, -9999, -9999, 9, 33, 41, -9999, -9999, -9999, -9999, 63, -9999, -9999, -9999, -9999, -9999, 22, -9999, -9999, 60, -9999, 87, 1, 59, -9999, 55, -9999, -9999, -9999, 19, -9999, 77, -9999, 26, 56, -9999, 4, -9999, 22, -9999, -9999, -9999, 97, 95, -9999, 42, -9999, 87, 85, 42, 68, -9999, 62, -9999, -9999, -9999, 7, 30, 27, 13, 87, -9999, 93, -9999, -9999, 58, 46, -9999, -9999, 44, -9999, -9999, 6, 13, 93, 83, 81, -9999, -9999, -9999],
[-9999, -9999, -9999, -9999, -9999, -9999, -9999, -9999, -9999, -9999, -9999, -9999, -9999, -9999, -9999, -9999, -9999, -9999, -9999, -9999, -9999, -9999, -9999, -9999, -9999, -9999, -9999, -9999, -9999, -9999, -9999, -9999, -9999, -9999, -9999, -9999, -9999, -9999, -9999, -9999, -9999, -9999, -9999, -9999, -9999, -9999, -9999, -9999, -9999, -9999, -9999, -9999, -9999, -9999, -9999, -9999, -9999, -9999, -9999, -9999, -9999, -9999, -9999, -9999, -9999, -9999, -9999, -9999, -9999, -9999, -9999, -9999, -9999, -9999, -9999, -9999, -9999, -9999, -9999, -9999, -9999, -9999, -9999, -9999, -9999, -9999, -9999, -9999, -9999, -9999, -9999, -9999, -9999, -9999, -9999, -9999, -9999, -9999, -9999, -9999],
[-9999, -9999, -9999, -9999, 62, -9999, -9999, -9999, -9999, -9999, -9999, -9999, 28, -9999, -9999, 5, -9999, -9999, -9999, 26, -9999, -9999, -9999, -9999, -9999, -9999, -9999, -9999, -9999, -9999, -9999, 30, -9999, -9999, -9999, 54, -9999, -9999, -9999, -9999, -9999, -9999, -9999, -9999, -9999, -9999, -9999, -9999, -9999, 12, 58, 71, -9999, -9999, -9999, -9999, -9999, -9999, -9999, -9999, -9999, -9999, -9999, -9999, -9999, -9999, -9999, 81, -9999, 9, 36, -9999, -9999, -9999, -9999, -9999, -9999, -9999, -9999, -9999, -9999, -9999, -9999, -9999, -9999, -9999, 42, -9999, -9999, -9999, -9999, 60, -9999, 29, -9999, 12, -9999, 36, -9999, -9999],
[93, 11, -9999, 98, -9999, 53, -9999, 55, 34, 32, -9999, -9999, 13, -9999, -9999, 6, -9999, 5, 67, 67, -9999, -9999, 3, -9999, -9999, -9999, 92, -9999, -9999, -9999, 10, 25, 70, 81, 18, -9999, 16, 40, 30, 38, -9999, 96, 33, 34, -9999, 25, -9999, -9999, -9999, 7, 46, -9999, -9999, 77, 66, -9999, 58, -9999, -9999, 21, -9999, 2, -9999, -9999, 2, -9999, -9999, -9999, 47, 80, -9999, 6, 94, -9999, -9999, -9999, 14, -9999, 100, 95, 60, -9999, 56, -9999, -9999, 57, 78, 74, 28, -9999, -9999, -9999, -9999, 31, 34, -9999, 53, -9999, 46, -9999],
[61, -9999, -9999, -9999, 70, -9999, -9999, -9999, 88, -9999, -9999, -9999, 1, -9999, -9999, 15, -9999, -9999, -9999, 7, -9999, -9999, -9999, -9999, -9999, -9999, -9999, -9999, -9999, -9999, 72, -9999, -9999, -9999, -9999, 53, -9999, -9999, -9999, -9999, -9999, -9999, -9999, -9999, -9999, -9999, -9999, -9999, -9999, -9999, 89, -9999, -9999, -9999, -9999, -9999, -9999, -9999, 26, 27, -9999, -9999, 60, 86, -9999, -9999, -9999, 97, -9999, -9999, 48, -9999, -9999, 12, -9999, -9999, 44, -9999, -9999, -9999, -9999, -9999, -9999, -9999, -9999, -9999, -9999, 14, -9999, -9999, -9999, 36, -9999, 76, -9999, -9999, 28, -9999, -9999, -9999],
[-9999, -9999, -9999, -9999, 58, 37, 14, 13, 88, -9999, -9999, 65, 78, -9999, 8, 6, 65, -9999, -9999, -9999, -9999, -9999, 96, -9999, -9999, 26, -9999, -9999, -9999, -9999, -9999, -9999, -9999, 66, 90, -9999, 26, -9999, -9999, -9999, -9999, -9999, 65, -9999, -9999, 100, -9999, -9999, -9999, 69, 59, -9999, -9999, -9999, 31, -9999, 41, -9999, -9999, 59, -9999, -9999, -9999, 67, 42, 53, -9999, 27, -9999, 84, 75, 44, 40, -9999, -9999, -9999, -9999, 30, -9999, -9999, -9999, -9999, 33, -9999, -9999, -9999, 61, 64, 99, 38, -9999, 57, 24, -9999, 52, 46, -9999, -9999, 33, -9999],
[-9999, -9999, -9999, -9999, -9999, -9999, -9999, -9999, -9999, -9999, -9999, -9999, -9999, -9999, -9999, -9999, -9999, 74, -9999, -9999, -9999, -9999, -9999, -9999, -9999, -9999, -9999, -9999, -9999, -9999, -9999, -9999, -9999, -9999, -9999, -9999, -9999, -9999, -9999, -9999, -9999, -9999, -9999, -9999, -9999, -9999, -9999, -9999, -9999, -9999, -9999, -9999, -9999, -9999, -9999, -9999, -9999, -9999, -9999, -9999, -9999, -9999, 96, -9999, -9999, 42, -9999, -9999, -9999, -9999, -9999, -9999, 71, -9999, -9999, -9999, -9999, -9999, -9999, -9999, -9999, -9999, -9999, -9999, -9999, -9999, -9999, -9999, -9999, -9999, -9999, -9999, -9999, -9999, -9999, -9999, -9999, -9999, -9999, -9999],
[-9999, 33, -9999, -9999, 93, -9999, -9999, 77, -9999, -9999, -9999, -9999, -9999, -9999, -9999, -9999, -9999, -9999, -9999, -9999, -9999, -9999, 54, -9999, 36, 82, -9999, 54, -9999, -9999, -9999, 56, 28, 39, 92, -9999, 98, 48, 97, -9999, 96, -9999, 83, -9999, -9999, -9999, -9999, -9999, -9999, 44, -9999, -9999, -9999, 43, 47, -9999, 100, -9999, 76, 36, -9999, -9999, -9999, -9999, -9999, -9999, -9999, -9999, -9999, 4, -9999, 86, 28, -9999, 69, -9999, 22, 72, 34, 33, -9999, -9999, -9999, -9999, -9999, -9999, -9999, -9999, -9999, -9999, -9999, -9999, 68, -9999, 71, 99, -9999, -9999, -9999, -9999],
[100, -9999, -9999, -9999, 54, -9999, -9999, -9999, 65, -9999, -9999, -9999, 11, -9999, -9999, -9999, -9999, -9999, -9999, 39, -9999, -9999, -9999, -9999, -9999, -9999, -9999, -9999, -9999, -9999, 65, -9999, 11, -9999, -9999, 82, -9999, -9999, -9999, -9999, -9999, -9999, -9999, -9999, -9999, -9999, -9999, -9999, -9999, 25, -9999, 74, -9999, -9999, -9999, -9999, -9999, -9999, -9999, -9999, -9999, -9999, -9999, 29, -9999, -9999, -9999, 24, -9999, -9999, 24, 91, -9999, -9999, -9999, -9999, -9999, -9999, 59, -9999, -9999, -9999, -9999, -9999, -9999, -9999, 39, 7, 19, -9999, -9999, 34, 30, 64, -9999, -9999, 31, 17, -9999, 60],
[-9999, -9999, -9999, -9999, 58, 48, 1, 14, -9999, -9999, -9999, -9999, 69, -9999, -9999, 45, -9999, 17, -9999, -9999, -9999, -9999, -9999, -9999, 54, -9999, 42, 71, -9999, -9999, -9999, 78, 23, 60, 64, 21, -9999, -9999, -9999, 42, 77, 88, 93, -9999, -9999, 2, -9999, -9999, -9999, 61, -9999, -9999, -9999, -9999, 84, -9999, 77, -9999, -9999, 98, 84, -9999, -9999, 97, -9999, 13, -9999, 45, 7, 27, -9999, -9999, -9999, -9999, -9999, -9999, -9999, 25, 17, 92, 95, -9999, 71, -9999, -9999, -9999, 89, 97, 47, 31, -9999, 67, -9999, 18, 75, 37, 64, -9999, -9999, -9999],
[-9999, -9999, -9999, -9999, -9999, -9999, -9999, -9999, -9999, -9999, -9999, -9999, -9999, -9999, 40, -9999, -9999, -9999, -9999, -9999, 34, -9999, -9999, -9999, -9999, 94, -9999, -9999, -9999, -9999, -9999, -9999, -9999, -9999, -9999, -9999, -9999, -9999, -9999, 78, -9999, -9999, -9999, -9999, -9999, -9999, -9999, -9999, -9999, -9999, -9999, -9999, -9999, -9999, -9999, -9999, -9999, -9999, -9999, -9999, -9999, -9999, 85, -9999, -9999, 89, -9999, -9999, -9999, -9999, -9999, -9999, -9999, -9999, -9999, 78, -9999, -9999, -9999, -9999, -9999, -9999, -9999, 89, -9999, -9999, -9999, -9999, -9999, -9999, -9999, -9999, -9999, -9999, -9999, -9999, -9999, -9999, -9999, -9999],
[80, -9999, -9999, -9999, -9999, -9999, -9999, -9999, -9999, -9999, -9999, -9999, 86, -9999, -9999, 24, -9999, -9999, -9999, -9999, -9999, 54, -9999, -9999, -9999, -9999, -9999, -9999, -9999, -9999, -9999, -9999, 96, -9999, -9999, -9999, -9999, -9999, -9999, -9999, -9999, -9999, -9999, -9999, -9999, -9999, 86, -9999, -9999, 12, -9999, 83, -9999, -9999, -9999, -9999, -9999, -9999, 38, -9999, -9999, -9999, 76, -9999, -9999, -9999, -9999, 13, -9999, 43, 79, 19, -9999, -9999, -9999, -9999, -9999, -9999, 37, -9999, -9999, -9999, -9999, -9999, -9999, -9999, 59, 66, -9999, -9999, -9999, 29, 48, 18, -9999, -9999, 96, -9999, -9999, 24],
[-9999, -9999, -9999, -9999, 84, -9999, -9999, -9999, -9999, -9999, -9999, -9999, 13, -9999, -9999, -9999, -9999, -9999, -9999, -9999, -9999, -9999, -9999, -9999, -9999, -9999, -9999, -9999, -9999, -9999, 13, -9999, -9999, -9999, -9999, -9999, -9999, -9999, -9999, -9999, -9999, -9999, -9999, -9999, -9999, -9999, -9999, -9999, -9999, -9999, 21, 8, -9999, -9999, -9999, -9999, -9999, -9999, -9999, -9999, -9999, -9999, 53, -9999, -9999, -9999, -9999, -9999, -9999, -9999, -9999, 75, -9999, -9999, -9999, -9999, 51, -9999, -9999, -9999, -9999, -9999, -9999, -9999, -9999, -9999, -9999, 27, 52, -9999, -9999, -9999, 80, -9999, -9999, 41, -9999, -9999, -9999, -9999],
[-9999, -9999, -9999, -9999, 31, -9999, -9999, -9999, 76, -9999, -9999, -9999, -9999, -9999, -9999, -9999, -9999, -9999, -9999, 24, -9999, -9999, -9999, -9999, -9999, -9999, -9999, -9999, -9999, -9999, 59, 46, -9999, -9999, -9999, 10, -9999, -9999, -9999, -9999, -9999, -9999, -9999, -9999, -9999, -9999, -9999, -9999, -9999, 63, 47, 97, -9999, -9999, -9999, -9999, -9999, -9999, -9999, 91, -9999, -9999, 42, -9999, -9999, -9999, -9999, 14, -9999, 40, -9999, -9999, -9999, -9999, -9999, -9999, -9999, -9999, 73, -9999, -9999, -9999, -9999, -9999, -9999, -9999, 75, -9999, 94, -9999, -9999, 77, 56, 11, -9999, -9999, 7, -9999, -9999, -9999],
[94, -9999, -9999, -9999, 42, -9999, -9999, -9999, -9999, -9999, -9999, -9999, 1, -9999, -9999, 9, -9999, -9999, -9999, -9999, -9999, -9999, -9999, -9999, -9999, -9999, -9999, -9999, -9999, -9999, 3, 88, 12, -9999, -9999, 63, -9999, -9999, -9999, -9999, -9999, -9999, -9999, -9999, -9999, -9999, 100, -9999, -9999, 71, 74, -9999, -9999, -9999, -9999, -9999, -9999, -9999, 98, 32, -9999, -9999, -9999, 97, -9999, -9999, 99, 97, -9999, 2, 74, -9999, -9999, 42, -9999, -9999, -9999, -9999, 5, -9999, -9999, -9999, -9999, -9999, -9999, -9999, -9999, -9999, -9999, -9999, -9999, 7, 48, 52, -9999, -9999, -9999, -9999, -9999, -9999],
[22, -9999, 9, -9999, 40, -9999, 30, 55, 19, -9999, -9999, 46, -9999, -9999, -9999, 56, -9999, -9999, -9999, -9999, -9999, -9999, -9999, -9999, 55, 80, 66, 16, -9999, -9999, -9999, -9999, 33, 12, -9999, -9999, 20, 34, -9999, 53, -9999, -9999, -9999, 64, -9999, 66, -9999, -9999, -9999, -9999, -9999, 80, -9999, -9999, -9999, -9999, 21, -9999, 5, -9999, 6, -9999, 24, 15, -9999, -9999, -9999, 26, 27, -9999, -9999, -9999, 11, -9999, -9999, -9999, -9999, 63, 60, 42, 3, -9999, 7, -9999, -9999, 97, -9999, 63, -9999, -9999, -9999, -9999, 68, -9999, 8, 94, 82, -9999, -9999, -9999],
[-9999, -9999, -9999, -9999, 9, -9999, -9999, -9999, 10, -9999, -9999, -9999, 17, -9999, -9999, -9999, -9999, -9999, -9999, 18, -9999, -9999, -9999, -9999, -9999, -9999, -9999, -9999, -9999, -9999, 32, 68, 18, -9999, -9999, -9999, -9999, -9999, -9999, -9999, -9999, -9999, -9999, -9999, -9999, -9999, -9999, -9999, -9999, -9999, 89, 70, -9999, -9999, -9999, -9999, -9999, -9999, 67, -9999, -9999, -9999, 44, 63, -9999, -9999, -9999, -9999, -9999, 47, 62, -9999, -9999, -9999, -9999, -9999, 2, -9999, -9999, -9999, -9999, -9999, -9999, -9999, -9999, -9999, 31, -9999, -9999, -9999, -9999, 30, 93, -9999, -9999, -9999, 48, -9999, -9999, -9999],
[92, 71, -9999, -9999, 89, -9999, 48, -9999, -9999, -9999, -9999, -9999, -9999, -9999, -9999, 65, 4, 50, -9999, 31, -9999, -9999, 3, -9999, 76, 60, -9999, -9999, -9999, -9999, 86, -9999, -9999, 74, -9999, 98, 18, -9999, 42, 82, -9999, 60, 14, 88, -9999, -9999, -9999, -9999, -9999, 52, 88, -9999, -9999, 27, 68, -9999, 46, -9999, 40, -9999, -9999, -9999, 20, 52, -9999, -9999, -9999, -9999, 80, 80, 84, 74, 21, -9999, -9999, -9999, -9999, 94, -9999, 78, 100, -9999, -9999, -9999, -9999, -9999, -9999, 84, -9999, 90, -9999, -9999, 73, 12, 57, 75, 97, -9999, 56, -9999],
[71, -9999, -9999, -9999, -9999, -9999, -9999, -9999, 4, -9999, -9999, -9999, -9999, -9999, -9999, 83, -9999, -9999, -9999, -9999, -9999, -9999, -9999, -9999, -9999, -9999, -9999, -9999, -9999, -9999, 98, -9999, -9999, -9999, -9999, 4, -9999, -9999, -9999, -9999, -9999, -9999, -9999, -9999, -9999, -9999, -9999, -9999, -9999, 75, 3, 68, -9999, -9999, -9999, -9999, -9999, -9999, -9999, -9999, -9999, -9999, 4, 29, -9999, -9999, -9999, -9999, -9999, 66, -9999, -9999, -9999, -9999, -9999, -9999, -9999, -9999, 35, -9999, -9999, -9999, -9999, -9999, -9999, -9999, -9999, 5, -9999, -9999, -9999, -9999, -9999, 32, -9999, -9999, -9999, 70, -9999, 32],
[-9999, -9999, -9999, -9999, -9999, -9999, -9999, -9999, -9999, 94, -9999, 29, -9999, -9999, 55, -9999, -9999, 75, -9999, -9999, -9999, -9999, -9999, -9999, -9999, -9999, -9999, -9999, -9999, -9999, -9999, -9999, -9999, -9999, -9999, -9999, -9999, 40, -9999, 27, -9999, -9999, -9999, -9999, -9999, -9999, -9999, -9999, -9999, -9999, -9999, -9999, -9999, -9999, -9999, -9999, -9999, -9999, -9999, -9999, -9999, -9999, 70, -9999, -9999, -9999, -9999, -9999, -9999, -9999, -9999, -9999, -9999, -9999, -9999, -9999, -9999, -9999, -9999, -9999, -9999, -9999, -9999, -9999, -9999, -9999, -9999, -9999, -9999, -9999, -9999, -9999, -9999, -9999, -9999, -9999, -9999, -9999, -9999, -9999],
[-9999, 81, -9999, -9999, -9999, 23, 92, 61, -9999, -9999, -9999, -9999, 82, -9999, -9999, 67, 32, -9999, -9999, 53, -9999, -9999, -9999, -9999, 85, -9999, 30, 49, -9999, -9999, 59, 81, -9999, 69, -9999, 1, 86, 28, 42, 60, 66, -9999, -9999, -9999, -9999, -9999, -9999, -9999, -9999, -9999, 15, 6, -9999, 30, -9999, -9999, 56, -9999, -9999, 75, 98, -9999, -9999, 27, 56, -9999, -9999, 73, -9999, 24, -9999, 52, -9999, 11, 75, -9999, 65, 53, -9999, 30, 54, -9999, 76, -9999, -9999, 9, -9999, -9999, -9999, 91, -9999, -9999, -9999, 83, -9999, 62, -9999, -9999, 35, -9999],
[88, 51, -9999, -9999, -9999, 51, -9999, -9999, -9999, -9999, 37, -9999, 97, -9999, 47, 52, 90, -9999, -9999, 26, 8, 51, -9999, -9999, 23, 86, -9999, 83, 8, 27, -9999, -9999, 76, -9999, 97, 33, -9999, 58, -9999, -9999, -9999, -9999, -9999, 49, -9999, -9999, -9999, -9999, 34, 55, 58, 32, -9999, -9999, 70, -9999, 85, 16, -9999, 95, -9999, -9999, -9999, 15, -9999, 88, 98, -9999, -9999, -9999, 15, 68, 45, 91, -9999, -9999, -9999, 86, -9999, 87, 15, 70, -9999, 26, 6, 15, 49, 60, 42, -9999, -9999, 77, 76, -9999, 78, -9999, 58, -9999, 54, 4],
[18, -9999, -9999, -9999, 2, -9999, -9999, -9999, -9999, -9999, -9999, -9999, -9999, -9999, -9999, 8, -9999, -9999, -9999, 62, -9999, -9999, -9999, -9999, -9999, -9999, -9999, -9999, -9999, -9999, -9999, -9999, -9999, -9999, -9999, 16, -9999, -9999, -9999, -9999, -9999, -9999, -9999, -9999, -9999, -9999, -9999, -9999, -9999, 5, 26, 37, -9999, -9999, -9999, -9999, -9999, -9999, -9999, -9999, -9999, -9999, -9999, 28, -9999, -9999, -9999, -9999, -9999, -9999, -9999, -9999, -9999, -9999, -9999, -9999, 20, -9999, 5, -9999, -9999, -9999, -9999, -9999, -9999, -9999, -9999, -9999, 21, -9999, -9999, 22, -9999, 83, -9999, -9999, -9999, -9999, -9999, -9999],
[-9999, 67, -9999, -9999, -9999, 46, -9999, -9999, -9999, -9999, -9999, -9999, 26, -9999, -9999, -9999, 24, 55, -9999, 26, -9999, -9999, -9999, -9999, -9999, 82, -9999, 67, -9999, -9999, -9999, 16, -9999, 82, 73, 98, 86, 87, 88, 85, 79, -9999, 13, -9999, -9999, 3, -9999, -9999, -9999, 91, 16, -9999, -9999, 63, -9999, -9999, 6, -9999, -9999, -9999, 68, -9999, -9999, 74, -9999, 92, -9999, 28, 80, 73, -9999, -9999, 86, 29, -9999, -9999, -9999, 17, -9999, 45, 81, -9999, -9999, -9999, -9999, 33, -9999, -9999, 92, 31, -9999, -9999, 84, 29, 1, 66, -9999, -9999, -9999, -9999],
[16, -9999, -9999, -9999, 22, 71, 93, 37, -9999, 9, -9999, -9999, 2, -9999, 23, 17, -9999, 13, -9999, 26, -9999, -9999, 23, -9999, -9999, 78, 39, -9999, -9999, -9999, -9999, 1, 62, 48, 5, -9999, 71, -9999, 62, 74, 39, -9999, 93, 27, 65, 13, -9999, -9999, -9999, 35, -9999, 6, -9999, 20, -9999, -9999, 32, -9999, 76, -9999, -9999, -9999, 13, 27, -9999, 85, -9999, -9999, -9999, 11, -9999, 64, -9999, -9999, -9999, -9999, 55, 84, 51, 24, 79, -9999, -9999, -9999, -9999, 89, 19, -9999, 98, 38, -9999, 60, 89, -9999, 83, -9999, -9999, -9999, -9999, -9999],
[75, 43, -9999, -9999, -9999, -9999, 87, 3, -9999, 63, -9999, -9999, 89, -9999, -9999, -9999, 84, -9999, -9999, 33, -9999, -9999, -9999, -9999, 38, 56, 2, -9999, -9999, -9999, 56, 62, 21, 56, -9999, 46, 72, -9999, 26, -9999, 87, 40, -9999, 18, -9999, 8, -9999, -9999, -9999, -9999, 57, 77, -9999, 4, -9999, -9999, 79, -9999, 74, 91, 45, -9999, 60, 43, -9999, -9999, -9999, 78, 56, -9999, 73, 9, -9999, -9999, -9999, -9999, -9999, 87, -9999, 39, 84, -9999, 29, -9999, -9999, 65, -9999, 55, 70, 74, -9999, -9999, 41, 25, 29, 97, 27, -9999, 36, -9999]
];
